% function evaluation | noise-free fitness - Fopt (4.078000000000e+001) | best noise-free fitness - Fopt | measured fitness | best measured fitness | x1 | x2...
1 +3.454477296e+001 +3.454477296e+001 +7.532477296e+001 +7.532477296e+001 +0.0000e+000 +0.0000e+000 +0.0000e+000 +0.0000e+000 +0.0000e+000
70 +3.385368134e+001 +3.385368134e+001 +7.463368134e+001 +7.463368134e+001 +1.9690e+000 +1.7209e+000 -7.1155e-002 +3.2329e+000 -8.5542e-002
81 +2.694520287e+001 +2.694520287e+001 +6.772520287e+001 +6.772520287e+001 +1.9613e+000 +1.7193e+000 +1.2387e-002 +3.2447e+000 -6.0161e-001
105 +2.087058518e+001 +2.087058518e+001 +6.165058518e+001 +6.165058518e+001 +1.9731e+000 +1.7182e+000 +4.0136e-001 +3.2133e+000 -6.8225e-001
152 +2.039242597e+001 +2.039242597e+001 +6.117242597e+001 +6.117242597e+001 +2.2909e+000 +1.6635e+000 +1.6696e-001 +3.1483e+000 -1.0153e+000
173 +1.870209349e+001 +1.870209349e+001 +5.948209349e+001 +5.948209349e+001 +1.9932e+000 +1.7052e+000 +4.3119e-001 +3.1527e+000 -1.4209e+000
174 +1.685534465e+001 +1.685534465e+001 +5.763534465e+001 +5.763534465e+001 +1.7700e+000 +1.7163e+000 +8.7134e-001 +3.1778e+000 -1.2237e+000
190 +1.527591682e+001 +1.527591682e+001 +5.605591682e+001 +5.605591682e+001 +1.9156e+000 +1.7171e+000 +8.1534e-001 +3.1616e+000 -1.3320e+000
206 +1.396651256e+001 +1.396651256e+001 +5.474651256e+001 +5.474651256e+001 +2.0874e+000 +1.7044e+000 +7.7928e-001 +3.1447e+000 -1.7060e+000
209 +1.060507547e+001 +1.060507547e+001 +5.138507547e+001 +5.138507547e+001 +2.1826e+000 +1.6960e+000 +1.2073e+000 +3.1324e+000 -1.5846e+000
249 +9.030924705e+000 +9.030924705e+000 +4.981092470e+001 +4.981092470e+001 +2.4690e+000 +1.7527e+000 +1.7085e+000 +3.1644e+000 -1.5424e+000
279 +7.674229245e+000 +7.674229245e+000 +4.845422924e+001 +4.845422924e+001 +2.4513e+000 +2.5399e+000 +1.2427e+000 +3.2228e+000 -1.7264e+000
303 +7.292433960e+000 +7.292433960e+000 +4.807243396e+001 +4.807243396e+001 +2.5501e+000 +2.3363e+000 +1.0717e+000 +3.3502e+000 -2.2296e+000
317 +6.924088134e+000 +6.924088134e+000 +4.770408813e+001 +4.770408813e+001 +2.2948e+000 +2.0738e+000 +8.6243e-001 +3.9008e+000 -2.0709e+000
344 +6.888056564e+000 +6.888056564e+000 +4.766805656e+001 +4.766805656e+001 +2.5567e+000 +2.0574e+000 +1.1478e+000 +3.3494e+000 -1.6843e+000
345 +4.020210030e+000 +4.020210030e+000 +4.480021003e+001 +4.480021003e+001 +2.7114e+000 +2.2431e+000 +9.5725e-001 +3.8465e+000 -1.7098e+000
380 +3.930142711e+000 +3.930142711e+000 +4.471014271e+001 +4.471014271e+001 +2.6761e+000 +2.2185e+000 +1.0457e+000 +4.0795e+000 -1.8389e+000
391 +3.783506484e+000 +3.783506484e+000 +4.456350648e+001 +4.456350648e+001 +2.7651e+000 +2.2254e+000 +1.0105e+000 +3.7667e+000 -1.8604e+000
406 +3.281701297e+000 +3.281701297e+000 +4.406170130e+001 +4.406170130e+001 +3.2872e+000 +2.1987e+000 +1.0090e+000 +4.4079e+000 -1.8050e+000
427 +2.921839326e+000 +2.921839326e+000 +4.370183933e+001 +4.370183933e+001 +2.9427e+000 +2.1627e+000 +1.0646e+000 +3.9619e+000 -1.8761e+000
437 +2.867220745e+000 +2.867220745e+000 +4.364722074e+001 +4.364722074e+001 +3.0449e+000 +2.1986e+000 +9.9468e-001 +3.8921e+000 -1.8578e+000
487 +2.771747946e+000 +2.771747946e+000 +4.355174795e+001 +4.355174795e+001 +3.2848e+000 +2.1311e+000 +9.7807e-001 +3.9299e+000 -1.9915e+000
501 +2.746725181e+000 +2.746725181e+000 +4.352672518e+001 +4.352672518e+001 +3.1970e+000 +2.2083e+000 +1.0140e+000 +3.9333e+000 -1.9551e+000
506 +2.680154775e+000 +2.680154775e+000 +4.346015477e+001 +4.346015477e+001 +3.1502e+000 +2.1566e+000 +1.0030e+000 +3.9584e+000 -1.9377e+000
588 +2.626506135e+000 +2.626506135e+000 +4.340650614e+001 +4.340650614e+001 +3.1429e+000 +2.0899e+000 +9.9429e-001 +4.0008e+000 -1.9572e+000
633 +2.545789790e+000 +2.545789790e+000 +4.332578979e+001 +4.332578979e+001 +3.1405e+000 +2.1073e+000 +9.6860e-001 +4.1972e+000 -1.9715e+000
704 +2.508057008e+000 +2.508057008e+000 +4.328805701e+001 +4.328805701e+001 +3.1985e+000 +2.1168e+000 +8.6519e-001 +4.2176e+000 -1.9750e+000
% function evaluation | noise-free fitness - Fopt (-1.600000000000e+000) | best noise-free fitness - Fopt | measured fitness | best measured fitness | x1 | x2...
1 +4.431357451e+001 +4.431357451e+001 +4.271357451e+001 +4.271357451e+001 +0.0000e+000 +0.0000e+000 +0.0000e+000 +0.0000e+000 +0.0000e+000
250 +3.942933700e+001 +3.942933700e+001 +3.782933700e+001 +3.782933700e+001 -3.5272e+000 -2.1118e+000 -5.3793e+000 +2.7138e+000 -2.7508e+000
307 +3.774863143e+001 +3.774863143e+001 +3.614863143e+001 +3.614863143e+001 -3.3892e+000 -1.9580e+000 -2.9714e+000 +3.1266e+000 -2.8133e+000
308 +3.642913911e+001 +3.642913911e+001 +3.482913911e+001 +3.482913911e+001 -3.4494e+000 -2.0044e+000 -3.0009e+000 +3.3493e+000 -2.5874e+000
334 +3.360324276e+001 +3.360324276e+001 +3.200324276e+001 +3.200324276e+001 -2.6556e+000 -1.8508e+000 -3.3015e+000 +3.5100e+000 -2.8890e+000
338 +2.941279657e+001 +2.941279657e+001 +2.781279657e+001 +2.781279657e+001 +1.2612e+000 -2.0701e+000 -2.6754e+000 +3.3765e+000 -2.8484e+000
373 +1.781440981e+001 +1.781440981e+001 +1.621440981e+001 +1.621440981e+001 -2.1974e+000 -1.9658e+000 -4.8935e+000 +2.7472e+000 -2.6637e+000
395 +1.410276232e+001 +1.410276232e+001 +1.250276232e+001 +1.250276232e+001 -3.0204e-001 -2.4133e+000 -1.6299e+000 +2.9525e+000 -2.6227e+000
441 +7.876915580e+000 +7.876915580e+000 +6.276915580e+000 +6.276915580e+000 -1.8320e+000 -1.2417e+000 -5.6838e+000 +3.5649e+000 -1.7620e+000
565 +7.369073042e+000 +7.369073042e+000 +5.769073042e+000 +5.769073042e+000 -1.4324e+000 -1.5878e+000 -5.1105e+000 +3.2519e+000 -2.5120e+000
572 +6.173521650e+000 +6.173521650e+000 +4.573521650e+000 +4.573521650e+000 -9.4574e-002 -1.4347e+000 -5.0939e+000 +3.3512e+000 -2.6745e+000
577 +6.132247273e+000 +6.132247273e+000 +4.532247273e+000 +4.532247273e+000 -1.1117e+000 -1.4985e+000 -5.3359e+000 +3.3217e+000 -2.4134e+000
581 +5.919854068e+000 +5.919854068e+000 +4.319854068e+000 +4.319854068e+000 -1.3698e+000 -9.7418e-001 -5.5392e+000 +3.2669e+000 -2.3306e+000
599 +5.618768583e+000 +5.618768583e+000 +4.018768583e+000 +4.018768583e+000 -5.8544e-001 -1.5449e+000 -5.2106e+000 +3.4565e+000 -2.4331e+000
603 +5.306857944e+000 +5.306857944e+000 +3.706857944e+000 +3.706857944e+000 -5.1155e-001 -1.4516e+000 -5.1639e+000 +3.3539e+000 -2.5880e+000
662 +5.072243070e+000 +5.072243070e+000 +3.472243070e+000 +3.472243070e+000 -7.9793e-001 -1.3178e+000 -5.1728e+000 +3.3237e+000 -2.2309e+000
671 +3.410113049e+000 +3.410113049e+000 +1.810113049e+000 +1.810113049e+000 -6.5939e-001 -1.2161e+000 -5.2555e+000 +3.5133e+000 -2.5585e+000
687 +3.370227582e+000 +3.370227582e+000 +1.770227582e+000 +1.770227582e+000 -4.2516e-001 -1.1635e+000 -5.0590e+000 +3.5008e+000 -2.4454e+000
822 +3.189027994e+000 +3.189027994e+000 +1.589027994e+000 +1.589027994e+000 -6.9537e-001 -1.2372e+000 -5.1345e+000 +3.5672e+000 -2.6465e+000
829 +2.957341135e+000 +2.957341135e+000 +1.357341135e+000 +1.357341135e+000 -6.6861e-001 -1.1488e+000 -5.1267e+000 +3.7321e+000 -2.6663e+000
889 +2.172790974e+000 +2.172790974e+000 +5.727909739e-001 +5.727909739e-001 -6.8881e-001 -6.7591e-001 -5.1230e+000 +3.5481e+000 -2.6687e+000
939 +2.117863419e+000 +2.117863419e+000 +5.178634187e-001 +5.178634187e-001 -6.4864e-001 -8.5751e-001 -5.1416e+000 +3.6717e+000 -2.8427e+000
953 +2.029154159e+000 +2.029154159e+000 +4.291541586e-001 +4.291541586e-001 -7.9587e-001 -5.4725e-001 -5.1152e+000 +3.6200e+000 -2.8905e+000
1003 +1.974225288e+000 +1.974225288e+000 +3.742252883e-001 +3.742252883e-001 -7.0179e-001 -3.0474e-001 -5.1660e+000 +3.7635e+000 -3.1055e+000
1027 +1.860502438e+000 +1.860502438e+000 +2.605024384e-001 +2.605024384e-001 -7.3155e-001 -1.5281e-001 -5.0829e+000 +3.8470e+000 -3.2724e+000
1203 +1.794378609e+000 +1.794378609e+000 +1.943786093e-001 +1.943786093e-001 -7.1085e-001 -2.1825e-001 -5.0123e+000 +3.9044e+000 -3.1442e+000
1257 +1.766669651e+000 +1.766669651e+000 +1.666696511e-001 +1.666696511e-001 -7.1347e-001 -1.1164e-001 -5.0291e+000 +3.8897e+000 -3.1807e+000
1433 +1.707553109e+000 +1.707553109e+000 +1.075531087e-001 +1.075531087e-001 -6.4717e-001 -5.7712e-002 -4.9754e+000 +3.9629e+000 -3.2292e+000
1473 +1.692894541e+000 +1.692894541e+000 +9.289454135e-002 +9.289454135e-002 -6.2964e-001 -2.9607e-002 -4.9450e+000 +3.9369e+000 -3.2392e+000
1560 +1.658643171e+000 +1.658643171e+000 +5.864317144e-002 +5.864317144e-002 -5.7054e-001 -5.2936e-002 -4.9390e+000 +3.9212e+000 -3.2606e+000
1610 +1.610390019e+000 +1.610390019e+000 +1.039001867e-002 +1.039001867e-002 -4.2758e-001 -6.8779e-002 -4.9330e+000 +3.9343e+000 -3.3251e+000
1804 +1.583815697e+000 +1.583815697e+000 -1.618430301e-002 -1.618430301e-002 -4.1386e-001 -9.6451e-003 -4.9060e+000 +3.9722e+000 -3.3817e+000
% function evaluation | noise-free fitness - Fopt (-3.708400000000e+002) | best noise-free fitness - Fopt | measured fitness | best measured fitness | x1 | x2...
1 +6.618478373e+001 +6.618478373e+001 -3.046552163e+002 -3.046552163e+002 +0.0000e+000 +0.0000e+000 +0.0000e+000 +0.0000e+000 +0.0000e+000
131 +6.282055702e+001 +6.282055702e+001 -3.080194430e+002 -3.080194430e+002 -3.9286e-001 +2.3797e+000 +4.9470e+000 -2.2432e+000 -1.2870e-001
142 +6.006010839e+001 +6.006010839e+001 -3.107798916e+002 -3.107798916e+002 +1.3192e-001 +2.4471e+000 +2.0189e+000 -2.2641e+000 -3.1226e-002
160 +2.607376718e+001 +2.607376718e+001 -3.447662328e+002 -3.447662328e+002 -7.4763e-002 +2.4974e+000 -2.4240e+000 -2.3075e+000 +3.8843e-001
170 +2.369782471e+001 +2.369782471e+001 -3.471421753e+002 -3.471421753e+002 -5.5480e-002 +2.6032e+000 +4.7208e-001 -1.2231e+000 -9.3691e-002
231 +2.279940972e+001 +2.279940972e+001 -3.480405903e+002 -3.480405903e+002 -2.5486e-001 +3.1235e+000 +1.1410e+000 -1.4595e+000 -6.6726e-001
245 +2.187389215e+001 +2.187389215e+001 -3.489661078e+002 -3.489661078e+002 -1.0938e-001 +2.8230e+000 +1.1280e+000 -5.3861e-001 -1.6955e-001
331 +1.732234532e+001 +1.732234532e+001 -3.535176547e+002 -3.535176547e+002 -5.8547e-001 +3.1886e+000 +8.2648e-001 -7.1280e-001 -8.7331e-001
537 +1.511737586e+001 +1.511737586e+001 -3.557226241e+002 -3.557226241e+002 -5.2278e-001 +3.2310e+000 +5.9968e-001 -2.4296e-002 -1.4712e-001
574 +1.369422065e+001 +1.369422065e+001 -3.571457793e+002 -3.571457793e+002 -3.8764e-001 +3.5940e+000 +4.4184e-001 -2.3037e-002 -1.3212e+000
596 +1.164491613e+001 +1.164491613e+001 -3.591950839e+002 -3.591950839e+002 -4.5584e-001 +4.1072e+000 +9.8181e-001 +4.4086e-002 -9.7915e-001
603 +1.123417560e+001 +1.123417560e+001 -3.596058244e+002 -3.596058244e+002 -5.6552e-001 +3.7585e+000 +3.3923e-001 -5.4966e-002 -7.8684e-001
630 +1.025465076e+001 +1.025465076e+001 -3.605853492e+002 -3.605853492e+002 -4.5711e-001 +3.8863e+000 +5.8998e-001 -1.0519e-002 -5.5056e-001
631 +9.553594287e+000 +9.553594287e+000 -3.612864057e+002 -3.612864057e+002 -5.4053e-001 +4.6750e+000 +7.0242e-001 +8.8605e-002 -7.5817e-001
654 +9.514132131e+000 +9.514132131e+000 -3.613258679e+002 -3.613258679e+002 -3.8132e-001 +4.5617e+000 +7.8322e-001 +7.0030e-002 -2.5558e-001
662 +8.943477841e+000 +8.943477841e+000 -3.618965222e+002 -3.618965222e+002 -3.4395e-001 +4.3461e+000 +5.3219e-001 -8.1560e-002 -6.7309e-001
690 +8.753196387e+000 +8.753196387e+000 -3.620868036e+002 -3.620868036e+002 -3.7512e-001 +4.4718e+000 +6.6046e-001 -8.2224e-002 -7.0262e-001
691 +8.548631037e+000 +8.548631037e+000 -3.622913690e+002 -3.622913690e+002 -3.9122e-001 +4.7819e+000 +8.3706e-001 -1.9117e-001 -5.8017e-001
704 +8.438712658e+000 +8.438712658e+000 -3.624012873e+002 -3.624012873e+002 -2.2444e-001 +4.5891e+000 +6.4851e-001 -2.2174e-001 -6.2194e-001
755 +8.166286392e+000 +8.166286392e+000 -3.626737136e+002 -3.626737136e+002 -7.3235e-002 +4.8673e+000 +8.7917e-001 -3.3613e-001 -7.3940e-001
1120 +8.127673225e+000 +8.127673225e+000 -3.627123268e+002 -3.627123268e+002 -9.5723e-002 +4.8080e+000 +8.2650e-001 -3.9721e-001 -8.1660e-001
% function evaluation | noise-free fitness - Fopt (-3.256000000000e+001) | best noise-free fitness - Fopt | measured fitness | best measured fitness | x1 | x2...
1 +5.577473827e+001 +5.577473827e+001 +2.321473827e+001 +2.321473827e+001 +0.0000e+000 +0.0000e+000 +0.0000e+000 +0.0000e+000 +0.0000e+000
132 +5.350890719e+001 +5.350890719e+001 +2.094890719e+001 +2.094890719e+001 +2.5386e+000 -3.8234e+000 +1.7287e-001 -2.4352e+000 -3.3211e-001
152 +5.022772864e+001 +5.022772864e+001 +1.766772864e+001 +1.766772864e+001 +2.5385e+000 -3.7971e+000 +1.6206e-001 -2.3144e+000 -3.3187e-001
160 +4.133620669e+001 +4.133620669e+001 +8.776206691e+000 +8.776206691e+000 +2.4949e+000 -3.7058e+000 +1.4800e-001 -1.9887e+000 -3.3228e-001
173 +2.912757412e+001 +2.912757412e+001 -3.432425879e+000 -3.432425879e+000 +2.4272e+000 -4.0403e+000 +1.8147e-001 +1.7448e+000 -3.3484e-001
178 +1.804299917e+001 +1.804299917e+001 -1.451700083e+001 -1.451700083e+001 +2.7378e+000 -3.8115e+000 +1.6101e-001 -7.5416e-001 -3.3415e-001
192 +1.746912520e+001 +1.746912520e+001 -1.509087480e+001 -1.509087480e+001 +2.4001e+000 -3.7293e+000 +1.5942e-001 +4.0340e-001 -3.3334e-001
217 +1.418215108e+001 +1.418215108e+001 -1.837784892e+001 -1.837784892e+001 +2.7801e+000 -4.0708e+000 +1.6873e-001 +1.9951e-001 -3.1351e-001
237 +1.250461720e+001 +1.250461720e+001 -2.005538280e+001 -2.005538280e+001 +2.8129e+000 -3.7034e+000 +1.7460e-001 +4.9575e-001 -3.2053e-001
255 +9.451194822e+000 +9.451194822e+000 -2.310880518e+001 -2.310880518e+001 +3.4703e+000 -3.9469e+000 +1.6699e-001 +2.2388e-001 -3.3110e-001
269 +8.939972182e+000 +8.939972182e+000 -2.362002782e+001 -2.362002782e+001 +3.4267e+000 -3.5708e+000 +1.7270e-001 -1.5560e-001 -3.2500e-001
300 +8.591642935e+000 +8.591642935e+000 -2.396835706e+001 -2.396835706e+001 +3.4984e+000 -3.5540e+000 +1.6451e-001 +3.6061e-001 -3.5707e-001
326 +8.488608898e+000 +8.488608898e+000 -2.407139110e+001 -2.407139110e+001 +3.7686e+000 -3.6405e+000 +1.6611e-001 +3.2049e-001 -3.1081e-001
343 +8.250507838e+000 +8.250507838e+000 -2.430949216e+001 -2.430949216e+001 +3.7817e+000 -3.5456e+000 +1.9213e-001 +1.3514e-001 -3.2896e-001
432 +8.126543021e+000 +8.126543021e+000 -2.443345698e+001 -2.443345698e+001 +3.8569e+000 -3.4543e+000 +2.4301e-001 +2.9538e-001 -3.4278e-001
453 +7.936641133e+000 +7.936641133e+000 -2.462335887e+001 -2.462335887e+001 +3.9322e+000 -3.3974e+000 +3.5818e-001 +2.7560e-001 -3.2898e-001
572 +7.640213180e+000 +7.640213180e+000 -2.491978682e+001 -2.491978682e+001 +3.8379e+000 -3.3794e+000 +6.5526e-001 +3.1531e-001 -3.6611e-001
% function evaluation | noise-free fitness - Fopt (5.154000000000e+002) | best noise-free fitness - Fopt | measured fitness | best measured fitness | x1 | x2...
1 +2.019037433e+001 +2.019037433e+001 +5.355903743e+002 +5.355903743e+002 +0.0000e+000 +0.0000e+000 +0.0000e+000 +0.0000e+000 +0.0000e+000
142 +1.915999165e+001 +1.915999165e+001 +5.345599917e+002 +5.345599917e+002 -4.1665e+000 +3.2313e+000 +2.4699e+000 -9.8210e-001 +3.0775e+000
166 +1.816288643e+001 +1.816288643e+001 +5.335628864e+002 +5.335628864e+002 -4.2859e+000 +3.2535e+000 +2.3696e+000 -7.4828e-001 +3.0980e+000
204 +1.771318877e+001 +1.771318877e+001 +5.331131888e+002 +5.331131888e+002 -4.1493e+000 +3.3928e+000 +2.3687e+000 -6.7458e-001 +2.8533e+000
205 +1.704835295e+001 +1.704835295e+001 +5.324483530e+002 +5.324483530e+002 -4.2585e+000 +3.2261e+000 +2.2282e+000 -7.5406e-001 +2.9328e+000
254 +1.653422194e+001 +1.653422194e+001 +5.319342219e+002 +5.319342219e+002 -4.3568e+000 +3.1921e+000 +2.3150e+000 -6.3890e-001 +2.8081e+000
280 +1.621715995e+001 +1.621715995e+001 +5.316171599e+002 +5.316171599e+002 -4.4481e+000 +3.0743e+000 +2.1969e+000 -8.2106e-001 +2.7423e+000
360 +1.582291242e+001 +1.582291242e+001 +5.312229124e+002 +5.312229124e+002 -4.5147e+000 +2.9904e+000 +2.0733e+000 -6.3550e-001 +2.7183e+000
% function evaluation | noise-free fitness - Fopt (-1.000000000000e+003) | best noise-free fitness - Fopt | measured fitness | best measured fitness | x1 | x2...
1 +6.307126318e+001 +6.307126318e+001 -9.369287368e+002 -9.369287368e+002 +0.0000e+000 +0.0000e+000 +0.0000e+000 +0.0000e+000 +0.0000e+000
2 +1.325060376e+001 +1.325060376e+001 -9.867493962e+002 -9.867493962e+002 +2.3295e+000 +2.0210e+000 -4.9453e+000 -1.1862e+000 +3.2027e+000
3 +1.163659686e+001 +1.163659686e+001 -9.883634031e+002 -9.883634031e+002 +2.3323e+000 +2.0069e+000 -4.9268e+000 -1.1499e+000 +3.2033e+000
19 +1.053119706e+001 +1.053119706e+001 -9.894688029e+002 -9.894688029e+002 +2.2662e+000 +2.0099e+000 -4.9322e+000 -1.1189e+000 +3.2396e+000
36 +1.022901508e+001 +1.022901508e+001 -9.897709849e+002 -9.897709849e+002 +2.3198e+000 +2.0053e+000 -4.9289e+000 -1.0884e+000 +3.2252e+000
63 +9.868867939e+000 +9.868867939e+000 -9.901311321e+002 -9.901311321e+002 +2.3151e+000 +1.9809e+000 -4.9006e+000 -1.0963e+000 +3.2236e+000
78 +9.013597281e+000 +9.013597281e+000 -9.909864027e+002 -9.909864027e+002 +2.3215e+000 +1.9293e+000 -4.8564e+000 -9.9295e-001 +3.2303e+000
99 +8.902464499e+000 +8.902464499e+000 -9.910975355e+002 -9.910975355e+002 +2.3266e+000 +1.8441e+000 -4.9302e+000 -1.0525e+000 +3.2215e+000
121 +8.696361350e+000 +8.696361350e+000 -9.913036387e+002 -9.913036387e+002 +2.3283e+000 +1.8257e+000 -4.8807e+000 -1.0435e+000 +3.2545e+000
150 +8.436409332e+000 +8.436409332e+000 -9.915635907e+002 -9.915635907e+002 +2.2811e+000 +1.9266e+000 -4.6236e+000 -1.0306e+000 +3.2856e+000
178 +8.200823394e+000 +8.200823394e+000 -9.917991766e+002 -9.917991766e+002 +2.4585e+000 +1.8651e+000 -4.7465e+000 -9.8358e-001 +3.2312e+000
269 +8.101898419e+000 +8.101898419e+000 -9.918981016e+002 -9.918981016e+002 +2.3134e+000 +1.9001e+000 -4.3933e+000 -9.9864e-001 +3.2186e+000
292 +7.877147242e+000 +7.877147242e+000 -9.921228528e+002 -9.921228528e+002 +2.3074e+000 +2.0488e+000 -4.2949e+000 -9.0181e-001 +2.8492e+000
425 +7.743995773e+000 +7.743995773e+000 -9.922560042e+002 -9.922560042e+002 +2.4766e+000 +2.0052e+000 -4.3212e+000 -9.4104e-001 +3.1182e+000
491 +7.482774583e+000 +7.482774583e+000 -9.925172254e+002 -9.925172254e+002 +2.6000e+000 +1.9798e+000 -4.3414e+000 -8.5414e-001 +3.1607e+000
609 +7.360987218e+000 +7.360987218e+000 -9.926390128e+002 -9.926390128e+002 +2.8356e+000 +2.0915e+000 -4.2366e+000 -8.7282e-001 +3.3628e+000
677 +7.233938447e+000 +7.233938447e+000 -9.927660616e+002 -9.927660616e+002 +2.7954e+000 +2.0613e+000 -4.1731e+000 -8.7832e-001 +3.3955e+000
710 +6.936274549e+000 +6.936274549e+000 -9.930637255e+002 -9.930637255e+002 +3.1121e+000 +2.0236e+000 -4.3584e+000 -7.9654e-001 +3.5790e+000
834 +6.875635584e+000 +6.875635584e+000 -9.931243644e+002 -9.931243644e+002 +2.9739e+000 +2.0622e+000 -4.1766e+000 -7.8825e-001 +3.4647e+000
914 +6.589917172e+000 +6.589917172e+000 -9.934100828e+002 -9.934100828e+002 +3.2139e+000 +2.0701e+000 -4.1814e+000 -7.0952e-001 +3.5096e+000
1094 +6.434672614e+000 +6.434672614e+000 -9.935653274e+002 -9.935653274e+002 +3.3448e+000 +2.1437e+000 -4.1069e+000 -6.1599e-001 +3.5724e+000
1204 +6.299191379e+000 +6.299191379e+000 -9.937008086e+002 -9.937008086e+002 +3.3488e+000 +2.1249e+000 -3.9845e+000 -6.2719e-001 +3.5591e+000
1319 +6.162509375e+000 +6.162509375e+000 -9.938374906e+002 -9.938374906e+002 +3.4341e+000 +2.2131e+000 -3.8328e+000 -6.0363e-001 +3.6399e+000
1830 +6.004374724e+000 +6.004374724e+000 -9.939956253e+002 -9.939956253e+002 +3.5036e+000 +2.2565e+000 -3.8221e+000 -5.3079e-001 +3.5386e+000
2279 +5.887110983e+000 +5.887110983e+000 -9.941128890e+002 -9.941128890e+002 +3.7113e+000 +2.2853e+000 -3.7274e+000 -4.4137e-001 +3.5596e+000
% function evaluation | noise-free fitness - Fopt (9.190000000000e+001) | best noise-free fitness - Fopt | measured fitness | best measured fitness | x1 | x2...
1 +4.082584245e+001 +4.082584245e+001 +1.327258424e+002 +1.327258424e+002 +0.0000e+000 +0.0000e+000 +0.0000e+000 +0.0000e+000 +0.0000e+000
228 +3.085481044e+001 +3.085481044e+001 +1.227548104e+002 +1.227548104e+002 -4.1301e+000 -3.9962e-001 -2.8197e+000 +1.5787e+000 -4.5855e+000
236 +2.849539928e+001 +2.849539928e+001 +1.203953993e+002 +1.203953993e+002 -3.4099e+000 -1.4191e+000 -2.7928e+000 +1.6410e+000 -4.5860e+000
254 +2.777051363e+001 +2.777051363e+001 +1.196705136e+002 +1.196705136e+002 -3.8309e+000 -4.1241e-001 -2.8054e+000 +1.6508e+000 -4.5865e+000
270 +2.620494138e+001 +2.620494138e+001 +1.181049414e+002 +1.181049414e+002 -3.7458e+000 -4.6595e-001 -2.7910e+000 +1.7017e+000 -4.5898e+000
273 +2.353921458e+001 +2.353921458e+001 +1.154392146e+002 +1.154392146e+002 -3.6935e+000 -7.0530e-001 -2.8025e+000 +1.8154e+000 -4.5921e+000
293 +2.194277558e+001 +2.194277558e+001 +1.138427756e+002 +1.138427756e+002 -4.1117e+000 -7.9680e-001 -2.7958e+000 +1.6775e+000 -4.5860e+000
294 +2.062305389e+001 +2.062305389e+001 +1.125230539e+002 +1.125230539e+002 -3.8509e+000 -7.1087e-001 -2.8111e+000 +1.9225e+000 -4.5862e+000
332 +1.997662388e+001 +1.997662388e+001 +1.118766239e+002 +1.118766239e+002 -3.9008e+000 -1.0958e+000 -2.8509e+000 +2.0883e+000 -4.5771e+000
336 +1.995230580e+001 +1.995230580e+001 +1.118523058e+002 +1.118523058e+002 -4.1301e+000 -8.3459e-001 -2.8115e+000 +1.8301e+000 -4.5783e+000
369 +1.934300969e+001 +1.934300969e+001 +1.112430097e+002 +1.112430097e+002 -3.8713e+000 -9.1489e-001 -2.7806e+000 +2.2546e+000 -4.5837e+000
380 +1.625934348e+001 +1.625934348e+001 +1.081593435e+002 +1.081593435e+002 -4.3233e+000 -1.2048e+000 -2.9498e+000 +2.0375e+000 -4.4595e+000
407 +1.563459524e+001 +1.563459524e+001 +1.075345952e+002 +1.075345952e+002 -4.2705e+000 -1.1176e+000 -2.8210e+000 +1.8979e+000 -4.3758e+000
435 +1.462029300e+001 +1.462029300e+001 +1.065202930e+002 +1.065202930e+002 -3.9006e+000 -1.2281e+000 -3.0089e+000 +2.0866e+000 -4.4318e+000
480 +1.384686434e+001 +1.384686434e+001 +1.057468643e+002 +1.057468643e+002 -4.1042e+000 -1.2671e+000 -2.8800e+000 +2.0616e+000 -4.3139e+000
508 +1.369010630e+001 +1.369010630e+001 +1.055901063e+002 +1.055901063e+002 -4.0963e+000 -1.2325e+000 -2.9157e+000 +2.0257e+000 -4.3193e+000
512 +1.325502831e+001 +1.325502831e+001 +1.051550283e+002 +1.051550283e+002 -4.1482e+000 -1.2703e+000 -2.8093e+000 +2.0239e+000 -4.1582e+000
533 +1.307106411e+001 +1.307106411e+001 +1.049710641e+002 +1.049710641e+002 -4.0977e+000 -1.3119e+000 -2.9122e+000 +2.0349e+000 -4.2457e+000
537 +1.285916754e+001 +1.285916754e+001 +1.047591675e+002 +1.047591675e+002 -4.0075e+000 -1.2178e+000 -2.8537e+000 +2.0752e+000 -4.2407e+000
542 +1.222892851e+001 +1.222892851e+001 +1.041289285e+002 +1.041289285e+002 -3.8919e+000 -1.1739e+000 -2.8829e+000 +2.2112e+000 -4.1836e+000
594 +1.198912381e+001 +1.198912381e+001 +1.038891238e+002 +1.038891238e+002 -3.9391e+000 -1.2036e+000 -2.8466e+000 +2.0741e+000 -4.1472e+000
619 +1.171531275e+001 +1.171531275e+001 +1.036153128e+002 +1.036153128e+002 -3.8945e+000 -1.2095e+000 -2.9019e+000 +2.0299e+000 -4.1084e+000
652 +1.140987487e+001 +1.140987487e+001 +1.033098749e+002 +1.033098749e+002 -3.7561e+000 -1.2111e+000 -2.9016e+000 +2.0094e+000 -4.1566e+000
703 +1.090467091e+001 +1.090467091e+001 +1.028046709e+002 +1.028046709e+002 -3.7835e+000 -1.2692e+000 -2.8995e+000 +2.0392e+000 -4.0865e+000
722 +1.037945969e+001 +1.037945969e+001 +1.022794597e+002 +1.022794597e+002 -3.7024e+000 -1.2475e+000 -2.8826e+000 +2.0448e+000 -4.0043e+000
775 +1.009020192e+001 +1.009020192e+001 +1.019902019e+002 +1.019902019e+002 -3.6326e+000 -1.2711e+000 -2.8568e+000 +2.0540e+000 -3.9753e+000
819 +9.813137970e+000 +9.813137970e+000 +1.017131380e+002 +1.017131380e+002 -3.4305e+000 -1.2354e+000 -2.8535e+000 +2.0813e+000 -3.9465e+000
848 +9.754835914e+000 +9.754835914e+000 +1.016548359e+002 +1.016548359e+002 -3.5454e+000 -1.2505e+000 -2.8763e+000 +2.0145e+000 -3.9078e+000
879 +9.456376697e+000 +9.456376697e+000 +1.013563767e+002 +1.013563767e+002 -3.4207e+000 -1.2372e+000 -2.9053e+000 +2.0762e+000 -3.8882e+000
919 +9.098311872e+000 +9.098311872e+000 +1.009983119e+002 +1.009983119e+002 -3.2453e+000 -1.2082e+000 -2.9192e+000 +2.1171e+000 -3.7653e+000
1079 +8.896121391e+000 +8.896121391e+000 +1.007961214e+002 +1.007961214e+002 -3.1646e+000 -1.1544e+000 -2.8556e+000 +2.1390e+000 -3.7734e+000
1159 +8.658111091e+000 +8.658111091e+000 +1.005581111e+002 +1.005581111e+002 -2.7860e+000 -1.0222e+000 -2.8888e+000 +2.2178e+000 -3.5991e+000
1291 +8.413599427e+000 +8.413599427e+000 +1.003135994e+002 +1.003135994e+002 -2.8593e+000 -1.0660e+000 -2.8811e+000 +2.3179e+000 -3.6591e+000
1442 +8.291044629e+000 +8.291044629e+000 +1.001910446e+002 +1.001910446e+002 -2.7686e+000 -1.0377e+000 -2.7789e+000 +2.3309e+000 -3.5757e+000
1615 +7.236968451e+000 +7.236968451e+000 +9.913696845e+001 +9.913696845e+001 -2.7367e+000 -2.5961e+000 -2.5039e+000 +2.3883e+000 -3.5743e+000
% function evaluation | noise-free fitness - Fopt (-7.597000000000e+001) | best noise-free fitness - Fopt | measured fitness | best measured fitness | x1 | x2...
1 +6.713218106e+001 +6.713218106e+001 -8.837818940e+000 -8.837818940e+000 +0.0000e+000 +0.0000e+000 +0.0000e+000 +0.0000e+000 +0.0000e+000
52 +6.605185840e+001 +6.605185840e+001 -9.918141599e+000 -9.918141599e+000 -3.1387e+000 -7.5113e-002 +8.8967e-001 +1.9927e-001 +4.3255e+000
93 +6.430322919e+001 +6.430322919e+001 -1.166677081e+001 -1.166677081e+001 -3.2296e+000 -1.0679e-001 +1.1263e+000 +1.9361e-001 +4.0815e+000
129 +5.923943855e+001 +5.923943855e+001 -1.673056145e+001 -1.673056145e+001 -1.6307e+000 -1.5973e-001 +1.4508e+000 +1.8804e-001 +4.2529e+000
152 +5.570943528e+001 +5.570943528e+001 -2.026056472e+001 -2.026056472e+001 -3.1418e+000 -9.9981e-002 +1.5177e+000 -1.9191e-001 +4.7047e+000
180 +4.530187308e+001 +4.530187308e+001 -3.066812692e+001 -3.066812692e+001 -2.3751e+000 -2.1309e-001 +2.0754e+000 -5.6053e-002 +4.1972e+000
202 +3.929131089e+001 +3.929131089e+001 -3.667868911e+001 -3.667868911e+001 -2.6927e+000 -1.1281e-001 +2.8478e+000 -1.5995e+000 +4.4113e+000
205 +3.824780295e+001 +3.824780295e+001 -3.772219705e+001 -3.772219705e+001 -2.2394e+000 -1.5914e-001 +2.8597e+000 -7.7150e-002 +3.0351e+000
220 +3.129084880e+001 +3.129084880e+001 -4.467915120e+001 -4.467915120e+001 -2.8737e+000 -2.4688e-001 +3.4122e+000 -1.2725e-001 +3.9368e+000
281 +1.983157702e+001 +1.983157702e+001 -5.613842298e+001 -5.613842298e+001 -2.3515e+000 -8.7706e-001 +3.2743e+000 +3.7546e-001 +3.9729e+000
% function evaluation | noise-free fitness - Fopt (-1.699000000000e+001) | best noise-free fitness - Fopt | measured fitness | best measured fitness | x1 | x2...
1 +5.292290980e+001 +5.292290980e+001 +3.593290980e+001 +3.593290980e+001 +0.0000e+000 +0.0000e+000 +0.0000e+000 +0.0000e+000 +0.0000e+000
61 +4.754973228e+001 +4.754973228e+001 +3.055973228e+001 +3.055973228e+001 +1.7644e+000 -3.5694e+000 -1.9780e+000 +4.3502e+000 -3.1451e-002
89 +4.598979937e+001 +4.598979937e+001 +2.899979937e+001 +2.899979937e+001 +1.7671e+000 -3.6390e+000 -1.7575e+000 +4.5113e+000 -1.0409e-001
104 +4.490259318e+001 +4.490259318e+001 +2.791259318e+001 +2.791259318e+001 +1.8281e+000 -3.0604e+000 -2.4479e+000 +4.4557e+000 +1.7225e-001
107 +3.754999682e+001 +3.754999682e+001 +2.055999682e+001 +2.055999682e+001 +1.6915e+000 -3.5240e+000 -1.5012e+000 +4.5998e+000 +3.9720e-002
108 +3.406686834e+001 +3.406686834e+001 +1.707686834e+001 +1.707686834e+001 +1.5106e+000 -3.5455e+000 -1.4470e+000 +4.5695e+000 +1.0473e-001
138 +3.226538094e+001 +3.226538094e+001 +1.527538094e+001 +1.527538094e+001 +1.7153e+000 -3.3201e+000 -1.3472e+000 +4.5565e+000 -1.3048e-002
144 +2.923402206e+001 +2.923402206e+001 +1.224402206e+001 +1.224402206e+001 +1.2638e+000 -3.4102e+000 -1.6530e+000 +4.5988e+000 -5.7145e-003
152 +2.295811743e+001 +2.295811743e+001 +5.968117425e+000 +5.968117425e+000 +1.1110e+000 -2.4771e+000 -1.8680e+000 +6.0769e+000 +2.4006e-001
161 +2.276796854e+001 +2.276796854e+001 +5.777968535e+000 +5.777968535e+000 +1.3197e+000 -3.1585e+000 -1.3068e+000 +4.5581e+000 +2.4340e-001
189 +1.759385321e+001 +1.759385321e+001 +6.038532146e-001 +6.038532146e-001 +1.3517e+000 -2.8648e+000 -9.0170e-001 +5.1060e+000 +2.7190e-001
210 +1.466934571e+001 +1.466934571e+001 -2.320654292e+000 -2.320654292e+000 +1.2414e+000 -2.7784e+000 -9.3200e-001 +4.8153e+000 +1.6808e-001
229 +7.896084480e+000 +7.896084480e+000 -9.093915520e+000 -9.093915520e+000 +8.1593e-001 -2.4220e+000 -1.0626e+000 +4.9493e+000 +4.3707e-001
282 +4.274848422e+000 +4.274848422e+000 -1.271515158e+001 -1.271515158e+001 +5.5242e-001 -1.9729e+000 -1.3221e+000 +4.9140e+000 +3.3788e-001
293 +3.100210146e+000 +3.100210146e+000 -1.388978985e+001 -1.388978985e+001 +3.3277e-001 -2.0997e+000 -6.9393e-001 +4.8652e+000 +2.4113e-001
327 +2.000654058e+000 +2.000654058e+000 -1.498934594e+001 -1.498934594e+001 -1.6568e-001 -1.4346e+000 -8.8362e-001 +5.0273e+000 +5.4713e-001
378 +1.939759311e+000 +1.939759311e+000 -1.505024069e+001 -1.505024069e+001 +2.3890e-001 -1.4438e+000 -1.0278e+000 +4.8150e+000 +3.3468e-001
411 +1.691750188e+000 +1.691750188e+000 -1.529824981e+001 -1.529824981e+001 -3.1757e-002 -1.3023e+000 -7.4299e-001 +4.8335e+000 +2.8227e-001
462 +1.631096188e+000 +1.631096188e+000 -1.535890381e+001 -1.535890381e+001 +1.0358e-001 -1.2255e+000 -8.3312e-001 +4.7991e+000 +7.6773e-002
508 +1.621808869e+000 +1.621808869e+000 -1.536819113e+001 -1.536819113e+001 +2.3958e-002 -1.1264e+000 -8.9181e-001 +4.8748e+000 +1.8225e-001
631 +1.567840690e+000 +1.567840690e+000 -1.542215931e+001 -1.542215931e+001 -4.0033e-002 -1.2231e+000 -8.5231e-001 +4.8788e+000 +1.2283e-001
% function evaluation | noise-free fitness - Fopt (2.740000000000e+000) | best noise-free fitness - Fopt | measured fitness | best measured fitness | x1 | x2...
1 +6.291308264e+001 +6.291308264e+001 +6.565308264e+001 +6.565308264e+001 +0.0000e+000 +0.0000e+000 +0.0000e+000 +0.0000e+000 +0.0000e+000
209 +2.427873251e+001 +2.427873251e+001 +2.701873251e+001 +2.701873251e+001 -3.7838e+000 +3.2143e+000 -2.4286e-001 -4.2862e+000 +7.6485e-001
255 +1.453834542e+001 +1.453834542e+001 +1.727834542e+001 +1.727834542e+001 -3.7551e+000 +2.7699e+000 +5.5309e-001 -4.2687e+000 +7.7367e-001
329 +1.404672320e+001 +1.404672320e+001 +1.678672320e+001 +1.678672320e+001 -4.0054e+000 +2.4572e+000 +5.4834e-001 -4.2839e+000 +7.7054e-001
403 +1.378829942e+001 +1.378829942e+001 +1.652829942e+001 +1.652829942e+001 -3.9566e+000 +2.5905e+000 +6.8570e-001 -4.2738e+000 +7.6753e-001
483 +1.241676548e+001 +1.241676548e+001 +1.515676548e+001 +1.515676548e+001 -4.0189e+000 +2.8590e+000 +4.9977e-001 -4.1463e+000 +7.6912e-001
561 +1.214035715e+001 +1.214035715e+001 +1.488035715e+001 +1.488035715e+001 -4.0930e+000 +2.5534e+000 +5.8897e-001 -4.1304e+000 +7.6777e-001
605 +1.162777592e+001 +1.162777592e+001 +1.436777592e+001 +1.436777592e+001 -4.0455e+000 +2.6904e+000 +7.9015e-001 -4.0895e+000 +7.7008e-001
606 +1.046928218e+001 +1.046928218e+001 +1.320928218e+001 +1.320928218e+001 -4.0297e+000 +2.7781e+000 +8.7841e-001 -3.9710e+000 +7.6879e-001
648 +9.411597837e+000 +9.411597837e+000 +1.215159784e+001 +1.215159784e+001 -4.0785e+000 +2.6792e+000 +9.4441e-001 -3.8080e+000 +7.6938e-001
676 +9.159890027e+000 +9.159890027e+000 +1.189989003e+001 +1.189989003e+001 -3.9266e+000 +2.6211e+000 +1.1339e+000 -3.6444e+000 +7.5715e-001
700 +8.922713414e+000 +8.922713414e+000 +1.166271341e+001 +1.166271341e+001 -3.9972e+000 +2.9001e+000 +8.4539e-001 -3.7314e+000 +7.6544e-001
705 +8.797146427e+000 +8.797146427e+000 +1.153714643e+001 +1.153714643e+001 -3.9264e+000 +2.9110e+000 +1.0191e+000 -3.6939e+000 +7.6980e-001
707 +8.587183132e+000 +8.587183132e+000 +1.132718313e+001 +1.132718313e+001 -4.0874e+000 +2.8468e+000 +8.2401e-001 -3.6375e+000 +7.6938e-001
734 +8.407470021e+000 +8.407470021e+000 +1.114747002e+001 +1.114747002e+001 -4.0375e+000 +2.8972e+000 +8.6665e-001 -3.5297e+000 +7.6944e-001
736 +7.938890151e+000 +7.938890151e+000 +1.067889015e+001 +1.067889015e+001 -4.4008e+000 +3.0299e+000 +8.3662e-001 -3.4763e+000 +7.6597e-001
755 +7.621568324e+000 +7.621568324e+000 +1.036156832e+001 +1.036156832e+001 -4.5145e+000 +3.1378e+000 +8.5697e-001 -3.3138e+000 +7.7605e-001
818 +7.237379089e+000 +7.237379089e+000 +9.977379089e+000 +9.977379089e+000 -4.5950e+000 +2.9934e+000 +1.2783e+000 -2.8464e+000 +7.3057e-001
847 +6.894250731e+000 +6.894250731e+000 +9.634250731e+000 +9.634250731e+000 -4.2039e+000 +3.1288e+000 +1.2139e+000 -3.1546e+000 +7.4263e-001
929 +6.751883972e+000 +6.751883972e+000 +9.491883972e+000 +9.491883972e+000 -4.2846e+000 +3.2718e+000 +1.1128e+000 -3.1443e+000 +7.3636e-001
946 +6.524391694e+000 +6.524391694e+000 +9.264391694e+000 +9.264391694e+000 -4.3488e+000 +3.4469e+000 +1.1242e+000 -3.0659e+000 +7.1362e-001
962 +6.408264536e+000 +6.408264536e+000 +9.148264536e+000 +9.148264536e+000 -4.3978e+000 +3.3596e+000 +1.1569e+000 -3.0261e+000 +3.5728e-001
975 +6.226917730e+000 +6.226917730e+000 +8.966917730e+000 +8.966917730e+000 -4.3547e+000 +3.4463e+000 +1.1121e+000 -2.9852e+000 +6.4034e-001
1014 +5.987711445e+000 +5.987711445e+000 +8.727711445e+000 +8.727711445e+000 -4.3337e+000 +3.5976e+000 +1.1546e+000 -2.8269e+000 +5.9943e-001
1043 +5.796464926e+000 +5.796464926e+000 +8.536464926e+000 +8.536464926e+000 -4.3695e+000 +3.5450e+000 +1.1790e+000 -2.8835e+000 +5.5950e-001
1060 +5.464210274e+000 +5.464210274e+000 +8.204210274e+000 +8.204210274e+000 -4.4423e+000 +3.5633e+000 +1.4706e+000 -2.6528e+000 +5.5516e-001
1080 +5.231942071e+000 +5.231942071e+000 +7.971942071e+000 +7.971942071e+000 -4.3683e+000 +3.7831e+000 +1.4077e+000 -2.7726e+000 +2.8358e-001
1191 +5.098313419e+000 +5.098313419e+000 +7.838313419e+000 +7.838313419e+000 -4.4069e+000 +3.9368e+000 +1.1958e+000 -2.7726e+000 +1.3969e-001
1272 +4.961406781e+000 +4.961406781e+000 +7.701406781e+000 +7.701406781e+000 -4.2530e+000 +3.9415e+000 +1.3888e+000 -2.7548e+000 +9.2977e-002
1346 +4.864922264e+000 +4.864922264e+000 +7.604922264e+000 +7.604922264e+000 -4.2919e+000 +4.0956e+000 +1.2860e+000 -2.7463e+000 +4.9231e-003
1444 +4.770834695e+000 +4.770834695e+000 +7.510834695e+000 +7.510834695e+000 -4.2908e+000 +4.1138e+000 +1.3670e+000 -2.6640e+000 +4.4096e-002
% function evaluation | noise-free fitness - Fopt (-3.564000000000e+001) | best noise-free fitness - Fopt | measured fitness | best measured fitness | x1 | x2...
1 +6.419139959e+001 +6.419139959e+001 +2.855139959e+001 +2.855139959e+001 +0.0000e+000 +0.0000e+000 +0.0000e+000 +0.0000e+000 +0.0000e+000
125 +5.604070228e+001 +5.604070228e+001 +2.040070228e+001 +2.040070228e+001 +1.6197e+000 +3.8014e+000 +3.5254e-003 +3.9512e+000 -2.4348e+000
148 +5.488429265e+001 +5.488429265e+001 +1.924429265e+001 +1.924429265e+001 -1.1171e-001 +2.5577e+000 -1.6916e-002 +3.9438e+000 -2.4599e+000
156 +5.188437875e+001 +5.188437875e+001 +1.624437875e+001 +1.624437875e+001 -3.3106e-001 +2.3613e+000 -2.2140e-002 +3.9500e+000 -2.5208e+000
174 +3.527977180e+001 +3.527977180e+001 -3.602281978e-001 -3.602281978e-001 +2.6607e+000 +4.6749e+000 +3.6097e-002 +3.9547e+000 -2.4868e+000
270 +2.967537695e+001 +2.967537695e+001 -5.964623050e+000 -5.964623050e+000 -5.3061e-001 +1.1976e+000 +3.1781e-001 +3.9422e+000 -3.1802e+000
271 +2.909190265e+001 +2.909190265e+001 -6.548097350e+000 -6.548097350e+000 +1.0728e+000 +3.2118e+000 +2.1375e-001 +3.9373e+000 +8.7902e-001
277 +2.520585639e+001 +2.520585639e+001 -1.043414361e+001 -1.043414361e+001 -2.4520e+000 +1.0977e+000 +2.0163e-001 +4.0356e+000 +2.4037e-001
325 +1.192755626e+001 +1.192755626e+001 -2.371244374e+001 -2.371244374e+001 +3.0343e+000 +3.1601e+000 +1.1710e+000 +3.9876e+000 -2.1749e+000
415 +9.326186211e+000 +9.326186211e+000 -2.631381379e+001 -2.631381379e+001 +3.7256e+000 +4.3558e+000 +3.0986e-001 +4.0925e+000 -2.6338e+000
454 +4.495005992e+000 +4.495005992e+000 -3.114499401e+001 -3.114499401e+001 +3.7698e+000 +4.0746e+000 +1.2529e+000 +3.4768e+000 -2.0065e+000
546 +2.813007476e+000 +2.813007476e+000 -3.282699252e+001 -3.282699252e+001 +3.6021e+000 +4.0487e+000 +9.7755e-001 +3.2848e+000 -2.2599e+000
747 +2.644756569e+000 +2.644756569e+000 -3.299524343e+001 -3.299524343e+001 +3.8910e+000 +4.0952e+000 +8.8653e-001 +3.4446e+000 -2.3422e+000
779 +2.512559060e+000 +2.512559060e+000 -3.312744094e+001 -3.312744094e+001 +3.9318e+000 +4.1811e+000 +8.5034e-001 +3.3827e+000 -2.4834e+000
791 +2.409274599e+000 +2.409274599e+000 -3.323072540e+001 -3.323072540e+001 +3.8669e+000 +4.0947e+000 +9.8004e-001 +3.2509e+000 -2.4679e+000
802 +2.252716272e+000 +2.252716272e+000 -3.338728373e+001 -3.338728373e+001 +3.8595e+000 +4.0555e+000 +8.7775e-001 +3.0811e+000 -2.3778e+000
855 +2.213100106e+000 +2.213100106e+000 -3.342689989e+001 -3.342689989e+001 +3.9274e+000 +4.1612e+000 +7.9998e-001 +3.1584e+000 -2.4616e+000
861 +2.134150474e+000 +2.134150474e+000 -3.350584953e+001 -3.350584953e+001 +3.9118e+000 +4.1624e+000 +6.8634e-001 +2.9971e+000 -2.4101e+000
902 +2.078069442e+000 +2.078069442e+000 -3.356193056e+001 -3.356193056e+001 +3.8822e+000 +4.2305e+000 +5.4503e-001 +2.6033e+000 -2.5881e+000
% function evaluation | noise-free fitness - Fopt (-4.590900000000e+002) | best noise-free fitness - Fopt | measured fitness | best measured fitness | x1 | x2...
1 +5.870251641e+001 +5.870251641e+001 -4.003874836e+002 -4.003874836e+002 +0.0000e+000 +0.0000e+000 +0.0000e+000 +0.0000e+000 +0.0000e+000
2 +5.423170025e+001 +5.423170025e+001 -4.048582997e+002 -4.048582997e+002 -3.8088e+000 -2.8612e+000 -4.5040e+000 -1.9820e+000 +2.5019e+000
4 +5.316466582e+001 +5.316466582e+001 -4.059253342e+002 -4.059253342e+002 -3.8074e+000 -2.8826e+000 -4.4925e+000 -1.9207e+000 +2.5018e+000
33 +5.165296485e+001 +5.165296485e+001 -4.074370351e+002 -4.074370351e+002 -3.8169e+000 -2.9049e+000 -4.4555e+000 -1.9690e+000 +2.5111e+000
58 +4.815176045e+001 +4.815176045e+001 -4.109382395e+002 -4.109382395e+002 -3.8097e+000 -2.8665e+000 -4.3695e+000 -1.9708e+000 +2.5076e+000
80 +4.657173916e+001 +4.657173916e+001 -4.125182608e+002 -4.125182608e+002 -3.8090e+000 -2.8818e+000 -4.3669e+000 -1.9510e+000 +2.5507e+000
90 +4.385855119e+001 +4.385855119e+001 -4.152314488e+002 -4.152314488e+002 -3.8037e+000 -2.9032e+000 -4.2804e+000 -2.0344e+000 +2.5312e+000
99 +4.261860544e+001 +4.261860544e+001 -4.164713946e+002 -4.164713946e+002 -3.8049e+000 -2.8561e+000 -4.2336e+000 -2.0510e+000 +2.5124e+000
113 +3.196950843e+001 +3.196950843e+001 -4.271204916e+002 -4.271204916e+002 -3.8076e+000 -2.8386e+000 -4.0257e+000 -2.0565e+000 +2.6234e+000
153 +2.894737121e+001 +2.894737121e+001 -4.301426288e+002 -4.301426288e+002 -3.8157e+000 -2.8992e+000 -3.9521e+000 -2.2159e+000 +2.6296e+000
160 +2.513008174e+001 +2.513008174e+001 -4.339599183e+002 -4.339599183e+002 -3.8058e+000 -2.9157e+000 -3.7441e+000 -2.0236e+000 +2.5258e+000
178 +1.580109468e+001 +1.580109468e+001 -4.432889053e+002 -4.432889053e+002 -3.9197e+000 -2.9205e+000 -3.1085e+000 -2.3915e+000 +2.2362e+000
216 +9.723760533e+000 +9.723760533e+000 -4.493662395e+002 -4.493662395e+002 -3.7949e+000 -3.0005e+000 -3.1997e+000 -2.6709e+000 +3.2169e+000
239 +8.141785120e+000 +8.141785120e+000 -4.509482149e+002 -4.509482149e+002 -3.7984e+000 -3.0238e+000 -2.9196e+000 -2.9675e+000 +2.7847e+000
246 +7.025265071e+000 +7.025265071e+000 -4.520647349e+002 -4.520647349e+002 -3.7360e+000 -3.0785e+000 -3.3746e+000 -3.3555e+000 +4.2276e+000
280 +6.484163883e+000 +6.484163883e+000 -4.526058361e+002 -4.526058361e+002 -3.7945e+000 -3.2192e+000 -2.6006e+000 -2.9140e+000 +3.0312e+000
296 +3.180392280e+000 +3.180392280e+000 -4.559096077e+002 -4.559096077e+002 -3.8167e+000 -3.0106e+000 -2.5089e+000 -3.8716e+000 +3.2030e+000
336 +2.228852763e+000 +2.228852763e+000 -4.568611472e+002 -4.568611472e+002 -3.8682e+000 -3.1808e+000 -2.7097e+000 -4.1601e+000 +3.8641e+000
467 +2.084193860e+000 +2.084193860e+000 -4.570058061e+002 -4.570058061e+002 -3.8049e+000 -3.2530e+000 -2.5804e+000 -4.1469e+000 +3.9893e+000
827 +2.038204782e+000 +2.038204782e+000 -4.570517952e+002 -4.570517952e+002 -3.7433e+000 -3.2312e+000 -2.6345e+000 -4.2329e+000 +4.1744e+000
% function evaluation | noise-free fitness - Fopt (6.085000000000e+001) | best noise-free fitness - Fopt | measured fitness | best measured fitness | x1 | x2...
1 +6.278523772e+001 +6.278523772e+001 +1.236352377e+002 +1.236352377e+002 +0.0000e+000 +0.0000e+000 +0.0000e+000 +0.0000e+000 +0.0000e+000
91 +4.586657916e+001 +4.586657916e+001 +1.067165792e+002 +1.067165792e+002 -8.8934e-001 -3.5104e+000 -2.1499e+000 +1.1844e+000 +3.3574e+000
109 +3.329481152e+001 +3.329481152e+001 +9.414481152e+001 +9.414481152e+001 -1.2934e-001 -3.5079e+000 -2.1492e+000 +1.1749e+000 +3.3374e+000
141 +3.252719681e+001 +3.252719681e+001 +9.337719681e+001 +9.337719681e+001 +1.2076e+000 -3.4890e+000 -2.1503e+000 +1.1707e+000 +3.7234e+000
157 +3.160259966e+001 +3.160259966e+001 +9.245259966e+001 +9.245259966e+001 -3.6349e-002 -3.4891e+000 -2.1495e+000 +1.1463e+000 +3.3738e+000
191 +3.081165175e+001 +3.081165175e+001 +9.166165175e+001 +9.166165175e+001 +1.0024e+000 -3.4900e+000 -2.1481e+000 +1.1581e+000 +3.4352e+000
202 +2.033588622e+001 +2.033588622e+001 +8.118588622e+001 +8.118588622e+001 +1.3940e+000 -3.4720e+000 -2.1503e+000 +1.2479e+000 +4.7046e+000
340 +1.836871389e+001 +1.836871389e+001 +7.921871389e+001 +7.921871389e+001 +7.7080e-001 -3.3536e+000 -2.1115e+000 +3.3027e-001 +4.2238e+000
455 +1.691528371e+001 +1.691528371e+001 +7.776528371e+001 +7.776528371e+001 +5.6572e-001 -2.9522e+000 -2.1715e+000 -1.1308e-002 +4.7186e+000
457 +1.444628438e+001 +1.444628438e+001 +7.529628438e+001 +7.529628438e+001 +1.8706e+000 -3.1824e+000 -1.9497e+000 +2.5309e-001 +4.7828e+000
490 +1.379286168e+001 +1.379286168e+001 +7.464286168e+001 +7.464286168e+001 +1.7594e+000 -2.9329e+000 -2.0219e+000 +3.2081e-001 +4.7363e+000
510 +1.024980511e+001 +1.024980511e+001 +7.109980511e+001 +7.109980511e+001 +2.0195e+000 -2.7683e+000 -1.7418e+000 -5.5970e-002 +4.5641e+000
% function evaluation | noise-free fitness - Fopt (-1.435000000000e+002) | best noise-free fitness - Fopt | measured fitness | best measured fitness | x1 | x2...
1 +6.636973448e+001 +6.636973448e+001 -7.713026552e+001 -7.713026552e+001 +0.0000e+000 +0.0000e+000 +0.0000e+000 +0.0000e+000 +0.0000e+000
5 +6.599320047e+001 +6.599320047e+001 -7.750679953e+001 -7.750679953e+001 +1.2206e+000 -2.2809e+000 -2.3977e-001 -2.0029e+000 -3.5402e+000
33 +6.353375382e+001 +6.353375382e+001 -7.996624618e+001 -7.996624618e+001 +1.5178e+000 -2.2981e+000 -2.5144e-001 -2.0158e+000 -3.5020e+000
64 +6.278171568e+001 +6.278171568e+001 -8.071828432e+001 -8.071828432e+001 +1.6577e+000 -2.2654e+000 -2.4218e-001 -1.9948e+000 -3.5678e+000
67 +6.059043762e+001 +6.059043762e+001 -8.290956238e+001 -8.290956238e+001 +1.8538e+000 -2.3183e+000 -2.1543e-001 -1.9857e+000 -3.5107e+000
78 +5.941524300e+001 +5.941524300e+001 -8.408475700e+001 -8.408475700e+001 +2.1307e+000 -2.1624e+000 -2.0686e-001 -2.0352e+000 -3.7173e+000
81 +5.392374592e+001 +5.392374592e+001 -8.957625408e+001 -8.957625408e+001 +3.0203e+000 -2.2502e+000 -2.3931e-001 -2.0132e+000 -3.5347e+000
106 +5.278357107e+001 +5.278357107e+001 -9.071642893e+001 -9.071642893e+001 +2.8297e+000 -2.2536e+000 -1.9477e-001 -1.9977e+000 -3.4204e+000
111 +4.687367310e+001 +4.687367310e+001 -9.662632690e+001 -9.662632690e+001 +3.4694e+000 -2.4530e+000 -2.0646e-001 -2.0686e+000 -3.1661e+000
125 +3.732756430e+001 +3.732756430e+001 -1.061724357e+002 -1.061724357e+002 +3.9976e+000 -2.3499e+000 -3.3704e-002 -1.8536e+000 -3.6326e+000
129 +3.504048455e+001 +3.504048455e+001 -1.084595154e+002 -1.084595154e+002 +4.3658e+000 -2.3600e+000 -7.5150e-002 -2.1463e+000 -3.8358e+000
138 +3.094946272e+001 +3.094946272e+001 -1.125505373e+002 -1.125505373e+002 +3.8990e+000 -2.2323e+000 -3.0817e-002 -2.1956e+000 -3.4529e+000
178 +2.923300415e+001 +2.923300415e+001 -1.142669959e+002 -1.142669959e+002 +4.2215e+000 -8.0035e-001 +6.6923e-001 -2.1687e+000 -2.5384e+000
201 +2.324484763e+001 +2.324484763e+001 -1.202551524e+002 -1.202551524e+002 +4.7473e+000 -2.4142e+000 +1.6104e-001 -3.1177e+000 -4.1029e+000
210 +1.940219403e+001 +1.940219403e+001 -1.240978060e+002 -1.240978060e+002 +4.5352e+000 -1.8181e+000 +8.8584e-002 -3.1681e+000 -3.3565e+000
231 +1.510073144e+001 +1.510073144e+001 -1.283992686e+002 -1.283992686e+002 +4.9091e+000 -1.7826e+000 +7.4173e-001 -2.3990e+000 -3.0384e+000
291 +8.969401980e+000 +8.969401980e+000 -1.345305980e+002 -1.345305980e+002 +4.6260e+000 -2.4300e+000 +8.0692e-001 -3.2324e+000 -2.6962e+000
352 +8.179724868e+000 +8.179724868e+000 -1.353202751e+002 -1.353202751e+002 +4.5369e+000 -2.4852e+000 +7.4206e-001 -3.2769e+000 -3.2072e+000
385 +8.074814231e+000 +8.074814231e+000 -1.354251858e+002 -1.354251858e+002 +4.5687e+000 -2.4305e+000 +1.1036e+000 -3.2445e+000 -3.0646e+000
396 +7.927016431e+000 +7.927016431e+000 -1.355729836e+002 -1.355729836e+002 +4.7682e+000 -2.5060e+000 +1.2392e+000 -3.1136e+000 -2.9834e+000
424 +7.735568985e+000 +7.735568985e+000 -1.357644310e+002 -1.357644310e+002 +4.4880e+000 -3.1140e+000 +1.0087e+000 -3.2165e+000 -3.0537e+000
431 +7.532175923e+000 +7.532175923e+000 -1.359678241e+002 -1.359678241e+002 +4.6631e+000 -2.6806e+000 +1.2329e+000 -3.1927e+000 -3.1705e+000
452 +7.356667037e+000 +7.356667037e+000 -1.361433330e+002 -1.361433330e+002 +4.6621e+000 -2.8991e+000 +1.0285e+000 -3.1584e+000 -3.1258e+000
466 +7.216384811e+000 +7.216384811e+000 -1.362836152e+002 -1.362836152e+002 +4.6501e+000 -2.9259e+000 +1.1239e+000 -3.1803e+000 -3.1656e+000
546 +6.965592890e+000 +6.965592890e+000 -1.365344071e+002 -1.365344071e+002 +4.6286e+000 -2.9936e+000 +1.2026e+000 -2.9047e+000 -3.2734e+000
606 +6.915827560e+000 +6.915827560e+000 -1.365841724e+002 -1.365841724e+002 +4.6549e+000 -3.0383e+000 +1.1393e+000 -3.0027e+000 -3.3695e+000
764 +6.760803141e+000 +6.760803141e+000 -1.367391969e+002 -1.367391969e+002 +4.6444e+000 -3.1012e+000 +1.3336e+000 -2.9382e+000 -3.4851e+000
% function evaluation | noise-free fitness - Fopt (9.465100000000e+002) | best noise-free fitness - Fopt | measured fitness | best measured fitness | x1 | x2...
1 +3.926232692e+001 +3.926232692e+001 +9.857723269e+002 +9.857723269e+002 +0.0000e+000 +0.0000e+000 +0.0000e+000 +0.0000e+000 +0.0000e+000
100 +3.783160727e+001 +3.783160727e+001 +9.843416073e+002 +9.843416073e+002 +5.9337e-002 -2.7173e+000 -3.9427e+000 +3.8388e+000 +3.4196e+000
117 +3.702560265e+001 +3.702560265e+001 +9.835356026e+002 +9.835356026e+002 +6.6241e-002 -2.7477e+000 -3.9497e+000 +3.8467e+000 +3.4254e+000
121 +3.253594330e+001 +3.253594330e+001 +9.790459433e+002 +9.790459433e+002 +4.4292e-002 -2.7385e+000 -3.8063e+000 +3.5297e+000 +3.4408e+000
128 +2.863436155e+001 +2.863436155e+001 +9.751443616e+002 +9.751443616e+002 +5.7357e-002 -2.9191e+000 -3.9380e+000 +3.4302e+000 +3.5945e+000
150 +2.696153718e+001 +2.696153718e+001 +9.734715372e+002 +9.734715372e+002 +6.1453e-002 -3.0086e+000 -3.9092e+000 +3.4676e+000 +3.3825e+000
162 +2.683016518e+001 +2.683016518e+001 +9.733401652e+002 +9.733401652e+002 +6.4354e-002 -3.1288e+000 -3.7712e+000 +3.1043e+000 +3.4025e+000
168 +2.590026889e+001 +2.590026889e+001 +9.724102689e+002 +9.724102689e+002 +8.1056e-002 -2.9702e+000 -3.6035e+000 +3.3390e+000 +3.3360e+000
173 +2.054215069e+001 +2.054215069e+001 +9.670521507e+002 +9.670521507e+002 +1.4816e-002 -3.4514e+000 -3.7963e+000 +3.5713e+000 +3.2952e+000
204 +2.028994061e+001 +2.028994061e+001 +9.667999406e+002 +9.667999406e+002 +4.6269e-002 -3.5404e+000 -3.6639e+000 +3.1679e+000 +4.0264e+000
215 +1.870956235e+001 +1.870956235e+001 +9.652195624e+002 +9.652195624e+002 +1.0425e-001 -3.6902e+000 -3.7258e+000 +3.3519e+000 +3.5403e+000
223 +1.689581527e+001 +1.689581527e+001 +9.634058153e+002 +9.634058153e+002 +2.3221e-001 -4.1807e+000 -3.5050e+000 +3.2410e+000 +3.7154e+000
236 +1.159676829e+001 +1.159676829e+001 +9.581067683e+002 +9.581067683e+002 +3.6095e-001 -3.8970e+000 -3.1742e+000 +3.2680e+000 +3.4247e+000
277 +1.105334477e+001 +1.105334477e+001 +9.575633448e+002 +9.575633448e+002 +5.2774e-001 -4.0201e+000 -3.3150e+000 +3.3021e+000 +3.4926e+000
298 +8.771181751e+000 +8.771181751e+000 +9.552811818e+002 +9.552811818e+002 +7.2608e-001 -4.3669e+000 -3.0458e+000 +3.3290e+000 +3.5938e+000
342 +8.188394218e+000 +8.188394218e+000 +9.546983942e+002 +9.546983942e+002 +2.5607e-001 -4.0173e+000 -1.4822e+000 +3.1055e+000 +3.4227e+000
369 +8.118370083e+000 +8.118370083e+000 +9.546283701e+002 +9.546283701e+002 +3.9051e-001 -4.0994e+000 -2.5519e+000 +3.4365e+000 +3.4084e+000
372 +7.151452041e+000 +7.151452041e+000 +9.536614520e+002 +9.536614520e+002 +8.0761e-001 -4.3281e+000 -1.5551e+000 +3.5775e+000 +3.1675e+000
377 +6.992735041e+000 +6.992735041e+000 +9.535027350e+002 +9.535027350e+002 +1.1825e+000 -4.2380e+000 -2.0739e+000 +3.3790e+000 +2.8666e+000
384 +6.483389460e+000 +6.483389460e+000 +9.529933895e+002 +9.529933895e+002 +9.2293e-001 -4.3633e+000 -1.7960e+000 +3.1261e+000 +4.2915e+000
405 +5.714187070e+000 +5.714187070e+000 +9.522241871e+002 +9.522241871e+002 +8.9592e-001 -4.4836e+000 -1.8008e+000 +3.2748e+000 +3.8607e+000
409 +4.918548489e+000 +4.918548489e+000 +9.514285485e+002 +9.514285485e+002 +7.8265e-001 -4.4332e+000 -1.3224e+000 +3.2529e+000 +3.4724e+000
472 +4.656440557e+000 +4.656440557e+000 +9.511664406e+002 +9.511664406e+002 +8.0304e-001 -4.3316e+000 -1.2818e+000 +3.1682e+000 +3.6368e+000
490 +4.316473825e+000 +4.316473825e+000 +9.508264738e+002 +9.508264738e+002 +8.3637e-001 -4.3075e+000 -1.4562e+000 +3.0248e+000 +3.5735e+000
505 +4.256294147e+000 +4.256294147e+000 +9.507662941e+002 +9.507662941e+002 +9.2297e-001 -4.3131e+000 -1.4001e+000 +3.1013e+000 +3.4284e+000
532 +3.888768265e+000 +3.888768265e+000 +9.503987683e+002 +9.503987683e+002 +9.6846e-001 -4.3547e+000 -1.3496e+000 +3.0775e+000 +3.5476e+000
555 +3.752710018e+000 +3.752710018e+000 +9.502627100e+002 +9.502627100e+002 +1.0986e+000 -4.5611e+000 -1.0671e+000 +2.8426e+000 +3.5105e+000
558 +3.638398888e+000 +3.638398888e+000 +9.501483989e+002 +9.501483989e+002 +1.0857e+000 -4.4217e+000 -1.4013e+000 +3.0718e+000 +3.5031e+000
580 +3.366794871e+000 +3.366794871e+000 +9.498767949e+002 +9.498767949e+002 +1.0613e+000 -4.4603e+000 -1.2745e+000 +2.9303e+000 +3.7007e+000
643 +3.307287809e+000 +3.307287809e+000 +9.498172878e+002 +9.498172878e+002 +1.1939e+000 -4.5134e+000 -1.3663e+000 +2.9194e+000 +3.6685e+000
728 +3.234946069e+000 +3.234946069e+000 +9.497449461e+002 +9.497449461e+002 +1.1757e+000 -4.5726e+000 -1.2291e+000 +2.9302e+000 +3.5752e+000
