% function evaluation | noise-free fitness - Fopt (4.078000000000e+001) | best noise-free fitness - Fopt | measured fitness | best measured fitness | x1 | x2...
1 +2.342962888e+001 +2.342962888e+001 +6.420962888e+001 +6.420962888e+001 +0.0000e+000 +0.0000e+000 +0.0000e+000
42 +1.498783481e+001 +1.498783481e+001 +5.576783481e+001 +5.576783481e+001 -6.4078e-001 +4.2212e+000 -4.6466e+000
47 +1.327276705e+001 +1.327276705e+001 +5.405276705e+001 +5.405276705e+001 -5.9182e-001 +4.2221e+000 -4.7152e+000
55 +1.063593727e+001 +1.063593727e+001 +5.141593727e+001 +5.141593727e+001 -5.7909e-001 +4.4718e+000 -4.6848e+000
73 +1.017402062e+001 +1.017402062e+001 +5.095402062e+001 +5.095402062e+001 -6.2490e-001 +4.4349e+000 -4.6939e+000
77 +9.842081023e+000 +9.842081023e+000 +5.062208102e+001 +5.062208102e+001 -6.7580e-001 +4.4029e+000 -4.6911e+000
78 +9.708097048e+000 +9.708097048e+000 +5.048809705e+001 +5.048809705e+001 -7.4611e-001 +4.4871e+000 -4.6859e+000
124 +9.533270151e+000 +9.533270151e+000 +5.031327015e+001 +5.031327015e+001 -7.2940e-001 +4.4007e+000 -4.6844e+000
184 +9.277381476e+000 +9.277381476e+000 +5.005738148e+001 +5.005738148e+001 -8.5975e-001 +4.3382e+000 -4.6784e+000
1907 +9.119957007e+000 +9.119957007e+000 +4.989995701e+001 +4.989995701e+001 -9.6130e-001 +4.3975e+000 -4.5644e+000
% function evaluation | noise-free fitness - Fopt (-1.600000000000e+000) | best noise-free fitness - Fopt | measured fitness | best measured fitness | x1 | x2...
1 +1.240367020e+001 +1.240367020e+001 +1.080367020e+001 +1.080367020e+001 +0.0000e+000 +0.0000e+000 +0.0000e+000
190 +1.219295326e+001 +1.219295326e+001 +1.059295326e+001 +1.059295326e+001 -2.3922e+000 +3.6717e+000 +1.8699e+000
202 +9.972694582e+000 +9.972694582e+000 +8.372694582e+000 +8.372694582e+000 -2.2600e+000 +3.8283e+000 +1.7949e+000
211 +9.208623818e+000 +9.208623818e+000 +7.608623818e+000 +7.608623818e+000 -2.2194e+000 +3.7722e+000 +1.8451e+000
214 +9.052051655e+000 +9.052051655e+000 +7.452051655e+000 +7.452051655e+000 -2.1511e+000 +3.7957e+000 +1.8215e+000
236 +8.899304624e+000 +8.899304624e+000 +7.299304624e+000 +7.299304624e+000 -2.0917e+000 +3.8398e+000 +2.1642e+000
252 +8.658605859e+000 +8.658605859e+000 +7.058605859e+000 +7.058605859e+000 -2.0330e+000 +3.8656e+000 +2.1495e+000
301 +7.260762977e+000 +7.260762977e+000 +5.660762977e+000 +5.660762977e+000 -1.9177e+000 +3.7191e+000 +4.7864e+000
322 +2.095409321e+000 +2.095409321e+000 +4.954093210e-001 +4.954093210e-001 -2.1840e+000 +1.5918e+000 -8.4907e-001
381 +1.991275173e+000 +1.991275173e+000 +3.912751729e-001 +3.912751729e-001 -2.1751e+000 +1.8913e+000 -2.8599e-001
442 +1.948780602e+000 +1.948780602e+000 +3.487806021e-001 +3.487806021e-001 -2.2360e+000 +1.8418e+000 -5.0474e-001
% function evaluation | noise-free fitness - Fopt (-3.708400000000e+002) | best noise-free fitness - Fopt | measured fitness | best measured fitness | x1 | x2...
1 +3.578233172e+001 +3.578233172e+001 -3.350576683e+002 -3.350576683e+002 +0.0000e+000 +0.0000e+000 +0.0000e+000
2 +5.403225544e-001 +5.403225544e-001 -3.702996774e+002 -3.702996774e+002 +3.5423e+000 -6.5236e-001 -4.9153e-001
4 +5.347397241e-001 +5.347397241e-001 -3.703052603e+002 -3.703052603e+002 +3.5415e+000 -6.5252e-001 -4.9733e-001
20 +5.244006506e-001 +5.244006506e-001 -3.703155993e+002 -3.703155993e+002 +3.5461e+000 -6.5466e-001 -5.0584e-001
30 +5.090634149e-001 +5.090634149e-001 -3.703309366e+002 -3.703309366e+002 +3.5418e+000 -6.7660e-001 -4.9284e-001
49 +4.771730161e-001 +4.771730161e-001 -3.703628270e+002 -3.703628270e+002 +3.5444e+000 -7.0463e-001 -5.3445e-001
68 +4.067240874e-001 +4.067240874e-001 -3.704332759e+002 -3.704332759e+002 +3.5326e+000 -7.8782e-001 -5.3656e-001
77 +3.500933242e-001 +3.500933242e-001 -3.704899067e+002 -3.704899067e+002 +3.5462e+000 -8.1540e-001 -5.5768e-001
79 +3.119943239e-001 +3.119943239e-001 -3.705280057e+002 -3.705280057e+002 +3.5434e+000 -8.3920e-001 -5.8269e-001
85 +2.220400457e-001 +2.220400457e-001 -3.706179600e+002 -3.706179600e+002 +3.5244e+000 -7.8030e-001 -6.2948e-001
90 +1.599803305e-001 +1.599803305e-001 -3.706800197e+002 -3.706800197e+002 +3.5409e+000 -8.4340e-001 -6.7634e-001
92 +4.288194325e-002 +4.288194325e-002 -3.707971181e+002 -3.707971181e+002 +3.6487e+000 -8.7379e-001 -1.3749e+000
107 +2.101612973e-002 +2.101612973e-002 -3.708189839e+002 -3.708189839e+002 +3.5600e+000 -8.4063e-001 -1.0425e+000
110 +1.757975808e-002 +1.757975808e-002 -3.708224202e+002 -3.708224202e+002 +3.5536e+000 -8.3943e-001 -1.0749e+000
124 +1.388588473e-002 +1.388588473e-002 -3.708261141e+002 -3.708261141e+002 +3.5544e+000 -8.6517e-001 -1.1704e+000
132 +1.233234277e-002 +1.233234277e-002 -3.708276677e+002 -3.708276677e+002 +3.4273e+000 -8.2888e-001 -1.1206e+000
139 +6.910297085e-003 +6.910297085e-003 -3.708330897e+002 -3.708330897e+002 +3.4783e+000 -8.3963e-001 -1.2110e+000
148 +5.666876349e-003 +5.666876349e-003 -3.708343331e+002 -3.708343331e+002 +3.4895e+000 -8.5624e-001 -1.2680e+000
149 +4.879395853e-003 +4.879395853e-003 -3.708351206e+002 -3.708351206e+002 +3.4465e+000 -8.3603e-001 -1.2141e+000
166 +4.493710021e-003 +4.493710021e-003 -3.708355063e+002 -3.708355063e+002 +3.4549e+000 -8.2640e-001 -1.2868e+000
173 +4.428037717e-003 +4.428037717e-003 -3.708355720e+002 -3.708355720e+002 +3.4605e+000 -8.3737e-001 -1.2586e+000
174 +4.083308221e-003 +4.083308221e-003 -3.708359167e+002 -3.708359167e+002 +3.4351e+000 -8.4621e-001 -1.2268e+000
178 +3.227271930e-003 +3.227271930e-003 -3.708367727e+002 -3.708367727e+002 +3.4139e+000 -8.5364e-001 -1.3987e+000
184 +9.975196687e-004 +9.975196687e-004 -3.708390025e+002 -3.708390025e+002 +3.3189e+000 -8.4950e-001 -1.3417e+000
204 +8.854625315e-004 +8.854625315e-004 -3.708391145e+002 -3.708391145e+002 +3.3429e+000 -8.3750e-001 -1.4177e+000
218 +8.261319712e-004 +8.261319712e-004 -3.708391739e+002 -3.708391739e+002 +3.2678e+000 -8.3719e-001 -1.3620e+000
226 +4.695546147e-004 +4.695546147e-004 -3.708395304e+002 -3.708395304e+002 +3.2660e+000 -8.1141e-001 -1.3835e+000
241 +1.942727765e-004 +1.942727765e-004 -3.708398057e+002 -3.708398057e+002 +3.1768e+000 -8.1440e-001 -1.4343e+000
244 +8.518459072e-005 +8.518459072e-005 -3.708399148e+002 -3.708399148e+002 +3.2263e+000 -8.2286e-001 -1.4579e+000
276 +4.234787480e-005 +4.234787480e-005 -3.708399577e+002 -3.708399577e+002 +3.1747e+000 -7.9738e-001 -1.4895e+000
286 +2.848790609e-005 +2.848790609e-005 -3.708399715e+002 -3.708399715e+002 +3.1909e+000 -8.3555e-001 -1.5250e+000
299 +2.079398729e-005 +2.079398729e-005 -3.708399792e+002 -3.708399792e+002 +3.1895e+000 -8.3051e-001 -1.5546e+000
312 +5.667274820e-006 +5.667274820e-006 -3.708399943e+002 -3.708399943e+002 +3.1765e+000 -8.1713e-001 -1.5460e+000
334 +2.065734748e-006 +2.065734748e-006 -3.708399979e+002 -3.708399979e+002 +3.1619e+000 -8.1575e-001 -1.5714e+000
340 +2.104509349e-007 +2.104509349e-007 -3.708399998e+002 -3.708399998e+002 +3.1387e+000 -8.0824e-001 -1.5663e+000
394 +1.820881721e-007 +1.820881721e-007 -3.708399998e+002 -3.708399998e+002 +3.1397e+000 -8.1246e-001 -1.5630e+000
408 +1.092072921e-007 +1.092072921e-007 -3.708399999e+002 -3.708399999e+002 +3.1384e+000 -8.1317e-001 -1.5718e+000
451 +8.761594472e-008 +8.761594472e-008 -3.708399999e+002 -3.708399999e+002 +3.1346e+000 -8.1151e-001 -1.5663e+000
462 +8.680228802e-008 +8.680228802e-008 -3.708399999e+002 -3.708399999e+002 +3.1376e+000 -8.1169e-001 -1.5707e+000
467 +6.033803857e-008 +6.033803857e-008 -3.708399999e+002 -3.708399999e+002 +3.1326e+000 -8.1121e-001 -1.5676e+000
468 +4.241815077e-008 +4.241815077e-008 -3.708400000e+002 -3.708400000e+002 +3.1320e+000 -8.1079e-001 -1.5725e+000
512 +4.058381364e-008 +4.058381364e-008 -3.708400000e+002 -3.708400000e+002 +3.1324e+000 -8.1181e-001 -1.5749e+000
513 +3.726506748e-008 +3.726506748e-008 -3.708400000e+002 -3.708400000e+002 +3.1322e+000 -8.1146e-001 -1.5751e+000
526 +3.463259191e-008 +3.463259191e-008 -3.708400000e+002 -3.708400000e+002 +3.1321e+000 -8.1174e-001 -1.5768e+000
535 +3.381126135e-008 +3.381126135e-008 -3.708400000e+002 -3.708400000e+002 +3.1319e+000 -8.1133e-001 -1.5752e+000
556 +3.285362027e-008 +3.285362027e-008 -3.708400000e+002 -3.708400000e+002 +3.1320e+000 -8.1135e-001 -1.5777e+000
563 +3.202899279e-008 +3.202899279e-008 -3.708400000e+002 -3.708400000e+002 +3.1320e+000 -8.1135e-001 -1.5772e+000
573 +3.157521178e-008 +3.157521178e-008 -3.708400000e+002 -3.708400000e+002 +3.1319e+000 -8.1132e-001 -1.5768e+000
586 +2.364896545e-008 +2.364896545e-008 -3.708400000e+002 -3.708400000e+002 +3.1311e+000 -8.1142e-001 -1.5767e+000
589 +2.279114142e-008 +2.279114142e-008 -3.708400000e+002 -3.708400000e+002 +3.1309e+000 -8.1147e-001 -1.5765e+000
617 +2.220292572e-008 +2.220292572e-008 -3.708400000e+002 -3.708400000e+002 +3.1309e+000 -8.1139e-001 -1.5765e+000
618 +2.029730695e-008 +2.029730695e-008 -3.708400000e+002 -3.708400000e+002 +3.1307e+000 -8.1119e-001 -1.5763e+000
633 +1.861246801e-008 +1.861246801e-008 -3.708400000e+002 -3.708400000e+002 +3.1306e+000 -8.1125e-001 -1.5793e+000
637 +1.433477337e-008 +1.433477337e-008 -3.708400000e+002 -3.708400000e+002 +3.1296e+000 -8.1097e-001 -1.5764e+000
642 +1.230216640e-008 +1.230216640e-008 -3.708400000e+002 -3.708400000e+002 +3.1291e+000 -8.1122e-001 -1.5787e+000
648 +1.142564088e-008 +1.142564088e-008 -3.708400000e+002 -3.708400000e+002 +3.1252e+000 -8.1118e-001 -1.5776e+000
650 +8.477513802e-009 +8.477513802e-009 -3.708400000e+002 -3.708400000e+002 +3.1254e+000 -8.1101e-001 -1.5788e+000
1366 +0.000000000e+000 +0.000000000e+000 -3.708400000e+002 -3.708400000e+002 +3.1148e+000 -8.0884e-001 -1.5907e+000
% function evaluation | noise-free fitness - Fopt (-3.256000000000e+001) | best noise-free fitness - Fopt | measured fitness | best measured fitness | x1 | x2...
1 +5.303999905e+001 +5.303999905e+001 +2.047999905e+001 +2.047999905e+001 +0.0000e+000 +0.0000e+000 +0.0000e+000
2 +1.133587251e+001 +1.133587251e+001 -2.122412749e+001 -2.122412749e+001 +2.8623e+000 +4.0065e+000 -2.0402e+000
15 +1.120088675e+001 +1.120088675e+001 -2.135911325e+001 -2.135911325e+001 +2.8592e+000 +3.9979e+000 -2.0417e+000
17 +1.095311926e+001 +1.095311926e+001 -2.160688074e+001 -2.160688074e+001 +2.8593e+000 +3.9724e+000 -2.0391e+000
32 +1.051060623e+001 +1.051060623e+001 -2.204939377e+001 -2.204939377e+001 +2.8566e+000 +3.8222e+000 -2.0372e+000
48 +1.027592864e+001 +1.027592864e+001 -2.228407136e+001 -2.228407136e+001 +2.8470e+000 +3.8609e+000 -2.0494e+000
55 +9.523948366e+000 +9.523948366e+000 -2.303605163e+001 -2.303605163e+001 +2.7661e+000 +3.8853e+000 -2.0461e+000
89 +9.309340066e+000 +9.309340066e+000 -2.325065993e+001 -2.325065993e+001 +2.7410e+000 +3.8817e+000 -2.0528e+000
94 +8.299643907e+000 +8.299643907e+000 -2.426035609e+001 -2.426035609e+001 +2.4114e+000 +3.8354e+000 -2.0603e+000
107 +7.979834447e+000 +7.979834447e+000 -2.458016555e+001 -2.458016555e+001 +2.5456e+000 +3.7477e+000 -2.0465e+000
116 +7.510073815e+000 +7.510073815e+000 -2.504992618e+001 -2.504992618e+001 +2.3795e+000 +3.7069e+000 -2.0551e+000
130 +7.377037987e+000 +7.377037987e+000 -2.518296201e+001 -2.518296201e+001 +2.2498e+000 +3.6718e+000 -2.0581e+000
141 +6.890538116e+000 +6.890538116e+000 -2.566946188e+001 -2.566946188e+001 +2.1502e+000 +3.4920e+000 -2.0559e+000
337 +6.739916633e+000 +6.739916633e+000 -2.582008337e+001 -2.582008337e+001 +2.0881e+000 +3.4580e+000 -2.4290e+000
% function evaluation | noise-free fitness - Fopt (5.154000000000e+002) | best noise-free fitness - Fopt | measured fitness | best measured fitness | x1 | x2...
1 +2.054857278e+001 +2.054857278e+001 +5.359485728e+002 +5.359485728e+002 +0.0000e+000 +0.0000e+000 +0.0000e+000
77 +1.929351652e+001 +1.929351652e+001 +5.346935165e+002 +5.346935165e+002 +3.3126e+000 +3.2861e+000 +4.8280e+000
81 +3.460840021e+000 +3.460840021e+000 +5.188608400e+002 +5.188608400e+002 +2.2034e+000 +3.5637e+000 +4.0882e+000
% function evaluation | noise-free fitness - Fopt (-1.000000000000e+003) | best noise-free fitness - Fopt | measured fitness | best measured fitness | x1 | x2...
1 +2.932008469e+001 +2.932008469e+001 -9.706799153e+002 -9.706799153e+002 +0.0000e+000 +0.0000e+000 +0.0000e+000
59 +2.748508278e+001 +2.748508278e+001 -9.725149172e+002 -9.725149172e+002 -3.4690e+000 +9.4434e-002 +3.4124e+000
119 +2.640556196e+001 +2.640556196e+001 -9.735944380e+002 -9.735944380e+002 -3.3493e+000 +1.6982e-002 +3.4173e+000
122 +2.620459968e+001 +2.620459968e+001 -9.737954003e+002 -9.737954003e+002 -3.4555e+000 +1.1130e-002 +3.4186e+000
149 +2.567668720e+001 +2.567668720e+001 -9.743233128e+002 -9.743233128e+002 -3.3976e+000 -3.8501e-002 +3.4238e+000
175 +2.509559645e+001 +2.509559645e+001 -9.749044036e+002 -9.749044036e+002 -3.3145e+000 -1.0476e-001 +3.4299e+000
297 +2.451025981e+001 +2.451025981e+001 -9.754897402e+002 -9.754897402e+002 -3.1318e+000 -1.4751e-001 +3.4666e+000
421 +2.397320320e+001 +2.397320320e+001 -9.760267968e+002 -9.760267968e+002 -3.1298e+000 -2.3373e-001 +3.3758e+000
447 +2.342644164e+001 +2.342644164e+001 -9.765735584e+002 -9.765735584e+002 -3.1379e+000 -3.5630e-001 +3.2343e+000
497 +2.287740616e+001 +2.287740616e+001 -9.771225938e+002 -9.771225938e+002 -3.0620e+000 -4.2852e-001 +3.1546e+000
553 +2.238509561e+001 +2.238509561e+001 -9.776149044e+002 -9.776149044e+002 -2.9976e+000 -5.2325e-001 +3.1353e+000
635 +2.177635853e+001 +2.177635853e+001 -9.782236415e+002 -9.782236415e+002 -2.8638e+000 -5.8957e-001 +3.1006e+000
672 +2.127022118e+001 +2.127022118e+001 -9.787297788e+002 -9.787297788e+002 -2.7650e+000 -6.7693e-001 +3.0550e+000
701 +2.086537519e+001 +2.086537519e+001 -9.791346248e+002 -9.791346248e+002 -2.4845e+000 -8.6150e-001 +3.0998e+000
767 +2.040187643e+001 +2.040187643e+001 -9.795981236e+002 -9.795981236e+002 -2.5047e+000 -8.7294e-001 +2.9861e+000
797 +1.990246763e+001 +1.990246763e+001 -9.800975324e+002 -9.800975324e+002 -2.4723e+000 -9.5212e-001 +2.9210e+000
860 +3.558803881e+000 +3.558803881e+000 -9.964411961e+002 -9.964411961e+002 +3.4949e-001 -9.5688e-001 +2.7641e+000
963 +3.376843047e+000 +3.376843047e+000 -9.966231570e+002 -9.966231570e+002 +1.0268e+000 -1.0637e+000 +3.3131e+000
972 +3.199429417e+000 +3.199429417e+000 -9.968005706e+002 -9.968005706e+002 +1.2255e+000 -1.0572e+000 +3.1844e+000
984 +2.575588754e+000 +2.575588754e+000 -9.974244112e+002 -9.974244112e+002 +1.2368e+000 -1.0223e+000 +3.2912e+000
999 +2.213060846e+000 +2.213060846e+000 -9.977869392e+002 -9.977869392e+002 +1.0490e+000 -7.4972e-001 +3.5219e+000
1090 +2.133750110e+000 +2.133750110e+000 -9.978662499e+002 -9.978662499e+002 +1.3279e+000 -9.0629e-001 +3.5738e+000
1426 +2.089218975e+000 +2.089218975e+000 -9.979107810e+002 -9.979107810e+002 +1.3851e+000 -8.4286e-001 +3.7003e+000
% function evaluation | noise-free fitness - Fopt (9.190000000000e+001) | best noise-free fitness - Fopt | measured fitness | best measured fitness | x1 | x2...
1 +9.343703334e+000 +9.343703334e+000 +1.012437033e+002 +1.012437033e+002 +0.0000e+000 +0.0000e+000 +0.0000e+000
106 +8.851843455e+000 +8.851843455e+000 +1.007518435e+002 +1.007518435e+002 +2.1009e+000 +1.2710e+000 -4.3239e-001
118 +7.315357806e+000 +7.315357806e+000 +9.921535781e+001 +9.921535781e+001 +1.8821e+000 +1.9242e+000 -1.4113e-001
210 +6.911003049e+000 +6.911003049e+000 +9.881100305e+001 +9.881100305e+001 +8.5984e-001 -3.2205e+000 -8.7389e-001
216 +1.387704635e+000 +1.387704635e+000 +9.328770464e+001 +9.328770464e+001 -2.9999e+000 -2.4128e+000 -7.8502e-001
231 +1.168669586e+000 +1.168669586e+000 +9.306866959e+001 +9.306866959e+001 -2.8036e+000 -2.7738e+000 -8.2894e-001
291 +5.149006802e-001 +5.149006802e-001 +9.241490068e+001 +9.241490068e+001 -1.7950e+000 -3.5531e+000 -1.5023e+000
% function evaluation | noise-free fitness - Fopt (-7.597000000000e+001) | best noise-free fitness - Fopt | measured fitness | best measured fitness | x1 | x2...
1 +1.601181186e+001 +1.601181186e+001 -5.995818814e+001 -5.995818814e+001 +0.0000e+000 +0.0000e+000 +0.0000e+000
43 +1.373931951e+001 +1.373931951e+001 -6.223068049e+001 -6.223068049e+001 +3.6563e+000 -6.6827e-001 +1.4221e+000
72 +1.300678453e+001 +1.300678453e+001 -6.296321547e+001 -6.296321547e+001 +3.9273e+000 -6.8832e-001 +1.3754e+000
81 +1.285854209e+001 +1.285854209e+001 -6.311145791e+001 -6.311145791e+001 +3.8355e+000 -6.3768e-001 +1.3740e+000
89 +1.253476095e+001 +1.253476095e+001 -6.343523905e+001 -6.343523905e+001 +3.8387e+000 -6.5999e-001 +1.3579e+000
91 +1.195658873e+001 +1.195658873e+001 -6.401341127e+001 -6.401341127e+001 +3.7712e+000 -6.7075e-001 +1.3295e+000
102 +1.153005389e+001 +1.153005389e+001 -6.443994611e+001 -6.443994611e+001 +3.8390e+000 -6.8125e-001 +1.2986e+000
110 +1.040349043e+001 +1.040349043e+001 -6.556650957e+001 -6.556650957e+001 +3.6670e+000 -8.0789e-001 +1.2311e+000
154 +9.026409989e+000 +9.026409989e+000 -6.694359001e+001 -6.694359001e+001 +3.8662e+000 -7.4550e-001 +1.0862e+000
168 +8.586472719e+000 +8.586472719e+000 -6.738352728e+001 -6.738352728e+001 +3.7842e+000 -7.5149e-001 +1.0462e+000
174 +8.107016734e+000 +8.107016734e+000 -6.786298327e+001 -6.786298327e+001 +3.8065e+000 -6.8923e-001 +9.4082e-001
175 +7.116192220e+000 +7.116192220e+000 -6.885380778e+001 -6.885380778e+001 +4.0586e+000 -8.5227e-001 +5.4091e-001
181 +4.785453461e+000 +4.785453461e+000 -7.118454654e+001 -7.118454654e+001 +3.7029e+000 -7.7589e-001 +2.5232e-001
191 +1.738472714e+000 +1.738472714e+000 -7.423152729e+001 -7.423152729e+001 +3.7402e+000 -2.3704e+000 +1.0765e+000
214 +1.528605304e+000 +1.528605304e+000 -7.444139470e+001 -7.444139470e+001 +3.1010e+000 -2.5710e+000 +1.4142e-001
215 +7.622381242e-001 +7.622381242e-001 -7.520776188e+001 -7.520776188e+001 +3.4723e+000 -2.7649e+000 +1.0930e+000
228 +5.203252977e-001 +5.203252977e-001 -7.544967470e+001 -7.544967470e+001 +3.5700e+000 -2.7077e+000 +2.7984e-001
234 +5.048800566e-001 +5.048800566e-001 -7.546511994e+001 -7.546511994e+001 +3.3092e+000 -2.6976e+000 +7.4352e-001
235 +1.428496032e-001 +1.428496032e-001 -7.582715040e+001 -7.582715040e+001 +3.2608e+000 -2.7326e+000 +1.1220e-001
257 +1.133947492e-001 +1.133947492e-001 -7.585660525e+001 -7.585660525e+001 +3.2843e+000 -2.8213e+000 -6.8967e-002
282 +1.097384597e-001 +1.097384597e-001 -7.586026154e+001 -7.586026154e+001 +3.2091e+000 -2.8080e+000 +1.5581e-001
287 +8.075580092e-002 +8.075580092e-002 -7.588924420e+001 -7.588924420e+001 +3.1725e+000 -3.1413e+000 +3.1572e-001
313 +4.612159857e-002 +4.612159857e-002 -7.592387840e+001 -7.592387840e+001 +3.2394e+000 -2.9748e+000 +3.1147e-002
321 +4.462891281e-002 +4.462891281e-002 -7.592537109e+001 -7.592537109e+001 +3.2044e+000 -3.0863e+000 +1.2304e-001
328 +4.075016250e-002 +4.075016250e-002 -7.592924984e+001 -7.592924984e+001 +3.2216e+000 -2.9509e+000 +1.0460e-001
340 +3.626325465e-002 +3.626325465e-002 -7.593373675e+001 -7.593373675e+001 +3.1049e+000 -3.1114e+000 +2.2304e-001
341 +2.757366708e-002 +2.757366708e-002 -7.594242633e+001 -7.594242633e+001 +3.1512e+000 -3.1080e+000 +1.3921e-001
342 +2.169199720e-002 +2.169199720e-002 -7.594830800e+001 -7.594830800e+001 +3.1668e+000 -3.0650e+000 -1.2170e-001
344 +1.478199724e-002 +1.478199724e-002 -7.595521800e+001 -7.595521800e+001 +3.0608e+000 -3.1101e+000 +7.9720e-002
349 +1.371592407e-002 +1.371592407e-002 -7.595628408e+001 -7.595628408e+001 +3.1102e+000 -3.0858e+000 +3.6543e-002
361 +1.213443850e-002 +1.213443850e-002 -7.595786556e+001 -7.595786556e+001 +3.1176e+000 -3.0881e+000 -1.4516e-001
364 +1.138478841e-002 +1.138478841e-002 -7.595861521e+001 -7.595861521e+001 +3.1133e+000 -3.0813e+000 -4.8405e-002
377 +1.005758067e-002 +1.005758067e-002 -7.595994242e+001 -7.595994242e+001 +3.1084e+000 -3.0739e+000 -8.7458e-002
391 +9.639309720e-003 +9.639309720e-003 -7.596036069e+001 -7.596036069e+001 +3.1013e+000 -3.0797e+000 -5.1792e-002
393 +9.117819090e-003 +9.117819090e-003 -7.596088218e+001 -7.596088218e+001 +3.0945e+000 -3.0734e+000 -5.5360e-002
419 +8.591582591e-003 +8.591582591e-003 -7.596140842e+001 -7.596140842e+001 +3.1005e+000 -3.0961e+000 -6.9137e-002
422 +8.403228372e-003 +8.403228372e-003 -7.596159677e+001 -7.596159677e+001 +3.1009e+000 -3.0790e+000 -1.0547e-001
424 +7.906939468e-003 +7.906939468e-003 -7.596209306e+001 -7.596209306e+001 +3.0987e+000 -3.0918e+000 -8.7752e-002
429 +6.067881887e-003 +6.067881887e-003 -7.596393212e+001 -7.596393212e+001 +3.0833e+000 -3.1165e+000 -6.5279e-002
453 +4.012449023e-003 +4.012449023e-003 -7.596598755e+001 -7.596598755e+001 +3.0283e+000 -3.1190e+000 -8.4341e-002
456 +3.713087328e-003 +3.713087328e-003 -7.596628691e+001 -7.596628691e+001 +3.0359e+000 -3.1295e+000 -9.0855e-002
464 +3.354117510e-003 +3.354117510e-003 -7.596664588e+001 -7.596664588e+001 +3.0373e+000 -3.1494e+000 -1.3959e-001
467 +2.667524835e-003 +2.667524835e-003 -7.596733248e+001 -7.596733248e+001 +3.0238e+000 -3.1606e+000 -1.4775e-001
491 +2.437904352e-003 +2.437904352e-003 -7.596756210e+001 -7.596756210e+001 +3.0188e+000 -3.1775e+000 -1.4450e-001
499 +1.429099030e-003 +1.429099030e-003 -7.596857090e+001 -7.596857090e+001 +3.0163e+000 -3.1560e+000 -2.3043e-001
527 +1.272535108e-003 +1.272535108e-003 -7.596872746e+001 -7.596872746e+001 +3.0008e+000 -3.1566e+000 -2.0546e-001
538 +1.144557403e-003 +1.144557403e-003 -7.596885544e+001 -7.596885544e+001 +3.0115e+000 -3.1869e+000 -2.6876e-001
549 +9.757378511e-004 +9.757378511e-004 -7.596902426e+001 -7.596902426e+001 +3.0021e+000 -3.1674e+000 -2.4541e-001
551 +9.365348069e-004 +9.365348069e-004 -7.596906347e+001 -7.596906347e+001 +3.0012e+000 -3.1791e+000 -2.3536e-001
577 +8.851007586e-004 +8.851007586e-004 -7.596911490e+001 -7.596911490e+001 +2.9853e+000 -3.1758e+000 -2.4857e-001
605 +8.492917903e-004 +8.492917903e-004 -7.596915071e+001 -7.596915071e+001 +2.9918e+000 -3.1984e+000 -2.7186e-001
611 +8.289093888e-004 +8.289093888e-004 -7.596917109e+001 -7.596917109e+001 +2.9813e+000 -3.1928e+000 -2.3332e-001
619 +8.063150680e-004 +8.063150680e-004 -7.596919368e+001 -7.596919368e+001 +2.9853e+000 -3.1924e+000 -2.5080e-001
620 +6.068111566e-004 +6.068111566e-004 -7.596939319e+001 -7.596939319e+001 +2.9777e+000 -3.1969e+000 -2.8168e-001
632 +2.902592967e-004 +2.902592967e-004 -7.596970974e+001 -7.596970974e+001 +2.9584e+000 -3.2085e+000 -3.1354e-001
647 +2.504981760e-004 +2.504981760e-004 -7.596974950e+001 -7.596974950e+001 +2.9252e+000 -3.2919e+000 -2.7929e-001
665 +1.396634553e-004 +1.396634553e-004 -7.596986034e+001 -7.596986034e+001 +2.9355e+000 -3.2393e+000 -3.8815e-001
677 +8.033157980e-005 +8.033157980e-005 -7.596991967e+001 -7.596991967e+001 +2.9241e+000 -3.2653e+000 -3.2343e-001
678 +7.784651780e-005 +7.784651780e-005 -7.596992215e+001 -7.596992215e+001 +2.9256e+000 -3.2565e+000 -3.3078e-001
701 +4.104456018e-005 +4.104456018e-005 -7.596995896e+001 -7.596995896e+001 +2.9156e+000 -3.2724e+000 -4.0763e-001
707 +1.065782180e-005 +1.065782180e-005 -7.596998934e+001 -7.596998934e+001 +2.9010e+000 -3.2825e+000 -4.0213e-001
905 +8.536873011e-006 +8.536873011e-006 -7.596999146e+001 -7.596999146e+001 +2.8947e+000 -3.2852e+000 -3.8014e-001
920 +7.897950098e-006 +7.897950098e-006 -7.596999210e+001 -7.596999210e+001 +2.8943e+000 -3.2834e+000 -3.8483e-001
925 +7.367401452e-006 +7.367401452e-006 -7.596999263e+001 -7.596999263e+001 +2.8967e+000 -3.2818e+000 -3.9840e-001
928 +7.119200291e-006 +7.119200291e-006 -7.596999288e+001 -7.596999288e+001 +2.8957e+000 -3.2847e+000 -3.9013e-001
932 +6.886007156e-006 +6.886007156e-006 -7.596999311e+001 -7.596999311e+001 +2.8836e+000 -3.2827e+000 -4.0579e-001
947 +6.337715845e-006 +6.337715845e-006 -7.596999366e+001 -7.596999366e+001 +2.8909e+000 -3.2869e+000 -4.1810e-001
957 +5.684469727e-006 +5.684469727e-006 -7.596999432e+001 -7.596999432e+001 +2.8893e+000 -3.2884e+000 -4.0659e-001
959 +2.481136320e-006 +2.481136320e-006 -7.596999752e+001 -7.596999752e+001 +2.8838e+000 -3.2952e+000 -4.0692e-001
966 +2.329111950e-006 +2.329111950e-006 -7.596999767e+001 -7.596999767e+001 +2.8852e+000 -3.3023e+000 -4.0826e-001
996 +2.087459293e-006 +2.087459293e-006 -7.596999791e+001 -7.596999791e+001 +2.8826e+000 -3.2942e+000 -4.1425e-001
1004 +1.392931338e-006 +1.392931338e-006 -7.596999861e+001 -7.596999861e+001 +2.8778e+000 -3.3014e+000 -4.3867e-001
1032 +1.083702657e-006 +1.083702657e-006 -7.596999892e+001 -7.596999892e+001 +2.8772e+000 -3.3082e+000 -4.1690e-001
1041 +6.535204733e-007 +6.535204733e-007 -7.596999935e+001 -7.596999935e+001 +2.8755e+000 -3.3119e+000 -4.2496e-001
1054 +3.475575880e-007 +3.475575880e-007 -7.596999965e+001 -7.596999965e+001 +2.8684e+000 -3.3124e+000 -4.2601e-001
1148 +3.300994962e-007 +3.300994962e-007 -7.596999967e+001 -7.596999967e+001 +2.8712e+000 -3.3106e+000 -4.2893e-001
1152 +2.964197421e-007 +2.964197421e-007 -7.596999970e+001 -7.596999970e+001 +2.8710e+000 -3.3122e+000 -4.2929e-001
1160 +2.772339798e-007 +2.772339798e-007 -7.596999972e+001 -7.596999972e+001 +2.8712e+000 -3.3126e+000 -4.3128e-001
1161 +2.607014551e-007 +2.607014551e-007 -7.596999974e+001 -7.596999974e+001 +2.8703e+000 -3.3151e+000 -4.3044e-001
1164 +2.333547258e-007 +2.333547258e-007 -7.596999977e+001 -7.596999977e+001 +2.8694e+000 -3.3103e+000 -4.3518e-001
1173 +1.559233738e-007 +1.559233738e-007 -7.596999984e+001 -7.596999984e+001 +2.8684e+000 -3.3139e+000 -4.3788e-001
1191 +1.431832857e-007 +1.431832857e-007 -7.596999986e+001 -7.596999986e+001 +2.8663e+000 -3.3130e+000 -4.4892e-001
1204 +1.227952282e-007 +1.227952282e-007 -7.596999988e+001 -7.596999988e+001 +2.8671e+000 -3.3141e+000 -4.3919e-001
1220 +1.197429924e-007 +1.197429924e-007 -7.596999988e+001 -7.596999988e+001 +2.8676e+000 -3.3148e+000 -4.4278e-001
1221 +8.784537897e-008 +8.784537897e-008 -7.596999991e+001 -7.596999991e+001 +2.8663e+000 -3.3147e+000 -4.4526e-001
1236 +6.868523883e-008 +6.868523883e-008 -7.596999993e+001 -7.596999993e+001 +2.8657e+000 -3.3155e+000 -4.4191e-001
1246 +6.644955874e-008 +6.644955874e-008 -7.596999993e+001 -7.596999993e+001 +2.8647e+000 -3.3149e+000 -4.4832e-001
1255 +4.721349001e-008 +4.721349001e-008 -7.596999995e+001 -7.596999995e+001 +2.8632e+000 -3.3172e+000 -4.5194e-001
1271 +4.436761003e-008 +4.436761003e-008 -7.596999996e+001 -7.596999996e+001 +2.8624e+000 -3.3193e+000 -4.4201e-001
1280 +4.109638496e-008 +4.109638496e-008 -7.596999996e+001 -7.596999996e+001 +2.8627e+000 -3.3235e+000 -4.4957e-001
1283 +3.270480420e-008 +3.270480420e-008 -7.596999997e+001 -7.596999997e+001 +2.8630e+000 -3.3188e+000 -4.4942e-001
1294 +2.442833136e-008 +2.442833136e-008 -7.596999998e+001 -7.596999998e+001 +2.8628e+000 -3.3201e+000 -4.4963e-001
1307 +1.832493979e-008 +1.832493979e-008 -7.596999998e+001 -7.596999998e+001 +2.8622e+000 -3.3198e+000 -4.4872e-001
1313 +1.163962793e-008 +1.163962793e-008 -7.596999999e+001 -7.596999999e+001 +2.8591e+000 -3.3217e+000 -4.4874e-001
1353 +1.049100717e-008 +1.049100717e-008 -7.596999999e+001 -7.596999999e+001 +2.8601e+000 -3.3241e+000 -4.4969e-001
1371 +9.074724971e-009 +9.074724971e-009 -7.596999999e+001 -7.596999999e+001 +2.8598e+000 -3.3245e+000 -4.4989e-001
2270 +0.000000000e+000 +0.000000000e+000 -7.597000000e+001 -7.597000000e+001 +2.8526e+000 -3.3301e+000 -4.6232e-001
% function evaluation | noise-free fitness - Fopt (-1.699000000000e+001) | best noise-free fitness - Fopt | measured fitness | best measured fitness | x1 | x2...
1 +3.863615797e+001 +3.863615797e+001 +2.164615797e+001 +2.164615797e+001 +0.0000e+000 +0.0000e+000 +0.0000e+000
2 +1.460557316e+001 +1.460557316e+001 -2.384426842e+000 -2.384426842e+000 +2.8991e+000 +2.5102e+000 -4.7709e+000
3 +1.413255410e+001 +1.413255410e+001 -2.857445904e+000 -2.857445904e+000 +2.8742e+000 +2.5010e+000 -4.7769e+000
18 +1.405089688e+001 +1.405089688e+001 -2.939103115e+000 -2.939103115e+000 +2.8839e+000 +2.4952e+000 -4.7884e+000
31 +1.370836258e+001 +1.370836258e+001 -3.281637417e+000 -3.281637417e+000 +2.8861e+000 +2.4791e+000 -4.7738e+000
36 +1.342938809e+001 +1.342938809e+001 -3.560611906e+000 -3.560611906e+000 +2.8726e+000 +2.4742e+000 -4.7910e+000
49 +1.160500870e+001 +1.160500870e+001 -5.384991302e+000 -5.384991302e+000 +2.9025e+000 +3.2121e+000 -4.7572e+000
71 +9.259548410e+000 +9.259548410e+000 -7.730451590e+000 -7.730451590e+000 +1.8543e+000 +2.7627e+000 -4.8189e+000
75 +4.823822656e+000 +4.823822656e+000 -1.216617734e+001 -1.216617734e+001 +2.8758e+000 +1.7752e+000 -4.7798e+000
100 +2.029817777e+000 +2.029817777e+000 -1.496018222e+001 -1.496018222e+001 +2.6055e+000 +1.4938e+000 -4.8770e+000
203 +1.740090405e+000 +1.740090405e+000 -1.524990959e+001 -1.524990959e+001 +2.0740e+000 +1.1123e+000 -5.0160e+000
229 +1.636473449e+000 +1.636473449e+000 -1.535352655e+001 -1.535352655e+001 +2.1452e+000 +1.2060e+000 -4.9978e+000
242 +1.599058662e+000 +1.599058662e+000 -1.539094134e+001 -1.539094134e+001 +2.1817e+000 +1.1770e+000 -5.0109e+000
266 +1.570261554e+000 +1.570261554e+000 -1.541973845e+001 -1.541973845e+001 +2.2606e+000 +1.1900e+000 -4.9651e+000
% function evaluation | noise-free fitness - Fopt (2.740000000000e+000) | best noise-free fitness - Fopt | measured fitness | best measured fitness | x1 | x2...
1 +1.695646853e+001 +1.695646853e+001 +1.969646853e+001 +1.969646853e+001 +0.0000e+000 +0.0000e+000 +0.0000e+000
82 +1.450749743e+001 +1.450749743e+001 +1.724749743e+001 +1.724749743e+001 +2.5609e+000 +6.0568e+000 -3.0313e+000
134 +1.409339795e+001 +1.409339795e+001 +1.683339795e+001 +1.683339795e+001 +2.5108e+000 +6.1922e+000 -3.0038e+000
141 +8.433588903e+000 +8.433588903e+000 +1.117358890e+001 +1.117358890e+001 +2.3357e+000 +4.7526e+000 -2.8598e+000
144 +8.147200101e+000 +8.147200101e+000 +1.088720010e+001 +1.088720010e+001 +2.5287e+000 +5.0287e+000 -2.8543e+000
159 +7.986669897e+000 +7.986669897e+000 +1.072666990e+001 +1.072666990e+001 +2.4413e+000 +4.8425e+000 -2.8070e+000
168 +7.891525127e+000 +7.891525127e+000 +1.063152513e+001 +1.063152513e+001 +2.3968e+000 +5.0165e+000 -2.7939e+000
182 +7.670063474e+000 +7.670063474e+000 +1.041006347e+001 +1.041006347e+001 +2.3458e+000 +3.1954e+000 +1.9332e+000
252 +2.189458140e+000 +2.189458140e+000 +4.929458140e+000 +4.929458140e+000 +3.0124e+000 +3.9640e+000 +2.8509e+000
287 +1.951176904e+000 +1.951176904e+000 +4.691176904e+000 +4.691176904e+000 +3.1111e+000 +4.1406e+000 +4.2286e+000
313 +1.903720101e+000 +1.903720101e+000 +4.643720101e+000 +4.643720101e+000 +3.2632e+000 +3.9258e+000 +3.3482e+000
318 +1.838306553e+000 +1.838306553e+000 +4.578306553e+000 +4.578306553e+000 +3.4177e+000 +4.0627e+000 +4.0036e+000
331 +1.688211316e+000 +1.688211316e+000 +4.428211316e+000 +4.428211316e+000 +3.3444e+000 +4.0966e+000 +4.3686e+000
345 +1.352961855e+000 +1.352961855e+000 +4.092961855e+000 +4.092961855e+000 +3.5324e+000 +4.0090e+000 +4.5695e+000
391 +1.345802263e+000 +1.345802263e+000 +4.085802263e+000 +4.085802263e+000 +3.4240e+000 +3.9700e+000 +4.2829e+000
400 +1.312278168e+000 +1.312278168e+000 +4.052278168e+000 +4.052278168e+000 +3.4587e+000 +4.0108e+000 +4.3805e+000
420 +1.257949947e+000 +1.257949947e+000 +3.997949947e+000 +3.997949947e+000 +3.5004e+000 +3.9707e+000 +4.5171e+000
% function evaluation | noise-free fitness - Fopt (-3.564000000000e+001) | best noise-free fitness - Fopt | measured fitness | best measured fitness | x1 | x2...
1 +5.323604944e+001 +5.323604944e+001 +1.759604944e+001 +1.759604944e+001 +0.0000e+000 +0.0000e+000 +0.0000e+000
2 +2.184374340e+001 +2.184374340e+001 -1.379625660e+001 -1.379625660e+001 +2.6407e+000 -3.8502e-001 -3.7757e+000
22 +1.925085742e+001 +1.925085742e+001 -1.638914258e+001 -1.638914258e+001 +2.6418e+000 -4.2691e-001 -3.7719e+000
27 +1.711816374e+001 +1.711816374e+001 -1.852183626e+001 -1.852183626e+001 +2.6288e+000 -4.7224e-001 -3.7913e+000
40 +1.498598546e+001 +1.498598546e+001 -2.065401454e+001 -2.065401454e+001 +2.5707e+000 -5.5163e-001 -3.7617e+000
59 +1.061126492e+001 +1.061126492e+001 -2.502873508e+001 -2.502873508e+001 +2.5984e+000 -1.6727e+000 -3.6469e+000
65 +1.017867328e+001 +1.017867328e+001 -2.546132672e+001 -2.546132672e+001 +2.6386e+000 -1.0385e+000 -3.7275e+000
74 +9.746787229e+000 +9.746787229e+000 -2.589321277e+001 -2.589321277e+001 +2.6024e+000 -1.1526e+000 -3.6778e+000
87 +9.412807203e+000 +9.412807203e+000 -2.622719280e+001 -2.622719280e+001 +2.6236e+000 -1.1281e+000 -3.4730e+000
91 +8.204350597e+000 +8.204350597e+000 -2.743564940e+001 -2.743564940e+001 +2.6255e+000 -1.4193e+000 -3.6281e+000
100 +7.190584428e+000 +7.190584428e+000 -2.844941557e+001 -2.844941557e+001 +2.5891e+000 -1.5768e+000 -3.3996e+000
126 +6.735261632e+000 +6.735261632e+000 -2.890473837e+001 -2.890473837e+001 +2.6155e+000 -1.9156e+000 -3.3320e+000
157 +6.046803831e+000 +6.046803831e+000 -2.959319617e+001 -2.959319617e+001 +2.6104e+000 -1.8466e+000 -3.1791e+000
258 +5.958888979e+000 +5.958888979e+000 -2.968111102e+001 -2.968111102e+001 +2.6133e+000 -1.9066e+000 -3.1707e+000
623 +5.886503783e+000 +5.886503783e+000 -2.975349622e+001 -2.975349622e+001 +2.6433e+000 -1.9490e+000 -3.2236e+000
1040 +5.752968377e+000 +5.752968377e+000 -2.988703162e+001 -2.988703162e+001 +2.7209e+000 -1.9501e+000 -3.3950e+000
1611 +5.621663069e+000 +5.621663069e+000 -3.001833693e+001 -3.001833693e+001 +2.8056e+000 -1.9255e+000 -3.5750e+000
2987 +5.495344262e+000 +5.495344262e+000 -3.014465574e+001 -3.014465574e+001 +2.9035e+000 -1.9181e+000 -3.8075e+000
% function evaluation | noise-free fitness - Fopt (-4.590900000000e+002) | best noise-free fitness - Fopt | measured fitness | best measured fitness | x1 | x2...
1 +4.725826888e+001 +4.725826888e+001 -4.118317311e+002 -4.118317311e+002 +0.0000e+000 +0.0000e+000 +0.0000e+000
32 +4.579639170e+001 +4.579639170e+001 -4.132936083e+002 -4.132936083e+002 +7.5157e-001 +4.1944e+000 +4.4907e+000
49 +4.385825746e+001 +4.385825746e+001 -4.152317425e+002 -4.152317425e+002 +7.0572e-001 +4.2036e+000 +4.4460e+000
54 +3.268226284e+001 +3.268226284e+001 -4.264077372e+002 -4.264077372e+002 +5.5764e-001 +4.1334e+000 +4.5279e+000
61 +3.178003249e+001 +3.178003249e+001 -4.273099675e+002 -4.273099675e+002 +2.3600e+000 +4.2476e+000 +4.3959e+000
62 +2.770943406e+001 +2.770943406e+001 -4.313805659e+002 -4.313805659e+002 +3.2548e+000 +4.2207e+000 +3.6970e+000
79 +2.424785525e+001 +2.424785525e+001 -4.348421448e+002 -4.348421448e+002 +2.7940e+000 +4.3049e+000 +4.2994e+000
81 +1.445639045e+001 +1.445639045e+001 -4.446336095e+002 -4.446336095e+002 +4.2354e+000 +4.2525e+000 +4.0003e+000
83 +8.242254642e+000 +8.242254642e+000 -4.508477454e+002 -4.508477454e+002 -2.8889e+000 +4.6262e+000 +4.1630e+000
100 +4.691106678e+000 +4.691106678e+000 -4.543988933e+002 -4.543988933e+002 -1.6537e+000 +4.4641e+000 +4.1381e+000
137 +2.118589568e+000 +2.118589568e+000 -4.569714104e+002 -4.569714104e+002 -2.4030e+000 +4.7381e+000 +4.1746e+000
177 +1.876451552e+000 +1.876451552e+000 -4.572135484e+002 -4.572135484e+002 -1.6720e+000 +4.3689e+000 +3.5110e+000
184 +1.312780133e+000 +1.312780133e+000 -4.577772199e+002 -4.577772199e+002 -1.8451e+000 +4.3305e+000 +3.5129e+000
210 +1.014705875e+000 +1.014705875e+000 -4.580752941e+002 -4.580752941e+002 -1.8046e+000 +4.3821e+000 +3.2598e+000
215 +9.546283900e-001 +9.546283900e-001 -4.581353716e+002 -4.581353716e+002 -1.9137e+000 +4.2919e+000 +3.2469e+000
234 +9.013404977e-001 +9.013404977e-001 -4.581886595e+002 -4.581886595e+002 -1.9111e+000 +4.3297e+000 +3.1279e+000
248 +8.869808142e-001 +8.869808142e-001 -4.582030192e+002 -4.582030192e+002 -1.9170e+000 +4.3194e+000 +3.2092e+000
255 +8.604579482e-001 +8.604579482e-001 -4.582295421e+002 -4.582295421e+002 -1.8811e+000 +4.3685e+000 +3.1714e+000
257 +8.033542705e-001 +8.033542705e-001 -4.582866457e+002 -4.582866457e+002 -1.9278e+000 +4.3826e+000 +3.2142e+000
265 +7.919530489e-001 +7.919530489e-001 -4.582980470e+002 -4.582980470e+002 -1.9722e+000 +4.4769e+000 +3.1693e+000
274 +7.747921563e-001 +7.747921563e-001 -4.583152078e+002 -4.583152078e+002 -1.9436e+000 +4.4079e+000 +3.2425e+000
316 +7.529637307e-001 +7.529637307e-001 -4.583370363e+002 -4.583370363e+002 -1.9814e+000 +4.4701e+000 +3.2135e+000
320 +7.393766616e-001 +7.393766616e-001 -4.583506233e+002 -4.583506233e+002 -2.0136e+000 +4.4648e+000 +3.2292e+000
378 +7.221635370e-001 +7.221635370e-001 -4.583678365e+002 -4.583678365e+002 -2.0401e+000 +4.4978e+000 +3.2505e+000
411 +7.042214970e-001 +7.042214970e-001 -4.583857785e+002 -4.583857785e+002 -2.0495e+000 +4.5172e+000 +3.2981e+000
% function evaluation | noise-free fitness - Fopt (6.085000000000e+001) | best noise-free fitness - Fopt | measured fitness | best measured fitness | x1 | x2...
1 +1.470620621e+001 +1.470620621e+001 +7.555620621e+001 +7.555620621e+001 +0.0000e+000 +0.0000e+000 +0.0000e+000
81 +1.120598141e+001 +1.120598141e+001 +7.205598141e+001 +7.205598141e+001 -2.5290e+000 +2.4326e+000 -2.5323e+000
84 +1.092997006e+001 +1.092997006e+001 +7.177997006e+001 +7.177997006e+001 -3.1279e+000 +2.4506e+000 +1.5535e+000
104 +9.724871682e+000 +9.724871682e+000 +7.057487168e+001 +7.057487168e+001 -3.1388e+000 +2.4999e+000 +1.0254e+000
115 +7.313699071e+000 +7.313699071e+000 +6.816369907e+001 +6.816369907e+001 -3.0055e+000 +2.8801e+000 +6.7930e-001
122 +6.608249904e+000 +6.608249904e+000 +6.745824990e+001 +6.745824990e+001 -2.9301e+000 +2.7794e+000 +9.1471e-001
126 +4.877548576e+000 +4.877548576e+000 +6.572754858e+001 +6.572754858e+001 -2.9099e+000 +2.9026e+000 +2.4063e+000
154 +2.623574519e+000 +2.623574519e+000 +6.347357452e+001 +6.347357452e+001 -2.9927e+000 +3.5770e+000 +1.5249e+000
156 +2.042964137e+000 +2.042964137e+000 +6.289296414e+001 +6.289296414e+001 -2.6472e+000 +3.6851e+000 +9.7463e-001
162 +1.737449939e+000 +1.737449939e+000 +6.258744994e+001 +6.258744994e+001 -3.1357e+000 +3.6266e+000 +8.4853e-001
193 +1.378858844e+000 +1.378858844e+000 +6.222885884e+001 +6.222885884e+001 -2.7648e+000 +3.3505e+000 +1.0141e+000
230 +1.326112473e+000 +1.326112473e+000 +6.217611247e+001 +6.217611247e+001 -2.8632e+000 +3.4698e+000 +9.4894e-001
232 +9.842851343e-001 +9.842851343e-001 +6.183428513e+001 +6.183428513e+001 -2.8538e+000 +3.3816e+000 +1.0585e+000
249 +8.584133252e-001 +8.584133252e-001 +6.170841333e+001 +6.170841333e+001 -3.2209e+000 +3.4579e+000 +9.6548e-001
262 +8.484984643e-001 +8.484984643e-001 +6.169849846e+001 +6.169849846e+001 -3.1927e+000 +3.4721e+000 +9.8023e-001
273 +8.177870573e-001 +8.177870573e-001 +6.166778706e+001 +6.166778706e+001 -3.1261e+000 +3.3325e+000 +1.3648e+000
275 +7.756595456e-001 +7.756595456e-001 +6.162565955e+001 +6.162565955e+001 -3.0593e+000 +3.4406e+000 +1.1300e+000
376 +7.406022581e-001 +7.406022581e-001 +6.159060226e+001 +6.159060226e+001 -3.1039e+000 +3.3645e+000 +1.1653e+000
380 +7.118176974e-001 +7.118176974e-001 +6.156181770e+001 +6.156181770e+001 -3.0651e+000 +3.3709e+000 +1.1956e+000
427 +7.048106307e-001 +7.048106307e-001 +6.155481063e+001 +6.155481063e+001 -3.0291e+000 +3.3758e+000 +1.2438e+000
% function evaluation | noise-free fitness - Fopt (-1.435000000000e+002) | best noise-free fitness - Fopt | measured fitness | best measured fitness | x1 | x2...
1 +3.054000602e+001 +3.054000602e+001 -1.129599940e+002 -1.129599940e+002 +0.0000e+000 +0.0000e+000 +0.0000e+000
2 +1.623872940e+001 +1.623872940e+001 -1.272612706e+002 -1.272612706e+002 +3.4566e+000 +4.2170e+000 -3.0611e+000
4 +1.508806646e+001 +1.508806646e+001 -1.284119335e+002 -1.284119335e+002 +3.4691e+000 +4.2191e+000 -3.0711e+000
18 +1.423445025e+001 +1.423445025e+001 -1.292655497e+002 -1.292655497e+002 +3.4726e+000 +4.2206e+000 -3.0852e+000
35 +1.391350153e+001 +1.391350153e+001 -1.295864985e+002 -1.295864985e+002 +3.4680e+000 +4.2220e+000 -3.0969e+000
36 +1.294356681e+001 +1.294356681e+001 -1.305564332e+002 -1.305564332e+002 +3.4933e+000 +4.2243e+000 -3.0909e+000
48 +8.722226197e+000 +8.722226197e+000 -1.347777738e+002 -1.347777738e+002 +3.4867e+000 +4.2731e+000 -3.2406e+000
66 +8.589585939e+000 +8.589585939e+000 -1.349104141e+002 -1.349104141e+002 +3.5617e+000 +4.2838e+000 -3.1541e+000
74 +8.205987174e+000 +8.205987174e+000 -1.352940128e+002 -1.352940128e+002 +3.4772e+000 +4.4725e+000 -3.2762e+000
77 +7.435506816e+000 +7.435506816e+000 -1.360644932e+002 -1.360644932e+002 +3.5608e+000 +4.3400e+000 -3.2532e+000
83 +6.891274342e+000 +6.891274342e+000 -1.366087257e+002 -1.366087257e+002 +3.5664e+000 +4.4745e+000 -3.3469e+000
99 +6.051919652e+000 +6.051919652e+000 -1.374480803e+002 -1.374480803e+002 +3.6744e+000 +4.4509e+000 -3.3799e+000
104 +6.001209626e+000 +6.001209626e+000 -1.374987904e+002 -1.374987904e+002 +3.6264e+000 +4.3463e+000 -3.3692e+000
116 +5.369547813e+000 +5.369547813e+000 -1.381304522e+002 -1.381304522e+002 +3.6353e+000 +4.0511e+000 -3.4029e+000
127 +5.222884204e+000 +5.222884204e+000 -1.382771158e+002 -1.382771158e+002 +3.6276e+000 +3.9912e+000 -3.4662e+000
147 +4.424089430e+000 +4.424089430e+000 -1.390759106e+002 -1.390759106e+002 +3.7775e+000 +4.1153e+000 -3.4017e+000
148 +4.209835548e+000 +4.209835548e+000 -1.392901645e+002 -1.392901645e+002 +4.2003e+000 +4.2970e+000 -2.8217e+000
154 +3.518575983e+000 +3.518575983e+000 -1.399814240e+002 -1.399814240e+002 +3.9867e+000 +4.2381e+000 -3.0667e+000
192 +3.370095609e+000 +3.370095609e+000 -1.401299044e+002 -1.401299044e+002 +3.9541e+000 +4.2036e+000 -3.1780e+000
200 +3.221377328e+000 +3.221377328e+000 -1.402786227e+002 -1.402786227e+002 +3.9852e+000 +3.9026e+000 -3.2463e+000
% function evaluation | noise-free fitness - Fopt (9.465100000000e+002) | best noise-free fitness - Fopt | measured fitness | best measured fitness | x1 | x2...
1 +3.694690528e+001 +3.694690528e+001 +9.834569053e+002 +9.834569053e+002 +0.0000e+000 +0.0000e+000 +0.0000e+000
56 +3.377647161e+001 +3.377647161e+001 +9.802864716e+002 +9.802864716e+002 +2.8649e+000 +4.8493e+000 +2.9554e+000
62 +2.204833516e+001 +2.204833516e+001 +9.685583352e+002 +9.685583352e+002 +2.7974e+000 +4.8384e+000 +3.2065e+000
63 +1.957923294e+001 +1.957923294e+001 +9.660892329e+002 +9.660892329e+002 +2.8661e+000 +4.8749e+000 +3.2284e+000
64 +8.915314243e+000 +8.915314243e+000 +9.554253142e+002 +9.554253142e+002 +2.8600e+000 +4.8356e+000 +3.7514e+000
82 +8.064988262e+000 +8.064988262e+000 +9.545749883e+002 +9.545749883e+002 +2.8729e+000 +4.8640e+000 -7.8303e-001
167 +7.806287917e+000 +7.806287917e+000 +9.543162879e+002 +9.543162879e+002 +3.7491e+000 +4.9918e+000 +1.9316e-001
181 +7.528093594e+000 +7.528093594e+000 +9.540380936e+002 +9.540380936e+002 +3.7250e+000 +5.0028e+000 +1.0098e-001
190 +7.283595000e+000 +7.283595000e+000 +9.537935950e+002 +9.537935950e+002 +3.6078e+000 +4.9923e+000 +2.2427e-001
201 +6.876109958e+000 +6.876109958e+000 +9.533861100e+002 +9.533861100e+002 +3.6194e+000 +5.0508e+000 -1.4947e-002
227 +6.735316281e+000 +6.735316281e+000 +9.532453163e+002 +9.532453163e+002 +3.5139e+000 +5.0212e+000 -3.0750e-001
400 +6.572439111e+000 +6.572439111e+000 +9.530824391e+002 +9.530824391e+002 +3.4567e+000 +4.9662e+000 -1.9445e-001
502 +6.446952579e+000 +6.446952579e+000 +9.529569526e+002 +9.529569526e+002 +3.3625e+000 +4.9265e+000 -3.4305e-001
804 +6.307287015e+000 +6.307287015e+000 +9.528172870e+002 +9.528172870e+002 +3.2281e+000 +4.8274e+000 -4.3488e-001
