% function evaluation | noise-free fitness - Fopt (4.078000000000e+01) | best noise-free fitness - Fopt | measured fitness | best measured fitness | x1 | x2...
1 +3.454477296e+01 +3.454477296e+01 +7.532477296e+01 +7.532477296e+01 +0.0000e+00 +0.0000e+00 +0.0000e+00 +0.0000e+00 +0.0000e+00
473 +1.796023727e+01 +1.796023727e+01 +5.874023727e+01 +5.874023727e+01 +3.0348e+00 +2.1881e+00 +3.7032e+00 +5.8329e+00 +1.9160e+00
563 +1.761879227e+01 +1.761879227e+01 +5.839879227e+01 +5.839879227e+01 +3.1706e+00 +1.7234e+00 +1.1724e+00 +3.0772e+00 +1.4809e-01
576 +8.661049847e+00 +8.661049847e+00 +4.944104985e+01 +4.944104985e+01 +3.0326e+00 +1.7854e+00 +1.6570e+00 +3.7664e+00 -6.9100e-01
651 +8.291233637e+00 +8.291233637e+00 +4.907123364e+01 +4.907123364e+01 +2.5967e+00 +1.8156e+00 +1.2102e+00 +4.0951e+00 -3.0347e+00
697 +7.588397625e+00 +7.588397625e+00 +4.836839763e+01 +4.836839763e+01 +2.6729e+00 +1.9358e+00 +1.6891e+00 +3.7742e+00 -1.1668e+00
710 +6.627542744e+00 +6.627542744e+00 +4.740754274e+01 +4.740754274e+01 +3.0059e+00 +1.9173e+00 +1.0958e+00 +3.6329e+00 -9.5315e-01
756 +5.648443821e+00 +5.648443821e+00 +4.642844382e+01 +4.642844382e+01 +3.2906e+00 +1.9956e+00 +1.2009e+00 +4.0772e+00 -1.1423e+00
803 +5.227991658e+00 +5.227991658e+00 +4.600799166e+01 +4.600799166e+01 +3.0425e+00 +2.0655e+00 +9.5478e-01 +3.9455e+00 -1.1405e+00
819 +4.800239207e+00 +4.800239207e+00 +4.558023921e+01 +4.558023921e+01 +3.0718e+00 +2.0736e+00 +8.5537e-01 +3.6973e+00 -1.3310e+00
878 +4.688618365e+00 +4.688618365e+00 +4.546861836e+01 +4.546861836e+01 +3.1483e+00 +2.0993e+00 +9.2259e-01 +3.8575e+00 -1.2284e+00
921 +4.205497454e+00 +4.205497454e+00 +4.498549745e+01 +4.498549745e+01 +3.0484e+00 +2.0918e+00 +9.6349e-01 +3.8209e+00 -1.3387e+00
939 +3.757582013e+00 +3.757582013e+00 +4.453758201e+01 +4.453758201e+01 +3.1414e+00 +1.7486e+00 +1.2605e+00 +3.9033e+00 -1.9208e+00
944 +2.862362465e+00 +2.862362465e+00 +4.364236247e+01 +4.364236247e+01 +3.0644e+00 +2.0920e+00 +9.0865e-01 +3.9182e+00 -1.8163e+00
1010 +2.716118721e+00 +2.716118721e+00 +4.349611872e+01 +4.349611872e+01 +3.0089e+00 +2.0827e+00 +1.0352e+00 +4.0498e+00 -1.9446e+00
1018 +2.669227237e+00 +2.669227237e+00 +4.344922724e+01 +4.344922724e+01 +3.0022e+00 +2.1328e+00 +9.1827e-01 +4.0805e+00 -1.9849e+00
1041 +2.540853761e+00 +2.540853761e+00 +4.332085376e+01 +4.332085376e+01 +3.3305e+00 +2.1202e+00 +8.7402e-01 +4.2883e+00 -2.2540e+00
1128 +2.497249023e+00 +2.497249023e+00 +4.327724902e+01 +4.327724902e+01 +3.1776e+00 +2.1783e+00 +8.8464e-01 +4.1594e+00 -2.0516e+00
% function evaluation | noise-free fitness - Fopt (-1.600000000000e+00) | best noise-free fitness - Fopt | measured fitness | best measured fitness | x1 | x2...
1 +4.431357451e+01 +4.431357451e+01 +4.271357451e+01 +4.271357451e+01 +0.0000e+00 +0.0000e+00 +0.0000e+00 +0.0000e+00 +0.0000e+00
329 +4.050097155e+01 +4.050097155e+01 +3.890097155e+01 +3.890097155e+01 +2.7876e+00 -3.9566e+00 -3.1981e+00 +7.8990e-02 +4.2457e+00
462 +3.895988085e+01 +3.895988085e+01 +3.735988085e+01 +3.735988085e+01 +2.8493e+00 -2.3518e+00 -3.2108e+00 +3.7489e-01 +4.2375e+00
464 +3.420308084e+01 +3.420308084e+01 +3.260308084e+01 +3.260308084e+01 +2.7671e+00 -3.3056e+00 -3.1531e+00 +3.5625e-01 +3.2318e+00
493 +3.111580908e+01 +3.111580908e+01 +2.951580908e+01 +2.951580908e+01 +2.9275e+00 -2.8105e+00 -3.2019e+00 +4.5994e-01 +3.6659e+00
503 +2.737145121e+01 +2.737145121e+01 +2.577145121e+01 +2.577145121e+01 +3.1936e+00 -3.5541e+00 -3.2033e+00 +2.9709e-01 +3.8540e+00
504 +1.850077746e+01 +1.850077746e+01 +1.690077746e+01 +1.690077746e+01 +4.3315e+00 -3.2211e+00 -3.1281e+00 +2.1199e-01 +3.3257e+00
539 +1.728319777e+01 +1.728319777e+01 +1.568319777e+01 +1.568319777e+01 +4.3928e+00 -3.1326e+00 -3.2703e+00 +1.7334e-01 +3.8111e+00
588 +1.684083312e+01 +1.684083312e+01 +1.524083312e+01 +1.524083312e+01 +4.3210e+00 -3.2656e+00 -3.2695e+00 +1.1281e-01 +3.4812e+00
599 +1.644511423e+01 +1.644511423e+01 +1.484511423e+01 +1.484511423e+01 +4.5189e+00 -3.2743e+00 -3.2841e+00 +1.5386e-01 +3.5193e+00
637 +1.519464888e+01 +1.519464888e+01 +1.359464888e+01 +1.359464888e+01 +4.4902e+00 -3.2782e+00 -3.4401e+00 -7.9218e-02 +3.6164e+00
681 +1.381133681e+01 +1.381133681e+01 +1.221133681e+01 +1.221133681e+01 +4.6830e+00 -3.3359e+00 -3.5744e+00 +5.1192e-02 +3.5278e+00
693 +1.295429959e+01 +1.295429959e+01 +1.135429959e+01 +1.135429959e+01 +4.6154e+00 -3.6037e+00 -3.8176e+00 +2.5148e-01 +3.4682e+00
706 +1.130306066e+01 +1.130306066e+01 +9.703060657e+00 +9.703060657e+00 +4.5827e+00 -3.4756e+00 -4.0996e+00 +9.0545e-02 +3.5639e+00
801 +1.066887788e+01 +1.066887788e+01 +9.068877884e+00 +9.068877884e+00 +4.5925e+00 -3.0762e+00 -4.5178e+00 +2.0148e-02 +3.3740e+00
992 +1.045909922e+01 +1.045909922e+01 +8.859099224e+00 +8.859099224e+00 +4.5411e+00 -3.1253e+00 -4.3406e+00 +2.0900e-01 +3.4049e+00
% function evaluation | noise-free fitness - Fopt (-3.708400000000e+02) | best noise-free fitness - Fopt | measured fitness | best measured fitness | x1 | x2...
1 +6.618478373e+01 +6.618478373e+01 -3.046552163e+02 -3.046552163e+02 +0.0000e+00 +0.0000e+00 +0.0000e+00 +0.0000e+00 +0.0000e+00
2 +4.519212092e+01 +4.519212092e+01 -3.256478791e+02 -3.256478791e+02 -2.9790e+00 -4.9451e+00 +4.8377e+00 +6.4453e-01 +3.8030e+00
31 +4.368351222e+01 +4.368351222e+01 -3.271564878e+02 -3.271564878e+02 -2.9768e+00 -4.8409e+00 +4.8233e+00 +6.4313e-01 +3.7953e+00
55 +4.307492303e+01 +4.307492303e+01 -3.277650770e+02 -3.277650770e+02 -2.9783e+00 -4.7714e+00 +4.8189e+00 +6.3225e-01 +3.7918e+00
82 +4.194906619e+01 +4.194906619e+01 -3.288909338e+02 -3.288909338e+02 -2.9771e+00 -4.6557e+00 +4.8226e+00 +6.4126e-01 +3.8100e+00
111 +4.098563596e+01 +4.098563596e+01 -3.298543640e+02 -3.298543640e+02 -2.9776e+00 -4.5576e+00 +4.8181e+00 +6.2999e-01 +3.9691e+00
123 +4.025949239e+01 +4.025949239e+01 -3.305805076e+02 -3.305805076e+02 -2.9829e+00 -4.5048e+00 +4.9600e+00 +6.2707e-01 +3.9407e+00
129 +1.981738923e+01 +1.981738923e+01 -3.510226108e+02 -3.510226108e+02 -2.9746e+00 -2.4944e+00 +4.8725e+00 +6.2995e-01 +3.8002e+00
603 +1.912368502e+01 +1.912368502e+01 -3.517163150e+02 -3.517163150e+02 -2.3543e+00 -4.2323e+00 +4.9233e+00 +1.5083e+00 +5.9492e+00
613 +1.904610470e+01 +1.904610470e+01 -3.517938953e+02 -3.517938953e+02 -2.4659e+00 -3.9230e+00 +5.1601e+00 +1.5022e+00 -5.1406e-01
618 +1.158698168e+01 +1.158698168e+01 -3.592530183e+02 -3.592530183e+02 -1.3470e+00 -4.3845e+00 +4.2075e+00 +1.1518e+00 +5.5886e+00
672 +1.144072416e+01 +1.144072416e+01 -3.593992758e+02 -3.593992758e+02 -1.5316e+00 -3.9909e+00 +4.2357e+00 +1.4354e+00 +4.6319e+00
677 +1.055338279e+01 +1.055338279e+01 -3.602866172e+02 -3.602866172e+02 -1.3512e+00 -4.1084e+00 +4.6373e+00 +1.5625e+00 +5.1287e+00
709 +1.020989784e+01 +1.020989784e+01 -3.606301022e+02 -3.606301022e+02 -1.4800e+00 -4.2473e+00 +4.7131e+00 +1.2312e+00 +5.0141e+00
727 +9.682949806e+00 +9.682949806e+00 -3.611570502e+02 -3.611570502e+02 -1.3856e+00 -4.2568e+00 +4.5408e+00 +1.3461e+00 +4.7850e+00
734 +8.886345662e+00 +8.886345662e+00 -3.619536543e+02 -3.619536543e+02 -1.1428e+00 -4.1151e+00 +4.3979e+00 +1.4133e+00 +5.1694e+00
823 +8.658217644e+00 +8.658217644e+00 -3.621817824e+02 -3.621817824e+02 -1.0730e+00 -4.1799e+00 +4.1420e+00 +1.3588e+00 +5.0457e+00
837 +8.325369344e+00 +8.325369344e+00 -3.625146307e+02 -3.625146307e+02 -1.0746e+00 -4.1606e+00 +4.2404e+00 +1.2525e+00 +4.7630e+00
844 +8.183044381e+00 +8.183044381e+00 -3.626569556e+02 -3.626569556e+02 -6.3106e-01 -4.1812e+00 +4.0098e+00 +1.1457e+00 +4.8456e+00
899 +7.965109604e+00 +7.965109604e+00 -3.628748904e+02 -3.628748904e+02 -8.3142e-01 -4.2145e+00 +4.2052e+00 +7.8542e-01 +4.9579e+00
969 +7.834548666e+00 +7.834548666e+00 -3.630054513e+02 -3.630054513e+02 -8.0887e-01 -4.2438e+00 +4.1123e+00 +1.0198e+00 +4.7035e+00
1063 +7.713436360e+00 +7.713436360e+00 -3.631265636e+02 -3.631265636e+02 -8.5718e-01 -4.3119e+00 +4.1355e+00 +8.9157e-01 +4.5593e+00
1077 +7.521241960e+00 +7.521241960e+00 -3.633187580e+02 -3.633187580e+02 -7.4323e-01 -4.2819e+00 +4.1092e+00 +6.4464e-01 +4.3550e+00
1353 +7.404715524e+00 +7.404715524e+00 -3.634352845e+02 -3.634352845e+02 -5.8865e-01 -4.3335e+00 +4.1129e+00 +4.8364e-01 +4.3748e+00
% function evaluation | noise-free fitness - Fopt (-3.256000000000e+01) | best noise-free fitness - Fopt | measured fitness | best measured fitness | x1 | x2...
1 +5.577473827e+01 +5.577473827e+01 +2.321473827e+01 +2.321473827e+01 +0.0000e+00 +0.0000e+00 +0.0000e+00 +0.0000e+00 +0.0000e+00
2 +5.142671866e+01 +5.142671866e+01 +1.886671866e+01 +1.886671866e+01 +9.0531e-01 +9.0770e-01 -9.3792e-01 +4.6293e+00 -2.2186e+00
5 +5.118389187e+01 +5.118389187e+01 +1.862389187e+01 +1.862389187e+01 +9.0467e-01 +9.0488e-01 -9.4038e-01 +4.6202e+00 -2.2192e+00
24 +4.755251950e+01 +4.755251950e+01 +1.499251950e+01 +1.499251950e+01 +9.0609e-01 +9.3198e-01 -9.4206e-01 +4.5376e+00 -2.2200e+00
37 +4.476183508e+01 +4.476183508e+01 +1.220183508e+01 +1.220183508e+01 +9.0610e-01 +9.0889e-01 -9.4812e-01 +4.4556e+00 -2.2298e+00
53 +4.058259717e+01 +4.058259717e+01 +8.022597173e+00 +8.022597173e+00 +9.0274e-01 +9.1460e-01 -9.4326e-01 +4.3540e+00 -2.2271e+00
55 +3.961325914e+01 +3.961325914e+01 +7.053259142e+00 +7.053259142e+00 +8.9929e-01 +9.0817e-01 -9.3125e-01 +4.3268e+00 -2.2181e+00
78 +3.585899380e+01 +3.585899380e+01 +3.298993801e+00 +3.298993801e+00 +9.0571e-01 +9.1139e-01 -9.0821e-01 +4.2418e+00 -2.2214e+00
87 +2.840991143e+01 +2.840991143e+01 -4.150088570e+00 -4.150088570e+00 +8.9105e-01 +9.5332e-01 -9.0476e-01 +4.0313e+00 -2.2162e+00
99 +1.655118390e+01 +1.655118390e+01 -1.600881610e+01 -1.600881610e+01 +9.2198e-01 +9.3036e-01 -9.0964e-01 +3.4516e+00 -2.2089e+00
102 +7.946861767e+00 +7.946861767e+00 -2.461313823e+01 -2.461313823e+01 +8.9841e-01 +8.7890e-01 -9.8750e-01 +2.5824e+00 -2.1728e+00
111 +6.731807536e+00 +6.731807536e+00 -2.582819246e+01 -2.582819246e+01 +8.3121e-01 +9.6558e-01 -9.0317e-01 +2.3537e+00 -2.1626e+00
130 +6.209905186e+00 +6.209905186e+00 -2.635009481e+01 -2.635009481e+01 +9.5811e-01 +9.3768e-01 -9.2008e-01 +1.9950e+00 -2.3915e+00
147 +5.425010006e+00 +5.425010006e+00 -2.713498999e+01 -2.713498999e+01 +9.0464e-01 +1.4462e+00 -1.2285e+00 +1.9441e+00 -2.1095e+00
155 +5.163736463e+00 +5.163736463e+00 -2.739626354e+01 -2.739626354e+01 +8.4397e-01 +1.0689e+00 -9.5407e-01 +1.6781e+00 -2.5795e+00
190 +3.589915326e+00 +3.589915326e+00 -2.897008467e+01 -2.897008467e+01 +8.4116e-01 +1.2400e+00 -9.6645e-01 +2.2700e+00 -2.3472e+00
284 +2.900041533e+00 +2.900041533e+00 -2.965995847e+01 -2.965995847e+01 +8.5040e-01 +1.1798e+00 -8.8301e-01 +2.2327e+00 -2.6003e+00
295 +2.376637348e+00 +2.376637348e+00 -3.018336265e+01 -3.018336265e+01 +7.9698e-01 +1.0336e+00 -1.5779e+00 +1.7836e+00 -3.1267e+00
305 +2.246356698e+00 +2.246356698e+00 -3.031364330e+01 -3.031364330e+01 +8.0999e-01 +1.1964e+00 -1.2971e+00 +2.0705e+00 -2.6305e+00
332 +2.073430316e+00 +2.073430316e+00 -3.048656968e+01 -3.048656968e+01 +8.2814e-01 +1.3381e+00 -1.2495e+00 +1.8329e+00 -2.8200e+00
378 +1.999628605e+00 +1.999628605e+00 -3.056037139e+01 -3.056037139e+01 +8.5884e-01 +1.3161e+00 -1.1577e+00 +2.1274e+00 -3.0072e+00
431 +1.991434496e+00 +1.991434496e+00 -3.056856550e+01 -3.056856550e+01 +8.3852e-01 +1.3098e+00 -1.4880e+00 +2.1135e+00 -2.9050e+00
436 +1.942083050e+00 +1.942083050e+00 -3.061791695e+01 -3.061791695e+01 +8.2348e-01 +1.2907e+00 -1.4340e+00 +2.1306e+00 -3.0651e+00
456 +1.675054353e+00 +1.675054353e+00 -3.088494565e+01 -3.088494565e+01 +8.0064e-01 +1.5455e+00 -1.4329e+00 +1.9200e+00 -3.5329e+00
496 +1.638861916e+00 +1.638861916e+00 -3.092113808e+01 -3.092113808e+01 +7.9442e-01 +1.5115e+00 -1.4170e+00 +2.1111e+00 -3.1240e+00
502 +1.584014943e+00 +1.584014943e+00 -3.097598506e+01 -3.097598506e+01 +7.1918e-01 +1.4320e+00 -1.3980e+00 +2.1867e+00 -3.2819e+00
503 +1.394722208e+00 +1.394722208e+00 -3.116527779e+01 -3.116527779e+01 +6.3000e-01 +1.5348e+00 -1.3212e+00 +2.1798e+00 -3.3577e+00
553 +1.287789546e+00 +1.287789546e+00 -3.127221045e+01 -3.127221045e+01 +7.2972e-01 +1.6186e+00 -1.6022e+00 +2.0743e+00 -3.3981e+00
757 +1.258400162e+00 +1.258400162e+00 -3.130159984e+01 -3.130159984e+01 +6.5000e-01 +1.6279e+00 -1.4449e+00 +2.1138e+00 -3.3989e+00
% function evaluation | noise-free fitness - Fopt (5.154000000000e+02) | best noise-free fitness - Fopt | measured fitness | best measured fitness | x1 | x2...
1 +2.019037433e+01 +2.019037433e+01 +5.355903743e+02 +5.355903743e+02 +0.0000e+00 +0.0000e+00 +0.0000e+00 +0.0000e+00 +0.0000e+00
420 +1.632175894e+01 +1.632175894e+01 +5.317217589e+02 +5.317217589e+02 +7.9814e-01 -2.4555e+00 +3.4814e+00 +2.5152e-01 -2.7991e+00
664 +1.450105416e+01 +1.450105416e+01 +5.299010542e+02 +5.299010542e+02 +2.3593e+00 -2.2163e+00 +6.1386e-01 -1.4786e+00 +1.1824e-02
690 +7.960329920e+00 +7.960329920e+00 +5.233603299e+02 +5.233603299e+02 +1.2789e+00 -1.3238e+00 -4.1080e-01 -3.3524e+00 -4.4999e-01
739 +6.416546681e+00 +6.416546681e+00 +5.218165467e+02 +5.218165467e+02 +1.6830e+00 -1.7783e+00 +8.6297e-02 -2.2460e+00 +4.5648e-01
756 +5.107718033e+00 +5.107718033e+00 +5.205077180e+02 +5.205077180e+02 +1.2689e+00 -1.8979e+00 -6.1040e-01 -2.2441e+00 -3.2210e-01
765 +4.394573580e+00 +4.394573580e+00 +5.197945736e+02 +5.197945736e+02 +4.7493e-01 -1.0491e+00 -9.5686e-02 -2.4544e+00 -2.8014e-01
820 +4.278295678e+00 +4.278295678e+00 +5.196782957e+02 +5.196782957e+02 +1.1018e+00 -1.5684e+00 +1.8264e-01 -1.8763e+00 -4.9526e-01
918 +3.984543433e+00 +3.984543433e+00 +5.193845434e+02 +5.193845434e+02 +8.7828e-01 -1.2084e+00 +3.6903e-01 -2.2018e+00 +8.1082e-02
931 +2.613246152e+00 +2.613246152e+00 +5.180132462e+02 +5.180132462e+02 +8.9933e-01 -1.2019e+00 +1.2528e-01 -1.9752e+00 -1.6771e-01
960 +2.499685860e+00 +2.499685860e+00 +5.178996859e+02 +5.178996859e+02 +9.9259e-01 -1.2331e+00 +1.3283e-03 -1.9412e+00 -3.2154e-01
962 +2.329982169e+00 +2.329982169e+00 +5.177299822e+02 +5.177299822e+02 +1.0175e+00 -1.1991e+00 -1.2098e-02 -1.9967e+00 -3.0117e-02
1048 +2.179456863e+00 +2.179456863e+00 +5.175794569e+02 +5.175794569e+02 +1.0086e+00 -1.2711e+00 -4.1395e-01 -2.1198e+00 -1.2439e-01
1113 +2.136089502e+00 +2.136089502e+00 +5.175360895e+02 +5.175360895e+02 +1.1384e+00 -1.1480e+00 -2.8284e-01 -2.1902e+00 -1.7408e-01
% function evaluation | noise-free fitness - Fopt (-1.000000000000e+03) | best noise-free fitness - Fopt | measured fitness | best measured fitness | x1 | x2...
1 +6.307126318e+01 +6.307126318e+01 -9.369287368e+02 -9.369287368e+02 +0.0000e+00 +0.0000e+00 +0.0000e+00 +0.0000e+00 +0.0000e+00
2 +4.879745379e+01 +4.879745379e+01 -9.512025462e+02 -9.512025462e+02 +1.8845e+00 -2.9656e+00 +3.2358e+00 +4.2394e+00 -3.8513e+00
4 +4.766340918e+01 +4.766340918e+01 -9.523365908e+02 -9.523365908e+02 +1.8047e+00 -2.9970e+00 +3.2332e+00 +4.2337e+00 -3.8105e+00
27 +4.623859630e+01 +4.623859630e+01 -9.537614037e+02 -9.537614037e+02 +1.8166e+00 -3.1131e+00 +3.2339e+00 +4.2312e+00 -3.8215e+00
64 +4.547881770e+01 +4.547881770e+01 -9.545211823e+02 -9.545211823e+02 +1.7197e+00 -3.1567e+00 +3.2311e+00 +4.2217e+00 -3.7801e+00
89 +4.457074730e+01 +4.457074730e+01 -9.554292527e+02 -9.554292527e+02 +1.6124e+00 -3.1359e+00 +3.2575e+00 +4.2235e+00 -3.7408e+00
108 +4.205307088e+01 +4.205307088e+01 -9.579469291e+02 -9.579469291e+02 +1.7007e+00 -4.2673e+00 +3.2578e+00 +4.1193e+00 -3.7582e+00
126 +3.831588389e+01 +3.831588389e+01 -9.616841161e+02 -9.616841161e+02 +1.7763e+00 -4.0084e+00 +3.2309e+00 +4.2015e+00 -3.7273e+00
133 +3.424408575e+01 +3.424408575e+01 -9.657559142e+02 -9.657559142e+02 +1.1276e+00 -1.1638e+00 +3.2371e+00 +4.1278e+00 -3.6805e+00
246 +3.278641570e+01 +3.278641570e+01 -9.672135843e+02 -9.672135843e+02 +2.0204e+00 -3.9598e+00 +3.1949e+00 +4.0563e+00 -3.6486e+00
253 +2.599268963e+01 +2.599268963e+01 -9.740073104e+02 -9.740073104e+02 +1.9897e+00 -3.6973e+00 +3.4229e+00 +3.1667e+00 -3.5833e+00
300 +2.297061801e+01 +2.297061801e+01 -9.770293820e+02 -9.770293820e+02 +1.1742e+00 -3.6886e+00 +3.0426e+00 -2.7286e+00 -3.6806e+00
334 +1.933682853e+01 +1.933682853e+01 -9.806631715e+02 -9.806631715e+02 +2.8500e+00 -3.7860e+00 +3.6032e+00 +2.6180e+00 -3.6839e+00
350 +1.402881506e+01 +1.402881506e+01 -9.859711849e+02 -9.859711849e+02 +3.4554e-01 -3.7442e+00 +4.0973e+00 +2.7408e+00 -3.3589e+00
378 +7.945768738e+00 +7.945768738e+00 -9.920542313e+02 -9.920542313e+02 +1.1479e-01 -4.1526e+00 +3.8483e+00 +2.8649e+00 -2.5924e+00
458 +7.541973551e+00 +7.541973551e+00 -9.924580264e+02 -9.924580264e+02 +3.5646e-02 -4.0872e+00 +3.7970e+00 +2.6690e+00 -2.4975e+00
479 +7.396003611e+00 +7.396003611e+00 -9.926039964e+02 -9.926039964e+02 +8.9906e-02 -3.9981e+00 +3.8629e+00 +2.3440e+00 -2.5231e+00
485 +6.632008480e+00 +6.632008480e+00 -9.933679915e+02 -9.933679915e+02 -4.9707e-01 -4.0049e+00 +3.9172e+00 +2.3383e+00 -2.2553e+00
493 +6.117274410e+00 +6.117274410e+00 -9.938827256e+02 -9.938827256e+02 -8.6026e-02 -3.9047e+00 +3.8670e+00 +2.5360e+00 -1.3259e+00
502 +3.449667691e+00 +3.449667691e+00 -9.965503323e+02 -9.965503323e+02 +3.6601e-01 -4.1379e+00 +4.3793e+00 +2.2381e+00 -1.6834e+00
552 +3.273857888e+00 +3.273857888e+00 -9.967261421e+02 -9.967261421e+02 -9.9905e-02 -4.0043e+00 +4.2816e+00 +3.3575e+00 -1.4232e+00
554 +2.491827040e+00 +2.491827040e+00 -9.975081730e+02 -9.975081730e+02 -2.1861e-01 -4.1768e+00 +4.4385e+00 +3.2368e+00 -1.6728e+00
558 +2.196137288e+00 +2.196137288e+00 -9.978038627e+02 -9.978038627e+02 +1.2969e-01 -4.0236e+00 +4.3538e+00 +2.8829e+00 -1.7613e+00
572 +2.081381507e+00 +2.081381507e+00 -9.979186185e+02 -9.979186185e+02 -1.9501e-01 -4.0042e+00 +4.5899e+00 +2.7688e+00 -1.5866e+00
615 +2.011335518e+00 +2.011335518e+00 -9.979886645e+02 -9.979886645e+02 -5.5719e-02 -3.9522e+00 +4.7700e+00 +2.7923e+00 -1.7990e+00
% function evaluation | noise-free fitness - Fopt (9.190000000000e+01) | best noise-free fitness - Fopt | measured fitness | best measured fitness | x1 | x2...
1 +4.082584245e+01 +4.082584245e+01 +1.327258424e+02 +1.327258424e+02 +0.0000e+00 +0.0000e+00 +0.0000e+00 +0.0000e+00 +0.0000e+00
192 +3.798830868e+01 +3.798830868e+01 +1.298883087e+02 +1.298883087e+02 +2.7669e-01 -1.8683e-01 +3.7750e+00 -4.4501e+00 +4.4237e+00
199 +3.566662642e+01 +3.566662642e+01 +1.275666264e+02 +1.275666264e+02 -7.4746e-01 -1.9927e-01 +3.7433e+00 -3.6104e+00 +4.3917e+00
247 +3.420674776e+01 +3.420674776e+01 +1.261067478e+02 +1.261067478e+02 +3.1778e-02 -1.9291e-01 +3.7603e+00 -3.8295e+00 +4.2231e+00
257 +3.270033000e+01 +3.270033000e+01 +1.246003300e+02 +1.246003300e+02 -1.2791e-01 -1.7905e-01 +3.8029e+00 -3.8081e+00 +4.3523e+00
291 +2.758900601e+01 +2.758900601e+01 +1.194890060e+02 +1.194890060e+02 -3.1443e-01 +6.7638e-02 +3.8820e+00 -3.5042e+00 +4.2403e+00
394 +2.711347881e+01 +2.711347881e+01 +1.190134788e+02 +1.190134788e+02 -5.4378e-01 +2.2004e-01 +3.8362e+00 -3.9608e+00 +4.1692e+00
409 +2.639996705e+01 +2.639996705e+01 +1.182999671e+02 +1.182999671e+02 -6.4140e-01 +2.9882e-01 +3.8699e+00 -2.6975e+00 +4.4355e+00
411 +2.560748422e+01 +2.560748422e+01 +1.175074842e+02 +1.175074842e+02 -7.0943e-01 +2.9055e-01 +3.8194e+00 -3.0172e+00 +4.7746e+00
422 +2.341235665e+01 +2.341235665e+01 +1.153123567e+02 +1.153123567e+02 -1.3231e+00 +7.6957e-01 +3.8150e+00 -3.8028e+00 +3.7846e+00
425 +1.945139211e+01 +1.945139211e+01 +1.113513921e+02 +1.113513921e+02 -6.6185e-01 +9.2841e-01 +3.8552e+00 -2.9329e+00 +4.2419e+00
487 +1.830776386e+01 +1.830776386e+01 +1.102077639e+02 +1.102077639e+02 -9.8339e-01 +9.0909e-01 +3.8502e+00 -3.4941e+00 +4.1310e+00
500 +1.772783163e+01 +1.772783163e+01 +1.096278316e+02 +1.096278316e+02 -6.0364e-01 +1.1041e+00 +4.1306e+00 -3.5953e+00 +3.1096e+00
516 +1.590788154e+01 +1.590788154e+01 +1.078078815e+02 +1.078078815e+02 -9.8779e-01 +1.0790e+00 +3.8937e+00 -3.1114e+00 +3.8976e+00
527 +1.496982401e+01 +1.496982401e+01 +1.068698240e+02 +1.068698240e+02 -1.0631e+00 +1.0872e+00 +4.2192e+00 -3.1799e+00 +3.7820e+00
552 +1.357630011e+01 +1.357630011e+01 +1.054763001e+02 +1.054763001e+02 -1.4466e+00 +1.3624e+00 +4.0608e+00 -3.2177e+00 +3.8767e+00
580 +1.311683089e+01 +1.311683089e+01 +1.050168309e+02 +1.050168309e+02 -1.0847e+00 +1.4910e+00 +3.7247e+00 -3.2399e+00 +3.7287e+00
601 +1.157915916e+01 +1.157915916e+01 +1.034791592e+02 +1.034791592e+02 -1.2432e+00 +1.5469e+00 +4.2352e+00 -3.1567e+00 +3.6362e+00
612 +1.054656639e+01 +1.054656639e+01 +1.024465664e+02 +1.024465664e+02 -1.5676e+00 +1.7427e+00 +3.9702e+00 -2.9353e+00 +3.6178e+00
656 +1.014040454e+01 +1.014040454e+01 +1.020404045e+02 +1.020404045e+02 -1.2784e+00 +2.2150e+00 +3.9127e+00 -3.1200e+00 +3.5607e+00
664 +9.750857137e+00 +9.750857137e+00 +1.016508571e+02 +1.016508571e+02 -1.4679e+00 +2.0849e+00 +4.0252e+00 -3.1585e+00 +3.5804e+00
676 +9.415609618e+00 +9.415609618e+00 +1.013156096e+02 +1.013156096e+02 -1.2328e+00 +2.2905e+00 +3.9851e+00 -3.1947e+00 +3.2997e+00
677 +9.265975749e+00 +9.265975749e+00 +1.011659757e+02 +1.011659757e+02 -1.1762e+00 +2.4795e+00 +4.0834e+00 -3.2231e+00 +2.9599e+00
705 +9.007474006e+00 +9.007474006e+00 +1.009074740e+02 +1.009074740e+02 -1.2290e+00 +2.1616e+00 +4.1927e+00 -3.1853e+00 +3.0063e+00
712 +8.555033332e+00 +8.555033332e+00 +1.004550333e+02 +1.004550333e+02 -1.5586e+00 +2.2424e+00 +4.1116e+00 -3.2979e+00 +3.1252e+00
727 +8.475146769e+00 +8.475146769e+00 +1.003751468e+02 +1.003751468e+02 -1.7330e+00 +2.1135e+00 +4.4175e+00 -2.6706e+00 +2.9822e+00
754 +8.276074223e+00 +8.276074223e+00 +1.001760742e+02 +1.001760742e+02 -1.5200e+00 +2.2542e+00 +4.1196e+00 -3.0388e+00 +3.0434e+00
926 +8.080931617e+00 +8.080931617e+00 +9.998093162e+01 +9.998093162e+01 -1.7672e+00 +2.4082e+00 +4.3418e+00 -2.7994e+00 +3.0106e+00
952 +7.938744356e+00 +7.938744356e+00 +9.983874436e+01 +9.983874436e+01 -1.9728e+00 +2.4609e+00 +4.1871e+00 -2.8797e+00 +3.0147e+00
987 +7.702273411e+00 +7.702273411e+00 +9.960227341e+01 +9.960227341e+01 -1.8985e+00 +2.5317e+00 +4.1843e+00 -2.9421e+00 +2.6667e+00
1135 +7.491087778e+00 +7.491087778e+00 +9.939108778e+01 +9.939108778e+01 -1.9192e+00 +2.7174e+00 +4.2164e+00 -2.8949e+00 +2.6507e+00
1397 +7.409537372e+00 +7.409537372e+00 +9.930953737e+01 +9.930953737e+01 -2.0740e+00 +2.8038e+00 +4.2496e+00 -2.8644e+00 +2.5256e+00
% function evaluation | noise-free fitness - Fopt (-7.597000000000e+01) | best noise-free fitness - Fopt | measured fitness | best measured fitness | x1 | x2...
1 +6.713218106e+01 +6.713218106e+01 -8.837818940e+00 -8.837818940e+00 +0.0000e+00 +0.0000e+00 +0.0000e+00 +0.0000e+00 +0.0000e+00
135 +5.653149100e+01 +5.653149100e+01 -1.943850900e+01 -1.943850900e+01 +4.4725e-01 -2.6824e+00 -2.1874e-01 +4.5859e+00 +4.2591e+00
177 +2.635715737e+01 +2.635715737e+01 -4.961284263e+01 -4.961284263e+01 +4.7803e+00 -2.6826e+00 -1.7810e-01 +4.6590e+00 +4.1863e+00
199 +2.125248553e+01 +2.125248553e+01 -5.471751447e+01 -5.471751447e+01 +4.5341e+00 -2.6816e+00 -1.4806e-01 +4.7147e+00 +3.9885e+00
349 +2.067498161e+01 +2.067498161e+01 -5.529501839e+01 -5.529501839e+01 +5.0214e+00 -2.6766e+00 +1.8808e-01 +4.7565e+00 +4.0956e+00
356 +1.984791781e+01 +1.984791781e+01 -5.612208219e+01 -5.612208219e+01 +5.1760e+00 -2.7060e+00 +4.4285e-01 +4.8981e+00 +3.9312e+00
362 +1.872193860e+01 +1.872193860e+01 -5.724806140e+01 -5.724806140e+01 +4.6651e+00 -2.6751e+00 +4.2855e-01 +4.7720e+00 +3.9715e+00
378 +1.715634964e+01 +1.715634964e+01 -5.881365036e+01 -5.881365036e+01 +4.9384e+00 -2.6862e+00 +3.5645e-01 +4.9136e+00 +3.8731e+00
387 +1.693550288e+01 +1.693550288e+01 -5.903449712e+01 -5.903449712e+01 +4.7918e+00 -2.6855e+00 +2.6252e-01 +4.7832e+00 +3.9167e+00
401 +9.268597433e+00 +9.268597433e+00 -6.670140257e+01 -6.670140257e+01 +3.6787e+00 -2.6623e+00 +1.2726e-01 +4.8846e+00 +3.2808e+00
688 +8.984999644e+00 +8.984999644e+00 -6.698500036e+01 -6.698500036e+01 +3.5778e+00 -2.8147e+00 +6.3546e-01 +4.7131e+00 +3.3796e+00
710 +8.694013286e+00 +8.694013286e+00 -6.727598671e+01 -6.727598671e+01 +3.9250e+00 -2.7205e+00 +7.3476e-01 +4.8691e+00 +3.3865e+00
737 +8.272337959e+00 +8.272337959e+00 -6.769766204e+01 -6.769766204e+01 +3.9174e+00 -2.9702e+00 +8.1070e-01 +4.7785e+00 +3.4001e+00
755 +8.118324138e+00 +8.118324138e+00 -6.785167586e+01 -6.785167586e+01 +3.7527e+00 -2.8127e+00 +8.3942e-01 +4.7388e+00 +3.3608e+00
793 +7.925827075e+00 +7.925827075e+00 -6.804417292e+01 -6.804417292e+01 +3.7695e+00 -2.8989e+00 +8.6140e-01 +4.7461e+00 +3.3478e+00
829 +7.702164015e+00 +7.702164015e+00 -6.826783598e+01 -6.826783598e+01 +3.7605e+00 -3.1195e+00 +1.5865e+00 +4.6447e+00 +3.3713e+00
834 +6.982551300e+00 +6.982551300e+00 -6.898744870e+01 -6.898744870e+01 +3.5088e+00 -2.9881e+00 +1.0588e+00 +4.6836e+00 +3.1785e+00
910 +6.845124730e+00 +6.845124730e+00 -6.912487527e+01 -6.912487527e+01 +3.5666e+00 -3.1013e+00 +1.3154e+00 +4.8116e+00 +3.2316e+00
919 +6.759353933e+00 +6.759353933e+00 -6.921064607e+01 -6.921064607e+01 +3.5408e+00 -3.0413e+00 +1.2973e+00 +4.7274e+00 +3.2087e+00
927 +6.475167603e+00 +6.475167603e+00 -6.949483240e+01 -6.949483240e+01 +3.4637e+00 -3.0856e+00 +1.2909e+00 +4.7697e+00 +3.1125e+00
937 +6.427693083e+00 +6.427693083e+00 -6.954230692e+01 -6.954230692e+01 +3.4150e+00 -3.0110e+00 +1.2058e+00 +4.8014e+00 +3.1050e+00
977 +6.291202351e+00 +6.291202351e+00 -6.967879765e+01 -6.967879765e+01 +3.4217e+00 -3.1672e+00 +1.2814e+00 +4.7510e+00 +3.1161e+00
1030 +5.939228254e+00 +5.939228254e+00 -7.003077175e+01 -7.003077175e+01 +3.3021e+00 -3.2441e+00 +1.3287e+00 +4.7651e+00 +3.0418e+00
1060 +5.264885898e+00 +5.264885898e+00 -7.070511410e+01 -7.070511410e+01 +3.2683e+00 -3.3751e+00 +1.6543e+00 +4.6647e+00 +3.0912e+00
1095 +4.903273970e+00 +4.903273970e+00 -7.106672603e+01 -7.106672603e+01 +3.1723e+00 -3.3398e+00 +1.6352e+00 +4.7275e+00 +2.9937e+00
1175 +4.391329241e+00 +4.391329241e+00 -7.157867076e+01 -7.157867076e+01 +3.0404e+00 -3.5395e+00 +1.8687e+00 +4.6785e+00 +3.0667e+00
1178 +4.068988523e+00 +4.068988523e+00 -7.190101148e+01 -7.190101148e+01 +2.8799e+00 -3.9864e+00 +1.9781e+00 +4.7010e+00 +3.0652e+00
1281 +3.779554173e+00 +3.779554173e+00 -7.219044583e+01 -7.219044583e+01 +2.9647e+00 -3.7454e+00 +1.9935e+00 +4.7087e+00 +3.0328e+00
1347 +3.713348035e+00 +3.713348035e+00 -7.225665197e+01 -7.225665197e+01 +2.9290e+00 -3.9217e+00 +2.1606e+00 +4.8360e+00 +3.0499e+00
1406 +3.614382609e+00 +3.614382609e+00 -7.235561739e+01 -7.235561739e+01 +2.9765e+00 -3.7517e+00 +2.0862e+00 +4.7310e+00 +2.9890e+00
1462 +3.523863136e+00 +3.523863136e+00 -7.244613686e+01 -7.244613686e+01 +2.9348e+00 -3.8124e+00 +2.0528e+00 +4.7586e+00 +3.0036e+00
1486 +3.449529862e+00 +3.449529862e+00 -7.252047014e+01 -7.252047014e+01 +2.9327e+00 -3.8279e+00 +2.1802e+00 +4.7635e+00 +2.9938e+00
% function evaluation | noise-free fitness - Fopt (-1.699000000000e+01) | best noise-free fitness - Fopt | measured fitness | best measured fitness | x1 | x2...
1 +5.292290980e+01 +5.292290980e+01 +3.593290980e+01 +3.593290980e+01 +0.0000e+00 +0.0000e+00 +0.0000e+00 +0.0000e+00 +0.0000e+00
201 +2.232598685e+01 +2.232598685e+01 +5.335986846e+00 +5.335986846e+00 -3.8337e+00 +2.7515e+00 +3.1403e+00 -3.1420e+00 -4.2476e+00
258 +2.008548752e+01 +2.008548752e+01 +3.095487518e+00 +3.095487518e+00 -3.8258e+00 +1.3838e+00 +2.7698e+00 -3.2296e+00 -4.2014e+00
284 +1.941504040e+01 +1.941504040e+01 +2.425040396e+00 +2.425040396e+00 -3.8359e+00 +2.0429e+00 +2.9761e+00 -3.1714e+00 -4.2811e+00
305 +1.881082206e+01 +1.881082206e+01 +1.820822063e+00 +1.820822063e+00 -3.8466e+00 +2.1120e+00 +3.0243e+00 -2.9862e+00 -4.3156e+00
310 +1.666967975e+01 +1.666967975e+01 -3.203202547e-01 -3.203202547e-01 -3.8392e+00 +2.6639e+00 +3.3613e+00 -2.0574e+00 -4.3066e+00
346 +1.561087986e+01 +1.561087986e+01 -1.379120141e+00 -1.379120141e+00 -3.8324e+00 +2.5280e+00 +3.2396e+00 -2.0801e+00 -4.2467e+00
359 +1.469127236e+01 +1.469127236e+01 -2.298727640e+00 -2.298727640e+00 -3.8353e+00 +2.4649e+00 +3.0556e+00 -2.4384e+00 -4.1921e+00
373 +1.285697195e+01 +1.285697195e+01 -4.133028049e+00 -4.133028049e+00 -3.8248e+00 +3.2329e+00 +2.8923e+00 -2.0677e+00 -4.0846e+00
443 +1.256221080e+01 +1.256221080e+01 -4.427789196e+00 -4.427789196e+00 -3.9672e+00 +3.4499e+00 +2.7812e+00 -2.1517e+00 -4.0680e+00
446 +6.697171470e+00 +6.697171470e+00 -1.029282853e+01 -1.029282853e+01 -3.7908e+00 +2.9837e+00 +2.7355e+00 -2.1618e+00 -3.1555e+00
484 +5.533921010e+00 +5.533921010e+00 -1.145607899e+01 -1.145607899e+01 -3.8541e+00 +2.9285e+00 +2.8811e+00 -2.3024e+00 -2.8193e+00
552 +5.157615878e+00 +5.157615878e+00 -1.183238412e+01 -1.183238412e+01 -3.7917e+00 +3.0288e+00 +2.9919e+00 -2.0714e+00 -2.6928e+00
597 +4.876272324e+00 +4.876272324e+00 -1.211372768e+01 -1.211372768e+01 -3.7296e+00 +3.0477e+00 +2.9931e+00 -2.0529e+00 -2.8641e+00
607 +4.778854657e+00 +4.778854657e+00 -1.221114534e+01 -1.221114534e+01 -3.7954e+00 +3.1591e+00 +2.9665e+00 -2.0559e+00 -2.7316e+00
619 +4.626399649e+00 +4.626399649e+00 -1.236360035e+01 -1.236360035e+01 -3.7932e+00 +3.2740e+00 +2.9480e+00 -2.0709e+00 -2.7045e+00
638 +4.503349406e+00 +4.503349406e+00 -1.248665059e+01 -1.248665059e+01 -3.7847e+00 +3.4148e+00 +2.9629e+00 -2.0550e+00 -2.7447e+00
667 +4.361537533e+00 +4.361537533e+00 -1.262846247e+01 -1.262846247e+01 -3.7441e+00 +3.3249e+00 +2.9675e+00 -1.8279e+00 -2.8085e+00
732 +4.204764110e+00 +4.204764110e+00 -1.278523589e+01 -1.278523589e+01 -3.6734e+00 +3.3476e+00 +2.9555e+00 -1.7765e+00 -2.7963e+00
795 +4.151776309e+00 +4.151776309e+00 -1.283822369e+01 -1.283822369e+01 -3.7392e+00 +3.4622e+00 +2.9430e+00 -1.8597e+00 -2.7751e+00
843 +3.988684549e+00 +3.988684549e+00 -1.300131545e+01 -1.300131545e+01 -3.6931e+00 +3.5299e+00 +2.9334e+00 -1.7732e+00 -2.7097e+00
855 +3.978964774e+00 +3.978964774e+00 -1.301103523e+01 -1.301103523e+01 -3.7293e+00 +3.7685e+00 +2.9248e+00 -1.6209e+00 -2.6998e+00
965 +3.848463716e+00 +3.848463716e+00 -1.314153628e+01 -1.314153628e+01 -3.6712e+00 +3.7766e+00 +2.9493e+00 -1.6235e+00 -2.7055e+00
1286 +3.799955455e+00 +3.799955455e+00 -1.319004455e+01 -1.319004455e+01 -3.6473e+00 +3.6743e+00 +2.9742e+00 -1.5660e+00 -2.6718e+00
% function evaluation | noise-free fitness - Fopt (2.740000000000e+00) | best noise-free fitness - Fopt | measured fitness | best measured fitness | x1 | x2...
1 +6.291308264e+01 +6.291308264e+01 +6.565308264e+01 +6.565308264e+01 +0.0000e+00 +0.0000e+00 +0.0000e+00 +0.0000e+00 +0.0000e+00
2 +4.593201204e+01 +4.593201204e+01 +4.867201204e+01 +4.867201204e+01 -1.3774e+00 -3.0431e+00 -4.3639e+00 -4.3784e+00 -2.3513e+00
4 +4.512533091e+01 +4.512533091e+01 +4.786533091e+01 +4.786533091e+01 -1.3806e+00 -3.0358e+00 -4.3047e+00 -4.3859e+00 -2.3733e+00
34 +4.428867957e+01 +4.428867957e+01 +4.702867957e+01 +4.702867957e+01 -1.3353e+00 -3.0244e+00 -4.3168e+00 -4.3815e+00 -2.3623e+00
73 +4.289875553e+01 +4.289875553e+01 +4.563875553e+01 +4.563875553e+01 -1.3357e+00 -3.0291e+00 -4.2883e+00 -4.3921e+00 -2.5600e+00
82 +4.244329753e+01 +4.244329753e+01 +4.518329753e+01 +4.518329753e+01 -1.3287e+00 -3.0299e+00 -4.3021e+00 -4.3820e+00 -2.6550e+00
99 +4.113999475e+01 +4.113999475e+01 +4.387999475e+01 +4.387999475e+01 -1.2971e+00 -3.0290e+00 -4.2518e+00 -4.3747e+00 -2.7077e+00
113 +3.754042416e+01 +3.754042416e+01 +4.028042416e+01 +4.028042416e+01 -1.2301e+00 -3.0291e+00 -3.8781e+00 -4.3578e+00 -2.5304e+00
170 +3.590034058e+01 +3.590034058e+01 +3.864034058e+01 +3.864034058e+01 -5.4391e-01 -3.0218e+00 -4.2128e+00 -4.4177e+00 -3.3626e+00
193 +3.414562895e+01 +3.414562895e+01 +3.688562895e+01 +3.688562895e+01 -3.9326e-01 -3.0277e+00 -4.2044e+00 -4.4233e+00 -3.1249e+00
201 +2.894873728e+01 +2.894873728e+01 +3.168873728e+01 +3.168873728e+01 -9.3467e-01 -3.0441e+00 -4.0474e+00 -4.0256e+00 -2.4576e+00
203 +2.689287661e+01 +2.689287661e+01 +2.963287661e+01 +2.963287661e+01 -8.1860e-01 -3.0269e+00 -3.8682e+00 -4.0426e+00 -2.9871e+00
206 +2.137966316e+01 +2.137966316e+01 +2.411966316e+01 +2.411966316e+01 -8.6200e-01 -3.0247e+00 -4.1206e+00 -3.4590e+00 -2.9866e+00
228 +1.670746375e+01 +1.670746375e+01 +1.944746375e+01 +1.944746375e+01 -8.0377e-01 -2.9684e+00 -4.2575e+00 -2.6769e+00 -3.1881e+00
253 +1.602104948e+01 +1.602104948e+01 +1.876104948e+01 +1.876104948e+01 -3.5509e-01 -3.0004e+00 -4.1546e+00 -3.3782e+00 -2.7497e+00
278 +1.173599674e+01 +1.173599674e+01 +1.447599674e+01 +1.447599674e+01 -3.8665e-01 -2.9840e+00 -3.5167e+00 -3.0104e+00 -2.8706e+00
289 +1.103417459e+01 +1.103417459e+01 +1.377417459e+01 +1.377417459e+01 -6.2811e-01 -2.9829e+00 -3.5411e+00 -2.2251e+00 -2.8766e+00
296 +1.035257886e+01 +1.035257886e+01 +1.309257886e+01 +1.309257886e+01 -3.8756e-01 -3.0094e+00 -4.0626e+00 -2.7769e+00 -2.9517e+00
307 +8.093714749e+00 +8.093714749e+00 +1.083371475e+01 +1.083371475e+01 +9.0093e-02 -3.0084e+00 -3.6207e+00 -1.7886e+00 -2.9445e+00
339 +7.408244260e+00 +7.408244260e+00 +1.014824426e+01 +1.014824426e+01 +1.0488e-01 -3.0117e+00 -3.8667e+00 -2.1278e+00 -2.8714e+00
352 +6.767007084e+00 +6.767007084e+00 +9.507007084e+00 +9.507007084e+00 +2.2530e-01 -2.9842e+00 -4.1629e+00 -1.8000e+00 -2.8860e+00
456 +6.523042975e+00 +6.523042975e+00 +9.263042975e+00 +9.263042975e+00 +1.1337e-01 -2.9050e+00 -4.0413e+00 -2.0016e+00 -2.7700e+00
459 +6.254364943e+00 +6.254364943e+00 +8.994364943e+00 +8.994364943e+00 +2.2672e-01 -2.7838e+00 -4.0968e+00 -2.1315e+00 -2.7662e+00
502 +5.572754744e+00 +5.572754744e+00 +8.312754744e+00 +8.312754744e+00 +2.3136e-01 -2.7811e+00 -4.0758e+00 -1.9296e+00 -2.8213e+00
510 +5.408056933e+00 +5.408056933e+00 +8.148056933e+00 +8.148056933e+00 +1.9882e-01 -2.4979e+00 -3.6065e+00 -1.7877e+00 -2.7552e+00
527 +5.347708813e+00 +5.347708813e+00 +8.087708813e+00 +8.087708813e+00 +2.7116e-01 -2.7267e+00 -3.9583e+00 -1.8238e+00 -2.7906e+00
529 +5.159094537e+00 +5.159094537e+00 +7.899094537e+00 +7.899094537e+00 +2.3490e-01 -2.6484e+00 -3.9754e+00 -1.9411e+00 -2.7755e+00
530 +4.916718118e+00 +4.916718118e+00 +7.656718118e+00 +7.656718118e+00 +2.1509e-01 -2.5922e+00 -4.0164e+00 -1.9004e+00 -2.7698e+00
534 +4.717719906e+00 +4.717719906e+00 +7.457719906e+00 +7.457719906e+00 +2.2011e-01 -2.5988e+00 -4.1487e+00 -1.9101e+00 -2.8401e+00
546 +4.653694391e+00 +4.653694391e+00 +7.393694391e+00 +7.393694391e+00 +2.3015e-01 -2.5968e+00 -3.9423e+00 -1.9036e+00 -2.8236e+00
561 +4.469189784e+00 +4.469189784e+00 +7.209189784e+00 +7.209189784e+00 +2.7086e-01 -2.4430e+00 -4.2782e+00 -1.8784e+00 -2.8933e+00
570 +4.034907089e+00 +4.034907089e+00 +6.774907089e+00 +6.774907089e+00 +3.2588e-01 -2.5495e+00 -4.0146e+00 -1.9008e+00 -2.9502e+00
587 +3.406910297e+00 +3.406910297e+00 +6.146910297e+00 +6.146910297e+00 +2.9177e-01 -2.5275e+00 -3.9929e+00 -1.9227e+00 -3.1551e+00
612 +2.770059554e+00 +2.770059554e+00 +5.510059554e+00 +5.510059554e+00 +1.1665e-01 -2.3126e+00 -4.0714e+00 -1.9871e+00 -3.1128e+00
627 +2.326088592e+00 +2.326088592e+00 +5.066088592e+00 +5.066088592e+00 +4.8243e-01 -2.2080e+00 -3.9977e+00 -1.8856e+00 -3.5619e+00
680 +2.279262611e+00 +2.279262611e+00 +5.019262611e+00 +5.019262611e+00 +1.7592e-01 -2.0345e+00 -3.8489e+00 -1.7484e+00 -3.1741e+00
684 +2.144743752e+00 +2.144743752e+00 +4.884743752e+00 +4.884743752e+00 +2.1791e-01 -1.9900e+00 -4.0303e+00 -1.8027e+00 -3.2635e+00
692 +2.056910167e+00 +2.056910167e+00 +4.796910167e+00 +4.796910167e+00 +2.0521e-01 -1.9362e+00 -3.9688e+00 -1.8894e+00 -3.3736e+00
777 +2.019416941e+00 +2.019416941e+00 +4.759416941e+00 +4.759416941e+00 +2.0131e-01 -1.8631e+00 -3.9348e+00 -1.6735e+00 -3.4395e+00
801 +1.986323415e+00 +1.986323415e+00 +4.726323415e+00 +4.726323415e+00 +1.6192e-01 -1.6982e+00 -3.9989e+00 -1.7864e+00 -3.5349e+00
832 +1.935458104e+00 +1.935458104e+00 +4.675458104e+00 +4.675458104e+00 +9.7575e-02 -1.7355e+00 -4.0906e+00 -1.7626e+00 -3.8017e+00
848 +1.897661540e+00 +1.897661540e+00 +4.637661540e+00 +4.637661540e+00 +1.5206e-01 -1.6548e+00 -3.9465e+00 -1.7696e+00 -3.6947e+00
886 +1.818851854e+00 +1.818851854e+00 +4.558851854e+00 +4.558851854e+00 +1.5457e-01 -1.6026e+00 -4.0214e+00 -1.7278e+00 -3.8223e+00
926 +1.763450858e+00 +1.763450858e+00 +4.503450858e+00 +4.503450858e+00 +1.6968e-01 -1.5392e+00 -4.0638e+00 -1.7771e+00 -3.8737e+00
991 +1.734987416e+00 +1.734987416e+00 +4.474987416e+00 +4.474987416e+00 +1.1677e-01 -1.4561e+00 -4.0017e+00 -1.8448e+00 -3.9530e+00
1153 +1.694667643e+00 +1.694667643e+00 +4.434667643e+00 +4.434667643e+00 +2.7057e-01 -1.4921e+00 -4.0121e+00 -1.7855e+00 -3.9415e+00
1324 +1.654824814e+00 +1.654824814e+00 +4.394824814e+00 +4.394824814e+00 +2.4991e-01 -1.4737e+00 -4.0337e+00 -1.7817e+00 -4.0452e+00
1436 +1.615729273e+00 +1.615729273e+00 +4.355729273e+00 +4.355729273e+00 +2.6830e-01 -1.4141e+00 -4.0397e+00 -1.7663e+00 -4.0533e+00
% function evaluation | noise-free fitness - Fopt (-3.564000000000e+01) | best noise-free fitness - Fopt | measured fitness | best measured fitness | x1 | x2...
1 +6.419139959e+01 +6.419139959e+01 +2.855139959e+01 +2.855139959e+01 +0.0000e+00 +0.0000e+00 +0.0000e+00 +0.0000e+00 +0.0000e+00
41 +6.207590536e+01 +6.207590536e+01 +2.643590536e+01 +2.643590536e+01 +1.7737e+00 +2.4050e+00 -3.1666e+00 -4.1964e+00 +3.3980e+00
66 +5.994976479e+01 +5.994976479e+01 +2.430976479e+01 +2.430976479e+01 +1.7907e+00 +2.4098e+00 -3.1787e+00 -4.3386e+00 +3.5622e+00
80 +5.533405651e+01 +5.533405651e+01 +1.969405651e+01 +1.969405651e+01 +1.5160e+00 +2.4022e+00 -3.1408e+00 -4.2051e+00 +3.6324e+00
86 +5.381206408e+01 +5.381206408e+01 +1.817206408e+01 +1.817206408e+01 +1.7308e+00 +2.4130e+00 -3.1525e+00 -4.1642e+00 +4.0176e+00
92 +5.257634642e+01 +5.257634642e+01 +1.693634642e+01 +1.693634642e+01 +1.6816e+00 +2.3993e+00 -3.1748e+00 -4.1890e+00 +3.9727e+00
102 +5.034618100e+01 +5.034618100e+01 +1.470618100e+01 +1.470618100e+01 +1.6328e+00 +2.3955e+00 -3.1675e+00 -4.1831e+00 +4.1677e+00
127 +4.521079589e+01 +4.521079589e+01 +9.570795888e+00 +9.570795888e+00 +1.4244e+00 +2.4035e+00 -3.1677e+00 -4.2060e+00 +4.2449e+00
128 +4.369098105e+01 +4.369098105e+01 +8.050981052e+00 +8.050981052e+00 +1.3646e+00 +2.3989e+00 -3.1717e+00 -4.1891e+00 +4.3309e+00
130 +3.963002312e+01 +3.963002312e+01 +3.990023120e+00 +3.990023120e+00 +3.6790e-01 +2.3998e+00 -3.1695e+00 -4.2047e+00 +3.8015e+00
137 +3.868259705e+01 +3.868259705e+01 +3.042597049e+00 +3.042597049e+00 +1.1154e+00 +2.4046e+00 -3.1629e+00 -4.1523e+00 +4.4900e+00
158 +2.941098599e+01 +2.941098599e+01 -6.229014006e+00 -6.229014006e+00 +4.9768e-01 +2.4486e+00 -3.1705e+00 -4.2126e+00 +4.2925e+00
182 +2.484462912e+01 +2.484462912e+01 -1.079537088e+01 -1.079537088e+01 +2.8326e-01 +2.4155e+00 -3.1720e+00 -4.1909e+00 +4.6298e+00
199 +2.257151676e+01 +2.257151676e+01 -1.306848324e+01 -1.306848324e+01 -2.2105e-01 +2.4203e+00 -3.1777e+00 -4.1815e+00 +4.4520e+00
217 +1.803438803e+01 +1.803438803e+01 -1.760561197e+01 -1.760561197e+01 -8.5286e-01 +2.4203e+00 -3.1662e+00 -4.1812e+00 +5.0171e+00
259 +1.620287640e+01 +1.620287640e+01 -1.943712360e+01 -1.943712360e+01 -1.3478e+00 +2.4974e+00 -3.1689e+00 -4.0685e+00 +4.9944e+00
275 +1.363058171e+01 +1.363058171e+01 -2.200941829e+01 -2.200941829e+01 -1.4813e+00 +2.3976e+00 -3.1751e+00 -3.8222e+00 +5.0298e+00
395 +1.348362702e+01 +1.348362702e+01 -2.215637298e+01 -2.215637298e+01 -1.6079e+00 +2.1687e+00 -3.1947e+00 -3.8197e+00 +4.8982e+00
511 +1.306640298e+01 +1.306640298e+01 -2.257359702e+01 -2.257359702e+01 -1.3212e+00 +1.9930e+00 -3.2282e+00 -3.7856e+00 +4.9013e+00
577 +1.263783025e+01 +1.263783025e+01 -2.300216975e+01 -2.300216975e+01 -1.3665e+00 +1.7866e+00 -3.2490e+00 -3.8351e+00 +5.0959e+00
678 +1.247037963e+01 +1.247037963e+01 -2.316962037e+01 -2.316962037e+01 -1.3951e+00 +1.7376e+00 -3.0092e+00 -3.8782e+00 +5.0222e+00
1057 +1.230112812e+01 +1.230112812e+01 -2.333887188e+01 -2.333887188e+01 -1.1518e+00 +1.5193e+00 -3.0318e+00 -3.9586e+00 +5.0526e+00
% function evaluation | noise-free fitness - Fopt (-4.590900000000e+02) | best noise-free fitness - Fopt | measured fitness | best measured fitness | x1 | x2...
1 +5.870251641e+01 +5.870251641e+01 -4.003874836e+02 -4.003874836e+02 +0.0000e+00 +0.0000e+00 +0.0000e+00 +0.0000e+00 +0.0000e+00
2 +4.508125673e+01 +4.508125673e+01 -4.140087433e+02 -4.140087433e+02 -2.6683e+00 -2.8936e+00 -3.7804e+00 +2.6217e+00 -2.9886e+00
3 +4.442644136e+01 +4.442644136e+01 -4.146635586e+02 -4.146635586e+02 -2.6562e+00 -2.8823e+00 -3.7806e+00 +2.6206e+00 -2.9935e+00
28 +4.251283180e+01 +4.251283180e+01 -4.165771682e+02 -4.165771682e+02 -2.6204e+00 -2.8896e+00 -3.7814e+00 +2.6298e+00 -2.9972e+00
53 +4.018075167e+01 +4.018075167e+01 -4.189092483e+02 -4.189092483e+02 -2.5886e+00 -2.8972e+00 -3.7638e+00 +2.6283e+00 -3.0032e+00
71 +3.699983278e+01 +3.699983278e+01 -4.220901672e+02 -4.220901672e+02 -2.4922e+00 -2.8751e+00 -3.7664e+00 +2.6388e+00 -2.9998e+00
101 +3.273746793e+01 +3.273746793e+01 -4.263525321e+02 -4.263525321e+02 -2.3850e+00 -2.8791e+00 -3.7332e+00 +2.7082e+00 -3.0224e+00
123 +3.198225824e+01 +3.198225824e+01 -4.271077418e+02 -4.271077418e+02 -2.3147e+00 -2.8714e+00 -3.6555e+00 +2.6431e+00 -3.0088e+00
128 +3.129919213e+01 +3.129919213e+01 -4.277908079e+02 -4.277908079e+02 -2.4005e+00 -2.8143e+00 -3.6674e+00 +2.6176e+00 -3.0185e+00
141 +3.002101668e+01 +3.002101668e+01 -4.290689833e+02 -4.290689833e+02 -2.3918e+00 -2.8852e+00 -3.6268e+00 +2.6844e+00 -3.0396e+00
149 +2.766634789e+01 +2.766634789e+01 -4.314236521e+02 -4.314236521e+02 -2.2948e+00 -2.8836e+00 -3.6011e+00 +3.0295e+00 -3.0421e+00
152 +2.729595264e+01 +2.729595264e+01 -4.317940474e+02 -4.317940474e+02 -2.5704e+00 -2.7181e+00 -3.6089e+00 +3.9150e+00 -3.0166e+00
162 +2.059285969e+01 +2.059285969e+01 -4.384971403e+02 -4.384971403e+02 -2.2622e+00 -2.8133e+00 -3.4902e+00 +2.5672e+00 -3.4614e+00
229 +2.004702361e+01 +2.004702361e+01 -4.390429764e+02 -4.390429764e+02 -2.4704e+00 -2.7118e+00 -3.4302e+00 +3.5476e+00 -3.0862e+00
252 +1.969393774e+01 +1.969393774e+01 -4.393960623e+02 -4.393960623e+02 -2.3891e+00 -2.7904e+00 -3.3275e+00 +3.5706e+00 -3.0840e+00
254 +1.916867725e+01 +1.916867725e+01 -4.399213227e+02 -4.399213227e+02 -2.3727e+00 -2.9128e+00 -3.3627e+00 +3.1105e+00 -3.3125e+00
278 +1.884360908e+01 +1.884360908e+01 -4.402463909e+02 -4.402463909e+02 -2.5391e+00 -3.0235e+00 -3.0678e+00 +3.3371e+00 -3.1892e+00
290 +1.754624766e+01 +1.754624766e+01 -4.415437523e+02 -4.415437523e+02 -2.4781e+00 -2.7130e+00 -3.3219e+00 +3.5494e+00 -3.1301e+00
291 +1.179773414e+01 +1.179773414e+01 -4.472922659e+02 -4.472922659e+02 -2.4403e+00 -2.7334e+00 -3.0506e+00 +3.7265e+00 -3.4401e+00
359 +1.119834195e+01 +1.119834195e+01 -4.478916581e+02 -4.478916581e+02 -2.5531e+00 -2.7385e+00 -2.9297e+00 +3.7427e+00 -3.3789e+00
397 +9.796342205e+00 +9.796342205e+00 -4.492936578e+02 -4.492936578e+02 -2.6121e+00 -2.6400e+00 -2.6809e+00 +3.8441e+00 -3.2992e+00
693 +8.746811424e+00 +8.746811424e+00 -4.503431886e+02 -4.503431886e+02 -2.7245e+00 -1.8826e+00 -2.2049e+00 +3.9092e+00 -3.2134e+00
728 +6.950856493e+00 +6.950856493e+00 -4.521391435e+02 -4.521391435e+02 -2.4895e+00 -1.8067e+00 -2.5005e+00 +3.7565e+00 -3.0383e+00
821 +6.207548283e+00 +6.207548283e+00 -4.528824517e+02 -4.528824517e+02 -2.5910e+00 -1.5641e+00 -2.2153e+00 +3.8497e+00 -2.5764e+00
925 +5.569353416e+00 +5.569353416e+00 -4.535206466e+02 -4.535206466e+02 -2.6923e+00 -1.0713e+00 -1.5653e+00 +3.8585e+00 -2.3825e+00
988 +5.434896019e+00 +5.434896019e+00 -4.536551040e+02 -4.536551040e+02 -2.4420e+00 -1.4055e+00 -2.1012e+00 +3.8253e+00 -2.6702e+00
1050 +4.565209980e+00 +4.565209980e+00 -4.545247900e+02 -4.545247900e+02 -2.5300e+00 -1.3844e+00 -2.1849e+00 +4.0686e+00 -2.6961e+00
1105 +4.427683734e+00 +4.427683734e+00 -4.546623163e+02 -4.546623163e+02 -2.5051e+00 -1.3917e+00 -2.1428e+00 +4.0193e+00 -2.7126e+00
1110 +3.993291706e+00 +3.993291706e+00 -4.550967083e+02 -4.550967083e+02 -2.4704e+00 -1.3880e+00 -2.1719e+00 +4.2881e+00 -2.7192e+00
1144 +3.865743309e+00 +3.865743309e+00 -4.552242567e+02 -4.552242567e+02 -2.4753e+00 -1.3607e+00 -2.1469e+00 +4.2815e+00 -2.6938e+00
1153 +3.545730937e+00 +3.545730937e+00 -4.555442691e+02 -4.555442691e+02 -2.4718e+00 -1.1081e+00 -2.1417e+00 +4.2855e+00 -2.5953e+00
1180 +3.287744558e+00 +3.287744558e+00 -4.558022554e+02 -4.558022554e+02 -2.4156e+00 -1.1937e+00 -2.1054e+00 +4.2735e+00 -2.6406e+00
1213 +3.199051191e+00 +3.199051191e+00 -4.558909488e+02 -4.558909488e+02 -2.4418e+00 -1.1556e+00 -2.1156e+00 +4.3566e+00 -2.6127e+00
1280 +3.134929640e+00 +3.134929640e+00 -4.559550704e+02 -4.559550704e+02 -2.4539e+00 -1.1120e+00 -2.0874e+00 +4.4076e+00 -2.5928e+00
1301 +3.034958319e+00 +3.034958319e+00 -4.560550417e+02 -4.560550417e+02 -2.4484e+00 -1.0906e+00 -2.0439e+00 +4.4196e+00 -2.5931e+00
1305 +2.908945236e+00 +2.908945236e+00 -4.561810548e+02 -4.561810548e+02 -2.4431e+00 -1.0226e+00 -1.9019e+00 +4.4387e+00 -2.5103e+00
1365 +2.869986014e+00 +2.869986014e+00 -4.562200140e+02 -4.562200140e+02 -2.4520e+00 -1.0409e+00 -1.9890e+00 +4.4785e+00 -2.5295e+00
1404 +2.763726524e+00 +2.763726524e+00 -4.563262735e+02 -4.563262735e+02 -2.4461e+00 -9.8924e-01 -1.9420e+00 +4.4427e+00 -2.4393e+00
1429 +2.688848371e+00 +2.688848371e+00 -4.564011516e+02 -4.564011516e+02 -2.4478e+00 -8.9960e-01 -1.9716e+00 +4.4670e+00 -2.4553e+00
% function evaluation | noise-free fitness - Fopt (6.085000000000e+01) | best noise-free fitness - Fopt | measured fitness | best measured fitness | x1 | x2...
1 +6.278523772e+01 +6.278523772e+01 +1.236352377e+02 +1.236352377e+02 +0.0000e+00 +0.0000e+00 +0.0000e+00 +0.0000e+00 +0.0000e+00
138 +5.523504302e+01 +5.523504302e+01 +1.160850430e+02 +1.160850430e+02 -2.6939e+00 -1.5814e+00 -2.8073e+00 -1.6754e-01 +2.2636e+00
154 +4.325660070e+01 +4.325660070e+01 +1.041066007e+02 +1.041066007e+02 -3.0030e+00 -6.3298e-01 -2.8325e+00 -2.2464e-01 +2.2634e+00
165 +1.652051212e+01 +1.652051212e+01 +7.737051212e+01 +7.737051212e+01 -2.5084e+00 -4.3659e-01 -3.9173e+00 -4.2990e-01 +2.5433e+00
188 +7.252221962e+00 +7.252221962e+00 +6.810222196e+01 +6.810222196e+01 -3.7076e+00 +1.1591e+00 -3.7022e+00 -1.4776e+00 +2.1466e+00
287 +3.402970740e+00 +3.402970740e+00 +6.425297074e+01 +6.425297074e+01 -1.3642e+00 -2.4057e+00 -2.3972e+00 -2.6017e+00 +3.2224e+00
390 +2.791869052e+00 +2.791869052e+00 +6.364186905e+01 +6.364186905e+01 -1.6007e+00 -2.4220e+00 -2.0074e+00 -2.4661e+00 +2.6012e+00
586 +2.060597994e+00 +2.060597994e+00 +6.291059799e+01 +6.291059799e+01 -1.3474e+00 -2.4257e+00 -2.1680e+00 -2.2128e+00 +3.3113e+00
786 +1.904174207e+00 +1.904174207e+00 +6.275417421e+01 +6.275417421e+01 -1.7197e+00 -2.9492e+00 -1.7697e+00 -1.9522e+00 +2.6347e+00
1074 +1.833227733e+00 +1.833227733e+00 +6.268322773e+01 +6.268322773e+01 -1.6447e+00 -2.5530e+00 -1.5970e+00 -1.9118e+00 +2.8256e+00
1225 +1.813635104e+00 +1.813635104e+00 +6.266363510e+01 +6.266363510e+01 -1.6853e+00 -2.6502e+00 -1.6018e+00 -1.9554e+00 +2.7806e+00
1380 +1.773171121e+00 +1.773171121e+00 +6.262317112e+01 +6.262317112e+01 -1.6787e+00 -2.6038e+00 -1.5663e+00 -1.9135e+00 +2.8045e+00
1497 +1.735561806e+00 +1.735561806e+00 +6.258556181e+01 +6.258556181e+01 -1.7007e+00 -2.5834e+00 -1.5171e+00 -1.8862e+00 +2.8225e+00
% function evaluation | noise-free fitness - Fopt (-1.435000000000e+02) | best noise-free fitness - Fopt | measured fitness | best measured fitness | x1 | x2...
1 +6.636973448e+01 +6.636973448e+01 -7.713026552e+01 -7.713026552e+01 +0.0000e+00 +0.0000e+00 +0.0000e+00 +0.0000e+00 +0.0000e+00
171 +6.411690201e+01 +6.411690201e+01 -7.938309799e+01 -7.938309799e+01 -4.6240e+00 +2.7027e+00 +4.0707e+00 -2.9467e+00 +4.2795e+00
204 +6.289846085e+01 +6.289846085e+01 -8.060153915e+01 -8.060153915e+01 -4.6173e+00 +2.9137e+00 +4.0263e+00 -2.9202e+00 +4.3141e+00
229 +5.861221397e+01 +5.861221397e+01 -8.488778603e+01 -8.488778603e+01 -4.1876e+00 +2.7813e+00 +3.6788e+00 -2.7593e+00 +4.2898e+00
254 +5.014507353e+01 +5.014507353e+01 -9.335492647e+01 -9.335492647e+01 -4.0555e+00 +4.3275e+00 +3.9578e+00 -2.6916e+00 +4.5594e+00
276 +4.680304788e+01 +4.680304788e+01 -9.669695212e+01 -9.669695212e+01 -3.5809e+00 +3.1405e+00 +4.1036e+00 -2.7143e+00 +4.3844e+00
286 +4.178618182e+01 +4.178618182e+01 -1.017138182e+02 -1.017138182e+02 -3.5167e+00 +1.1288e+00 -4.4892e-01 +3.6708e+00 +4.3444e+00
292 +4.057813595e+01 +4.057813595e+01 -1.029218640e+02 -1.029218640e+02 -2.7760e+00 +3.2849e+00 +4.6003e+00 -2.6467e+00 +4.2250e+00
355 +2.465322894e+01 +2.465322894e+01 -1.188467711e+02 -1.188467711e+02 -2.3362e+00 -4.5903e+00 +2.0847e+00 -1.7880e+00 +4.1458e+00
583 +1.746038799e+01 +1.746038799e+01 -1.260396120e+02 -1.260396120e+02 -2.3254e-01 -4.1932e+00 +1.5605e+00 -1.2682e+00 +2.8588e+00
723 +1.638533951e+01 +1.638533951e+01 -1.271146605e+02 -1.271146605e+02 -1.3309e+00 +1.0731e+00 +2.0497e+00 -1.8886e+00 +6.2565e-01
730 +1.387687532e+01 +1.387687532e+01 -1.296231247e+02 -1.296231247e+02 -1.6181e+00 +9.4165e-01 +2.9734e+00 -1.1900e+00 +1.5110e+00
1053 +7.491661747e+00 +7.491661747e+00 -1.360083383e+02 -1.360083383e+02 -2.2261e+00 +2.4914e+00 -3.3940e-01 -1.3285e+00 -1.0963e-01
1312 +6.624258740e+00 +6.624258740e+00 -1.368757413e+02 -1.368757413e+02 -1.2702e-01 +1.2259e+00 -4.2104e+00 +3.2903e+00 -3.7391e-01
1361 +3.183156727e+00 +3.183156727e+00 -1.403168433e+02 -1.403168433e+02 -9.1937e-01 +1.4347e+00 -4.1404e+00 +2.6347e+00 -4.6411e-01
1396 +2.329685881e+00 +2.329685881e+00 -1.411703141e+02 -1.411703141e+02 -7.3035e-01 +2.1234e+00 -4.8628e+00 +2.6674e+00 -7.2165e-01
% function evaluation | noise-free fitness - Fopt (9.465100000000e+02) | best noise-free fitness - Fopt | measured fitness | best measured fitness | x1 | x2...
1 +3.926232692e+01 +3.926232692e+01 +9.857723269e+02 +9.857723269e+02 +0.0000e+00 +0.0000e+00 +0.0000e+00 +0.0000e+00 +0.0000e+00
207 +3.179724412e+01 +3.179724412e+01 +9.783072441e+02 +9.783072441e+02 +2.3582e+00 +2.6477e+00 -4.3460e+00 -1.5231e+00 +3.1861e-01
351 +2.997822114e+01 +2.997822114e+01 +9.764882211e+02 +9.764882211e+02 +2.5375e+00 +1.1002e-01 -4.0739e+00 -2.2028e+00 -4.2324e+00
352 +2.753710679e+01 +2.753710679e+01 +9.740471068e+02 +9.740471068e+02 +2.5460e+00 -1.4834e+00 -3.8549e+00 -2.3869e+00 -4.2596e+00
364 +2.603767578e+01 +2.603767578e+01 +9.725476758e+02 +9.725476758e+02 +2.4470e+00 +2.8963e-01 -3.6391e+00 -1.5622e+00 -3.7022e+00
378 +2.086840674e+01 +2.086840674e+01 +9.673784067e+02 +9.673784067e+02 +2.5606e+00 -6.2728e-01 -3.5111e+00 -1.6283e+00 -4.5627e+00
405 +1.099076935e+01 +1.099076935e+01 +9.575007693e+02 +9.575007693e+02 +2.3746e+00 -9.5729e-01 -2.9015e+00 -1.8879e+00 -3.6040e+00
428 +7.899978848e+00 +7.899978848e+00 +9.544099788e+02 +9.544099788e+02 +2.5091e+00 -6.6165e-02 -2.9032e+00 -2.1590e+00 -3.7814e+00
452 +4.844763626e+00 +4.844763626e+00 +9.513547636e+02 +9.513547636e+02 +3.0012e+00 -6.6136e-01 -2.5329e+00 -2.2622e+00 -3.6465e+00
516 +4.270271032e+00 +4.270271032e+00 +9.507802710e+02 +9.507802710e+02 +2.7834e+00 +3.3883e-01 -2.3422e+00 -2.9880e+00 -3.6084e+00
582 +2.495006557e+00 +2.495006557e+00 +9.490050066e+02 +9.490050066e+02 +2.8349e+00 -5.9242e-01 -2.3152e+00 -2.5998e+00 -3.6981e+00
607 +2.013171034e+00 +2.013171034e+00 +9.485231710e+02 +9.485231710e+02 +2.6471e+00 -3.8443e-01 -2.0505e+00 -2.3031e+00 -3.2874e+00
633 +1.897530607e+00 +1.897530607e+00 +9.484075306e+02 +9.484075306e+02 +2.9163e+00 -3.7229e-01 -1.9438e+00 -2.5969e+00 -3.4792e+00
645 +1.693674628e+00 +1.693674628e+00 +9.482036746e+02 +9.482036746e+02 +2.9973e+00 -3.4761e-01 -1.7662e+00 -2.6263e+00 -3.1882e+00
654 +1.321579360e+00 +1.321579360e+00 +9.478315794e+02 +9.478315794e+02 +2.7062e+00 -2.8395e-01 -1.5302e+00 -2.9484e+00 -2.9149e+00
656 +4.308516987e-01 +4.308516987e-01 +9.469408517e+02 +9.469408517e+02 +9.0194e-01 -1.9261e-01 -6.8910e-01 -3.4958e+00 -2.8392e+00
668 +4.186403166e-01 +4.186403166e-01 +9.469286403e+02 +9.469286403e+02 +7.3289e-01 -3.2166e-01 -1.3127e+00 -2.9276e+00 -2.6421e+00
680 +1.298567812e-01 +1.298567812e-01 +9.466398568e+02 +9.466398568e+02 +9.7942e-01 -1.6703e-01 -1.6272e+00 -3.4846e+00 -2.4377e+00
740 +1.097614509e-01 +1.097614509e-01 +9.466197615e+02 +9.466197615e+02 +8.7420e-01 -2.8118e-01 -1.6198e+00 -3.1644e+00 -2.6922e+00
812 +6.410003025e-02 +6.410003025e-02 +9.465741000e+02 +9.465741000e+02 +5.1419e-01 -2.1009e-02 -8.1103e-01 -2.9744e+00 -3.0482e+00
834 +5.631313790e-02 +5.631313790e-02 +9.465663131e+02 +9.465663131e+02 +5.6049e-01 -2.3385e-01 -1.3962e+00 -3.3977e+00 -2.7954e+00
853 +7.020059189e-03 +7.020059189e-03 +9.465170201e+02 +9.465170201e+02 +1.0701e+00 -1.5447e-01 -1.2351e+00 -3.0590e+00 -2.7272e+00
953 +4.380080436e-03 +4.380080436e-03 +9.465143801e+02 +9.465143801e+02 +1.0032e+00 -1.9397e-01 -1.2933e+00 -3.0931e+00 -2.6609e+00
979 +3.915321896e-03 +3.915321896e-03 +9.465139153e+02 +9.465139153e+02 +9.8217e-01 -2.1138e-01 -1.2793e+00 -3.2477e+00 -2.7076e+00
1056 +3.886494411e-03 +3.886494411e-03 +9.465138865e+02 +9.465138865e+02 +8.7275e-01 -2.1764e-01 -1.2315e+00 -3.2825e+00 -2.6906e+00
1072 +3.553975939e-03 +3.553975939e-03 +9.465135540e+02 +9.465135540e+02 +1.0355e+00 -2.2233e-01 -1.2439e+00 -3.1773e+00 -2.5670e+00
1089 +2.584783541e-03 +2.584783541e-03 +9.465125848e+02 +9.465125848e+02 +1.0145e+00 -2.1683e-01 -1.2206e+00 -3.1876e+00 -2.6208e+00
1122 +1.374880195e-03 +1.374880195e-03 +9.465113749e+02 +9.465113749e+02 +1.0481e+00 -2.5660e-01 -1.1764e+00 -3.1333e+00 -2.6590e+00
1142 +8.424409265e-04 +8.424409265e-04 +9.465108424e+02 +9.465108424e+02 +1.1218e+00 -3.2667e-01 -1.2850e+00 -3.1928e+00 -2.5864e+00
1172 +8.086166996e-04 +8.086166996e-04 +9.465108086e+02 +9.465108086e+02 +1.0785e+00 -2.7049e-01 -1.2351e+00 -3.2309e+00 -2.6431e+00
1222 +7.372500000e-04 +7.372500000e-04 +9.465107373e+02 +9.465107373e+02 +1.1177e+00 -2.7171e-01 -1.2609e+00 -3.1915e+00 -2.6174e+00
1230 +7.183005704e-04 +7.183005704e-04 +9.465107183e+02 +9.465107183e+02 +1.1498e+00 -2.7439e-01 -1.2676e+00 -3.2061e+00 -2.6185e+00
1236 +5.607502321e-04 +5.607502321e-04 +9.465105608e+02 +9.465105608e+02 +1.1281e+00 -2.7883e-01 -1.2544e+00 -3.1981e+00 -2.6242e+00
1265 +3.293461916e-04 +3.293461916e-04 +9.465103293e+02 +9.465103293e+02 +1.1637e+00 -3.1809e-01 -1.2841e+00 -3.2067e+00 -2.5796e+00
1277 +3.235669146e-04 +3.235669146e-04 +9.465103236e+02 +9.465103236e+02 +1.1684e+00 -3.0100e-01 -1.2841e+00 -3.2152e+00 -2.6269e+00
1283 +2.502468907e-04 +2.502468907e-04 +9.465102502e+02 +9.465102502e+02 +1.1347e+00 -3.2299e-01 -1.2204e+00 -3.2580e+00 -2.6399e+00
1327 +2.296668134e-04 +2.296668134e-04 +9.465102297e+02 +9.465102297e+02 +1.1871e+00 -3.1689e-01 -1.2472e+00 -3.2047e+00 -2.6262e+00
1329 +2.229341820e-04 +2.229341820e-04 +9.465102229e+02 +9.465102229e+02 +1.1794e+00 -3.1517e-01 -1.2636e+00 -3.2209e+00 -2.6254e+00
1348 +2.094459501e-04 +2.094459501e-04 +9.465102094e+02 +9.465102094e+02 +1.1637e+00 -3.1778e-01 -1.2490e+00 -3.2139e+00 -2.6333e+00
1355 +1.749788095e-04 +1.749788095e-04 +9.465101750e+02 +9.465101750e+02 +1.1931e+00 -3.3088e-01 -1.2451e+00 -3.2255e+00 -2.6186e+00
1403 +1.654154009e-04 +1.654154009e-04 +9.465101654e+02 +9.465101654e+02 +1.1766e+00 -3.2774e-01 -1.2617e+00 -3.2158e+00 -2.6296e+00
1416 +1.539332604e-04 +1.539332604e-04 +9.465101539e+02 +9.465101539e+02 +1.1688e+00 -3.2780e-01 -1.2645e+00 -3.2253e+00 -2.6231e+00
1475 +1.368759359e-04 +1.368759359e-04 +9.465101369e+02 +9.465101369e+02 +1.1819e+00 -3.4154e-01 -1.2436e+00 -3.2195e+00 -2.6447e+00
