% function evaluation | noise-free fitness - Fopt (4.078000000000e+01) | best noise-free fitness - Fopt | measured fitness | best measured fitness | x1 | x2...
1 +2.342962888e+01 +2.342962888e+01 +6.420962888e+01 +6.420962888e+01 +0.0000e+00 +0.0000e+00 +0.0000e+00
2 +9.773740373e+00 +9.773740373e+00 +5.055374037e+01 +5.055374037e+01 -2.4501e+00 +4.1348e+00 -1.3638e+00
3 +9.570400737e+00 +9.570400737e+00 +5.035040074e+01 +5.035040074e+01 -2.4525e+00 +4.1088e+00 -1.3426e+00
6 +8.421071781e+00 +8.421071781e+00 +4.920107178e+01 +4.920107178e+01 -2.4528e+00 +4.1061e+00 -1.2461e+00
43 +8.161243626e+00 +8.161243626e+00 +4.894124363e+01 +4.894124363e+01 -2.4531e+00 +4.1096e+00 -1.2191e+00
46 +7.691752923e+00 +7.691752923e+00 +4.847175292e+01 +4.847175292e+01 -2.4534e+00 +4.1319e+00 -1.1706e+00
47 +4.362907765e+00 +4.362907765e+00 +4.514290777e+01 +4.514290777e+01 -2.4531e+00 +4.1787e+00 -9.0337e-01
59 +2.780272467e+00 +2.780272467e+00 +4.356027247e+01 +4.356027247e+01 -2.4532e+00 +4.1903e+00 -7.6165e-01
68 +2.238872461e+00 +2.238872461e+00 +4.301887246e+01 +4.301887246e+01 -2.4534e+00 +4.1820e+00 -6.4533e-01
70 +1.989422572e+00 +1.989422572e+00 +4.276942257e+01 +4.276942257e+01 -2.4531e+00 +4.1792e+00 -4.0061e-01
72 +1.748697247e+00 +1.748697247e+00 +4.252869725e+01 +4.252869725e+01 -2.4529e+00 +4.2691e+00 -1.7432e-01
145 +1.406283479e+00 +1.406283479e+00 +4.218628348e+01 +4.218628348e+01 -2.4530e+00 +4.5056e+00 -2.4866e-01
178 +1.363058899e+00 +1.363058899e+00 +4.214305890e+01 +4.214305890e+01 -2.4530e+00 +4.4844e+00 -1.6556e-01
194 +1.340914523e+00 +1.340914523e+00 +4.212091452e+01 +4.212091452e+01 -2.4530e+00 +4.5974e+00 -1.2227e-01
528 +1.314634942e+00 +1.314634942e+00 +4.209463494e+01 +4.209463494e+01 -2.4423e+00 +4.5616e+00 -1.4521e-01
553 +1.278404133e+00 +1.278404133e+00 +4.205840413e+01 +4.205840413e+01 -2.4095e+00 +4.5623e+00 -1.4638e-01
564 +1.246443388e+00 +1.246443388e+00 +4.202644339e+01 +4.202644339e+01 -2.3283e+00 +4.5529e+00 -1.4228e-01
% function evaluation | noise-free fitness - Fopt (-1.600000000000e+00) | best noise-free fitness - Fopt | measured fitness | best measured fitness | x1 | x2...
1 +1.240367020e+01 +1.240367020e+01 +1.080367020e+01 +1.080367020e+01 +0.0000e+00 +0.0000e+00 +0.0000e+00
67 +1.117368339e+01 +1.117368339e+01 +9.573683395e+00 +9.573683395e+00 -2.8690e+00 +3.0662e+00 +4.8770e-02
81 +4.964070618e+00 +4.964070618e+00 +3.364070618e+00 +3.364070618e+00 -2.8766e+00 +2.0570e+00 +2.1170e-02
83 +4.503524952e+00 +4.503524952e+00 +2.903524952e+00 +2.903524952e+00 -2.8693e+00 +2.0487e+00 -2.4437e-02
109 +3.892526053e+00 +3.892526053e+00 +2.292526053e+00 +2.292526053e+00 -2.8715e+00 +2.2049e+00 -7.4511e-02
112 +3.888383447e+00 +3.888383447e+00 +2.288383447e+00 +2.288383447e+00 -2.8681e+00 +2.0721e+00 -9.0585e-02
133 +3.801389935e+00 +3.801389935e+00 +2.201389935e+00 +2.201389935e+00 -2.8731e+00 +2.0193e+00 -1.3536e-01
139 +3.011749458e+00 +3.011749458e+00 +1.411749458e+00 +1.411749458e+00 -2.8722e+00 +2.0793e+00 -2.8341e-01
202 +2.766725498e+00 +2.766725498e+00 +1.166725498e+00 +1.166725498e+00 -2.8606e+00 +2.1353e+00 -4.5601e-01
217 +2.737354631e+00 +2.737354631e+00 +1.137354631e+00 +1.137354631e+00 -2.8561e+00 +2.1260e+00 -4.1011e-01
223 +2.689259580e+00 +2.689259580e+00 +1.089259580e+00 +1.089259580e+00 -2.8453e+00 +2.1365e+00 -4.4040e-01
257 +2.106652811e+00 +2.106652811e+00 +5.066528111e-01 +5.066528111e-01 -2.5951e+00 +2.1143e+00 -3.9250e-01
295 +2.021105362e+00 +2.021105362e+00 +4.211053621e-01 +4.211053621e-01 -2.4983e+00 +1.9731e+00 -4.4788e-01
308 +1.967988181e+00 +1.967988181e+00 +3.679881812e-01 +3.679881812e-01 -2.2742e+00 +1.8394e+00 -3.8063e-01
348 +1.942115475e+00 +1.942115475e+00 +3.421154747e-01 +3.421154747e-01 -2.1377e+00 +1.7827e+00 -4.3791e-01
% function evaluation | noise-free fitness - Fopt (-3.708400000000e+02) | best noise-free fitness - Fopt | measured fitness | best measured fitness | x1 | x2...
1 +3.578233172e+01 +3.578233172e+01 -3.350576683e+02 -3.350576683e+02 +0.0000e+00 +0.0000e+00 +0.0000e+00
2 +2.145171740e+01 +2.145171740e+01 -3.493882826e+02 -3.493882826e+02 -4.1681e+00 -1.0918e+00 +2.8577e+00
8 +2.126138717e+01 +2.126138717e+01 -3.495786128e+02 -3.495786128e+02 -4.1815e+00 -1.0816e+00 +2.8565e+00
24 +2.013466593e+01 +2.013466593e+01 -3.507053341e+02 -3.507053341e+02 -4.1332e+00 -1.0700e+00 +2.8594e+00
32 +1.979725760e+01 +1.979725760e+01 -3.510427424e+02 -3.510427424e+02 -4.1047e+00 -1.0693e+00 +2.8741e+00
36 +1.798049652e+01 +1.798049652e+01 -3.528595035e+02 -3.528595035e+02 -4.1165e+00 -1.0239e+00 +2.8345e+00
51 +1.768445154e+01 +1.768445154e+01 -3.531555485e+02 -3.531555485e+02 -4.1312e+00 -1.0113e+00 +2.8283e+00
53 +1.736312998e+01 +1.736312998e+01 -3.534768700e+02 -3.534768700e+02 -4.0495e+00 -1.0325e+00 +2.8419e+00
54 +1.640937888e+01 +1.640937888e+01 -3.544306211e+02 -3.544306211e+02 -4.1237e+00 -9.8668e-01 +2.7960e+00
57 +1.031771549e+01 +1.031771549e+01 -3.605222845e+02 -3.605222845e+02 -4.1345e+00 -7.7247e-01 +2.8434e+00
62 +8.060917734e+00 +8.060917734e+00 -3.627790823e+02 -3.627790823e+02 -4.2665e+00 -3.1370e-01 +2.8598e+00
77 +6.967475648e+00 +6.967475648e+00 -3.638725244e+02 -3.638725244e+02 -3.9829e+00 -4.4630e-01 +2.8540e+00
98 +6.743713001e+00 +6.743713001e+00 -3.640962870e+02 -3.640962870e+02 -4.0291e+00 -4.4282e-01 +2.5794e+00
127 +6.428471006e+00 +6.428471006e+00 -3.644115290e+02 -3.644115290e+02 -3.9073e+00 -4.2711e-01 +2.4818e+00
133 +6.300724621e+00 +6.300724621e+00 -3.645392754e+02 -3.645392754e+02 -3.8735e+00 -4.5634e-01 +2.5572e+00
152 +6.072936538e+00 +6.072936538e+00 -3.647670635e+02 -3.647670635e+02 -3.6849e+00 -4.7716e-01 +2.5481e+00
377 +6.018899348e+00 +6.018899348e+00 -3.648211007e+02 -3.648211007e+02 -3.6199e+00 -4.9475e-01 +2.5765e+00
441 +5.843182835e+00 +5.843182835e+00 -3.649968172e+02 -3.649968172e+02 -3.5957e+00 -5.0087e-01 +2.7245e+00
% function evaluation | noise-free fitness - Fopt (-3.256000000000e+01) | best noise-free fitness - Fopt | measured fitness | best measured fitness | x1 | x2...
1 +5.303999905e+01 +5.303999905e+01 +2.047999905e+01 +2.047999905e+01 +0.0000e+00 +0.0000e+00 +0.0000e+00
24 +4.655716737e+01 +4.655716737e+01 +1.399716737e+01 +1.399716737e+01 +4.7090e+00 +1.9467e+00 -3.3395e+00
36 +3.592309554e+01 +3.592309554e+01 +3.363095543e+00 +3.363095543e+00 +4.6479e+00 +1.9628e+00 -3.4074e+00
40 +2.215318493e+01 +2.215318493e+01 -1.040681507e+01 -1.040681507e+01 +4.5175e+00 +1.9429e+00 -3.4505e+00
47 +1.833151701e+01 +1.833151701e+01 -1.422848299e+01 -1.422848299e+01 +4.2409e+00 +1.9901e+00 -3.3504e+00
57 +8.615894149e+00 +8.615894149e+00 -2.394410585e+01 -2.394410585e+01 +4.2063e+00 +1.9273e+00 -1.6507e+00
124 +5.749995371e+00 +5.749995371e+00 -2.681000463e+01 -2.681000463e+01 +2.6936e-01 +2.1211e+00 -8.9162e-02
150 +3.745635754e+00 +3.745635754e+00 -2.881436425e+01 -2.881436425e+01 +1.9769e-01 +2.0246e+00 -4.0263e-01
160 +2.891274030e+00 +2.891274030e+00 -2.966872597e+01 -2.966872597e+01 -2.2903e-02 +2.0089e+00 -1.0227e-01
285 +2.875527532e+00 +2.875527532e+00 -2.968447247e+01 -2.968447247e+01 +4.5574e-02 +1.9836e+00 -1.8609e-01
396 +2.812153562e+00 +2.812153562e+00 -2.974784644e+01 -2.974784644e+01 -9.0143e-03 +2.0728e+00 -1.6820e-01
% function evaluation | noise-free fitness - Fopt (5.154000000000e+02) | best noise-free fitness - Fopt | measured fitness | best measured fitness | x1 | x2...
1 +2.054857278e+01 +2.054857278e+01 +5.359485728e+02 +5.359485728e+02 +0.0000e+00 +0.0000e+00 +0.0000e+00
167 +1.458526138e+01 +1.458526138e+01 +5.299852614e+02 +5.299852614e+02 +3.2624e+00 +4.0817e+00 +2.6264e+00
168 +4.605625335e+00 +4.605625335e+00 +5.200056253e+02 +5.200056253e+02 +2.5371e+00 +4.0832e+00 +3.4967e+00
275 +3.515324556e+00 +3.515324556e+00 +5.189153246e+02 +5.189153246e+02 +2.6106e+00 +3.8579e+00 +3.1772e+00
277 +2.302512197e+00 +2.302512197e+00 +5.177025122e+02 +5.177025122e+02 +2.5593e+00 +3.7087e+00 +3.2147e+00
332 +2.109683059e+00 +2.109683059e+00 +5.175096831e+02 +5.175096831e+02 +2.4306e+00 +3.6612e+00 +3.2481e+00
348 +2.015045044e+00 +2.015045044e+00 +5.174150450e+02 +5.174150450e+02 +2.4174e+00 +3.5494e+00 +3.2564e+00
364 +1.914161486e+00 +1.914161486e+00 +5.173141615e+02 +5.173141615e+02 +2.2486e+00 +3.3278e+00 +3.2631e+00
434 +1.897366334e+00 +1.897366334e+00 +5.172973663e+02 +5.172973663e+02 +2.2406e+00 +3.3053e+00 +3.2146e+00
493 +1.857312927e+00 +1.857312927e+00 +5.172573129e+02 +5.172573129e+02 +2.2008e+00 +3.2024e+00 +3.1193e+00
809 +1.818537122e+00 +1.818537122e+00 +5.172185371e+02 +5.172185371e+02 +2.2040e+00 +3.0995e+00 +2.9477e+00
% function evaluation | noise-free fitness - Fopt (-1.000000000000e+03) | best noise-free fitness - Fopt | measured fitness | best measured fitness | x1 | x2...
1 +2.932008469e+01 +2.932008469e+01 -9.706799153e+02 -9.706799153e+02 +0.0000e+00 +0.0000e+00 +0.0000e+00
2 +2.482156204e+01 +2.482156204e+01 -9.751784380e+02 -9.751784380e+02 -1.8112e+00 -4.2860e+00 -4.3605e+00
3 +2.400693071e+01 +2.400693071e+01 -9.759930693e+02 -9.759930693e+02 -1.8035e+00 -4.3159e+00 -4.3593e+00
4 +2.393868053e+01 +2.393868053e+01 -9.760613195e+02 -9.760613195e+02 -1.8037e+00 -4.3310e+00 -4.3742e+00
7 +2.341836692e+01 +2.341836692e+01 -9.765816331e+02 -9.765816331e+02 -1.8066e+00 -4.3244e+00 -4.3474e+00
23 +2.206541521e+01 +2.206541521e+01 -9.779345848e+02 -9.779345848e+02 -1.8105e+00 -4.3345e+00 -4.2899e+00
32 +2.154601265e+01 +2.154601265e+01 -9.784539873e+02 -9.784539873e+02 -1.8116e+00 -4.3567e+00 -4.2718e+00
51 +2.137257864e+01 +2.137257864e+01 -9.786274214e+02 -9.786274214e+02 -1.8156e+00 -4.3895e+00 -4.2826e+00
220 +2.084744868e+01 +2.084744868e+01 -9.791525513e+02 -9.791525513e+02 -1.9312e+00 -4.3551e+00 -4.2468e+00
396 +2.037586687e+01 +2.037586687e+01 -9.796241331e+02 -9.796241331e+02 -2.0437e+00 -4.2648e+00 -4.2320e+00
594 +1.992323439e+01 +1.992323439e+01 -9.800767656e+02 -9.800767656e+02 -2.2336e+00 -4.1337e+00 -4.2155e+00
639 +1.943960470e+01 +1.943960470e+01 -9.805603953e+02 -9.805603953e+02 -2.1651e+00 -4.0930e+00 -4.0899e+00
688 +1.896017567e+01 +1.896017567e+01 -9.810398243e+02 -9.810398243e+02 -2.2925e+00 -3.9850e+00 -4.0488e+00
708 +1.851373716e+01 +1.851373716e+01 -9.814862628e+02 -9.814862628e+02 -2.2590e+00 -3.9231e+00 -3.9497e+00
797 +1.811729715e+01 +1.811729715e+01 -9.818827028e+02 -9.818827028e+02 -2.2998e+00 -3.8495e+00 -3.8870e+00
825 +7.089102206e+00 +7.089102206e+00 -9.929108978e+02 -9.929108978e+02 -3.0140e+00 -4.7688e+00 -3.5718e+00
% function evaluation | noise-free fitness - Fopt (9.190000000000e+01) | best noise-free fitness - Fopt | measured fitness | best measured fitness | x1 | x2...
1 +9.343703334e+00 +9.343703334e+00 +1.012437033e+02 +1.012437033e+02 +0.0000e+00 +0.0000e+00 +0.0000e+00
245 +8.450684332e+00 +8.450684332e+00 +1.003506843e+02 +1.003506843e+02 -9.6913e-01 -4.9411e+00 +2.1528e+00
265 +8.225689421e+00 +8.225689421e+00 +1.001256894e+02 +1.001256894e+02 -9.5763e-01 -5.0753e+00 +2.2051e+00
269 +7.751976588e+00 +7.751976588e+00 +9.965197659e+01 +9.965197659e+01 -9.7607e-01 -5.0256e+00 +1.2041e+00
275 +4.640627034e+00 +4.640627034e+00 +9.654062703e+01 +9.654062703e+01 -9.6497e-01 -5.1481e+00 -2.0328e+00
302 +1.054537016e+00 +1.054537016e+00 +9.295453702e+01 +9.295453702e+01 -9.6918e-01 -4.4741e+00 -1.1373e+00
366 +5.419890274e-01 +5.419890274e-01 +9.244198903e+01 +9.244198903e+01 -1.0351e+00 -4.5360e+00 -1.2964e+00
382 +1.807905372e-01 +1.807905372e-01 +9.208079054e+01 +9.208079054e+01 -1.3442e+00 -4.1451e+00 -1.2397e+00
467 +7.027274200e-02 +7.027274200e-02 +9.197027274e+01 +9.197027274e+01 -1.5748e+00 -4.1179e+00 -1.3271e+00
501 +2.635814720e-02 +2.635814720e-02 +9.192635815e+01 +9.192635815e+01 -1.7623e+00 -3.8807e+00 -1.4216e+00
511 +8.991394065e-03 +8.991394065e-03 +9.190899139e+01 +9.190899139e+01 -1.9317e+00 -3.5169e+00 -1.2559e+00
578 +3.980914957e-03 +3.980914957e-03 +9.190398091e+01 +9.190398091e+01 -1.9378e+00 -3.5815e+00 -1.3007e+00
586 +2.210266445e-03 +2.210266445e-03 +9.190221027e+01 +9.190221027e+01 -1.9423e+00 -3.7348e+00 -1.3256e+00
609 +1.623697392e-03 +1.623697392e-03 +9.190162370e+01 +9.190162370e+01 -1.9448e+00 -3.6494e+00 -1.2909e+00
616 +9.109518314e-04 +9.109518314e-04 +9.190091095e+01 +9.190091095e+01 -2.0216e+00 -3.5522e+00 -1.2428e+00
650 +6.499785028e-04 +6.499785028e-04 +9.190064998e+01 +9.190064998e+01 -2.2262e+00 -3.3027e+00 -1.2366e+00
695 +3.730367019e-04 +3.730367019e-04 +9.190037304e+01 +9.190037304e+01 -2.1682e+00 -3.4412e+00 -1.3317e+00
712 +2.635495650e-04 +2.635495650e-04 +9.190026355e+01 +9.190026355e+01 -2.1959e+00 -3.3993e+00 -1.2263e+00
724 +6.728722130e-05 +6.728722130e-05 +9.190006729e+01 +9.190006729e+01 -2.1867e+00 -3.3947e+00 -1.2592e+00
728 +5.969413873e-05 +5.969413873e-05 +9.190005969e+01 +9.190005969e+01 -2.2254e+00 -3.4166e+00 -1.2569e+00
740 +3.837910026e-05 +3.837910026e-05 +9.190003838e+01 +9.190003838e+01 -2.2139e+00 -3.3970e+00 -1.2991e+00
744 +2.641351365e-05 +2.641351365e-05 +9.190002641e+01 +9.190002641e+01 -2.2252e+00 -3.4132e+00 -1.2628e+00
750 +2.526457901e-05 +2.526457901e-05 +9.190002526e+01 +9.190002526e+01 -2.2451e+00 -3.3935e+00 -1.2651e+00
760 +6.339024367e-06 +6.339024367e-06 +9.190000634e+01 +9.190000634e+01 -2.2341e+00 -3.3986e+00 -1.2952e+00
793 +3.727506808e-06 +3.727506808e-06 +9.190000373e+01 +9.190000373e+01 -2.2434e+00 -3.4453e+00 -1.3046e+00
803 +1.578697805e-06 +1.578697805e-06 +9.190000158e+01 +9.190000158e+01 -2.2341e+00 -3.4203e+00 -1.2856e+00
808 +2.111349886e-07 +2.111349886e-07 +9.190000021e+01 +9.190000021e+01 -2.2279e+00 -3.4243e+00 -1.2936e+00
885 +1.984594888e-07 +1.984594888e-07 +9.190000020e+01 +9.190000020e+01 -2.2287e+00 -3.4244e+00 -1.2949e+00
890 +1.915830978e-07 +1.915830978e-07 +9.190000019e+01 +9.190000019e+01 -2.2270e+00 -3.4246e+00 -1.2950e+00
% function evaluation | noise-free fitness - Fopt (-7.597000000000e+01) | best noise-free fitness - Fopt | measured fitness | best measured fitness | x1 | x2...
1 +1.601181186e+01 +1.601181186e+01 -5.995818814e+01 -5.995818814e+01 +0.0000e+00 +0.0000e+00 +0.0000e+00
2 +1.327698818e+01 +1.327698818e+01 -6.269301182e+01 -6.269301182e+01 +1.6423e+00 +3.6240e+00 -2.4654e+00
4 +1.177418205e+01 +1.177418205e+01 -6.419581795e+01 -6.419581795e+01 +1.6446e+00 +3.6177e+00 -2.4372e+00
13 +8.675600270e+00 +8.675600270e+00 -6.729439973e+01 -6.729439973e+01 +1.6532e+00 +3.8429e+00 -2.4626e+00
33 +8.101736145e+00 +8.101736145e+00 -6.786826385e+01 -6.786826385e+01 +1.6524e+00 +3.7912e+00 -2.4068e+00
36 +7.390665621e+00 +7.390665621e+00 -6.857933438e+01 -6.857933438e+01 +1.6650e+00 +3.7731e+00 -2.3494e+00
39 +6.760131454e+00 +6.760131454e+00 -6.920986855e+01 -6.920986855e+01 +1.6337e+00 +3.6982e+00 -2.2471e+00
59 +6.515823562e+00 +6.515823562e+00 -6.945417644e+01 -6.945417644e+01 +1.6336e+00 +3.8854e+00 -2.2920e+00
69 +6.328870803e+00 +6.328870803e+00 -6.964112920e+01 -6.964112920e+01 +1.5828e+00 +3.8531e+00 -2.2218e+00
92 +6.296323026e+00 +6.296323026e+00 -6.967367697e+01 -6.967367697e+01 +1.5894e+00 +3.7963e+00 -2.1821e+00
249 +6.118560330e+00 +6.118560330e+00 -6.985143967e+01 -6.985143967e+01 +1.4475e+00 +3.7722e+00 -2.1191e+00
375 +6.009817801e+00 +6.009817801e+00 -6.996018220e+01 -6.996018220e+01 +1.4318e+00 +3.6991e+00 -2.0704e+00
467 +5.805233080e+00 +5.805233080e+00 -7.016476692e+01 -7.016476692e+01 +1.3925e+00 +3.5339e+00 -1.9671e+00
499 +5.692038567e+00 +5.692038567e+00 -7.027796143e+01 -7.027796143e+01 +1.3723e+00 +3.3885e+00 -1.9017e+00
567 +5.615332678e+00 +5.615332678e+00 -7.035466732e+01 -7.035466732e+01 +1.3053e+00 +3.3752e+00 -1.8710e+00
809 +5.492130494e+00 +5.492130494e+00 -7.047786951e+01 -7.047786951e+01 +1.2502e+00 +3.2570e+00 -1.7840e+00
% function evaluation | noise-free fitness - Fopt (-1.699000000000e+01) | best noise-free fitness - Fopt | measured fitness | best measured fitness | x1 | x2...
1 +3.863615797e+01 +3.863615797e+01 +2.164615797e+01 +2.164615797e+01 +0.0000e+00 +0.0000e+00 +0.0000e+00
2 +2.874580053e+01 +2.874580053e+01 +1.175580053e+01 +1.175580053e+01 +2.7415e+00 +2.7477e+00 -2.8601e+00
17 +2.652168112e+01 +2.652168112e+01 +9.531681122e+00 +9.531681122e+00 +2.7383e+00 +2.7557e+00 -2.9719e+00
34 +2.591822201e+01 +2.591822201e+01 +8.928222011e+00 +8.928222011e+00 +2.7374e+00 +2.7612e+00 -3.0020e+00
51 +2.488144890e+01 +2.488144890e+01 +7.891448903e+00 +7.891448903e+00 +2.6782e+00 +2.7647e+00 -3.0569e+00
68 +2.277711453e+01 +2.277711453e+01 +5.787114527e+00 +5.787114527e+00 +2.7150e+00 +2.7387e+00 -3.1810e+00
70 +1.712365596e+01 +1.712365596e+01 +1.336559615e-01 +1.336559615e-01 +1.0465e+00 +2.7551e+00 -2.8517e+00
82 +8.522073735e+00 +8.522073735e+00 -8.467926265e+00 -8.467926265e+00 +1.4753e+00 +2.7566e+00 -3.6354e+00
103 +8.397801322e+00 +8.397801322e+00 -8.592198678e+00 -8.592198678e+00 +1.7791e+00 +2.7255e+00 -3.5488e+00
119 +3.981571500e+00 +3.981571500e+00 -1.300842850e+01 -1.300842850e+01 +1.5337e+00 +2.7243e+00 -4.1616e+00
143 +2.962318943e+00 +2.962318943e+00 -1.402768106e+01 -1.402768106e+01 +1.5278e+00 +2.7330e+00 -4.2363e+00
148 +2.469795560e+00 +2.469795560e+00 -1.452020444e+01 -1.452020444e+01 +1.6547e+00 +2.7339e+00 -4.3313e+00
152 +2.362842496e+00 +2.362842496e+00 -1.462715750e+01 -1.462715750e+01 +1.3341e+00 +2.7369e+00 -4.3505e+00
159 +2.152540399e+00 +2.152540399e+00 -1.483745960e+01 -1.483745960e+01 +1.3240e+00 +2.7342e+00 -4.5594e+00
176 +2.136743692e+00 +2.136743692e+00 -1.485325631e+01 -1.485325631e+01 +1.4185e+00 +2.7353e+00 -4.4255e+00
259 +2.053562385e+00 +2.053562385e+00 -1.493643762e+01 -1.493643762e+01 +1.3195e+00 +2.6228e+00 -4.3510e+00
395 +2.040370084e+00 +2.040370084e+00 -1.494962992e+01 -1.494962992e+01 +1.2966e+00 +2.5870e+00 -4.3352e+00
732 +1.995222409e+00 +1.995222409e+00 -1.499477759e+01 -1.499477759e+01 +1.3141e+00 +2.4101e+00 -4.1589e+00
815 +1.944693817e+00 +1.944693817e+00 -1.504530618e+01 -1.504530618e+01 +1.2871e+00 +2.2249e+00 -3.9374e+00
% function evaluation | noise-free fitness - Fopt (2.740000000000e+00) | best noise-free fitness - Fopt | measured fitness | best measured fitness | x1 | x2...
1 +1.695646853e+01 +1.695646853e+01 +1.969646853e+01 +1.969646853e+01 +0.0000e+00 +0.0000e+00 +0.0000e+00
69 +1.642007857e+01 +1.642007857e+01 +1.916007857e+01 +1.916007857e+01 +2.6536e+00 +3.2165e+00 -2.8158e+00
86 +1.602458786e+01 +1.602458786e+01 +1.876458786e+01 +1.876458786e+01 +2.6346e+00 +3.2164e+00 -2.8001e+00
89 +1.554931461e+01 +1.554931461e+01 +1.828931461e+01 +1.828931461e+01 +2.6011e+00 +3.2137e+00 -2.8019e+00
91 +1.426649698e+01 +1.426649698e+01 +1.700649698e+01 +1.700649698e+01 +2.5108e+00 +3.2161e+00 -2.8023e+00
92 +1.134273164e+01 +1.134273164e+01 +1.408273164e+01 +1.408273164e+01 +2.2617e+00 +3.2117e+00 -2.7748e+00
112 +1.114037967e+01 +1.114037967e+01 +1.388037967e+01 +1.388037967e+01 +2.1298e+00 +3.2149e+00 -2.8042e+00
113 +1.053138204e+01 +1.053138204e+01 +1.327138204e+01 +1.327138204e+01 +1.9380e+00 +3.2145e+00 -2.7965e+00
149 +1.046604053e+01 +1.046604053e+01 +1.320604053e+01 +1.320604053e+01 +1.8708e+00 +3.2120e+00 -2.7937e+00
168 +9.939251338e+00 +9.939251338e+00 +1.267925134e+01 +1.267925134e+01 +1.7851e+00 +3.2205e+00 -2.7736e+00
187 +9.627164389e+00 +9.627164389e+00 +1.236716439e+01 +1.236716439e+01 +1.8523e+00 +3.2093e+00 -2.7603e+00
190 +9.186931445e+00 +9.186931445e+00 +1.192693144e+01 +1.192693144e+01 +1.9749e+00 +3.2239e+00 -2.6941e+00
198 +8.686756793e+00 +8.686756793e+00 +1.142675679e+01 +1.142675679e+01 +1.8060e+00 +3.2342e+00 -2.6565e+00
230 +8.501339767e+00 +8.501339767e+00 +1.124133977e+01 +1.124133977e+01 +1.8201e+00 +3.3624e+00 -2.6768e+00
249 +8.235142278e+00 +8.235142278e+00 +1.097514228e+01 +1.097514228e+01 +1.7610e+00 +3.5457e+00 -2.6666e+00
277 +8.121064663e+00 +8.121064663e+00 +1.086106466e+01 +1.086106466e+01 +1.7685e+00 +3.8422e+00 -2.6477e+00
512 +7.936745569e+00 +7.936745569e+00 +1.067674557e+01 +1.067674557e+01 +1.9811e+00 +4.3232e+00 -2.6953e+00
% function evaluation | noise-free fitness - Fopt (-3.564000000000e+01) | best noise-free fitness - Fopt | measured fitness | best measured fitness | x1 | x2...
1 +5.323604944e+01 +5.323604944e+01 +1.759604944e+01 +1.759604944e+01 +0.0000e+00 +0.0000e+00 +0.0000e+00
2 +6.509095960e+00 +6.509095960e+00 -2.913090404e+01 -2.913090404e+01 +4.4915e+00 -4.9792e+00 -2.6506e+00
3 +6.404605912e+00 +6.404605912e+00 -2.923539409e+01 -2.923539409e+01 +4.4805e+00 -4.9740e+00 -2.6492e+00
11 +6.269189786e+00 +6.269189786e+00 -2.937081021e+01 -2.937081021e+01 +4.4784e+00 -4.9672e+00 -2.6624e+00
17 +6.104403826e+00 +6.104403826e+00 -2.953559617e+01 -2.953559617e+01 +4.4677e+00 -4.9579e+00 -2.6668e+00
25 +5.946782872e+00 +5.946782872e+00 -2.969321713e+01 -2.969321713e+01 +4.4870e+00 -4.9476e+00 -2.7007e+00
33 +5.721155903e+00 +5.721155903e+00 -2.991884410e+01 -2.991884410e+01 +4.4724e+00 -4.9267e+00 -2.6886e+00
35 +3.709134921e+00 +3.709134921e+00 -3.193086508e+01 -3.193086508e+01 +4.4882e+00 -4.6237e+00 -2.6840e+00
56 +3.308485061e+00 +3.308485061e+00 -3.233151494e+01 -3.233151494e+01 +4.4235e+00 -4.6621e+00 -2.6791e+00
69 +2.637535951e+00 +2.637535951e+00 -3.300246405e+01 -3.300246405e+01 +4.4013e+00 -4.4908e+00 -2.6833e+00
82 +2.608782554e+00 +2.608782554e+00 -3.303121745e+01 -3.303121745e+01 +4.3898e+00 -4.4798e+00 -2.6742e+00
92 +2.521464401e+00 +2.521464401e+00 -3.311853560e+01 -3.311853560e+01 +4.3600e+00 -4.4859e+00 -2.6758e+00
95 +2.391889685e+00 +2.391889685e+00 -3.324811032e+01 -3.324811032e+01 +4.3726e+00 -4.5532e+00 -2.8462e+00
115 +2.331870525e+00 +2.331870525e+00 -3.330812948e+01 -3.330812948e+01 +4.3645e+00 -4.5279e+00 -2.8732e+00
131 +2.109553824e+00 +2.109553824e+00 -3.353044618e+01 -3.353044618e+01 +4.3882e+00 -4.3694e+00 -2.8954e+00
154 +2.058582295e+00 +2.058582295e+00 -3.358141770e+01 -3.358141770e+01 +4.4201e+00 -4.1925e+00 -2.9750e+00
177 +2.039560531e+00 +2.039560531e+00 -3.360043947e+01 -3.360043947e+01 +4.4112e+00 -4.2629e+00 -3.1657e+00
303 +1.937488015e+00 +1.937488015e+00 -3.370251199e+01 -3.370251199e+01 +4.6094e+00 -4.1350e+00 -3.4564e+00
376 +1.830579407e+00 +1.830579407e+00 -3.380942059e+01 -3.380942059e+01 +4.8826e+00 -4.1989e+00 -3.9561e+00
546 +1.814054952e+00 +1.814054952e+00 -3.382594505e+01 -3.382594505e+01 +4.8030e+00 -4.1648e+00 -3.8616e+00
% function evaluation | noise-free fitness - Fopt (-4.590900000000e+02) | best noise-free fitness - Fopt | measured fitness | best measured fitness | x1 | x2...
1 +4.725826888e+01 +4.725826888e+01 -4.118317311e+02 -4.118317311e+02 +0.0000e+00 +0.0000e+00 +0.0000e+00
83 +3.792408529e+01 +3.792408529e+01 -4.211659147e+02 -4.211659147e+02 +4.5144e+00 -1.7644e+00 -1.3123e+00
101 +3.544736902e+01 +3.544736902e+01 -4.236426310e+02 -4.236426310e+02 +4.5018e+00 -1.7580e+00 -1.3717e+00
105 +2.397713896e+01 +2.397713896e+01 -4.351128610e+02 -4.351128610e+02 +4.5136e+00 -1.7657e+00 -1.7374e+00
119 +2.252207484e+01 +2.252207484e+01 -4.365679252e+02 -4.365679252e+02 +4.5095e+00 -1.7638e+00 -2.0209e+00
155 +2.236910421e+01 +2.236910421e+01 -4.367208958e+02 -4.367208958e+02 +4.5019e+00 -1.7631e+00 -1.9255e+00
245 +2.187656578e+01 +2.187656578e+01 -4.372134342e+02 -4.372134342e+02 +4.5053e+00 -1.8098e+00 -1.9823e+00
256 +2.072984374e+01 +2.072984374e+01 -4.383601563e+02 -4.383601563e+02 +4.5086e+00 -2.0168e+00 -1.9259e+00
272 +1.842702264e+01 +1.842702264e+01 -4.406629774e+02 -4.406629774e+02 +4.4956e+00 -2.1697e+00 -1.4425e+00
294 +1.744864158e+01 +1.744864158e+01 -4.416413584e+02 -4.416413584e+02 +4.4602e+00 -2.1454e+00 -1.5734e+00
311 +1.695814606e+01 +1.695814606e+01 -4.421318539e+02 -4.421318539e+02 +4.4670e+00 -2.2484e+00 -1.6610e+00
317 +1.414407846e+01 +1.414407846e+01 -4.449459215e+02 -4.449459215e+02 +4.3328e+00 -2.2327e+00 -1.7050e+00
338 +1.370797995e+01 +1.370797995e+01 -4.453820200e+02 -4.453820200e+02 +4.3467e+00 -2.3295e+00 -1.6241e+00
342 +1.221609294e+01 +1.221609294e+01 -4.468739071e+02 -4.468739071e+02 +3.9931e+00 -2.2498e+00 -1.6362e+00
349 +1.150936965e+01 +1.150936965e+01 -4.475806303e+02 -4.475806303e+02 +3.7145e+00 -2.3705e+00 -1.6462e+00
350 +1.127427647e+01 +1.127427647e+01 -4.478157235e+02 -4.478157235e+02 +4.2030e+00 -2.3818e+00 -1.5562e+00
354 +1.000838050e+01 +1.000838050e+01 -4.490816195e+02 -4.490816195e+02 +4.1444e+00 -2.4865e+00 -1.6482e+00
365 +9.829880282e+00 +9.829880282e+00 -4.492601197e+02 -4.492601197e+02 +4.1066e+00 -2.3964e+00 -1.7396e+00
366 +8.497511778e+00 +8.497511778e+00 -4.505924882e+02 -4.505924882e+02 +3.9462e+00 -2.3900e+00 -1.8449e+00
370 +8.154432773e+00 +8.154432773e+00 -4.509355672e+02 -4.509355672e+02 +3.8808e+00 -2.3583e+00 -1.9316e+00
381 +7.700336168e+00 +7.700336168e+00 -4.513896638e+02 -4.513896638e+02 +3.7783e+00 -2.4565e+00 -1.8329e+00
391 +7.530713744e+00 +7.530713744e+00 -4.515592863e+02 -4.515592863e+02 +3.7709e+00 -2.4830e+00 -1.8522e+00
395 +6.994960913e+00 +6.994960913e+00 -4.520950391e+02 -4.520950391e+02 +3.6503e+00 -2.5317e+00 -1.8846e+00
398 +6.817468987e+00 +6.817468987e+00 -4.522725310e+02 -4.522725310e+02 +3.6125e+00 -2.7394e+00 -1.7821e+00
466 +6.637365477e+00 +6.637365477e+00 -4.524526345e+02 -4.524526345e+02 +3.4528e+00 -2.8029e+00 -1.7756e+00
475 +6.320487604e+00 +6.320487604e+00 -4.527695124e+02 -4.527695124e+02 +3.5507e+00 -2.6570e+00 -1.9723e+00
496 +5.796185245e+00 +5.796185245e+00 -4.532938148e+02 -4.532938148e+02 +3.4176e+00 -2.7185e+00 -1.9726e+00
520 +5.602311164e+00 +5.602311164e+00 -4.534876888e+02 -4.534876888e+02 +3.2651e+00 -2.8046e+00 -2.1180e+00
530 +5.413053683e+00 +5.413053683e+00 -4.536769463e+02 -4.536769463e+02 +3.2563e+00 -2.7703e+00 -2.0375e+00
559 +5.152515169e+00 +5.152515169e+00 -4.539374848e+02 -4.539374848e+02 +3.0625e+00 -2.7923e+00 -2.1611e+00
566 +4.010938461e+00 +4.010938461e+00 -4.550790615e+02 -4.550790615e+02 +2.7907e+00 -2.5662e+00 -2.5330e+00
610 +3.322403568e+00 +3.322403568e+00 -4.557675964e+02 -4.557675964e+02 +2.8799e+00 -2.6051e+00 -2.5882e+00
623 +2.231005590e+00 +2.231005590e+00 -4.568589944e+02 -4.568589944e+02 +2.5534e+00 -1.6390e+00 -3.7217e+00
651 +2.112863686e+00 +2.112863686e+00 -4.569771363e+02 -4.569771363e+02 +2.4924e+00 -2.2068e+00 -3.3365e+00
699 +2.051867361e+00 +2.051867361e+00 -4.570381326e+02 -4.570381326e+02 +1.9935e+00 -1.9282e+00 -3.9660e+00
724 +1.979434740e+00 +1.979434740e+00 -4.571105653e+02 -4.571105653e+02 +1.8209e+00 -3.2474e+00 -4.6779e+00
% function evaluation | noise-free fitness - Fopt (6.085000000000e+01) | best noise-free fitness - Fopt | measured fitness | best measured fitness | x1 | x2...
1 +1.470620621e+01 +1.470620621e+01 +7.555620621e+01 +7.555620621e+01 +0.0000e+00 +0.0000e+00 +0.0000e+00
152 +9.466840037e+00 +9.466840037e+00 +7.031684004e+01 +7.031684004e+01 -6.6576e-01 -4.7049e+00 +3.5726e+00
184 +8.918566936e+00 +8.918566936e+00 +6.976856694e+01 +6.976856694e+01 -3.6352e-01 -4.6501e+00 +3.6016e+00
194 +6.843469723e+00 +6.843469723e+00 +6.769346972e+01 +6.769346972e+01 -6.3735e-01 -4.7637e+00 +4.1514e+00
198 +5.630855113e+00 +5.630855113e+00 +6.648085511e+01 +6.648085511e+01 -4.9947e-01 -4.1252e+00 +3.8134e+00
212 +4.999919427e+00 +4.999919427e+00 +6.584991943e+01 +6.584991943e+01 -4.8418e-01 -4.2525e+00 +4.5499e+00
233 +3.160654335e+00 +3.160654335e+00 +6.401065434e+01 +6.401065434e+01 -2.5376e-01 -3.8557e+00 +4.2053e+00
245 +2.506703330e+00 +2.506703330e+00 +6.335670333e+01 +6.335670333e+01 -5.5094e-01 -3.9739e+00 +4.6251e+00
248 +2.287285621e+00 +2.287285621e+00 +6.313728562e+01 +6.313728562e+01 -5.7431e-01 -3.9683e+00 +4.1429e+00
260 +1.768485139e+00 +1.768485139e+00 +6.261848514e+01 +6.261848514e+01 -6.4690e-01 -3.5226e+00 +4.4186e+00
282 +1.663380534e+00 +1.663380534e+00 +6.251338053e+01 +6.251338053e+01 -5.4021e-01 -3.3037e+00 +4.4190e+00
324 +1.565390933e+00 +1.565390933e+00 +6.241539093e+01 +6.241539093e+01 -5.4521e-01 -3.1881e+00 +4.4584e+00
355 +1.536680828e+00 +1.536680828e+00 +6.238668083e+01 +6.238668083e+01 -5.2591e-01 -3.3188e+00 +4.5323e+00
362 +1.349458917e+00 +1.349458917e+00 +6.219945892e+01 +6.219945892e+01 -5.6128e-01 -2.9706e+00 +4.6125e+00
381 +1.341759460e+00 +1.341759460e+00 +6.219175946e+01 +6.219175946e+01 -6.2250e-01 -2.8702e+00 +4.7576e+00
395 +1.287815429e+00 +1.287815429e+00 +6.213781543e+01 +6.213781543e+01 -6.2244e-01 -2.9389e+00 +4.7143e+00
421 +1.254565125e+00 +1.254565125e+00 +6.210456513e+01 +6.210456513e+01 -6.4778e-01 -3.0310e+00 +4.7076e+00
% function evaluation | noise-free fitness - Fopt (-1.435000000000e+02) | best noise-free fitness - Fopt | measured fitness | best measured fitness | x1 | x2...
1 +3.054000602e+01 +3.054000602e+01 -1.129599940e+02 -1.129599940e+02 +0.0000e+00 +0.0000e+00 +0.0000e+00
18 +3.006020617e+01 +3.006020617e+01 -1.134397938e+02 -1.134397938e+02 -2.0262e+00 +2.1978e+00 +1.8993e+00
33 +1.619752416e+01 +1.619752416e+01 -1.273024758e+02 -1.273024758e+02 -2.1531e+00 +2.8727e+00 +1.8606e+00
65 +1.333213041e+01 +1.333213041e+01 -1.301678696e+02 -1.301678696e+02 -2.5288e+00 +2.9491e+00 +2.1735e+00
68 +8.524082615e+00 +8.524082615e+00 -1.349759174e+02 -1.349759174e+02 -2.3993e+00 +3.9304e+00 +1.9710e+00
72 +7.688896541e+00 +7.688896541e+00 -1.358111035e+02 -1.358111035e+02 -2.3039e+00 +3.1914e+00 +2.7046e+00
80 +7.086114602e+00 +7.086114602e+00 -1.364138854e+02 -1.364138854e+02 -2.2516e+00 +3.4904e+00 +2.2228e+00
106 +6.470661640e+00 +6.470661640e+00 -1.370293384e+02 -1.370293384e+02 -2.0737e+00 +3.4101e+00 +2.4989e+00
197 +6.413951173e+00 +6.413951173e+00 -1.370860488e+02 -1.370860488e+02 -2.0134e+00 +3.4607e+00 +2.4835e+00
212 +6.306032460e+00 +6.306032460e+00 -1.371939675e+02 -1.371939675e+02 -1.9264e+00 +3.4137e+00 +2.4594e+00
% function evaluation | noise-free fitness - Fopt (9.465100000000e+02) | best noise-free fitness - Fopt | measured fitness | best measured fitness | x1 | x2...
1 +3.694690528e+01 +3.694690528e+01 +9.834569053e+02 +9.834569053e+02 +0.0000e+00 +0.0000e+00 +0.0000e+00
36 +2.749793355e+01 +2.749793355e+01 +9.740079336e+02 +9.740079336e+02 +1.0358e-01 +1.7557e+00 +4.7526e+00
58 +1.308878732e+01 +1.308878732e+01 +9.595987873e+02 +9.595987873e+02 +8.1906e-01 +1.7660e+00 +4.7657e+00
63 +9.887432362e+00 +9.887432362e+00 +9.563974324e+02 +9.563974324e+02 +6.9513e-01 +2.6102e+00 +4.7515e+00
96 +9.424492660e+00 +9.424492660e+00 +9.559344927e+02 +9.559344927e+02 +4.1541e-01 +3.1097e+00 +4.7136e+00
100 +8.204823789e+00 +8.204823789e+00 +9.547148238e+02 +9.547148238e+02 +1.2260e-02 +3.1971e+00 +4.5869e+00
113 +7.471542640e+00 +7.471542640e+00 +9.539815426e+02 +9.539815426e+02 -1.6032e-01 +3.4863e+00 +3.6700e+00
116 +3.308206393e+00 +3.308206393e+00 +9.498182064e+02 +9.498182064e+02 -1.9359e-03 +3.0766e+00 +4.0576e+00
200 +2.634838975e+00 +2.634838975e+00 +9.491448390e+02 +9.491448390e+02 +4.2913e+00 +2.8217e+00 +1.1375e+00
323 +2.378441829e+00 +2.378441829e+00 +9.488884418e+02 +9.488884418e+02 +4.0747e+00 +2.4692e+00 -7.1021e-02
408 +2.325878370e+00 +2.325878370e+00 +9.488358784e+02 +9.488358784e+02 +4.5508e+00 +2.8971e+00 +8.5879e-02
428 +2.275118894e+00 +2.275118894e+00 +9.487851189e+02 +9.487851189e+02 +4.7781e+00 +2.8454e+00 +3.7034e-02
439 +2.172607322e+00 +2.172607322e+00 +9.486826073e+02 +9.486826073e+02 +4.6857e+00 +2.7823e+00 +2.3235e-02
452 +2.122893221e+00 +2.122893221e+00 +9.486328932e+02 +9.486328932e+02 +4.6309e+00 +2.7449e+00 -5.9504e-03
467 +2.074332338e+00 +2.074332338e+00 +9.485843323e+02 +9.485843323e+02 +4.6090e+00 +2.8042e+00 -6.5906e-02
510 +2.041135829e+00 +2.041135829e+00 +9.485511358e+02 +9.485511358e+02 +4.6526e+00 +2.7825e+00 -3.2945e-01
541 +1.968736682e+00 +1.968736682e+00 +9.484787367e+02 +9.484787367e+02 +4.3577e+00 +2.6545e+00 -3.7800e-01
724 +1.948421584e+00 +1.948421584e+00 +9.484584216e+02 +9.484584216e+02 +4.3208e+00 +2.6258e+00 -4.9776e-01
