% function evaluation | noise-free fitness - Fopt (-4.620900000000e+02) | best noise-free fitness - Fopt | measured fitness | best measured fitness | x1 | x2...
1 +9.180962943e+01 +9.180962943e+01 -3.702803706e+02 -3.702803706e+02 +0.0000e+00 +0.0000e+00 +0.0000e+00
155 +7.858698940e+01 +7.858698940e+01 -3.835030106e+02 -3.835030106e+02 -1.9419e-01 +3.0955e+00 +3.3370e-02
159 +3.718852653e+01 +3.718852653e+01 -4.249014735e+02 -4.249014735e+02 -1.8899e+00 +3.0298e+00 +1.9628e+00
178 +3.677522498e+01 +3.677522498e+01 -4.253147750e+02 -4.253147750e+02 -1.5853e+00 +3.2178e+00 +2.6109e+00
184 +3.509085975e+01 +3.509085975e+01 -4.269991402e+02 -4.269991402e+02 -2.8674e-01 +3.2555e+00 +1.4655e+00
194 +3.179132931e+01 +3.179132931e+01 -4.302986707e+02 -4.302986707e+02 -1.6499e+00 +3.0600e+00 +2.4964e+00
217 +2.970060513e+00 +2.970060513e+00 -4.591199395e+02 -4.591199395e+02 -2.3322e+00 +2.8460e+00 +2.6136e+00
557 +1.207254544e+00 +1.207254544e+00 -4.608827455e+02 -4.608827455e+02 -2.3339e+00 +1.7250e+00 +2.2074e+00
579 +1.153988320e+00 +1.153988320e+00 -4.609360117e+02 -4.609360117e+02 -2.3184e+00 +1.7119e+00 +2.2098e+00
% function evaluation | noise-free fitness - Fopt (7.766000000000e+01) | best noise-free fitness - Fopt | measured fitness | best measured fitness | x1 | x2...
1 +7.373269304e+01 +7.373269304e+01 +1.513926930e+02 +1.513926930e+02 +0.0000e+00 +0.0000e+00 +0.0000e+00
% function evaluation | noise-free fitness - Fopt (1.156800000000e+02) | best noise-free fitness - Fopt | measured fitness | best measured fitness | x1 | x2...
1 +4.079349721e+01 +4.079349721e+01 +1.564734972e+02 +1.564734972e+02 +0.0000e+00 +0.0000e+00 +0.0000e+00
129 +3.702373677e+01 +3.702373677e+01 +1.527037368e+02 +1.527037368e+02 -2.1163e+00 -3.2852e+00 -9.0072e-01
140 +3.606572650e+01 +3.606572650e+01 +1.517457265e+02 +1.517457265e+02 -3.0346e+00 -3.3092e+00 +5.0444e-01
152 +2.584267597e+01 +2.584267597e+01 +1.415226760e+02 +1.415226760e+02 -4.0309e+00 -3.3666e+00 +6.0392e-01
160 +2.217980214e+01 +2.217980214e+01 +1.378598021e+02 +1.378598021e+02 -2.2136e+00 -3.3055e+00 +9.1934e-01
164 +2.112360887e+01 +2.112360887e+01 +1.368036089e+02 +1.368036089e+02 -3.1725e+00 -3.2922e+00 +8.7101e-01
299 +2.062853844e+01 +2.062853844e+01 +1.363085384e+02 +1.363085384e+02 -1.2782e+00 -2.0968e+00 +5.1711e-01
305 +1.615669217e+01 +1.615669217e+01 +1.318366922e+02 +1.318366922e+02 -3.9575e+00 -1.5046e+00 -1.3357e-02
306 +1.191612193e+01 +1.191612193e+01 +1.275961219e+02 +1.275961219e+02 -3.2825e+00 -1.5409e+00 +1.9221e-01
375 +3.661700684e+00 +3.661700684e+00 +1.193417007e+02 +1.193417007e+02 -2.2108e+00 -1.6268e+00 +6.3988e-01
% function evaluation | noise-free fitness - Fopt (-3.710000000000e+00) | best noise-free fitness - Fopt | measured fitness | best measured fitness | x1 | x2...
1 +7.156572542e+01 +7.156572542e+01 +6.785572542e+01 +6.785572542e+01 +0.0000e+00 +0.0000e+00 +0.0000e+00
287 +1.989990284e+01 +1.989990284e+01 +1.618990284e+01 +1.618990284e+01 +3.4440e+00 -2.3834e+00 +1.4763e+00
314 +1.358867890e+01 +1.358867890e+01 +9.878678905e+00 +9.878678905e+00 +3.0540e+00 -2.3599e+00 +8.0202e-01
322 +9.622290498e+00 +9.622290498e+00 +5.912290498e+00 +5.912290498e+00 +2.9888e+00 -2.3027e+00 +2.4790e+00
432 +3.633152577e+00 +3.633152577e+00 -7.684742290e-02 -7.684742290e-02 +3.0570e+00 -2.2848e+00 +2.1957e+00
% function evaluation | noise-free fitness - Fopt (1.321800000000e+02) | best noise-free fitness - Fopt | measured fitness | best measured fitness | x1 | x2...
1 +1.579813147e+02 +1.579813147e+02 +2.901613147e+02 +2.901613147e+02 +0.0000e+00 +0.0000e+00 +0.0000e+00
2 +1.308187241e+02 +1.308187241e+02 +2.629987241e+02 +2.629987241e+02 -2.3470e+00 +3.7608e+00 +5.0894e-01
17 +1.270084142e+02 +1.270084142e+02 +2.591884142e+02 +2.591884142e+02 -2.3512e+00 +3.7652e+00 +5.3775e-01
242 +1.258674536e+02 +1.258674536e+02 +2.580474536e+02 +2.580474536e+02 -2.4051e+00 +3.7772e+00 +5.4923e-01
260 +1.136200323e+02 +1.136200323e+02 +2.458000323e+02 +2.458000323e+02 -2.6579e+00 +3.7766e+00 +5.5895e-01
279 +1.087071383e+02 +1.087071383e+02 +2.408871383e+02 +2.408871383e+02 -2.7319e+00 +3.7567e+00 +5.6389e-01
291 +1.071492696e+02 +1.071492696e+02 +2.393292696e+02 +2.393292696e+02 -2.7482e+00 +3.7925e+00 +5.6009e-01
% function evaluation | noise-free fitness - Fopt (6.438000000000e+01) | best noise-free fitness - Fopt | measured fitness | best measured fitness | x1 | x2...
1 +1.743174677e+02 +1.743174677e+02 +2.386974677e+02 +2.386974677e+02 +0.0000e+00 +0.0000e+00 +0.0000e+00
2 +1.020902502e+02 +1.020902502e+02 +1.664702502e+02 +1.664702502e+02 +4.1195e+00 -1.2087e+00 -3.5817e+00
3 +9.992047165e+01 +9.992047165e+01 +1.643004717e+02 +1.643004717e+02 +4.0934e+00 -1.2065e+00 -3.5817e+00
4 +8.738791180e+01 +8.738791180e+01 +1.517679118e+02 +1.517679118e+02 +4.0751e+00 -1.2052e+00 -3.5415e+00
18 +8.308643621e+01 +8.308643621e+01 +1.474664362e+02 +1.474664362e+02 +4.0675e+00 -1.2054e+00 -3.5222e+00
49 +8.054929051e+01 +8.054929051e+01 +1.449292905e+02 +1.449292905e+02 +3.9732e+00 -1.2084e+00 -3.2441e+00
72 +7.579105352e+01 +7.579105352e+01 +1.401710535e+02 +1.401710535e+02 +4.0865e+00 -1.2041e+00 -3.2871e+00
137 +6.934039112e+01 +6.934039112e+01 +1.337203911e+02 +1.337203911e+02 +4.0987e+00 -1.2129e+00 -2.6101e+00
147 +6.861280741e+01 +6.861280741e+01 +1.329928074e+02 +1.329928074e+02 +3.9693e+00 -1.2173e+00 -1.9402e+00
351 +6.573946081e+01 +6.573946081e+01 +1.301194608e+02 +1.301194608e+02 +4.0360e+00 -1.2421e+00 -1.9600e+00
427 +6.265832745e+01 +6.265832745e+01 +1.270383275e+02 +1.270383275e+02 -2.1149e+00 +4.7802e-01 -2.3926e+00
441 +4.791872975e+01 +4.791872975e+01 +1.122987298e+02 +1.122987298e+02 +1.1090e+00 +1.1871e+00 -2.4344e+00
464 +4.093615573e+01 +4.093615573e+01 +1.053161557e+02 +1.053161557e+02 +1.0904e+00 +9.4743e-01 -2.7586e+00
471 +3.725385918e+01 +3.725385918e+01 +1.016338592e+02 +1.016338592e+02 -8.0949e-01 +9.3709e-01 -1.9185e+00
484 +3.613976344e+01 +3.613976344e+01 +1.005197634e+02 +1.005197634e+02 +3.9849e-01 +3.9516e+00 -2.6198e+00
485 +2.941072754e+01 +2.941072754e+01 +9.379072754e+01 +9.379072754e+01 -9.0391e-02 +9.1038e-01 -2.3450e+00
505 +2.344428317e+01 +2.344428317e+01 +8.782428317e+01 +8.782428317e+01 +2.5351e+00 +3.2112e+00 -1.9860e+00
538 +1.495354322e+01 +1.495354322e+01 +7.933354322e+01 +7.933354322e+01 +3.0082e+00 +2.2531e+00 -2.3710e+00
578 +1.086351128e+01 +1.086351128e+01 +7.524351128e+01 +7.524351128e+01 +4.0525e+00 +2.5996e+00 -1.5851e+00
% function evaluation | noise-free fitness - Fopt (2.824800000000e+02) | best noise-free fitness - Fopt | measured fitness | best measured fitness | x1 | x2...
1 +1.141195429e+02 +1.141195429e+02 +3.965995429e+02 +3.965995429e+02 +0.0000e+00 +0.0000e+00 +0.0000e+00
50 +8.756607539e+01 +8.756607539e+01 +3.700460754e+02 +3.700460754e+02 -4.0817e+00 -2.9478e+00 +3.3254e+00
73 +7.155822902e+01 +7.155822902e+01 +3.540382290e+02 +3.540382290e+02 -4.0587e+00 -1.3289e+00 +2.5682e+00
81 +5.821953956e+01 +5.821953956e+01 +3.406995396e+02 +3.406995396e+02 -4.0681e+00 -3.8666e+00 +2.3443e+00
113 +5.189326616e+01 +5.189326616e+01 +3.343732662e+02 +3.343732662e+02 -4.0573e+00 -3.9086e+00 +1.7153e+00
114 +4.863649429e+01 +4.863649429e+01 +3.311164943e+02 +3.311164943e+02 -4.0663e+00 -3.4484e+00 +1.7779e+00
132 +4.591685446e+01 +4.591685446e+01 +3.283968545e+02 +3.283968545e+02 -4.0566e+00 -3.3451e+00 +1.8080e+00
176 +4.493432600e+01 +4.493432600e+01 +3.274143260e+02 +3.274143260e+02 -4.0633e+00 -3.3792e+00 +1.7805e+00
249 +4.141463846e+01 +4.141463846e+01 +3.238946385e+02 +3.238946385e+02 -3.9688e+00 -3.3814e+00 +1.8093e+00
284 +4.027340710e+01 +4.027340710e+01 +3.227534071e+02 +3.227534071e+02 -3.9441e+00 -2.7861e+00 +1.7709e+00
303 +3.717160749e+01 +3.717160749e+01 +3.196516075e+02 +3.196516075e+02 -3.8319e+00 -3.8437e+00 +1.7567e+00
321 +3.378716980e+01 +3.378716980e+01 +3.162671698e+02 +3.162671698e+02 -3.8023e+00 -3.2999e+00 +1.7494e+00
335 +2.910026904e+01 +2.910026904e+01 +3.115802690e+02 +3.115802690e+02 -2.3611e+00 -2.6829e+00 +1.7387e+00
339 +2.684351878e+01 +2.684351878e+01 +3.093235188e+02 +3.093235188e+02 -3.5237e+00 -3.3365e+00 +1.7502e+00
369 +2.501296094e+01 +2.501296094e+01 +3.074929609e+02 +3.074929609e+02 -2.2502e+00 -3.3074e+00 +1.7881e+00
377 +1.762565472e+01 +1.762565472e+01 +3.001056547e+02 +3.001056547e+02 -2.3985e+00 -3.3978e+00 +1.7655e+00
440 +1.327298885e+01 +1.327298885e+01 +2.957529889e+02 +2.957529889e+02 +2.4085e+00 -3.2557e+00 +1.7544e+00
443 +1.016467967e+01 +1.016467967e+01 +2.926446797e+02 +2.926446797e+02 +2.3685e+00 -3.9511e+00 +1.7671e+00
462 +6.464974908e+00 +6.464974908e+00 +2.889449749e+02 +2.889449749e+02 +2.5575e+00 -4.4537e+00 +1.7766e+00
500 +6.115558102e+00 +6.115558102e+00 +2.885955581e+02 +2.885955581e+02 +1.6625e+00 -2.8069e+00 +1.8068e+00
522 +6.010737503e+00 +6.010737503e+00 +2.884907375e+02 +2.884907375e+02 +6.2407e-01 -3.9837e+00 +1.7797e+00
% function evaluation | noise-free fitness - Fopt (4.826100000000e+02) | best noise-free fitness - Fopt | measured fitness | best measured fitness | x1 | x2...
1 +7.566467951e+01 +7.566467951e+01 +5.582746795e+02 +5.582746795e+02 +0.0000e+00 +0.0000e+00 +0.0000e+00
104 +7.318335122e+01 +7.318335122e+01 +5.557933512e+02 +5.557933512e+02 -4.4333e+00 +2.8509e+00 -3.3107e-04
108 +6.344368209e+01 +6.344368209e+01 +5.460536821e+02 +5.460536821e+02 -4.5640e+00 +2.8587e+00 -4.6520e-01
112 +5.300913000e+01 +5.300913000e+01 +5.356191300e+02 +5.356191300e+02 -4.5551e+00 +2.8587e+00 -1.3918e+00
143 +4.940412586e+01 +4.940412586e+01 +5.320141259e+02 +5.320141259e+02 -4.3470e+00 +2.8594e+00 -1.3722e+00
174 +4.734219235e+01 +4.734219235e+01 +5.299521924e+02 +5.299521924e+02 -4.4385e+00 +2.8600e+00 -1.4042e+00
186 +4.561821586e+01 +4.561821586e+01 +5.282282159e+02 +5.282282159e+02 -4.3644e+00 +2.8571e+00 -1.4095e+00
527 +3.856564843e+01 +3.856564843e+01 +5.211756484e+02 +5.211756484e+02 -4.3246e+00 +3.0163e+00 -1.0041e+00
545 +3.197109289e+01 +3.197109289e+01 +5.145810929e+02 +5.145810929e+02 -4.3280e+00 +3.0432e+00 -1.0470e+00
548 +2.721422304e+01 +2.721422304e+01 +5.098242230e+02 +5.098242230e+02 -4.3192e+00 +3.1061e+00 -1.0394e+00
597 +2.619489539e+01 +2.619489539e+01 +5.088048954e+02 +5.088048954e+02 -4.3110e+00 +2.5627e+00 -1.0815e+00
% function evaluation | noise-free fitness - Fopt (7.177000000000e+01) | best noise-free fitness - Fopt | measured fitness | best measured fitness | x1 | x2...
1 +6.439834124e+01 +6.439834124e+01 +1.361683412e+02 +1.361683412e+02 +0.0000e+00 +0.0000e+00 +0.0000e+00
% function evaluation | noise-free fitness - Fopt (8.448800000000e+02) | best noise-free fitness - Fopt | measured fitness | best measured fitness | x1 | x2...
1 +3.391376365e+02 +3.391376365e+02 +1.184017637e+03 +1.184017637e+03 +0.0000e+00 +0.0000e+00 +0.0000e+00
25 +3.176831784e+02 +3.176831784e+02 +1.162563178e+03 +1.162563178e+03 -3.7311e+00 +1.9615e+00 -3.1673e-01
38 +3.144301197e+02 +3.144301197e+02 +1.159310120e+03 +1.159310120e+03 -3.7980e+00 +1.9321e+00 -3.2533e-01
44 +2.874190281e+02 +2.874190281e+02 +1.132299028e+03 +1.132299028e+03 -3.7211e+00 +1.9635e+00 -5.8832e-01
51 +2.772975223e+02 +2.772975223e+02 +1.122177522e+03 +1.122177522e+03 -3.6395e+00 +1.9344e+00 -5.0560e-01
61 +2.332116466e+02 +2.332116466e+02 +1.078091647e+03 +1.078091647e+03 -3.5040e+00 +1.6206e+00 -6.9190e-01
78 +2.280621952e+02 +2.280621952e+02 +1.072942195e+03 +1.072942195e+03 -1.2550e+00 +1.9198e+00 -8.7219e-01
84 +1.423175477e+02 +1.423175477e+02 +9.871975477e+02 +9.871975477e+02 +5.9696e+00 +1.5155e+00 -1.2636e+00
118 +1.323993436e+02 +1.323993436e+02 +9.772793436e+02 +9.772793436e+02 +4.3896e+00 +2.3571e+00 -1.4139e+00
122 +5.876583767e+01 +5.876583767e+01 +9.036458377e+02 +9.036458377e+02 +2.1183e+00 +2.8578e+00 -2.0168e+00
137 +4.582579474e+01 +4.582579474e+01 +8.907057947e+02 +8.907057947e+02 +3.5096e+00 +1.5564e+00 -2.0373e+00
149 +4.157825701e+01 +4.157825701e+01 +8.864582570e+02 +8.864582570e+02 +3.1312e+00 +3.9893e-05 -2.3917e+00
154 +3.545764982e+01 +3.545764982e+01 +8.803376498e+02 +8.803376498e+02 +6.0746e+00 +9.7409e-01 -2.4710e+00
162 +2.763179964e+01 +2.763179964e+01 +8.725117996e+02 +8.725117996e+02 +2.1782e+00 +1.5097e+00 -2.7525e+00
227 +2.325912523e+01 +2.325912523e+01 +8.681391252e+02 +8.681391252e+02 +4.4643e-02 -1.2793e-01 -2.6290e+00
233 +2.253290259e+01 +2.253290259e+01 +8.674129026e+02 +8.674129026e+02 +1.0341e+00 -1.2001e-01 -3.6884e+00
263 +1.284465005e+01 +1.284465005e+01 +8.577246501e+02 +8.577246501e+02 +2.0842e+00 +7.0500e-02 -3.5519e+00
276 +8.328847507e+00 +8.328847507e+00 +8.532088475e+02 +8.532088475e+02 +1.2175e+00 +1.0837e+00 -3.2569e+00
296 +7.765622973e+00 +7.765622973e+00 +8.526456230e+02 +8.526456230e+02 +1.1803e+00 +5.3869e-01 -3.2726e+00
396 +6.249411645e+00 +6.249411645e+00 +8.511294116e+02 +8.511294116e+02 +2.1554e+00 +9.3874e-03 -3.6098e+00
500 +4.131477880e+00 +4.131477880e+00 +8.490114779e+02 +8.490114779e+02 +3.0474e+00 -3.2060e-02 -3.5852e+00
% function evaluation | noise-free fitness - Fopt (-4.222000000000e+01) | best noise-free fitness - Fopt | measured fitness | best measured fitness | x1 | x2...
1 +1.641186499e+02 +1.641186499e+02 +1.218986499e+02 +1.218986499e+02 +0.0000e+00 +0.0000e+00 +0.0000e+00
2 +1.346356200e+02 +1.346356200e+02 +9.241562001e+01 +9.241562001e+01 +2.3972e+00 +2.4262e-01 +1.1959e+00
3 +1.234505342e+02 +1.234505342e+02 +8.123053421e+01 +8.123053421e+01 +2.4619e+00 +2.3122e-01 +1.2309e+00
9 +1.129072634e+02 +1.129072634e+02 +7.068726342e+01 +7.068726342e+01 +2.4289e+00 +2.2160e-01 +1.3158e+00
29 +1.120633967e+02 +1.120633967e+02 +6.984339668e+01 +6.984339668e+01 +2.5062e+00 +2.6160e-01 +1.2851e+00
43 +1.085648813e+02 +1.085648813e+02 +6.634488134e+01 +6.634488134e+01 +2.5201e+00 +2.4590e-01 +1.3613e+00
102 +1.013765953e+02 +1.013765953e+02 +5.915659534e+01 +5.915659534e+01 +2.5602e+00 +2.3811e-01 +1.9963e+00
258 +9.999545710e+01 +9.999545710e+01 +5.777545710e+01 +5.777545710e+01 +1.6115e+00 +2.3124e-01 +2.0264e+00
% function evaluation | noise-free fitness - Fopt (-9.179000000000e+01) | best noise-free fitness - Fopt | measured fitness | best measured fitness | x1 | x2...
1 +3.144740870e+02 +3.144740870e+02 +2.226840870e+02 +2.226840870e+02 +0.0000e+00 +0.0000e+00 +0.0000e+00
109 +1.639148770e+02 +1.639148770e+02 +7.212487703e+01 +7.212487703e+01 -3.9403e+00 +2.3708e+00 -9.4992e-01
150 +1.027531428e+02 +1.027531428e+02 +1.096314284e+01 +1.096314284e+01 -4.1950e+00 +2.3653e+00 -1.4377e+00
156 +2.932315036e+01 +2.932315036e+01 -6.246684964e+01 -6.246684964e+01 -4.0654e+00 +2.4153e+00 -4.0711e+00
176 +2.135332023e+01 +2.135332023e+01 -7.043667977e+01 -7.043667977e+01 -4.0434e+00 +2.3834e+00 -3.4575e+00
% function evaluation | noise-free fitness - Fopt (-1.277000000000e+01) | best noise-free fitness - Fopt | measured fitness | best measured fitness | x1 | x2...
1 +1.333350336e+02 +1.333350336e+02 +1.205650336e+02 +1.205650336e+02 +0.0000e+00 +0.0000e+00 +0.0000e+00
49 +1.224373563e+02 +1.224373563e+02 +1.096673563e+02 +1.096673563e+02 -2.7685e-01 -6.4277e-01 -3.9218e-02
81 +9.663249703e+01 +9.663249703e+01 +8.386249703e+01 +8.386249703e+01 -2.7953e-01 -8.5183e-01 -4.7638e+00
90 +6.410855076e+01 +6.410855076e+01 +5.133855076e+01 +5.133855076e+01 -2.7653e-01 -1.6232e+00 -1.7899e+00
93 +5.811207625e+01 +5.811207625e+01 +4.534207625e+01 +4.534207625e+01 -2.7327e-01 -1.1404e+00 -2.5076e+00
96 +5.659598437e+01 +5.659598437e+01 +4.382598437e+01 +4.382598437e+01 -2.6293e-01 -1.1035e+00 -1.8518e+00
112 +4.591975881e+01 +4.591975881e+01 +3.314975881e+01 +3.314975881e+01 -2.5946e-01 +6.5126e-01 -2.5623e+00
125 +3.769644523e+01 +3.769644523e+01 +2.492644523e+01 +2.492644523e+01 -2.3034e-01 +9.7380e-01 -3.3433e+00
132 +2.084838430e+01 +2.084838430e+01 +8.078384301e+00 +8.078384301e+00 -2.3406e-01 +8.8424e-01 -1.8668e+00
230 +1.989433272e+01 +1.989433272e+01 +7.124332720e+00 +7.124332720e+00 +6.6488e-01 +7.8551e-01 -2.8197e+00
241 +1.724541355e+01 +1.724541355e+01 +4.475413551e+00 +4.475413551e+00 +5.7714e-01 +9.3330e-01 -2.8261e+00
249 +1.594563751e+01 +1.594563751e+01 +3.175637509e+00 +3.175637509e+00 +6.2122e-01 +1.4399e+00 -2.8219e+00
276 +1.421724005e+01 +1.421724005e+01 +1.447240052e+00 +1.447240052e+00 +6.5535e-01 +9.0389e-01 -2.2202e+00
386 +1.090008055e+01 +1.090008055e+01 -1.869919445e+00 -1.869919445e+00 +5.5732e-01 +1.4894e+00 -2.2020e+00
396 +1.011697780e+01 +1.011697780e+01 -2.653022200e+00 -2.653022200e+00 +6.4835e-01 +1.5073e+00 -2.1899e+00
410 +9.779948908e+00 +9.779948908e+00 -2.990051092e+00 -2.990051092e+00 +6.5393e-01 +1.4916e+00 -2.1886e+00
414 +9.524641451e+00 +9.524641451e+00 -3.245358549e+00 -3.245358549e+00 +5.8537e-01 +1.4932e+00 -2.1832e+00
425 +9.155958174e+00 +9.155958174e+00 -3.614041826e+00 -3.614041826e+00 +6.2691e-01 +1.4832e+00 -2.1837e+00
428 +9.043774997e+00 +9.043774997e+00 -3.726225003e+00 -3.726225003e+00 +6.1437e-01 +1.4721e+00 -2.1861e+00
% function evaluation | noise-free fitness - Fopt (-1.000000000000e+03) | best noise-free fitness - Fopt | measured fitness | best measured fitness | x1 | x2...
1 +1.841706729e+02 +1.841706729e+02 -8.158293271e+02 -8.158293271e+02 +0.0000e+00 +0.0000e+00 +0.0000e+00
2 +4.090305035e+01 +4.090305035e+01 -9.590969496e+02 -9.590969496e+02 -4.7014e-02 -4.2043e+00 -3.4744e+00
3 +4.033121441e+01 +4.033121441e+01 -9.596687856e+02 -9.596687856e+02 -1.3007e-01 -4.2316e+00 -3.4886e+00
8 +3.832516156e+01 +3.832516156e+01 -9.616748384e+02 -9.616748384e+02 -9.9661e-03 -4.2129e+00 -3.4746e+00
10 +3.616649052e+01 +3.616649052e+01 -9.638335095e+02 -9.638335095e+02 -1.8649e-02 -4.1879e+00 -3.4964e+00
22 +3.062666450e+01 +3.062666450e+01 -9.693733355e+02 -9.693733355e+02 -1.1373e-02 -4.2724e+00 -3.4823e+00
24 +2.626742559e+01 +2.626742559e+01 -9.737325744e+02 -9.737325744e+02 -1.9892e-02 -4.2355e+00 -3.5411e+00
36 +2.181246671e+01 +2.181246671e+01 -9.781875333e+02 -9.781875333e+02 +2.4012e-02 -4.3044e+00 -3.5552e+00
53 +2.033048582e+01 +2.033048582e+01 -9.796695142e+02 -9.796695142e+02 +1.5998e-02 -4.3086e+00 -3.5253e+00
84 +1.939431366e+01 +1.939431366e+01 -9.806056863e+02 -9.806056863e+02 +2.8496e-03 -4.3487e+00 -3.5240e+00
124 +1.897305114e+01 +1.897305114e+01 -9.810269489e+02 -9.810269489e+02 +1.4413e-02 -4.3492e+00 -3.5379e+00
% function evaluation | noise-free fitness - Fopt (-1.000000000000e+03) | best noise-free fitness - Fopt | measured fitness | best measured fitness | x1 | x2...
1 +5.012215930e+01 +5.012215930e+01 -9.498778407e+02 -9.498778407e+02 +0.0000e+00 +0.0000e+00 +0.0000e+00
189 +5.005218365e+01 +5.005218365e+01 -9.499478164e+02 -9.499478164e+02 +8.8762e-01 -2.7601e+00 +2.1256e+00
194 +4.745843313e+01 +4.745843313e+01 -9.525415669e+02 -9.525415669e+02 +9.2428e-01 -2.7596e+00 +1.8809e+00
259 +4.632132057e+01 +4.632132057e+01 -9.536786794e+02 -9.536786794e+02 +9.0301e-01 -2.7318e+00 +1.8388e+00
