% function evaluation | noise-free fitness - Fopt (7.627000000000e+001) | best noise-free fitness - Fopt | measured fitness | best measured fitness | x1 | x2...
1 +1.130412458e+007 +1.130412458e+007 +1.130420085e+007 +1.130420085e+007 +0.0000e+000 +0.0000e+000 +0.0000e+000
2 +2.897292055e+006 +2.897292055e+006 +2.897368325e+006 +2.897368325e+006 -3.2401e+000 -1.6685e+000 -2.3039e-001
3 +2.879358491e+006 +2.879358491e+006 +2.879434761e+006 +2.879434761e+006 -3.2292e+000 -1.6808e+000 -2.2435e-001
23 +2.801471807e+006 +2.801471807e+006 +2.801548077e+006 +2.801548077e+006 -3.2333e+000 -1.7090e+000 -2.2785e-001
33 +2.699381504e+006 +2.699381504e+006 +2.699457774e+006 +2.699457774e+006 -3.2303e+000 -1.7484e+000 -2.2870e-001
43 +2.452253571e+006 +2.452253571e+006 +2.452329841e+006 +2.452329841e+006 -3.2197e+000 -1.8423e+000 -2.2811e-001
52 +2.180706935e+006 +2.180706935e+006 +2.180783205e+006 +2.180783205e+006 -3.2866e+000 -1.9349e+000 -2.2262e-001
61 +2.079578133e+006 +2.079578133e+006 +2.079654403e+006 +2.079654403e+006 -3.2076e+000 -1.9739e+000 -2.2988e-001
67 +2.000547911e+006 +2.000547911e+006 +2.000624181e+006 +2.000624181e+006 -3.2365e+000 -1.9992e+000 -2.2763e-001
79 +1.663706433e+006 +1.663706433e+006 +1.663782703e+006 +1.663782703e+006 -3.4444e+000 -2.0912e+000 -2.2727e-001
86 +7.109841436e+005 +7.109841436e+005 +7.110604136e+005 +7.110604136e+005 -2.8123e+000 -2.5094e+000 -2.7854e-001
92 +6.507726673e+005 +6.507726673e+005 +6.508489373e+005 +6.508489373e+005 -2.9884e+000 -2.5482e+000 -2.4219e-001
99 +4.665618791e+005 +4.665618791e+005 +4.666381491e+005 +4.666381491e+005 -3.6096e+000 -2.6158e+000 -2.3667e-001
109 +1.317437389e+005 +1.317437389e+005 +1.318200089e+005 +1.318200089e+005 -3.2575e+000 -3.9470e+000 -3.0830e-001
123 +3.731489820e+004 +3.731489820e+004 +3.739116820e+004 +3.739116820e+004 -3.6561e+000 -3.2419e+000 -2.9432e-001
130 +2.416814195e+004 +2.416814195e+004 +2.424441195e+004 +2.424441195e+004 -3.1832e+000 -3.3351e+000 -3.0546e-001
138 +2.054840869e+004 +2.054840869e+004 +2.062467869e+004 +2.062467869e+004 -3.9379e+000 -3.2675e+000 -3.0102e-001
152 +2.845120367e+003 +2.845120367e+003 +2.921390367e+003 +2.921390367e+003 -3.9674e+000 -3.3550e+000 -3.1423e-001
158 +5.339964051e+002 +5.339964051e+002 +6.102664051e+002 +6.102664051e+002 -3.7082e+000 -3.4319e+000 -2.9436e-001
159 +4.588101988e+002 +4.588101988e+002 +5.350801988e+002 +5.350801988e+002 -3.3783e+000 -3.5155e+000 -3.0315e-001
162 +5.109476359e+001 +5.109476359e+001 +1.273647636e+002 +1.273647636e+002 -3.6461e+000 -3.4577e+000 -2.9523e-001
171 +1.355275605e+001 +1.355275605e+001 +8.982275605e+001 +8.982275605e+001 -3.2198e+000 -3.5129e+000 -3.0008e-001
207 +1.285958234e+001 +1.285958234e+001 +8.912958234e+001 +8.912958234e+001 -4.3852e+000 -3.3832e+000 -2.9816e-001
351 +1.157449264e+001 +1.157449264e+001 +8.784449264e+001 +8.784449264e+001 -4.0695e+000 -3.4167e+000 -2.9782e-001
378 +1.123185451e+001 +1.123185451e+001 +8.750185451e+001 +8.750185451e+001 -4.1028e+000 -3.4139e+000 -2.9760e-001
1029 +1.121595085e+001 +1.121595085e+001 +8.748595085e+001 +8.748595085e+001 -4.1046e+000 -3.4136e+000 -2.9806e-001
% function evaluation | noise-free fitness - Fopt (-2.255000000000e+001) | best noise-free fitness - Fopt | measured fitness | best measured fitness | x1 | x2...
1 +6.575630449e+006 +6.575630449e+006 +6.575607899e+006 +6.575607899e+006 +0.0000e+000 +0.0000e+000 +0.0000e+000
78 +2.491073902e+006 +2.491073902e+006 +2.491051352e+006 +2.491051352e+006 +1.1489e+000 -1.6531e+000 -3.0122e+000
81 +1.479509816e+006 +1.479509816e+006 +1.479487266e+006 +1.479487266e+006 +3.7900e+000 -1.6518e+000 -3.0091e+000
83 +1.318280846e+004 +1.318280846e+004 +1.316025846e+004 +1.316025846e+004 +2.7418e+000 -1.6241e+000 -3.0124e+000
110 +1.276922265e+002 +1.276922265e+002 +1.051422265e+002 +1.051422265e+002 +2.6174e+000 -1.5990e+000 -2.9985e+000
127 +4.284375384e+001 +4.284375384e+001 +2.029375384e+001 +2.029375384e+001 +2.6342e+000 -1.6270e+000 -2.9913e+000
% function evaluation | noise-free fitness - Fopt (1.366000000000e+001) | best noise-free fitness - Fopt | measured fitness | best measured fitness | x1 | x2...
1 +1.490355618e+005 +1.490355618e+005 +1.490492218e+005 +1.490492218e+005 +0.0000e+000 +0.0000e+000 +0.0000e+000
129 +9.991509808e+003 +9.991509808e+003 +1.000516981e+004 +1.000516981e+004 +1.2679e+000 +3.9626e+000 +3.6182e+000
145 +8.238988572e+002 +8.238988572e+002 +8.375588572e+002 +8.375588572e+002 -9.6424e-001 +2.2173e+000 +3.8734e+000
186 +2.031278740e+002 +2.031278740e+002 +2.167878740e+002 +2.167878740e+002 -1.3087e+000 +1.8774e+000 +3.7362e+000
273 +1.652697630e+002 +1.652697630e+002 +1.789297630e+002 +1.789297630e+002 -1.6323e-001 +1.9818e+000 +2.8823e+000
329 +6.274028555e+001 +6.274028555e+001 +7.640028555e+001 +7.640028555e+001 -4.7746e-001 +1.9292e+000 +3.1275e+000
383 +2.868938702e+001 +2.868938702e+001 +4.234938702e+001 +4.234938702e+001 -5.8538e-001 +1.8405e+000 +3.1021e+000
392 +3.583715897e+000 +3.583715897e+000 +1.724371590e+001 +1.724371590e+001 -5.7560e-001 +1.8432e+000 +3.1029e+000
417 +1.296535168e+000 +1.296535168e+000 +1.495653517e+001 +1.495653517e+001 -5.9664e-001 +1.8341e+000 +3.1134e+000
% function evaluation | noise-free fitness - Fopt (9.378400000000e+002) | best noise-free fitness - Fopt | measured fitness | best measured fitness | x1 | x2...
1 +3.788682144e+006 +3.788682144e+006 +3.789619984e+006 +3.789619984e+006 +0.0000e+000 +0.0000e+000 +0.0000e+000
2 +3.446000340e+006 +3.446000340e+006 +3.446938180e+006 +3.446938180e+006 -4.3864e-001 -4.5389e+000 -7.3246e-001
71 +3.377386127e+006 +3.377386127e+006 +3.378323967e+006 +3.378323967e+006 -4.1847e-001 -4.5956e+000 -7.3272e-001
92 +3.270183751e+006 +3.270183751e+006 +3.271121591e+006 +3.271121591e+006 -3.5732e-001 -4.5987e+000 -7.3662e-001
109 +2.984506880e+006 +2.984506880e+006 +2.985444720e+006 +2.985444720e+006 -2.3344e-001 -4.6716e+000 -7.3326e-001
122 +2.868462743e+006 +2.868462743e+006 +2.869400583e+006 +2.869400583e+006 -1.8844e-001 -4.7119e+000 -7.3229e-001
127 +2.008848510e+006 +2.008848510e+006 +2.009786350e+006 +2.009786350e+006 +3.3391e-001 -4.3018e+000 -7.3567e-001
141 +7.417750081e+005 +7.417750081e+005 +7.427128481e+005 +7.427128481e+005 +7.2640e-002 -7.1121e+000 -7.4171e-001
153 +2.770823487e+005 +2.770823487e+005 +2.780201887e+005 +2.780201887e+005 +7.4256e-001 -6.6239e+000 -7.3525e-001
155 +2.321142876e+005 +2.321142876e+005 +2.330521276e+005 +2.330521276e+005 +3.1999e-001 -8.2985e+000 -7.3395e-001
157 +9.900934189e+004 +9.900934189e+004 +9.994718189e+004 +9.994718189e+004 +1.2433e+000 -6.1681e+000 -7.4105e-001
175 +8.551571351e+003 +8.551571351e+003 +9.489411351e+003 +9.489411351e+003 +1.0980e+000 -8.5522e+000 -7.3872e-001
183 +1.634771551e+002 +1.634771551e+002 +1.101317155e+003 +1.101317155e+003 +1.3690e+000 -7.2573e+000 -7.3584e-001
270 +1.521623677e+002 +1.521623677e+002 +1.090002368e+003 +1.090002368e+003 +1.3192e+000 -7.4063e+000 -7.3519e-001
285 +1.459599969e+002 +1.459599969e+002 +1.083799997e+003 +1.083799997e+003 +1.3292e+000 -7.3719e+000 -7.3693e-001
405 +1.439830378e+002 +1.439830378e+002 +1.081823038e+003 +1.081823038e+003 +1.3381e+000 -7.3064e+000 -7.2678e-001
% function evaluation | noise-free fitness - Fopt (-7.872000000000e+001) | best noise-free fitness - Fopt | measured fitness | best measured fitness | x1 | x2...
1 +2.260504906e+006 +2.260504906e+006 +2.260426186e+006 +2.260426186e+006 +0.0000e+000 +0.0000e+000 +0.0000e+000
81 +1.392509112e+006 +1.392509112e+006 +1.392430392e+006 +1.392430392e+006 +4.2367e+000 +3.8347e+000 -5.1936e+000
96 +1.033425589e+005 +1.033425589e+005 +1.032638389e+005 +1.032638389e+005 +4.1739e+000 +3.8795e+000 -6.2585e+000
109 +2.558711375e+002 +2.558711375e+002 +1.771511375e+002 +1.771511375e+002 +4.2229e+000 +3.8096e+000 -6.6136e+000
116 +1.410379822e+002 +1.410379822e+002 +6.231798220e+001 +6.231798220e+001 +4.1658e+000 +3.8779e+000 -6.6586e+000
203 +7.313967107e+001 +7.313967107e+001 -5.580328932e+000 -5.580328932e+000 +2.6873e+000 +3.9336e+000 -6.2658e+000
223 +5.916684550e+001 +5.916684550e+001 -1.955315450e+001 -1.955315450e+001 +2.7040e+000 +3.8613e+000 -6.1987e+000
395 +4.389102567e+001 +4.389102567e+001 -3.482897433e+001 -3.482897433e+001 +2.3446e+000 +3.7175e+000 -5.9771e+000
445 +3.271530710e+001 +3.271530710e+001 -4.600469290e+001 -4.600469290e+001 +2.0669e+000 +3.3064e+000 -5.5475e+000
% function evaluation | noise-free fitness - Fopt (-6.949000000000e+001) | best noise-free fitness - Fopt | measured fitness | best measured fitness | x1 | x2...
1 +6.512029389e+005 +6.512029389e+005 +6.511334489e+005 +6.511334489e+005 +0.0000e+000 +0.0000e+000 +0.0000e+000
126 +3.654693722e+005 +3.654693722e+005 +3.653998822e+005 +3.653998822e+005 -1.4515e+000 +1.1310e+000 -2.4443e+000
131 +2.700295424e+005 +2.700295424e+005 +2.699600524e+005 +2.699600524e+005 -1.7100e+000 +4.0011e-001 -6.1927e-001
135 +5.188913008e+004 +5.188913008e+004 +5.181964008e+004 +5.181964008e+004 -5.3495e+000 +5.0638e-001 -9.8611e-001
138 +2.034222967e+004 +2.034222967e+004 +2.027273967e+004 +2.027273967e+004 -7.5153e+000 -6.2008e-001 -6.3229e-001
143 +1.507114936e+003 +1.507114936e+003 +1.437624936e+003 +1.437624936e+003 -9.0242e+000 -2.7854e-001 -6.9943e-001
184 +3.548124204e+002 +3.548124204e+002 +2.853224204e+002 +2.853224204e+002 -1.7071e+001 +1.1531e+000 -1.4399e+000
269 +3.226375122e+002 +3.226375122e+002 +2.531475122e+002 +2.531475122e+002 -1.1399e+001 +1.3430e+000 -1.7102e+000
280 +3.010053595e+002 +3.010053595e+002 +2.315153595e+002 +2.315153595e+002 -1.5777e+001 +1.1929e+000 -1.4988e+000
731 +2.925245141e+002 +2.925245141e+002 +2.230345141e+002 +2.230345141e+002 -1.5477e+001 +1.2438e+000 -1.5402e+000
960 +2.823642071e+002 +2.823642071e+002 +2.128742071e+002 +2.128742071e+002 -1.5094e+001 +1.2496e+000 -1.5522e+000
994 +2.808424583e+002 +2.808424583e+002 +2.113524583e+002 +2.113524583e+002 -1.5039e+001 +1.2369e+000 -1.5460e+000
1195 +2.753360856e+002 +2.753360856e+002 +2.058460856e+002 +2.058460856e+002 -1.4850e+001 +1.2419e+000 -1.5531e+000
1305 +2.680041820e+002 +2.680041820e+002 +1.985141820e+002 +1.985141820e+002 -1.4577e+001 +1.2411e+000 -1.5573e+000
1315 +2.629401256e+002 +2.629401256e+002 +1.934501256e+002 +1.934501256e+002 -1.4244e+001 +1.2297e+000 -1.5547e+000
1384 +2.562425610e+002 +2.562425610e+002 +1.867525610e+002 +1.867525610e+002 -1.4176e+001 +1.2323e+000 -1.5599e+000
1390 +2.460854369e+002 +2.460854369e+002 +1.765954369e+002 +1.765954369e+002 -1.3801e+001 +1.2252e+000 -1.5625e+000
1502 +2.426955018e+002 +2.426955018e+002 +1.732055018e+002 +1.732055018e+002 -1.3704e+001 +1.2182e+000 -1.5600e+000
1549 +2.317065087e+002 +2.317065087e+002 +1.622165087e+002 +1.622165087e+002 -1.3278e+001 +1.2082e+000 -1.5613e+000
1565 +2.278684934e+002 +2.278684934e+002 +1.583784934e+002 +1.583784934e+002 -1.3228e+001 +1.2106e+000 -1.5681e+000
1587 +2.217790147e+002 +2.217790147e+002 +1.522890147e+002 +1.522890147e+002 -1.2775e+001 +1.2169e+000 -1.5846e+000
1657 +2.180636727e+002 +2.180636727e+002 +1.485736727e+002 +1.485736727e+002 -1.2969e+001 +1.2114e+000 -1.5721e+000
1879 +2.133508127e+002 +2.133508127e+002 +1.438608127e+002 +1.438608127e+002 -1.2821e+001 +1.2036e+000 -1.5713e+000
1985 +1.969458582e+002 +1.969458582e+002 +1.274558582e+002 +1.274558582e+002 -1.1620e+001 +1.1748e+000 -1.5715e+000
2029 +1.921403917e+002 +1.921403917e+002 +1.226503917e+002 +1.226503917e+002 -1.2200e+001 +1.1854e+000 -1.5715e+000
2034 +1.903136368e+002 +1.903136368e+002 +1.208236368e+002 +1.208236368e+002 -1.2091e+001 +1.1790e+000 -1.5715e+000
2051 +1.850061610e+002 +1.850061610e+002 +1.155161610e+002 +1.155161610e+002 -1.1980e+001 +1.1792e+000 -1.5715e+000
2090 +1.795321510e+002 +1.795321510e+002 +1.100421510e+002 +1.100421510e+002 -1.1798e+001 +1.1743e+000 -1.5715e+000
2098 +1.768937815e+002 +1.768937815e+002 +1.074037815e+002 +1.074037815e+002 -1.1716e+001 +1.1678e+000 -1.5714e+000
2105 +1.724354074e+002 +1.724354074e+002 +1.029454074e+002 +1.029454074e+002 -1.1302e+001 +1.1621e+000 -1.5713e+000
2123 +1.690704430e+002 +1.690704430e+002 +9.958044302e+001 +9.958044302e+001 -1.1514e+001 +1.1642e+000 -1.5714e+000
2198 +1.615687489e+002 +1.615687489e+002 +9.207874891e+001 +9.207874891e+001 -1.1242e+001 +1.1574e+000 -1.5716e+000
2202 +1.572530702e+002 +1.572530702e+002 +8.776307021e+001 +8.776307021e+001 -1.1142e+001 +1.1549e+000 -1.5725e+000
2268 +1.543083319e+002 +1.543083319e+002 +8.481833191e+001 +8.481833191e+001 -1.1085e+001 +1.1511e+000 -1.5723e+000
2298 +1.507076515e+002 +1.507076515e+002 +8.121765152e+001 +8.121765152e+001 -1.0976e+001 +1.1486e+000 -1.5728e+000
2353 +1.476332441e+002 +1.476332441e+002 +7.814324413e+001 +7.814324413e+001 -1.0867e+001 +1.1433e+000 -1.5728e+000
2399 +1.426940300e+002 +1.426940300e+002 +7.320403002e+001 +7.320403002e+001 -1.0734e+001 +1.1394e+000 -1.5724e+000
2502 +1.411749021e+002 +1.411749021e+002 +7.168490208e+001 +7.168490208e+001 -1.0688e+001 +1.1388e+000 -1.5724e+000
2614 +1.377969582e+002 +1.377969582e+002 +6.830695819e+001 +6.830695819e+001 -1.0546e+001 +1.1367e+000 -1.5729e+000
2654 +1.340866548e+002 +1.340866548e+002 +6.459665477e+001 +6.459665477e+001 -1.0451e+001 +1.1319e+000 -1.5721e+000
2692 +1.312798585e+002 +1.312798585e+002 +6.178985853e+001 +6.178985853e+001 -1.0201e+001 +1.1321e+000 -1.5756e+000
2726 +1.282017723e+002 +1.282017723e+002 +5.871177233e+001 +5.871177233e+001 -1.0279e+001 +1.1296e+000 -1.5748e+000
2728 +1.188772247e+002 +1.188772247e+002 +4.938722473e+001 +4.938722473e+001 -9.9668e+000 +1.1189e+000 -1.5738e+000
2813 +1.164617128e+002 +1.164617128e+002 +4.697171280e+001 +4.697171280e+001 -9.8783e+000 +1.1180e+000 -1.5749e+000
2841 +1.134101808e+002 +1.134101808e+002 +4.392018080e+001 +4.392018080e+001 -9.7980e+000 +1.1127e+000 -1.5746e+000
2884 +1.100871770e+002 +1.100871770e+002 +4.059717700e+001 +4.059717700e+001 -9.6590e+000 +1.1119e+000 -1.5754e+000
2909 +1.091707926e+002 +1.091707926e+002 +3.968079259e+001 +3.968079259e+001 -9.6457e+000 +1.1114e+000 -1.5759e+000
2965 +1.069626885e+002 +1.069626885e+002 +3.747268854e+001 +3.747268854e+001 -9.5793e+000 +1.1090e+000 -1.5761e+000
% function evaluation | noise-free fitness - Fopt (-2.718000000000e+001) | best noise-free fitness - Fopt | measured fitness | best measured fitness | x1 | x2...
1 +4.952140422e+006 +4.952140422e+006 +4.952113242e+006 +4.952113242e+006 +0.0000e+000 +0.0000e+000 +0.0000e+000
114 +2.012192655e+006 +2.012192655e+006 +2.012165475e+006 +2.012165475e+006 +8.8476e-001 +3.9884e+000 -4.9154e+000
126 +2.212509685e+005 +2.212509685e+005 +2.212237885e+005 +2.212237885e+005 +1.0878e+000 +6.0729e+000 -4.9875e+000
137 +1.243180013e+002 +1.243180013e+002 +9.713800126e+001 +9.713800126e+001 +1.9115e-001 +5.5649e+000 -5.0424e+000
% function evaluation | noise-free fitness - Fopt (-6.968800000000e+002) | best noise-free fitness - Fopt | measured fitness | best measured fitness | x1 | x2...
1 +2.260389733e+006 +2.260389733e+006 +2.259692853e+006 +2.259692853e+006 +0.0000e+000 +0.0000e+000 +0.0000e+000
87 +2.168961193e+006 +2.168961193e+006 +2.168264313e+006 +2.168264313e+006 +3.6753e+000 -3.8097e+000 +3.5843e+000
93 +2.016675722e+006 +2.016675722e+006 +2.015978842e+006 +2.015978842e+006 +3.6934e+000 -3.7668e+000 +3.8086e+000
94 +2.389576476e+005 +2.389576476e+005 +2.382607676e+005 +2.382607676e+005 +4.2018e+000 -3.8475e+000 +6.7498e+000
108 +8.329413907e+004 +8.329413907e+004 +8.259725907e+004 +8.259725907e+004 +4.0652e+000 -3.7172e+000 +5.6054e+000
121 +5.742562666e+003 +5.742562666e+003 +5.045682666e+003 +5.045682666e+003 +3.8549e+000 -3.8029e+000 +5.7038e+000
125 +3.438024577e+001 +3.438024577e+001 -6.624997542e+002 -6.624997542e+002 +3.9147e+000 -3.7774e+000 +5.8605e+000
233 +2.920159721e+001 +2.920159721e+001 -6.676784028e+002 -6.676784028e+002 +4.2123e+000 -3.9618e+000 +6.1241e+000
241 +2.790519496e+001 +2.790519496e+001 -6.689748050e+002 -6.689748050e+002 +4.0948e+000 -3.7528e+000 +6.0077e+000
293 +2.298310661e+001 +2.298310661e+001 -6.738968934e+002 -6.738968934e+002 +4.1467e+000 -3.9250e+000 +6.0679e+000
325 +2.289491359e+001 +2.289491359e+001 -6.739850864e+002 -6.739850864e+002 +4.1507e+000 -3.7718e+000 +6.0540e+000
% function evaluation | noise-free fitness - Fopt (-4.895300000000e+002) | best noise-free fitness - Fopt | measured fitness | best measured fitness | x1 | x2...
1 +3.541643192e+005 +3.541643192e+005 +3.536747892e+005 +3.536747892e+005 +0.0000e+000 +0.0000e+000 +0.0000e+000
140 +1.218543507e+005 +1.218543507e+005 +1.213648207e+005 +1.213648207e+005 +6.0005e-001 +3.8675e+000 +3.2945e+000
154 +6.799568310e+003 +6.799568310e+003 +6.310038310e+003 +6.310038310e+003 +1.0672e+000 +3.8009e+000 +3.7961e+000
160 +3.624112908e+003 +3.624112908e+003 +3.134582908e+003 +3.134582908e+003 +1.0384e+000 +3.8334e+000 +3.4565e+000
179 +7.188412580e+001 +7.188412580e+001 -4.176458742e+002 -4.176458742e+002 +9.7968e-001 +3.8081e+000 +3.7300e+000
206 +2.197050296e+001 +2.197050296e+001 -4.675594970e+002 -4.675594970e+002 +9.6042e-001 +3.7944e+000 +3.5555e+000
237 +1.864775318e+001 +1.864775318e+001 -4.708822468e+002 -4.708822468e+002 +9.5921e-001 +3.7938e+000 +3.5730e+000
367 +1.850917226e+001 +1.850917226e+001 -4.710208277e+002 -4.710208277e+002 +9.5768e-001 +3.7953e+000 +3.5465e+000
563 +1.793640008e+001 +1.793640008e+001 -4.715935999e+002 -4.715935999e+002 +9.5631e-001 +3.7932e+000 +3.5186e+000
604 +1.756964996e+001 +1.756964996e+001 -4.719603500e+002 -4.719603500e+002 +9.5345e-001 +3.7936e+000 +3.4633e+000
638 +1.723512795e+001 +1.723512795e+001 -4.722948721e+002 -4.722948721e+002 +9.5291e-001 +3.7920e+000 +3.4518e+000
662 +1.691372322e+001 +1.691372322e+001 -4.726162768e+002 -4.726162768e+002 +9.5196e-001 +3.7931e+000 +3.4180e+000
1027 +1.657985879e+001 +1.657985879e+001 -4.729501412e+002 -4.729501412e+002 +9.5070e-001 +3.7935e+000 +3.3855e+000
1187 +1.617416031e+001 +1.617416031e+001 -4.733558397e+002 -4.733558397e+002 +9.4950e-001 +3.7952e+000 +3.3472e+000
1468 +1.582559211e+001 +1.582559211e+001 -4.737044079e+002 -4.737044079e+002 +9.4943e-001 +3.7993e+000 +3.3105e+000
1751 +1.531438550e+001 +1.531438550e+001 -4.742156145e+002 -4.742156145e+002 +9.4840e-001 +3.8025e+000 +3.2570e+000
1952 +1.512036699e+001 +1.512036699e+001 -4.744096330e+002 -4.744096330e+002 +9.4944e-001 +3.8072e+000 +3.2347e+000
2228 +1.474616150e+001 +1.474616150e+001 -4.747838385e+002 -4.747838385e+002 +9.4900e-001 +3.8108e+000 +3.1901e+000
2593 +1.444191198e+001 +1.444191198e+001 -4.750880880e+002 -4.750880880e+002 +9.4752e-001 +3.8109e+000 +3.1569e+000
2834 +1.411617256e+001 +1.411617256e+001 -4.754138274e+002 -4.754138274e+002 +9.4618e-001 +3.8118e+000 +3.1157e+000
% function evaluation | noise-free fitness - Fopt (-4.004000000000e+001) | best noise-free fitness - Fopt | measured fitness | best measured fitness | x1 | x2...
1 +1.038400130e+007 +1.038400130e+007 +1.038396126e+007 +1.038396126e+007 +0.0000e+000 +0.0000e+000 +0.0000e+000
69 +7.946186169e+006 +7.946186169e+006 +7.946146129e+006 +7.946146129e+006 +3.3357e+000 -4.2282e-001 -4.9471e+000
80 +7.745748833e+006 +7.745748833e+006 +7.745708793e+006 +7.745708793e+006 +3.3576e+000 -4.2215e-001 -5.1012e+000
84 +3.986873778e+003 +3.986873778e+003 +3.946833778e+003 +3.946833778e+003 +3.3153e+000 -4.2247e-001 -1.0408e+001
132 +8.649707662e+001 +8.649707662e+001 +4.645707662e+001 +4.645707662e+001 +3.3320e+000 -4.2003e-001 -1.0565e+001
167 +8.294293519e+001 +8.294293519e+001 +4.290293519e+001 +4.290293519e+001 +3.3297e+000 -3.9142e-001 -1.0597e+001
223 +8.116804474e+001 +8.116804474e+001 +4.112804474e+001 +4.112804474e+001 +3.3322e+000 -4.0450e-001 -1.0587e+001
% function evaluation | noise-free fitness - Fopt (-1.038100000000e+002) | best noise-free fitness - Fopt | measured fitness | best measured fitness | x1 | x2...
1 +1.084439411e+007 +1.084439411e+007 +1.084429030e+007 +1.084429030e+007 +0.0000e+000 +0.0000e+000 +0.0000e+000
2 +1.918758247e+004 +1.918758247e+004 +1.908377247e+004 +1.908377247e+004 +3.6261e+000 -3.3381e+000 -4.1021e+000
3 +1.740735603e+004 +1.740735603e+004 +1.730354603e+004 +1.730354603e+004 +3.6204e+000 -3.3360e+000 -4.1037e+000
9 +1.547780944e+004 +1.547780944e+004 +1.537399944e+004 +1.537399944e+004 +3.6215e+000 -3.3539e+000 -4.0649e+000
12 +1.290532021e+004 +1.290532021e+004 +1.280151021e+004 +1.280151021e+004 +3.6127e+000 -3.3784e+000 -4.1050e+000
17 +9.270450827e+003 +9.270450827e+003 +9.166640827e+003 +9.166640827e+003 +3.5926e+000 -3.3359e+000 -4.1107e+000
19 +2.949816454e+003 +2.949816454e+003 +2.846006454e+003 +2.846006454e+003 +3.5491e+000 -3.3655e+000 -4.1182e+000
33 +1.025180049e+003 +1.025180049e+003 +9.213700495e+002 +9.213700495e+002 +3.4841e+000 -3.6359e+000 -4.2718e+000
39 +7.231405410e+002 +7.231405410e+002 +6.193305410e+002 +6.193305410e+002 +3.5956e+000 -3.6001e+000 -3.7559e+000
52 +1.234385642e+002 +1.234385642e+002 +1.962856415e+001 +1.962856415e+001 +3.5305e+000 -3.9400e+000 -4.5054e+000
114 +9.616263626e+001 +9.616263626e+001 -7.647363741e+000 -7.647363741e+000 +3.4938e+000 -2.9867e+000 -3.6727e+000
139 +7.876897798e+001 +7.876897798e+001 -2.504102202e+001 -2.504102202e+001 +3.5083e+000 -3.2517e+000 -3.8765e+000
150 +5.612842815e+001 +5.612842815e+001 -4.768157185e+001 -4.768157185e+001 +3.5118e+000 -3.2001e+000 -3.7287e+000
% function evaluation | noise-free fitness - Fopt (-2.380000000000e+001) | best noise-free fitness - Fopt | measured fitness | best measured fitness | x1 | x2...
1 +1.176265893e+007 +1.176265893e+007 +1.176263513e+007 +1.176263513e+007 +0.0000e+000 +0.0000e+000 +0.0000e+000
93 +1.079427508e+007 +1.079427508e+007 +1.079425128e+007 +1.079425128e+007 +1.3167e+000 -1.9982e+000 +8.7683e-001
95 +9.967110506e+006 +9.967110506e+006 +9.967086706e+006 +9.967086706e+006 +1.3217e+000 -2.0332e+000 +1.0221e+000
109 +7.032739507e+006 +7.032739507e+006 +7.032715707e+006 +7.032715707e+006 +1.3266e+000 -2.0079e+000 +1.8043e+000
123 +5.609245767e+006 +5.609245767e+006 +5.609221967e+006 +5.609221967e+006 +1.3039e+000 -2.0163e+000 +2.0930e+000
125 +7.323400364e+005 +7.323400364e+005 +7.323162364e+005 +7.323162364e+005 +1.4413e+000 -2.0213e+000 +3.5761e+000
142 +3.525957079e+003 +3.525957079e+003 +3.502157079e+003 +3.502157079e+003 +1.3224e+000 -2.0245e+000 +4.5852e+000
183 +2.129795693e+003 +2.129795693e+003 +2.105995693e+003 +2.105995693e+003 +1.2542e+000 -2.0387e+000 +4.5397e+000
202 +2.863946164e+002 +2.863946164e+002 +2.625946164e+002 +2.625946164e+002 +9.3701e-001 -2.0121e+000 +4.3514e+000
207 +4.687282750e+001 +4.687282750e+001 +2.307282750e+001 +2.307282750e+001 +1.3503e+000 -2.0633e+000 +4.5263e+000
228 +1.447151270e+001 +1.447151270e+001 -9.328487298e+000 -9.328487298e+000 +1.1899e+000 -2.0274e+000 +4.4672e+000
% function evaluation | noise-free fitness - Fopt (7.459000000000e+001) | best noise-free fitness - Fopt | measured fitness | best measured fitness | x1 | x2...
1 +7.734875671e+006 +7.734875671e+006 +7.734950261e+006 +7.734950261e+006 +0.0000e+000 +0.0000e+000 +0.0000e+000
2 +5.178795874e+006 +5.178795874e+006 +5.178870464e+006 +5.178870464e+006 +2.3240e+000 -4.7171e+000 -1.7354e+000
30 +5.044151421e+006 +5.044151421e+006 +5.044226011e+006 +5.044226011e+006 +2.2333e+000 -4.7166e+000 -1.7373e+000
41 +4.936074672e+006 +4.936074672e+006 +4.936149262e+006 +4.936149262e+006 +2.1703e+000 -4.7118e+000 -1.7467e+000
52 +4.817522591e+006 +4.817522591e+006 +4.817597181e+006 +4.817597181e+006 +2.0836e+000 -4.7133e+000 -1.7587e+000
55 +4.763364524e+006 +4.763364524e+006 +4.763439114e+006 +4.763439114e+006 +2.0545e+000 -4.7075e+000 -1.7501e+000
65 +4.654837150e+006 +4.654837150e+006 +4.654911740e+006 +4.654911740e+006 +1.9575e+000 -4.7072e+000 -1.6897e+000
72 +1.992190208e+006 +1.992190208e+006 +1.992264798e+006 +1.992264798e+006 -4.0411e-001 -4.7013e+000 -1.2679e+000
77 +6.141406898e+005 +6.141406898e+005 +6.142152798e+005 +6.142152798e+005 -1.4991e+000 -4.6984e+000 -1.5674e+000
94 +4.463582145e+005 +4.463582145e+005 +4.464328045e+005 +4.464328045e+005 -1.7574e+000 -4.6933e+000 -1.5817e+000
102 +1.546217026e+001 +1.546217026e+001 +9.005217026e+001 +9.005217026e+001 -3.6399e+000 -4.6986e+000 -1.5677e+000
% function evaluation | noise-free fitness - Fopt (2.225900000000e+002) | best noise-free fitness - Fopt | measured fitness | best measured fitness | x1 | x2...
1 +3.036163999e+006 +3.036163999e+006 +3.036386589e+006 +3.036386589e+006 +0.0000e+000 +0.0000e+000 +0.0000e+000
146 +1.608966944e+005 +1.608966944e+005 +1.611192844e+005 +1.611192844e+005 +7.7346e+000 -4.4943e+000 +3.0833e-002
150 +2.474066351e+002 +2.474066351e+002 +4.699966351e+002 +4.699966351e+002 +7.0050e+000 -4.4896e+000 -2.7910e-001
168 +3.713768809e+001 +3.713768809e+001 +2.597276881e+002 +2.597276881e+002 +7.1597e+000 -4.4901e+000 +2.6612e-001
268 +3.402275362e+001 +3.402275362e+001 +2.566127536e+002 +2.566127536e+002 +7.0592e+000 -4.4821e+000 -1.1402e-001
289 +3.249191914e+001 +3.249191914e+001 +2.550819191e+002 +2.550819191e+002 +7.0119e+000 -4.4064e+000 +1.2896e-002
437 +3.209675841e+001 +3.209675841e+001 +2.546867584e+002 +2.546867584e+002 +7.2480e+000 -4.4529e+000 +7.6151e-001
% function evaluation | noise-free fitness - Fopt (-2.977700000000e+002) | best noise-free fitness - Fopt | measured fitness | best measured fitness | x1 | x2...
1 +8.334212857e+006 +8.334212857e+006 +8.333915087e+006 +8.333915087e+006 +0.0000e+000 +0.0000e+000 +0.0000e+000
2 +6.602508183e+005 +6.602508183e+005 +6.599530483e+005 +6.599530483e+005 +4.8683e+000 -4.6467e+000 -3.6707e+000
17 +6.360705524e+005 +6.360705524e+005 +6.357727824e+005 +6.357727824e+005 +4.8655e+000 -4.6163e+000 -3.6701e+000
36 +6.223093876e+005 +6.223093876e+005 +6.220116176e+005 +6.220116176e+005 +4.8658e+000 -4.5995e+000 -3.6703e+000
41 +5.524106767e+005 +5.524106767e+005 +5.521129067e+005 +5.521129067e+005 +4.8648e+000 -4.4827e+000 -3.6702e+000
53 +5.381178455e+005 +5.381178455e+005 +5.378200755e+005 +5.378200755e+005 +4.9163e+000 -4.4584e+000 -3.6663e+000
66 +5.301744577e+005 +5.301744577e+005 +5.298766877e+005 +5.298766877e+005 +4.8209e+000 -4.3984e+000 -3.6655e+000
67 +5.156227541e+005 +5.156227541e+005 +5.153249841e+005 +5.153249841e+005 +4.9265e+000 -4.3861e+000 -3.6676e+000
68 +5.094159289e+005 +5.094159289e+005 +5.091181589e+005 +5.091181589e+005 +4.8940e+000 -4.3430e+000 -3.6684e+000
69 +5.004273484e+005 +5.004273484e+005 +5.001295784e+005 +5.001295784e+005 +4.9003e+000 -4.2857e+000 -3.6716e+000
70 +3.335699396e+005 +3.335699396e+005 +3.332721696e+005 +3.332721696e+005 +4.9419e+000 -3.8823e+000 -3.6679e+000
77 +1.105379749e+005 +1.105379749e+005 +1.102402049e+005 +1.102402049e+005 +4.7523e+000 -1.8087e+000 -3.6681e+000
92 +1.594406308e+004 +1.594406308e+004 +1.564629308e+004 +1.564629308e+004 +4.9785e+000 -2.9591e+000 -3.6770e+000
95 +3.753647667e+003 +3.753647667e+003 +3.455877667e+003 +3.455877667e+003 +5.0551e+000 -2.8086e+000 -3.6638e+000
140 +1.165344891e+002 +1.165344891e+002 -1.812355109e+002 -1.812355109e+002 +4.9523e+000 -2.6054e+000 -3.6665e+000
149 +2.769126463e+001 +2.769126463e+001 -2.700787354e+002 -2.700787354e+002 +4.9468e+000 -2.5991e+000 -3.6515e+000
179 +2.686061667e+001 +2.686061667e+001 -2.709093833e+002 -2.709093833e+002 +4.9732e+000 -2.6092e+000 -3.6523e+000
239 +2.616984678e+001 +2.616984678e+001 -2.716001532e+002 -2.716001532e+002 +4.9554e+000 -2.6106e+000 -3.6570e+000
