% function evaluation | noise-free fitness - Fopt (-1.694000000000e+01) | best noise-free fitness - Fopt | measured fitness | best measured fitness | x1 | x2...
1 +1.275492373e+03 +1.275492373e+03 +1.258552373e+03 +1.258552373e+03 +0.0000e+00 +0.0000e+00
74 +2.803830698e+02 +2.803830698e+02 +2.634430698e+02 +2.634430698e+02 +2.0209e+00 -2.9952e+00
76 +7.199119566e+01 +7.199119566e+01 +5.505119566e+01 +5.505119566e+01 +6.4304e+00 -3.0559e+00
82 +6.859114511e+01 +6.859114511e+01 +5.165114511e+01 +5.165114511e+01 +2.4920e+00 -3.0409e+00
83 +2.810868116e+01 +2.810868116e+01 +1.116868116e+01 +1.116868116e+01 +5.5242e+00 -2.9891e+00
99 +1.631066832e+01 +1.631066832e+01 -6.293316837e-01 -6.293316837e-01 +4.8995e+00 -3.0775e+00
103 +1.026335893e+01 +1.026335893e+01 -6.676641070e+00 -6.676641070e+00 +4.5334e+00 -3.0564e+00
106 +6.920418650e+00 +6.920418650e+00 -1.001958135e+01 -1.001958135e+01 +4.8778e+00 -3.0615e+00
112 +6.311971396e+00 +6.311971396e+00 -1.062802860e+01 -1.062802860e+01 +4.7001e+00 -3.0604e+00
222 +6.299126362e+00 +6.299126362e+00 -1.064087364e+01 -1.064087364e+01 +4.8659e+00 -3.0263e+00
2404 +3.766565543e+00 +3.766565543e+00 -1.317343446e+01 -1.317343446e+01 +4.2287e+00 +8.2158e-03
2464 +1.959531792e+00 +1.959531792e+00 -1.498046821e+01 -1.498046821e+01 +4.0167e+00 +8.4251e-01
2522 +1.389169315e+00 +1.389169315e+00 -1.555083068e+01 -1.555083068e+01 +3.9328e+00 +1.2242e+00
2697 +1.211144624e+00 +1.211144624e+00 -1.572885538e+01 -1.572885538e+01 +3.7155e+00 +2.1846e+00
2732 +1.122665449e+00 +1.122665449e+00 -1.581733455e+01 -1.581733455e+01 +3.8446e+00 +1.5839e+00
2733 +1.050583419e+00 +1.050583419e+00 -1.588941658e+01 -1.588941658e+01 +3.8548e+00 +1.5570e+00
2753 +1.043659136e+00 +1.043659136e+00 -1.589634086e+01 -1.589634086e+01 +3.8606e+00 +1.5841e+00
2931 +1.020026899e+00 +1.020026899e+00 -1.591997310e+01 -1.591997310e+01 +3.7838e+00 +1.8620e+00
2944 +7.478680806e-01 +7.478680806e-01 -1.619213192e+01 -1.619213192e+01 +3.8029e+00 +1.8182e+00
3014 +5.268332094e-01 +5.268332094e-01 -1.641316679e+01 -1.641316679e+01 +3.7600e+00 +2.0561e+00
3727 +5.221426031e-01 +5.221426031e-01 -1.641785740e+01 -1.641785740e+01 +3.6489e+00 +2.5493e+00
4207 +3.987117740e-01 +3.987117740e-01 -1.654128823e+01 -1.654128823e+01 +3.7303e+00 +2.1941e+00
4551 +3.636500494e-01 +3.636500494e-01 -1.657634995e+01 -1.657634995e+01 +3.7272e+00 +2.1959e+00
4665 +2.426500988e-01 +2.426500988e-01 -1.669734990e+01 -1.669734990e+01 +3.6897e+00 +2.3867e+00
5604 +1.601790160e-01 +1.601790160e-01 -1.677982098e+01 -1.677982098e+01 +3.6867e+00 +2.4074e+00
5610 +1.584040850e-01 +1.584040850e-01 -1.678159591e+01 -1.678159591e+01 +3.6795e+00 +2.4522e+00
6358 +1.014957590e-01 +1.014957590e-01 -1.683850424e+01 -1.683850424e+01 +3.6719e+00 +2.4810e+00
6474 +9.789812418e-02 +9.789812418e-02 -1.684210188e+01 -1.684210188e+01 +3.6733e+00 +2.4592e+00
6580 +9.771496722e-02 +9.771496722e-02 -1.684228503e+01 -1.684228503e+01 +3.6744e+00 +2.4661e+00
47841 +5.903527256e-02 +5.903527256e-02 -1.688096473e+01 -1.688096473e+01 +3.6586e+00 +2.5456e+00
47965 +4.940810712e-02 +4.940810712e-02 -1.689059189e+01 -1.689059189e+01 +3.6585e+00 +2.5415e+00
48535 +2.097724544e-02 +2.097724544e-02 -1.691902275e+01 -1.691902275e+01 +3.6551e+00 +2.5511e+00
48550 +1.720257550e-02 +1.720257550e-02 -1.692279742e+01 -1.692279742e+01 +3.6518e+00 +2.5638e+00
% function evaluation | noise-free fitness - Fopt (1.881000000000e+01) | best noise-free fitness - Fopt | measured fitness | best measured fitness | x1 | x2...
1 +2.061503494e+02 +2.061503494e+02 +2.249603494e+02 +2.249603494e+02 +0.0000e+00 +0.0000e+00
10 +1.397176119e+02 +1.397176119e+02 +1.585276119e+02 +1.585276119e+02 +3.7486e+00 +4.6746e+00
11 +9.119775520e+01 +9.119775520e+01 +1.100077552e+02 +1.100077552e+02 +3.4990e+00 +4.8119e+00
22 +7.812386434e+01 +7.812386434e+01 +9.693386434e+01 +9.693386434e+01 +3.6258e+00 +4.6511e+00
82 +7.757804338e+01 +7.757804338e+01 +9.638804338e+01 +9.638804338e+01 +3.6154e+00 +4.6407e+00
442 +1.450645859e+01 +1.450645859e+01 +3.331645859e+01 +3.331645859e+01 +1.4375e+00 +1.6107e+00
447 +1.261703572e+01 +1.261703572e+01 +3.142703572e+01 +3.142703572e+01 -1.6201e+00 +1.4765e+00
456 +1.255738904e+01 +1.255738904e+01 +3.136738904e+01 +3.136738904e+01 -1.6261e+00 +1.4860e+00
459 +1.166513277e+01 +1.166513277e+01 +3.047513277e+01 +3.047513277e+01 -1.6191e+00 +1.4820e+00
479 +6.399170682e+00 +6.399170682e+00 +2.520917068e+01 +2.520917068e+01 -1.6280e+00 +1.8707e+00
486 +3.142822134e+00 +3.142822134e+00 +2.195282213e+01 +2.195282213e+01 -1.6311e+00 +1.7585e+00
566 +2.804777396e+00 +2.804777396e+00 +2.161477740e+01 +2.161477740e+01 -1.6398e+00 +1.8154e+00
577 +1.868176774e+00 +1.868176774e+00 +2.067817677e+01 +2.067817677e+01 -1.6425e+00 +1.8119e+00
731 +1.849432764e+00 +1.849432764e+00 +2.065943276e+01 +2.065943276e+01 -1.6339e+00 +1.8104e+00
736 +1.595382666e+00 +1.595382666e+00 +2.040538267e+01 +2.040538267e+01 -1.4521e+00 +1.8594e+00
765 +1.392117712e+00 +1.392117712e+00 +2.020211771e+01 +2.020211771e+01 -1.5786e+00 +1.8473e+00
878 +7.324920321e-01 +7.324920321e-01 +1.954249203e+01 +1.954249203e+01 -2.5753e-01 +1.7782e+00
947 +5.825925320e-01 +5.825925320e-01 +1.939259253e+01 +1.939259253e+01 -6.4001e-01 +1.8108e+00
1008 +5.407885707e-01 +5.407885707e-01 +1.935078857e+01 +1.935078857e+01 -5.1550e-01 +1.8084e+00
1087 +3.641101012e-01 +3.641101012e-01 +1.917411010e+01 +1.917411010e+01 -5.4449e-01 +1.7997e+00
1092 +2.035537471e-01 +2.035537471e-01 +1.901355375e+01 +1.901355375e+01 -1.6145e-01 +1.7735e+00
1324 +1.971541303e-01 +1.971541303e-01 +1.900715413e+01 +1.900715413e+01 -2.7231e-01 +1.7854e+00
1326 +1.587275374e-01 +1.587275374e-01 +1.896872754e+01 +1.896872754e+01 -3.4672e-01 +1.7889e+00
1347 +1.245767002e-01 +1.245767002e-01 +1.893457670e+01 +1.893457670e+01 -2.4797e-01 +1.7861e+00
1351 +1.021509186e-01 +1.021509186e-01 +1.891215092e+01 +1.891215092e+01 -2.6265e-01 +1.7819e+00
1363 +7.027326072e-03 +7.027326072e-03 +1.881702733e+01 +1.881702733e+01 -1.8889e-01 +1.7806e+00
1389 +4.804944340e-03 +4.804944340e-03 +1.881480494e+01 +1.881480494e+01 -1.9150e-01 +1.7807e+00
1786 +3.126235909e-03 +3.126235909e-03 +1.881312624e+01 +1.881312624e+01 -1.8772e-01 +1.7804e+00
1799 +2.676443687e-04 +2.676443687e-04 +1.881026764e+01 +1.881026764e+01 -1.9113e-01 +1.7808e+00
1849 +2.548026196e-04 +2.548026196e-04 +1.881025480e+01 +1.881025480e+01 -1.9124e-01 +1.7808e+00
2563 +2.507722451e-04 +2.507722451e-04 +1.881025077e+01 +1.881025077e+01 -1.9127e-01 +1.7808e+00
2591 +6.082366210e-05 +6.082366210e-05 +1.881006082e+01 +1.881006082e+01 -1.9124e-01 +1.7808e+00
2659 +3.563088593e-05 +3.563088593e-05 +1.881003563e+01 +1.881003563e+01 -1.9123e-01 +1.7808e+00
9348 +2.648732760e-06 +2.648732760e-06 +1.881000265e+01 +1.881000265e+01 -1.9120e-01 +1.7808e+00
16425 +1.284494417e-06 +1.284494417e-06 +1.881000128e+01 +1.881000128e+01 -1.9120e-01 +1.7808e+00
16461 +1.245843528e-06 +1.245843528e-06 +1.881000125e+01 +1.881000125e+01 -1.9120e-01 +1.7808e+00
16492 +1.111190901e-06 +1.111190901e-06 +1.881000111e+01 +1.881000111e+01 -1.9120e-01 +1.7808e+00
16524 +1.029389068e-06 +1.029389068e-06 +1.881000103e+01 +1.881000103e+01 -1.9120e-01 +1.7808e+00
16544 +9.357447759e-07 +9.357447759e-07 +1.881000094e+01 +1.881000094e+01 -1.9120e-01 +1.7808e+00
16550 +8.913985710e-07 +8.913985710e-07 +1.881000089e+01 +1.881000089e+01 -1.9120e-01 +1.7808e+00
16581 +7.624239835e-07 +7.624239835e-07 +1.881000076e+01 +1.881000076e+01 -1.9120e-01 +1.7808e+00
16640 +6.906331222e-07 +6.906331222e-07 +1.881000069e+01 +1.881000069e+01 -1.9120e-01 +1.7808e+00
16670 +6.057403112e-07 +6.057403112e-07 +1.881000061e+01 +1.881000061e+01 -1.9120e-01 +1.7808e+00
16696 +5.726308565e-07 +5.726308565e-07 +1.881000057e+01 +1.881000057e+01 -1.9120e-01 +1.7808e+00
16697 +5.509420902e-07 +5.509420902e-07 +1.881000055e+01 +1.881000055e+01 -1.9120e-01 +1.7808e+00
16708 +4.121149608e-07 +4.121149608e-07 +1.881000041e+01 +1.881000041e+01 -1.9120e-01 +1.7808e+00
16890 +2.596859900e-07 +2.596859900e-07 +1.881000026e+01 +1.881000026e+01 -1.9120e-01 +1.7808e+00
16954 +2.501636978e-07 +2.501636978e-07 +1.881000025e+01 +1.881000025e+01 -1.9120e-01 +1.7808e+00
16986 +2.281506077e-07 +2.281506077e-07 +1.881000023e+01 +1.881000023e+01 -1.9120e-01 +1.7808e+00
16992 +1.510882051e-07 +1.510882051e-07 +1.881000015e+01 +1.881000015e+01 -1.9120e-01 +1.7808e+00
17005 +1.442684479e-07 +1.442684479e-07 +1.881000014e+01 +1.881000014e+01 -1.9120e-01 +1.7808e+00
17067 +1.102916301e-07 +1.102916301e-07 +1.881000011e+01 +1.881000011e+01 -1.9120e-01 +1.7808e+00
17071 +9.225320952e-08 +9.225320952e-08 +1.881000009e+01 +1.881000009e+01 -1.9120e-01 +1.7808e+00
17170 +8.762053838e-08 +8.762053838e-08 +1.881000009e+01 +1.881000009e+01 -1.9120e-01 +1.7808e+00
17261 +7.904715815e-08 +7.904715815e-08 +1.881000008e+01 +1.881000008e+01 -1.9120e-01 +1.7808e+00
17267 +3.769475398e-08 +3.769475398e-08 +1.881000004e+01 +1.881000004e+01 -1.9120e-01 +1.7808e+00
17289 +3.310764640e-08 +3.310764640e-08 +1.881000003e+01 +1.881000003e+01 -1.9120e-01 +1.7808e+00
17345 +1.842441932e-08 +1.842441932e-08 +1.881000002e+01 +1.881000002e+01 -1.9120e-01 +1.7808e+00
17458 +3.941170945e-09 +3.941170945e-09 +1.881000000e+01 +1.881000000e+01 -1.9120e-01 +1.7808e+00
% function evaluation | noise-free fitness - Fopt (2.731500000000e+02) | best noise-free fitness - Fopt | measured fitness | best measured fitness | x1 | x2...
1 +6.092861296e+02 +6.092861296e+02 +8.824361296e+02 +8.824361296e+02 +0.0000e+00 +0.0000e+00
2 +2.830785938e+02 +2.830785938e+02 +5.562285938e+02 +5.562285938e+02 -2.2898e+00 -4.0550e+00
4 +2.676168986e+02 +2.676168986e+02 +5.407668986e+02 +5.407668986e+02 -2.2822e+00 -4.0547e+00
5 +2.585616670e+02 +2.585616670e+02 +5.317116670e+02 +5.317116670e+02 -2.2819e+00 -4.0640e+00
11 +1.716069948e+02 +1.716069948e+02 +4.447569948e+02 +4.447569948e+02 -2.2153e+00 -4.0468e+00
22 +1.689558787e+02 +1.689558787e+02 +4.421058787e+02 +4.421058787e+02 -2.2217e+00 -4.0667e+00
25 +1.566082482e+02 +1.566082482e+02 +4.297582482e+02 +4.297582482e+02 -2.2383e+00 -4.1367e+00
27 +1.443659578e+02 +1.443659578e+02 +4.175159578e+02 +4.175159578e+02 -2.1527e+00 -4.0507e+00
542 +9.311360092e+01 +9.311360092e+01 +3.662636009e+02 +3.662636009e+02 -2.5507e+00 -6.4922e-01
666 +6.422012214e+01 +6.422012214e+01 +3.373701221e+02 +3.373701221e+02 -4.4558e+00 +2.5628e-01
708 +1.667518745e+01 +1.667518745e+01 +2.898251874e+02 +2.898251874e+02 -4.1568e+00 +2.1854e+00
719 +1.372250247e+01 +1.372250247e+01 +2.868725025e+02 +2.868725025e+02 -4.9829e+00 +1.0315e+00
744 +4.409363320e+00 +4.409363320e+00 +2.775593633e+02 +2.775593633e+02 -4.1675e+00 +2.6164e+00
835 +3.871579317e+00 +3.871579317e+00 +2.770215793e+02 +2.770215793e+02 -3.9279e+00 +3.2331e+00
840 +3.346372781e+00 +3.346372781e+00 +2.764963728e+02 +2.764963728e+02 -4.5231e+00 +1.8682e+00
860 +2.064256565e+00 +2.064256565e+00 +2.752142566e+02 +2.752142566e+02 -4.3635e+00 +2.0399e+00
872 +1.972367634e+00 +1.972367634e+00 +2.751223676e+02 +2.751223676e+02 -4.3036e+00 +2.2263e+00
884 +1.874676573e+00 +1.874676573e+00 +2.750246766e+02 +2.750246766e+02 -4.3568e+00 +2.0643e+00
1007 +1.854791753e+00 +1.854791753e+00 +2.750047918e+02 +2.750047918e+02 -4.3425e+00 +2.1250e+00
% function evaluation | noise-free fitness - Fopt (3.718000000000e+01) | best noise-free fitness - Fopt | measured fitness | best measured fitness | x1 | x2...
1 +1.121427784e+02 +1.121427784e+02 +1.493227784e+02 +1.493227784e+02 +0.0000e+00 +0.0000e+00
2 +6.997314785e+01 +6.997314785e+01 +1.071531479e+02 +1.071531479e+02 +3.6480e+00 +8.0622e-01
3 +6.783948337e+01 +6.783948337e+01 +1.050194834e+02 +1.050194834e+02 +3.6673e+00 +8.0563e-01
4 +6.033348017e+01 +6.033348017e+01 +9.751348017e+01 +9.751348017e+01 +3.6501e+00 +8.1129e-01
9 +6.007468210e+01 +6.007468210e+01 +9.725468210e+01 +9.725468210e+01 +3.6480e+00 +8.1163e-01
10 +5.868832482e+01 +5.868832482e+01 +9.586832482e+01 +9.586832482e+01 +3.6487e+00 +8.1229e-01
21 +5.531678358e+01 +5.531678358e+01 +9.249678358e+01 +9.249678358e+01 +3.6530e+00 +8.1366e-01
24 +2.912383566e+01 +2.912383566e+01 +6.630383566e+01 +6.630383566e+01 +3.7145e+00 +8.2408e-01
25 +2.495585147e+01 +2.495585147e+01 +6.213585147e+01 +6.213585147e+01 +3.6530e+00 +8.3431e-01
32 +2.342715064e+01 +2.342715064e+01 +6.060715064e+01 +6.060715064e+01 +3.5908e+00 +8.4233e-01
33 +2.031825995e+01 +2.031825995e+01 +5.749825995e+01 +5.749825995e+01 +3.6687e+00 +8.4204e-01
42 +1.502211738e+01 +1.502211738e+01 +5.220211738e+01 +5.220211738e+01 +3.5462e+00 +1.0349e+00
66 +1.228432185e+01 +1.228432185e+01 +4.946432185e+01 +4.946432185e+01 +3.3390e+00 +1.1956e+00
77 +7.860453575e+00 +7.860453575e+00 +4.504045357e+01 +4.504045357e+01 +3.4003e+00 +1.2721e+00
694 +3.442983011e+00 +3.442983011e+00 +4.062298301e+01 +4.062298301e+01 -2.7396e+00 +1.8890e+00
724 +1.931956644e+00 +1.931956644e+00 +3.911195664e+01 +3.911195664e+01 -2.8772e+00 +2.0078e+00
777 +6.507358560e-01 +6.507358560e-01 +3.783073586e+01 +3.783073586e+01 -3.5185e+00 +2.0315e+00
863 +5.258221079e-01 +5.258221079e-01 +3.770582211e+01 +3.770582211e+01 -3.4384e+00 +2.0329e+00
873 +2.271124848e-01 +2.271124848e-01 +3.740711248e+01 +3.740711248e+01 -3.8350e+00 +2.0588e+00
1028 +1.712618040e-01 +1.712618040e-01 +3.735126180e+01 +3.735126180e+01 -3.8122e+00 +2.0501e+00
1041 +1.647308013e-01 +1.647308013e-01 +3.734473080e+01 +3.734473080e+01 -3.8679e+00 +2.0642e+00
1300 +1.034366061e-01 +1.034366061e-01 +3.728343661e+01 +3.728343661e+01 -3.8409e+00 +2.0532e+00
1397 +6.482648457e-02 +6.482648457e-02 +3.724482648e+01 +3.724482648e+01 -3.9185e+00 +2.0621e+00
1434 +5.842679495e-02 +5.842679495e-02 +3.723842679e+01 +3.723842679e+01 -3.8962e+00 +2.0611e+00
1441 +3.856664104e-02 +3.856664104e-02 +3.721856664e+01 +3.721856664e+01 -3.9205e+00 +2.0629e+00
1453 +2.186068630e-02 +2.186068630e-02 +3.720186069e+01 +3.720186069e+01 -3.9164e+00 +2.0615e+00
1459 +1.832037502e-02 +1.832037502e-02 +3.719832038e+01 +3.719832038e+01 -3.9117e+00 +2.0615e+00
1478 +1.767495724e-02 +1.767495724e-02 +3.719767496e+01 +3.719767496e+01 -3.9016e+00 +2.0608e+00
1488 +1.504880805e-02 +1.504880805e-02 +3.719504881e+01 +3.719504881e+01 -3.9038e+00 +2.0607e+00
1507 +9.168802914e-03 +9.168802914e-03 +3.718916880e+01 +3.718916880e+01 -3.9065e+00 +2.0606e+00
1508 +8.997759661e-03 +8.997759661e-03 +3.718899776e+01 +3.718899776e+01 -3.9060e+00 +2.0607e+00
1525 +7.568597126e-03 +7.568597126e-03 +3.718756860e+01 +3.718756860e+01 -3.9031e+00 +2.0602e+00
1560 +5.116109328e-03 +5.116109328e-03 +3.718511611e+01 +3.718511611e+01 -3.9027e+00 +2.0603e+00
1582 +1.079812934e-03 +1.079812934e-03 +3.718107981e+01 +3.718107981e+01 -3.8992e+00 +2.0600e+00
1683 +1.046543385e-03 +1.046543385e-03 +3.718104654e+01 +3.718104654e+01 -3.9001e+00 +2.0601e+00
1691 +9.829957169e-04 +9.829957169e-04 +3.718098300e+01 +3.718098300e+01 -3.9000e+00 +2.0601e+00
16905 +2.519167999e-04 +2.519167999e-04 +3.718025192e+01 +3.718025192e+01 -3.8990e+00 +2.0600e+00
16973 +2.498149611e-04 +2.498149611e-04 +3.718024981e+01 +3.718024981e+01 -3.8991e+00 +2.0600e+00
17020 +2.294931713e-04 +2.294931713e-04 +3.718022949e+01 +3.718022949e+01 -3.8990e+00 +2.0600e+00
18162 +3.387261368e-05 +3.387261368e-05 +3.718003387e+01 +3.718003387e+01 -3.8992e+00 +2.0600e+00
29779 +2.995825300e-05 +2.995825300e-05 +3.718002996e+01 +3.718002996e+01 -3.8992e+00 +2.0600e+00
30874 +2.879110178e-05 +2.879110178e-05 +3.718002879e+01 +3.718002879e+01 -3.8992e+00 +2.0600e+00
31028 +2.373600202e-05 +2.373600202e-05 +3.718002374e+01 +3.718002374e+01 -3.8992e+00 +2.0600e+00
31406 +2.191585847e-05 +2.191585847e-05 +3.718002192e+01 +3.718002192e+01 -3.8992e+00 +2.0600e+00
32285 +1.083330893e-06 +1.083330893e-06 +3.718000108e+01 +3.718000108e+01 -3.8992e+00 +2.0600e+00
% function evaluation | noise-free fitness - Fopt (-1.479000000000e+02) | best noise-free fitness - Fopt | measured fitness | best measured fitness | x1 | x2...
1 +1.284153627e+02 +1.284153627e+02 -1.948463728e+01 -1.948463728e+01 +0.0000e+00 +0.0000e+00
472 +1.161077754e+02 +1.161077754e+02 -3.179222458e+01 -3.179222458e+01 -6.5075e-01 -2.4669e+00
476 +7.848848264e+01 +7.848848264e+01 -6.941151736e+01 -6.941151736e+01 +4.2622e-01 -4.7005e+00
523 +7.207599979e+01 +7.207599979e+01 -7.582400021e+01 -7.582400021e+01 +3.8312e-01 -4.9852e+00
531 +6.910826475e+01 +6.910826475e+01 -7.879173525e+01 -7.879173525e+01 +3.8920e-01 -5.0020e+00
549 +5.209373847e+01 +5.209373847e+01 -9.580626153e+01 -9.580626153e+01 +3.9063e-01 -4.1876e+00
580 +3.547362650e+01 +3.547362650e+01 -1.124263735e+02 -1.124263735e+02 +3.3980e-01 -8.9031e-01
588 +6.968722162e+00 +6.968722162e+00 -1.409312778e+02 -1.409312778e+02 +4.6033e-01 -1.9944e+00
696 +5.046523081e+00 +5.046523081e+00 -1.428534769e+02 -1.428534769e+02 +5.5221e-01 -2.3435e+00
716 +4.302380376e+00 +4.302380376e+00 -1.435976196e+02 -1.435976196e+02 +5.6296e-01 -2.1479e+00
779 +4.259868765e+00 +4.259868765e+00 -1.436401312e+02 -1.436401312e+02 +5.4559e-01 -2.2859e+00
805 +4.043081323e+00 +4.043081323e+00 -1.438569187e+02 -1.438569187e+02 +4.7694e-01 -2.1384e+00
842 +3.787261359e+00 +3.787261359e+00 -1.441127386e+02 -1.441127386e+02 +4.7812e-01 -2.1376e+00
917 +3.665675851e+00 +3.665675851e+00 -1.442343241e+02 -1.442343241e+02 +5.1845e-01 -2.1716e+00
988 +3.405987817e+00 +3.405987817e+00 -1.444940122e+02 -1.444940122e+02 +5.0777e-01 -2.1501e+00
1079 +3.338271954e+00 +3.338271954e+00 -1.445617280e+02 -1.445617280e+02 +5.0425e-01 -2.1498e+00
1318 +3.308528786e+00 +3.308528786e+00 -1.445914712e+02 -1.445914712e+02 +5.0240e-01 -2.1470e+00
1412 +3.224361224e+00 +3.224361224e+00 -1.446756388e+02 -1.446756388e+02 +4.9310e-01 -2.1392e+00
1425 +3.145084805e+00 +3.145084805e+00 -1.447549152e+02 -1.447549152e+02 +4.8421e-01 -2.1250e+00
14904 +2.641965008e+00 +2.641965008e+00 -1.452580350e+02 -1.452580350e+02 -4.7839e-01 -8.9452e-01
14912 +1.898711005e+00 +1.898711005e+00 -1.460012890e+02 -1.460012890e+02 -1.2124e+00 -1.3565e-01
14932 +1.356413257e+00 +1.356413257e+00 -1.465435867e+02 -1.465435867e+02 -8.7601e-01 -5.4744e-01
15125 +1.028256790e+00 +1.028256790e+00 -1.468717432e+02 -1.468717432e+02 -1.2378e+00 -2.4756e-01
15681 +9.230445098e-01 +9.230445098e-01 -1.469769555e+02 -1.469769555e+02 -1.3413e+00 -1.0224e-01
21876 +7.487238018e-01 +7.487238018e-01 -1.471512762e+02 -1.471512762e+02 -1.1040e+00 -3.0321e-01
73134 +7.388375054e-01 +7.388375054e-01 -1.471611625e+02 -1.471611625e+02 -1.9809e+00 +4.6535e-01
73440 +4.219010901e-01 +4.219010901e-01 -1.474780989e+02 -1.474780989e+02 -1.7551e+00 +2.0527e-01
74416 +7.750941471e-02 +7.750941471e-02 -1.478224906e+02 -1.478224906e+02 -1.6512e+00 +1.2130e-01
% function evaluation | noise-free fitness - Fopt (-6.080000000000e+00) | best noise-free fitness - Fopt | measured fitness | best measured fitness | x1 | x2...
1 +1.108816592e+02 +1.108816592e+02 +1.048016592e+02 +1.048016592e+02 +0.0000e+00 +0.0000e+00
842 +5.404142468e+01 +5.404142468e+01 +4.796142468e+01 +4.796142468e+01 -3.0831e+00 +3.3282e+00
863 +4.145339130e+01 +4.145339130e+01 +3.537339130e+01 +3.537339130e+01 +1.4076e-01 +7.6379e-01
878 +3.597491683e+01 +3.597491683e+01 +2.989491683e+01 +2.989491683e+01 +9.0737e-02 +1.1333e+00
894 +3.301245624e+01 +3.301245624e+01 +2.693245624e+01 +2.693245624e+01 +3.6077e-01 +9.3963e-01
911 +1.255604725e+01 +1.255604725e+01 +6.476047255e+00 +6.476047255e+00 -9.9846e-02 +2.3655e+00
943 +7.320092315e+00 +7.320092315e+00 +1.240092315e+00 +1.240092315e+00 +1.5056e-01 +1.8529e+00
961 +3.284199493e+00 +3.284199493e+00 -2.795800507e+00 -2.795800507e+00 +3.4197e-01 +1.9372e+00
1004 +1.539830189e+00 +1.539830189e+00 -4.540169811e+00 -4.540169811e+00 +1.6945e-01 +2.0086e+00
1009 +2.618900468e-01 +2.618900468e-01 -5.818109953e+00 -5.818109953e+00 +6.8907e-01 +2.0585e+00
1114 +2.431912064e-01 +2.431912064e-01 -5.836808794e+00 -5.836808794e+00 +7.7486e-01 +2.0504e+00
1145 +2.060964773e-01 +2.060964773e-01 -5.873903523e+00 -5.873903523e+00 +5.1161e-01 +2.0513e+00
1209 +1.928859869e-01 +1.928859869e-01 -5.887114013e+00 -5.887114013e+00 +7.6414e-01 +2.0542e+00
1236 +1.674538876e-01 +1.674538876e-01 -5.912546112e+00 -5.912546112e+00 +8.3420e-01 +2.0558e+00
1239 +7.341359338e-02 +7.341359338e-02 -6.006586407e+00 -6.006586407e+00 +6.8653e-01 +2.0634e+00
1423 +3.736984088e-02 +3.736984088e-02 -6.042630159e+00 -6.042630159e+00 +6.2067e-01 +2.0665e+00
1526 +3.206260623e-02 +3.206260623e-02 -6.047937394e+00 -6.047937394e+00 +6.6446e-01 +2.0654e+00
1562 +2.849268721e-02 +2.849268721e-02 -6.051507313e+00 -6.051507313e+00 +6.5209e-01 +2.0670e+00
7925 +1.279230760e-02 +1.279230760e-02 -6.067207692e+00 -6.067207692e+00 +6.2591e-01 +2.0666e+00
8156 +1.097749768e-02 +1.097749768e-02 -6.069022502e+00 -6.069022502e+00 +6.3084e-01 +2.0668e+00
8232 +3.100308697e-03 +3.100308697e-03 -6.076899691e+00 -6.076899691e+00 +6.2903e-01 +2.0669e+00
8344 +3.024201164e-03 +3.024201164e-03 -6.076975799e+00 -6.076975799e+00 +6.2916e-01 +2.0669e+00
8379 +9.853157466e-04 +9.853157466e-04 -6.079014684e+00 -6.079014684e+00 +6.3175e-01 +2.0671e+00
9234 +3.718104546e-04 +3.718104546e-04 -6.079628190e+00 -6.079628190e+00 +6.3197e-01 +2.0672e+00
9824 +2.294869126e-04 +2.294869126e-04 -6.079770513e+00 -6.079770513e+00 +6.3181e-01 +2.0672e+00
25274 +1.576192871e-04 +1.576192871e-04 -6.079842381e+00 -6.079842381e+00 +6.3204e-01 +2.0672e+00
25365 +1.203131284e-04 +1.203131284e-04 -6.079879687e+00 -6.079879687e+00 +6.3206e-01 +2.0672e+00
25626 +7.511032014e-05 +7.511032014e-05 -6.079924890e+00 -6.079924890e+00 +6.3195e-01 +2.0672e+00
25676 +6.612546030e-05 +6.612546030e-05 -6.079933875e+00 -6.079933875e+00 +6.3199e-01 +2.0672e+00
25690 +6.518525953e-05 +6.518525953e-05 -6.079934815e+00 -6.079934815e+00 +6.3197e-01 +2.0672e+00
25746 +3.028833770e-05 +3.028833770e-05 -6.079969712e+00 -6.079969712e+00 +6.3199e-01 +2.0672e+00
25748 +2.878339251e-05 +2.878339251e-05 -6.079971217e+00 -6.079971217e+00 +6.3199e-01 +2.0672e+00
26149 +5.974141167e-06 +5.974141167e-06 -6.079994026e+00 -6.079994026e+00 +6.3200e-01 +2.0672e+00
27850 +3.125373073e-06 +3.125373073e-06 -6.079996875e+00 -6.079996875e+00 +6.3200e-01 +2.0672e+00
28316 +2.389117736e-06 +2.389117736e-06 -6.079997611e+00 -6.079997611e+00 +6.3200e-01 +2.0672e+00
28620 +1.719693969e-06 +1.719693969e-06 -6.079998280e+00 -6.079998280e+00 +6.3200e-01 +2.0672e+00
28684 +1.381171542e-06 +1.381171542e-06 -6.079998619e+00 -6.079998619e+00 +6.3200e-01 +2.0672e+00
28733 +1.246117189e-06 +1.246117189e-06 -6.079998754e+00 -6.079998754e+00 +6.3200e-01 +2.0672e+00
28749 +6.062986539e-07 +6.062986539e-07 -6.079999394e+00 -6.079999394e+00 +6.3200e-01 +2.0672e+00
28788 +5.402116097e-07 +5.402116097e-07 -6.079999460e+00 -6.079999460e+00 +6.3200e-01 +2.0672e+00
29006 +5.281423645e-07 +5.281423645e-07 -6.079999472e+00 -6.079999472e+00 +6.3200e-01 +2.0672e+00
29050 +5.242270902e-07 +5.242270902e-07 -6.079999476e+00 -6.079999476e+00 +6.3200e-01 +2.0672e+00
29104 +2.685611191e-07 +2.685611191e-07 -6.079999731e+00 -6.079999731e+00 +6.3200e-01 +2.0672e+00
29724 +2.166652973e-07 +2.166652973e-07 -6.079999783e+00 -6.079999783e+00 +6.3200e-01 +2.0672e+00
30281 +2.133910364e-07 +2.133910364e-07 -6.079999787e+00 -6.079999787e+00 +6.3200e-01 +2.0672e+00
30404 +2.046128440e-07 +2.046128440e-07 -6.079999795e+00 -6.079999795e+00 +6.3200e-01 +2.0672e+00
30411 +1.793456326e-07 +1.793456326e-07 -6.079999821e+00 -6.079999821e+00 +6.3200e-01 +2.0672e+00
30515 +1.713504894e-07 +1.713504894e-07 -6.079999829e+00 -6.079999829e+00 +6.3200e-01 +2.0672e+00
30588 +1.566979586e-07 +1.566979586e-07 -6.079999843e+00 -6.079999843e+00 +6.3200e-01 +2.0672e+00
30599 +1.397870255e-07 +1.397870255e-07 -6.079999860e+00 -6.079999860e+00 +6.3200e-01 +2.0672e+00
30600 +1.281031441e-07 +1.281031441e-07 -6.079999872e+00 -6.079999872e+00 +6.3200e-01 +2.0672e+00
30944 +1.187501031e-07 +1.187501031e-07 -6.079999881e+00 -6.079999881e+00 +6.3200e-01 +2.0672e+00
30963 +4.802077846e-08 +4.802077846e-08 -6.079999952e+00 -6.079999952e+00 +6.3200e-01 +2.0672e+00
31333 +9.139196067e-09 +9.139196067e-09 -6.079999991e+00 -6.079999991e+00 +6.3200e-01 +2.0672e+00
% function evaluation | noise-free fitness - Fopt (2.431100000000e+02) | best noise-free fitness - Fopt | measured fitness | best measured fitness | x1 | x2...
1 +1.270339719e+01 +1.270339719e+01 +2.558133972e+02 +2.558133972e+02 +0.0000e+00 +0.0000e+00
92 +1.388889018e+00 +1.388889018e+00 +2.444988890e+02 +2.444988890e+02 -4.3858e+00 -1.7087e+00
139 +1.272880755e+00 +1.272880755e+00 +2.443828808e+02 +2.443828808e+02 -4.4194e+00 -1.7615e+00
178 +8.073852206e-01 +8.073852206e-01 +2.439173852e+02 +2.439173852e+02 -4.4222e+00 -1.7309e+00
191 +7.456458301e-01 +7.456458301e-01 +2.438556458e+02 +2.438556458e+02 -4.4225e+00 -1.7337e+00
30887 +5.200022969e-01 +5.200022969e-01 +2.436300023e+02 +2.436300023e+02 -4.1140e+00 -1.6014e+00
48312 +3.650956016e-01 +3.650956016e-01 +2.434750956e+02 +2.434750956e+02 -3.4434e+00 -1.3176e+00
48572 +3.092511013e-01 +3.092511013e-01 +2.434192511e+02 +2.434192511e+02 -3.5605e+00 -1.3699e+00
50337 +2.948335283e-01 +2.948335283e-01 +2.434048335e+02 +2.434048335e+02 -3.9636e+00 -1.5285e+00
% function evaluation | noise-free fitness - Fopt (-1.436200000000e+02) | best noise-free fitness - Fopt | measured fitness | best measured fitness | x1 | x2...
1 +2.616430789e+02 +2.616430789e+02 +1.180230789e+02 +1.180230789e+02 +0.0000e+00 +0.0000e+00
2 +1.532731944e+02 +1.532731944e+02 +9.653194382e+00 +9.653194382e+00 -4.3874e+00 +4.2338e+00
13 +1.232032253e+02 +1.232032253e+02 -2.041677467e+01 -2.041677467e+01 -4.3729e+00 +4.2325e+00
15 +8.411167983e+01 +8.411167983e+01 -5.950832017e+01 -5.950832017e+01 -4.3418e+00 +4.2332e+00
23 +6.975078157e+01 +6.975078157e+01 -7.386921843e+01 -7.386921843e+01 -4.2571e+00 +4.2342e+00
27 +6.743320741e+01 +6.743320741e+01 -7.618679259e+01 -7.618679259e+01 -4.2635e+00 +4.2332e+00
28 +6.036021698e+01 +6.036021698e+01 -8.325978302e+01 -8.325978302e+01 -4.3070e+00 +4.2316e+00
29 +5.927709375e+01 +5.927709375e+01 -8.434290625e+01 -8.434290625e+01 -4.2951e+00 +4.2332e+00
43 +3.353080267e+01 +3.353080267e+01 -1.100891973e+02 -1.100891973e+02 -3.0862e+00 +4.2322e+00
58 +2.322867428e+01 +2.322867428e+01 -1.203913257e+02 -1.203913257e+02 -2.1734e+00 +4.2326e+00
68 +3.500084071e+00 +3.500084071e+00 -1.401199159e+02 -1.401199159e+02 -9.4777e-01 +4.2326e+00
86 +3.028011647e+00 +3.028011647e+00 -1.405919884e+02 -1.405919884e+02 -1.0009e+00 +4.2328e+00
92 +2.010000147e+00 +2.010000147e+00 -1.416099999e+02 -1.416099999e+02 -1.1526e+00 +4.2336e+00
106 +1.874183352e+00 +1.874183352e+00 -1.417458166e+02 -1.417458166e+02 -1.0828e+00 +4.2332e+00
144 +1.855458859e+00 +1.855458859e+00 -1.417645411e+02 -1.417645411e+02 -1.1633e+00 +4.2335e+00
4407 +1.560473072e+00 +1.560473072e+00 -1.420595269e+02 -1.420595269e+02 -3.8701e+00 +2.6527e+00
4939 +1.213108373e+00 +1.213108373e+00 -1.424068916e+02 -1.424068916e+02 -3.1998e+00 +3.0310e+00
18158 +5.782903064e-01 +5.782903064e-01 -1.430417097e+02 -1.430417097e+02 -2.9034e+00 +3.1530e+00
26679 +5.477878741e-01 +5.477878741e-01 -1.430722121e+02 -1.430722121e+02 -3.1126e+00 +3.0455e+00
27495 +3.467675443e-01 +3.467675443e-01 -1.432732325e+02 -1.432732325e+02 -2.8570e+00 +3.1870e+00
50587 +1.329299682e-01 +1.329299682e-01 -1.434870700e+02 -1.434870700e+02 -2.6188e+00 +3.3098e+00
50860 +1.203774446e-01 +1.203774446e-01 -1.434996226e+02 -1.434996226e+02 -2.5668e+00 +3.3428e+00
51452 +6.120689922e-02 +6.120689922e-02 -1.435587931e+02 -1.435587931e+02 -2.6351e+00 +3.3039e+00
76089 +3.455943595e-02 +3.455943595e-02 -1.435854406e+02 -1.435854406e+02 -2.6553e+00 +3.2914e+00
% function evaluation | noise-free fitness - Fopt (4.290000000000e+01) | best noise-free fitness - Fopt | measured fitness | best measured fitness | x1 | x2...
1 +7.022753736e+00 +7.022753736e+00 +4.992275374e+01 +4.992275374e+01 +0.0000e+00 +0.0000e+00
825 +6.356935350e+00 +6.356935350e+00 +4.925693535e+01 +4.925693535e+01 +1.0994e+00 -2.2103e+00
838 +6.246285287e+00 +6.246285287e+00 +4.914628529e+01 +4.914628529e+01 +3.7220e-01 -4.1244e-01
872 +5.072862866e+00 +5.072862866e+00 +4.797286287e+01 +4.797286287e+01 +5.9615e-01 -1.4971e+00
939 +4.107529368e+00 +4.107529368e+00 +4.700752937e+01 +4.700752937e+01 +6.4080e-01 -1.7011e+00
940 +3.046071863e+00 +3.046071863e+00 +4.594607186e+01 +4.594607186e+01 +7.1192e-01 -1.7039e+00
966 +2.469195218e+00 +2.469195218e+00 +4.536919522e+01 +4.536919522e+01 +4.4068e-01 -1.0658e+00
976 +2.322684025e+00 +2.322684025e+00 +4.522268403e+01 +4.522268403e+01 +4.1233e-01 -1.0933e+00
1016 +2.127440054e+00 +2.127440054e+00 +4.502744005e+01 +4.502744005e+01 +4.1728e-01 -1.2225e+00
1041 +1.982076975e+00 +1.982076975e+00 +4.488207698e+01 +4.488207698e+01 +3.4919e-01 -8.8788e-01
1042 +1.606012701e+00 +1.606012701e+00 +4.450601270e+01 +4.450601270e+01 +3.4241e-01 -8.6717e-01
1072 +1.069569027e+00 +1.069569027e+00 +4.396956903e+01 +4.396956903e+01 +2.7535e-01 -7.8149e-01
1208 +8.869570847e-01 +8.869570847e-01 +4.378695708e+01 +4.378695708e+01 +2.5044e-01 -6.1303e-01
1391 +8.370189594e-01 +8.370189594e-01 +4.373701896e+01 +4.373701896e+01 +2.4546e-01 -6.3469e-01
1494 +7.654102899e-01 +7.654102899e-01 +4.366541029e+01 +4.366541029e+01 +2.3771e-01 -6.1217e-01
1512 +7.574517163e-01 +7.574517163e-01 +4.365745172e+01 +4.365745172e+01 +2.4014e-01 -5.5569e-01
18988 +6.675170056e-01 +6.675170056e-01 +4.356751701e+01 +4.356751701e+01 +7.8567e-02 +7.3488e-01
19347 +5.264625595e-01 +5.264625595e-01 +4.342646256e+01 +4.342646256e+01 +8.1043e-02 +7.1218e-01
19632 +4.659534680e-01 +4.659534680e-01 +4.336595347e+01 +4.336595347e+01 +1.5586e-01 +2.9728e-01
19746 +3.679647008e-01 +3.679647008e-01 +4.326796470e+01 +4.326796470e+01 +1.2304e-01 +5.0723e-01
19759 +2.749733064e-01 +2.749733064e-01 +4.317497331e+01 +4.317497331e+01 +1.5687e-01 +2.3196e-01
20138 +2.492205029e-01 +2.492205029e-01 +4.314922050e+01 +4.314922050e+01 +1.3974e-01 +3.9947e-01
20469 +2.433589409e-01 +2.433589409e-01 +4.314335894e+01 +4.314335894e+01 +1.2950e-01 +4.2305e-01
20892 +1.646121373e-01 +1.646121373e-01 +4.306461214e+01 +4.306461214e+01 +1.4481e-01 +3.3108e-01
21001 +1.589505856e-01 +1.589505856e-01 +4.305895059e+01 +4.305895059e+01 +1.4352e-01 +3.5162e-01
21093 +1.573084610e-01 +1.573084610e-01 +4.305730846e+01 +4.305730846e+01 +1.5134e-01 +3.2470e-01
21131 +1.307789338e-01 +1.307789338e-01 +4.303077893e+01 +4.303077893e+01 +1.5381e-01 +2.9688e-01
21165 +1.196552369e-01 +1.196552369e-01 +4.301965524e+01 +4.301965524e+01 +1.5294e-01 +2.9520e-01
21309 +1.141009345e-01 +1.141009345e-01 +4.301410093e+01 +4.301410093e+01 +1.5391e-01 +2.9557e-01
21476 +9.933427073e-02 +9.933427073e-02 +4.299933427e+01 +4.299933427e+01 +1.5412e-01 +2.9316e-01
38697 +7.195429953e-02 +7.195429953e-02 +4.297195430e+01 +4.297195430e+01 +1.7192e-01 +1.7188e-01
38829 +3.197246700e-02 +3.197246700e-02 +4.293197247e+01 +4.293197247e+01 +1.7125e-01 +1.5660e-01
39232 +1.902592504e-02 +1.902592504e-02 +4.291902593e+01 +4.291902593e+01 +1.7151e-01 +1.8812e-01
39343 +9.553389259e-03 +9.553389259e-03 +4.290955339e+01 +4.290955339e+01 +1.7101e-01 +1.8877e-01
39494 +7.548809047e-03 +7.548809047e-03 +4.290754881e+01 +4.290754881e+01 +1.7042e-01 +1.9342e-01
40040 +3.462399146e-03 +3.462399146e-03 +4.290346240e+01 +4.290346240e+01 +1.7017e-01 +1.9722e-01
40954 +1.260952216e-03 +1.260952216e-03 +4.290126095e+01 +4.290126095e+01 +1.7036e-01 +1.9640e-01
41494 +1.007816381e-03 +1.007816381e-03 +4.290100782e+01 +4.290100782e+01 +1.7026e-01 +1.9675e-01
41806 +2.807888552e-04 +2.807888552e-04 +4.290028079e+01 +4.290028079e+01 +1.7041e-01 +1.9590e-01
% function evaluation | noise-free fitness - Fopt (6.286500000000e+02) | best noise-free fitness - Fopt | measured fitness | best measured fitness | x1 | x2...
1 +1.260011294e+02 +1.260011294e+02 +7.546511294e+02 +7.546511294e+02 +0.0000e+00 +0.0000e+00
13 +8.942357715e+01 +8.942357715e+01 +7.180735772e+02 +7.180735772e+02 +5.8540e-01 +5.2158e-01
35 +5.888390985e+01 +5.888390985e+01 +6.875339099e+02 +6.875339099e+02 -7.0625e-01 +5.2016e-01
120 +5.646156190e+01 +5.646156190e+01 +6.851115619e+02 +6.851115619e+02 -1.1634e+00 +6.3930e-01
141 +5.422905467e+01 +5.422905467e+01 +6.828790547e+02 +6.828790547e+02 -6.4786e-01 +6.5506e-01
147 +3.912339200e+01 +3.912339200e+01 +6.677733920e+02 +6.677733920e+02 -2.8495e+00 +6.5490e-01
155 +3.203848716e+00 +3.203848716e+00 +6.318538487e+02 +6.318538487e+02 -2.5829e+00 +6.5987e-01
157 +2.053132304e+00 +2.053132304e+00 +6.307031323e+02 +6.307031323e+02 -2.4460e+00 +6.5142e-01
199 +1.643874717e+00 +1.643874717e+00 +6.302938747e+02 +6.302938747e+02 -2.5084e+00 +6.4390e-01
202 +1.251335734e+00 +1.251335734e+00 +6.299013357e+02 +6.299013357e+02 -2.4715e+00 +6.4274e-01
203 +8.275115589e-01 +8.275115589e-01 +6.294775116e+02 +6.294775116e+02 -2.4799e+00 +6.4395e-01
214 +7.802939072e-01 +7.802939072e-01 +6.294302939e+02 +6.294302939e+02 -2.5071e+00 +6.4122e-01
219 +4.768947576e-01 +4.768947576e-01 +6.291268948e+02 +6.291268948e+02 -2.4732e+00 +6.4247e-01
281 +3.760355943e-01 +3.760355943e-01 +6.290260356e+02 +6.290260356e+02 -2.4419e+00 +7.1748e-01
425 +3.648757749e-01 +3.648757749e-01 +6.290148758e+02 +6.290148758e+02 -2.4640e+00 +6.6464e-01
444 +3.630097179e-01 +3.630097179e-01 +6.290130097e+02 +6.290130097e+02 -2.4733e+00 +6.7475e-01
504 +2.851545414e-01 +2.851545414e-01 +6.289351545e+02 +6.289351545e+02 -2.4935e+00 +6.1501e-01
521 +2.432099923e-01 +2.432099923e-01 +6.288932100e+02 +6.288932100e+02 -2.4953e+00 +6.1522e-01
67590 +1.709045019e-01 +1.709045019e-01 +6.288209045e+02 +6.288209045e+02 -2.5627e+00 +4.7627e-01
68131 +8.623811999e-02 +8.623811999e-02 +6.287362381e+02 +6.287362381e+02 -2.6297e+00 +3.5669e-01
% function evaluation | noise-free fitness - Fopt (-7.163000000000e+01) | best noise-free fitness - Fopt | measured fitness | best measured fitness | x1 | x2...
1 +3.502654145e+02 +3.502654145e+02 +2.786354145e+02 +2.786354145e+02 +0.0000e+00 +0.0000e+00
2 +2.625546585e+02 +2.625546585e+02 +1.909246585e+02 +1.909246585e+02 -1.3290e+00 +1.9965e+00
3 +2.566218519e+02 +2.566218519e+02 +1.849918519e+02 +1.849918519e+02 -1.3315e+00 +1.9999e+00
6 +2.382568560e+02 +2.382568560e+02 +1.666268560e+02 +1.666268560e+02 -1.3592e+00 +2.0012e+00
13 +2.264018951e+02 +2.264018951e+02 +1.547718951e+02 +1.547718951e+02 -1.3847e+00 +2.0003e+00
26 +2.232954494e+02 +2.232954494e+02 +1.516654494e+02 +1.516654494e+02 -1.3895e+00 +2.0017e+00
27 +2.149071166e+02 +2.149071166e+02 +1.432771166e+02 +1.432771166e+02 -1.3667e+00 +2.0271e+00
31 +2.017192294e+02 +2.017192294e+02 +1.300892294e+02 +1.300892294e+02 -1.4896e+00 +2.0069e+00
44 +1.864628826e+02 +1.864628826e+02 +1.148328826e+02 +1.148328826e+02 -1.3917e-01 +2.0294e+00
63 +1.050989089e+02 +1.050989089e+02 +3.346890894e+01 +3.346890894e+01 +4.8363e+00 +1.4282e+00
72 +8.894204978e+01 +8.894204978e+01 +1.731204978e+01 +1.731204978e+01 +4.2517e+00 +1.4389e+00
91 +2.109273186e+01 +2.109273186e+01 -5.053726814e+01 -5.053726814e+01 +4.3057e+00 +9.6712e-01
106 +2.074325467e+01 +2.074325467e+01 -5.088674533e+01 -5.088674533e+01 +4.3364e+00 +1.1006e+00
111 +1.230710600e+01 +1.230710600e+01 -5.932289400e+01 -5.932289400e+01 +4.4974e+00 +8.5524e-01
118 +9.565838979e+00 +9.565838979e+00 -6.206416102e+01 -6.206416102e+01 +4.2279e+00 -9.5049e-02
906 +7.004954019e+00 +7.004954019e+00 -6.462504598e+01 -6.462504598e+01 +1.4597e+00 -3.5014e+00
967 +5.785174401e+00 +5.785174401e+00 -6.584482560e+01 -6.584482560e+01 +6.6432e-01 -3.9244e+00
970 +4.009534088e+00 +4.009534088e+00 -6.762046591e+01 -6.762046591e+01 +6.1569e-01 -4.1522e+00
1003 +3.319240119e+00 +3.319240119e+00 -6.831075988e+01 -6.831075988e+01 +1.5326e+00 -3.7229e+00
1012 +2.761377182e+00 +2.761377182e+00 -6.886862282e+01 -6.886862282e+01 +2.0994e+00 -3.4143e+00
1068 +1.867884851e+00 +1.867884851e+00 -6.976211515e+01 -6.976211515e+01 +1.9874e+00 -3.3175e+00
1108 +1.060960380e+00 +1.060960380e+00 -7.056903962e+01 -7.056903962e+01 +1.6355e+00 -3.5911e+00
1112 +1.003808733e+00 +1.003808733e+00 -7.062619127e+01 -7.062619127e+01 +1.7129e+00 -3.5279e+00
1115 +3.997676961e-01 +3.997676961e-01 -7.123023230e+01 -7.123023230e+01 +1.6826e+00 -3.5144e+00
1204 +3.022465500e-01 +3.022465500e-01 -7.132775345e+01 -7.132775345e+01 +1.7309e+00 -3.4978e+00
1230 +9.799959078e-02 +9.799959078e-02 -7.153200041e+01 -7.153200041e+01 +1.6773e+00 -3.5304e+00
1335 +7.778392771e-02 +7.778392771e-02 -7.155221607e+01 -7.155221607e+01 +1.7300e+00 -3.5012e+00
1344 +7.425479416e-02 +7.425479416e-02 -7.155574521e+01 -7.155574521e+01 +1.7255e+00 -3.5046e+00
1392 +4.630423025e-02 +4.630423025e-02 -7.158369577e+01 -7.158369577e+01 +1.7366e+00 -3.4979e+00
% function evaluation | noise-free fitness - Fopt (1.976000000000e+01) | best noise-free fitness - Fopt | measured fitness | best measured fitness | x1 | x2...
1 +1.025653552e+02 +1.025653552e+02 +1.223253552e+02 +1.223253552e+02 +0.0000e+00 +0.0000e+00
563 +3.735854709e+01 +3.735854709e+01 +5.711854709e+01 +5.711854709e+01 -7.0839e-01 -2.5146e+00
564 +3.613955198e+01 +3.613955198e+01 +5.589955198e+01 +5.589955198e+01 -7.0934e-01 -2.5166e+00
565 +3.133556970e+01 +3.133556970e+01 +5.109556970e+01 +5.109556970e+01 -7.0600e-01 -2.5181e+00
566 +2.898272685e+01 +2.898272685e+01 +4.874272685e+01 +4.874272685e+01 -7.0799e-01 -2.5225e+00
570 +2.496275898e+01 +2.496275898e+01 +4.472275898e+01 +4.472275898e+01 -6.9762e-01 -2.5173e+00
576 +2.130824088e+01 +2.130824088e+01 +4.106824088e+01 +4.106824088e+01 -6.9136e-01 -2.5168e+00
578 +1.959751942e+01 +1.959751942e+01 +3.935751942e+01 +3.935751942e+01 -6.8753e-01 -2.5165e+00
581 +1.746423591e+01 +1.746423591e+01 +3.722423591e+01 +3.722423591e+01 -6.8207e-01 -2.5179e+00
600 +1.693996543e+01 +1.693996543e+01 +3.669996543e+01 +3.669996543e+01 -6.7751e-01 -2.5172e+00
2097 +1.536433337e+01 +1.536433337e+01 +3.512433337e+01 +3.512433337e+01 -3.6794e+00 -4.4386e+00
2123 +1.116372495e+01 +1.116372495e+01 +3.092372495e+01 +3.092372495e+01 -3.1228e+00 -4.4337e+00
2128 +1.018544129e+01 +1.018544129e+01 +2.994544129e+01 +2.994544129e+01 -3.1574e+00 -4.4396e+00
2166 +9.558488934e+00 +9.558488934e+00 +2.931848893e+01 +2.931848893e+01 -3.5027e+00 -4.4001e+00
40117 +4.819971273e+00 +4.819971273e+00 +2.457997127e+01 +2.457997127e+01 +4.8379e+00 +3.7830e+00
40225 +4.175549700e+00 +4.175549700e+00 +2.393554970e+01 +2.393554970e+01 +4.3489e+00 +3.2119e+00
40267 +1.883038702e+00 +1.883038702e+00 +2.164303870e+01 +2.164303870e+01 +2.8045e+00 +1.6428e+00
40478 +1.848652427e+00 +1.848652427e+00 +2.160865243e+01 +2.160865243e+01 +4.0590e+00 +2.7474e+00
56226 +1.406231780e+00 +1.406231780e+00 +2.116623178e+01 +2.116623178e+01 +2.7698e+00 +1.4918e+00
56255 +3.740482663e-01 +3.740482663e-01 +2.013404827e+01 +2.013404827e+01 +2.4569e+00 +1.2679e+00
56731 +1.848120545e-01 +1.848120545e-01 +1.994481205e+01 +1.994481205e+01 +2.7487e+00 +1.5557e+00
74848 +1.013913982e-01 +1.013913982e-01 +1.986139140e+01 +1.986139140e+01 +2.6593e+00 +1.4688e+00
75422 +5.783961480e-02 +5.783961480e-02 +1.981783961e+01 +1.981783961e+01 +2.7125e+00 +1.5166e+00
75489 +5.173066563e-02 +5.173066563e-02 +1.981173067e+01 +1.981173067e+01 +2.7226e+00 +1.5269e+00
75619 +2.477304407e-03 +2.477304407e-03 +1.976247730e+01 +1.976247730e+01 +2.7186e+00 +1.5249e+00
77297 +2.409425672e-03 +2.409425672e-03 +1.976240943e+01 +1.976240943e+01 +2.7193e+00 +1.5257e+00
78729 +1.238059296e-03 +1.238059296e-03 +1.976123806e+01 +1.976123806e+01 +2.7197e+00 +1.5260e+00
% function evaluation | noise-free fitness - Fopt (6.100000000000e-01) | best noise-free fitness - Fopt | measured fitness | best measured fitness | x1 | x2...
1 +4.682385345e+02 +4.682385345e+02 +4.688485345e+02 +4.688485345e+02 +0.0000e+00 +0.0000e+00
2 +1.512543465e+02 +1.512543465e+02 +1.518643465e+02 +1.518643465e+02 +3.9335e+00 +3.3196e+00
4 +1.008662865e+02 +1.008662865e+02 +1.014762865e+02 +1.014762865e+02 +3.9922e+00 +3.3317e+00
729 +7.812557795e+01 +7.812557795e+01 +7.873557795e+01 +7.873557795e+01 -2.9595e+00 +3.8507e+00
774 +6.718754578e+01 +6.718754578e+01 +6.779754578e+01 +6.779754578e+01 -2.9635e+00 +4.7295e+00
886 +6.451236364e+01 +6.451236364e+01 +6.512236364e+01 +6.512236364e+01 -2.9891e+00 +4.7654e+00
932 +6.198024334e+01 +6.198024334e+01 +6.259024334e+01 +6.259024334e+01 -2.9622e+00 +4.6518e+00
948 +5.961363854e+01 +5.961363854e+01 +6.022363854e+01 +6.022363854e+01 -2.9537e+00 +4.6754e+00
957 +5.540025859e+01 +5.540025859e+01 +5.601025859e+01 +5.601025859e+01 -2.9519e+00 +5.2786e+00
995 +5.029325893e+01 +5.029325893e+01 +5.090325893e+01 +5.090325893e+01 -2.7764e+00 +6.4357e+00
1016 +4.528353620e+01 +4.528353620e+01 +4.589353620e+01 +4.589353620e+01 -2.6300e+00 +5.2156e+00
1083 +3.839529405e+01 +3.839529405e+01 +3.900529405e+01 +3.900529405e+01 -2.1353e+00 +6.0551e+00
1096 +2.511935768e+01 +2.511935768e+01 +2.572935768e+01 +2.572935768e+01 +3.1906e-01 +4.3449e+00
1108 +2.156133537e+01 +2.156133537e+01 +2.217133537e+01 +2.217133537e+01 -1.7731e+00 +5.3211e+00
1147 +1.724055612e+01 +1.724055612e+01 +1.785055612e+01 +1.785055612e+01 -1.0457e+00 +5.6287e+00
1150 +1.587617877e+01 +1.587617877e+01 +1.648617877e+01 +1.648617877e+01 -1.1692e+00 +5.4328e+00
1194 +4.432213063e+00 +4.432213063e+00 +5.042213063e+00 +5.042213063e+00 -4.3566e-01 +4.2724e+00
4080 +4.360826868e+00 +4.360826868e+00 +4.970826868e+00 +4.970826868e+00 -1.0053e+00 +5.1882e+00
6039 +4.264405433e+00 +4.264405433e+00 +4.874405433e+00 +4.874405433e+00 -9.9150e-01 +5.1631e+00
8852 +4.167959047e+00 +4.167959047e+00 +4.777959047e+00 +4.777959047e+00 -9.7408e-01 +5.1309e+00
12864 +4.073508109e+00 +4.073508109e+00 +4.683508109e+00 +4.683508109e+00 -9.4872e-01 +5.0852e+00
% function evaluation | noise-free fitness - Fopt (-8.634400000000e+02) | best noise-free fitness - Fopt | measured fitness | best measured fitness | x1 | x2...
1 +3.697380330e+02 +3.697380330e+02 -4.937019670e+02 -4.937019670e+02 +0.0000e+00 +0.0000e+00
2 +2.698353530e+02 +2.698353530e+02 -5.936046470e+02 -5.936046470e+02 +1.2803e+00 +1.1015e+00
3 +2.612587148e+02 +2.612587148e+02 -6.021812852e+02 -6.021812852e+02 +1.2811e+00 +1.0898e+00
6 +2.500307173e+02 +2.500307173e+02 -6.134092827e+02 -6.134092827e+02 +1.2889e+00 +1.1006e+00
7 +2.395871582e+02 +2.395871582e+02 -6.238528418e+02 -6.238528418e+02 +1.2830e+00 +1.0583e+00
14 +1.987703434e+02 +1.987703434e+02 -6.646696566e+02 -6.646696566e+02 +1.3096e+00 +1.0797e+00
23 +1.720283654e+02 +1.720283654e+02 -6.914116346e+02 -6.914116346e+02 +1.3257e+00 +1.0748e+00
28 +1.576572647e+02 +1.576572647e+02 -7.057827353e+02 -7.057827353e+02 +1.3370e+00 +1.0740e+00
32 +1.489624725e+02 +1.489624725e+02 -7.144775275e+02 -7.144775275e+02 +1.3436e+00 +1.0667e+00
42 +1.349460536e+02 +1.349460536e+02 -7.284939464e+02 -7.284939464e+02 +1.3636e+00 +1.0706e+00
43 +7.929721529e+01 +7.929721529e+01 -7.841427847e+02 -7.841427847e+02 -1.5855e+00 +1.0686e+00
54 +6.435751048e+01 +6.435751048e+01 -7.990824895e+02 -7.990824895e+02 -8.3475e-01 +1.0872e+00
55 +5.511227563e+01 +5.511227563e+01 -8.083277244e+02 -8.083277244e+02 -1.3105e+00 +1.0890e+00
60 +6.890440997e+00 +6.890440997e+00 -8.565495590e+02 -8.565495590e+02 -2.6745e+00 +1.0877e+00
129 +4.869366723e+00 +4.869366723e+00 -8.585706333e+02 -8.585706333e+02 -2.8492e+00 +9.5581e-01
187 +4.501587566e+00 +4.501587566e+00 -8.589384124e+02 -8.589384124e+02 -2.7985e+00 +1.0621e+00
192 +3.997802816e+00 +3.997802816e+00 -8.594421972e+02 -8.594421972e+02 -2.8148e+00 +9.9475e-01
998 +2.854674294e+00 +2.854674294e+00 -8.605853257e+02 -8.605853257e+02 -4.2104e+00 -3.9033e+00
1022 +2.708699115e+00 +2.708699115e+00 -8.607313009e+02 -8.607313009e+02 -4.1859e+00 -3.9183e+00
1029 +1.647333352e+00 +1.647333352e+00 -8.617926666e+02 -8.617926666e+02 -4.2253e+00 -4.1289e+00
1473 +1.443639665e+00 +1.443639665e+00 -8.619963603e+02 -8.619963603e+02 -4.2373e+00 -4.2406e+00
1630 +1.398424362e+00 +1.398424362e+00 -8.620415756e+02 -8.620415756e+02 -4.2327e+00 -4.2277e+00
5454 +1.289684866e+00 +1.289684866e+00 -8.621503151e+02 -8.621503151e+02 -4.1589e+00 -3.8704e+00
5486 +1.246648445e+00 +1.246648445e+00 -8.621933516e+02 -8.621933516e+02 -4.0149e+00 -3.3274e+00
5537 +7.580873365e-01 +7.580873365e-01 -8.626819127e+02 -8.626819127e+02 -4.0101e+00 -3.4020e+00
5585 +5.321263547e-01 +5.321263547e-01 -8.629078736e+02 -8.629078736e+02 -3.8694e+00 -3.0634e+00
5691 +3.790178608e-01 +3.790178608e-01 -8.630609821e+02 -8.630609821e+02 -3.8442e+00 -3.0302e+00
62720 +3.151107755e-01 +3.151107755e-01 -8.631248892e+02 -8.631248892e+02 -3.8482e+00 -2.9813e+00
63605 +1.584086775e-01 +1.584086775e-01 -8.632815913e+02 -8.632815913e+02 -3.8055e+00 -2.8900e+00
93229 +2.482989204e-02 +2.482989204e-02 -8.634151701e+02 -8.634151701e+02 -3.7851e+00 -2.8503e+00
94628 +1.744486212e-02 +1.744486212e-02 -8.634225551e+02 -8.634225551e+02 -3.7946e+00 -2.8797e+00
% function evaluation | noise-free fitness - Fopt (1.318500000000e+02) | best noise-free fitness - Fopt | measured fitness | best measured fitness | x1 | x2...
1 +8.340934318e+00 +8.340934318e+00 +1.401909343e+02 +1.401909343e+02 +0.0000e+00 +0.0000e+00
70 +7.949416280e+00 +7.949416280e+00 +1.397994163e+02 +1.397994163e+02 +2.7800e-01 +3.7419e+00
78 +6.120199818e+00 +6.120199818e+00 +1.379701998e+02 +1.379701998e+02 +3.7820e-01 +3.7394e+00
88 +5.666023648e+00 +5.666023648e+00 +1.375160236e+02 +1.375160236e+02 +3.8482e-01 +3.7353e+00
92 +5.179724704e+00 +5.179724704e+00 +1.370297247e+02 +1.370297247e+02 +3.8253e-01 +3.7407e+00
164 +5.122364300e+00 +5.122364300e+00 +1.369723643e+02 +1.369723643e+02 +3.0998e-01 +3.7371e+00
2570 +3.135535087e+00 +3.135535087e+00 +1.349855351e+02 +1.349855351e+02 -4.9495e-01 -1.4882e+00
2583 +2.198544075e+00 +2.198544075e+00 +1.340485441e+02 +1.340485441e+02 -6.3703e-01 -1.6184e+00
2980 +1.857548755e+00 +1.857548755e+00 +1.337075488e+02 +1.337075488e+02 -6.2237e-01 -1.5722e+00
6249 +1.419576271e+00 +1.419576271e+00 +1.332695763e+02 +1.332695763e+02 +4.3036e-01 +1.4522e+00
6438 +1.029158653e+00 +1.029158653e+00 +1.328791587e+02 +1.328791587e+02 +3.7438e-01 +1.0710e+00
6515 +1.007070356e+00 +1.007070356e+00 +1.328570704e+02 +1.328570704e+02 +3.2355e-01 +9.0072e-01
6701 +8.817064692e-01 +8.817064692e-01 +1.327317065e+02 +1.327317065e+02 +3.1298e-01 +9.0692e-01
6719 +7.431102546e-01 +7.431102546e-01 +1.325931103e+02 +1.325931103e+02 +3.0360e-01 +8.7789e-01
24660 +5.312085933e-01 +5.312085933e-01 +1.323812086e+02 +1.323812086e+02 -1.5383e-01 -2.0740e-01
24662 +2.622230398e-01 +2.622230398e-01 +1.321122230e+02 +1.321122230e+02 -2.8547e-02 +1.4393e-01
25473 +1.670488230e-01 +1.670488230e-01 +1.320170488e+02 +1.320170488e+02 -5.2147e-02 +6.5186e-02
42585 +5.147621600e-02 +5.147621600e-02 +1.319014762e+02 +1.319014762e+02 +9.8803e-04 +1.8722e-01
