% function evaluation | noise-free fitness - Fopt (7.135000000000e+001) | best noise-free fitness - Fopt | measured fitness | best measured fitness | x1 | x2...
1 +5.650476606e+001 +5.650476606e+001 +1.278547661e+002 +1.278547661e+002 +0.0000e+000 +0.0000e+000 +0.0000e+000
2 +3.172568473e+001 +3.172568473e+001 +1.030756847e+002 +1.030756847e+002 -4.2523e+000 -3.7803e+000 +5.5587e-001
5 +2.783803912e+001 +2.783803912e+001 +9.918803912e+001 +9.918803912e+001 -4.2571e+000 -3.7559e+000 +6.3024e-001
20 +2.566950520e+001 +2.566950520e+001 +9.701950520e+001 +9.701950520e+001 -4.2118e+000 -3.7730e+000 +7.0056e-001
21 +2.303606885e+001 +2.303606885e+001 +9.438606885e+001 +9.438606885e+001 -4.2334e+000 -3.7700e+000 +4.2718e-001
24 +1.799020178e+001 +1.799020178e+001 +8.934020178e+001 +8.934020178e+001 -4.1723e+000 -3.7733e+000 +5.1882e-001
30 +1.398490475e+001 +1.398490475e+001 +8.533490475e+001 +8.533490475e+001 -4.2560e+000 -3.6866e+000 +6.9015e-001
34 +8.201234406e+000 +8.201234406e+000 +7.955123441e+001 +7.955123441e+001 -4.2179e+000 -3.7379e+000 +2.7053e-001
53 +6.304037843e+000 +6.304037843e+000 +7.765403784e+001 +7.765403784e+001 -4.2136e+000 -3.6786e+000 +3.4376e-001
66 +5.315476349e+000 +5.315476349e+000 +7.666547635e+001 +7.666547635e+001 -4.2020e+000 -3.6969e+000 +3.8028e-001
77 +5.134355987e+000 +5.134355987e+000 +7.648435599e+001 +7.648435599e+001 -4.2010e+000 -3.6996e+000 +3.7657e-001
79 +4.998245266e+000 +4.998245266e+000 +7.634824527e+001 +7.634824527e+001 -4.1992e+000 -3.7033e+000 +3.6814e-001
92 +3.772523477e+000 +3.772523477e+000 +7.512252348e+001 +7.512252348e+001 -4.2049e+000 -3.7025e+000 +3.6262e-001
115 +3.476646216e+000 +3.476646216e+000 +7.482664622e+001 +7.482664622e+001 -4.2051e+000 -3.7015e+000 +3.6102e-001
161 +3.440706755e+000 +3.440706755e+000 +7.479070675e+001 +7.479070675e+001 -4.2049e+000 -3.7020e+000 +3.6054e-001
% function evaluation | noise-free fitness - Fopt (-3.552200000000e+002) | best noise-free fitness - Fopt | measured fitness | best measured fitness | x1 | x2...
1 +1.157138576e+002 +1.157138576e+002 -2.395061424e+002 -2.395061424e+002 +0.0000e+000 +0.0000e+000 +0.0000e+000
35 +8.128601027e+001 +8.128601027e+001 -2.739339897e+002 -2.739339897e+002 -3.9405e+000 -3.5073e+000 +4.3654e+000
44 +2.320352355e+001 +2.320352355e+001 -3.320164765e+002 -3.320164765e+002 -5.0351e+000 -3.5070e+000 +4.5479e+000
81 +1.949039759e+001 +1.949039759e+001 -3.357296024e+002 -3.357296024e+002 -2.8255e+000 -3.5062e+000 +4.1909e+000
109 +1.725391760e+001 +1.725391760e+001 -3.379660824e+002 -3.379660824e+002 -2.8691e+000 -3.5067e+000 +4.2651e+000
120 +1.286798355e+001 +1.286798355e+001 -3.423520165e+002 -3.423520165e+002 -2.8434e+000 -3.5069e+000 +4.3520e+000
139 +9.902468996e+000 +9.902468996e+000 -3.453175310e+002 -3.453175310e+002 -2.8498e+000 -3.5066e+000 +4.4172e+000
229 +8.784909655e+000 +8.784909655e+000 -3.464350903e+002 -3.464350903e+002 -2.8529e+000 -3.5104e+000 +4.3734e+000
262 +8.596955827e+000 +8.596955827e+000 -3.466230442e+002 -3.466230442e+002 -2.8618e+000 -3.5379e+000 +4.4606e+000
267 +8.317728157e+000 +8.317728157e+000 -3.469022718e+002 -3.469022718e+002 -2.8496e+000 -3.5149e+000 +4.4306e+000
289 +7.765660442e+000 +7.765660442e+000 -3.474543396e+002 -3.474543396e+002 -2.8551e+000 -3.5285e+000 +4.4139e+000
317 +6.298495677e+000 +6.298495677e+000 -3.489215043e+002 -3.489215043e+002 -2.8545e+000 -3.5338e+000 +4.4474e+000
366 +5.001465091e+000 +5.001465091e+000 -3.502185349e+002 -3.502185349e+002 -2.8559e+000 -3.7862e+000 +4.4097e+000
382 +4.524584428e+000 +4.524584428e+000 -3.506954156e+002 -3.506954156e+002 -2.8561e+000 -3.8147e+000 +4.3759e+000
389 +4.349111311e+000 +4.349111311e+000 -3.508708887e+002 -3.508708887e+002 -2.8621e+000 -3.8834e+000 +4.3817e+000
400 +3.673518413e+000 +3.673518413e+000 -3.515464816e+002 -3.515464816e+002 -2.8594e+000 -3.8154e+000 +4.3579e+000
473 +3.588678197e+000 +3.588678197e+000 -3.516313218e+002 -3.516313218e+002 -2.8583e+000 -3.8833e+000 +4.3835e+000
526 +3.513987413e+000 +3.513987413e+000 -3.517060126e+002 -3.517060126e+002 -2.8594e+000 -3.9056e+000 +4.3975e+000
574 +2.916398276e+000 +2.916398276e+000 -3.523036017e+002 -3.523036017e+002 -2.8572e+000 -3.9070e+000 +4.3957e+000
588 +2.700446684e+000 +2.700446684e+000 -3.525195533e+002 -3.525195533e+002 -2.8584e+000 -3.9132e+000 +4.3927e+000
605 +2.606427173e+000 +2.606427173e+000 -3.526135728e+002 -3.526135728e+002 -2.8576e+000 -3.9129e+000 +4.3964e+000
617 +2.528749620e+000 +2.528749620e+000 -3.526912504e+002 -3.526912504e+002 -2.8577e+000 -3.9118e+000 +4.3949e+000
671 +2.488411800e+000 +2.488411800e+000 -3.527315882e+002 -3.527315882e+002 -2.8582e+000 -3.9161e+000 +4.3944e+000
725 +2.451258529e+000 +2.451258529e+000 -3.527687415e+002 -3.527687415e+002 -2.8581e+000 -3.9156e+000 +4.3927e+000
785 +2.394594675e+000 +2.394594675e+000 -3.528254053e+002 -3.528254053e+002 -2.8581e+000 -3.9154e+000 +4.3923e+000
% function evaluation | noise-free fitness - Fopt (9.917000000000e+001) | best noise-free fitness - Fopt | measured fitness | best measured fitness | x1 | x2...
1 +1.430728932e+002 +1.430728932e+002 +2.422428932e+002 +2.422428932e+002 +0.0000e+000 +0.0000e+000 +0.0000e+000
2 +6.252744273e+001 +6.252744273e+001 +1.616974427e+002 +1.616974427e+002 -1.1496e-001 +3.8504e+000 -1.4888e+000
3 +3.157229804e+001 +3.157229804e+001 +1.307422980e+002 +1.307422980e+002 -1.1149e-001 +3.8484e+000 -1.6260e+000
4 +2.902198277e+001 +2.902198277e+001 +1.281919828e+002 +1.281919828e+002 -1.1509e-001 +3.8557e+000 -1.6151e+000
7 +2.367725459e+001 +2.367725459e+001 +1.228472546e+002 +1.228472546e+002 -1.2354e-001 +3.8489e+000 -1.6361e+000
17 +1.824068880e+001 +1.824068880e+001 +1.174106888e+002 +1.174106888e+002 -1.1924e-001 +3.8467e+000 -1.6465e+000
20 +1.442676132e+001 +1.442676132e+001 +1.135967613e+002 +1.135967613e+002 -1.7513e-001 +3.8476e+000 -1.6177e+000
28 +1.382079652e+001 +1.382079652e+001 +1.129907965e+002 +1.129907965e+002 -1.4848e-001 +3.8526e+000 -1.6275e+000
35 +1.003837123e+001 +1.003837123e+001 +1.092083712e+002 +1.092083712e+002 -1.5272e-001 +3.8856e+000 -1.5982e+000
96 +9.902714940e+000 +9.902714940e+000 +1.090727149e+002 +1.090727149e+002 -1.4705e-001 +3.8872e+000 -1.6039e+000
110 +9.727729240e+000 +9.727729240e+000 +1.088977292e+002 +1.088977292e+002 -1.4837e-001 +3.8866e+000 -1.6097e+000
118 +9.548508221e+000 +9.548508221e+000 +1.087185082e+002 +1.087185082e+002 -1.4962e-001 +3.8829e+000 -1.6086e+000
336 +9.241314522e+000 +9.241314522e+000 +1.084113145e+002 +1.084113145e+002 -1.5102e-001 +3.8789e+000 -1.6223e+000
481 +9.084060451e+000 +9.084060451e+000 +1.082540605e+002 +1.082540605e+002 -1.5016e-001 +3.8804e+000 -1.6224e+000
% function evaluation | noise-free fitness - Fopt (-5.179100000000e+002) | best noise-free fitness - Fopt | measured fitness | best measured fitness | x1 | x2...
1 +2.600132960e+001 +2.600132960e+001 -4.919086704e+002 -4.919086704e+002 +0.0000e+000 +0.0000e+000 +0.0000e+000
172 +2.300766486e+001 +2.300766486e+001 -4.949023351e+002 -4.949023351e+002 -2.1354e+000 +4.5096e+000 -4.1806e+000
183 +2.221864856e+001 +2.221864856e+001 -4.956913514e+002 -4.956913514e+002 -2.0395e+000 +4.4029e+000 -4.4675e+000
195 +2.124783883e+001 +2.124783883e+001 -4.966621612e+002 -4.966621612e+002 -1.9223e+000 +4.4756e+000 -4.1163e+000
200 +1.858198678e+001 +1.858198678e+001 -4.993280132e+002 -4.993280132e+002 -2.6996e+000 +4.4636e+000 -4.9653e+000
208 +6.441237358e+000 +6.441237358e+000 -5.114687626e+002 -5.114687626e+002 -2.2043e+000 +4.4766e+000 -4.2440e+000
671 +4.467147557e+000 +4.467147557e+000 -5.134428524e+002 -5.134428524e+002 -1.5080e+000 -4.3852e+000 +4.9721e+000
1445 +4.429735662e+000 +4.429735662e+000 -5.134802643e+002 -5.134802643e+002 -3.1646e+000 +1.3843e+000 -5.0570e+000
1637 +1.435677323e+000 +1.435677323e+000 -5.164743227e+002 -5.164743227e+002 +1.8601e+000 -3.1983e+000 -5.2753e+000
1813 +1.265791105e+000 +1.265791105e+000 -5.166442089e+002 -5.166442089e+002 +1.7067e+000 -3.0888e+000 -5.5364e+000
1914 +9.089043598e-001 +9.089043598e-001 -5.170010956e+002 -5.170010956e+002 +1.7306e+000 -3.1003e+000 -5.4206e+000
1929 +8.578988552e-001 +8.578988552e-001 -5.170521011e+002 -5.170521011e+002 +1.7345e+000 -3.1155e+000 -5.4193e+000
1931 +5.516226767e-001 +5.516226767e-001 -5.173583773e+002 -5.173583773e+002 +1.8463e+000 -3.1988e+000 -5.2775e+000
2060 +5.305730878e-001 +5.305730878e-001 -5.173794269e+002 -5.173794269e+002 +1.8049e+000 -3.2046e+000 -5.3675e+000
2062 +5.203963692e-001 +5.203963692e-001 -5.173896036e+002 -5.173896036e+002 +1.7916e+000 -3.1981e+000 -5.3728e+000
2090 +5.024077861e-001 +5.024077861e-001 -5.174075922e+002 -5.174075922e+002 +1.7909e+000 -3.1994e+000 -5.3727e+000
2106 +4.868033099e-001 +4.868033099e-001 -5.174231967e+002 -5.174231967e+002 +1.7900e+000 -3.1953e+000 -5.3620e+000
2131 +4.726375297e-001 +4.726375297e-001 -5.174373625e+002 -5.174373625e+002 +1.7916e+000 -3.1756e+000 -5.3678e+000
2160 +4.661963884e-001 +4.661963884e-001 -5.174438036e+002 -5.174438036e+002 +1.7883e+000 -3.1931e+000 -5.3576e+000
2285 +4.568386958e-001 +4.568386958e-001 -5.174531613e+002 -5.174531613e+002 +1.7922e+000 -3.1761e+000 -5.3619e+000
2424 +4.465614666e-001 +4.465614666e-001 -5.174634385e+002 -5.174634385e+002 +1.7939e+000 -3.1777e+000 -5.3568e+000
2613 +4.341068517e-001 +4.341068517e-001 -5.174758931e+002 -5.174758931e+002 +1.7961e+000 -3.1808e+000 -5.3556e+000
% function evaluation | noise-free fitness - Fopt (-5.721000000000e+001) | best noise-free fitness - Fopt | measured fitness | best measured fitness | x1 | x2...
1 +8.758449571e+001 +8.758449571e+001 +3.037449571e+001 +3.037449571e+001 +0.0000e+000 +0.0000e+000 +0.0000e+000
8 +8.574227907e+001 +8.574227907e+001 +2.853227907e+001 +2.853227907e+001 -3.6265e+000 -2.4289e+000 +1.8274e+000
22 +8.214132962e+001 +8.214132962e+001 +2.493132962e+001 +2.493132962e+001 -3.6398e+000 -2.4341e+000 +1.8254e+000
26 +7.366491682e+001 +7.366491682e+001 +1.645491682e+001 +1.645491682e+001 -3.5039e+000 -2.4626e+000 +1.8219e+000
48 +4.598522436e+001 +4.598522436e+001 -1.122477564e+001 -1.122477564e+001 -2.5104e+000 -2.5071e+000 +1.8311e+000
62 +1.397759321e+001 +1.397759321e+001 -4.323240679e+001 -4.323240679e+001 -3.1517e+000 -2.4772e+000 +1.8256e+000
66 +1.157353644e+001 +1.157353644e+001 -4.563646356e+001 -4.563646356e+001 -3.1421e+000 -2.4853e+000 +1.8207e+000
89 +1.023281331e+001 +1.023281331e+001 -4.697718669e+001 -4.697718669e+001 -3.1108e+000 -2.4510e+000 +1.8171e+000
92 +8.823871164e+000 +8.823871164e+000 -4.838612884e+001 -4.838612884e+001 -3.0805e+000 -2.4514e+000 +1.8015e+000
215 +8.608246755e+000 +8.608246755e+000 -4.860175325e+001 -4.860175325e+001 -3.0689e+000 -2.3643e+000 +1.7243e+000
244 +8.262442292e+000 +8.262442292e+000 -4.894755771e+001 -4.894755771e+001 -3.0683e+000 -2.3676e+000 +1.7336e+000
275 +7.531029759e+000 +7.531029759e+000 -4.967897024e+001 -4.967897024e+001 -3.0664e+000 -2.3716e+000 +1.7382e+000
288 +7.247788283e+000 +7.247788283e+000 -4.996221172e+001 -4.996221172e+001 -3.0669e+000 -2.3720e+000 +1.7392e+000
330 +7.218131185e+000 +7.218131185e+000 -4.999186882e+001 -4.999186882e+001 -3.0673e+000 -2.3723e+000 +1.7391e+000
351 +7.060015558e+000 +7.060015558e+000 -5.014998444e+001 -5.014998444e+001 -3.0635e+000 -2.3729e+000 +1.7384e+000
379 +6.886889649e+000 +6.886889649e+000 -5.032311035e+001 -5.032311035e+001 -3.0639e+000 -2.3730e+000 +1.7401e+000
433 +6.750564420e+000 +6.750564420e+000 -5.045943558e+001 -5.045943558e+001 -3.0652e+000 -2.3731e+000 +1.7410e+000
476 +6.520696157e+000 +6.520696157e+000 -5.068930384e+001 -5.068930384e+001 -3.0643e+000 -2.3738e+000 +1.7418e+000
496 +6.449826000e+000 +6.449826000e+000 -5.076017400e+001 -5.076017400e+001 -3.0646e+000 -2.3741e+000 +1.7420e+000
% function evaluation | noise-free fitness - Fopt (-1.000000000000e+003) | best noise-free fitness - Fopt | measured fitness | best measured fitness | x1 | x2...
1 +3.177340174e+001 +3.177340174e+001 -9.682265983e+002 -9.682265983e+002 +0.0000e+000 +0.0000e+000 +0.0000e+000
38 +2.648078920e+001 +2.648078920e+001 -9.735192108e+002 -9.735192108e+002 -1.5593e+000 -1.6682e+000 +1.5867e+000
74 +2.519495152e+001 +2.519495152e+001 -9.748050485e+002 -9.748050485e+002 -1.5471e+000 -1.6676e+000 +1.5129e+000
79 +2.034270818e+001 +2.034270818e+001 -9.796572918e+002 -9.796572918e+002 -1.5110e+000 -1.6679e+000 +1.5884e+000
81 +1.656311455e+001 +1.656311455e+001 -9.834368854e+002 -9.834368854e+002 -1.4661e+000 -1.6682e+000 +1.6525e+000
93 +8.074451001e+000 +8.074451001e+000 -9.919255490e+002 -9.919255490e+002 -1.4450e+000 -1.6701e+000 +1.5370e+000
113 +6.590641964e+000 +6.590641964e+000 -9.934093580e+002 -9.934093580e+002 -1.4761e+000 -1.6665e+000 +1.5039e+000
124 +3.212083398e+000 +3.212083398e+000 -9.967879166e+002 -9.967879166e+002 -1.4651e+000 -1.6460e+000 +1.4396e+000
140 +2.923620361e+000 +2.923620361e+000 -9.970763796e+002 -9.970763796e+002 -1.4618e+000 -1.6635e+000 +1.4482e+000
270 +2.875223518e+000 +2.875223518e+000 -9.971247765e+002 -9.971247765e+002 -1.4677e+000 -1.6511e+000 +1.4607e+000
292 +2.718426898e+000 +2.718426898e+000 -9.972815731e+002 -9.972815731e+002 -1.4685e+000 -1.6515e+000 +1.4632e+000
329 +2.543812982e+000 +2.543812982e+000 -9.974561870e+002 -9.974561870e+002 -1.4681e+000 -1.6519e+000 +1.4650e+000
386 +2.504932246e+000 +2.504932246e+000 -9.974950678e+002 -9.974950678e+002 -1.4685e+000 -1.6503e+000 +1.4655e+000
516 +2.449008904e+000 +2.449008904e+000 -9.975509911e+002 -9.975509911e+002 -1.4684e+000 -1.6502e+000 +1.4651e+000
% function evaluation | noise-free fitness - Fopt (-6.554000000000e+001) | best noise-free fitness - Fopt | measured fitness | best measured fitness | x1 | x2...
1 +3.309321730e+001 +3.309321730e+001 -3.244678270e+001 -3.244678270e+001 +0.0000e+000 +0.0000e+000 +0.0000e+000
83 +3.090830675e+001 +3.090830675e+001 -3.463169325e+001 -3.463169325e+001 -7.3510e-002 +7.2056e-001 -1.8748e+000
84 +1.343319605e+001 +1.343319605e+001 -5.210680395e+001 -5.210680395e+001 -1.8297e-001 +6.9988e-001 -1.8539e+000
152 +1.153137452e+001 +1.153137452e+001 -5.400862548e+001 -5.400862548e+001 -1.0053e+000 +9.6924e-001 -1.6847e+000
173 +1.078467049e+001 +1.078467049e+001 -5.475532951e+001 -5.475532951e+001 -1.8527e+000 +1.0481e+000 -1.7587e+000
186 +9.198484169e+000 +9.198484169e+000 -5.634151583e+001 -5.634151583e+001 -1.4594e+000 +9.5511e-001 -1.6561e+000
222 +7.194779744e+000 +7.194779744e+000 -5.834522026e+001 -5.834522026e+001 -1.0799e+000 +1.0972e+000 -1.9433e+000
240 +6.610425368e+000 +6.610425368e+000 -5.892957463e+001 -5.892957463e+001 -1.0961e+000 +1.2186e+000 -2.0759e+000
542 +5.272514167e+000 +5.272514167e+000 -6.026748583e+001 -6.026748583e+001 -1.8908e+000 +1.4115e+000 -2.1074e+000
544 +4.935947362e+000 +4.935947362e+000 -6.060405264e+001 -6.060405264e+001 -1.9459e+000 +1.4379e+000 -2.1890e+000
545 +3.967902324e+000 +3.967902324e+000 -6.157209768e+001 -6.157209768e+001 -1.8840e+000 +1.3618e+000 -2.0918e+000
614 +3.836121189e+000 +3.836121189e+000 -6.170387881e+001 -6.170387881e+001 -1.9213e+000 +1.3949e+000 -2.1431e+000
633 +3.754464477e+000 +3.754464477e+000 -6.178553552e+001 -6.178553552e+001 -1.9452e+000 +1.4140e+000 -2.1661e+000
655 +3.671632732e+000 +3.671632732e+000 -6.186836727e+001 -6.186836727e+001 -1.9299e+000 +1.4025e+000 -2.1474e+000
726 +3.619734777e+000 +3.619734777e+000 -6.192026522e+001 -6.192026522e+001 -1.9454e+000 +1.4154e+000 -2.1552e+000
770 +3.462453044e+000 +3.462453044e+000 -6.207754696e+001 -6.207754696e+001 -1.9372e+000 +1.4136e+000 -2.1561e+000
801 +3.322551208e+000 +3.322551208e+000 -6.221744879e+001 -6.221744879e+001 -1.9352e+000 +1.4118e+000 -2.1551e+000
817 +3.287099430e+000 +3.287099430e+000 -6.225290057e+001 -6.225290057e+001 -1.9358e+000 +1.4118e+000 -2.1547e+000
850 +3.177164001e+000 +3.177164001e+000 -6.236283600e+001 -6.236283600e+001 -1.9352e+000 +1.4101e+000 -2.1537e+000
902 +3.149102797e+000 +3.149102797e+000 -6.239089720e+001 -6.239089720e+001 -1.9353e+000 +1.4112e+000 -2.1541e+000
% function evaluation | noise-free fitness - Fopt (-2.375000000000e+001) | best noise-free fitness - Fopt | measured fitness | best measured fitness | x1 | x2...
1 +7.978379990e+001 +7.978379990e+001 +5.603379990e+001 +5.603379990e+001 +0.0000e+000 +0.0000e+000 +0.0000e+000
% function evaluation | noise-free fitness - Fopt (3.513000000000e+001) | best noise-free fitness - Fopt | measured fitness | best measured fitness | x1 | x2...
1 +8.274571093e+001 +8.274571093e+001 +1.178757109e+002 +1.178757109e+002 +0.0000e+000 +0.0000e+000 +0.0000e+000
24 +7.334611913e+001 +7.334611913e+001 +1.084761191e+002 +1.084761191e+002 +7.3319e-001 -2.4196e+000 -4.8146e-001
29 +5.371389213e+001 +5.371389213e+001 +8.884389213e+001 +8.884389213e+001 +7.6353e-001 -2.5587e+000 -5.5411e-001
53 +4.460197854e+001 +4.460197854e+001 +7.973197854e+001 +7.973197854e+001 +7.1505e-001 -2.6120e+000 -5.8192e-001
64 +4.173071371e+001 +4.173071371e+001 +7.686071371e+001 +7.686071371e+001 +7.2959e-001 -2.5799e+000 -5.1908e-001
66 +3.940270969e+001 +3.940270969e+001 +7.453270969e+001 +7.453270969e+001 +7.3752e-001 -2.7545e+000 -5.2737e-001
74 +3.478263617e+001 +3.478263617e+001 +6.991263617e+001 +6.991263617e+001 +7.3412e-001 -2.5651e+000 -4.8093e-001
78 +3.264057023e+001 +3.264057023e+001 +6.777057023e+001 +6.777057023e+001 +7.2649e-001 -2.6359e+000 -4.6208e-001
79 +2.341560669e+001 +2.341560669e+001 +5.854560669e+001 +5.854560669e+001 +7.3459e-001 -2.8964e+000 -5.2871e-001
103 +2.021911738e+001 +2.021911738e+001 +5.534911738e+001 +5.534911738e+001 +7.3302e-001 -2.8510e+000 -4.9750e-001
107 +1.970893056e+001 +1.970893056e+001 +5.483893056e+001 +5.483893056e+001 +7.9318e-001 -3.0777e+000 -5.0620e-001
125 +1.700939223e+001 +1.700939223e+001 +5.213939223e+001 +5.213939223e+001 +7.5961e-001 -2.9504e+000 -5.3065e-001
126 +1.398525573e+001 +1.398525573e+001 +4.911525573e+001 +4.911525573e+001 +7.1666e-001 -3.0892e+000 -5.1289e-001
139 +1.173570052e+001 +1.173570052e+001 +4.686570052e+001 +4.686570052e+001 +7.5407e-001 -3.0944e+000 -5.1376e-001
172 +1.090417904e+001 +1.090417904e+001 +4.603417904e+001 +4.603417904e+001 +7.1616e-001 -3.0369e+000 -5.2408e-001
182 +1.052659780e+001 +1.052659780e+001 +4.565659780e+001 +4.565659780e+001 +7.3089e-001 -3.0777e+000 -5.3797e-001
266 +1.040449143e+001 +1.040449143e+001 +4.553449143e+001 +4.553449143e+001 +7.4235e-001 -3.0735e+000 -5.3596e-001
281 +1.018550125e+001 +1.018550125e+001 +4.531550125e+001 +4.531550125e+001 +7.3710e-001 -3.0798e+000 -5.4171e-001
290 +9.577475193e+000 +9.577475193e+000 +4.470747519e+001 +4.470747519e+001 +7.4410e-001 -3.0967e+000 -5.4874e-001
322 +9.433238051e+000 +9.433238051e+000 +4.456323805e+001 +4.456323805e+001 +7.5261e-001 -3.0606e+000 -5.4169e-001
365 +9.304826457e+000 +9.304826457e+000 +4.443482646e+001 +4.443482646e+001 +7.5127e-001 -3.0673e+000 -5.4469e-001
433 +7.942056608e+000 +7.942056608e+000 +4.307205661e+001 +4.307205661e+001 +8.0405e-001 -3.1115e+000 -5.7225e-001
534 +7.562736400e+000 +7.562736400e+000 +4.269273640e+001 +4.269273640e+001 +7.7776e-001 -3.0848e+000 -5.6062e-001
535 +7.238154416e+000 +7.238154416e+000 +4.236815442e+001 +4.236815442e+001 +7.7130e-001 -3.0792e+000 -5.5517e-001
572 +7.050055532e+000 +7.050055532e+000 +4.218005553e+001 +4.218005553e+001 +7.7281e-001 -3.0808e+000 -5.5662e-001
645 +6.771248749e+000 +6.771248749e+000 +4.190124875e+001 +4.190124875e+001 +7.7396e-001 -3.0803e+000 -5.5708e-001
712 +6.757788186e+000 +6.757788186e+000 +4.188778819e+001 +4.188778819e+001 +7.7384e-001 -3.0802e+000 -5.5697e-001
% function evaluation | noise-free fitness - Fopt (-7.982000000000e+001) | best noise-free fitness - Fopt | measured fitness | best measured fitness | x1 | x2...
1 +3.902901381e+001 +3.902901381e+001 -4.079098619e+001 -4.079098619e+001 +0.0000e+000 +0.0000e+000 +0.0000e+000
2 +2.839763914e+001 +2.839763914e+001 -5.142236086e+001 -5.142236086e+001 +4.7477e+000 -2.2943e+000 +1.9651e+000
3 +2.689096626e+001 +2.689096626e+001 -5.292903374e+001 -5.292903374e+001 +4.7486e+000 -2.2978e+000 +1.9661e+000
4 +2.503675213e+001 +2.503675213e+001 -5.478324787e+001 -5.478324787e+001 +4.7532e+000 -2.3007e+000 +1.9651e+000
6 +2.317750145e+001 +2.317750145e+001 -5.664249855e+001 -5.664249855e+001 +4.7442e+000 -2.3010e+000 +1.9628e+000
7 +1.804345291e+001 +1.804345291e+001 -6.177654709e+001 -6.177654709e+001 +4.7422e+000 -2.3503e+000 +1.9675e+000
8 +1.516162287e+001 +1.516162287e+001 -6.465837713e+001 -6.465837713e+001 +4.7352e+000 -2.3419e+000 +1.9118e+000
15 +1.296198843e+001 +1.296198843e+001 -6.685801157e+001 -6.685801157e+001 +4.8107e+000 -2.3340e+000 +1.9669e+000
20 +1.039229603e+001 +1.039229603e+001 -6.942770397e+001 -6.942770397e+001 +4.7913e+000 -2.3381e+000 +1.9539e+000
50 +8.766502726e+000 +8.766502726e+000 -7.105349727e+001 -7.105349727e+001 +4.7941e+000 -2.3417e+000 +1.9552e+000
74 +7.404672676e+000 +7.404672676e+000 -7.241532732e+001 -7.241532732e+001 +4.8220e+000 -2.3464e+000 +1.9438e+000
171 +7.237416189e+000 +7.237416189e+000 -7.258258381e+001 -7.258258381e+001 +4.8062e+000 -2.3439e+000 +1.9516e+000
209 +6.829087738e+000 +6.829087738e+000 -7.299091226e+001 -7.299091226e+001 +4.8076e+000 -2.3442e+000 +1.9510e+000
% function evaluation | noise-free fitness - Fopt (1.925800000000e+002) | best noise-free fitness - Fopt | measured fitness | best measured fitness | x1 | x2...
1 +2.784913069e+001 +2.784913069e+001 +2.204291307e+002 +2.204291307e+002 +0.0000e+000 +0.0000e+000 +0.0000e+000
100 +2.658244348e+001 +2.658244348e+001 +2.191624435e+002 +2.191624435e+002 +1.3916e+000 -6.4409e-001 +2.9598e+000
113 +2.321415829e+001 +2.321415829e+001 +2.157941583e+002 +2.157941583e+002 +1.4363e+000 -5.1036e-001 +3.0065e+000
122 +1.038072963e+001 +1.038072963e+001 +2.029607296e+002 +2.029607296e+002 +1.2618e+000 +1.0615e-001 +2.7374e+000
135 +9.906843747e+000 +9.906843747e+000 +2.024868437e+002 +2.024868437e+002 +1.2952e+000 -4.8388e-001 +2.7715e+000
155 +4.054857109e+000 +4.054857109e+000 +1.966348571e+002 +1.966348571e+002 +1.0064e+000 -2.8094e-001 +2.4012e+000
171 +1.661797888e+000 +1.661797888e+000 +1.942417979e+002 +1.942417979e+002 +1.0997e+000 -1.6506e-001 +2.5981e+000
269 +1.400193520e+000 +1.400193520e+000 +1.939801935e+002 +1.939801935e+002 +1.0968e+000 +1.1262e-001 +2.4054e+000
289 +1.375621898e+000 +1.375621898e+000 +1.939556219e+002 +1.939556219e+002 +1.0885e+000 +1.0882e-001 +2.3412e+000
296 +1.242486425e+000 +1.242486425e+000 +1.938224864e+002 +1.938224864e+002 +1.0950e+000 +3.2482e-002 +2.4349e+000
310 +8.938411168e-001 +8.938411168e-001 +1.934738411e+002 +1.934738411e+002 +1.0887e+000 +1.0864e-001 +2.3724e+000
367 +8.616949369e-001 +8.616949369e-001 +1.934416949e+002 +1.934416949e+002 +1.0714e+000 +1.2661e-001 +2.3027e+000
369 +7.658526975e-001 +7.658526975e-001 +1.933458527e+002 +1.933458527e+002 +1.0823e+000 +1.3221e-001 +2.3212e+000
405 +7.206297378e-001 +7.206297378e-001 +1.933006297e+002 +1.933006297e+002 +1.0765e+000 +1.2742e-001 +2.3178e+000
425 +7.073836948e-001 +7.073836948e-001 +1.932873837e+002 +1.932873837e+002 +1.0807e+000 +1.3066e-001 +2.3265e+000
602 +6.909679555e-001 +6.909679555e-001 +1.932709680e+002 +1.932709680e+002 +1.0807e+000 +1.3074e-001 +2.3266e+000
% function evaluation | noise-free fitness - Fopt (-2.684800000000e+002) | best noise-free fitness - Fopt | measured fitness | best measured fitness | x1 | x2...
1 +1.322416434e+002 +1.322416434e+002 -1.362383566e+002 -1.362383566e+002 +0.0000e+000 +0.0000e+000 +0.0000e+000
2 +4.675264160e+001 +4.675264160e+001 -2.217273584e+002 -2.217273584e+002 +4.2523e+000 -4.8852e+000 -4.7585e-002
13 +3.549652209e+001 +3.549652209e+001 -2.329834779e+002 -2.329834779e+002 +4.2749e+000 -4.8773e+000 +1.2440e-002
29 +3.070386617e+001 +3.070386617e+001 -2.377761338e+002 -2.377761338e+002 +4.3087e+000 -4.8832e+000 -2.2352e-003
40 +2.827939656e+001 +2.827939656e+001 -2.402006034e+002 -2.402006034e+002 +4.3133e+000 -4.8782e+000 +2.4849e-002
51 +2.660541389e+001 +2.660541389e+001 -2.418745861e+002 -2.418745861e+002 +4.3023e+000 -4.8860e+000 +3.0907e-002
59 +2.125610215e+001 +2.125610215e+001 -2.472238978e+002 -2.472238978e+002 +4.2916e+000 -4.8835e+000 +5.8660e-002
70 +2.009675943e+001 +2.009675943e+001 -2.483832406e+002 -2.483832406e+002 +4.2967e+000 -4.8883e+000 +5.9007e-002
71 +1.887168071e+001 +1.887168071e+001 -2.496083193e+002 -2.496083193e+002 +4.2905e+000 -4.8868e+000 +5.8653e-002
82 +1.573257727e+001 +1.573257727e+001 -2.527474227e+002 -2.527474227e+002 +4.4412e+000 -4.8920e+000 +4.6256e-002
130 +1.517157533e+001 +1.517157533e+001 -2.533084247e+002 -2.533084247e+002 +4.8788e+000 -4.8896e+000 +3.3893e-002
137 +1.346163470e+001 +1.346163470e+001 -2.550183653e+002 -2.550183653e+002 +4.8267e+000 -4.8986e+000 +4.8932e-003
160 +1.169117766e+001 +1.169117766e+001 -2.567888223e+002 -2.567888223e+002 +4.8490e+000 -4.9222e+000 +3.8887e-002
173 +1.103563850e+001 +1.103563850e+001 -2.574443615e+002 -2.574443615e+002 +4.7939e+000 -4.9219e+000 +1.1213e-002
197 +9.049227670e+000 +9.049227670e+000 -2.594307723e+002 -2.594307723e+002 +4.7978e+000 -4.9108e+000 +2.2228e-001
246 +8.630579847e+000 +8.630579847e+000 -2.598494202e+002 -2.598494202e+002 +4.7630e+000 -4.8949e+000 +1.8430e-001
378 +7.692111935e+000 +7.692111935e+000 -2.607878881e+002 -2.607878881e+002 +4.8057e+000 -5.0527e+000 +2.7200e-001
667 +6.089071454e+000 +6.089071454e+000 -2.623909285e+002 -2.623909285e+002 +4.4906e+000 -5.1176e+000 +2.7875e-001
670 +5.573608605e+000 +5.573608605e+000 -2.629063914e+002 -2.629063914e+002 +4.6001e+000 -5.1166e+000 +2.4853e-001
681 +4.467758085e+000 +4.467758085e+000 -2.640122419e+002 -2.640122419e+002 +4.4931e+000 -5.1828e+000 +2.9452e-001
722 +4.321849591e+000 +4.321849591e+000 -2.641581504e+002 -2.641581504e+002 +4.4253e+000 -5.1740e+000 +2.7833e-001
729 +4.004581318e+000 +4.004581318e+000 -2.644754187e+002 -2.644754187e+002 +4.4360e+000 -5.1668e+000 +2.8133e-001
775 +3.953275641e+000 +3.953275641e+000 -2.645267244e+002 -2.645267244e+002 +4.4162e+000 -5.1808e+000 +2.7984e-001
785 +3.639109537e+000 +3.639109537e+000 -2.648408905e+002 -2.648408905e+002 +4.4091e+000 -5.1820e+000 +2.7866e-001
816 +3.284465117e+000 +3.284465117e+000 -2.651955349e+002 -2.651955349e+002 +4.3634e+000 -5.2166e+000 +3.0977e-001
837 +3.096998719e+000 +3.096998719e+000 -2.653830013e+002 -2.653830013e+002 +4.3299e+000 -5.1944e+000 +2.8182e-001
847 +3.080683249e+000 +3.080683249e+000 -2.653993168e+002 -2.653993168e+002 +4.3416e+000 -5.1964e+000 +2.8758e-001
878 +2.981987559e+000 +2.981987559e+000 -2.654980124e+002 -2.654980124e+002 +4.3283e+000 -5.2211e+000 +2.8806e-001
897 +2.432198750e+000 +2.432198750e+000 -2.660478013e+002 -2.660478013e+002 +4.3275e+000 -5.2188e+000 +2.9225e-001
919 +2.100758894e+000 +2.100758894e+000 -2.663792411e+002 -2.663792411e+002 +4.3026e+000 -5.2226e+000 +2.8888e-001
956 +1.943661096e+000 +1.943661096e+000 -2.665363389e+002 -2.665363389e+002 +4.3111e+000 -5.2224e+000 +2.9109e-001
1076 +1.902693141e+000 +1.902693141e+000 -2.665773069e+002 -2.665773069e+002 +4.3055e+000 -5.2210e+000 +2.8680e-001
1083 +1.846072197e+000 +1.846072197e+000 -2.666339278e+002 -2.666339278e+002 +4.3034e+000 -5.2218e+000 +2.8678e-001
1085 +1.769102467e+000 +1.769102467e+000 -2.667108975e+002 -2.667108975e+002 +4.3063e+000 -5.2224e+000 +2.8819e-001
1096 +1.700217470e+000 +1.700217470e+000 -2.667797825e+002 -2.667797825e+002 +4.3042e+000 -5.2225e+000 +2.8770e-001
1145 +1.695796228e+000 +1.695796228e+000 -2.667842038e+002 -2.667842038e+002 +4.3043e+000 -5.2228e+000 +2.8830e-001
1268 +1.653875405e+000 +1.653875405e+000 -2.668261246e+002 -2.668261246e+002 +4.3050e+000 -5.2227e+000 +2.8827e-001
1616 +1.620829777e+000 +1.620829777e+000 -2.668591702e+002 -2.668591702e+002 +4.3053e+000 -5.2226e+000 +2.8828e-001
% function evaluation | noise-free fitness - Fopt (-1.000000000000e+003) | best noise-free fitness - Fopt | measured fitness | best measured fitness | x1 | x2...
1 +2.928115252e+001 +2.928115252e+001 -9.707188475e+002 -9.707188475e+002 +0.0000e+000 +0.0000e+000 +0.0000e+000
26 +1.985934989e+001 +1.985934989e+001 -9.801406501e+002 -9.801406501e+002 -1.8740e+000 -1.7137e+000 -3.9625e+000
32 +1.579073515e+001 +1.579073515e+001 -9.842092648e+002 -9.842092648e+002 -1.8613e+000 -1.5328e+000 -4.0027e+000
62 +1.427123339e+001 +1.427123339e+001 -9.857287666e+002 -9.857287666e+002 -1.8856e+000 -1.6279e+000 -3.9066e+000
63 +1.201535858e+001 +1.201535858e+001 -9.879846414e+002 -9.879846414e+002 -1.8216e+000 -1.6364e+000 -3.8511e+000
75 +7.983880333e+000 +7.983880333e+000 -9.920161197e+002 -9.920161197e+002 -2.1430e+000 -1.3774e+000 -3.8919e+000
180 +6.476876480e+000 +6.476876480e+000 -9.935231235e+002 -9.935231235e+002 -1.8058e+000 -1.4506e+000 -3.6797e+000
195 +5.975557573e+000 +5.975557573e+000 -9.940244424e+002 -9.940244424e+002 -1.7138e+000 -1.4723e+000 -3.6243e+000
198 +4.310272064e+000 +4.310272064e+000 -9.956897279e+002 -9.956897279e+002 -1.7921e+000 -1.4415e+000 -3.6361e+000
209 +4.041549472e+000 +4.041549472e+000 -9.959584505e+002 -9.959584505e+002 -1.8482e+000 -1.4584e+000 -3.6678e+000
230 +3.242278943e+000 +3.242278943e+000 -9.967577211e+002 -9.967577211e+002 -1.8637e+000 -1.4515e+000 -3.6699e+000
238 +3.179159416e+000 +3.179159416e+000 -9.968208406e+002 -9.968208406e+002 -1.8511e+000 -1.4429e+000 -3.6587e+000
243 +2.676820443e+000 +2.676820443e+000 -9.973231796e+002 -9.973231796e+002 -1.8680e+000 -1.4440e+000 -3.6603e+000
248 +2.498125756e+000 +2.498125756e+000 -9.975018742e+002 -9.975018742e+002 -1.8659e+000 -1.4437e+000 -3.6695e+000
276 +2.442573442e+000 +2.442573442e+000 -9.975574266e+002 -9.975574266e+002 -1.8691e+000 -1.4430e+000 -3.6636e+000
292 +2.381191333e+000 +2.381191333e+000 -9.976188087e+002 -9.976188087e+002 -1.8761e+000 -1.4432e+000 -3.6721e+000
306 +2.220856561e+000 +2.220856561e+000 -9.977791434e+002 -9.977791434e+002 -1.8740e+000 -1.4434e+000 -3.6686e+000
308 +2.075397390e+000 +2.075397390e+000 -9.979246026e+002 -9.979246026e+002 -1.8776e+000 -1.4432e+000 -3.6679e+000
362 +2.001469626e+000 +2.001469626e+000 -9.979985304e+002 -9.979985304e+002 -1.8753e+000 -1.4433e+000 -3.6680e+000
423 +1.945719441e+000 +1.945719441e+000 -9.980542806e+002 -9.980542806e+002 -1.8759e+000 -1.4434e+000 -3.6686e+000
494 +1.903019415e+000 +1.903019415e+000 -9.980969806e+002 -9.980969806e+002 -1.8756e+000 -1.4435e+000 -3.6686e+000
% function evaluation | noise-free fitness - Fopt (-1.388000000000e+001) | best noise-free fitness - Fopt | measured fitness | best measured fitness | x1 | x2...
1 +8.424706601e+001 +8.424706601e+001 +7.036706601e+001 +7.036706601e+001 +0.0000e+000 +0.0000e+000 +0.0000e+000
2 +5.142655946e+001 +5.142655946e+001 +3.754655946e+001 +3.754655946e+001 -4.3913e-002 -4.3105e+000 -5.4068e-001
6 +5.003787337e+001 +5.003787337e+001 +3.615787337e+001 +3.615787337e+001 -2.4684e-002 -4.3120e+000 -5.4066e-001
17 +4.230987597e+001 +4.230987597e+001 +2.842987597e+001 +2.842987597e+001 +4.7706e-003 -4.3219e+000 -5.4069e-001
31 +4.109966789e+001 +4.109966789e+001 +2.721966789e+001 +2.721966789e+001 -3.2184e-003 -4.3119e+000 -5.4072e-001
48 +1.802420976e+001 +1.802420976e+001 +4.144209760e+000 +4.144209760e+000 +2.2253e-001 -4.3171e+000 -5.3980e-001
83 +1.618545166e+001 +1.618545166e+001 +2.305451661e+000 +2.305451661e+000 +4.7998e-001 -4.3239e+000 -5.4266e-001
91 +1.517906934e+001 +1.517906934e+001 +1.299069336e+000 +1.299069336e+000 +8.7560e-001 -4.3723e+000 -5.4302e-001
92 +1.277158397e+001 +1.277158397e+001 -1.108416031e+000 -1.108416031e+000 +5.0039e-001 -4.3304e+000 -5.4365e-001
141 +1.194297762e+001 +1.194297762e+001 -1.937022384e+000 -1.937022384e+000 +4.8082e-001 -4.3033e+000 -5.4757e-001
268 +9.650862590e+000 +9.650862590e+000 -4.229137410e+000 -4.229137410e+000 +9.2963e-001 -4.4279e+000 -5.4093e-001
288 +8.780474431e+000 +8.780474431e+000 -5.099525569e+000 -5.099525569e+000 +9.0618e-001 -4.4172e+000 -5.3976e-001
316 +7.370034411e+000 +7.370034411e+000 -6.509965589e+000 -6.509965589e+000 +1.1256e+000 -4.5215e+000 -5.2225e-001
368 +7.011130217e+000 +7.011130217e+000 -6.868869783e+000 -6.868869783e+000 +1.1443e+000 -4.5392e+000 -5.4000e-001
370 +6.682368793e+000 +6.682368793e+000 -7.197631207e+000 -7.197631207e+000 +1.1545e+000 -4.5875e+000 -5.3948e-001
399 +6.377493848e+000 +6.377493848e+000 -7.502506152e+000 -7.502506152e+000 +1.1728e+000 -4.6076e+000 -5.3619e-001
405 +5.998450428e+000 +5.998450428e+000 -7.881549572e+000 -7.881549572e+000 +1.1758e+000 -4.5986e+000 -5.3269e-001
418 +5.434620771e+000 +5.434620771e+000 -8.445379229e+000 -8.445379229e+000 +1.1830e+000 -4.6138e+000 -5.3593e-001
465 +5.175132954e+000 +5.175132954e+000 -8.704867046e+000 -8.704867046e+000 +1.1877e+000 -4.6193e+000 -5.3312e-001
512 +4.943771164e+000 +4.943771164e+000 -8.936228836e+000 -8.936228836e+000 +1.1699e+000 -4.5441e+000 -5.4077e-001
547 +4.564456138e+000 +4.564456138e+000 -9.315543862e+000 -9.315543862e+000 +1.1665e+000 -4.5385e+000 -5.4118e-001
585 +4.244909268e+000 +4.244909268e+000 -9.635090732e+000 -9.635090732e+000 +1.1674e+000 -4.5361e+000 -5.4242e-001
601 +4.079983242e+000 +4.079983242e+000 -9.800016758e+000 -9.800016758e+000 +1.1681e+000 -4.5372e+000 -5.4245e-001
632 +4.048019494e+000 +4.048019494e+000 -9.831980506e+000 -9.831980506e+000 +1.1673e+000 -4.5370e+000 -5.4195e-001
896 +3.973250831e+000 +3.973250831e+000 -9.906749169e+000 -9.906749169e+000 +1.1678e+000 -4.5372e+000 -5.4195e-001
% function evaluation | noise-free fitness - Fopt (-1.240400000000e+002) | best noise-free fitness - Fopt | measured fitness | best measured fitness | x1 | x2...
1 +6.105837901e+001 +6.105837901e+001 -6.298162099e+001 -6.298162099e+001 +0.0000e+000 +0.0000e+000 +0.0000e+000
40 +3.978431087e+001 +3.978431087e+001 -8.425568913e+001 -8.425568913e+001 +3.8740e+000 -3.8532e+000 +1.3249e+000
53 +1.852530109e+001 +1.852530109e+001 -1.055146989e+002 -1.055146989e+002 +4.0680e+000 -3.7330e+000 +1.3213e+000
147 +1.684831319e+001 +1.684831319e+001 -1.071916868e+002 -1.071916868e+002 +4.0769e+000 -3.7460e+000 +1.3478e+000
149 +1.539930861e+001 +1.539930861e+001 -1.086406914e+002 -1.086406914e+002 +4.1287e+000 -3.6654e+000 +1.4085e+000
158 +1.267925527e+001 +1.267925527e+001 -1.113607447e+002 -1.113607447e+002 +4.0906e+000 -3.7080e+000 +1.3682e+000
325 +1.068984299e+001 +1.068984299e+001 -1.133501570e+002 -1.133501570e+002 +4.0766e+000 -3.7368e+000 +1.4086e+000
390 +1.025477848e+001 +1.025477848e+001 -1.137852215e+002 -1.137852215e+002 +4.0737e+000 -3.7334e+000 +1.4321e+000
418 +1.010305273e+001 +1.010305273e+001 -1.139369473e+002 -1.139369473e+002 +4.0721e+000 -3.7383e+000 +1.4158e+000
458 +9.582705853e+000 +9.582705853e+000 -1.144572941e+002 -1.144572941e+002 +4.0697e+000 -3.7425e+000 +1.4156e+000
467 +8.926272938e+000 +8.926272938e+000 -1.151137271e+002 -1.151137271e+002 +4.0693e+000 -3.7441e+000 +1.4139e+000
486 +8.824676176e+000 +8.824676176e+000 -1.152153238e+002 -1.152153238e+002 +4.0689e+000 -3.7446e+000 +1.4147e+000
557 +8.644485753e+000 +8.644485753e+000 -1.153955142e+002 -1.153955142e+002 +4.0683e+000 -3.7446e+000 +1.4144e+000
785 +8.484110426e+000 +8.484110426e+000 -1.155558896e+002 -1.155558896e+002 +4.0680e+000 -3.7449e+000 +1.4147e+000
