% function evaluation | noise-free fitness - Fopt (9.294000000000e+001) | best noise-free fitness - Fopt | measured fitness | best measured fitness | x1 | x2...
1 +1.253398105e+001 +1.253398105e+001 +1.054739811e+002 +1.054739811e+002 +0.0000e+000 +0.0000e+000 +0.0000e+000
153 +7.433225402e+000 +7.433225402e+000 +1.003732254e+002 +1.003732254e+002 +4.1815e-001 +2.6241e+000 +5.4478e+000
180 +6.848118583e+000 +6.848118583e+000 +9.978811858e+001 +9.978811858e+001 +3.1512e-001 +1.7227e+000 +2.1636e+000
183 +4.894420895e+000 +4.894420895e+000 +9.783442090e+001 +9.783442090e+001 +1.2768e-002 +1.9119e+000 +4.5231e+000
218 +2.052233753e+000 +2.052233753e+000 +9.499223375e+001 +9.499223375e+001 +3.9249e-002 +1.9532e+000 +3.8528e+000
% function evaluation | noise-free fitness - Fopt (3.535000000000e+001) | best noise-free fitness - Fopt | measured fitness | best measured fitness | x1 | x2...
1 +3.012892492e+002 +3.012892492e+002 +3.366392492e+002 +3.366392492e+002 +0.0000e+000 +0.0000e+000 +0.0000e+000
2 +1.574907043e+002 +1.574907043e+002 +1.928407043e+002 +1.928407043e+002 +4.7605e+000 +1.0546e+000 +3.1934e+000
18 +9.721517448e+001 +9.721517448e+001 +1.325651745e+002 +1.325651745e+002 +4.7026e+000 +1.1724e+000 +3.1950e+000
66 +5.348450425e+001 +5.348450425e+001 +8.883450425e+001 +8.883450425e+001 +4.7398e+000 +4.2271e-001 +3.2305e+000
79 +4.214914705e+001 +4.214914705e+001 +7.749914705e+001 +7.749914705e+001 +4.2686e+000 +3.1065e-001 +3.2296e+000
90 +4.053838851e+001 +4.053838851e+001 +7.588838851e+001 +7.588838851e+001 +4.4124e+000 -3.9481e-001 +3.2800e+000
92 +2.088309030e+001 +2.088309030e+001 +5.623309030e+001 +5.623309030e+001 +3.8697e+000 +9.7520e-002 +3.1357e+000
107 +2.028358057e+001 +2.028358057e+001 +5.563358057e+001 +5.563358057e+001 +3.4577e+000 +1.1775e+000 +2.9891e+000
110 +2.805338392e+000 +2.805338392e+000 +3.815533839e+001 +3.815533839e+001 +2.9208e+000 +1.1571e+000 +3.1576e+000
147 +6.129924411e-001 +6.129924411e-001 +3.596299244e+001 +3.596299244e+001 +2.5576e+000 +9.8912e-001 +2.3899e+000
181 +5.478305583e-001 +5.478305583e-001 +3.589783056e+001 +3.589783056e+001 +2.2304e+000 +1.4211e+000 +2.5728e+000
452 +1.441301337e-001 +1.441301337e-001 +3.549413013e+001 +3.549413013e+001 +1.9459e+000 +1.3327e+000 +3.5210e+000
522 +1.222768169e-001 +1.222768169e-001 +3.547227682e+001 +3.547227682e+001 +2.0802e+000 +1.3209e+000 +3.2801e+000
885 +1.015381307e-001 +1.015381307e-001 +3.545153813e+001 +3.545153813e+001 +2.0264e+000 +1.3421e+000 +3.5785e+000
984 +9.188719824e-002 +9.188719824e-002 +3.544188720e+001 +3.544188720e+001 +2.0311e+000 +1.3417e+000 +3.6153e+000
1000 +5.842874736e-002 +5.842874736e-002 +3.540842875e+001 +3.540842875e+001 +1.9924e+000 +1.3418e+000 +3.5921e+000
1041 +5.306527129e-002 +5.306527129e-002 +3.540306527e+001 +3.540306527e+001 +1.9949e+000 +1.3415e+000 +3.5611e+000
1496 +4.110874706e-002 +4.110874706e-002 +3.539110875e+001 +3.539110875e+001 +1.9662e+000 +1.3849e+000 +3.5467e+000
% function evaluation | noise-free fitness - Fopt (3.820000000000e+000) | best noise-free fitness - Fopt | measured fitness | best measured fitness | x1 | x2...
1 +3.465623999e+002 +3.465623999e+002 +3.503823999e+002 +3.503823999e+002 +0.0000e+000 +0.0000e+000 +0.0000e+000
91 +1.674824254e+002 +1.674824254e+002 +1.713024254e+002 +1.713024254e+002 -1.7052e-001 +2.4799e+000 +4.2959e+000
97 +9.992475691e+001 +9.992475691e+001 +1.037447569e+002 +1.037447569e+002 -1.7032e-001 +2.5181e+000 +2.9906e+000
141 +9.671919287e+001 +9.671919287e+001 +1.005391929e+002 +1.005391929e+002 -1.6942e-001 +2.2383e+000 +2.6064e+000
166 +8.090764887e+001 +8.090764887e+001 +8.472764887e+001 +8.472764887e+001 -1.6939e-001 +2.2295e+000 +2.7543e+000
335 +7.888433133e+001 +7.888433133e+001 +8.270433133e+001 +8.270433133e+001 -1.7331e-001 +3.0113e+000 +2.7575e+000
481 +7.698633947e+001 +7.698633947e+001 +8.080633947e+001 +8.080633947e+001 -1.5536e-001 +4.0475e+000 +3.3142e+000
519 +7.130708036e+001 +7.130708036e+001 +7.512708036e+001 +7.512708036e+001 -1.6026e-001 +5.8935e+000 +3.1640e+000
668 +6.461512722e+001 +6.461512722e+001 +6.843512722e+001 +6.843512722e+001 +3.2918e-001 +5.4154e+000 +3.5948e+000
690 +3.153487039e+001 +3.153487039e+001 +3.535487039e+001 +3.535487039e+001 +1.2882e+000 +4.6067e+000 +3.1752e+000
701 +2.822724960e+001 +2.822724960e+001 +3.204724960e+001 +3.204724960e+001 +2.3068e+000 +7.1116e+000 +3.5580e+000
707 +2.124999457e+001 +2.124999457e+001 +2.506999457e+001 +2.506999457e+001 +2.0619e+000 +6.8088e+000 +2.9881e+000
717 +1.782643879e+001 +1.782643879e+001 +2.164643879e+001 +2.164643879e+001 +3.9480e+000 +5.7440e+000 +3.2609e+000
743 +1.542415141e+001 +1.542415141e+001 +1.924415141e+001 +1.924415141e+001 +3.4736e+000 +7.0230e+000 +3.2304e+000
780 +1.417903561e+001 +1.417903561e+001 +1.799903561e+001 +1.799903561e+001 +3.3542e+000 +5.5110e+000 +3.1024e+000
782 +9.737116840e+000 +9.737116840e+000 +1.355711684e+001 +1.355711684e+001 +3.8814e+000 +6.9077e+000 +3.0233e+000
785 +6.180923144e+000 +6.180923144e+000 +1.000092314e+001 +1.000092314e+001 +3.0761e+000 +6.1601e+000 +2.9324e+000
805 +6.023206948e+000 +6.023206948e+000 +9.843206948e+000 +9.843206948e+000 +2.5346e+000 +5.2840e+000 +2.8669e+000
818 +4.046560613e+000 +4.046560613e+000 +7.866560613e+000 +7.866560613e+000 +3.7026e+000 +5.9085e+000 +2.7282e+000
858 +3.805526788e+000 +3.805526788e+000 +7.625526788e+000 +7.625526788e+000 +3.5310e+000 +5.7644e+000 +2.9162e+000
891 +2.409205198e+000 +2.409205198e+000 +6.229205198e+000 +6.229205198e+000 +3.1814e+000 +5.5458e+000 +2.7682e+000
927 +2.120274427e+000 +2.120274427e+000 +5.940274427e+000 +5.940274427e+000 +3.1660e+000 +5.0944e+000 +2.7739e+000
1078 +2.073977949e+000 +2.073977949e+000 +5.893977949e+000 +5.893977949e+000 +3.5033e+000 +5.1095e+000 +2.5018e+000
1112 +8.566554593e-001 +8.566554593e-001 +4.676655459e+000 +4.676655459e+000 +3.4883e+000 +3.2748e+000 +2.3093e+000
1115 +6.717050601e-001 +6.717050601e-001 +4.491705060e+000 +4.491705060e+000 +3.5317e+000 +3.3711e+000 +2.2959e+000
1131 +5.154992767e-001 +5.154992767e-001 +4.335499277e+000 +4.335499277e+000 +3.8702e+000 +3.6329e+000 +2.0587e+000
1142 +1.625184118e-001 +1.625184118e-001 +3.982518412e+000 +3.982518412e+000 +3.9370e+000 +2.6078e+000 +2.0709e+000
1392 +1.288748192e-001 +1.288748192e-001 +3.948874819e+000 +3.948874819e+000 +3.8667e+000 +2.2254e+000 +2.0513e+000
% function evaluation | noise-free fitness - Fopt (2.175000000000e+001) | best noise-free fitness - Fopt | measured fitness | best measured fitness | x1 | x2...
1 +8.340418923e+001 +8.340418923e+001 +1.051541892e+002 +1.051541892e+002 +0.0000e+000 +0.0000e+000 +0.0000e+000
2 +7.282386207e+001 +7.282386207e+001 +9.457386207e+001 +9.457386207e+001 -2.0509e+000 +2.6214e+000 +4.6636e+000
199 +6.918953155e+001 +6.918953155e+001 +9.093953155e+001 +9.093953155e+001 -2.0102e+000 +2.6452e+000 +4.2800e+000
354 +6.900548789e+001 +6.900548789e+001 +9.075548789e+001 +9.075548789e+001 -1.6760e+000 +2.5539e+000 +4.4194e+000
374 +6.144033232e+001 +6.144033232e+001 +8.319033232e+001 +8.319033232e+001 -1.5533e+000 +2.5279e+000 +4.2097e+000
449 +5.627153673e+001 +5.627153673e+001 +7.802153673e+001 +7.802153673e+001 -1.0711e+000 +2.7667e+000 +3.9266e+000
452 +5.454928384e+001 +5.454928384e+001 +7.629928384e+001 +7.629928384e+001 -5.3841e-001 +9.5228e-001 +2.9176e+000
463 +5.186307477e+001 +5.186307477e+001 +7.361307477e+001 +7.361307477e+001 -1.4766e+000 +3.4028e+000 +4.0876e+000
497 +3.958814024e+001 +3.958814024e+001 +6.133814024e+001 +6.133814024e+001 -8.4293e-001 +4.1375e+000 +3.4942e+000
510 +3.816281763e+001 +3.816281763e+001 +5.991281763e+001 +5.991281763e+001 -5.2981e-001 +2.3272e+000 +2.9644e+000
525 +3.429835637e+001 +3.429835637e+001 +5.604835637e+001 +5.604835637e+001 -4.0752e-001 +4.5504e+000 +3.8186e+000
534 +3.376660872e+001 +3.376660872e+001 +5.551660872e+001 +5.551660872e+001 -4.5653e-001 +3.3558e+000 +3.3400e+000
542 +2.863819026e+001 +2.863819026e+001 +5.038819026e+001 +5.038819026e+001 -1.3164e-001 +4.1639e+000 +3.5286e+000
585 +2.555842779e+001 +2.555842779e+001 +4.730842779e+001 +4.730842779e+001 +1.9685e-001 +3.6232e+000 +3.3387e+000
596 +2.298656157e+001 +2.298656157e+001 +4.473656157e+001 +4.473656157e+001 +2.4678e-002 +3.5951e+000 +3.0407e+000
662 +1.564852293e+001 +1.564852293e+001 +3.739852293e+001 +3.739852293e+001 +1.0314e+000 +4.3732e+000 +2.9138e+000
942 +1.422826814e+001 +1.422826814e+001 +3.597826814e+001 +3.597826814e+001 +1.7160e+000 +4.0826e+000 +2.5707e+000
1082 +1.218763406e+001 +1.218763406e+001 +3.393763406e+001 +3.393763406e+001 +1.3351e+000 +4.3759e+000 +2.3561e+000
1131 +1.080718701e+001 +1.080718701e+001 +3.255718701e+001 +3.255718701e+001 +1.4403e+000 +2.8654e+000 +2.0891e+000
% function evaluation | noise-free fitness - Fopt (6.479000000000e+001) | best noise-free fitness - Fopt | measured fitness | best measured fitness | x1 | x2...
1 +1.081542640e+002 +1.081542640e+002 +1.729442640e+002 +1.729442640e+002 +0.0000e+000 +0.0000e+000 +0.0000e+000
96 +5.297527615e+001 +5.297527615e+001 +1.177652761e+002 +1.177652761e+002 -5.7298e-001 +3.5754e+000 +3.1909e+000
138 +4.293363742e+001 +4.293363742e+001 +1.077236374e+002 +1.077236374e+002 -3.0995e-001 +3.8647e+000 +1.0528e+000
141 +3.887381972e+001 +3.887381972e+001 +1.036638197e+002 +1.036638197e+002 -4.0706e-001 +3.5349e+000 +1.6963e+000
153 +3.405693878e+001 +3.405693878e+001 +9.884693878e+001 +9.884693878e+001 -4.7339e-001 +2.6688e+000 +2.3673e+000
163 +3.291372108e+001 +3.291372108e+001 +9.770372108e+001 +9.770372108e+001 -3.5676e-001 +3.7879e+000 +4.1921e-001
167 +3.165093950e+001 +3.165093950e+001 +9.644093950e+001 +9.644093950e+001 -6.2168e-001 +3.3001e+000 +1.2772e+000
168 +2.870873940e+001 +2.870873940e+001 +9.349873940e+001 +9.349873940e+001 -1.8108e-001 +3.2251e+000 -1.4566e-001
190 +2.319027793e+001 +2.319027793e+001 +8.798027793e+001 +8.798027793e+001 -3.4252e-001 +2.6053e+000 -1.0113e-001
206 +1.361265759e+001 +1.361265759e+001 +7.840265759e+001 +7.840265759e+001 -1.4837e+000 -3.2154e+000 -1.9510e-001
216 +2.462308430e+000 +2.462308430e+000 +6.725230843e+001 +6.725230843e+001 -1.4160e+000 -1.6519e+000 +8.3585e-001
281 +1.717345497e+000 +1.717345497e+000 +6.650734550e+001 +6.650734550e+001 -1.3641e+000 -7.5320e-001 +4.5528e-001
722 +1.402357524e+000 +1.402357524e+000 +6.619235752e+001 +6.619235752e+001 -1.8434e+000 -9.8310e-001 -7.6982e-001
741 +9.649065483e-001 +9.649065483e-001 +6.575490655e+001 +6.575490655e+001 -1.9694e+000 -1.6218e+000 -1.0049e-001
753 +8.653098304e-001 +8.653098304e-001 +6.565530983e+001 +6.565530983e+001 -1.8225e+000 -1.2931e+000 -1.0672e-001
793 +8.439614130e-001 +8.439614130e-001 +6.563396141e+001 +6.563396141e+001 -1.7670e+000 -1.2766e+000 -8.6317e-002
796 +4.285119002e-001 +4.285119002e-001 +6.521851190e+001 +6.521851190e+001 -1.9100e+000 -1.7913e+000 -4.5340e-001
819 +3.806427762e-001 +3.806427762e-001 +6.517064278e+001 +6.517064278e+001 -1.8721e+000 -2.3890e+000 +4.6686e-001
823 +2.428555760e-001 +2.428555760e-001 +6.503285558e+001 +6.503285558e+001 -1.8631e+000 -1.9477e+000 +8.3544e-002
824 +2.163274576e-001 +2.163274576e-001 +6.500632746e+001 +6.500632746e+001 -1.8659e+000 -1.5760e+000 -1.8617e-001
832 +3.905311140e-002 +3.905311140e-002 +6.482905311e+001 +6.482905311e+001 -1.8734e+000 -2.1105e+000 +5.3821e-002
918 +2.075071100e-002 +2.075071100e-002 +6.481075071e+001 +6.481075071e+001 -1.8973e+000 -2.1438e+000 -2.1741e-001
949 +1.604120947e-002 +1.604120947e-002 +6.480604121e+001 +6.480604121e+001 -1.8592e+000 -2.0160e+000 -1.2052e-001
966 +5.504590793e-003 +5.504590793e-003 +6.479550459e+001 +6.479550459e+001 -1.8636e+000 -2.0652e+000 -1.2967e-001
970 +2.605405314e-008 +2.605405314e-008 +6.479000003e+001 +6.479000003e+001 -1.8697e+000 -2.1161e+000 -9.3007e-002
987 +2.156960477e-008 +2.156960477e-008 +6.479000002e+001 +6.479000002e+001 -1.8642e+000 -2.0878e+000 -1.1512e-001
1013 +1.935322302e-008 +1.935322302e-008 +6.479000002e+001 +6.479000002e+001 -1.8725e+000 -2.1046e+000 -9.3173e-002
1031 +1.463163812e-009 +1.463163812e-009 +6.479000000e+001 +6.479000000e+001 -1.8702e+000 -2.0997e+000 -1.0074e-001
% function evaluation | noise-free fitness - Fopt (-6.173000000000e+001) | best noise-free fitness - Fopt | measured fitness | best measured fitness | x1 | x2...
1 +4.467730879e+002 +4.467730879e+002 +3.850430879e+002 +3.850430879e+002 +0.0000e+000 +0.0000e+000 +0.0000e+000
183 +3.868464362e+002 +3.868464362e+002 +3.251164362e+002 +3.251164362e+002 -6.5159e+000 +3.4512e+000 +2.1140e+000
200 +3.770135005e+002 +3.770135005e+002 +3.152835005e+002 +3.152835005e+002 -7.0061e+000 +3.3692e+000 +2.1366e+000
207 +3.628933607e+002 +3.628933607e+002 +3.011633607e+002 +3.011633607e+002 -7.8192e+000 +3.1017e+000 +2.1252e+000
220 +2.909036534e+002 +2.909036534e+002 +2.291736534e+002 +2.291736534e+002 -7.4571e+000 +1.4703e+000 +2.1236e+000
236 +2.609552551e+002 +2.609552551e+002 +1.992252551e+002 +1.992252551e+002 -8.7764e+000 +4.6567e-001 +2.1419e+000
244 +1.346136012e+002 +1.346136012e+002 +7.288360118e+001 +7.288360118e+001 -1.1533e+001 -1.0538e+001 +1.8228e+000
272 +1.287208771e+002 +1.287208771e+002 +6.699087707e+001 +6.699087707e+001 -9.3843e+000 -3.9142e+000 +2.0455e+000
289 +1.161048774e+002 +1.161048774e+002 +5.437487745e+001 +5.437487745e+001 -9.1981e+000 -5.5021e+000 +2.0168e+000
299 +9.684127040e+001 +9.684127040e+001 +3.511127040e+001 +3.511127040e+001 -1.0366e+001 -6.0920e+000 +2.0429e+000
418 +9.534846694e+001 +9.534846694e+001 +3.361846694e+001 +3.361846694e+001 -9.9413e+000 -5.3777e+000 +1.8300e+000
478 +7.808774641e+001 +7.808774641e+001 +1.635774641e+001 +1.635774641e+001 -1.0273e+001 -6.5658e+000 +1.6553e+000
497 +7.611287185e+001 +7.611287185e+001 +1.438287185e+001 +1.438287185e+001 -1.0062e+001 -6.6301e+000 +1.5214e+000
522 +5.335346709e+001 +5.335346709e+001 -8.376532911e+000 -8.376532911e+000 -9.1818e+000 -5.9132e+000 +6.3280e-001
554 +5.106232618e+001 +5.106232618e+001 -1.066767382e+001 -1.066767382e+001 -9.4332e+000 -6.7934e+000 +4.0202e-001
558 +4.625140566e+001 +4.625140566e+001 -1.547859434e+001 -1.547859434e+001 -8.8490e+000 -5.9447e+000 +3.7902e-001
565 +4.298087218e+001 +4.298087218e+001 -1.874912782e+001 -1.874912782e+001 -9.0576e+000 -6.5320e+000 +3.6348e-001
579 +3.837728564e+001 +3.837728564e+001 -2.335271436e+001 -2.335271436e+001 -7.3908e+000 -6.5191e+000 +8.3624e-002
592 +3.657763409e+001 +3.657763409e+001 -2.515236591e+001 -2.515236591e+001 -8.1067e+000 -5.6217e+000 +3.5103e-001
597 +1.904973457e+001 +1.904973457e+001 -4.268026543e+001 -4.268026543e+001 -5.6904e+000 -4.7501e+000 -1.6387e+000
619 +1.596922095e+001 +1.596922095e+001 -4.576077905e+001 -4.576077905e+001 -6.1076e+000 -6.8441e+000 -1.1165e+000
621 +1.437943163e+001 +1.437943163e+001 -4.735056837e+001 -4.735056837e+001 -6.6797e+000 -5.7577e+000 -5.3747e-001
629 +1.316984994e+001 +1.316984994e+001 -4.856015006e+001 -4.856015006e+001 -6.5130e+000 -6.8469e+000 -8.9431e-001
634 +1.286877187e+001 +1.286877187e+001 -4.886122813e+001 -4.886122813e+001 -5.4752e+000 -4.3945e+000 -1.1763e+000
637 +1.183302204e+001 +1.183302204e+001 -4.989697796e+001 -4.989697796e+001 -6.2812e+000 -6.6499e+000 -1.0221e+000
640 +1.093472157e+001 +1.093472157e+001 -5.079527843e+001 -5.079527843e+001 -6.3995e+000 -6.2274e+000 -9.8530e-001
651 +1.011853376e+001 +1.011853376e+001 -5.161146624e+001 -5.161146624e+001 -5.9849e+000 -5.6090e+000 -1.0918e+000
662 +9.825872172e+000 +9.825872172e+000 -5.190412783e+001 -5.190412783e+001 -5.5925e+000 -5.0545e+000 -1.1401e+000
675 +7.430105813e+000 +7.430105813e+000 -5.429989419e+001 -5.429989419e+001 -5.6307e+000 -6.2639e+000 -1.3504e+000
681 +6.615220819e+000 +6.615220819e+000 -5.511477918e+001 -5.511477918e+001 -5.6073e+000 -5.2883e+000 -1.3321e+000
718 +6.297101574e+000 +6.297101574e+000 -5.543289843e+001 -5.543289843e+001 -5.3931e+000 -5.3165e+000 -1.3362e+000
839 +6.148130952e+000 +6.148130952e+000 -5.558186905e+001 -5.558186905e+001 -5.2682e+000 -5.1839e+000 -1.2199e+000
1026 +4.119565993e+000 +4.119565993e+000 -5.761043401e+001 -5.761043401e+001 -4.7482e+000 -4.9084e+000 -1.7087e+000
1041 +3.989614295e+000 +3.989614295e+000 -5.774038570e+001 -5.774038570e+001 -4.4957e+000 -4.6766e+000 -2.0292e+000
1049 +2.920260413e+000 +2.920260413e+000 -5.880973959e+001 -5.880973959e+001 -4.2574e+000 -4.9015e+000 -1.5852e+000
1323 +1.983923582e+000 +1.983923582e+000 -5.974607642e+001 -5.974607642e+001 -3.6174e+000 -4.8366e+000 -2.0841e+000
% function evaluation | noise-free fitness - Fopt (-2.930000000000e+000) | best noise-free fitness - Fopt | measured fitness | best measured fitness | x1 | x2...
1 +6.345331924e+001 +6.345331924e+001 +6.052331924e+001 +6.052331924e+001 +0.0000e+000 +0.0000e+000 +0.0000e+000
2 +8.014920071e+000 +8.014920071e+000 +5.084920071e+000 +5.084920071e+000 +2.2627e+000 -8.5162e-001 -9.7821e-001
246 +6.607505835e+000 +6.607505835e+000 +3.677505835e+000 +3.677505835e+000 +2.2956e+000 -8.5400e-001 -7.0166e-001
305 +2.473800740e+000 +2.473800740e+000 -4.561992597e-001 -4.561992597e-001 +2.4024e+000 -8.2906e-001 -1.2828e+000
336 +1.838523560e+000 +1.838523560e+000 -1.091476440e+000 -1.091476440e+000 +2.8995e+000 -8.0189e-001 -1.2778e+000
437 +6.184501851e-001 +6.184501851e-001 -2.311549815e+000 -2.311549815e+000 +2.7921e+000 +1.9035e-001 -1.2435e+000
481 +5.512400643e-001 +5.512400643e-001 -2.378759936e+000 -2.378759936e+000 +2.8783e+000 +6.5325e-001 -1.4154e+000
654 +4.161713431e-001 +4.161713431e-001 -2.513828657e+000 -2.513828657e+000 +2.8556e+000 +2.2185e+000 -9.7312e-001
666 +2.948433054e-001 +2.948433054e-001 -2.635156695e+000 -2.635156695e+000 +2.7595e+000 +1.5402e+000 -9.8664e-001
707 +2.039656740e-001 +2.039656740e-001 -2.726034326e+000 -2.726034326e+000 +2.7815e+000 +2.3730e+000 -8.2669e-001
709 +1.791635816e-001 +1.791635816e-001 -2.750836418e+000 -2.750836418e+000 +2.6378e+000 +1.8136e+000 -1.1198e+000
715 +1.524089763e-001 +1.524089763e-001 -2.777591024e+000 -2.777591024e+000 +2.7376e+000 +1.8561e+000 -9.7199e-001
737 +8.819841028e-002 +8.819841028e-002 -2.841801590e+000 -2.841801590e+000 +2.6778e+000 +1.4817e+000 -1.0602e+000
759 +4.961160578e-002 +4.961160578e-002 -2.880388394e+000 -2.880388394e+000 +2.6746e+000 +1.5417e+000 -1.0522e+000
772 +1.485743821e-002 +1.485743821e-002 -2.915142562e+000 -2.915142562e+000 +2.6448e+000 +1.7980e+000 -1.0136e+000
796 +9.650548805e-009 +9.650548805e-009 -2.929999990e+000 -2.929999990e+000 +2.5718e+000 +1.9065e+000 -9.9084e-001
% function evaluation | noise-free fitness - Fopt (1.398800000000e+002) | best noise-free fitness - Fopt | measured fitness | best measured fitness | x1 | x2...
1 +1.208209440e+002 +1.208209440e+002 +2.607009440e+002 +2.607009440e+002 +0.0000e+000 +0.0000e+000 +0.0000e+000
38 +1.187378891e+002 +1.187378891e+002 +2.586178891e+002 +2.586178891e+002 +4.0231e+000 -2.3764e+000 +6.6526e-001
63 +7.911878160e+001 +7.911878160e+001 +2.189987816e+002 +2.189987816e+002 +4.0147e+000 -2.2742e+000 -1.2753e-001
74 +6.562367502e+001 +6.562367502e+001 +2.055036750e+002 +2.055036750e+002 +4.0203e+000 -2.8713e+000 -3.9639e-001
87 +5.179263190e+001 +5.179263190e+001 +1.916726319e+002 +1.916726319e+002 +4.0075e+000 -2.8733e+000 -1.4663e+000
109 +4.016851775e+001 +4.016851775e+001 +1.800485178e+002 +1.800485178e+002 +3.5939e+000 -2.9623e+000 -1.1110e+000
139 +3.019321230e+001 +3.019321230e+001 +1.700732123e+002 +1.700732123e+002 +3.5323e+000 -2.9257e+000 -1.4348e+000
152 +1.172207345e+001 +1.172207345e+001 +1.516020735e+002 +1.516020735e+002 +2.7930e+000 -1.5984e+000 -1.8259e+000
169 +1.016014812e+001 +1.016014812e+001 +1.500401481e+002 +1.500401481e+002 +2.5645e+000 -2.3885e+000 -1.0264e+000
184 +2.595160093e+000 +2.595160093e+000 +1.424751601e+002 +1.424751601e+002 +1.4217e+000 -6.1070e-001 -1.9687e+000
247 +1.869460787e+000 +1.869460787e+000 +1.417494608e+002 +1.417494608e+002 +1.7023e+000 -5.1940e-001 -1.8919e+000
% function evaluation | noise-free fitness - Fopt (-2.290200000000e+002) | best noise-free fitness - Fopt | measured fitness | best measured fitness | x1 | x2...
1 +9.971659473e+000 +9.971659473e+000 -2.190483405e+002 -2.190483405e+002 +0.0000e+000 +0.0000e+000 +0.0000e+000
304 +9.581107614e+000 +9.581107614e+000 -2.194388924e+002 -2.194388924e+002 +1.3582e+000 +1.7069e+000 -1.5199e+000
847 +8.358341813e+000 +8.358341813e+000 -2.206616582e+002 -2.206616582e+002 +1.7576e+000 +1.9659e+000 -9.8190e-001
998 +6.695947118e+000 +6.695947118e+000 -2.223240529e+002 -2.223240529e+002 +1.5198e+000 +1.9609e+000 -3.6962e-001
1275 +5.308349156e+000 +5.308349156e+000 -2.237116508e+002 -2.237116508e+002 +7.0954e-001 +1.4888e+000 -5.7415e-001
1436 +4.256771771e+000 +4.256771771e+000 -2.247632282e+002 -2.247632282e+002 +7.8845e-001 +1.6406e+000 +3.5659e-001
1482 +3.163816948e+000 +3.163816948e+000 -2.258561831e+002 -2.258561831e+002 -2.1720e-001 +5.9251e-001 -9.1343e-004
% function evaluation | noise-free fitness - Fopt (6.198000000000e+001) | best noise-free fitness - Fopt | measured fitness | best measured fitness | x1 | x2...
1 +4.144464544e+002 +4.144464544e+002 +4.764264544e+002 +4.764264544e+002 +0.0000e+000 +0.0000e+000 +0.0000e+000
64 +3.005869541e+002 +3.005869541e+002 +3.625669541e+002 +3.625669541e+002 -4.0321e+000 +4.8999e+000 +8.6808e+000
100 +1.719842633e+002 +1.719842633e+002 +2.339642633e+002 +2.339642633e+002 -3.1829e+000 +4.4846e+000 +9.3814e+000
139 +1.670208741e+002 +1.670208741e+002 +2.290008741e+002 +2.290008741e+002 -3.7482e+000 +4.0166e+000 +1.0532e+001
171 +1.423151340e+002 +1.423151340e+002 +2.042951340e+002 +2.042951340e+002 -3.8143e+000 +1.7258e+000 +8.8692e+000
189 +1.246730320e+002 +1.246730320e+002 +1.866530320e+002 +1.866530320e+002 -3.9101e+000 +1.1833e+000 +9.5190e+000
212 +1.203673610e+002 +1.203673610e+002 +1.823473610e+002 +1.823473610e+002 -3.8083e+000 +1.7752e+000 +9.6213e+000
231 +1.130959299e+002 +1.130959299e+002 +1.750759299e+002 +1.750759299e+002 -3.8057e+000 +1.6087e-001 +9.6422e+000
242 +1.059854397e+002 +1.059854397e+002 +1.679654397e+002 +1.679654397e+002 -3.6557e+000 +4.0934e-001 +9.3033e+000
246 +1.006187954e+002 +1.006187954e+002 +1.625987954e+002 +1.625987954e+002 -3.7183e+000 +6.5799e-001 +9.1048e+000
270 +9.350496124e+001 +9.350496124e+001 +1.554849612e+002 +1.554849612e+002 -3.7554e+000 -7.8822e-001 +8.9174e+000
280 +8.230423226e+001 +8.230423226e+001 +1.442842323e+002 +1.442842323e+002 -3.5461e+000 -2.2775e+000 +8.1672e+000
303 +8.048070760e+001 +8.048070760e+001 +1.424607076e+002 +1.424607076e+002 -3.5572e+000 -1.7093e+000 +7.7703e+000
306 +7.720656660e+001 +7.720656660e+001 +1.391865666e+002 +1.391865666e+002 -3.5910e+000 -1.9003e+000 +7.8586e+000
307 +7.229667862e+001 +7.229667862e+001 +1.342766786e+002 +1.342766786e+002 -3.6285e+000 -1.3024e+000 +8.0040e+000
334 +6.337945246e+001 +6.337945246e+001 +1.253594525e+002 +1.253594525e+002 -3.6827e+000 -2.4244e+000 +7.4106e+000
377 +5.504894663e+001 +5.504894663e+001 +1.170289466e+002 +1.170289466e+002 -3.4601e+000 -4.6384e+000 +6.2806e+000
384 +3.528205031e+001 +3.528205031e+001 +9.726205031e+001 +9.726205031e+001 -2.2735e+000 -3.2282e+000 +5.4483e+000
500 +3.300623589e+001 +3.300623589e+001 +9.498623589e+001 +9.498623589e+001 -1.8207e+000 -1.5377e+000 +5.7900e+000
532 +3.199361155e+001 +3.199361155e+001 +9.397361155e+001 +9.397361155e+001 -1.7974e+000 -2.1004e+000 +5.4002e+000
534 +3.064539777e+001 +3.064539777e+001 +9.262539777e+001 +9.262539777e+001 -1.6147e+000 -3.2448e+000 +4.8609e+000
536 +2.612724380e+001 +2.612724380e+001 +8.810724380e+001 +8.810724380e+001 -1.1284e+000 -2.0598e+000 +5.4923e+000
567 +2.550731739e+001 +2.550731739e+001 +8.748731739e+001 +8.748731739e+001 -1.1124e+000 -3.4883e+000 +4.3573e+000
607 +2.191110294e+001 +2.191110294e+001 +8.389110294e+001 +8.389110294e+001 -1.2768e+000 -1.4748e+000 +5.0854e+000
633 +2.097371994e+001 +2.097371994e+001 +8.295371994e+001 +8.295371994e+001 -1.0489e+000 -2.4450e+000 +4.6525e+000
1239 +1.916858585e+001 +1.916858585e+001 +8.114858585e+001 +8.114858585e+001 -2.8337e-001 -4.8523e-001 +4.3562e+000
1248 +1.784569814e+001 +1.784569814e+001 +7.982569814e+001 +7.982569814e+001 -4.6276e-001 -1.3013e+000 +4.5348e+000
1262 +1.662424156e+001 +1.662424156e+001 +7.860424156e+001 +7.860424156e+001 -2.5716e-001 -8.3066e-001 +4.5480e+000
1273 +1.371997382e+001 +1.371997382e+001 +7.569997382e+001 +7.569997382e+001 -6.1496e-003 -1.6167e+000 +4.2429e+000
1295 +1.213230213e+001 +1.213230213e+001 +7.411230213e+001 +7.411230213e+001 +7.1000e-001 +6.6090e-001 +4.0185e+000
1313 +1.154292054e+001 +1.154292054e+001 +7.352292054e+001 +7.352292054e+001 +2.0317e-001 -3.1579e-001 +4.1037e+000
1345 +5.475952834e+000 +5.475952834e+000 +6.745595283e+001 +6.745595283e+001 +9.8627e-001 +2.6662e-002 +3.4718e+000
1365 +4.303729291e+000 +4.303729291e+000 +6.628372929e+001 +6.628372929e+001 +1.4339e+000 -1.0451e+000 +2.7135e+000
1380 +4.261224893e+000 +4.261224893e+000 +6.624122489e+001 +6.624122489e+001 +3.9527e+000 +2.2312e+000 +1.7129e+000
1406 +2.559833549e+000 +2.559833549e+000 +6.453983355e+001 +6.453983355e+001 +2.7693e+000 -3.4811e-001 +1.4778e+000
1412 +2.570716133e-001 +2.570716133e-001 +6.223707161e+001 +6.223707161e+001 +2.7674e+000 +6.5087e-001 +1.6409e+000
% function evaluation | noise-free fitness - Fopt (-2.359000000000e+001) | best noise-free fitness - Fopt | measured fitness | best measured fitness | x1 | x2...
1 +1.692778483e+002 +1.692778483e+002 +1.456878483e+002 +1.456878483e+002 +0.0000e+000 +0.0000e+000 +0.0000e+000
2 +1.609526309e+002 +1.609526309e+002 +1.373626309e+002 +1.373626309e+002 +1.5677e+000 +3.9594e-001 +1.0410e+000
54 +1.354729010e+002 +1.354729010e+002 +1.118829010e+002 +1.118829010e+002 +1.1883e+000 +3.9154e-001 +1.0959e+000
67 +1.247945064e+002 +1.247945064e+002 +1.012045064e+002 +1.012045064e+002 +1.4651e+000 +4.0802e-001 +1.2026e+000
93 +1.105710179e+002 +1.105710179e+002 +8.698101786e+001 +8.698101786e+001 +5.0922e-001 +3.7791e-001 +1.0218e+000
103 +8.059101150e+001 +8.059101150e+001 +5.700101150e+001 +5.700101150e+001 +5.9980e-001 +3.7595e-001 +1.3791e+000
114 +2.221347689e+001 +2.221347689e+001 -1.376523110e+000 -1.376523110e+000 -1.4805e+000 +3.6669e-001 +1.2125e+000
131 +1.740242702e+001 +1.740242702e+001 -6.187572978e+000 -6.187572978e+000 -3.1957e+000 +3.6080e-001 +1.4082e+000
148 +8.761398983e+000 +8.761398983e+000 -1.482860102e+001 -1.482860102e+001 -7.9964e-001 +2.8200e-001 +2.9055e+000
162 +6.736820222e+000 +6.736820222e+000 -1.685317978e+001 -1.685317978e+001 -2.1285e+000 +3.3893e-001 +2.6502e+000
228 +5.769503722e+000 +5.769503722e+000 -1.782049628e+001 -1.782049628e+001 -1.8037e+000 +5.6263e-001 +2.4210e+000
255 +5.287603496e+000 +5.287603496e+000 -1.830239650e+001 -1.830239650e+001 -1.4908e+000 +5.6075e-001 +2.5201e+000
257 +4.350606756e+000 +4.350606756e+000 -1.923939324e+001 -1.923939324e+001 -1.6857e+000 +1.1661e+000 +2.4723e+000
260 +4.247918709e+000 +4.247918709e+000 -1.934208129e+001 -1.934208129e+001 -1.4722e+000 +8.6733e-001 +2.4522e+000
262 +2.324305948e+000 +2.324305948e+000 -2.126569405e+001 -2.126569405e+001 -1.4971e+000 +1.7421e+000 +2.4796e+000
292 +2.154876685e+000 +2.154876685e+000 -2.143512332e+001 -2.143512332e+001 -1.5756e+000 +2.3576e+000 +2.4947e+000
389 +1.661707978e+000 +1.661707978e+000 -2.192829202e+001 -2.192829202e+001 -1.0961e+000 +1.3241e+000 +2.9114e+000
412 +5.554106777e-001 +5.554106777e-001 -2.303458932e+001 -2.303458932e+001 -8.1645e-001 +2.0941e+000 +2.8892e+000
437 +2.884807907e-001 +2.884807907e-001 -2.330151921e+001 -2.330151921e+001 -6.4957e-001 +2.1138e+000 +2.8700e+000
464 +1.835612596e-001 +1.835612596e-001 -2.340643874e+001 -2.340643874e+001 -6.1327e-001 +2.0208e+000 +3.0978e+000
467 +1.740242702e-001 +1.740242702e-001 -2.341597573e+001 -2.341597573e+001 -6.1923e-001 +2.1442e+000 +2.9201e+000
512 +1.183855082e-001 +1.183855082e-001 -2.347161449e+001 -2.347161449e+001 -6.2966e-001 +2.0826e+000 +2.9585e+000
639 +8.677124886e-002 +8.677124886e-002 -2.350322875e+001 -2.350322875e+001 -5.4383e-001 +2.3593e+000 +3.0033e+000
741 +7.243213773e-002 +7.243213773e-002 -2.351756786e+001 -2.351756786e+001 -4.6885e-001 +2.4034e+000 +2.9997e+000
802 +3.056215972e-002 +3.056215972e-002 -2.355943784e+001 -2.355943784e+001 -4.3392e-001 +2.3358e+000 +3.0122e+000
822 +2.324305948e-002 +2.324305948e-002 -2.356675694e+001 -2.356675694e+001 -4.7106e-001 +2.3848e+000 +3.0316e+000
850 +2.154876685e-002 +2.154876685e-002 -2.356845123e+001 -2.356845123e+001 -4.6268e-001 +2.4007e+000 +3.0586e+000
868 +1.791487283e-002 +1.791487283e-002 -2.357208513e+001 -2.357208513e+001 -3.3429e-001 +2.3619e+000 +3.1494e+000
889 +1.827499041e-007 +1.827499041e-007 -2.358999982e+001 -2.358999982e+001 -3.3750e-001 +2.4398e+000 +3.1206e+000
938 +6.476171066e-008 +6.476171066e-008 -2.358999994e+001 -2.358999994e+001 -3.2408e-001 +2.4433e+000 +3.1267e+000
992 +3.626555412e-008 +3.626555412e-008 -2.358999996e+001 -2.358999996e+001 -3.2414e-001 +2.4315e+000 +3.1223e+000
1022 +1.481035028e-008 +1.481035028e-008 -2.358999999e+001 -2.358999999e+001 -3.2287e-001 +2.4284e+000 +3.1194e+000
1024 +1.980449582e-009 +1.980449582e-009 -2.359000000e+001 -2.359000000e+001 -3.2160e-001 +2.4273e+000 +3.1215e+000
% function evaluation | noise-free fitness - Fopt (-1.214300000000e+002) | best noise-free fitness - Fopt | measured fitness | best measured fitness | x1 | x2...
1 +1.934090499e+001 +1.934090499e+001 -1.020890950e+002 -1.020890950e+002 +0.0000e+000 +0.0000e+000 +0.0000e+000
768 +1.821825823e+001 +1.821825823e+001 -1.032117418e+002 -1.032117418e+002 +6.7352e-001 +9.6064e-001 +1.7210e+000
796 +1.638271730e+001 +1.638271730e+001 -1.050472827e+002 -1.050472827e+002 +1.0226e+000 +1.8137e-001 +1.4205e+000
807 +9.741042080e+000 +9.741042080e+000 -1.116889579e+002 -1.116889579e+002 +8.4233e-001 +7.3636e-001 -3.5099e-001
816 +8.900354908e+000 +8.900354908e+000 -1.125296451e+002 -1.125296451e+002 +4.4302e-001 +4.9999e-001 +7.2705e-001
829 +7.999674979e+000 +7.999674979e+000 -1.134303250e+002 -1.134303250e+002 +9.5871e-001 +6.7601e-001 -4.8519e-003
852 +7.868934496e+000 +7.868934496e+000 -1.135610655e+002 -1.135610655e+002 +9.8222e-001 +7.4232e-001 +2.5087e-001
858 +6.673046806e+000 +6.673046806e+000 -1.147569532e+002 -1.147569532e+002 +9.8523e-001 +7.3719e-001 -6.1061e-001
979 +4.787686889e+000 +4.787686889e+000 -1.166423131e+002 -1.166423131e+002 +1.6425e+000 +8.1726e-001 -1.0169e+000
1039 +4.132623685e+000 +4.132623685e+000 -1.172973763e+002 -1.172973763e+002 +1.4874e+000 +9.1631e-001 -1.2634e+000
1062 +2.661582742e+000 +2.661582742e+000 -1.187684173e+002 -1.187684173e+002 +1.9079e+000 +1.1655e+000 -1.5752e+000
1114 +2.605140502e+000 +2.605140502e+000 -1.188248595e+002 -1.188248595e+002 +1.8473e+000 +1.2997e+000 -1.4568e+000
1183 +1.973962678e+000 +1.973962678e+000 -1.194560373e+002 -1.194560373e+002 +2.1387e+000 +1.6545e+000 -1.5555e+000
% function evaluation | noise-free fitness - Fopt (-3.364000000000e+001) | best noise-free fitness - Fopt | measured fitness | best measured fitness | x1 | x2...
1 +7.032136413e+001 +7.032136413e+001 +3.668136413e+001 +3.668136413e+001 +0.0000e+000 +0.0000e+000 +0.0000e+000
2 +6.829122129e+001 +6.829122129e+001 +3.465122129e+001 +3.465122129e+001 +3.1469e+000 -4.1062e+000 +2.7293e+000
75 +4.979982822e+001 +4.979982822e+001 +1.615982822e+001 +1.615982822e+001 +3.1487e+000 -3.8200e+000 +2.7296e+000
95 +3.723076506e+001 +3.723076506e+001 +3.590765061e+000 +3.590765061e+000 +3.1524e+000 -3.5155e+000 +2.6850e+000
113 +1.167048881e+001 +1.167048881e+001 -2.196951119e+001 -2.196951119e+001 +3.1606e+000 -9.2281e-001 +2.7166e+000
136 +1.024155216e+001 +1.024155216e+001 -2.339844784e+001 -2.339844784e+001 +3.1275e+000 -1.0643e+000 +2.6179e+000
141 +8.926868002e+000 +8.926868002e+000 -2.471313200e+001 -2.471313200e+001 +3.1115e+000 +4.1443e-001 +2.7755e+000
161 +7.455590553e+000 +7.455590553e+000 -2.618440945e+001 -2.618440945e+001 +3.1219e+000 +1.0996e+000 +2.8535e+000
455 +4.461877746e+000 +4.461877746e+000 -2.917812225e+001 -2.917812225e+001 +2.5569e+000 +1.2312e+000 +3.0976e+000
487 +2.608388825e+000 +2.608388825e+000 -3.103161118e+001 -3.103161118e+001 +1.2413e+000 +1.6537e+000 +2.5461e+000
500 +1.998912345e+000 +1.998912345e+000 -3.164108766e+001 -3.164108766e+001 +2.2117e+000 +1.0403e+000 +2.7275e+000
527 +1.778452031e+000 +1.778452031e+000 -3.186154797e+001 -3.186154797e+001 +2.0019e+000 +9.7249e-001 +2.4903e+000
531 +1.640710898e+000 +1.640710898e+000 -3.199928910e+001 -3.199928910e+001 +1.5167e+000 +1.2885e+000 +2.6386e+000
552 +1.134558830e+000 +1.134558830e+000 -3.250544117e+001 -3.250544117e+001 +1.3290e+000 +7.7260e-001 +2.3665e+000
558 +9.430392087e-001 +9.430392087e-001 -3.269696079e+001 -3.269696079e+001 +1.4265e+000 +7.7603e-001 +2.2420e+000
604 +7.033982826e-001 +7.033982826e-001 -3.293660172e+001 -3.293660172e+001 +1.3435e+000 +1.1997e+000 +2.4798e+000
642 +6.248115083e-001 +6.248115083e-001 -3.301518849e+001 -3.301518849e+001 +9.6223e-001 +4.9607e-001 +1.8905e+000
% function evaluation | noise-free fitness - Fopt (-5.323000000000e+001) | best noise-free fitness - Fopt | measured fitness | best measured fitness | x1 | x2...
1 +7.585494892e+001 +7.585494892e+001 +2.262494892e+001 +2.262494892e+001 +0.0000e+000 +0.0000e+000 +0.0000e+000
126 +6.321647697e+001 +6.321647697e+001 +9.986476967e+000 +9.986476967e+000 +4.4600e+000 +2.5479e+000 -2.1001e+000
154 +4.832308840e+001 +4.832308840e+001 -4.906911602e+000 -4.906911602e+000 +2.7272e+000 +1.3414e+000 -2.1163e+000
160 +2.793185847e+001 +2.793185847e+001 -2.529814153e+001 -2.529814153e+001 +4.1071e+000 +1.2129e+000 -2.1125e+000
173 +2.009966886e+001 +2.009966886e+001 -3.313033114e+001 -3.313033114e+001 +3.6518e+000 +6.3382e-001 -2.1940e+000
192 +1.624659502e+001 +1.624659502e+001 -3.698340498e+001 -3.698340498e+001 +3.8814e+000 +2.5864e-001 -2.1870e+000
200 +4.660698429e+000 +4.660698429e+000 -4.856930157e+001 -4.856930157e+001 +1.3031e+000 -1.0631e+000 -2.1247e+000
217 +9.462411331e-001 +9.462411331e-001 -5.228375887e+001 -5.228375887e+001 +1.9363e+000 -3.8066e-001 -2.2151e+000
272 +2.484466455e-001 +2.484466455e-001 -5.298155335e+001 -5.298155335e+001 +1.2245e+000 -6.4324e-001 -1.8954e+000
305 +2.106376101e-001 +2.106376101e-001 -5.301936239e+001 -5.301936239e+001 +1.2713e+000 -7.1712e-001 -1.8556e+000
% function evaluation | noise-free fitness - Fopt (-3.280000000000e+001) | best noise-free fitness - Fopt | measured fitness | best measured fitness | x1 | x2...
1 +1.273988540e+002 +1.273988540e+002 +9.459885396e+001 +9.459885396e+001 +0.0000e+000 +0.0000e+000 +0.0000e+000
322 +8.584140060e+001 +8.584140060e+001 +5.304140060e+001 +5.304140060e+001 -2.8579e+000 -3.4362e-001 +8.5938e+000
343 +7.838405045e+001 +7.838405045e+001 +4.558405045e+001 +4.558405045e+001 -2.5671e+000 -1.0571e-001 +9.7684e+000
393 +6.258933832e+001 +6.258933832e+001 +2.978933832e+001 +2.978933832e+001 -1.9555e+000 -2.3141e+000 +1.0469e+001
403 +6.114299826e+001 +6.114299826e+001 +2.834299826e+001 +2.834299826e+001 -2.2490e+000 -8.4750e-001 +9.4989e+000
409 +5.703851893e+001 +5.703851893e+001 +2.423851893e+001 +2.423851893e+001 -2.0948e+000 -2.5582e+000 +9.3241e+000
410 +5.015491307e+001 +5.015491307e+001 +1.735491307e+001 +1.735491307e+001 -2.0359e+000 -1.9733e+000 +8.7834e+000
440 +4.185025539e+001 +4.185025539e+001 +9.050255395e+000 +9.050255395e+000 -1.5539e+000 -1.9901e+000 +8.7856e+000
453 +4.068338984e+001 +4.068338984e+001 +7.883389838e+000 +7.883389838e+000 -1.6084e+000 -2.3271e+000 +8.6282e+000
472 +3.693701092e+001 +3.693701092e+001 +4.137010918e+000 +4.137010918e+000 -1.4884e+000 -2.2421e+000 +8.1668e+000
479 +3.494716954e+001 +3.494716954e+001 +2.147169541e+000 +2.147169541e+000 -1.5555e+000 -1.5266e+000 +8.2698e+000
494 +3.243395772e+001 +3.243395772e+001 -3.660422769e-001 -3.660422769e-001 -1.1929e+000 -2.0022e+000 +8.1712e+000
499 +3.047692025e+001 +3.047692025e+001 -2.323079754e+000 -2.323079754e+000 -8.5061e-001 -2.0510e+000 +8.0351e+000
515 +2.924465792e+001 +2.924465792e+001 -3.555342079e+000 -3.555342079e+000 -8.9467e-001 -1.8714e+000 +7.8248e+000
526 +2.672506041e+001 +2.672506041e+001 -6.074939594e+000 -6.074939594e+000 -9.7934e-001 -1.7501e+000 +7.3367e+000
550 +2.172215861e+001 +2.172215861e+001 -1.107784139e+001 -1.107784139e+001 -4.9577e-001 -2.2620e+000 +6.9559e+000
559 +2.066738089e+001 +2.066738089e+001 -1.213261911e+001 -1.213261911e+001 -4.8797e-001 -1.2080e+000 +7.1095e+000
569 +1.440959706e+001 +1.440959706e+001 -1.839040294e+001 -1.839040294e+001 -3.6536e-001 -1.5526e+000 +5.5756e+000
572 +1.092166743e+001 +1.092166743e+001 -2.187833257e+001 -2.187833257e+001 +1.3608e-001 -1.2683e+000 +4.0225e+000
581 +1.070399702e+001 +1.070399702e+001 -2.209600298e+001 -2.209600298e+001 +7.2986e-001 -1.3105e+000 +4.6605e+000
593 +9.103514167e+000 +9.103514167e+000 -2.369648583e+001 -2.369648583e+001 +3.6668e-001 -1.2495e+000 +4.8056e+000
611 +6.063833325e+000 +6.063833325e+000 -2.673616667e+001 -2.673616667e+001 +6.4115e-001 -1.0658e+000 +3.9790e+000
622 +5.435609263e+000 +5.435609263e+000 -2.736439074e+001 -2.736439074e+001 +1.6282e+000 -1.0427e+000 +2.2552e+000
1016 +5.295539586e+000 +5.295539586e+000 -2.750446041e+001 -2.750446041e+001 +8.8919e-001 -7.7726e-001 +3.5180e+000
1254 +3.982290837e+000 +3.982290837e+000 -2.881770916e+001 -2.881770916e+001 +8.6904e-001 -3.6742e-001 +2.4571e+000
1303 +2.978741017e+000 +2.978741017e+000 -2.982125898e+001 -2.982125898e+001 +1.4457e+000 -7.3119e-001 +2.6279e+000
1398 +2.562690797e+000 +2.562690797e+000 -3.023730920e+001 -3.023730920e+001 +1.3819e+000 -2.4421e-001 +1.1247e+000
1468 +1.323884896e+000 +1.323884896e+000 -3.147611510e+001 -3.147611510e+001 +1.6489e+000 -1.7514e-001 +1.2098e+000
1493 +3.309712241e-001 +3.309712241e-001 -3.246902878e+001 -3.246902878e+001 +1.9167e+000 +1.6597e-001 +1.2396e-001
