% function evaluation | noise-free fitness - Fopt (-1.000000000000e+003) | best noise-free fitness - Fopt | measured fitness | best measured fitness | x1 | x2...
1 +1.610802346e+001 +1.610802346e+001 -9.838919765e+002 -9.838919765e+002 +0.0000e+000 +0.0000e+000 +0.0000e+000
% function evaluation | noise-free fitness - Fopt (1.000000000000e+003) | best noise-free fitness - Fopt | measured fitness | best measured fitness | x1 | x2...
1 +6.769756298e+001 +6.769756298e+001 +1.067697563e+003 +1.067697563e+003 +0.0000e+000 +0.0000e+000 +0.0000e+000
38 +6.053253489e+001 +6.053253489e+001 +1.060532535e+003 +1.060532535e+003 +1.0097e+000 +1.5992e+000 -5.3349e-001
52 +4.900572432e+001 +4.900572432e+001 +1.049005724e+003 +1.049005724e+003 +1.0078e+000 +1.4094e+000 -7.0427e-001
62 +4.606199234e+001 +4.606199234e+001 +1.046061992e+003 +1.046061992e+003 +1.0222e+000 +1.4314e+000 -1.2852e+000
66 +3.975922556e+001 +3.975922556e+001 +1.039759226e+003 +1.039759226e+003 +1.0041e+000 +1.3319e+000 -1.1696e+000
69 +2.745521280e+001 +2.745521280e+001 +1.027455213e+003 +1.027455213e+003 +1.0046e+000 +1.0287e+000 -8.9436e-001
70 +2.279388349e+001 +2.279388349e+001 +1.022793883e+003 +1.022793883e+003 +1.0074e+000 +1.7549e-001 -7.6834e-001
83 +2.063662096e+001 +2.063662096e+001 +1.020636621e+003 +1.020636621e+003 +1.0123e+000 +6.4495e-001 -8.3454e-001
94 +2.003604317e+001 +2.003604317e+001 +1.020036043e+003 +1.020036043e+003 +1.0084e+000 +6.2914e-001 -1.0007e+000
103 +1.980546168e+001 +1.980546168e+001 +1.019805462e+003 +1.019805462e+003 +1.0073e+000 +5.5209e-001 -9.5487e-001
110 +1.937606854e+001 +1.937606854e+001 +1.019376069e+003 +1.019376069e+003 +1.0163e+000 +5.0598e-001 -1.1336e+000
158 +1.884113187e+001 +1.884113187e+001 +1.018841132e+003 +1.018841132e+003 +1.0173e+000 +5.4035e-001 -1.5339e+000
174 +8.649023566e+000 +8.649023566e+000 +1.008649024e+003 +1.008649024e+003 +1.0136e+000 +3.8014e-001 -4.2042e+000
213 +7.587712913e+000 +7.587712913e+000 +1.007587713e+003 +1.007587713e+003 +1.9926e+000 +6.4144e-001 -4.0119e+000
217 +5.314281948e+000 +5.314281948e+000 +1.005314282e+003 +1.005314282e+003 +8.3717e-001 +5.1131e-001 -4.5911e+000
347 +5.153938876e+000 +5.153938876e+000 +1.005153939e+003 +1.005153939e+003 +9.7409e-001 +3.6876e-001 -4.5446e+000
378 +5.126569309e+000 +5.126569309e+000 +1.005126569e+003 +1.005126569e+003 +9.7607e-001 +4.7015e-001 -4.5487e+000
% function evaluation | noise-free fitness - Fopt (-4.913000000000e+001) | best noise-free fitness - Fopt | measured fitness | best measured fitness | x1 | x2...
1 +5.988076993e+001 +5.988076993e+001 +1.075076993e+001 +1.075076993e+001 +0.0000e+000 +0.0000e+000 +0.0000e+000
115 +1.804737286e+001 +1.804737286e+001 -3.108262714e+001 -3.108262714e+001 -3.2084e+000 -1.2093e+000 +2.8136e+000
124 +1.156408719e+000 +1.156408719e+000 -4.797359128e+001 -4.797359128e+001 -3.2106e+000 -1.2352e+000 +4.2383e+000
144 +1.044556306e+000 +1.044556306e+000 -4.808544369e+001 -4.808544369e+001 -3.2028e+000 -1.2998e+000 +4.5012e+000
153 +9.009297090e-001 +9.009297090e-001 -4.822907029e+001 -4.822907029e+001 -3.1960e+000 -1.2135e+000 +4.5784e+000
169 +8.896307224e-001 +8.896307224e-001 -4.824036928e+001 -4.824036928e+001 -3.1913e+000 -1.2331e+000 +4.3882e+000
171 +8.239968099e-001 +8.239968099e-001 -4.830600319e+001 -4.830600319e+001 -3.1868e+000 -1.1314e+000 +4.3137e+000
172 +7.274946468e-001 +7.274946468e-001 -4.840250535e+001 -4.840250535e+001 -3.1875e+000 -1.1183e+000 +4.4899e+000
214 +7.032992708e-001 +7.032992708e-001 -4.842670073e+001 -4.842670073e+001 -3.1934e+000 -1.0378e+000 +4.4728e+000
% function evaluation | noise-free fitness - Fopt (2.977300000000e+002) | best noise-free fitness - Fopt | measured fitness | best measured fitness | x1 | x2...
1 +4.847377275e+001 +4.847377275e+001 +3.462037728e+002 +3.462037728e+002 +0.0000e+000 +0.0000e+000 +0.0000e+000
66 +4.504782711e+001 +4.504782711e+001 +3.427778271e+002 +3.427778271e+002 -2.9994e-001 +4.7902e+000 +3.1669e+000
82 +4.269992044e+001 +4.269992044e+001 +3.404299204e+002 +3.404299204e+002 -4.4176e-001 +4.7006e+000 +3.2107e+000
85 +3.990572074e+001 +3.990572074e+001 +3.376357207e+002 +3.376357207e+002 -1.0721e+000 +4.8187e+000 +3.4370e+000
86 +1.641690509e+001 +1.641690509e+001 +3.141469051e+002 +3.141469051e+002 -1.2105e+000 +4.7308e+000 +2.7626e+000
90 +8.466518989e+000 +8.466518989e+000 +3.061965190e+002 +3.061965190e+002 -1.3219e+000 +4.6971e+000 +2.4372e+000
100 +1.635430614e+000 +1.635430614e+000 +2.993654306e+002 +2.993654306e+002 -2.0509e+000 +4.7434e+000 +1.0515e+000
129 +1.179462544e+000 +1.179462544e+000 +2.989094625e+002 +2.989094625e+002 -1.9331e+000 +4.8087e+000 +1.1139e+000
155 +8.426892222e-001 +8.426892222e-001 +2.985726892e+002 +2.985726892e+002 -1.7833e+000 +4.8600e+000 +1.2842e+000
174 +8.092912586e-001 +8.092912586e-001 +2.985392913e+002 +2.985392913e+002 -1.6964e+000 +4.8497e+000 +1.2924e+000
190 +7.518251034e-001 +7.518251034e-001 +2.984818251e+002 +2.984818251e+002 -1.6180e+000 +4.7785e+000 +1.3006e+000
218 +7.014782727e-001 +7.014782727e-001 +2.984314783e+002 +2.984314783e+002 -1.6980e+000 +4.6790e+000 +1.3653e+000
% function evaluation | noise-free fitness - Fopt (5.157000000000e+001) | best noise-free fitness - Fopt | measured fitness | best measured fitness | x1 | x2...
1 +6.905006003e+001 +6.905006003e+001 +1.206200600e+002 +1.206200600e+002 +0.0000e+000 +0.0000e+000 +0.0000e+000
33 +6.735829444e+001 +6.735829444e+001 +1.189282944e+002 +1.189282944e+002 -3.4330e+000 -3.6032e+000 -1.2511e+000
34 +6.462101410e+001 +6.462101410e+001 +1.161910141e+002 +1.161910141e+002 -3.2918e+000 -3.5725e+000 -1.7588e+000
50 +6.379316628e+001 +6.379316628e+001 +1.153631663e+002 +1.153631663e+002 -3.7245e+000 -3.5975e+000 -2.6461e+000
55 +5.593089285e+001 +5.593089285e+001 +1.075008929e+002 +1.075008929e+002 -3.3926e+000 -3.7557e+000 -2.2738e+000
57 +5.322817844e+001 +5.322817844e+001 +1.047981784e+002 +1.047981784e+002 -3.3845e+000 -3.5980e+000 -2.3303e+000
68 +2.001418705e+001 +2.001418705e+001 +7.158418705e+001 +7.158418705e+001 -3.4624e+000 -3.3319e+000 -7.1273e-002
98 +1.552799918e+001 +1.552799918e+001 +6.709799918e+001 +6.709799918e+001 -3.3965e+000 -3.0117e+000 -6.1567e-001
136 +1.510878599e+001 +1.510878599e+001 +6.667878599e+001 +6.667878599e+001 -3.1968e+000 -2.8359e+000 -6.9869e-001
155 +1.473702480e+001 +1.473702480e+001 +6.630702480e+001 +6.630702480e+001 -3.4852e+000 -2.9187e+000 -6.3578e-001
186 +1.402464205e+001 +1.402464205e+001 +6.559464205e+001 +6.559464205e+001 -3.3088e+000 -2.9151e+000 -5.5014e-001
205 +1.351993659e+001 +1.351993659e+001 +6.508993659e+001 +6.508993659e+001 -3.3031e+000 -2.9778e+000 -2.9213e-001
207 +1.331327879e+001 +1.331327879e+001 +6.488327879e+001 +6.488327879e+001 -3.2253e+000 -2.9477e+000 -4.0167e-001
208 +1.311039309e+001 +1.311039309e+001 +6.468039309e+001 +6.468039309e+001 -3.2125e+000 -2.9592e+000 -3.9059e-001
227 +1.280454005e+001 +1.280454005e+001 +6.437454005e+001 +6.437454005e+001 -3.2303e+000 -3.0183e+000 -3.5809e-001
228 +1.246246451e+001 +1.246246451e+001 +6.403246451e+001 +6.403246451e+001 -2.8051e+000 -2.9421e+000 -2.7603e-001
237 +1.211394931e+001 +1.211394931e+001 +6.368394931e+001 +6.368394931e+001 -3.0267e+000 -3.0037e+000 -3.0103e-001
251 +1.196972213e+001 +1.196972213e+001 +6.353972213e+001 +6.353972213e+001 -2.8265e+000 -3.0052e+000 -2.9172e-001
261 +1.157880539e+001 +1.157880539e+001 +6.314880539e+001 +6.314880539e+001 -2.7540e+000 -2.9925e+000 -1.0731e-001
267 +1.142204697e+001 +1.142204697e+001 +6.299204697e+001 +6.299204697e+001 -2.8054e+000 -3.0605e+000 +1.4558e-001
274 +1.106220111e+001 +1.106220111e+001 +6.263220111e+001 +6.263220111e+001 -2.7022e+000 -3.0265e+000 +9.8131e-003
286 +7.810835475e+000 +7.810835475e+000 +5.938083548e+001 +5.938083548e+001 -2.0730e+000 -3.4281e+000 +9.8869e-001
407 +7.691843446e+000 +7.691843446e+000 +5.926184345e+001 +5.926184345e+001 -1.7300e+000 -3.3285e+000 +8.7564e-001
456 +7.545510424e+000 +7.545510424e+000 +5.911551042e+001 +5.911551042e+001 -1.6957e+000 -3.3421e+000 +9.4535e-001
557 +7.372538360e+000 +7.372538360e+000 +5.894253836e+001 +5.894253836e+001 -1.6962e+000 -3.3672e+000 +1.0323e+000
623 +7.231071027e+000 +7.231071027e+000 +5.880107103e+001 +5.880107103e+001 -1.6938e+000 -3.3963e+000 +1.1711e+000
632 +7.072455553e+000 +7.072455553e+000 +5.864245555e+001 +5.864245555e+001 -1.5277e+000 -3.4084e+000 +1.2888e+000
663 +6.689580606e+000 +6.689580606e+000 +5.825958061e+001 +5.825958061e+001 -1.5033e+000 -3.4649e+000 +1.3490e+000
727 +6.556679682e+000 +6.556679682e+000 +5.812667968e+001 +5.812667968e+001 -1.4386e+000 -3.4747e+000 +1.4029e+000
772 +6.406599146e+000 +6.406599146e+000 +5.797659915e+001 +5.797659915e+001 -1.3695e+000 -3.4888e+000 +1.4397e+000
785 +6.243951539e+000 +6.243951539e+000 +5.781395154e+001 +5.781395154e+001 -1.1475e+000 -3.4886e+000 +1.5134e+000
810 +6.108311192e+000 +6.108311192e+000 +5.767831119e+001 +5.767831119e+001 -1.1666e+000 -3.5038e+000 +1.5808e+000
817 +5.966806910e+000 +5.966806910e+000 +5.753680691e+001 +5.753680691e+001 -1.0799e+000 -3.5192e+000 +1.5981e+000
841 +5.290498231e+000 +5.290498231e+000 +5.686049823e+001 +5.686049823e+001 -1.0771e+000 -3.6748e+000 +1.9135e+000
878 +5.010761009e+000 +5.010761009e+000 +5.658076101e+001 +5.658076101e+001 -9.4280e-001 -3.6293e+000 +1.9076e+000
885 +4.708540582e+000 +4.708540582e+000 +5.627854058e+001 +5.627854058e+001 -6.3699e-001 -3.6541e+000 +2.0278e+000
961 +4.563041379e+000 +4.563041379e+000 +5.613304138e+001 +5.613304138e+001 -6.4360e-001 -3.6623e+000 +2.0659e+000
1014 +4.338672757e+000 +4.338672757e+000 +5.590867276e+001 +5.590867276e+001 -6.8735e-001 -3.6992e+000 +2.1364e+000
1037 +4.265263884e+000 +4.265263884e+000 +5.583526388e+001 +5.583526388e+001 -6.3536e-001 -3.7210e+000 +2.1762e+000
1068 +4.153914369e+000 +4.153914369e+000 +5.572391437e+001 +5.572391437e+001 -6.1055e-001 -3.7091e+000 +2.2505e+000
1084 +3.988620216e+000 +3.988620216e+000 +5.555862022e+001 +5.555862022e+001 -5.6543e-001 -3.7392e+000 +2.2788e+000
1101 +3.963892997e+000 +3.963892997e+000 +5.553389300e+001 +5.553389300e+001 -5.3972e-001 -3.7362e+000 +2.2884e+000
1158 +3.880424498e+000 +3.880424498e+000 +5.545042450e+001 +5.545042450e+001 -5.2332e-001 -3.7512e+000 +2.3268e+000
1185 +3.776356537e+000 +3.776356537e+000 +5.534635654e+001 +5.534635654e+001 -5.4104e-001 -3.7831e+000 +2.4295e+000
1248 +3.711710810e+000 +3.711710810e+000 +5.528171081e+001 +5.528171081e+001 -5.0532e-001 -3.7879e+000 +2.4424e+000
1294 +3.625580547e+000 +3.625580547e+000 +5.519558055e+001 +5.519558055e+001 -1.7491e-001 -3.7920e+000 +2.5050e+000
1327 +3.536385791e+000 +3.536385791e+000 +5.510638579e+001 +5.510638579e+001 -3.3266e-001 -3.7973e+000 +2.5697e+000
1349 +3.461117644e+000 +3.461117644e+000 +5.503111764e+001 +5.503111764e+001 -1.9840e-001 -3.7963e+000 +2.5809e+000
1432 +3.371860829e+000 +3.371860829e+000 +5.494186083e+001 +5.494186083e+001 -2.5803e-001 -3.8183e+000 +2.6029e+000
1485 +3.291590753e+000 +3.291590753e+000 +5.486159075e+001 +5.486159075e+001 -2.3882e-001 -3.8421e+000 +2.6463e+000
1567 +3.234273266e+000 +3.234273266e+000 +5.480427327e+001 +5.480427327e+001 -1.9933e-001 -3.8529e+000 +2.6842e+000
1664 +3.148210093e+000 +3.148210093e+000 +5.471821009e+001 +5.471821009e+001 -1.3863e-001 -3.8700e+000 +2.7472e+000
1783 +3.087722982e+000 +3.087722982e+000 +5.465772298e+001 +5.465772298e+001 -1.2666e-001 -3.8946e+000 +2.8187e+000
1860 +2.999022564e+000 +2.999022564e+000 +5.456902256e+001 +5.456902256e+001 -1.6161e-002 -3.9025e+000 +2.8813e+000
2000 +2.946375102e+000 +2.946375102e+000 +5.451637510e+001 +5.451637510e+001 +4.0445e-002 -3.9232e+000 +2.9231e+000
2177 +2.882885269e+000 +2.882885269e+000 +5.445288527e+001 +5.445288527e+001 +1.1270e-001 -3.9347e+000 +3.0075e+000
2362 +2.816738231e+000 +2.816738231e+000 +5.438673823e+001 +5.438673823e+001 +1.5855e-001 -3.9688e+000 +3.0835e+000
2601 +2.750185961e+000 +2.750185961e+000 +5.432018596e+001 +5.432018596e+001 +2.7792e-001 -3.9887e+000 +3.1768e+000
2997 +2.691246270e+000 +2.691246270e+000 +5.426124627e+001 +5.426124627e+001 +3.9544e-001 -4.0237e+000 +3.2864e+000
% function evaluation | noise-free fitness - Fopt (-4.870000000000e+000) | best noise-free fitness - Fopt | measured fitness | best measured fitness | x1 | x2...
1 +7.195257364e+001 +7.195257364e+001 +6.708257364e+001 +6.708257364e+001 +0.0000e+000 +0.0000e+000 +0.0000e+000
101 +5.624914264e+001 +5.624914264e+001 +5.137914264e+001 +5.137914264e+001 -2.6808e+000 -1.7063e+000 -2.1419e+000
121 +4.909552152e+001 +4.909552152e+001 +4.422552152e+001 +4.422552152e+001 -2.3851e+000 -1.7866e+000 -1.3902e+000
128 +7.888740327e+000 +7.888740327e+000 +3.018740327e+000 +3.018740327e+000 +3.4111e+000 -1.7560e+000 +9.3979e-001
194 +3.675935178e+000 +3.675935178e+000 -1.194064822e+000 -1.194064822e+000 +1.1808e-001 -1.6593e+000 +1.1752e+000
202 +3.417775022e+000 +3.417775022e+000 -1.452224978e+000 -1.452224978e+000 -5.5122e-001 -1.4082e+000 +3.4235e+000
256 +2.381738904e+000 +2.381738904e+000 -2.488261096e+000 -2.488261096e+000 +9.2339e-001 -1.5648e+000 +1.0529e+000
285 +2.052264840e+000 +2.052264840e+000 -2.817735160e+000 -2.817735160e+000 +7.0478e-001 -1.5402e+000 +1.3714e+000
312 +1.988764356e+000 +1.988764356e+000 -2.881235644e+000 -2.881235644e+000 +6.4936e-001 -1.5211e+000 +1.2729e+000
339 +1.940944797e+000 +1.940944797e+000 -2.929055203e+000 -2.929055203e+000 +5.8995e-001 -1.6136e+000 +1.2986e+000
359 +1.865634296e+000 +1.865634296e+000 -3.004365704e+000 -3.004365704e+000 +3.8632e-001 -1.7616e+000 +1.3403e+000
364 +1.750958290e+000 +1.750958290e+000 -3.119041710e+000 -3.119041710e+000 +3.0500e-001 -1.8066e+000 +1.3002e+000
378 +1.487060515e+000 +1.487060515e+000 -3.382939485e+000 -3.382939485e+000 +2.8199e-001 -2.2342e+000 +1.1023e+000
392 +1.445973593e+000 +1.445973593e+000 -3.424026407e+000 -3.424026407e+000 +3.3399e-001 -1.9454e+000 +1.1211e+000
434 +1.403497451e+000 +1.403497451e+000 -3.466502549e+000 -3.466502549e+000 +3.6215e-001 -1.9666e+000 +1.0983e+000
439 +1.362285775e+000 +1.362285775e+000 -3.507714225e+000 -3.507714225e+000 +2.8221e-001 -1.9984e+000 +1.1585e+000
545 +1.329869549e+000 +1.329869549e+000 -3.540130451e+000 -3.540130451e+000 +3.6705e-001 -2.0102e+000 +1.1047e+000
552 +1.283237196e+000 +1.283237196e+000 -3.586762804e+000 -3.586762804e+000 +3.2845e-001 -2.0352e+000 +1.0693e+000
577 +1.226750494e+000 +1.226750494e+000 -3.643249506e+000 -3.643249506e+000 +3.0244e-001 -2.0652e+000 +1.0955e+000
581 +1.187040765e+000 +1.187040765e+000 -3.682959235e+000 -3.682959235e+000 +3.0680e-001 -2.1182e+000 +1.0805e+000
597 +1.167215822e+000 +1.167215822e+000 -3.702784178e+000 -3.702784178e+000 +2.9617e-001 -2.1190e+000 +1.0771e+000
602 +1.108543520e+000 +1.108543520e+000 -3.761456480e+000 -3.761456480e+000 +3.0395e-001 -2.1466e+000 +1.0297e+000
605 +1.074518584e+000 +1.074518584e+000 -3.795481416e+000 -3.795481416e+000 +2.9637e-001 -2.1726e+000 +1.0143e+000
652 +1.060091878e+000 +1.060091878e+000 -3.809908122e+000 -3.809908122e+000 +2.3698e-001 -2.1834e+000 +1.0439e+000
662 +1.018073647e+000 +1.018073647e+000 -3.851926353e+000 -3.851926353e+000 +2.7054e-001 -2.2152e+000 +9.8656e-001
673 +9.734405331e-001 +9.734405331e-001 -3.896559467e+000 -3.896559467e+000 +1.9882e-001 -2.2555e+000 +1.0021e+000
692 +9.519668351e-001 +9.519668351e-001 -3.918033165e+000 -3.918033165e+000 +1.8069e-001 -2.3091e+000 +1.0055e+000
751 +9.286638706e-001 +9.286638706e-001 -3.941336129e+000 -3.941336129e+000 +2.1015e-001 -2.2967e+000 +9.7730e-001
797 +9.059751055e-001 +9.059751055e-001 -3.964024895e+000 -3.964024895e+000 +1.9885e-001 -2.3284e+000 +9.6877e-001
812 +8.858698032e-001 +8.858698032e-001 -3.984130197e+000 -3.984130197e+000 +1.4452e-001 -2.3558e+000 +9.6116e-001
848 +8.679639053e-001 +8.679639053e-001 -4.002036095e+000 -4.002036095e+000 +1.7134e-001 -2.3842e+000 +9.4972e-001
875 +8.458142978e-001 +8.458142978e-001 -4.024185702e+000 -4.024185702e+000 +1.5471e-001 -2.3990e+000 +9.3470e-001
877 +8.040324651e-001 +8.040324651e-001 -4.065967535e+000 -4.065967535e+000 +1.6381e-001 -2.5516e+000 +8.5276e-001
894 +7.731649527e-001 +7.731649527e-001 -4.096835047e+000 -4.096835047e+000 +3.4315e-002 -2.6230e+000 +8.6102e-001
918 +7.562266415e-001 +7.562266415e-001 -4.113773359e+000 -4.113773359e+000 +1.5360e-001 -2.6141e+000 +7.5770e-001
937 +7.401110526e-001 +7.401110526e-001 -4.129888947e+000 -4.129888947e+000 +1.2109e-001 -2.5997e+000 +8.0647e-001
1150 +7.238033710e-001 +7.238033710e-001 -4.146196629e+000 -4.146196629e+000 +7.6348e-002 -2.6456e+000 +7.9858e-001
1238 +6.995860687e-001 +6.995860687e-001 -4.170413931e+000 -4.170413931e+000 +2.8548e-002 -2.7540e+000 +7.3154e-001
% function evaluation | noise-free fitness - Fopt (1.511400000000e+002) | best noise-free fitness - Fopt | measured fitness | best measured fitness | x1 | x2...
1 +3.667438634e+001 +3.667438634e+001 +1.878143863e+002 +1.878143863e+002 +0.0000e+000 +0.0000e+000 +0.0000e+000
529 +1.059489734e+001 +1.059489734e+001 +1.617348973e+002 +1.617348973e+002 -1.8167e+000 +4.1811e+000 +6.2192e-001
543 +6.474607421e+000 +6.474607421e+000 +1.576146074e+002 +1.576146074e+002 -2.5005e+000 +7.4867e-001 +3.4771e+000
553 +4.963670400e+000 +4.963670400e+000 +1.561036704e+002 +1.561036704e+002 -1.3080e+000 +3.9730e+000 +6.2608e-001
584 +3.837765244e+000 +3.837765244e+000 +1.549777652e+002 +1.549777652e+002 -1.7792e+000 +3.9044e+000 +3.4778e-001
593 +1.560152522e+000 +1.560152522e+000 +1.527001525e+002 +1.527001525e+002 -4.1368e-001 +2.1547e+000 +1.3624e+000
621 +6.457320571e-001 +6.457320571e-001 +1.517857321e+002 +1.517857321e+002 -3.4803e+000 -2.2182e+000 +8.2752e-001
716 +2.027479388e-001 +2.027479388e-001 +1.513427479e+002 +1.513427479e+002 -3.6891e+000 -3.1630e+000 +1.4633e+000
733 +1.640638109e-001 +1.640638109e-001 +1.513040638e+002 +1.513040638e+002 -3.9987e+000 -2.9315e+000 +1.2092e+000
% function evaluation | noise-free fitness - Fopt (-1.332700000000e+002) | best noise-free fitness - Fopt | measured fitness | best measured fitness | x1 | x2...
1 +5.249977655e+001 +5.249977655e+001 -8.077022345e+001 -8.077022345e+001 +0.0000e+000 +0.0000e+000 +0.0000e+000
% function evaluation | noise-free fitness - Fopt (-5.488000000000e+001) | best noise-free fitness - Fopt | measured fitness | best measured fitness | x1 | x2...
1 +4.532024148e+001 +4.532024148e+001 -9.559758520e+000 -9.559758520e+000 +0.0000e+000 +0.0000e+000 +0.0000e+000
35 +4.040064779e+001 +4.040064779e+001 -1.447935221e+001 -1.447935221e+001 +4.6164e-001 -4.8145e-001 +2.9939e+000
63 +3.767478627e+001 +3.767478627e+001 -1.720521373e+001 -1.720521373e+001 +4.3886e-001 -5.4003e-001 +2.9813e+000
64 +3.525834634e+001 +3.525834634e+001 -1.962165366e+001 -1.962165366e+001 +5.7290e-001 -9.1953e-001 +2.9903e+000
72 +3.253019333e+001 +3.253019333e+001 -2.234980667e+001 -2.234980667e+001 +6.0717e-002 -4.2662e-001 +3.0152e+000
78 +1.781478077e+001 +1.781478077e+001 -3.706521923e+001 -3.706521923e+001 -2.2647e-001 -1.1897e+000 +2.9959e+000
79 +6.727922512e+000 +6.727922512e+000 -4.815207749e+001 -4.815207749e+001 -7.4946e-002 -1.3346e+000 +2.9875e+000
85 +1.247085263e+000 +1.247085263e+000 -5.363291474e+001 -5.363291474e+001 +6.4643e-001 -1.6656e+000 +2.9818e+000
101 +5.142248546e-001 +5.142248546e-001 -5.436577515e+001 -5.436577515e+001 +2.0276e-001 -1.6119e+000 +3.0025e+000
102 +4.351710480e-001 +4.351710480e-001 -5.444482895e+001 -5.444482895e+001 +1.8086e-001 -1.6540e+000 +2.9541e+000
142 +3.507536925e-001 +3.507536925e-001 -5.452924631e+001 -5.452924631e+001 +7.4717e-002 -1.6426e+000 +2.9619e+000
167 +2.085894434e-001 +2.085894434e-001 -5.467141056e+001 -5.467141056e+001 +4.7469e-002 -1.6023e+000 +2.9459e+000
193 +1.889388057e-001 +1.889388057e-001 -5.469106119e+001 -5.469106119e+001 -9.6877e-002 -1.6154e+000 +2.9392e+000
197 +2.140669174e-002 +2.140669174e-002 -5.485859331e+001 -5.485859331e+001 -1.0721e+000 -1.4107e+000 +2.9341e+000
219 +2.038781332e-002 +2.038781332e-002 -5.485961219e+001 -5.485961219e+001 -8.7579e-001 -1.4459e+000 +2.9273e+000
266 +1.921646561e-002 +1.921646561e-002 -5.486078353e+001 -5.486078353e+001 -7.3531e-001 -1.4169e+000 +2.8965e+000
276 +1.836231090e-002 +1.836231090e-002 -5.486163769e+001 -5.486163769e+001 -6.6678e-001 -1.4497e+000 +2.8962e+000
279 +1.805652396e-002 +1.805652396e-002 -5.486194348e+001 -5.486194348e+001 -7.1063e-001 -1.4407e+000 +2.9014e+000
282 +1.757579394e-002 +1.757579394e-002 -5.486242421e+001 -5.486242421e+001 -8.3184e-001 -1.4209e+000 +2.9078e+000
285 +1.579813578e-002 +1.579813578e-002 -5.486420186e+001 -5.486420186e+001 -8.1174e-001 -1.4166e+000 +2.8937e+000
424 +1.536169158e-002 +1.536169158e-002 -5.486463831e+001 -5.486463831e+001 -8.7168e-001 -1.4141e+000 +2.8892e+000
457 +1.511657125e-002 +1.511657125e-002 -5.486488343e+001 -5.486488343e+001 -8.6762e-001 -1.4124e+000 +2.8795e+000
473 +1.473322468e-002 +1.473322468e-002 -5.486526678e+001 -5.486526678e+001 -8.4630e-001 -1.4105e+000 +2.8767e+000
482 +1.443219788e-002 +1.443219788e-002 -5.486556780e+001 -5.486556780e+001 -8.2856e-001 -1.3915e+000 +2.8698e+000
509 +1.300912713e-002 +1.300912713e-002 -5.486699087e+001 -5.486699087e+001 -7.5933e-001 -1.3961e+000 +2.8515e+000
527 +1.183381656e-002 +1.183381656e-002 -5.486816618e+001 -5.486816618e+001 -7.3414e-001 -1.3940e+000 +2.8342e+000
542 +1.074235621e-002 +1.074235621e-002 -5.486925764e+001 -5.486925764e+001 -7.9924e-001 -1.3650e+000 +2.8123e+000
560 +1.061623721e-002 +1.061623721e-002 -5.486938376e+001 -5.486938376e+001 -7.6712e-001 -1.3663e+000 +2.8203e+000
562 +1.018152436e-002 +1.018152436e-002 -5.486981848e+001 -5.486981848e+001 -8.0711e-001 -1.3485e+000 +2.8008e+000
570 +9.718968971e-003 +9.718968971e-003 -5.487028103e+001 -5.487028103e+001 -7.1603e-001 -1.3770e+000 +2.8191e+000
574 +8.528894646e-003 +8.528894646e-003 -5.487147111e+001 -5.487147111e+001 -7.4503e-001 -1.3589e+000 +2.8014e+000
605 +7.522166832e-003 +7.522166832e-003 -5.487247783e+001 -5.487247783e+001 -7.5306e-001 -1.3397e+000 +2.7760e+000
647 +7.331772797e-003 +7.331772797e-003 -5.487266823e+001 -5.487266823e+001 -7.0115e-001 -1.3507e+000 +2.7907e+000
665 +5.381161513e-003 +5.381161513e-003 -5.487461884e+001 -5.487461884e+001 -6.3929e-001 -1.3584e+000 +2.7800e+000
672 +4.132124787e-003 +4.132124787e-003 -5.487586788e+001 -5.487586788e+001 -5.2153e-001 -1.3581e+000 +2.7358e+000
692 +3.906046214e-003 +3.906046214e-003 -5.487609395e+001 -5.487609395e+001 -5.6006e-001 -1.3463e+000 +2.7344e+000
694 +3.762226130e-003 +3.762226130e-003 -5.487623777e+001 -5.487623777e+001 -5.1068e-001 -1.3451e+000 +2.7453e+000
723 +3.582242199e-003 +3.582242199e-003 -5.487641776e+001 -5.487641776e+001 -3.7712e-001 -1.3545e+000 +2.7252e+000
757 +3.153509026e-003 +3.153509026e-003 -5.487684649e+001 -5.487684649e+001 -4.6002e-001 -1.3199e+000 +2.6940e+000
876 +2.815365366e-003 +2.815365366e-003 -5.487718463e+001 -5.487718463e+001 -4.1311e-001 -1.3280e+000 +2.6936e+000
929 +2.571190075e-003 +2.571190075e-003 -5.487742881e+001 -5.487742881e+001 -3.8526e-001 -1.3158e+000 +2.6854e+000
933 +2.402333012e-003 +2.402333012e-003 -5.487759767e+001 -5.487759767e+001 -3.9423e-001 -1.3148e+000 +2.6827e+000
943 +2.233284840e-003 +2.233284840e-003 -5.487776672e+001 -5.487776672e+001 -3.7145e-001 -1.3218e+000 +2.6847e+000
948 +2.137846501e-003 +2.137846501e-003 -5.487786215e+001 -5.487786215e+001 -3.6404e-001 -1.3167e+000 +2.6801e+000
952 +1.874164612e-003 +1.874164612e-003 -5.487812584e+001 -5.487812584e+001 -2.9275e-001 -1.3362e+000 +2.6776e+000
972 +1.821242733e-003 +1.821242733e-003 -5.487817876e+001 -5.487817876e+001 -3.2456e-001 -1.3297e+000 +2.6776e+000
995 +1.818828933e-003 +1.818828933e-003 -5.487818117e+001 -5.487818117e+001 -3.2660e-001 -1.3261e+000 +2.6793e+000
1019 +1.675931024e-003 +1.675931024e-003 -5.487832407e+001 -5.487832407e+001 -3.1483e-001 -1.3282e+000 +2.6755e+000
1037 +1.636677114e-003 +1.636677114e-003 -5.487836332e+001 -5.487836332e+001 -3.1922e-001 -1.3264e+000 +2.6742e+000
1053 +1.563577867e-003 +1.563577867e-003 -5.487843642e+001 -5.487843642e+001 -3.1540e-001 -1.3260e+000 +2.6700e+000
1054 +1.510529698e-003 +1.510529698e-003 -5.487848947e+001 -5.487848947e+001 -2.9836e-001 -1.3271e+000 +2.6720e+000
1055 +1.430378273e-003 +1.430378273e-003 -5.487856962e+001 -5.487856962e+001 -2.9792e-001 -1.3258e+000 +2.6639e+000
1069 +1.390878277e-003 +1.390878277e-003 -5.487860912e+001 -5.487860912e+001 -2.9212e-001 -1.3263e+000 +2.6652e+000
1081 +1.371608363e-003 +1.371608363e-003 -5.487862839e+001 -5.487862839e+001 -2.8867e-001 -1.3265e+000 +2.6646e+000
1085 +1.211810780e-003 +1.211810780e-003 -5.487878819e+001 -5.487878819e+001 -2.6685e-001 -1.3250e+000 +2.6562e+000
1097 +1.000353896e-003 +1.000353896e-003 -5.487899965e+001 -5.487899965e+001 -2.0469e-001 -1.3223e+000 +2.6365e+000
1130 +9.884535844e-004 +9.884535844e-004 -5.487901155e+001 -5.487901155e+001 -2.0994e-001 -1.3228e+000 +2.6412e+000
1131 +8.750294166e-004 +8.750294166e-004 -5.487912497e+001 -5.487912497e+001 +6.8747e-002 -1.3246e+000 +2.5834e+000
1218 +8.708175715e-004 +8.708175715e-004 -5.487912918e+001 -5.487912918e+001 -2.7829e-003 -1.3251e+000 +2.6049e+000
1293 +8.491324134e-004 +8.491324134e-004 -5.487915087e+001 -5.487915087e+001 +1.5647e-002 -1.3217e+000 +2.6042e+000
1309 +7.895057201e-004 +7.895057201e-004 -5.487921049e+001 -5.487921049e+001 +6.6774e-004 -1.3178e+000 +2.6029e+000
1329 +6.727285534e-004 +6.727285534e-004 -5.487932727e+001 -5.487932727e+001 -2.3109e-002 -1.3144e+000 +2.5973e+000
1340 +6.199543947e-004 +6.199543947e-004 -5.487938005e+001 -5.487938005e+001 -1.1221e-002 -1.3095e+000 +2.5972e+000
1342 +5.874414363e-004 +5.874414363e-004 -5.487941256e+001 -5.487941256e+001 -1.8451e-003 -1.3108e+000 +2.5943e+000
1366 +5.455222660e-004 +5.455222660e-004 -5.487945448e+001 -5.487945448e+001 -4.6410e-003 -1.3084e+000 +2.5932e+000
1376 +5.322188252e-004 +5.322188252e-004 -5.487946778e+001 -5.487946778e+001 +4.9176e-003 -1.3040e+000 +2.5904e+000
1377 +4.967203628e-004 +4.967203628e-004 -5.487950328e+001 -5.487950328e+001 -8.9524e-003 -1.3024e+000 +2.5907e+000
1386 +4.551751511e-004 +4.551751511e-004 -5.487954482e+001 -5.487954482e+001 -8.6504e-003 -1.3029e+000 +2.5893e+000
1389 +4.424182667e-004 +4.424182667e-004 -5.487955758e+001 -5.487955758e+001 -7.3179e-003 -1.3013e+000 +2.5881e+000
1391 +4.098935534e-004 +4.098935534e-004 -5.487959011e+001 -5.487959011e+001 -6.4648e-003 -1.3052e+000 +2.5842e+000
1398 +3.292913905e-004 +3.292913905e-004 -5.487967071e+001 -5.487967071e+001 +3.2487e-003 -1.3007e+000 +2.5739e+000
1417 +2.296802425e-004 +2.296802425e-004 -5.487977032e+001 -5.487977032e+001 +6.7216e-002 -1.2939e+000 +2.5567e+000
1444 +2.147267206e-004 +2.147267206e-004 -5.487978527e+001 -5.487978527e+001 +1.5695e-002 -1.2859e+000 +2.5581e+000
1481 +2.033017251e-004 +2.033017251e-004 -5.487979670e+001 -5.487979670e+001 +1.5446e-002 -1.2836e+000 +2.5544e+000
1520 +1.970503862e-004 +1.970503862e-004 -5.487980295e+001 -5.487980295e+001 +2.1098e-002 -1.2801e+000 +2.5544e+000
1536 +1.943672413e-004 +1.943672413e-004 -5.487980563e+001 -5.487980563e+001 +3.7910e-002 -1.2819e+000 +2.5536e+000
1542 +1.653194401e-004 +1.653194401e-004 -5.487983468e+001 -5.487983468e+001 +2.3749e-002 -1.2728e+000 +2.5456e+000
1568 +1.601589638e-004 +1.601589638e-004 -5.487983984e+001 -5.487983984e+001 +3.1375e-002 -1.2746e+000 +2.5455e+000
1569 +1.534767847e-004 +1.534767847e-004 -5.487984652e+001 -5.487984652e+001 +4.2700e-002 -1.2748e+000 +2.5441e+000
1575 +1.461085750e-004 +1.461085750e-004 -5.487985389e+001 -5.487985389e+001 +3.1086e-002 -1.2731e+000 +2.5367e+000
1580 +1.401274042e-004 +1.401274042e-004 -5.487985987e+001 -5.487985987e+001 +4.2489e-002 -1.2748e+000 +2.5411e+000
1599 +1.352658417e-004 +1.352658417e-004 -5.487986473e+001 -5.487986473e+001 +3.7773e-002 -1.2726e+000 +2.5389e+000
1625 +1.261624574e-004 +1.261624574e-004 -5.487987384e+001 -5.487987384e+001 +5.6489e-002 -1.2724e+000 +2.5376e+000
1677 +1.181673308e-004 +1.181673308e-004 -5.487988183e+001 -5.487988183e+001 +5.3141e-002 -1.2717e+000 +2.5342e+000
1705 +1.140195235e-004 +1.140195235e-004 -5.487988598e+001 -5.487988598e+001 +6.6298e-002 -1.2729e+000 +2.5341e+000
1707 +1.107219079e-004 +1.107219079e-004 -5.487988928e+001 -5.487988928e+001 +6.4858e-002 -1.2722e+000 +2.5318e+000
1716 +1.073378666e-004 +1.073378666e-004 -5.487989266e+001 -5.487989266e+001 +6.9703e-002 -1.2710e+000 +2.5317e+000
1728 +1.051031961e-004 +1.051031961e-004 -5.487989490e+001 -5.487989490e+001 +7.4541e-002 -1.2717e+000 +2.5266e+000
1734 +1.016604785e-004 +1.016604785e-004 -5.487989834e+001 -5.487989834e+001 +9.3766e-002 -1.2706e+000 +2.5292e+000
1748 +9.752675379e-005 +9.752675379e-005 -5.487990247e+001 -5.487990247e+001 +8.9180e-002 -1.2721e+000 +2.5246e+000
1749 +9.230888328e-005 +9.230888328e-005 -5.487990769e+001 -5.487990769e+001 +1.2196e-001 -1.2720e+000 +2.5140e+000
1757 +7.637982949e-005 +7.637982949e-005 -5.487992362e+001 -5.487992362e+001 +1.3701e-001 -1.2718e+000 +2.5149e+000
1774 +7.474268040e-005 +7.474268040e-005 -5.487992526e+001 -5.487992526e+001 +1.7604e-001 -1.2721e+000 +2.5033e+000
1790 +7.191866528e-005 +7.191866528e-005 -5.487992808e+001 -5.487992808e+001 +1.5370e-001 -1.2724e+000 +2.5131e+000
1791 +6.866203652e-005 +6.866203652e-005 -5.487993134e+001 -5.487993134e+001 +1.7998e-001 -1.2719e+000 +2.5115e+000
1818 +6.108775094e-005 +6.108775094e-005 -5.487993891e+001 -5.487993891e+001 +1.8210e-001 -1.2719e+000 +2.5076e+000
1846 +5.526852953e-005 +5.526852953e-005 -5.487994473e+001 -5.487994473e+001 +2.0911e-001 -1.2720e+000 +2.5023e+000
1857 +5.362432663e-005 +5.362432663e-005 -5.487994638e+001 -5.487994638e+001 +2.2086e-001 -1.2720e+000 +2.5002e+000
1896 +5.192718864e-005 +5.192718864e-005 -5.487994807e+001 -5.487994807e+001 +2.1958e-001 -1.2716e+000 +2.5001e+000
1908 +4.929585104e-005 +4.929585104e-005 -5.487995070e+001 -5.487995070e+001 +2.1597e-001 -1.2709e+000 +2.4979e+000
2017 +4.725635249e-005 +4.725635249e-005 -5.487995274e+001 -5.487995274e+001 +2.5636e-001 -1.2709e+000 +2.4883e+000
2025 +4.531144037e-005 +4.531144037e-005 -5.487995469e+001 -5.487995469e+001 +2.0927e-001 -1.2674e+000 +2.5011e+000
2035 +4.092605663e-005 +4.092605663e-005 -5.487995907e+001 -5.487995907e+001 +2.4829e-001 -1.2698e+000 +2.4902e+000
2068 +4.061513510e-005 +4.061513510e-005 -5.487995938e+001 -5.487995938e+001 +2.3006e-001 -1.2678e+000 +2.4965e+000
2075 +3.911255433e-005 +3.911255433e-005 -5.487996089e+001 -5.487996089e+001 +2.4263e-001 -1.2682e+000 +2.4939e+000
2078 +3.510690133e-005 +3.510690133e-005 -5.487996489e+001 -5.487996489e+001 +2.1646e-001 -1.2664e+000 +2.4962e+000
2104 +3.201353562e-005 +3.201353562e-005 -5.487996799e+001 -5.487996799e+001 +2.2467e-001 -1.2644e+000 +2.4937e+000
2113 +9.414422287e-006 +9.414422287e-006 -5.487999059e+001 -5.487999059e+001 +3.3902e-001 -1.2481e+000 +2.4548e+000
2140 +7.792133943e-006 +7.792133943e-006 -5.487999221e+001 -5.487999221e+001 +2.6350e-001 -1.2445e+000 +2.4640e+000
2151 +7.197629344e-006 +7.197629344e-006 -5.487999280e+001 -5.487999280e+001 +2.5930e-001 -1.2476e+000 +2.4651e+000
2157 +6.545119561e-006 +6.545119561e-006 -5.487999345e+001 -5.487999345e+001 +2.8034e-001 -1.2421e+000 +2.4489e+000
2183 +6.439005318e-006 +6.439005318e-006 -5.487999356e+001 -5.487999356e+001 +2.8206e-001 -1.2453e+000 +2.4580e+000
2188 +5.599036164e-006 +5.599036164e-006 -5.487999440e+001 -5.487999440e+001 +3.2862e-001 -1.2449e+000 +2.4427e+000
2271 +4.883927794e-006 +4.883927794e-006 -5.487999512e+001 -5.487999512e+001 +3.0144e-001 -1.2441e+000 +2.4518e+000
2286 +4.262435276e-006 +4.262435276e-006 -5.487999574e+001 -5.487999574e+001 +3.0945e-001 -1.2438e+000 +2.4504e+000
2328 +3.863882107e-006 +3.863882107e-006 -5.487999614e+001 -5.487999614e+001 +3.0684e-001 -1.2433e+000 +2.4492e+000
2332 +3.489488563e-006 +3.489488563e-006 -5.487999651e+001 -5.487999651e+001 +3.0487e-001 -1.2423e+000 +2.4477e+000
2377 +3.410713589e-006 +3.410713589e-006 -5.487999659e+001 -5.487999659e+001 +3.1067e-001 -1.2408e+000 +2.4482e+000
2381 +3.146227463e-006 +3.146227463e-006 -5.487999685e+001 -5.487999685e+001 +3.0927e-001 -1.2423e+000 +2.4478e+000
2395 +2.671076601e-006 +2.671076601e-006 -5.487999733e+001 -5.487999733e+001 +3.1237e-001 -1.2415e+000 +2.4468e+000
2402 +2.550034878e-006 +2.550034878e-006 -5.487999745e+001 -5.487999745e+001 +3.1379e-001 -1.2415e+000 +2.4463e+000
2405 +2.317578584e-006 +2.317578584e-006 -5.487999768e+001 -5.487999768e+001 +3.1185e-001 -1.2403e+000 +2.4436e+000
2431 +2.218779805e-006 +2.218779805e-006 -5.487999778e+001 -5.487999778e+001 +3.1115e-001 -1.2393e+000 +2.4452e+000
2450 +2.168469194e-006 +2.168469194e-006 -5.487999783e+001 -5.487999783e+001 +3.0960e-001 -1.2396e+000 +2.4445e+000
2480 +2.119469166e-006 +2.119469166e-006 -5.487999788e+001 -5.487999788e+001 +3.1048e-001 -1.2393e+000 +2.4446e+000
2491 +1.991836115e-006 +1.991836115e-006 -5.487999801e+001 -5.487999801e+001 +3.1410e-001 -1.2394e+000 +2.4439e+000
2523 +1.924546879e-006 +1.924546879e-006 -5.487999808e+001 -5.487999808e+001 +3.1727e-001 -1.2394e+000 +2.4435e+000
2553 +1.862311528e-006 +1.862311528e-006 -5.487999814e+001 -5.487999814e+001 +3.1779e-001 -1.2394e+000 +2.4420e+000
2567 +1.763013415e-006 +1.763013415e-006 -5.487999824e+001 -5.487999824e+001 +3.2030e-001 -1.2389e+000 +2.4416e+000
2597 +1.554171156e-006 +1.554171156e-006 -5.487999845e+001 -5.487999845e+001 +3.5236e-001 -1.2393e+000 +2.4362e+000
2720 +1.541113761e-006 +1.541113761e-006 -5.487999846e+001 -5.487999846e+001 +3.3521e-001 -1.2374e+000 +2.4375e+000
2775 +1.509851174e-006 +1.509851174e-006 -5.487999849e+001 -5.487999849e+001 +3.3548e-001 -1.2372e+000 +2.4370e+000
2811 +1.447380633e-006 +1.447380633e-006 -5.487999855e+001 -5.487999855e+001 +3.3587e-001 -1.2363e+000 +2.4363e+000
2825 +1.426099750e-006 +1.426099750e-006 -5.487999857e+001 -5.487999857e+001 +3.3417e-001 -1.2363e+000 +2.4355e+000
2836 +1.398773996e-006 +1.398773996e-006 -5.487999860e+001 -5.487999860e+001 +3.3865e-001 -1.2363e+000 +2.4358e+000
2838 +1.372113992e-006 +1.372113992e-006 -5.487999863e+001 -5.487999863e+001 +3.3668e-001 -1.2362e+000 +2.4355e+000
2852 +1.321356940e-006 +1.321356940e-006 -5.487999868e+001 -5.487999868e+001 +3.3853e-001 -1.2362e+000 +2.4340e+000
2856 +1.301133416e-006 +1.301133416e-006 -5.487999870e+001 -5.487999870e+001 +3.3876e-001 -1.2361e+000 +2.4346e+000
2870 +1.264549304e-006 +1.264549304e-006 -5.487999874e+001 -5.487999874e+001 +3.3846e-001 -1.2358e+000 +2.4341e+000
2880 +1.247468752e-006 +1.247468752e-006 -5.487999875e+001 -5.487999875e+001 +3.3834e-001 -1.2356e+000 +2.4343e+000
2891 +1.211499217e-006 +1.211499217e-006 -5.487999879e+001 -5.487999879e+001 +3.3850e-001 -1.2352e+000 +2.4327e+000
2900 +1.037078810e-006 +1.037078810e-006 -5.487999896e+001 -5.487999896e+001 +3.3766e-001 -1.2317e+000 +2.4312e+000
2919 +9.555208038e-007 +9.555208038e-007 -5.487999904e+001 -5.487999904e+001 +3.4018e-001 -1.2311e+000 +2.4302e+000
2942 +8.136564134e-007 +8.136564134e-007 -5.487999919e+001 -5.487999919e+001 +3.4516e-001 -1.2338e+000 +2.4301e+000
2979 +6.366811220e-007 +6.366811220e-007 -5.487999936e+001 -5.487999936e+001 +3.6230e-001 -1.2350e+000 +2.4281e+000
% function evaluation | noise-free fitness - Fopt (-2.253700000000e+002) | best noise-free fitness - Fopt | measured fitness | best measured fitness | x1 | x2...
1 +5.407499663e+001 +5.407499663e+001 -1.712950034e+002 -1.712950034e+002 +0.0000e+000 +0.0000e+000 +0.0000e+000
93 +5.356799436e+001 +5.356799436e+001 -1.718020056e+002 -1.718020056e+002 -5.2682e-001 +4.0908e+000 +1.8908e+000
95 +5.056230799e+001 +5.056230799e+001 -1.748076920e+002 -1.748076920e+002 -5.3145e-001 +3.7734e+000 +1.3602e+000
99 +2.781578241e+001 +2.781578241e+001 -1.975542176e+002 -1.975542176e+002 -5.5768e-001 +3.0912e+000 +1.3424e+000
107 +2.223443547e+001 +2.223443547e+001 -2.031355645e+002 -2.031355645e+002 -5.6039e-001 +3.0809e+000 +1.6344e+000
108 +1.186445382e+001 +1.186445382e+001 -2.135055462e+002 -2.135055462e+002 -5.4024e-001 +2.4975e+000 +1.5570e+000
122 +3.282696320e+000 +3.282696320e+000 -2.220873037e+002 -2.220873037e+002 -5.4738e-001 +1.3585e+000 +1.6762e+000
140 +2.599868789e+000 +2.599868789e+000 -2.227701312e+002 -2.227701312e+002 -4.8347e-001 +1.2842e+000 +1.8360e+000
% function evaluation | noise-free fitness - Fopt (-2.212900000000e+002) | best noise-free fitness - Fopt | measured fitness | best measured fitness | x1 | x2...
1 +6.488237043e+001 +6.488237043e+001 -1.564076296e+002 -1.564076296e+002 +0.0000e+000 +0.0000e+000 +0.0000e+000
2 +5.500038170e+001 +5.500038170e+001 -1.662896183e+002 -1.662896183e+002 -2.9280e+000 +1.9344e+000 -2.7811e+000
3 +5.488382699e+001 +5.488382699e+001 -1.664061730e+002 -1.664061730e+002 -2.9218e+000 +1.9304e+000 -2.7731e+000
38 +3.828508881e+000 +3.828508881e+000 -2.174614911e+002 -2.174614911e+002 -3.3643e+000 +1.9340e+000 -2.7809e+000
66 +5.003155913e-001 +5.003155913e-001 -2.207896844e+002 -2.207896844e+002 -3.6095e+000 +1.9296e+000 -2.7512e+000
122 +4.204122736e-001 +4.204122736e-001 -2.208695877e+002 -2.208695877e+002 -3.4973e+000 +1.9044e+000 -2.6848e+000
124 +4.157630835e-001 +4.157630835e-001 -2.208742369e+002 -2.208742369e+002 -3.5107e+000 +1.9135e+000 -2.6330e+000
134 +3.865423733e-001 +3.865423733e-001 -2.209034576e+002 -2.209034576e+002 -3.4576e+000 +1.9270e+000 -2.5375e+000
138 +3.467610275e-001 +3.467610275e-001 -2.209432390e+002 -2.209432390e+002 -3.4642e+000 +1.9131e+000 -2.6137e+000
140 +3.374443447e-001 +3.374443447e-001 -2.209525557e+002 -2.209525557e+002 -3.4661e+000 +1.8812e+000 -2.6410e+000
171 +3.038995521e-001 +3.038995521e-001 -2.209861004e+002 -2.209861004e+002 -3.4507e+000 +1.8607e+000 -2.6246e+000
187 +2.950456059e-001 +2.950456059e-001 -2.209949544e+002 -2.209949544e+002 -3.4273e+000 +1.8610e+000 -2.6170e+000
204 +2.864593860e-001 +2.864593860e-001 -2.210035406e+002 -2.210035406e+002 -3.4407e+000 +1.8432e+000 -2.6290e+000
225 +2.618414981e-001 +2.618414981e-001 -2.210281585e+002 -2.210281585e+002 -3.4311e+000 +1.8053e+000 -2.6400e+000
272 +2.501261768e-001 +2.501261768e-001 -2.210398738e+002 -2.210398738e+002 -3.4185e+000 +1.8050e+000 -2.6276e+000
288 +2.439014564e-001 +2.439014564e-001 -2.210460985e+002 -2.210460985e+002 -3.4143e+000 +1.7886e+000 -2.6238e+000
291 +2.344332083e-001 +2.344332083e-001 -2.210555668e+002 -2.210555668e+002 -3.4018e+000 +1.7878e+000 -2.6318e+000
306 +2.301868262e-001 +2.301868262e-001 -2.210598132e+002 -2.210598132e+002 -3.3936e+000 +1.7878e+000 -2.6224e+000
309 +2.288356069e-001 +2.288356069e-001 -2.210611644e+002 -2.210611644e+002 -3.4027e+000 +1.7686e+000 -2.6243e+000
317 +2.113015908e-001 +2.113015908e-001 -2.210786984e+002 -2.210786984e+002 -3.3796e+000 +1.7597e+000 -2.6238e+000
391 +2.056876237e-001 +2.056876237e-001 -2.210843124e+002 -2.210843124e+002 -3.3674e+000 +1.7553e+000 -2.5982e+000
403 +2.008224625e-001 +2.008224625e-001 -2.210891775e+002 -2.210891775e+002 -3.3827e+000 +1.7215e+000 -2.6619e+000
417 +1.938199474e-001 +1.938199474e-001 -2.210961801e+002 -2.210961801e+002 -3.3692e+000 +1.7241e+000 -2.6317e+000
456 +1.885644587e-001 +1.885644587e-001 -2.211014355e+002 -2.211014355e+002 -3.3488e+000 +1.7179e+000 -2.6196e+000
484 +1.831707780e-001 +1.831707780e-001 -2.211068292e+002 -2.211068292e+002 -3.3548e+000 +1.7024e+000 -2.6308e+000
521 +1.817149565e-001 +1.817149565e-001 -2.211082850e+002 -2.211082850e+002 -3.3486e+000 +1.6975e+000 -2.6191e+000
531 +1.694810548e-001 +1.694810548e-001 -2.211205189e+002 -2.211205189e+002 -3.3366e+000 +1.6213e+000 -2.6436e+000
564 +1.552849171e-001 +1.552849171e-001 -2.211347151e+002 -2.211347151e+002 -3.3323e+000 +1.5698e+000 -2.6820e+000
638 +1.542460373e-001 +1.542460373e-001 -2.211357540e+002 -2.211357540e+002 -3.3236e+000 +1.6027e+000 -2.6804e+000
653 +1.511783335e-001 +1.511783335e-001 -2.211388217e+002 -2.211388217e+002 -3.3207e+000 +1.5834e+000 -2.6700e+000
655 +1.448264886e-001 +1.448264886e-001 -2.211451735e+002 -2.211451735e+002 -3.3028e+000 +1.5462e+000 -2.6727e+000
682 +1.434534079e-001 +1.434534079e-001 -2.211465466e+002 -2.211465466e+002 -3.2948e+000 +1.5376e+000 -2.7061e+000
686 +1.166237377e-001 +1.166237377e-001 -2.211733763e+002 -2.211733763e+002 -3.2571e+000 +1.3167e+000 -2.8404e+000
800 +1.144718681e-001 +1.144718681e-001 -2.211755281e+002 -2.211755281e+002 -3.2638e+000 +1.3339e+000 -2.8055e+000
836 +1.098341517e-001 +1.098341517e-001 -2.211801658e+002 -2.211801658e+002 -3.2605e+000 +1.2875e+000 -2.8274e+000
850 +1.077003731e-001 +1.077003731e-001 -2.211822996e+002 -2.211822996e+002 -3.2563e+000 +1.2648e+000 -2.8356e+000
876 +1.052011529e-001 +1.052011529e-001 -2.211847988e+002 -2.211847988e+002 -3.2486e+000 +1.2760e+000 -2.8343e+000
880 +1.003422149e-001 +1.003422149e-001 -2.211896578e+002 -2.211896578e+002 -3.2205e+000 +1.2491e+000 -2.8318e+000
907 +9.958672330e-002 +9.958672330e-002 -2.211904133e+002 -2.211904133e+002 -3.2401e+000 +1.2414e+000 -2.8463e+000
928 +9.729984196e-002 +9.729984196e-002 -2.211927002e+002 -2.211927002e+002 -3.2333e+000 +1.2337e+000 -2.8503e+000
933 +9.266426809e-002 +9.266426809e-002 -2.211973357e+002 -2.211973357e+002 -3.2353e+000 +1.1969e+000 -2.8721e+000
953 +9.039636753e-002 +9.039636753e-002 -2.211996036e+002 -2.211996036e+002 -3.2245e+000 +1.1866e+000 -2.8649e+000
968 +8.846869502e-002 +8.846869502e-002 -2.212015313e+002 -2.212015313e+002 -3.2311e+000 +1.1615e+000 -2.8885e+000
1003 +8.694003041e-002 +8.694003041e-002 -2.212030600e+002 -2.212030600e+002 -3.2222e+000 +1.1691e+000 -2.8996e+000
1023 +8.493668995e-002 +8.493668995e-002 -2.212050633e+002 -2.212050633e+002 -3.2182e+000 +1.1664e+000 -2.8818e+000
1041 +8.213279751e-002 +8.213279751e-002 -2.212078672e+002 -2.212078672e+002 -3.2070e+000 +1.1547e+000 -2.8819e+000
1067 +8.111736628e-002 +8.111736628e-002 -2.212088826e+002 -2.212088826e+002 -3.2085e+000 +1.1465e+000 -2.8837e+000
1090 +7.928921472e-002 +7.928921472e-002 -2.212107108e+002 -2.212107108e+002 -3.2022e+000 +1.1390e+000 -2.8849e+000
1102 +7.680633004e-002 +7.680633004e-002 -2.212131937e+002 -2.212131937e+002 -3.1926e+000 +1.1260e+000 -2.8858e+000
1158 +7.554672561e-002 +7.554672561e-002 -2.212144533e+002 -2.212144533e+002 -3.1937e+000 +1.1133e+000 -2.8879e+000
1224 +7.331651481e-002 +7.331651481e-002 -2.212166835e+002 -2.212166835e+002 -3.1834e+000 +1.0803e+000 -2.8902e+000
1233 +7.226196006e-002 +7.226196006e-002 -2.212177380e+002 -2.212177380e+002 -3.1818e+000 +1.0979e+000 -2.9008e+000
1236 +7.045941570e-002 +7.045941570e-002 -2.212195406e+002 -2.212195406e+002 -3.1801e+000 +1.0852e+000 -2.8951e+000
1248 +6.823762959e-002 +6.823762959e-002 -2.212217624e+002 -2.212217624e+002 -3.1842e+000 +1.0595e+000 -2.9121e+000
1273 +6.725552588e-002 +6.725552588e-002 -2.212227445e+002 -2.212227445e+002 -3.1815e+000 +1.0631e+000 -2.9118e+000
1298 +6.598823242e-002 +6.598823242e-002 -2.212240118e+002 -2.212240118e+002 -3.1729e+000 +1.0600e+000 -2.9101e+000
1328 +6.286425206e-002 +6.286425206e-002 -2.212271357e+002 -2.212271357e+002 -3.1682e+000 +1.0338e+000 -2.9187e+000
1336 +6.029699999e-002 +6.029699999e-002 -2.212297030e+002 -2.212297030e+002 -3.1761e+000 +1.0023e+000 -2.9463e+000
1350 +4.363207486e-002 +4.363207486e-002 -2.212463679e+002 -2.212463679e+002 -3.1562e+000 +8.4848e-001 -3.0521e+000
1451 +4.185209826e-002 +4.185209826e-002 -2.212481479e+002 -2.212481479e+002 -3.0784e+000 +8.1481e-001 -2.9931e+000
1530 +4.019696653e-002 +4.019696653e-002 -2.212498030e+002 -2.212498030e+002 -3.0859e+000 +8.0773e-001 -3.0082e+000
1537 +3.859176617e-002 +3.859176617e-002 -2.212514082e+002 -2.212514082e+002 -3.0883e+000 +7.9499e-001 -3.0169e+000
1618 +3.760797577e-002 +3.760797577e-002 -2.212523920e+002 -2.212523920e+002 -3.1032e+000 +7.9458e-001 -3.0399e+000
1621 +3.555809801e-002 +3.555809801e-002 -2.212544419e+002 -2.212544419e+002 -3.0810e+000 +7.6080e-001 -3.0329e+000
1630 +3.373304501e-002 +3.373304501e-002 -2.212562670e+002 -2.212562670e+002 -3.0886e+000 +7.3838e-001 -3.0776e+000
1643 +3.099545330e-002 +3.099545330e-002 -2.212590045e+002 -2.212590045e+002 -3.0875e+000 +7.2298e-001 -3.0733e+000
1679 +2.212822161e-002 +2.212822161e-002 -2.212678718e+002 -2.212678718e+002 -3.0373e+000 +5.7843e-001 -3.1083e+000
1779 +2.165380766e-002 +2.165380766e-002 -2.212683462e+002 -2.212683462e+002 -3.0722e+000 +6.1397e-001 -3.1455e+000
1860 +2.072354068e-002 +2.072354068e-002 -2.212692765e+002 -2.212692765e+002 -3.0483e+000 +5.9403e-001 -3.1279e+000
1899 +2.033658634e-002 +2.033658634e-002 -2.212696634e+002 -2.212696634e+002 -3.0585e+000 +5.9253e-001 -3.1376e+000
1922 +1.995061470e-002 +1.995061470e-002 -2.212700494e+002 -2.212700494e+002 -3.0593e+000 +5.8799e-001 -3.1440e+000
1923 +1.899364018e-002 +1.899364018e-002 -2.212710064e+002 -2.212710064e+002 -3.0576e+000 +5.7091e-001 -3.1531e+000
1974 +1.723558044e-002 +1.723558044e-002 -2.212727644e+002 -2.212727644e+002 -3.0565e+000 +5.3384e-001 -3.1799e+000
2004 +1.664376206e-002 +1.664376206e-002 -2.212733562e+002 -2.212733562e+002 -3.0292e+000 +5.0497e-001 -3.1640e+000
2022 +1.605802538e-002 +1.605802538e-002 -2.212739420e+002 -2.212739420e+002 -3.0331e+000 +4.9289e-001 -3.1790e+000
2070 +1.578469282e-002 +1.578469282e-002 -2.212742153e+002 -2.212742153e+002 -3.0110e+000 +4.7155e-001 -3.1701e+000
2095 +1.541568002e-002 +1.541568002e-002 -2.212745843e+002 -2.212745843e+002 -3.0104e+000 +4.5832e-001 -3.1784e+000
2177 +1.493374247e-002 +1.493374247e-002 -2.212750663e+002 -2.212750663e+002 -2.9957e+000 +4.3105e-001 -3.1848e+000
2263 +1.430140494e-002 +1.430140494e-002 -2.212756986e+002 -2.212756986e+002 -2.9873e+000 +3.9446e-001 -3.2002e+000
2420 +1.396521035e-002 +1.396521035e-002 -2.212760348e+002 -2.212760348e+002 -2.9871e+000 +3.8461e-001 -3.2100e+000
2433 +1.370822379e-002 +1.370822379e-002 -2.212762918e+002 -2.212762918e+002 -2.9853e+000 +3.7386e-001 -3.2166e+000
2499 +1.340441431e-002 +1.340441431e-002 -2.212765956e+002 -2.212765956e+002 -2.9841e+000 +3.6487e-001 -3.2360e+000
2532 +1.298563720e-002 +1.298563720e-002 -2.212770144e+002 -2.212770144e+002 -2.9847e+000 +3.3821e-001 -3.2367e+000
2538 +1.284497960e-002 +1.284497960e-002 -2.212771550e+002 -2.212771550e+002 -2.9883e+000 +3.5399e-001 -3.2403e+000
2590 +1.200091730e-002 +1.200091730e-002 -2.212779991e+002 -2.212779991e+002 -2.9844e+000 +3.3019e-001 -3.2543e+000
2607 +1.157000150e-002 +1.157000150e-002 -2.212784300e+002 -2.212784300e+002 -2.9950e+000 +3.2797e-001 -3.2735e+000
2664 +1.147028594e-002 +1.147028594e-002 -2.212785297e+002 -2.212785297e+002 -2.9867e+000 +3.1930e-001 -3.2640e+000
2695 +9.535210957e-003 +9.535210957e-003 -2.212804648e+002 -2.212804648e+002 -2.9863e+000 +2.8341e-001 -3.2951e+000
2762 +9.168219189e-003 +9.168219189e-003 -2.212808318e+002 -2.212808318e+002 -2.9895e+000 +2.7425e-001 -3.3022e+000
2800 +9.076758086e-003 +9.076758086e-003 -2.212809232e+002 -2.212809232e+002 -2.9898e+000 +2.7543e-001 -3.3076e+000
2810 +8.906855559e-003 +8.906855559e-003 -2.212810931e+002 -2.212810931e+002 -2.9897e+000 +2.7174e-001 -3.3082e+000
2836 +8.532448500e-003 +8.532448500e-003 -2.212814676e+002 -2.212814676e+002 -2.9897e+000 +2.6434e-001 -3.3153e+000
2852 +8.470183488e-003 +8.470183488e-003 -2.212815298e+002 -2.212815298e+002 -2.9897e+000 +2.5310e-001 -3.3149e+000
2874 +8.129074110e-003 +8.129074110e-003 -2.212818709e+002 -2.212818709e+002 -2.9897e+000 +2.5411e-001 -3.3198e+000
2898 +8.127310737e-003 +8.127310737e-003 -2.212818727e+002 -2.212818727e+002 -2.9896e+000 +2.5563e-001 -3.3211e+000
2912 +7.889377797e-003 +7.889377797e-003 -2.212821106e+002 -2.212821106e+002 -2.9895e+000 +2.4638e-001 -3.3234e+000
2937 +7.737775451e-003 +7.737775451e-003 -2.212822622e+002 -2.212822622e+002 -2.9881e+000 +2.4409e-001 -3.3240e+000
2957 +7.546199546e-003 +7.546199546e-003 -2.212824538e+002 -2.212824538e+002 -2.9913e+000 +2.3697e-001 -3.3325e+000
2974 +7.090983176e-003 +7.090983176e-003 -2.212829090e+002 -2.212829090e+002 -2.9753e+000 +2.3248e-001 -3.3249e+000
2985 +7.054455508e-003 +7.054455508e-003 -2.212829455e+002 -2.212829455e+002 -2.9858e+000 +2.2288e-001 -3.3344e+000
2996 +6.742360178e-003 +6.742360178e-003 -2.212832576e+002 -2.212832576e+002 -2.9711e+000 +2.1862e-001 -3.3364e+000
% function evaluation | noise-free fitness - Fopt (1.065700000000e+002) | best noise-free fitness - Fopt | measured fitness | best measured fitness | x1 | x2...
1 +7.003565805e+001 +7.003565805e+001 +1.766056580e+002 +1.766056580e+002 +0.0000e+000 +0.0000e+000 +0.0000e+000
128 +6.818041017e+001 +6.818041017e+001 +1.747504102e+002 +1.747504102e+002 +3.9118e+000 -2.9049e+000 -3.7501e+000
143 +6.737968302e+001 +6.737968302e+001 +1.739496830e+002 +1.739496830e+002 +3.9186e+000 -2.7710e+000 -3.7628e+000
152 +5.838079555e+001 +5.838079555e+001 +1.649507956e+002 +1.649507956e+002 +3.8823e+000 -1.6134e+000 -3.4115e+000
153 +4.755435493e+001 +4.755435493e+001 +1.541243549e+002 +1.541243549e+002 +3.9142e+000 -8.8557e-001 -3.2616e+000
156 +4.491359044e+001 +4.491359044e+001 +1.514835904e+002 +1.514835904e+002 +3.9070e+000 -1.4205e-001 -3.9833e+000
167 +4.247093183e+001 +4.247093183e+001 +1.490409318e+002 +1.490409318e+002 +3.9200e+000 +4.0961e-001 -4.1452e+000
177 +2.332952927e+001 +2.332952927e+001 +1.298995293e+002 +1.298995293e+002 +3.9454e+000 -5.6960e-002 -3.2604e+000
179 +1.764803684e+001 +1.764803684e+001 +1.242180368e+002 +1.242180368e+002 +3.9206e+000 +1.2281e+000 -3.3662e+000
190 +1.301654716e+001 +1.301654716e+001 +1.195865472e+002 +1.195865472e+002 +3.9562e+000 +2.9939e+000 -3.1529e+000
201 +9.254545708e+000 +9.254545708e+000 +1.158245457e+002 +1.158245457e+002 +3.9765e+000 +1.2683e+000 -2.8328e+000
209 +8.799223526e+000 +8.799223526e+000 +1.153692235e+002 +1.153692235e+002 +3.9552e+000 +6.5970e-001 -2.6542e+000
212 +8.247506232e+000 +8.247506232e+000 +1.148175062e+002 +1.148175062e+002 +3.9777e+000 +7.3107e-001 -2.5759e+000
249 +7.678665440e+000 +7.678665440e+000 +1.142486654e+002 +1.142486654e+002 +3.9650e+000 +1.0926e+000 -2.3862e+000
326 +7.554728055e+000 +7.554728055e+000 +1.141247281e+002 +1.141247281e+002 +3.9920e+000 +1.1068e+000 -2.2977e+000
362 +6.972541858e+000 +6.972541858e+000 +1.135425419e+002 +1.135425419e+002 +4.2851e+000 +1.3326e+000 -2.3864e+000
384 +6.854587038e+000 +6.854587038e+000 +1.134245870e+002 +1.134245870e+002 +4.3546e+000 +1.3729e+000 -2.2871e+000
392 +5.917072576e+000 +5.917072576e+000 +1.124870726e+002 +1.124870726e+002 +4.8127e+000 +1.2123e+000 -2.1546e+000
455 +5.765456073e+000 +5.765456073e+000 +1.123354561e+002 +1.123354561e+002 +4.4598e+000 +1.1401e+000 -2.3250e+000
461 +5.659257873e+000 +5.659257873e+000 +1.122292579e+002 +1.122292579e+002 +4.4167e+000 +1.0069e+000 -2.3316e+000
467 +5.544360476e+000 +5.544360476e+000 +1.121143605e+002 +1.121143605e+002 +4.4948e+000 +1.0836e+000 -2.3214e+000
473 +5.318950276e+000 +5.318950276e+000 +1.118889503e+002 +1.118889503e+002 +4.5733e+000 +1.0341e+000 -2.3136e+000
493 +5.233931554e+000 +5.233931554e+000 +1.118039316e+002 +1.118039316e+002 +4.5599e+000 +1.0153e+000 -2.1883e+000
543 +5.087433810e+000 +5.087433810e+000 +1.116574338e+002 +1.116574338e+002 +4.6538e+000 +9.1133e-001 -2.1929e+000
% function evaluation | noise-free fitness - Fopt (-1.284800000000e+002) | best noise-free fitness - Fopt | measured fitness | best measured fitness | x1 | x2...
1 +6.830079630e+001 +6.830079630e+001 -6.017920370e+001 -6.017920370e+001 +0.0000e+000 +0.0000e+000 +0.0000e+000
2 +6.615203936e+001 +6.615203936e+001 -6.232796064e+001 -6.232796064e+001 +1.8095e+000 +1.4832e+000 +2.1240e+000
5 +6.604976190e+001 +6.604976190e+001 -6.243023810e+001 -6.243023810e+001 +1.7957e+000 +1.4736e+000 +2.1181e+000
44 +6.432359314e+001 +6.432359314e+001 -6.415640686e+001 -6.415640686e+001 +1.8043e+000 +1.4798e+000 +2.0172e+000
64 +6.306670889e+001 +6.306670889e+001 -6.541329111e+001 -6.541329111e+001 +1.8040e+000 +1.4558e+000 +1.9491e+000
68 +5.922235711e+001 +5.922235711e+001 -6.925764289e+001 -6.925764289e+001 +1.8197e+000 +1.6115e+000 +1.8159e+000
82 +5.883077726e+001 +5.883077726e+001 -6.964922274e+001 -6.964922274e+001 +1.8056e+000 +1.5072e+000 +1.7853e+000
84 +5.610506232e+001 +5.610506232e+001 -7.237493768e+001 -7.237493768e+001 +1.7788e+000 +1.4775e+000 +1.6909e+000
87 +5.323180865e+001 +5.323180865e+001 -7.524819135e+001 -7.524819135e+001 +1.8359e+000 +1.5055e+000 +1.6071e+000
94 +4.811790136e+001 +4.811790136e+001 -8.036209864e+001 -8.036209864e+001 +1.7996e+000 +1.5241e+000 +1.4776e+000
105 +2.729088333e+001 +2.729088333e+001 -1.011891167e+002 -1.011891167e+002 +1.7197e+000 +1.4510e+000 +7.8453e-001
107 +2.102794691e+001 +2.102794691e+001 -1.074520531e+002 -1.074520531e+002 +1.7614e+000 +1.4718e+000 +3.4538e-001
108 +1.678293035e+001 +1.678293035e+001 -1.116970697e+002 -1.116970697e+002 +2.0101e+000 +1.4397e+000 -1.1527e-001
123 +1.611977593e+001 +1.611977593e+001 -1.123602241e+002 -1.123602241e+002 +1.7322e+000 +1.8432e+000 +9.0973e-002
126 +1.547532535e+001 +1.547532535e+001 -1.130046747e+002 -1.130046747e+002 +2.6764e+000 +1.4946e+000 -9.1480e-001
137 +1.246269473e+001 +1.246269473e+001 -1.160173053e+002 -1.160173053e+002 +2.2850e+000 +1.6015e+000 -4.2062e-001
144 +1.204045612e+001 +1.204045612e+001 -1.164395439e+002 -1.164395439e+002 +2.1970e+000 +1.6721e+000 -3.7140e-001
153 +9.033331878e+000 +9.033331878e+000 -1.194466681e+002 -1.194466681e+002 +2.2460e+000 +2.0894e+000 -2.3066e-001
159 +7.999291770e+000 +7.999291770e+000 -1.204807082e+002 -1.204807082e+002 +2.3133e+000 +2.4718e+000 -4.6647e-001
191 +7.528363751e+000 +7.528363751e+000 -1.209516362e+002 -1.209516362e+002 +2.5595e+000 +2.5241e+000 -4.3315e-001
227 +7.330911428e+000 +7.330911428e+000 -1.211490886e+002 -1.211490886e+002 +2.7167e+000 +2.5062e+000 -5.7032e-001
% function evaluation | noise-free fitness - Fopt (2.358800000000e+002) | best noise-free fitness - Fopt | measured fitness | best measured fitness | x1 | x2...
1 +5.662047873e+001 +5.662047873e+001 +2.925004787e+002 +2.925004787e+002 +0.0000e+000 +0.0000e+000 +0.0000e+000
2 +1.059049704e+001 +1.059049704e+001 +2.464704970e+002 +2.464704970e+002 +2.1573e+000 +2.8481e+000 -2.0199e+000
4 +1.018389154e+001 +1.018389154e+001 +2.460638915e+002 +2.460638915e+002 +2.1523e+000 +2.8396e+000 -2.0173e+000
27 +9.586172288e+000 +9.586172288e+000 +2.454661723e+002 +2.454661723e+002 +2.1604e+000 +2.8148e+000 -2.0194e+000
39 +9.338086009e+000 +9.338086009e+000 +2.452180860e+002 +2.452180860e+002 +2.1632e+000 +2.8035e+000 -2.0209e+000
47 +9.042551872e+000 +9.042551872e+000 +2.449225519e+002 +2.449225519e+002 +2.1457e+000 +2.8022e+000 -2.0203e+000
48 +7.490801398e+000 +7.490801398e+000 +2.433708014e+002 +2.433708014e+002 +2.1721e+000 +2.6362e+000 -2.0167e+000
64 +7.298870089e+000 +7.298870089e+000 +2.431788701e+002 +2.431788701e+002 +2.1652e+000 +2.6476e+000 -1.9861e+000
93 +7.095231829e+000 +7.095231829e+000 +2.429752318e+002 +2.429752318e+002 +2.1555e+000 +2.6149e+000 -1.9841e+000
107 +6.540895474e+000 +6.540895474e+000 +2.424208955e+002 +2.424208955e+002 +2.2048e+000 +2.4952e+000 -1.9459e+000
126 +6.441398076e+000 +6.441398076e+000 +2.423213981e+002 +2.423213981e+002 +2.2172e+000 +2.4790e+000 -1.9392e+000
151 +6.230114836e+000 +6.230114836e+000 +2.421101148e+002 +2.421101148e+002 +2.2148e+000 +2.5278e+000 -1.9268e+000
155 +5.647997345e+000 +5.647997345e+000 +2.415279973e+002 +2.415279973e+002 +2.1637e+000 +2.5216e+000 -1.8944e+000
172 +5.421418899e+000 +5.421418899e+000 +2.413014189e+002 +2.413014189e+002 +2.1891e+000 +2.4934e+000 -1.8836e+000
178 +4.204419149e+000 +4.204419149e+000 +2.400844191e+002 +2.400844191e+002 +2.1781e+000 +2.5035e+000 -1.7889e+000
184 +3.774545322e+000 +3.774545322e+000 +2.396545453e+002 +2.396545453e+002 +2.1908e+000 +2.4778e+000 -1.7617e+000
202 +3.205817382e+000 +3.205817382e+000 +2.390858174e+002 +2.390858174e+002 +2.1889e+000 +2.4480e+000 -1.7310e+000
224 +2.993644666e+000 +2.993644666e+000 +2.388736447e+002 +2.388736447e+002 +2.1858e+000 +2.4448e+000 -1.6649e+000
226 +2.818857851e+000 +2.818857851e+000 +2.386988579e+002 +2.386988579e+002 +2.1923e+000 +2.4105e+000 -1.7164e+000
236 +2.630629097e+000 +2.630629097e+000 +2.385106291e+002 +2.385106291e+002 +2.1877e+000 +2.4118e+000 -1.6778e+000
241 +2.576133294e+000 +2.576133294e+000 +2.384561333e+002 +2.384561333e+002 +2.1884e+000 +2.3815e+000 -1.7001e+000
249 +2.519212409e+000 +2.519212409e+000 +2.383992124e+002 +2.383992124e+002 +2.1907e+000 +2.4043e+000 -1.6375e+000
261 +2.488822776e+000 +2.488822776e+000 +2.383688228e+002 +2.383688228e+002 +2.1867e+000 +2.3828e+000 -1.6849e+000
272 +2.370744090e+000 +2.370744090e+000 +2.382507441e+002 +2.382507441e+002 +2.1980e+000 +2.3826e+000 -1.6021e+000
273 +2.304715861e+000 +2.304715861e+000 +2.381847159e+002 +2.381847159e+002 +2.1952e+000 +2.3703e+000 -1.6389e+000
279 +2.135862225e+000 +2.135862225e+000 +2.380158622e+002 +2.380158622e+002 +2.1029e+000 +2.3932e+000 -1.6047e+000
330 +2.068686565e+000 +2.068686565e+000 +2.379486866e+002 +2.379486866e+002 +2.1427e+000 +2.3513e+000 -1.5652e+000
342 +2.013941130e+000 +2.013941130e+000 +2.378939411e+002 +2.378939411e+002 +2.1695e+000 +2.2450e+000 -1.5512e+000
347 +1.990326344e+000 +1.990326344e+000 +2.378703263e+002 +2.378703263e+002 +2.1397e+000 +2.2997e+000 -1.4996e+000
358 +1.887035579e+000 +1.887035579e+000 +2.377670356e+002 +2.377670356e+002 +2.1267e+000 +2.2464e+000 -1.4618e+000
361 +1.415277179e+000 +1.415277179e+000 +2.372952772e+002 +2.372952772e+002 +2.0868e+000 +2.1888e+000 -1.3096e+000
372 +1.330536275e+000 +1.330536275e+000 +2.372105363e+002 +2.372105363e+002 +2.0815e+000 +2.0730e+000 -1.2795e+000
381 +9.924454756e-001 +9.924454756e-001 +2.368724455e+002 +2.368724455e+002 +2.0737e+000 +2.0584e+000 -1.1097e+000
406 +8.233796692e-001 +8.233796692e-001 +2.367033797e+002 +2.367033797e+002 +2.0859e+000 +1.9813e+000 -1.0824e+000
574 +8.123916784e-001 +8.123916784e-001 +2.366923917e+002 +2.366923917e+002 +2.1148e+000 +1.9634e+000 -1.0904e+000
730 +7.934205552e-001 +7.934205552e-001 +2.366734206e+002 +2.366734206e+002 +2.1605e+000 +1.9259e+000 -1.0851e+000
951 +7.761619674e-001 +7.761619674e-001 +2.366561620e+002 +2.366561620e+002 +2.2072e+000 +1.8910e+000 -1.0766e+000
1185 +7.567773501e-001 +7.567773501e-001 +2.366367774e+002 +2.366367774e+002 +2.2788e+000 +1.8377e+000 -1.0838e+000
1418 +7.401901854e-001 +7.401901854e-001 +2.366201902e+002 +2.366201902e+002 +2.3415e+000 +1.8038e+000 -1.0878e+000
1898 +7.244036330e-001 +7.244036330e-001 +2.366044036e+002 +2.366044036e+002 +2.4094e+000 +1.7481e+000 -1.0774e+000
% function evaluation | noise-free fitness - Fopt (-5.310000000000e+000) | best noise-free fitness - Fopt | measured fitness | best measured fitness | x1 | x2...
1 +6.807189080e+001 +6.807189080e+001 +6.276189080e+001 +6.276189080e+001 +0.0000e+000 +0.0000e+000 +0.0000e+000
2 +6.356408724e+001 +6.356408724e+001 +5.825408724e+001 +5.825408724e+001 -1.2378e-001 +2.2652e+000 -3.7124e+000
7 +6.295812855e+001 +6.295812855e+001 +5.764812855e+001 +5.764812855e+001 -8.9514e-002 +2.2644e+000 -3.7187e+000
17 +6.139271158e+001 +6.139271158e+001 +5.608271158e+001 +5.608271158e+001 -9.4843e-003 +2.2653e+000 -3.7292e+000
44 +5.240016773e+001 +5.240016773e+001 +4.709016773e+001 +4.709016773e+001 +2.0679e-001 +2.3899e+000 -3.9300e+000
67 +4.972546218e+001 +4.972546218e+001 +4.441546218e+001 +4.441546218e+001 +2.8062e-001 +2.3826e+000 -4.0392e+000
77 +4.842760274e+001 +4.842760274e+001 +4.311760274e+001 +4.311760274e+001 +3.7737e-001 +2.3934e+000 -3.7431e+000
79 +4.499900278e+001 +4.499900278e+001 +3.968900278e+001 +3.968900278e+001 +4.2266e-001 +2.3869e+000 -4.4729e+000
86 +3.900924649e+001 +3.900924649e+001 +3.369924649e+001 +3.369924649e+001 +6.6322e-001 +2.3625e+000 -3.8800e+000
96 +3.863254219e+001 +3.863254219e+001 +3.332254219e+001 +3.332254219e+001 +6.5053e-001 +2.3599e+000 -3.9732e+000
106 +3.686439792e+001 +3.686439792e+001 +3.155439792e+001 +3.155439792e+001 +8.1383e-001 +2.3879e+000 -3.6863e+000
107 +2.390023014e+001 +2.390023014e+001 +1.859023014e+001 +1.859023014e+001 +2.0136e+000 +2.3268e+000 -3.8773e+000
110 +1.094101629e+001 +1.094101629e+001 +5.631016292e+000 +5.631016292e+000 +8.9696e-001 +2.2116e+000 -2.0623e+000
215 +9.501436054e+000 +9.501436054e+000 +4.191436054e+000 +4.191436054e+000 +1.3560e+000 +2.3470e+000 +1.3175e-001
261 +8.973234003e+000 +8.973234003e+000 +3.663234003e+000 +3.663234003e+000 +1.3060e+000 +2.3627e+000 +4.3489e-002
263 +7.673549816e+000 +7.673549816e+000 +2.363549816e+000 +2.363549816e+000 +1.1987e+000 +2.3861e+000 -3.0637e-001
281 +6.855425799e+000 +6.855425799e+000 +1.545425799e+000 +1.545425799e+000 +1.1809e+000 +2.3357e+000 -4.9243e-001
301 +6.292510798e+000 +6.292510798e+000 +9.825107985e-001 +9.825107985e-001 +1.2828e+000 +2.3361e+000 -4.5103e-001
322 +6.036055692e+000 +6.036055692e+000 +7.260556917e-001 +7.260556917e-001 +1.2711e+000 +2.3801e+000 -4.3660e-001
339 +5.298148228e+000 +5.298148228e+000 -1.185177192e-002 -1.185177192e-002 +1.3169e+000 +2.4583e+000 -4.2106e-001
352 +5.156600249e+000 +5.156600249e+000 -1.533997513e-001 -1.533997513e-001 +1.2816e+000 +2.5541e+000 -4.2666e-001
353 +4.802069271e+000 +4.802069271e+000 -5.079307291e-001 -5.079307291e-001 +1.3652e+000 +2.5103e+000 -3.9787e-001
354 +4.211638185e+000 +4.211638185e+000 -1.098361815e+000 -1.098361815e+000 +1.3030e+000 +2.7631e+000 -1.8361e-001
387 +3.784399558e+000 +3.784399558e+000 -1.525600442e+000 -1.525600442e+000 +1.2826e+000 +2.7213e+000 -3.2065e-001
402 +3.708988491e+000 +3.708988491e+000 -1.601011509e+000 -1.601011509e+000 +1.2028e+000 +2.8241e+000 -3.2230e-001
412 +3.570894911e+000 +3.570894911e+000 -1.739105089e+000 -1.739105089e+000 +1.1739e+000 +2.8243e+000 -2.9402e-001
421 +3.491337177e+000 +3.491337177e+000 -1.818662823e+000 -1.818662823e+000 +1.2725e+000 +2.7814e+000 -2.5602e-001
426 +3.342602835e+000 +3.342602835e+000 -1.967397165e+000 -1.967397165e+000 +1.2219e+000 +2.8536e+000 -2.4060e-001
434 +3.168949454e+000 +3.168949454e+000 -2.141050546e+000 -2.141050546e+000 +1.3182e+000 +2.9332e+000 -2.3740e-001
442 +3.106418694e+000 +3.106418694e+000 -2.203581306e+000 -2.203581306e+000 +1.2815e+000 +3.1146e+000 -7.6115e-002
447 +3.053999160e+000 +3.053999160e+000 -2.256000840e+000 -2.256000840e+000 +1.2729e+000 +2.9273e+000 -2.0621e-001
457 +2.950216791e+000 +2.950216791e+000 -2.359783209e+000 -2.359783209e+000 +1.2739e+000 +3.0288e+000 -1.4453e-001
476 +2.863977354e+000 +2.863977354e+000 -2.446022646e+000 -2.446022646e+000 +1.2603e+000 +3.1687e+000 -1.3700e-001
533 +2.816494163e+000 +2.816494163e+000 -2.493505837e+000 -2.493505837e+000 +1.2206e+000 +3.1282e+000 -1.4715e-001
656 +2.733602036e+000 +2.733602036e+000 -2.576397964e+000 -2.576397964e+000 +1.1264e+000 +3.2456e+000 -1.2593e-001
902 +2.688866532e+000 +2.688866532e+000 -2.621133468e+000 -2.621133468e+000 +1.0393e+000 +3.3141e+000 -1.1746e-001
1139 +2.628425149e+000 +2.628425149e+000 -2.681574851e+000 -2.681574851e+000 +8.9623e-001 +3.4663e+000 -1.1260e-001
