% function evaluation | noise-free fitness - Fopt (4.078000000000e+001) | best noise-free fitness - Fopt | measured fitness | best measured fitness | x1 | x2...
1 +1.352046650e+001 +1.352046650e+001 +5.430046650e+001 +5.430046650e+001 +0.0000e+000 +0.0000e+000
2 +1.099391127e+001 +1.099391127e+001 +5.177391127e+001 +5.177391127e+001 +1.7977e+000 -4.3908e+000
3 +1.044342976e+001 +1.044342976e+001 +5.122342976e+001 +5.122342976e+001 +1.8231e+000 -4.4059e+000
28 +9.438834201e+000 +9.438834201e+000 +5.021883420e+001 +5.021883420e+001 +1.9515e+000 -4.4056e+000
33 +8.839285594e+000 +8.839285594e+000 +4.961928559e+001 +4.961928559e+001 +1.2702e+000 -4.4089e+000
34 +8.213200624e+000 +8.213200624e+000 +4.899320062e+001 +4.899320062e+001 +2.1674e+000 -4.3637e+000
42 +8.127903129e+000 +8.127903129e+000 +4.890790313e+001 +4.890790313e+001 +2.1810e+000 -4.4147e+000
75 +3.336938168e+000 +3.336938168e+000 +4.411693817e+001 +4.411693817e+001 +1.9487e+000 -3.5986e+000
96 +2.141144175e+000 +2.141144175e+000 +4.292114417e+001 +4.292114417e+001 -1.8498e+000 -2.8774e+000
112 +1.411994677e+000 +1.411994677e+000 +4.219199468e+001 +4.219199468e+001 -3.7501e+000 -2.8205e+000
128 +6.001754210e-001 +6.001754210e-001 +4.138017542e+001 +4.138017542e+001 -3.6252e+000 -2.6640e+000
148 +4.943895131e-001 +4.943895131e-001 +4.127438951e+001 +4.127438951e+001 -3.5205e+000 -2.5386e+000
155 +4.696247684e-001 +4.696247684e-001 +4.124962477e+001 +4.124962477e+001 -3.4788e+000 -2.5219e+000
167 +3.094030841e-001 +3.094030841e-001 +4.108940308e+001 +4.108940308e+001 -3.3865e+000 -2.4680e+000
173 +1.414070835e-001 +1.414070835e-001 +4.092140708e+001 +4.092140708e+001 -3.2353e+000 -2.2750e+000
182 +1.289016298e-001 +1.289016298e-001 +4.090890163e+001 +4.090890163e+001 -3.2371e+000 -2.3318e+000
186 +1.259580657e-001 +1.259580657e-001 +4.090595807e+001 +4.090595807e+001 -3.1968e+000 -2.3676e+000
188 +1.105126914e-001 +1.105126914e-001 +4.089051269e+001 +4.089051269e+001 -3.1373e+000 -2.3390e+000
189 +2.000287894e-002 +2.000287894e-002 +4.080000288e+001 +4.080000288e+001 -2.7313e+000 -2.0668e+000
206 +1.556810439e-002 +1.556810439e-002 +4.079556810e+001 +4.079556810e+001 -2.9385e+000 -2.1093e+000
210 +5.618764461e-003 +5.618764461e-003 +4.078561876e+001 +4.078561876e+001 -2.8428e+000 -2.0542e+000
233 +3.618778076e-003 +3.618778076e-003 +4.078361878e+001 +4.078361878e+001 -2.8019e+000 -2.0125e+000
242 +6.349046103e-004 +6.349046103e-004 +4.078063490e+001 +4.078063490e+001 -2.6452e+000 -1.9230e+000
263 +2.142021953e-004 +2.142021953e-004 +4.078021420e+001 +4.078021420e+001 -2.6465e+000 -1.9034e+000
283 +1.439398124e-004 +1.439398124e-004 +4.078014394e+001 +4.078014394e+001 -2.6397e+000 -1.8919e+000
285 +1.330585673e-004 +1.330585673e-004 +4.078013306e+001 +4.078013306e+001 -2.6367e+000 -1.8903e+000
309 +1.303452257e-004 +1.303452257e-004 +4.078013035e+001 +4.078013035e+001 -2.6370e+000 -1.8895e+000
311 +1.181943756e-004 +1.181943756e-004 +4.078011819e+001 +4.078011819e+001 -2.6263e+000 -1.8874e+000
324 +1.136683889e-004 +1.136683889e-004 +4.078011367e+001 +4.078011367e+001 -2.6260e+000 -1.8865e+000
329 +1.104605996e-004 +1.104605996e-004 +4.078011046e+001 +4.078011046e+001 -2.6223e+000 -1.8853e+000
339 +7.713485186e-005 +7.713485186e-005 +4.078007713e+001 +4.078007713e+001 -2.6192e+000 -1.8575e+000
342 +6.591682752e-005 +6.591682752e-005 +4.078006592e+001 +4.078006592e+001 -2.6195e+000 -1.8635e+000
345 +3.067617115e-005 +3.067617115e-005 +4.078003068e+001 +4.078003068e+001 -2.5985e+000 -1.8610e+000
355 +2.292570133e-005 +2.292570133e-005 +4.078002293e+001 +4.078002293e+001 -2.5791e+000 -1.8493e+000
363 +1.780415521e-005 +1.780415521e-005 +4.078001780e+001 +4.078001780e+001 -2.5882e+000 -1.8470e+000
365 +1.937287628e-006 +1.937287628e-006 +4.078000194e+001 +4.078000194e+001 -2.5586e+000 -1.8248e+000
395 +3.655772645e-007 +3.655772645e-007 +4.078000037e+001 +4.078000037e+001 -2.5193e+000 -1.7826e+000
435 +7.883209463e-008 +7.883209463e-008 +4.078000008e+001 +4.078000008e+001 -2.5159e+000 -1.7940e+000
444 +5.254129576e-009 +5.254129576e-009 +4.078000001e+001 +4.078000001e+001 -2.5064e+000 -1.7794e+000
1676 +0.000000000e+000 +0.000000000e+000 +4.078000000e+001 +4.078000000e+001 -2.5146e+000 -1.7873e+000
% function evaluation | noise-free fitness - Fopt (-1.600000000000e+000) | best noise-free fitness - Fopt | measured fitness | best measured fitness | x1 | x2...
1 +1.007714199e+001 +1.007714199e+001 +8.477141989e+000 +8.477141989e+000 +0.0000e+000 +0.0000e+000
44 +7.264241283e+000 +7.264241283e+000 +5.664241283e+000 +5.664241283e+000 +4.1652e+000 -2.3042e+000
63 +6.038261559e+000 +6.038261559e+000 +4.438261559e+000 +4.438261559e+000 +1.3261e+000 -4.9980e+000
68 +3.430245904e-001 +3.430245904e-001 -1.256975410e+000 -1.256975410e+000 +1.9135e+000 -2.2100e+000
110 +3.896998835e-002 +3.896998835e-002 -1.561030012e+000 -1.561030012e+000 +6.5743e-001 -1.8968e+000
% function evaluation | noise-free fitness - Fopt (-3.708400000000e+002) | best noise-free fitness - Fopt | measured fitness | best measured fitness | x1 | x2...
1 +1.459683778e+001 +1.459683778e+001 -3.562431622e+002 -3.562431622e+002 +0.0000e+000 +0.0000e+000
61 +6.561636550e+000 +6.561636550e+000 -3.642783634e+002 -3.642783634e+002 -3.2049e+000 +3.8159e+000
67 +3.098860980e+000 +3.098860980e+000 -3.677411390e+002 -3.677411390e+002 +3.5584e-001 +3.8164e+000
72 +1.968604331e+000 +1.968604331e+000 -3.688713957e+002 -3.688713957e+002 +1.0613e+000 +3.8162e+000
93 +1.909930185e+000 +1.909930185e+000 -3.689300698e+002 -3.689300698e+002 +8.6996e-001 +3.8150e+000
111 +1.674955330e+000 +1.674955330e+000 -3.691650447e+002 -3.691650447e+002 +2.7815e+000 +3.8193e+000
114 +1.412916954e+000 +1.412916954e+000 -3.694270830e+002 -3.694270830e+002 +2.8582e+000 +3.8209e+000
170 +1.335532579e+000 +1.335532579e+000 -3.695044674e+002 -3.695044674e+002 +2.8955e+000 +3.8208e+000
214 +1.306336540e+000 +1.306336540e+000 -3.695336635e+002 -3.695336635e+002 +2.9189e+000 +3.8237e+000
% function evaluation | noise-free fitness - Fopt (-3.256000000000e+001) | best noise-free fitness - Fopt | measured fitness | best measured fitness | x1 | x2...
1 +6.163143595e+000 +6.163143595e+000 -2.639685640e+001 -2.639685640e+001 +0.0000e+000 +0.0000e+000
69 +2.912441309e+000 +2.912441309e+000 -2.964755869e+001 -2.964755869e+001 +7.4304e-001 +2.1997e+000
80 +1.966748694e+000 +1.966748694e+000 -3.059325131e+001 -3.059325131e+001 +1.6511e+000 +1.3374e+000
119 +1.711401890e+000 +1.711401890e+000 -3.084859811e+001 -3.084859811e+001 +1.6225e+000 +1.0624e+000
214 +1.587352627e+000 +1.587352627e+000 -3.097264737e+001 -3.097264737e+001 +1.5766e+000 +1.2815e+000
323 +1.372118873e+000 +1.372118873e+000 -3.118788113e+001 -3.118788113e+001 +1.1894e+000 +1.5304e+000
336 +1.343568944e+000 +1.343568944e+000 -3.121643106e+001 -3.121643106e+001 +1.2309e+000 +1.4543e+000
345 +1.295049766e+000 +1.295049766e+000 -3.126495023e+001 -3.126495023e+001 +1.2557e+000 +1.4562e+000
357 +1.280793760e+000 +1.280793760e+000 -3.127920624e+001 -3.127920624e+001 +1.2662e+000 +1.4613e+000
363 +1.249399770e+000 +1.249399770e+000 -3.131060023e+001 -3.131060023e+001 +1.3403e+000 +1.4154e+000
% function evaluation | noise-free fitness - Fopt (5.154000000000e+002) | best noise-free fitness - Fopt | measured fitness | best measured fitness | x1 | x2...
1 +9.553941812e+000 +9.553941812e+000 +5.249539418e+002 +5.249539418e+002 +0.0000e+000 +0.0000e+000
12 +3.423293383e+000 +3.423293383e+000 +5.188232934e+002 +5.188232934e+002 -3.4579e+000 -3.1605e-001
29 +2.952039833e-001 +2.952039833e-001 +5.156952040e+002 +5.156952040e+002 -3.4786e+000 -5.2524e-001
34 +1.976682336e-001 +1.976682336e-001 +5.155976682e+002 +5.155976682e+002 -3.1232e+000 -4.3945e-001
35 +1.226459556e-001 +1.226459556e-001 +5.155226460e+002 +5.155226460e+002 -3.4052e+000 -5.4079e-001
36 +3.044507264e-003 +3.044507264e-003 +5.154030445e+002 +5.154030445e+002 -3.4896e+000 -6.7137e-001
63 +2.117656167e-003 +2.117656167e-003 +5.154021177e+002 +5.154021177e+002 -3.3117e+000 -6.2847e-001
65 +9.292710014e-004 +9.292710014e-004 +5.154009293e+002 +5.154009293e+002 -3.3140e+000 -6.3963e-001
72 +3.855620712e-004 +3.855620712e-004 +5.154003856e+002 +5.154003856e+002 -3.3204e+000 -7.0731e-001
74 +1.684043355e-004 +1.684043355e-004 +5.154001684e+002 +5.154001684e+002 -3.3179e+000 -6.7099e-001
78 +1.488645909e-004 +1.488645909e-004 +5.154001489e+002 +5.154001489e+002 -3.3156e+000 -6.8153e-001
93 +1.473627822e-004 +1.473627822e-004 +5.154001474e+002 +5.154001474e+002 -3.3179e+000 -6.7510e-001
122 +1.375112649e-004 +1.375112649e-004 +5.154001375e+002 +5.154001375e+002 -3.3180e+000 -6.8057e-001
133 +1.267251982e-004 +1.267251982e-004 +5.154001267e+002 +5.154001267e+002 -3.3273e+000 -6.7472e-001
146 +1.148942172e-004 +1.148942172e-004 +5.154001149e+002 +5.154001149e+002 -3.3260e+000 -6.7866e-001
157 +1.040938653e-004 +1.040938653e-004 +5.154001041e+002 +5.154001041e+002 -3.3286e+000 -6.8202e-001
164 +8.162260508e-005 +8.162260508e-005 +5.154000816e+002 +5.154000816e+002 -3.3396e+000 -6.9070e-001
169 +7.383580635e-005 +7.383580635e-005 +5.154000738e+002 +5.154000738e+002 -3.3474e+000 -6.8217e-001
174 +3.708321685e-005 +3.708321685e-005 +5.154000371e+002 +5.154000371e+002 -3.3608e+000 -6.8894e-001
176 +3.528790046e-005 +3.528790046e-005 +5.154000353e+002 +5.154000353e+002 -3.4280e+000 -6.9434e-001
183 +2.785714003e-005 +2.785714003e-005 +5.154000279e+002 +5.154000279e+002 -3.4010e+000 -6.9113e-001
184 +1.211824224e-005 +1.211824224e-005 +5.154000121e+002 +5.154000121e+002 -3.3876e+000 -7.0088e-001
194 +9.481261600e-006 +9.481261600e-006 +5.154000095e+002 +5.154000095e+002 -3.4046e+000 -6.9837e-001
198 +6.731892540e-006 +6.731892540e-006 +5.154000067e+002 +5.154000067e+002 -3.4223e+000 -7.0207e-001
208 +6.503641657e-006 +6.503641657e-006 +5.154000065e+002 +5.154000065e+002 -3.4014e+000 -7.0612e-001
213 +3.441414606e-006 +3.441414606e-006 +5.154000034e+002 +5.154000034e+002 -3.4175e+000 -7.0624e-001
229 +2.737738669e-006 +2.737738669e-006 +5.154000027e+002 +5.154000027e+002 -3.4188e+000 -7.0698e-001
237 +2.004923886e-006 +2.004923886e-006 +5.154000020e+002 +5.154000020e+002 -3.4321e+000 -7.0840e-001
242 +1.780604521e-006 +1.780604521e-006 +5.154000018e+002 +5.154000018e+002 -3.4254e+000 -7.0871e-001
251 +8.856102340e-007 +8.856102340e-007 +5.154000009e+002 +5.154000009e+002 -3.4341e+000 -7.1265e-001
262 +2.387801032e-007 +2.387801032e-007 +5.154000002e+002 +5.154000002e+002 -3.4409e+000 -7.1920e-001
273 +1.829811254e-007 +1.829811254e-007 +5.154000002e+002 +5.154000002e+002 -3.4436e+000 -7.2061e-001
286 +1.371241751e-007 +1.371241751e-007 +5.154000001e+002 +5.154000001e+002 -3.4461e+000 -7.2130e-001
293 +6.934033081e-008 +6.934033081e-008 +5.154000001e+002 +5.154000001e+002 -3.4526e+000 -7.1986e-001
301 +5.183733265e-008 +5.183733265e-008 +5.154000001e+002 +5.154000001e+002 -3.4531e+000 -7.2049e-001
303 +4.748585525e-008 +4.748585525e-008 +5.154000000e+002 +5.154000000e+002 -3.4550e+000 -7.2095e-001
315 +4.471780812e-008 +4.471780812e-008 +5.154000000e+002 +5.154000000e+002 -3.4539e+000 -7.2140e-001
319 +1.941134542e-008 +1.941134542e-008 +5.154000000e+002 +5.154000000e+002 -3.4616e+000 -7.2262e-001
333 +1.434034402e-008 +1.434034402e-008 +5.154000000e+002 +5.154000000e+002 -3.4584e+000 -7.2261e-001
334 +1.229443569e-008 +1.229443569e-008 +5.154000000e+002 +5.154000000e+002 -3.4574e+000 -7.2323e-001
343 +4.854086910e-009 +4.854086910e-009 +5.154000000e+002 +5.154000000e+002 -3.4612e+000 -7.2426e-001
424 +0.000000000e+000 +0.000000000e+000 +5.154000000e+002 +5.154000000e+002 -3.4731e+000 -7.2878e-001
% function evaluation | noise-free fitness - Fopt (-1.000000000000e+003) | best noise-free fitness - Fopt | measured fitness | best measured fitness | x1 | x2...
1 +1.375535540e+001 +1.375535540e+001 -9.862446446e+002 -9.862446446e+002 +0.0000e+000 +0.0000e+000
2 +1.173723774e+001 +1.173723774e+001 -9.882627623e+002 -9.882627623e+002 -1.7110e+000 +3.2435e+000
71 +1.136994312e+001 +1.136994312e+001 -9.886300569e+002 -9.886300569e+002 -1.7482e+000 +3.2138e+000
79 +1.061455195e+001 +1.061455195e+001 -9.893854481e+002 -9.893854481e+002 -1.8321e+000 +3.2090e+000
91 +9.839756577e+000 +9.839756577e+000 -9.901602434e+002 -9.901602434e+002 -1.9866e+000 +3.2080e+000
97 +9.718770548e+000 +9.718770548e+000 -9.902812295e+002 -9.902812295e+002 -2.1167e+000 +3.2092e+000
102 +9.457043766e+000 +9.457043766e+000 -9.905429562e+002 -9.905429562e+002 -2.0046e+000 +3.1621e+000
118 +8.972060807e+000 +8.972060807e+000 -9.910279392e+002 -9.910279392e+002 -2.1550e+000 +3.1454e+000
123 +3.536159760e+000 +3.536159760e+000 -9.964638402e+002 -9.964638402e+002 -3.7498e+000 +3.1892e+000
127 +3.307881872e+000 +3.307881872e+000 -9.966921181e+002 -9.966921181e+002 -3.7996e+000 +3.1507e+000
153 +2.295522909e+000 +2.295522909e+000 -9.977044771e+002 -9.977044771e+002 +6.5065e-001 +3.1638e+000
163 +2.077076480e+000 +2.077076480e+000 -9.979229235e+002 -9.979229235e+002 +5.7431e-001 +3.1010e+000
% function evaluation | noise-free fitness - Fopt (9.190000000000e+001) | best noise-free fitness - Fopt | measured fitness | best measured fitness | x1 | x2...
1 +2.133467000e+001 +2.133467000e+001 +1.132346700e+002 +1.132346700e+002 +0.0000e+000 +0.0000e+000
14 +2.032145003e+001 +2.032145003e+001 +1.122214500e+002 +1.122214500e+002 +2.1675e+000 +1.9475e+000
16 +1.876508323e+001 +1.876508323e+001 +1.106650832e+002 +1.106650832e+002 +2.1996e+000 +1.9451e+000
22 +1.381284078e+001 +1.381284078e+001 +1.057128408e+002 +1.057128408e+002 +2.3060e+000 +1.9373e+000
23 +1.274734505e+001 +1.274734505e+001 +1.046473450e+002 +1.046473450e+002 +2.2902e+000 +1.8851e+000
24 +8.123689556e+000 +8.123689556e+000 +1.000236896e+002 +1.000236896e+002 +2.1656e+000 +1.5016e+000
40 +6.660735260e+000 +6.660735260e+000 +9.856073526e+001 +9.856073526e+001 +2.4585e+000 +1.5407e+000
43 +6.444481524e+000 +6.444481524e+000 +9.834448152e+001 +9.834448152e+001 +2.4173e+000 +1.2126e+000
47 +5.418041802e+000 +5.418041802e+000 +9.731804180e+001 +9.731804180e+001 +2.2767e+000 +1.3017e+000
52 +4.097219713e+000 +4.097219713e+000 +9.599721971e+001 +9.599721971e+001 +1.8956e+000 -2.2331e+000
87 +3.453647005e+000 +3.453647005e+000 +9.535364701e+001 +9.535364701e+001 +1.9774e+000 +7.7792e-001
89 +1.909759259e+000 +1.909759259e+000 +9.380975926e+001 +9.380975926e+001 +2.2852e+000 -2.0928e+000
129 +1.230554624e+000 +1.230554624e+000 +9.313055462e+001 +9.313055462e+001 -1.3081e+000 -1.6525e+000
138 +2.489190269e-001 +2.489190269e-001 +9.214891903e+001 +9.214891903e+001 -2.3112e+000 -3.6133e+000
162 +1.882746561e-001 +1.882746561e-001 +9.208827466e+001 +9.208827466e+001 -3.0414e+000 -2.8999e+000
174 +9.398402202e-002 +9.398402202e-002 +9.199398402e+001 +9.199398402e+001 -2.8970e+000 -3.0125e+000
218 +7.272405081e-002 +7.272405081e-002 +9.197272405e+001 +9.197272405e+001 -2.8727e+000 -3.0765e+000
222 +6.881741719e-002 +6.881741719e-002 +9.196881742e+001 +9.196881742e+001 -2.8618e+000 -3.0502e+000
241 +6.370679836e-002 +6.370679836e-002 +9.196370680e+001 +9.196370680e+001 -2.7464e+000 -3.0505e+000
242 +6.308729863e-002 +6.308729863e-002 +9.196308730e+001 +9.196308730e+001 -2.8220e+000 -3.0445e+000
252 +4.881465133e-002 +4.881465133e-002 +9.194881465e+001 +9.194881465e+001 -2.8051e+000 -3.0785e+000
257 +4.443736995e-002 +4.443736995e-002 +9.194443737e+001 +9.194443737e+001 -2.7880e+000 -3.0872e+000
273 +3.368448928e-002 +3.368448928e-002 +9.193368449e+001 +9.193368449e+001 -2.7269e+000 -3.1055e+000
275 +2.929202131e-002 +2.929202131e-002 +9.192929202e+001 +9.192929202e+001 -2.7238e+000 -3.1182e+000
291 +1.797764265e-002 +1.797764265e-002 +9.191797764e+001 +9.191797764e+001 -2.6307e+000 -3.1497e+000
293 +1.505868516e-002 +1.505868516e-002 +9.191505869e+001 +9.191505869e+001 -2.6507e+000 -3.1715e+000
303 +1.472342539e-002 +1.472342539e-002 +9.191472343e+001 +9.191472343e+001 -2.6501e+000 -3.1783e+000
306 +4.990751491e-003 +4.990751491e-003 +9.190499075e+001 +9.190499075e+001 -2.5300e+000 -3.3002e+000
316 +3.630375939e-003 +3.630375939e-003 +9.190363038e+001 +9.190363038e+001 -2.4364e+000 -3.3713e+000
343 +3.545387439e-003 +3.545387439e-003 +9.190354539e+001 +9.190354539e+001 -2.2576e+000 -3.4969e+000
344 +4.296437961e-004 +4.296437961e-004 +9.190042964e+001 +9.190042964e+001 -2.3620e+000 -3.3385e+000
346 +3.563617702e-004 +3.563617702e-004 +9.190035636e+001 +9.190035636e+001 -2.3839e+000 -3.3566e+000
348 +2.250887677e-004 +2.250887677e-004 +9.190022509e+001 +9.190022509e+001 -2.3603e+000 -3.3556e+000
349 +1.344861069e-004 +1.344861069e-004 +9.190013449e+001 +9.190013449e+001 -2.3443e+000 -3.3751e+000
366 +1.187805960e-004 +1.187805960e-004 +9.190011878e+001 +9.190011878e+001 -2.3354e+000 -3.3696e+000
412 +1.170052055e-004 +1.170052055e-004 +9.190011701e+001 +9.190011701e+001 -2.3307e+000 -3.3694e+000
419 +1.100487439e-004 +1.100487439e-004 +9.190011005e+001 +9.190011005e+001 -2.3310e+000 -3.3709e+000
420 +1.085737835e-004 +1.085737835e-004 +9.190010857e+001 +9.190010857e+001 -2.3271e+000 -3.3710e+000
428 +1.060378135e-004 +1.060378135e-004 +9.190010604e+001 +9.190010604e+001 -2.3260e+000 -3.3715e+000
430 +1.015292595e-004 +1.015292595e-004 +9.190010153e+001 +9.190010153e+001 -2.3284e+000 -3.3727e+000
432 +6.768893087e-005 +6.768893087e-005 +9.190006769e+001 +9.190006769e+001 -2.3210e+000 -3.3846e+000
449 +2.097677589e-005 +2.097677589e-005 +9.190002098e+001 +9.190002098e+001 -2.2897e+000 -3.4055e+000
481 +6.562279353e-006 +6.562279353e-006 +9.190000656e+001 +9.190000656e+001 -2.2688e+000 -3.4132e+000
502 +3.988148194e-006 +3.988148194e-006 +9.190000399e+001 +9.190000399e+001 -2.2580e+000 -3.4186e+000
507 +1.764617309e-006 +1.764617309e-006 +9.190000176e+001 +9.190000176e+001 -2.2455e+000 -3.4380e+000
515 +1.363705124e-006 +1.363705124e-006 +9.190000136e+001 +9.190000136e+001 -2.2487e+000 -3.4296e+000
519 +8.318314570e-007 +8.318314570e-007 +9.190000083e+001 +9.190000083e+001 -2.2448e+000 -3.4321e+000
539 +7.680369833e-007 +7.680369833e-007 +9.190000077e+001 +9.190000077e+001 -2.2400e+000 -3.4301e+000
544 +5.818361757e-007 +5.818361757e-007 +9.190000058e+001 +9.190000058e+001 -2.2419e+000 -3.4323e+000
548 +5.261056657e-007 +5.261056657e-007 +9.190000053e+001 +9.190000053e+001 -2.2382e+000 -3.4320e+000
557 +4.883191309e-007 +4.883191309e-007 +9.190000049e+001 +9.190000049e+001 -2.2393e+000 -3.4326e+000
567 +4.446306434e-007 +4.446306434e-007 +9.190000044e+001 +9.190000044e+001 -2.2390e+000 -3.4336e+000
572 +4.161707778e-007 +4.161707778e-007 +9.190000042e+001 +9.190000042e+001 -2.2357e+000 -3.4335e+000
575 +3.934833472e-007 +3.934833472e-007 +9.190000039e+001 +9.190000039e+001 -2.2383e+000 -3.4354e+000
582 +3.255337901e-007 +3.255337901e-007 +9.190000033e+001 +9.190000033e+001 -2.2328e+000 -3.4349e+000
583 +2.698571819e-007 +2.698571819e-007 +9.190000027e+001 +9.190000027e+001 -2.2335e+000 -3.4356e+000
594 +2.583703349e-007 +2.583703349e-007 +9.190000026e+001 +9.190000026e+001 -2.2347e+000 -3.4361e+000
602 +2.291568251e-007 +2.291568251e-007 +9.190000023e+001 +9.190000023e+001 -2.2315e+000 -3.4363e+000
614 +2.190948720e-007 +2.190948720e-007 +9.190000022e+001 +9.190000022e+001 -2.2313e+000 -3.4365e+000
651 +2.093664193e-007 +2.093664193e-007 +9.190000021e+001 +9.190000021e+001 -2.2316e+000 -3.4367e+000
665 +2.038724318e-007 +2.038724318e-007 +9.190000020e+001 +9.190000020e+001 -2.2323e+000 -3.4370e+000
679 +1.820213242e-007 +1.820213242e-007 +9.190000018e+001 +9.190000018e+001 -2.2303e+000 -3.4375e+000
695 +1.390255306e-007 +1.390255306e-007 +9.190000014e+001 +9.190000014e+001 -2.2302e+000 -3.4409e+000
718 +1.353845107e-007 +1.353845107e-007 +9.190000014e+001 +9.190000014e+001 -2.2267e+000 -3.4391e+000
723 +1.220404329e-007 +1.220404329e-007 +9.190000012e+001 +9.190000012e+001 -2.2297e+000 -3.4408e+000
732 +1.034441226e-007 +1.034441226e-007 +9.190000010e+001 +9.190000010e+001 -2.2290e+000 -3.4413e+000
737 +6.195384117e-008 +6.195384117e-008 +9.190000006e+001 +9.190000006e+001 -2.2267e+000 -3.4412e+000
743 +6.068177072e-008 +6.068177072e-008 +9.190000006e+001 +9.190000006e+001 -2.2248e+000 -3.4410e+000
745 +5.191404284e-008 +5.191404284e-008 +9.190000005e+001 +9.190000005e+001 -2.2221e+000 -3.4420e+000
784 +1.345047451e-008 +1.345047451e-008 +9.190000001e+001 +9.190000001e+001 -2.2125e+000 -3.4473e+000
794 +1.181489040e-008 +1.181489040e-008 +9.190000001e+001 +9.190000001e+001 -2.2143e+000 -3.4469e+000
800 +8.475041113e-009 +8.475041113e-009 +9.190000001e+001 +9.190000001e+001 -2.2180e+000 -3.4472e+000
1448 +0.000000000e+000 +0.000000000e+000 +9.190000000e+001 +9.190000000e+001 -2.2063e+000 -3.4541e+000
% function evaluation | noise-free fitness - Fopt (-7.597000000000e+001) | best noise-free fitness - Fopt | measured fitness | best measured fitness | x1 | x2...
1 +3.151576477e+001 +3.151576477e+001 -4.445423523e+001 -4.445423523e+001 +0.0000e+000 +0.0000e+000
2 +1.663114625e+001 +1.663114625e+001 -5.933885375e+001 -5.933885375e+001 -4.5584e+000 +1.1987e+000
4 +1.637464245e+001 +1.637464245e+001 -5.959535755e+001 -5.959535755e+001 -4.5552e+000 +1.1958e+000
5 +1.602351470e+001 +1.602351470e+001 -5.994648530e+001 -5.994648530e+001 -4.5498e+000 +1.1920e+000
17 +1.576947296e+001 +1.576947296e+001 -6.020052704e+001 -6.020052704e+001 -4.5802e+000 +1.1835e+000
19 +1.517527194e+001 +1.517527194e+001 -6.079472806e+001 -6.079472806e+001 -4.5534e+000 +1.1796e+000
22 +1.142119417e+001 +1.142119417e+001 -6.454880583e+001 -6.454880583e+001 -4.5547e+000 +1.1071e+000
40 +1.115351907e+001 +1.115351907e+001 -6.481648093e+001 -6.481648093e+001 -4.5469e+000 +1.0999e+000
43 +1.094875389e+001 +1.094875389e+001 -6.502124611e+001 -6.502124611e+001 -4.5604e+000 +1.0894e+000
45 +1.058396378e+001 +1.058396378e+001 -6.538603622e+001 -6.538603622e+001 -4.5952e+000 +9.8314e-001
50 +1.029473760e+001 +1.029473760e+001 -6.567526240e+001 -6.567526240e+001 -4.5566e+000 +1.0472e+000
51 +1.021651634e+001 +1.021651634e+001 -6.575348366e+001 -6.575348366e+001 -4.5396e+000 +1.0242e+000
239 +9.996315507e+000 +9.996315507e+000 -6.597368449e+001 -6.597368449e+001 -4.3078e+000 +1.0436e+000
274 +9.762318480e+000 +9.762318480e+000 -6.620768152e+001 -6.620768152e+001 -3.9458e+000 +1.0863e+000
333 +9.498874287e+000 +9.498874287e+000 -6.647112571e+001 -6.647112571e+001 -3.5633e+000 +1.1732e+000
342 +9.278370352e+000 +9.278370352e+000 -6.669162965e+001 -6.669162965e+001 -3.7576e+000 +1.1893e+000
348 +6.988638470e+000 +6.988638470e+000 -6.898136153e+001 -6.898136153e+001 -3.8692e+000 +1.9309e+000
392 +6.741620547e+000 +6.741620547e+000 -6.922837945e+001 -6.922837945e+001 -3.8931e+000 +2.2634e+000
% function evaluation | noise-free fitness - Fopt (-1.699000000000e+001) | best noise-free fitness - Fopt | measured fitness | best measured fitness | x1 | x2...
1 +2.085173251e+001 +2.085173251e+001 +3.861732511e+000 +3.861732511e+000 +0.0000e+000 +0.0000e+000
2 +9.960271781e+000 +9.960271781e+000 -7.029728219e+000 -7.029728219e+000 +7.3947e-001 +1.0979e+000
% function evaluation | noise-free fitness - Fopt (2.740000000000e+000) | best noise-free fitness - Fopt | measured fitness | best measured fitness | x1 | x2...
1 +1.082435509e+001 +1.082435509e+001 +1.356435509e+001 +1.356435509e+001 +0.0000e+000 +0.0000e+000
2 +3.925597708e+000 +3.925597708e+000 +6.665597708e+000 +6.665597708e+000 +1.9734e-001 -1.7150e+000
15 +3.207919564e+000 +3.207919564e+000 +5.947919564e+000 +5.947919564e+000 +1.7024e-001 -1.6887e+000
22 +2.622116672e+000 +2.622116672e+000 +5.362116672e+000 +5.362116672e+000 +1.1947e-001 -1.6638e+000
25 +2.502695013e+000 +2.502695013e+000 +5.242695013e+000 +5.242695013e+000 +1.4060e-001 -1.6080e+000
47 +2.433025843e+000 +2.433025843e+000 +5.173025843e+000 +5.173025843e+000 +1.2651e-001 -1.5563e+000
59 +1.945367979e+000 +1.945367979e+000 +4.685367979e+000 +4.685367979e+000 +7.4278e-002 -2.8395e+000
68 +1.090355972e+000 +1.090355972e+000 +3.830355972e+000 +3.830355972e+000 -3.5122e-001 -1.8776e+000
73 +8.298701287e-001 +8.298701287e-001 +3.569870129e+000 +3.569870129e+000 -5.1233e-001 -1.6086e+000
102 +7.954346741e-001 +7.954346741e-001 +3.535434674e+000 +3.535434674e+000 -3.6466e-001 -1.9700e+000
118 +7.901061669e-001 +7.901061669e-001 +3.530106167e+000 +3.530106167e+000 -3.7531e-001 -1.9788e+000
128 +7.552869300e-001 +7.552869300e-001 +3.495286930e+000 +3.495286930e+000 -4.0431e-001 -1.9081e+000
204 +7.405013165e-001 +7.405013165e-001 +3.480501316e+000 +3.480501316e+000 -4.2409e-001 -1.8764e+000
274 +7.235955778e-001 +7.235955778e-001 +3.463595578e+000 +3.463595578e+000 -4.5262e-001 -1.8012e+000
323 +7.060595148e-001 +7.060595148e-001 +3.446059515e+000 +3.446059515e+000 -4.8551e-001 -1.7532e+000
% function evaluation | noise-free fitness - Fopt (-3.564000000000e+001) | best noise-free fitness - Fopt | measured fitness | best measured fitness | x1 | x2...
1 +1.442413362e+001 +1.442413362e+001 -2.121586638e+001 -2.121586638e+001 +0.0000e+000 +0.0000e+000
30 +7.850099139e+000 +7.850099139e+000 -2.778990086e+001 -2.778990086e+001 -2.0112e+000 -2.2541e+000
34 +2.957940203e+000 +2.957940203e+000 -3.268205980e+001 -3.268205980e+001 -2.0141e+000 -2.0840e+000
42 +1.944619901e+000 +1.944619901e+000 -3.369538010e+001 -3.369538010e+001 -1.9670e+000 -1.8478e+000
67 +1.895112605e+000 +1.895112605e+000 -3.374488740e+001 -3.374488740e+001 -1.9379e+000 -1.9453e+000
93 +1.825990656e+000 +1.825990656e+000 -3.381400934e+001 -3.381400934e+001 -1.9222e+000 -1.9307e+000
96 +1.527126651e+000 +1.527126651e+000 -3.411287335e+001 -3.411287335e+001 -1.8555e+000 -1.9315e+000
106 +1.430531793e+000 +1.430531793e+000 -3.420946821e+001 -3.420946821e+001 -1.8253e+000 -1.9860e+000
109 +1.191753562e+000 +1.191753562e+000 -3.444824644e+001 -3.444824644e+001 -1.7948e+000 -1.9593e+000
110 +1.066078205e+000 +1.066078205e+000 -3.457392179e+001 -3.457392179e+001 -1.4365e+000 -1.9124e+000
111 +8.295866428e-001 +8.295866428e-001 -3.481041336e+001 -3.481041336e+001 -1.4713e+000 -1.9250e+000
115 +5.346899476e-001 +5.346899476e-001 -3.510531005e+001 -3.510531005e+001 -1.4543e+000 -1.9753e+000
119 +4.957376366e-001 +4.957376366e-001 -3.514426236e+001 -3.514426236e+001 -1.3809e+000 -2.0108e+000
122 +4.534969043e-001 +4.534969043e-001 -3.518650310e+001 -3.518650310e+001 -1.4371e+000 -2.0706e+000
130 +4.233704047e-001 +4.233704047e-001 -3.521662960e+001 -3.521662960e+001 -1.3422e+000 -2.0561e+000
133 +3.703503043e-002 +3.703503043e-002 -3.560296497e+001 -3.560296497e+001 -9.3914e-001 -2.3225e+000
158 +2.794558688e-002 +2.794558688e-002 -3.561205441e+001 -3.561205441e+001 -9.0738e-001 -2.3234e+000
162 +2.495277595e-002 +2.495277595e-002 -3.561504722e+001 -3.561504722e+001 -8.9414e-001 -2.3185e+000
167 +1.149607856e-002 +1.149607856e-002 -3.562850392e+001 -3.562850392e+001 -7.3991e-001 -2.4243e+000
199 +1.077845632e-002 +1.077845632e-002 -3.562922154e+001 -3.562922154e+001 -7.6622e-001 -2.3885e+000
201 +7.842115847e-003 +7.842115847e-003 -3.563215788e+001 -3.563215788e+001 -6.7544e-001 -2.3662e+000
202 +7.536677991e-003 +7.536677991e-003 -3.563246332e+001 -3.563246332e+001 -7.4036e-001 -2.4005e+000
203 +3.793935077e-003 +3.793935077e-003 -3.563620606e+001 -3.563620606e+001 -6.7436e-001 -2.3914e+000
227 +2.955000575e-003 +2.955000575e-003 -3.563704500e+001 -3.563704500e+001 -6.3586e-001 -2.4150e+000
233 +2.590092478e-003 +2.590092478e-003 -3.563740991e+001 -3.563740991e+001 -5.9042e-001 -2.4153e+000
238 +9.304282816e-004 +9.304282816e-004 -3.563906957e+001 -3.563906957e+001 -5.7254e-001 -2.4730e+000
244 +4.342204004e-004 +4.342204004e-004 -3.563956578e+001 -3.563956578e+001 -5.3598e-001 -2.4760e+000
246 +1.641055917e-006 +1.641055917e-006 -3.563999836e+001 -3.563999836e+001 -3.3613e-001 -2.5631e+000
274 +4.438107482e-008 +4.438107482e-008 -3.563999996e+001 -3.563999996e+001 -3.3730e-001 -2.5482e+000
285 +8.855231215e-009 +8.855231215e-009 -3.563999999e+001 -3.563999999e+001 -3.4504e-001 -2.5511e+000
655 +0.000000000e+000 +0.000000000e+000 -3.564000000e+001 -3.564000000e+001 -3.3717e-001 -2.5522e+000
% function evaluation | noise-free fitness - Fopt (-4.590900000000e+002) | best noise-free fitness - Fopt | measured fitness | best measured fitness | x1 | x2...
1 +6.819078564e+000 +6.819078564e+000 -4.522709214e+002 -4.522709214e+002 +0.0000e+000 +0.0000e+000
76 +3.007690732e-002 +3.007690732e-002 -4.590599231e+002 -4.590599231e+002 -3.4525e+000 -9.0892e-001
84 +2.284025058e-002 +2.284025058e-002 -4.590671597e+002 -4.590671597e+002 -3.5303e+000 -8.8198e-001
107 +1.643983403e-002 +1.643983403e-002 -4.590735602e+002 -4.590735602e+002 -3.3641e+000 -8.9605e-001
108 +6.054402317e-003 +6.054402317e-003 -4.590839456e+002 -4.590839456e+002 -3.4003e+000 -8.2205e-001
109 +9.386924814e-004 +9.386924814e-004 -4.590890613e+002 -4.590890613e+002 -3.2310e+000 -8.2897e-001
140 +8.263478970e-004 +8.263478970e-004 -4.590891737e+002 -4.590891737e+002 -3.1178e+000 -8.3671e-001
145 +2.204904937e-004 +2.204904937e-004 -4.590897795e+002 -4.590897795e+002 -3.1492e+000 -8.1466e-001
149 +8.315613582e-005 +8.315613582e-005 -4.590899168e+002 -4.590899168e+002 -3.0475e+000 -7.7098e-001
154 +5.950103855e-006 +5.950103855e-006 -4.590899940e+002 -4.590899940e+002 -3.0431e+000 -7.8788e-001
155 +8.488592584e-007 +8.488592584e-007 -4.590899992e+002 -4.590899992e+002 -2.9932e+000 -7.7956e-001
167 +9.463462902e-009 +9.463462902e-009 -4.590900000e+002 -4.590900000e+002 -2.9883e+000 -7.8828e-001
277 +0.000000000e+000 +0.000000000e+000 -4.590900000e+002 -4.590900000e+002 -2.9781e+000 -7.8558e-001
% function evaluation | noise-free fitness - Fopt (6.085000000000e+001) | best noise-free fitness - Fopt | measured fitness | best measured fitness | x1 | x2...
1 +7.105461263e+000 +7.105461263e+000 +6.795546126e+001 +6.795546126e+001 +0.0000e+000 +0.0000e+000
98 +6.850038231e+000 +6.850038231e+000 +6.770003823e+001 +6.770003823e+001 -2.6575e+000 +2.5739e+000
107 +5.794840539e+000 +5.794840539e+000 +6.664484054e+001 +6.664484054e+001 -4.3011e+000 +2.1668e+000
117 +4.963367378e+000 +4.963367378e+000 +6.581336738e+001 +6.581336738e+001 -3.7068e+000 +2.2994e+000
124 +2.583610628e+000 +2.583610628e+000 +6.343361063e+001 +6.343361063e+001 +2.6060e+000 -5.1055e-001
140 +1.068578484e+000 +1.068578484e+000 +6.191857848e+001 +6.191857848e+001 +2.8055e+000 +2.4247e+000
171 +1.029940280e+000 +1.029940280e+000 +6.187994028e+001 +6.187994028e+001 +2.9298e+000 +2.0938e+000
174 +9.692367484e-001 +9.692367484e-001 +6.181923675e+001 +6.181923675e+001 +2.8867e+000 +2.0709e+000
213 +5.070460775e-001 +5.070460775e-001 +6.135704608e+001 +6.135704608e+001 +1.5445e+000 +2.0760e+000
% function evaluation | noise-free fitness - Fopt (-1.435000000000e+002) | best noise-free fitness - Fopt | measured fitness | best measured fitness | x1 | x2...
1 +6.467509742e+000 +6.467509742e+000 -1.370324903e+002 -1.370324903e+002 +0.0000e+000 +0.0000e+000
2 +2.010353725e+000 +2.010353725e+000 -1.414896463e+002 -1.414896463e+002 -3.5392e+000 +2.1547e+000
8 +1.989827388e+000 +1.989827388e+000 -1.415101726e+002 -1.415101726e+002 -3.5149e+000 +2.1546e+000
42 +1.871168444e+000 +1.871168444e+000 -1.416288316e+002 -1.416288316e+002 -3.4439e+000 +2.1547e+000
51 +1.394617091e+000 +1.394617091e+000 -1.421053829e+002 -1.421053829e+002 -3.3434e+000 +2.1567e+000
52 +1.019501593e+000 +1.019501593e+000 -1.424804984e+002 -1.424804984e+002 -3.2786e+000 +2.1570e+000
53 +4.336261138e-001 +4.336261138e-001 -1.430663739e+002 -1.430663739e+002 -2.9524e+000 +2.1551e+000
62 +3.948092238e-001 +3.948092238e-001 -1.431051908e+002 -1.431051908e+002 -2.9491e+000 +2.1612e+000
66 +3.554431262e-001 +3.554431262e-001 -1.431445569e+002 -1.431445569e+002 -1.0191e+000 +2.1562e+000
69 +1.147694610e-001 +1.147694610e-001 -1.433852305e+002 -1.433852305e+002 -2.6697e+000 +2.1562e+000
73 +2.812181835e-003 +2.812181835e-003 -1.434971878e+002 -1.434971878e+002 -1.9069e+000 +2.1559e+000
76 +2.139053771e-003 +2.139053771e-003 -1.434978609e+002 -1.434978609e+002 -2.0579e+000 +2.1604e+000
83 +1.054030126e-003 +1.054030126e-003 -1.434989460e+002 -1.434989460e+002 -2.0277e+000 +2.1651e+000
98 +9.240027588e-004 +9.240027588e-004 -1.434990760e+002 -1.434990760e+002 -1.9857e+000 +2.1674e+000
100 +8.918955774e-004 +8.918955774e-004 -1.434991081e+002 -1.434991081e+002 -2.0196e+000 +2.1695e+000
104 +4.593073300e-004 +4.593073300e-004 -1.434995407e+002 -1.434995407e+002 -2.0218e+000 +2.1774e+000
116 +5.665247301e-006 +5.665247301e-006 -1.434999943e+002 -1.434999943e+002 -2.0518e+000 +2.2140e+000
143 +3.455588910e-006 +3.455588910e-006 -1.434999965e+002 -1.434999965e+002 -2.1125e+000 +2.2100e+000
146 +3.157516915e-007 +3.157516915e-007 -1.434999997e+002 -1.434999997e+002 -2.1011e+000 +2.2149e+000
162 +6.070601444e-008 +6.070601444e-008 -1.434999999e+002 -1.434999999e+002 -2.1081e+000 +2.2172e+000
183 +1.500382041e-010 +1.500382041e-010 -1.435000000e+002 -1.435000000e+002 -2.1182e+000 +2.2211e+000
236 +0.000000000e+000 +0.000000000e+000 -1.435000000e+002 -1.435000000e+002 -2.1208e+000 +2.2221e+000
% function evaluation | noise-free fitness - Fopt (9.465100000000e+002) | best noise-free fitness - Fopt | measured fitness | best measured fitness | x1 | x2...
1 +5.207242375e-001 +5.207242375e-001 +9.470307242e+002 +9.470307242e+002 +0.0000e+000 +0.0000e+000
