% function evaluation | noise-free fitness - Fopt (-1.694000000000e+01) | best noise-free fitness - Fopt | measured fitness | best measured fitness | x1 | x2...
1 +4.074075597e+01 +4.074075597e+01 +2.380075597e+01 +2.380075597e+01 +0.0000e+00 +0.0000e+00
% function evaluation | noise-free fitness - Fopt (1.881000000000e+01) | best noise-free fitness - Fopt | measured fitness | best measured fitness | x1 | x2...
1 +2.207574042e+01 +2.207574042e+01 +4.088574042e+01 +4.088574042e+01 +0.0000e+00 +0.0000e+00
2 +2.058221022e+01 +2.058221022e+01 +3.939221022e+01 +3.939221022e+01 -3.3856e+00 +3.8645e-01
3 +1.686168493e+01 +1.686168493e+01 +3.567168493e+01 +3.567168493e+01 -3.4901e+00 +3.7489e-01
14 +1.376541257e+01 +1.376541257e+01 +3.257541257e+01 +3.257541257e+01 -3.4232e+00 +3.3009e-01
20 +6.722364312e+00 +6.722364312e+00 +2.553236431e+01 +2.553236431e+01 -3.4780e+00 +2.4734e-01
27 +6.604842630e+00 +6.604842630e+00 +2.541484263e+01 +2.541484263e+01 -3.5095e+00 +2.5043e-01
40 +6.364833505e+00 +6.364833505e+00 +2.517483350e+01 +2.517483350e+01 -3.4875e+00 +2.0821e-01
41 +6.304594287e+00 +6.304594287e+00 +2.511459429e+01 +2.511459429e+01 -3.5037e+00 +2.2712e-01
% function evaluation | noise-free fitness - Fopt (2.731500000000e+02) | best noise-free fitness - Fopt | measured fitness | best measured fitness | x1 | x2...
1 +6.129627523e+01 +6.129627523e+01 +3.344462752e+02 +3.344462752e+02 +0.0000e+00 +0.0000e+00
2 +2.369845770e+01 +2.369845770e+01 +2.968484577e+02 +2.968484577e+02 -6.2018e-01 -4.0827e+00
3 +2.310501743e+01 +2.310501743e+01 +2.962550174e+02 +2.962550174e+02 -6.0750e-01 -4.0793e+00
14 +2.052045287e+01 +2.052045287e+01 +2.936704529e+02 +2.936704529e+02 -6.1585e-01 -4.2148e+00
34 +2.007878375e+01 +2.007878375e+01 +2.932287837e+02 +2.932287837e+02 -5.8966e-01 -4.2481e+00
% function evaluation | noise-free fitness - Fopt (3.718000000000e+01) | best noise-free fitness - Fopt | measured fitness | best measured fitness | x1 | x2...
1 +1.670141745e+01 +1.670141745e+01 +5.388141745e+01 +5.388141745e+01 +0.0000e+00 +0.0000e+00
14 +1.276730550e+01 +1.276730550e+01 +4.994730550e+01 +4.994730550e+01 +2.7788e-01 +3.2906e+00
24 +1.166467160e+01 +1.166467160e+01 +4.884467160e+01 +4.884467160e+01 +5.2212e-01 +3.2486e+00
30 +9.571751401e+00 +9.571751401e+00 +4.675175140e+01 +4.675175140e+01 -2.7377e-01 +3.2318e+00
% function evaluation | noise-free fitness - Fopt (-1.479000000000e+02) | best noise-free fitness - Fopt | measured fitness | best measured fitness | x1 | x2...
1 +7.591358693e+00 +7.591358693e+00 -1.403086413e+02 -1.403086413e+02 +0.0000e+00 +0.0000e+00
% function evaluation | noise-free fitness - Fopt (-6.080000000000e+00) | best noise-free fitness - Fopt | measured fitness | best measured fitness | x1 | x2...
1 +7.562927462e+00 +7.562927462e+00 +1.482927462e+00 +1.482927462e+00 +0.0000e+00 +0.0000e+00
8 +6.204372779e+00 +6.204372779e+00 +1.243727793e-01 +1.243727793e-01 -9.7517e-01 +3.0245e+00
12 +4.935651727e+00 +4.935651727e+00 -1.144348273e+00 -1.144348273e+00 -1.0778e+00 +3.0186e+00
23 +4.606663955e+00 +4.606663955e+00 -1.473336045e+00 -1.473336045e+00 -1.0779e+00 +3.0256e+00
27 +4.105399759e+00 +4.105399759e+00 -1.974600241e+00 -1.974600241e+00 -1.2149e+00 +3.0077e+00
34 +3.998710161e+00 +3.998710161e+00 -2.081289839e+00 -2.081289839e+00 -1.1666e+00 +3.0311e+00
77 +2.471454260e+00 +2.471454260e+00 -3.608545740e+00 -3.608545740e+00 -1.1670e+00 +1.7021e+00
85 +2.138795189e+00 +2.138795189e+00 -3.941204811e+00 -3.941204811e+00 -1.2107e+00 +2.0216e+00
95 +1.875815121e+00 +1.875815121e+00 -4.204184879e+00 -4.204184879e+00 -1.1612e+00 +2.0085e+00
96 +1.851293822e+00 +1.851293822e+00 -4.228706178e+00 -4.228706178e+00 -1.1993e+00 +1.9630e+00
% function evaluation | noise-free fitness - Fopt (2.431100000000e+02) | best noise-free fitness - Fopt | measured fitness | best measured fitness | x1 | x2...
1 +4.281920477e+00 +4.281920477e+00 +2.473919205e+02 +2.473919205e+02 +0.0000e+00 +0.0000e+00
% function evaluation | noise-free fitness - Fopt (-1.436200000000e+02) | best noise-free fitness - Fopt | measured fitness | best measured fitness | x1 | x2...
1 +4.245397637e+01 +4.245397637e+01 -1.011660236e+02 -1.011660236e+02 +0.0000e+00 +0.0000e+00
2 +2.183850711e+01 +2.183850711e+01 -1.217814929e+02 -1.217814929e+02 +5.3794e-01 +3.2642e+00
3 +1.998928245e+01 +1.998928245e+01 -1.236307176e+02 -1.236307176e+02 +5.4177e-01 +3.1686e+00
6 +1.948542710e+01 +1.948542710e+01 -1.241345729e+02 -1.241345729e+02 +5.4199e-01 +3.1623e+00
13 +1.829376153e+01 +1.829376153e+01 -1.253262385e+02 -1.253262385e+02 +5.6281e-01 +3.1642e+00
25 +1.815536114e+01 +1.815536114e+01 -1.254646389e+02 -1.254646389e+02 +5.7428e-01 +3.1716e+00
26 +1.756522416e+01 +1.756522416e+01 -1.260547758e+02 -1.260547758e+02 +5.5795e-01 +3.1524e+00
30 +1.733697154e+01 +1.733697154e+01 -1.262830285e+02 -1.262830285e+02 +5.5765e-01 +3.1497e+00
34 +7.557175706e+00 +7.557175706e+00 -1.360628243e+02 -1.360628243e+02 +5.6264e-01 +3.6389e+00
54 +6.214608049e+00 +6.214608049e+00 -1.374053920e+02 -1.374053920e+02 +4.3141e-01 +3.3754e+00
61 +5.452288936e+00 +5.452288936e+00 -1.381677111e+02 -1.381677111e+02 +5.0046e-01 +3.4569e+00
63 +4.057641463e+00 +4.057641463e+00 -1.395623585e+02 -1.395623585e+02 +3.7249e-01 +3.9364e+00
135 +1.879650139e+00 +1.879650139e+00 -1.417403499e+02 -1.417403499e+02 -1.4788e+00 +3.8446e+00
190 +1.393536700e+00 +1.393536700e+00 -1.422264633e+02 -1.422264633e+02 -2.7763e+00 +3.8457e+00
207 +6.131309473e-01 +6.131309473e-01 -1.430068691e+02 -1.430068691e+02 -2.9892e+00 +3.2844e+00
226 +5.027892624e-01 +5.027892624e-01 -1.431172107e+02 -1.431172107e+02 -2.5369e+00 +3.3347e+00
233 +3.207363268e-01 +3.207363268e-01 -1.432992637e+02 -1.432992637e+02 -2.4757e+00 +3.3154e+00
239 +1.625652876e-01 +1.625652876e-01 -1.434574347e+02 -1.434574347e+02 -2.5466e+00 +3.3048e+00
243 +1.268814156e-01 +1.268814156e-01 -1.434931186e+02 -1.434931186e+02 -2.5672e+00 +3.3232e+00
265 +9.890154126e-02 +9.890154126e-02 -1.435210985e+02 -1.435210985e+02 -2.5593e+00 +3.3401e+00
285 +9.632715241e-02 +9.632715241e-02 -1.435236728e+02 -1.435236728e+02 -2.5887e+00 +3.3291e+00
296 +7.689661639e-02 +7.689661639e-02 -1.435431034e+02 -1.435431034e+02 -2.5981e+00 +3.3150e+00
% function evaluation | noise-free fitness - Fopt (4.290000000000e+01) | best noise-free fitness - Fopt | measured fitness | best measured fitness | x1 | x2...
1 +7.199994764e-01 +7.199994764e-01 +4.361999948e+01 +4.361999948e+01 +0.0000e+00 +0.0000e+00
41 +4.268255894e-01 +4.268255894e-01 +4.332682559e+01 +4.332682559e+01 +6.4758e-02 -5.1358e-02
57 +3.786410965e-01 +3.786410965e-01 +4.327864110e+01 +4.327864110e+01 +4.4357e-02 +1.4635e-01
72 +2.653162332e-01 +2.653162332e-01 +4.316531623e+01 +4.316531623e+01 +8.2366e-02 +1.4356e-01
77 +1.626600666e-01 +1.626600666e-01 +4.306266007e+01 +4.306266007e+01 +1.1512e-01 +1.3733e-01
% function evaluation | noise-free fitness - Fopt (6.286500000000e+02) | best noise-free fitness - Fopt | measured fitness | best measured fitness | x1 | x2...
1 +9.840151736e+00 +9.840151736e+00 +6.384901517e+02 +6.384901517e+02 +0.0000e+00 +0.0000e+00
% function evaluation | noise-free fitness - Fopt (-7.163000000000e+01) | best noise-free fitness - Fopt | measured fitness | best measured fitness | x1 | x2...
1 +3.434811207e+01 +3.434811207e+01 -3.728188793e+01 -3.728188793e+01 +0.0000e+00 +0.0000e+00
2 +9.785547641e+00 +9.785547641e+00 -6.184445236e+01 -6.184445236e+01 -2.1956e+00 -4.8009e+00
4 +9.396868628e+00 +9.396868628e+00 -6.223313137e+01 -6.223313137e+01 -2.2040e+00 -4.8032e+00
15 +9.002683824e+00 +9.002683824e+00 -6.262731618e+01 -6.262731618e+01 -2.2113e+00 -4.8031e+00
20 +8.378151117e+00 +8.378151117e+00 -6.325184888e+01 -6.325184888e+01 -2.2261e+00 -4.8072e+00
24 +6.579704748e+00 +6.579704748e+00 -6.505029525e+01 -6.505029525e+01 -2.2699e+00 -4.8086e+00
28 +5.382942022e+00 +5.382942022e+00 -6.624705798e+01 -6.624705798e+01 -2.3165e+00 -4.8068e+00
48 +5.058897045e+00 +5.058897045e+00 -6.657110296e+01 -6.657110296e+01 -2.3709e+00 -4.8106e+00
% function evaluation | noise-free fitness - Fopt (1.976000000000e+01) | best noise-free fitness - Fopt | measured fitness | best measured fitness | x1 | x2...
1 +4.064235944e+00 +4.064235944e+00 +2.382423594e+01 +2.382423594e+01 +0.0000e+00 +0.0000e+00
% function evaluation | noise-free fitness - Fopt (6.100000000000e-01) | best noise-free fitness - Fopt | measured fitness | best measured fitness | x1 | x2...
1 +2.274398800e+01 +2.274398800e+01 +2.335398800e+01 +2.335398800e+01 +0.0000e+00 +0.0000e+00
92 +1.142281205e+01 +1.142281205e+01 +1.203281205e+01 +1.203281205e+01 -2.6489e-01 +1.6975e+00
95 +3.752258964e+00 +3.752258964e+00 +4.362258964e+00 +4.362258964e+00 +6.7300e-01 +1.3660e+00
97 +3.528574500e+00 +3.528574500e+00 +4.138574500e+00 +4.138574500e+00 +1.7942e+00 +1.3499e+00
98 +2.657597208e+00 +2.657597208e+00 +3.267597208e+00 +3.267597208e+00 +1.1275e+00 +1.1372e+00
99 +2.565412829e+00 +2.565412829e+00 +3.175412829e+00 +3.175412829e+00 +1.5928e+00 +9.9908e-01
103 +7.435673882e-01 +7.435673882e-01 +1.353567388e+00 +1.353567388e+00 +1.4945e+00 +1.5517e+00
152 +6.288066428e-01 +6.288066428e-01 +1.238806643e+00 +1.238806643e+00 +9.8424e-01 +2.3802e+00
175 +4.322678643e-01 +4.322678643e-01 +1.042267864e+00 +1.042267864e+00 +1.1946e+00 +1.7798e+00
184 +1.865464195e-01 +1.865464195e-01 +7.965464195e-01 +7.965464195e-01 +1.0645e+00 +1.9151e+00
193 +1.574823550e-01 +1.574823550e-01 +7.674823550e-01 +7.674823550e-01 +1.0934e+00 +2.0828e+00
198 +6.520535835e-02 +6.520535835e-02 +6.752053584e-01 +6.752053584e-01 +1.0876e+00 +1.9694e+00
208 +6.128151966e-02 +6.128151966e-02 +6.712815197e-01 +6.712815197e-01 +1.0897e+00 +1.9695e+00
227 +4.828964627e-02 +4.828964627e-02 +6.582896463e-01 +6.582896463e-01 +1.0866e+00 +2.0177e+00
235 +3.269727128e-02 +3.269727128e-02 +6.426972713e-01 +6.426972713e-01 +1.0631e+00 +2.0516e+00
238 +2.204693290e-02 +2.204693290e-02 +6.320469329e-01 +6.320469329e-01 +1.0671e+00 +2.0383e+00
243 +9.480569860e-03 +9.480569860e-03 +6.194805699e-01 +6.194805699e-01 +1.0679e+00 +2.0309e+00
262 +7.547630918e-03 +7.547630918e-03 +6.175476309e-01 +6.175476309e-01 +1.0732e+00 +2.0205e+00
273 +7.267550716e-03 +7.267550716e-03 +6.172675507e-01 +6.172675507e-01 +1.0731e+00 +2.0255e+00
287 +3.558638709e-03 +3.558638709e-03 +6.135586387e-01 +6.135586387e-01 +1.0735e+00 +2.0258e+00
366 +3.303756743e-03 +3.303756743e-03 +6.133037567e-01 +6.133037567e-01 +1.0736e+00 +2.0244e+00
% function evaluation | noise-free fitness - Fopt (-8.634400000000e+02) | best noise-free fitness - Fopt | measured fitness | best measured fitness | x1 | x2...
1 +2.375923469e+01 +2.375923469e+01 -8.396807653e+02 -8.396807653e+02 +0.0000e+00 +0.0000e+00
2 +1.426939321e+01 +1.426939321e+01 -8.491706068e+02 -8.491706068e+02 -6.6843e-01 +5.1594e-02
3 +9.666472518e+00 +9.666472518e+00 -8.537735275e+02 -8.537735275e+02 -7.1545e-01 +1.1338e-01
23 +8.361752217e+00 +8.361752217e+00 -8.550782478e+02 -8.550782478e+02 -7.4679e-01 +7.5322e-02
32 +7.946305862e+00 +7.946305862e+00 -8.554936941e+02 -8.554936941e+02 -7.6336e-01 +7.6183e-02
43 +7.883168813e+00 +7.883168813e+00 -8.555568312e+02 -8.555568312e+02 -7.9534e-01 +7.5642e-02
% function evaluation | noise-free fitness - Fopt (1.318500000000e+02) | best noise-free fitness - Fopt | measured fitness | best measured fitness | x1 | x2...
1 +2.821426688e-01 +2.821426688e-01 +1.321321427e+02 +1.321321427e+02 +0.0000e+00 +0.0000e+00
