% function evaluation | noise-free fitness - Fopt (7.627000000000e+001) | best noise-free fitness - Fopt | measured fitness | best measured fitness | x1 | x2...
1 +5.445689776e+006 +5.445689776e+006 +5.445766046e+006 +5.445766046e+006 +0.0000e+000 +0.0000e+000 +0.0000e+000 +0.0000e+000 +0.0000e+000
103 +1.060076147e+006 +1.060076147e+006 +1.060152417e+006 +1.060152417e+006 +4.4889e-001 +1.0859e+000 +8.1395e+000 +1.7196e+000 -5.1168e+000
130 +3.054963957e+005 +3.054963957e+005 +3.055726657e+005 +3.055726657e+005 +6.9794e-001 +2.7791e-002 +1.0834e+001 +1.8242e+000 -4.4558e+000
161 +4.873877990e+004 +4.873877990e+004 +4.881504990e+004 +4.881504990e+004 +1.8360e-001 -1.0805e+000 +6.7242e+000 +2.0522e+000 -4.9694e+000
185 +8.841128268e+003 +8.841128268e+003 +8.917398268e+003 +8.917398268e+003 +4.6659e-001 -1.9790e+000 +3.9242e+000 +1.9707e+000 -4.9627e+000
198 +1.492677296e+003 +1.492677296e+003 +1.568947296e+003 +1.568947296e+003 +7.6067e-001 -2.4777e+000 +2.6310e+000 +2.0669e+000 -4.9590e+000
210 +6.840125632e+002 +6.840125632e+002 +7.602825632e+002 +7.602825632e+002 +2.7856e-001 -1.6682e+000 +2.6167e+000 +6.5514e-001 -4.9296e+000
252 +6.466180213e+002 +6.466180213e+002 +7.228880213e+002 +7.228880213e+002 +8.1227e-001 -3.2448e+000 +9.1027e-001 +2.4100e+000 -4.8842e+000
392 +3.175122343e+002 +3.175122343e+002 +3.937822343e+002 +3.937822343e+002 +8.3173e-001 -2.9087e+000 +3.3223e+000 +3.4535e+000 -5.2443e+000
431 +1.654044581e+002 +1.654044581e+002 +2.416744581e+002 +2.416744581e+002 +9.8539e-001 -2.9761e+000 +3.1818e+000 +3.5820e+000 -5.7079e+000
471 +5.178897155e+001 +5.178897155e+001 +1.280589716e+002 +1.280589716e+002 +6.6110e-001 -3.0109e+000 +2.8742e+000 +3.4686e+000 -5.5691e+000
1002 +5.027704367e+001 +5.027704367e+001 +1.265470437e+002 +1.265470437e+002 +4.2589e-001 -3.2256e+000 +2.8364e+000 +3.7229e+000 -4.4422e+000
1179 +4.430034101e+001 +4.430034101e+001 +1.205703410e+002 +1.205703410e+002 +1.6526e+000 -3.2450e+000 +2.9801e+000 +3.5580e+000 -4.5164e+000
1288 +4.079320350e+001 +4.079320350e+001 +1.170632035e+002 +1.170632035e+002 +1.8110e+000 -3.3145e+000 +3.0309e+000 +3.5975e+000 -3.9289e+000
1375 +3.992349717e+001 +3.992349717e+001 +1.161934972e+002 +1.161934972e+002 +1.6171e+000 -3.2798e+000 +3.0715e+000 +3.6323e+000 -4.0810e+000
1397 +3.836757775e+001 +3.836757775e+001 +1.146375778e+002 +1.146375778e+002 +1.6242e+000 -3.2904e+000 +3.0243e+000 +3.5817e+000 -3.8741e+000
1439 +3.782784595e+001 +3.782784595e+001 +1.140978459e+002 +1.140978459e+002 +1.6408e+000 -3.2263e+000 +3.1410e+000 +3.4707e+000 -3.4555e+000
1747 +3.422724523e+001 +3.422724523e+001 +1.104972452e+002 +1.104972452e+002 +4.5450e-001 -3.4521e+000 +2.8575e+000 +3.7705e+000 -2.1030e+000
1767 +3.300082466e+001 +3.300082466e+001 +1.092708247e+002 +1.092708247e+002 +7.7048e-001 -3.4858e+000 +2.8611e+000 +3.7661e+000 -2.1514e+000
1822 +3.165186963e+001 +3.165186963e+001 +1.079218696e+002 +1.079218696e+002 -4.7261e-003 -3.6868e+000 +2.7658e+000 +4.3079e+000 -2.4020e+000
1946 +2.140879139e+001 +2.140879139e+001 +9.767879139e+001 +9.767879139e+001 -9.5074e-001 -3.2891e+000 +2.1500e+000 +3.4540e+000 -3.0350e+000
% function evaluation | noise-free fitness - Fopt (-2.255000000000e+001) | best noise-free fitness - Fopt | measured fitness | best measured fitness | x1 | x2...
1 +2.352302546e+006 +2.352302546e+006 +2.352279996e+006 +2.352279996e+006 +0.0000e+000 +0.0000e+000 +0.0000e+000 +0.0000e+000 +0.0000e+000
177 +2.124619660e+006 +2.124619660e+006 +2.124597110e+006 +2.124597110e+006 +1.8428e+000 +1.8940e+000 -7.7135e-002 +4.0758e+000 -1.6354e+000
195 +1.883713539e+006 +1.883713539e+006 +1.883690989e+006 +1.883690989e+006 +1.7742e+000 +1.8802e+000 -7.4424e-001 +4.0099e+000 -1.7373e+000
204 +1.833913052e+006 +1.833913052e+006 +1.833890502e+006 +1.833890502e+006 +1.1828e+000 +1.8832e+000 +1.7378e-001 +4.1063e+000 -1.6800e+000
207 +7.826352398e+005 +7.826352398e+005 +7.826126898e+005 +7.826126898e+005 +1.1609e+000 +1.8759e+000 -3.9422e-001 +4.0939e+000 -1.6052e+000
221 +3.016283411e+005 +3.016283411e+005 +3.016057911e+005 +3.016057911e+005 -1.0350e+000 +1.8465e+000 +2.1625e+000 +3.9284e+000 -1.6600e+000
230 +2.813594177e+005 +2.813594177e+005 +2.813368677e+005 +2.813368677e+005 +8.8345e-001 +1.9215e+000 -3.4560e+000 +4.1226e+000 -1.6103e+000
244 +2.051651625e+005 +2.051651625e+005 +2.051426125e+005 +2.051426125e+005 -1.0541e+000 +1.8187e+000 -2.6060e-001 +3.8876e+000 -1.8110e+000
245 +5.289661415e+004 +5.289661415e+004 +5.287406415e+004 +5.287406415e+004 -4.1069e-001 +1.8252e+000 +5.3741e-001 +3.9813e+000 -1.5931e+000
248 +1.860878173e+003 +1.860878173e+003 +1.838328173e+003 +1.838328173e+003 -6.9514e-001 +1.7562e+000 +2.2922e-001 +4.0830e+000 -1.6670e+000
286 +2.311219688e+002 +2.311219688e+002 +2.085719688e+002 +2.085719688e+002 -4.7628e-002 +1.9320e+000 -3.3236e-001 +3.9839e+000 -1.4166e+000
364 +1.635738062e+002 +1.635738062e+002 +1.410238062e+002 +1.410238062e+002 +1.8422e-001 +2.2361e+000 -9.8544e-001 +4.1155e+000 -1.5587e+000
365 +7.913364697e+001 +7.913364697e+001 +5.658364697e+001 +5.658364697e+001 +8.4010e-001 +1.9063e+000 -1.6714e+000 +4.1572e+000 -1.2834e+000
538 +7.715703803e+001 +7.715703803e+001 +5.460703803e+001 +5.460703803e+001 +5.7648e-001 +2.5074e+000 -1.3125e+000 +4.2201e+000 -1.2598e+000
% function evaluation | noise-free fitness - Fopt (1.366000000000e+001) | best noise-free fitness - Fopt | measured fitness | best measured fitness | x1 | x2...
1 +6.739884890e+006 +6.739884890e+006 +6.739898550e+006 +6.739898550e+006 +0.0000e+000 +0.0000e+000 +0.0000e+000 +0.0000e+000 +0.0000e+000
2 +1.638071882e+006 +1.638071882e+006 +1.638085542e+006 +1.638085542e+006 +3.7700e+000 +3.1418e+000 -1.1760e+000 +2.1898e+000 +2.8018e+000
4 +1.620813485e+006 +1.620813485e+006 +1.620827145e+006 +1.620827145e+006 +3.7672e+000 +3.1496e+000 -1.1752e+000 +2.1865e+000 +2.8022e+000
16 +1.515815948e+006 +1.515815948e+006 +1.515829608e+006 +1.515829608e+006 +3.7696e+000 +3.1965e+000 -1.1643e+000 +2.1897e+000 +2.8196e+000
30 +1.481962257e+006 +1.481962257e+006 +1.481975917e+006 +1.481975917e+006 +3.7713e+000 +3.2112e+000 -1.1793e+000 +2.1903e+000 +2.8248e+000
52 +1.395971573e+006 +1.395971573e+006 +1.395985233e+006 +1.395985233e+006 +3.7624e+000 +3.1977e+000 -1.1998e+000 +2.2011e+000 +2.7657e+000
54 +9.864427115e+005 +9.864427115e+005 +9.864563715e+005 +9.864563715e+005 +3.7801e+000 +3.3607e+000 -1.1242e+000 +2.1881e+000 +2.8030e+000
56 +7.758704743e+005 +7.758704743e+005 +7.758841343e+005 +7.758841343e+005 +3.7656e+000 +3.4482e+000 -1.2275e+000 +2.1938e+000 +2.8241e+000
79 +5.001105010e+005 +5.001105010e+005 +5.001241610e+005 +5.001241610e+005 +3.7695e+000 +3.6933e+000 -1.1780e+000 +2.1815e+000 +2.7690e+000
109 +1.671987980e+005 +1.671987980e+005 +1.672124580e+005 +1.672124580e+005 +3.7832e+000 +3.9014e+000 -1.5127e+000 +2.2533e+000 +2.5434e+000
125 +1.166067333e+005 +1.166067333e+005 +1.166203933e+005 +1.166203933e+005 +3.7698e+000 +4.1586e+000 -1.1451e+000 +2.1966e+000 +2.7354e+000
146 +6.616272970e+004 +6.616272970e+004 +6.617638970e+004 +6.617638970e+004 +3.7710e+000 +4.1563e+000 -1.2020e+000 +2.2370e+000 +2.5843e+000
149 +4.266809015e+004 +4.266809015e+004 +4.268175015e+004 +4.268175015e+004 +3.7755e+000 +4.0615e+000 -1.3904e+000 +2.2032e+000 +2.2738e+000
153 +2.231467907e+004 +2.231467907e+004 +2.232833907e+004 +2.232833907e+004 +3.7251e+000 +4.5558e+000 -8.4744e-001 +2.2514e+000 +2.4304e+000
163 +2.159474233e+004 +2.159474233e+004 +2.160840233e+004 +2.160840233e+004 +3.7838e+000 +4.2711e+000 -1.2636e+000 +2.2348e+000 +2.5452e+000
169 +5.126000797e+003 +5.126000797e+003 +5.139660797e+003 +5.139660797e+003 +3.7896e+000 +4.5633e+000 -1.7531e+000 +2.2205e+000 +2.5230e+000
183 +6.619883517e+001 +6.619883517e+001 +7.985883517e+001 +7.985883517e+001 +3.7765e+000 +4.4846e+000 -1.3152e+000 +2.1118e+000 +2.4844e+000
234 +4.964913833e+001 +4.964913833e+001 +6.330913833e+001 +6.330913833e+001 +3.7617e+000 +4.6202e+000 -7.9242e-001 +2.0148e+000 +2.6334e+000
473 +4.849458872e+001 +4.849458872e+001 +6.215458872e+001 +6.215458872e+001 +3.7626e+000 +4.2856e+000 -1.0923e+000 +2.1130e+000 +2.1426e+000
524 +4.662704284e+001 +4.662704284e+001 +6.028704284e+001 +6.028704284e+001 +3.7682e+000 +4.3130e+000 -1.3116e+000 +2.1106e+000 +2.1797e+000
979 +4.544864382e+001 +4.544864382e+001 +5.910864382e+001 +5.910864382e+001 +3.7345e+000 +4.2267e+000 -1.1766e+000 +2.0183e+000 +1.9641e+000
1043 +3.622020163e+001 +3.622020163e+001 +4.988020163e+001 +4.988020163e+001 +3.6958e+000 +4.1583e+000 +6.7300e-002 +2.1577e+000 +1.9888e+000
1111 +3.393539428e+001 +3.393539428e+001 +4.759539428e+001 +4.759539428e+001 +3.8150e+000 +4.1406e+000 +4.3864e+000 +2.2662e+000 +2.0185e+000
1139 +3.092675030e+001 +3.092675030e+001 +4.458675030e+001 +4.458675030e+001 +3.8119e+000 +4.1926e+000 +2.8501e+000 +2.1524e+000 +2.0053e+000
1317 +3.031938891e+001 +3.031938891e+001 +4.397938891e+001 +4.397938891e+001 +3.8140e+000 +4.1914e+000 +3.2111e+000 +2.0755e+000 +1.9386e+000
1544 +3.008944414e+001 +3.008944414e+001 +4.374944414e+001 +4.374944414e+001 +3.7822e+000 +4.1750e+000 +2.6326e+000 +2.1162e+000 +1.9565e+000
2866 +2.939298241e+001 +2.939298241e+001 +4.305298241e+001 +4.305298241e+001 +3.6472e+000 +4.1752e+000 +3.0817e+000 +2.0731e+000 +1.9820e+000
33197 +2.883801116e+001 +2.883801116e+001 +4.249801116e+001 +4.249801116e+001 +3.5906e+000 +4.1660e+000 +2.7135e+000 +2.0570e+000 +1.9751e+000
63005 +2.818299128e+001 +2.818299128e+001 +4.184299128e+001 +4.184299128e+001 +3.5142e+000 +4.1540e+000 +2.6151e+000 +2.0312e+000 +1.9655e+000
% function evaluation | noise-free fitness - Fopt (9.378400000000e+002) | best noise-free fitness - Fopt | measured fitness | best measured fitness | x1 | x2...
1 +8.250763278e+002 +8.250763278e+002 +1.762916328e+003 +1.762916328e+003 +0.0000e+000 +0.0000e+000 +0.0000e+000 +0.0000e+000 +0.0000e+000
256 +1.709877821e+002 +1.709877821e+002 +1.108827782e+003 +1.108827782e+003 +1.8352e+000 +4.6568e+000 -1.8670e+000 +4.1103e+000 -1.2182e+000
337 +1.129155822e+002 +1.129155822e+002 +1.050755582e+003 +1.050755582e+003 +2.2693e+000 +4.6490e+000 -1.5522e+000 +5.0152e+000 -6.1422e-001
948 +4.679025249e+001 +4.679025249e+001 +9.846302525e+002 +9.846302525e+002 +2.9719e+000 +4.3075e+000 +2.5734e+000 +4.4812e+000 -1.1584e+000
1835 +3.913356107e+001 +3.913356107e+001 +9.769735611e+002 +9.769735611e+002 +2.1703e+000 +9.9152e-001 +3.8195e+000 -9.2492e-001 -6.3181e+000
% function evaluation | noise-free fitness - Fopt (-7.872000000000e+001) | best noise-free fitness - Fopt | measured fitness | best measured fitness | x1 | x2...
1 +9.761742109e+004 +9.761742109e+004 +9.753870109e+004 +9.753870109e+004 +0.0000e+000 +0.0000e+000 +0.0000e+000 +0.0000e+000 +0.0000e+000
264 +1.545593011e+004 +1.545593011e+004 +1.537721011e+004 +1.537721011e+004 -1.8892e+000 +3.1422e-001 +2.9148e+000 +1.4255e+000 -9.7458e-001
285 +4.917071799e+003 +4.917071799e+003 +4.838351799e+003 +4.838351799e+003 -1.8967e+000 +3.2879e-001 +2.9099e+000 +1.6701e+000 -1.0509e+000
295 +7.264240717e+002 +7.264240717e+002 +6.477040717e+002 +6.477040717e+002 -1.8967e+000 +2.6745e-001 +2.9179e+000 +1.5885e+000 -9.2905e-001
325 +4.584320754e+002 +4.584320754e+002 +3.797120754e+002 +3.797120754e+002 -1.9131e+000 +1.5906e-001 +2.9265e+000 +1.5740e+000 -9.8363e-001
352 +1.317660431e+002 +1.317660431e+002 +5.304604306e+001 +5.304604306e+001 -1.9336e+000 +2.3643e-001 +2.8596e+000 +1.5031e+000 -8.1867e-001
361 +1.081054355e+002 +1.081054355e+002 +2.938543552e+001 +2.938543552e+001 -1.9002e+000 +2.3836e-001 +2.9230e+000 +1.5761e+000 -9.3324e-001
455 +6.208740415e+001 +6.208740415e+001 -1.663259585e+001 -1.663259585e+001 -2.1824e+000 +1.4221e-001 +3.4025e+000 +1.7551e+000 -9.7565e-001
507 +5.863569587e+001 +5.863569587e+001 -2.008430413e+001 -2.008430413e+001 -1.9803e+000 +6.7734e-001 +3.1056e+000 +1.5781e+000 -9.9486e-001
684 +5.330712548e+001 +5.330712548e+001 -2.541287452e+001 -2.541287452e+001 -1.4440e+000 +9.9189e-002 +3.2185e+000 +1.6730e+000 -9.2310e-001
2876 +4.618851305e+001 +4.618851305e+001 -3.253148695e+001 -3.253148695e+001 -6.7404e-001 +4.6805e-001 +3.1888e+000 +1.6546e+000 -1.1200e+000
3141 +4.401004600e+001 +4.401004600e+001 -3.470995400e+001 -3.470995400e+001 -2.7929e-001 +3.6951e-001 +3.2741e+000 +1.6459e+000 -9.7996e-001
3235 +4.364471973e+001 +4.364471973e+001 -3.507528027e+001 -3.507528027e+001 -2.0385e-001 +1.9995e-001 +3.2244e+000 +1.6439e+000 -9.4544e-001
3306 +4.143584621e+001 +4.143584621e+001 -3.728415379e+001 -3.728415379e+001 -1.4492e-001 +2.0795e-001 +3.1750e+000 +1.6286e+000 -9.4898e-001
3346 +3.903943771e+001 +3.903943771e+001 -3.968056229e+001 -3.968056229e+001 +1.4983e-001 +2.0840e-001 +3.1520e+000 +1.6160e+000 -9.5009e-001
3355 +3.176514286e+001 +3.176514286e+001 -4.695485714e+001 -4.695485714e+001 +1.6973e+000 -4.9538e-002 +3.0980e+000 +1.6132e+000 -9.5440e-001
3996 +3.110245096e+001 +3.110245096e+001 -4.761754904e+001 -4.761754904e+001 +2.9852e+000 -1.1743e-001 +3.2416e+000 +1.7182e+000 -1.1824e+000
4654 +3.088458542e+001 +3.088458542e+001 -4.783541458e+001 -4.783541458e+001 +2.7787e+000 -9.6123e-001 +3.3111e+000 +1.6693e+000 -5.1327e-001
5941 +2.616098401e+001 +2.616098401e+001 -5.255901599e+001 -5.255901599e+001 +3.1746e+000 -8.0293e-001 +2.8783e+000 +1.6224e+000 -9.1817e-001
9769 +2.149467638e+001 +2.149467638e+001 -5.722532362e+001 -5.722532362e+001 +2.6665e+000 -1.6404e-001 +1.9197e+000 +1.7055e+000 -2.5015e+000
% function evaluation | noise-free fitness - Fopt (-6.949000000000e+001) | best noise-free fitness - Fopt | measured fitness | best measured fitness | x1 | x2...
1 +1.273935959e+007 +1.273935959e+007 +1.273929010e+007 +1.273929010e+007 +0.0000e+000 +0.0000e+000 +0.0000e+000 +0.0000e+000 +0.0000e+000
2 +4.003604542e+006 +4.003604542e+006 +4.003535052e+006 +4.003535052e+006 -7.0057e-002 -2.4352e+000 +1.2878e+000 -4.1428e+000 +3.0233e+000
8 +3.964545165e+006 +3.964545165e+006 +3.964475675e+006 +3.964475675e+006 -6.6991e-002 -2.4374e+000 +1.2818e+000 -4.1622e+000 +3.0352e+000
31 +3.667493072e+006 +3.667493072e+006 +3.667423582e+006 +3.667423582e+006 -6.9163e-002 -2.4357e+000 +1.2763e+000 -4.1597e+000 +3.1635e+000
58 +3.604125143e+006 +3.604125143e+006 +3.604055653e+006 +3.604055653e+006 -6.5381e-002 -2.4374e+000 +1.2184e+000 -4.1891e+000 +3.1503e+000
71 +2.651639425e+006 +2.651639425e+006 +2.651569935e+006 +2.651569935e+006 -8.7627e-002 -2.4682e+000 +6.4248e-001 -4.1264e+000 +3.1685e+000
93 +1.616164956e+006 +1.616164956e+006 +1.616095466e+006 +1.616095466e+006 -8.2247e-002 -2.4422e+000 +3.3428e-003 -4.1652e+000 +3.0919e+000
132 +8.534733202e+005 +8.534733202e+005 +8.534038302e+005 +8.534038302e+005 -6.9573e-002 -2.4461e+000 -1.7113e-001 -4.5330e+000 +3.2511e+000
135 +4.822600506e+002 +4.822600506e+002 +4.127700506e+002 +4.127700506e+002 -7.0506e-002 -2.4359e+000 -2.0504e+000 -3.7397e+000 +3.1274e+000
192 +1.751870536e+002 +1.751870536e+002 +1.056970536e+002 +1.056970536e+002 -5.9976e-002 -2.4309e+000 -1.0570e+000 -3.3154e+000 +3.8516e+000
203 +1.193802385e+002 +1.193802385e+002 +4.989023853e+001 +4.989023853e+001 -4.0996e-002 -2.6312e+000 -1.6995e+000 -7.3527e+000 +3.2279e+000
222 +5.161335119e+001 +5.161335119e+001 -1.787664881e+001 -1.787664881e+001 -6.4589e-002 -2.4182e+000 -1.7243e+000 -1.0006e+000 +3.5284e+000
% function evaluation | noise-free fitness - Fopt (-2.718000000000e+001) | best noise-free fitness - Fopt | measured fitness | best measured fitness | x1 | x2...
1 +4.094925691e+002 +4.094925691e+002 +3.823125691e+002 +3.823125691e+002 +0.0000e+000 +0.0000e+000 +0.0000e+000 +0.0000e+000 +0.0000e+000
198 +1.405850335e+002 +1.405850335e+002 +1.134050335e+002 +1.134050335e+002 -3.3286e+000 +3.8913e+000 -4.4621e+000 -3.9050e+000 -3.0599e+000
224 +1.259578537e+002 +1.259578537e+002 +9.877785369e+001 +9.877785369e+001 -3.3859e+000 +4.1004e+000 -4.4663e+000 -3.8565e+000 -3.0029e+000
291 +1.129195029e+002 +1.129195029e+002 +8.573950289e+001 +8.573950289e+001 -3.5658e+000 +3.9118e+000 -4.4115e+000 -4.3311e+000 -3.0462e+000
% function evaluation | noise-free fitness - Fopt (-6.968800000000e+002) | best noise-free fitness - Fopt | measured fitness | best measured fitness | x1 | x2...
1 +1.360679606e+007 +1.360679606e+007 +1.360609918e+007 +1.360609918e+007 +0.0000e+000 +0.0000e+000 +0.0000e+000 +0.0000e+000 +0.0000e+000
2 +1.643404273e+006 +1.643404273e+006 +1.642707393e+006 +1.642707393e+006 -3.4608e+000 -4.7120e+000 +4.9564e+000 -1.1537e+000 -2.9511e+000
9 +1.533045025e+006 +1.533045025e+006 +1.532348145e+006 +1.532348145e+006 -3.4615e+000 -4.7052e+000 +4.9241e+000 -1.1701e+000 -2.9550e+000
28 +1.478921769e+006 +1.478921769e+006 +1.478224889e+006 +1.478224889e+006 -3.4680e+000 -4.6804e+000 +4.9185e+000 -1.1507e+000 -2.9547e+000
42 +1.313354485e+006 +1.313354485e+006 +1.312657605e+006 +1.312657605e+006 -3.4699e+000 -4.6598e+000 +4.8662e+000 -1.1514e+000 -2.9493e+000
58 +1.222073409e+006 +1.222073409e+006 +1.221376529e+006 +1.221376529e+006 -3.4681e+000 -4.7302e+000 +4.7578e+000 -1.1322e+000 -2.9458e+000
85 +6.696360373e+005 +6.696360373e+005 +6.689391573e+005 +6.689391573e+005 -3.4428e+000 -4.6640e+000 +4.5229e+000 -1.1503e+000 -2.9587e+000
89 +5.295157007e+005 +5.295157007e+005 +5.288188207e+005 +5.288188207e+005 -3.4686e+000 -4.2969e+000 +4.7445e+000 -1.1704e+000 -2.9555e+000
104 +4.861387124e+005 +4.861387124e+005 +4.854418324e+005 +4.854418324e+005 -3.4788e+000 -4.5217e+000 +4.5111e+000 -1.1528e+000 -2.9743e+000
129 +4.392589794e+005 +4.392589794e+005 +4.385620994e+005 +4.385620994e+005 -3.4470e+000 -4.4100e+000 +4.5587e+000 -1.1674e+000 -2.9980e+000
134 +1.763065947e+005 +1.763065947e+005 +1.756097147e+005 +1.756097147e+005 -3.4511e+000 -3.7701e+000 +4.7225e+000 -1.3159e+000 -3.0365e+000
136 +7.658980102e+004 +7.658980102e+004 +7.589292102e+004 +7.589292102e+004 -3.4504e+000 -3.6945e+000 +4.5606e+000 -1.2498e+000 -2.9469e+000
154 +4.060921155e+003 +4.060921155e+003 +3.364041155e+003 +3.364041155e+003 -3.4898e+000 -3.7074e+000 +4.0761e+000 -1.2300e+000 -2.9911e+000
192 +3.365456362e+003 +3.365456362e+003 +2.668576362e+003 +2.668576362e+003 -3.5181e+000 -4.0255e+000 +3.8297e+000 -1.2212e+000 -2.9876e+000
200 +6.049343122e+002 +6.049343122e+002 -9.194568784e+001 -9.194568784e+001 -3.4812e+000 -3.6214e+000 +4.2149e+000 -1.0332e+000 -2.9964e+000
223 +6.463972325e+001 +6.463972325e+001 -6.322402767e+002 -6.322402767e+002 -3.5215e+000 -3.9004e+000 +4.1124e+000 -1.5330e+000 -3.0047e+000
225 +4.217624181e+001 +4.217624181e+001 -6.547037582e+002 -6.547037582e+002 -3.5013e+000 -3.6674e+000 +4.1830e+000 -1.1282e+000 -2.9875e+000
246 +2.130720706e+001 +2.130720706e+001 -6.755727929e+002 -6.755727929e+002 -3.5684e+000 -3.7555e+000 +4.1618e+000 -1.2635e+000 -2.9760e+000
444 +1.982964690e+001 +1.982964690e+001 -6.770503531e+002 -6.770503531e+002 -3.5442e+000 -3.9469e+000 +4.0117e+000 -1.2621e+000 -3.0738e+000
673 +1.891185664e+001 +1.891185664e+001 -6.779681434e+002 -6.779681434e+002 -3.3578e+000 -3.9362e+000 +4.0284e+000 -1.3765e+000 -3.1720e+000
712 +1.785495165e+001 +1.785495165e+001 -6.790250484e+002 -6.790250484e+002 -3.2410e+000 -3.9433e+000 +4.0241e+000 -1.4556e+000 -3.2168e+000
1134 +1.719708571e+001 +1.719708571e+001 -6.796829143e+002 -6.796829143e+002 -3.2175e+000 -3.8857e+000 +4.0661e+000 -1.5411e+000 -3.0855e+000
1326 +1.666157422e+001 +1.666157422e+001 -6.802184258e+002 -6.802184258e+002 -3.1431e+000 -3.9677e+000 +3.9308e+000 -1.5810e+000 -2.8282e+000
1387 +1.656045644e+001 +1.656045644e+001 -6.803195436e+002 -6.803195436e+002 -3.0622e+000 -3.9339e+000 +3.9511e+000 -1.5932e+000 -2.8846e+000
1867 +1.532632525e+001 +1.532632525e+001 -6.815536748e+002 -6.815536748e+002 -2.7947e+000 -3.9390e+000 +3.8753e+000 -1.9257e+000 -2.4069e+000
% function evaluation | noise-free fitness - Fopt (-4.895300000000e+002) | best noise-free fitness - Fopt | measured fitness | best measured fitness | x1 | x2...
1 +6.575673575e+006 +6.575673575e+006 +6.575184045e+006 +6.575184045e+006 +0.0000e+000 +0.0000e+000 +0.0000e+000 +0.0000e+000 +0.0000e+000
162 +6.445523485e+006 +6.445523485e+006 +6.445033955e+006 +6.445033955e+006 -4.9660e+000 -4.2223e+000 -6.5512e-001 +2.9856e+000 -1.9099e+000
165 +2.070148177e+006 +2.070148177e+006 +2.069658647e+006 +2.069658647e+006 -5.0028e+000 +3.4174e-001 -5.2630e-001 +4.4174e+000 -2.0115e+000
177 +1.768307836e+006 +1.768307836e+006 +1.767818306e+006 +1.767818306e+006 -5.0099e+000 -3.3557e+000 -1.9766e+000 +4.0590e+000 -1.8466e+000
185 +1.077030185e+006 +1.077030185e+006 +1.076540655e+006 +1.076540655e+006 -4.7353e+000 -3.3858e+000 -2.1395e+000 +7.3666e+000 -2.0170e+000
190 +9.999828595e+005 +9.999828595e+005 +9.994933295e+005 +9.994933295e+005 -5.0513e+000 -1.3243e+000 -1.3731e+000 +3.9867e+000 -2.2312e+000
195 +2.908154695e+005 +2.908154695e+005 +2.903259395e+005 +2.903259395e+005 -4.2307e+000 -1.7940e+000 -2.1571e+000 +2.7367e+000 -1.9513e+000
197 +5.468858176e+004 +5.468858176e+004 +5.419905176e+004 +5.419905176e+004 -4.9585e+000 -3.6032e+000 -3.2045e+000 +3.5988e+000 -1.8612e+000
199 +1.466148478e+004 +1.466148478e+004 +1.417195478e+004 +1.417195478e+004 -4.5879e+000 -2.6025e+000 -2.8464e+000 +5.7776e-001 -2.8169e+000
234 +4.609324725e+003 +4.609324725e+003 +4.119794725e+003 +4.119794725e+003 -4.8193e+000 -4.1132e+000 -3.6781e+000 +7.0288e+000 -1.9607e+000
242 +1.619101013e+003 +1.619101013e+003 +1.129571013e+003 +1.129571013e+003 -4.1627e+000 -2.5055e+000 -3.0771e+000 +3.6674e+000 -1.9941e+000
243 +9.878198793e+002 +9.878198793e+002 +4.982898793e+002 +4.982898793e+002 -4.4014e+000 -1.7519e+000 -2.8260e+000 +5.8388e+000 -1.7839e+000
266 +3.135206910e+002 +3.135206910e+002 -1.760093090e+002 -1.760093090e+002 -4.6389e+000 -4.6072e+000 -3.8761e+000 +5.0438e+000 -1.7526e+000
337 +3.065865547e+002 +3.065865547e+002 -1.829434453e+002 -1.829434453e+002 -4.3213e+000 -3.4974e+000 -3.0814e+000 +6.5177e+000 -2.6057e+000
373 +2.235629497e+002 +2.235629497e+002 -2.659670503e+002 -2.659670503e+002 -4.3076e+000 -3.0913e+000 -3.8519e+000 +7.6261e+000 -5.8001e-001
464 +1.746778454e+002 +1.746778454e+002 -3.148521546e+002 -3.148521546e+002 -7.1066e+000 -1.8809e+000 -3.3884e+000 +3.3762e+000 -7.4935e-001
553 +1.203360254e+002 +1.203360254e+002 -3.691939746e+002 -3.691939746e+002 -5.2553e+000 -2.6482e+000 -3.3650e+000 +3.5117e+000 -1.3651e+000
577 +8.412604904e+001 +8.412604904e+001 -4.054039510e+002 -4.054039510e+002 -5.1608e+000 -2.9313e+000 -3.4752e+000 -2.5255e+000 -1.3674e+000
979 +8.034725666e+001 +8.034725666e+001 -4.091827433e+002 -4.091827433e+002 -4.3513e+000 -2.9123e+000 -3.3967e+000 -1.7313e-001 -1.5060e+000
1058 +7.522088507e+001 +7.522088507e+001 -4.143091149e+002 -4.143091149e+002 -3.7669e+000 -2.9879e+000 -3.3911e+000 -3.0329e+000 -1.5867e+000
1142 +6.276013795e+001 +6.276013795e+001 -4.267698621e+002 -4.267698621e+002 -3.1824e+000 -2.9987e+000 -3.3809e+000 -3.5543e+000 -1.6263e+000
1421 +5.953676330e+001 +5.953676330e+001 -4.299932367e+002 -4.299932367e+002 -2.6824e+000 -3.0279e+000 -3.3794e+000 -4.4869e+000 -1.6484e+000
1439 +5.196671174e+001 +5.196671174e+001 -4.375632883e+002 -4.375632883e+002 -5.4324e-001 -3.0236e+000 -3.3391e+000 -4.1547e+000 -1.7071e+000
1468 +5.069240417e+001 +5.069240417e+001 -4.388375958e+002 -4.388375958e+002 -1.4311e+000 -2.9701e+000 -3.3662e+000 -3.7605e+000 -1.6139e+000
1572 +4.792672916e+001 +4.792672916e+001 -4.416032708e+002 -4.416032708e+002 +9.9639e-002 -3.0422e+000 -3.3559e+000 -3.4151e+000 -1.6833e+000
1811 +4.580669770e+001 +4.580669770e+001 -4.437233023e+002 -4.437233023e+002 +1.0189e+000 -3.0870e+000 -3.3541e+000 -3.4499e+000 -1.7082e+000
2577 +4.437646780e+001 +4.437646780e+001 -4.451535322e+002 -4.451535322e+002 +9.5781e-001 -2.8467e+000 -3.3572e+000 -3.1263e+000 -1.5121e+000
40027 +4.365078112e+001 +4.365078112e+001 -4.458792189e+002 -4.458792189e+002 +7.1518e-001 -2.8853e+000 -3.3435e+000 -3.7795e+000 -1.5809e+000
% function evaluation | noise-free fitness - Fopt (-4.004000000000e+001) | best noise-free fitness - Fopt | measured fitness | best measured fitness | x1 | x2...
1 +1.328368176e+006 +1.328368176e+006 +1.328328136e+006 +1.328328136e+006 +0.0000e+000 +0.0000e+000 +0.0000e+000 +0.0000e+000 +0.0000e+000
170 +8.071392597e+005 +8.071392597e+005 +8.070992197e+005 +8.070992197e+005 -6.5977e-001 +4.9432e+000 +8.7685e-001 +4.7714e+000 +9.5287e+000
185 +1.715894821e+004 +1.715894821e+004 +1.711890821e+004 +1.711890821e+004 -6.4584e-001 +4.6983e+000 +9.0273e-001 +4.5017e+000 +7.5684e+000
227 +5.763639322e+003 +5.763639322e+003 +5.723599322e+003 +5.723599322e+003 -6.5096e-001 +6.1305e+000 +9.2257e-001 +4.5757e+000 +7.0234e+000
253 +1.940868021e+003 +1.940868021e+003 +1.900828021e+003 +1.900828021e+003 -6.0762e-001 +5.1634e+000 +8.7623e-001 +4.5930e+000 +7.3292e+000
278 +1.351082756e+003 +1.351082756e+003 +1.311042756e+003 +1.311042756e+003 -5.6950e-001 +5.7556e+000 +9.0089e-001 +4.5878e+000 +7.2579e+000
280 +3.289666513e+002 +3.289666513e+002 +2.889266513e+002 +2.889266513e+002 -5.5911e-001 +1.1340e+001 +1.0030e+000 +4.9156e+000 +6.9297e+000
309 +3.155424703e+002 +3.155424703e+002 +2.755024703e+002 +2.755024703e+002 -4.9776e-001 +7.8261e+000 +9.4801e-001 +4.7078e+000 +7.2219e+000
424 +2.632435834e+002 +2.632435834e+002 +2.232035834e+002 +2.232035834e+002 -7.9904e-001 +7.9058e+000 -3.3020e-001 +3.8337e+000 +6.3574e+000
% function evaluation | noise-free fitness - Fopt (-1.038100000000e+002) | best noise-free fitness - Fopt | measured fitness | best measured fitness | x1 | x2...
1 +1.885637353e+007 +1.885637353e+007 +1.885626972e+007 +1.885626972e+007 +0.0000e+000 +0.0000e+000 +0.0000e+000 +0.0000e+000 +0.0000e+000
202 +3.799637249e+003 +3.799637249e+003 +3.695827249e+003 +3.695827249e+003 +2.5331e+000 +2.2613e+000 -1.6183e+000 -8.7875e+000 -6.1107e+000
230 +1.854682579e+003 +1.854682579e+003 +1.750872579e+003 +1.750872579e+003 +1.9130e+000 +4.4612e-001 -8.9156e-001 -7.4709e+000 -4.0579e+000
289 +3.574569145e+002 +3.574569145e+002 +2.536469145e+002 +2.536469145e+002 +1.9149e+000 +2.5491e+000 -4.9986e-001 -8.4732e+000 -7.0701e+000
301 +1.156664077e+002 +1.156664077e+002 +1.185640767e+001 +1.185640767e+001 +2.5100e+000 +2.6101e+000 -1.1518e+000 -7.1961e+000 -3.0376e+000
% function evaluation | noise-free fitness - Fopt (-2.380000000000e+001) | best noise-free fitness - Fopt | measured fitness | best measured fitness | x1 | x2...
1 +1.272255517e+007 +1.272255517e+007 +1.272253137e+007 +1.272253137e+007 +0.0000e+000 +0.0000e+000 +0.0000e+000 +0.0000e+000 +0.0000e+000
2 +5.839014026e+004 +5.839014026e+004 +5.836634026e+004 +5.836634026e+004 +3.0259e+000 +2.5043e+000 -1.0818e+000 -1.7959e-001 +4.4360e+000
3 +5.619263414e+004 +5.619263414e+004 +5.616883414e+004 +5.616883414e+004 +3.0253e+000 +2.4814e+000 -1.0955e+000 -1.8012e-001 +4.4369e+000
8 +5.223123049e+004 +5.223123049e+004 +5.220743049e+004 +5.220743049e+004 +3.0295e+000 +2.5020e+000 -1.0269e+000 -1.7948e-001 +4.4379e+000
39 +4.716132044e+004 +4.716132044e+004 +4.713752044e+004 +4.713752044e+004 +3.0251e+000 +2.4481e+000 -1.0727e+000 -1.7952e-001 +4.4448e+000
56 +3.867899878e+004 +3.867899878e+004 +3.865519878e+004 +3.865519878e+004 +3.0132e+000 +2.3904e+000 -1.0386e+000 -1.7912e-001 +4.4457e+000
77 +3.781713278e+004 +3.781713278e+004 +3.779333278e+004 +3.779333278e+004 +3.0404e+000 +2.4421e+000 -9.9681e-001 -1.8340e-001 +4.4543e+000
84 +2.821034146e+004 +2.821034146e+004 +2.818654146e+004 +2.818654146e+004 +3.0312e+000 +2.4213e+000 -8.3120e-001 -1.7755e-001 +4.4432e+000
96 +1.628563927e+004 +1.628563927e+004 +1.626183927e+004 +1.626183927e+004 +3.0367e+000 +2.1189e+000 -1.0771e+000 -1.7903e-001 +4.4369e+000
98 +4.541670881e+003 +4.541670881e+003 +4.517870881e+003 +4.517870881e+003 +3.1330e+000 +1.9941e+000 -1.1153e+000 -1.7918e-001 +4.4511e+000
103 +3.406974298e+003 +3.406974298e+003 +3.383174298e+003 +3.383174298e+003 +3.1383e+000 +1.9932e+000 -1.0258e+000 -1.7593e-001 +4.4443e+000
131 +2.481859618e+002 +2.481859618e+002 +2.243859618e+002 +2.243859618e+002 +3.0535e+000 +1.8257e+000 -9.7242e-001 -1.7567e-001 +4.4354e+000
135 +6.791859201e+001 +6.791859201e+001 +4.411859201e+001 +4.411859201e+001 +3.0731e+000 +1.8521e+000 -9.6655e-001 -1.7936e-001 +4.4545e+000
249 +6.500583276e+001 +6.500583276e+001 +4.120583276e+001 +4.120583276e+001 +2.8915e+000 +1.9048e+000 -7.9976e-001 -1.8343e-001 +4.4491e+000
428 +6.008084309e+001 +6.008084309e+001 +3.628084309e+001 +3.628084309e+001 +2.7523e+000 +1.4533e+000 -8.7465e-001 -1.8845e-001 +4.3308e+000
714 +5.854944015e+001 +5.854944015e+001 +3.474944015e+001 +3.474944015e+001 +2.4078e+000 +1.8174e+000 -8.0268e-001 -4.5347e-001 +4.4765e+000
2487 +5.543584639e+001 +5.543584639e+001 +3.163584639e+001 +3.163584639e+001 +1.8596e+000 +1.7167e+000 -5.6706e-001 -5.2179e-002 +4.4082e+000
2673 +5.330336172e+001 +5.330336172e+001 +2.950336172e+001 +2.950336172e+001 +2.3415e+000 +1.6933e+000 -7.1896e-001 -8.7143e-001 +4.4515e+000
5378 +4.661824902e+001 +4.661824902e+001 +2.281824902e+001 +2.281824902e+001 +1.5192e+000 +1.9286e+000 -2.2055e-001 -1.3691e+000 +4.5148e+000
5615 +3.963433362e+001 +3.963433362e+001 +1.583433362e+001 +1.583433362e+001 +1.4312e+000 +1.5387e+000 -4.0693e-001 -1.9121e+000 +4.4699e+000
5642 +3.415261095e+001 +3.415261095e+001 +1.035261095e+001 +1.035261095e+001 +1.2026e+000 +1.9285e+000 +1.4376e-001 -4.5426e+000 +4.6657e+000
5935 +2.506069540e+001 +2.506069540e+001 +1.260695400e+000 +1.260695400e+000 -3.6672e+000 +1.6411e+000 +7.4884e-001 -4.4038e+000 +4.8049e+000
% function evaluation | noise-free fitness - Fopt (7.459000000000e+001) | best noise-free fitness - Fopt | measured fitness | best measured fitness | x1 | x2...
1 +1.382321277e+006 +1.382321277e+006 +1.382395867e+006 +1.382395867e+006 +0.0000e+000 +0.0000e+000 +0.0000e+000 +0.0000e+000 +0.0000e+000
2 +3.528053200e+005 +3.528053200e+005 +3.528799100e+005 +3.528799100e+005 -4.0978e+000 +1.2301e+000 +4.0738e+000 -1.7162e+000 -2.8410e+000
6 +3.438131625e+005 +3.438131625e+005 +3.438877525e+005 +3.438877525e+005 -4.0953e+000 +1.2262e+000 +4.0743e+000 -1.7151e+000 -2.8092e+000
7 +3.387092715e+005 +3.387092715e+005 +3.387838615e+005 +3.387838615e+005 -4.1036e+000 +1.2064e+000 +4.0743e+000 -1.7154e+000 -2.8501e+000
14 +3.234883612e+005 +3.234883612e+005 +3.235629512e+005 +3.235629512e+005 -4.0996e+000 +1.1759e+000 +4.0744e+000 -1.7158e+000 -2.8890e+000
45 +3.021673075e+005 +3.021673075e+005 +3.022418975e+005 +3.022418975e+005 -4.1004e+000 +1.1616e+000 +4.0741e+000 -1.7150e+000 -2.7986e+000
55 +2.733636891e+005 +2.733636891e+005 +2.734382791e+005 +2.734382791e+005 -4.0986e+000 +1.1087e+000 +4.0741e+000 -1.7152e+000 -2.8381e+000
99 +2.398389019e+005 +2.398389019e+005 +2.399134919e+005 +2.399134919e+005 -4.1008e+000 +1.0636e+000 +4.0742e+000 -1.7127e+000 -2.8043e+000
103 +1.599461792e+005 +1.599461792e+005 +1.600207692e+005 +1.600207692e+005 -4.1023e+000 +8.1346e-001 +4.0736e+000 -1.7176e+000 -3.0254e+000
131 +1.294316182e+005 +1.294316182e+005 +1.295062082e+005 +1.295062082e+005 -4.1199e+000 +6.8803e-001 +4.0740e+000 -1.7123e+000 -2.8589e+000
167 +1.091770588e+005 +1.091770588e+005 +1.092516488e+005 +1.092516488e+005 -4.0807e+000 +5.2923e-001 +4.0731e+000 -1.7329e+000 -2.8140e+000
180 +6.499557515e+003 +6.499557515e+003 +6.574147515e+003 +6.574147515e+003 -4.1121e+000 -1.3807e-001 +4.0755e+000 -1.7140e+000 -2.8812e+000
206 +4.871955312e+003 +4.871955312e+003 +4.946545312e+003 +4.946545312e+003 -4.0543e+000 +2.2937e-001 +4.0754e+000 -1.7044e+000 -1.0916e+000
213 +4.041319493e+003 +4.041319493e+003 +4.115909493e+003 +4.115909493e+003 -4.1495e+000 -4.5344e-001 +4.0739e+000 -1.7945e+000 -3.1602e+000
227 +3.685922877e+003 +3.685922877e+003 +3.760512877e+003 +3.760512877e+003 -4.1085e+000 -2.7252e-001 +4.0745e+000 -1.7411e+000 -2.8801e+000
228 +3.545544567e+003 +3.545544567e+003 +3.620134567e+003 +3.620134567e+003 -3.8635e+000 +1.5857e-001 +4.0744e+000 -1.6276e+000 -2.5945e+000
233 +3.122400351e+003 +3.122400351e+003 +3.196990351e+003 +3.196990351e+003 -4.4027e+000 +2.9548e-001 +4.0717e+000 -1.3508e+000 -2.7541e+000
239 +7.249286195e+002 +7.249286195e+002 +7.995186195e+002 +7.995186195e+002 -4.1186e+000 -4.5504e-001 +4.0740e+000 -1.7013e+000 -3.0586e+000
247 +5.958717054e+001 +5.958717054e+001 +1.341771705e+002 +1.341771705e+002 -4.0770e+000 -2.7194e-001 +4.0736e+000 -1.7076e+000 -2.4787e+000
% function evaluation | noise-free fitness - Fopt (2.225900000000e+002) | best noise-free fitness - Fopt | measured fitness | best measured fitness | x1 | x2...
1 +7.674979651e+005 +7.674979651e+005 +7.677205551e+005 +7.677205551e+005 +0.0000e+000 +0.0000e+000 +0.0000e+000 +0.0000e+000 +0.0000e+000
117 +3.002873757e+005 +3.002873757e+005 +3.005099657e+005 +3.005099657e+005 -4.5085e+000 +2.4936e+000 -2.3099e+000 +2.0596e+000 -1.6328e+000
133 +5.293593709e+003 +5.293593709e+003 +5.516183709e+003 +5.516183709e+003 -4.2208e+000 +2.4908e+000 -1.4137e+000 +2.1202e+000 -1.1014e+000
155 +1.493239368e+003 +1.493239368e+003 +1.715829368e+003 +1.715829368e+003 -4.5028e+000 +2.4868e+000 -1.3622e+000 +2.2759e+000 -1.0003e+000
171 +2.276179598e+002 +2.276179598e+002 +4.502079598e+002 +4.502079598e+002 -4.1218e+000 +2.5124e+000 -1.0715e+000 +2.1367e+000 -5.4008e-001
225 +1.172985047e+002 +1.172985047e+002 +3.398885047e+002 +3.398885047e+002 -3.7073e+000 +2.4933e+000 -1.0984e+000 +2.2110e+000 -1.2277e+000
416 +1.088206098e+002 +1.088206098e+002 +3.314106098e+002 +3.314106098e+002 -3.7482e+000 +2.4893e+000 -5.8164e-001 +7.6206e-001 +7.7372e-001
% function evaluation | noise-free fitness - Fopt (-2.977700000000e+002) | best noise-free fitness - Fopt | measured fitness | best measured fitness | x1 | x2...
1 +1.039463448e+005 +1.039463448e+005 +1.036485748e+005 +1.036485748e+005 +0.0000e+000 +0.0000e+000 +0.0000e+000 +0.0000e+000 +0.0000e+000
72 +1.454748579e+002 +1.454748579e+002 -1.522951421e+002 -1.522951421e+002 -7.5169e-002 +3.4104e+000 +4.4831e+000 +2.6343e+000 -3.1212e+000
114 +8.028870028e+001 +8.028870028e+001 -2.174812997e+002 -2.174812997e+002 -2.7468e-002 +3.3967e+000 +4.3381e+000 +2.5964e+000 -3.0319e+000
153 +7.481277143e+001 +7.481277143e+001 -2.229572286e+002 -2.229572286e+002 +2.6452e-001 +3.4266e+000 +4.3629e+000 +2.6599e+000 -3.0951e+000
