% function evaluation | noise-free fitness - Fopt (-1.025500000000e+02) | best noise-free fitness - Fopt | measured fitness | best measured fitness | x1 | x2...
1 +2.503737427e-01 +2.503737427e-01 -1.022996263e+02 -1.022996263e+02 +0.0000e+00 +0.0000e+00
610 +1.884952471e-01 +1.884952471e-01 -1.023615048e+02 -1.023615048e+02 -5.6787e-01 -1.1214e+00
646 +1.212797141e-01 +1.212797141e-01 -1.024287203e+02 -1.024287203e+02 +2.2852e-01 -1.9509e-01
665 +4.353080649e-03 +4.353080649e-03 -1.025456469e+02 -1.025456469e+02 -7.4656e-02 +1.0532e+00
5304 +4.247598312e-03 +4.247598312e-03 -1.025457524e+02 -1.025457524e+02 -6.9566e-02 +1.0922e+00
5324 +4.154363084e-03 +4.154363084e-03 -1.025458456e+02 -1.025458456e+02 -6.9983e-02 +1.0919e+00
5352 +4.054077881e-03 +4.054077881e-03 -1.025459459e+02 -1.025459459e+02 -7.0510e-02 +1.0897e+00
5383 +3.966897584e-03 +3.966897584e-03 -1.025460331e+02 -1.025460331e+02 -7.1126e-02 +1.0879e+00
5392 +3.885841491e-03 +3.885841491e-03 -1.025461142e+02 -1.025461142e+02 -7.1322e-02 +1.0845e+00
5423 +3.798834910e-03 +3.798834910e-03 -1.025462012e+02 -1.025462012e+02 -7.2070e-02 +1.0834e+00
5433 +3.690215829e-03 +3.690215829e-03 -1.025463098e+02 -1.025463098e+02 -7.3401e-02 +1.0791e+00
5438 +3.629171249e-03 +3.629171249e-03 -1.025463708e+02 -1.025463708e+02 -7.3185e-02 +1.0705e+00
5444 +3.486347875e-03 +3.486347875e-03 -1.025465137e+02 -1.025465137e+02 -7.3447e-02 +1.0730e+00
5445 +3.359248361e-03 +3.359248361e-03 -1.025466408e+02 -1.025466408e+02 -7.4270e-02 +1.0707e+00
5489 +3.304538947e-03 +3.304538947e-03 -1.025466955e+02 -1.025466955e+02 -7.4842e-02 +1.0692e+00
5497 +3.202116075e-03 +3.202116075e-03 -1.025467979e+02 -1.025467979e+02 -7.5120e-02 +1.0629e+00
5528 +3.053853038e-03 +3.053853038e-03 -1.025469461e+02 -1.025469461e+02 -7.7193e-02 +1.0595e+00
5539 +2.960354890e-03 +2.960354890e-03 -1.025470396e+02 -1.025470396e+02 -7.6908e-02 +1.0512e+00
5563 +2.942364257e-03 +2.942364257e-03 -1.025470576e+02 -1.025470576e+02 -7.6650e-02 +1.0551e+00
5583 +2.829364219e-03 +2.829364219e-03 -1.025471706e+02 -1.025471706e+02 -7.7346e-02 +1.0533e+00
5755 +2.817451786e-03 +2.817451786e-03 -1.025471825e+02 -1.025471825e+02 -7.7561e-02 +1.0535e+00
5882 +2.743481463e-03 +2.743481463e-03 -1.025472565e+02 -1.025472565e+02 -7.7912e-02 +1.0505e+00
5922 +2.687747168e-03 +2.687747168e-03 -1.025473123e+02 -1.025473123e+02 -7.8380e-02 +1.0490e+00
5962 +2.617721429e-03 +2.617721429e-03 -1.025473823e+02 -1.025473823e+02 -7.8777e-02 +1.0463e+00
5986 +2.528371430e-03 +2.528371430e-03 -1.025474716e+02 -1.025474716e+02 -7.9375e-02 +1.0431e+00
5992 +2.510983711e-03 +2.510983711e-03 -1.025474890e+02 -1.025474890e+02 -7.9470e-02 +1.0423e+00
6014 +2.427488038e-03 +2.427488038e-03 -1.025475725e+02 -1.025475725e+02 -8.0000e-02 +1.0377e+00
6057 +2.398330042e-03 +2.398330042e-03 -1.025476017e+02 -1.025476017e+02 -8.0218e-02 +1.0377e+00
6063 +2.290160540e-03 +2.290160540e-03 -1.025477098e+02 -1.025477098e+02 -8.1263e-02 +1.0283e+00
6074 +2.233734036e-03 +2.233734036e-03 -1.025477663e+02 -1.025477663e+02 -8.1560e-02 +1.0320e+00
6111 +2.162498159e-03 +2.162498159e-03 -1.025478375e+02 -1.025478375e+02 -8.1971e-02 +1.0262e+00
6124 +2.090388107e-03 +2.090388107e-03 -1.025479096e+02 -1.025479096e+02 -8.2475e-02 +1.0245e+00
6134 +2.078111261e-03 +2.078111261e-03 -1.025479219e+02 -1.025479219e+02 -8.2570e-02 +1.0239e+00
6169 +2.035543409e-03 +2.035543409e-03 -1.025479645e+02 -1.025479645e+02 -8.2902e-02 +1.0225e+00
6173 +1.804236121e-03 +1.804236121e-03 -1.025481958e+02 -1.025481958e+02 -8.5025e-02 +1.0134e+00
6250 +1.774685850e-03 +1.774685850e-03 -1.025482253e+02 -1.025482253e+02 -8.5488e-02 +1.0119e+00
6272 +1.732981208e-03 +1.732981208e-03 -1.025482670e+02 -1.025482670e+02 -8.5430e-02 +1.0092e+00
6296 +1.667229289e-03 +1.667229289e-03 -1.025483328e+02 -1.025483328e+02 -8.6134e-02 +1.0067e+00
6312 +1.640892736e-03 +1.640892736e-03 -1.025483591e+02 -1.025483591e+02 -8.6346e-02 +1.0053e+00
6364 +1.607191389e-03 +1.607191389e-03 -1.025483928e+02 -1.025483928e+02 -8.6622e-02 +1.0035e+00
6382 +1.526881267e-03 +1.526881267e-03 -1.025484731e+02 -1.025484731e+02 -8.7313e-02 +9.9882e-01
6388 +1.498767051e-03 +1.498767051e-03 -1.025485012e+02 -1.025485012e+02 -8.7597e-02 +9.9749e-01
6396 +1.236351698e-03 +1.236351698e-03 -1.025487636e+02 -1.025487636e+02 -9.0264e-02 +9.8129e-01
6437 +1.013911083e-03 +1.013911083e-03 -1.025489861e+02 -1.025489861e+02 -9.6346e-02 +9.5725e-01
6448 +9.299022095e-04 +9.299022095e-04 -1.025490701e+02 -1.025490701e+02 -9.4060e-02 +9.6175e-01
6468 +8.736198357e-04 +8.736198357e-04 -1.025491264e+02 -1.025491264e+02 -9.5204e-02 +9.5726e-01
6481 +7.912711586e-04 +7.912711586e-04 -1.025492087e+02 -1.025492087e+02 -9.6501e-02 +9.5020e-01
6574 +7.578304444e-04 +7.578304444e-04 -1.025492422e+02 -1.025492422e+02 -9.6558e-02 +9.4771e-01
6587 +7.279420505e-04 +7.279420505e-04 -1.025492721e+02 -1.025492721e+02 -9.6893e-02 +9.4280e-01
6612 +6.877712229e-04 +6.877712229e-04 -1.025493122e+02 -1.025493122e+02 -9.7575e-02 +9.3828e-01
6634 +5.624396179e-04 +5.624396179e-04 -1.025494376e+02 -1.025494376e+02 -1.0038e-01 +9.2775e-01
6652 +4.879982391e-04 +4.879982391e-04 -1.025495120e+02 -1.025495120e+02 -1.0135e-01 +9.1980e-01
6678 +4.694849924e-04 +4.694849924e-04 -1.025495305e+02 -1.025495305e+02 -1.0166e-01 +9.1739e-01
6694 +4.624828699e-04 +4.624828699e-04 -1.025495375e+02 -1.025495375e+02 -1.0225e-01 +9.1616e-01
6707 +4.478128499e-04 +4.478128499e-04 -1.025495522e+02 -1.025495522e+02 -1.0213e-01 +9.1459e-01
6722 +4.244326167e-04 +4.244326167e-04 -1.025495756e+02 -1.025495756e+02 -1.0255e-01 +9.1000e-01
6723 +4.003578820e-04 +4.003578820e-04 -1.025495996e+02 -1.025495996e+02 -1.0398e-01 +9.0689e-01
6734 +3.970025104e-04 +3.970025104e-04 -1.025496030e+02 -1.025496030e+02 -1.0319e-01 +9.0692e-01
6777 +3.833253116e-04 +3.833253116e-04 -1.025496167e+02 -1.025496167e+02 -1.0360e-01 +9.0562e-01
6781 +3.736638209e-04 +3.736638209e-04 -1.025496263e+02 -1.025496263e+02 -1.0403e-01 +9.0433e-01
6794 +3.650381560e-04 +3.650381560e-04 -1.025496350e+02 -1.025496350e+02 -1.0419e-01 +9.0306e-01
6859 +3.628964816e-04 +3.628964816e-04 -1.025496371e+02 -1.025496371e+02 -1.0413e-01 +9.0263e-01
6896 +3.543624274e-04 +3.543624274e-04 -1.025496456e+02 -1.025496456e+02 -1.0437e-01 +9.0136e-01
6979 +3.466520423e-04 +3.466520423e-04 -1.025496533e+02 -1.025496533e+02 -1.0445e-01 +8.9937e-01
6993 +3.379789154e-04 +3.379789154e-04 -1.025496620e+02 -1.025496620e+02 -1.0471e-01 +8.9841e-01
7024 +3.234284083e-04 +3.234284083e-04 -1.025496766e+02 -1.025496766e+02 -1.0533e-01 +8.9642e-01
7028 +3.135036292e-04 +3.135036292e-04 -1.025496865e+02 -1.025496865e+02 -1.0596e-01 +8.9407e-01
7050 +3.060814479e-04 +3.060814479e-04 -1.025496939e+02 -1.025496939e+02 -1.0558e-01 +8.9123e-01
7055 +2.826931716e-04 +2.826931716e-04 -1.025497173e+02 -1.025497173e+02 -1.0626e-01 +8.8886e-01
7164 +2.787407591e-04 +2.787407591e-04 -1.025497213e+02 -1.025497213e+02 -1.0649e-01 +8.8458e-01
7171 +2.704334260e-04 +2.704334260e-04 -1.025497296e+02 -1.025497296e+02 -1.0702e-01 +8.8679e-01
7173 +2.691233617e-04 +2.691233617e-04 -1.025497309e+02 -1.025497309e+02 -1.0694e-01 +8.8673e-01
7191 +2.531658199e-04 +2.531658199e-04 -1.025497468e+02 -1.025497468e+02 -1.0721e-01 +8.8339e-01
7201 +2.496040641e-04 +2.496040641e-04 -1.025497504e+02 -1.025497504e+02 -1.0734e-01 +8.8275e-01
7212 +2.342933903e-04 +2.342933903e-04 -1.025497657e+02 -1.025497657e+02 -1.0786e-01 +8.7958e-01
7226 +2.238662080e-04 +2.238662080e-04 -1.025497761e+02 -1.025497761e+02 -1.0869e-01 +8.7701e-01
7233 +1.818395632e-04 +1.818395632e-04 -1.025498182e+02 -1.025498182e+02 -1.0992e-01 +8.6763e-01
7241 +1.732480149e-04 +1.732480149e-04 -1.025498268e+02 -1.025498268e+02 -1.1017e-01 +8.6261e-01
7257 +1.517829812e-04 +1.517829812e-04 -1.025498482e+02 -1.025498482e+02 -1.1108e-01 +8.5757e-01
7275 +1.394190830e-04 +1.394190830e-04 -1.025498606e+02 -1.025498606e+02 -1.1168e-01 +8.5526e-01
7291 +1.282979097e-04 +1.282979097e-04 -1.025498717e+02 -1.025498717e+02 -1.1286e-01 +8.5121e-01
7297 +1.228976686e-04 +1.228976686e-04 -1.025498771e+02 -1.025498771e+02 -1.1251e-01 +8.4914e-01
7307 +1.169151270e-04 +1.169151270e-04 -1.025498831e+02 -1.025498831e+02 -1.1302e-01 +8.4822e-01
7310 +9.938939969e-05 +9.938939969e-05 -1.025499006e+02 -1.025499006e+02 -1.1405e-01 +8.4161e-01
7326 +9.680187867e-05 +9.680187867e-05 -1.025499032e+02 -1.025499032e+02 -1.1406e-01 +8.3882e-01
7329 +8.379531498e-05 +8.379531498e-05 -1.025499162e+02 -1.025499162e+02 -1.1577e-01 +8.3318e-01
7341 +7.699096314e-05 +7.699096314e-05 -1.025499230e+02 -1.025499230e+02 -1.1583e-01 +8.3135e-01
7351 +7.109487970e-05 +7.109487970e-05 -1.025499289e+02 -1.025499289e+02 -1.1591e-01 +8.2851e-01
7352 +6.984643399e-05 +6.984643399e-05 -1.025499302e+02 -1.025499302e+02 -1.1693e-01 +8.2591e-01
7357 +6.810144558e-05 +6.810144558e-05 -1.025499319e+02 -1.025499319e+02 -1.1653e-01 +8.2682e-01
7363 +6.665117640e-05 +6.665117640e-05 -1.025499333e+02 -1.025499333e+02 -1.1640e-01 +8.2645e-01
7371 +6.442855585e-05 +6.442855585e-05 -1.025499356e+02 -1.025499356e+02 -1.1660e-01 +8.2522e-01
7379 +6.091952240e-05 +6.091952240e-05 -1.025499391e+02 -1.025499391e+02 -1.1676e-01 +8.2291e-01
7454 +5.739649004e-05 +5.739649004e-05 -1.025499426e+02 -1.025499426e+02 -1.1720e-01 +8.2115e-01
7486 +5.484943091e-05 +5.484943091e-05 -1.025499452e+02 -1.025499452e+02 -1.1730e-01 +8.1902e-01
7517 +5.316488426e-05 +5.316488426e-05 -1.025499468e+02 -1.025499468e+02 -1.1749e-01 +8.1824e-01
7536 +5.193164216e-05 +5.193164216e-05 -1.025499481e+02 -1.025499481e+02 -1.1763e-01 +8.1754e-01
7565 +5.118149990e-05 +5.118149990e-05 -1.025499488e+02 -1.025499488e+02 -1.1779e-01 +8.1721e-01
7570 +4.958144758e-05 +4.958144758e-05 -1.025499504e+02 -1.025499504e+02 -1.1783e-01 +8.1469e-01
7587 +4.874431744e-05 +4.874431744e-05 -1.025499513e+02 -1.025499513e+02 -1.1791e-01 +8.1494e-01
7602 +4.782273773e-05 +4.782273773e-05 -1.025499522e+02 -1.025499522e+02 -1.1801e-01 +8.1440e-01
7638 +4.676066284e-05 +4.676066284e-05 -1.025499532e+02 -1.025499532e+02 -1.1817e-01 +8.1406e-01
7662 +4.567596916e-05 +4.567596916e-05 -1.025499543e+02 -1.025499543e+02 -1.1824e-01 +8.1287e-01
7682 +4.416127338e-05 +4.416127338e-05 -1.025499558e+02 -1.025499558e+02 -1.1872e-01 +8.1206e-01
7696 +4.287194430e-05 +4.287194430e-05 -1.025499571e+02 -1.025499571e+02 -1.1855e-01 +8.1031e-01
7702 +4.149677973e-05 +4.149677973e-05 -1.025499585e+02 -1.025499585e+02 -1.1872e-01 +8.0881e-01
7713 +3.817962940e-05 +3.817962940e-05 -1.025499618e+02 -1.025499618e+02 -1.1912e-01 +8.0715e-01
7752 +3.742184089e-05 +3.742184089e-05 -1.025499626e+02 -1.025499626e+02 -1.1929e-01 +8.0408e-01
7770 +3.610517450e-05 +3.610517450e-05 -1.025499639e+02 -1.025499639e+02 -1.1940e-01 +8.0562e-01
7784 +3.541268727e-05 +3.541268727e-05 -1.025499646e+02 -1.025499646e+02 -1.1947e-01 +8.0464e-01
7816 +3.421145985e-05 +3.421145985e-05 -1.025499658e+02 -1.025499658e+02 -1.1978e-01 +8.0422e-01
7822 +3.348152690e-05 +3.348152690e-05 -1.025499665e+02 -1.025499665e+02 -1.1974e-01 +8.0314e-01
7825 +3.162352536e-05 +3.162352536e-05 -1.025499684e+02 -1.025499684e+02 -1.1999e-01 +8.0074e-01
7835 +2.588201015e-05 +2.588201015e-05 -1.025499741e+02 -1.025499741e+02 -1.2088e-01 +7.9447e-01
7868 +2.491846477e-05 +2.491846477e-05 -1.025499751e+02 -1.025499751e+02 -1.2104e-01 +7.9443e-01
7883 +2.443118417e-05 +2.443118417e-05 -1.025499756e+02 -1.025499756e+02 -1.2120e-01 +7.9159e-01
7896 +2.364025251e-05 +2.364025251e-05 -1.025499764e+02 -1.025499764e+02 -1.2127e-01 +7.9307e-01
7908 +2.332255777e-05 +2.332255777e-05 -1.025499767e+02 -1.025499767e+02 -1.2133e-01 +7.9266e-01
7934 +2.260631989e-05 +2.260631989e-05 -1.025499774e+02 -1.025499774e+02 -1.2150e-01 +7.9205e-01
7943 +2.217106356e-05 +2.217106356e-05 -1.025499778e+02 -1.025499778e+02 -1.2157e-01 +7.9145e-01
7972 +2.122665946e-05 +2.122665946e-05 -1.025499788e+02 -1.025499788e+02 -1.2205e-01 +7.8996e-01
7989 +2.083272722e-05 +2.083272722e-05 -1.025499792e+02 -1.025499792e+02 -1.2181e-01 +7.8971e-01
7997 +1.974428184e-05 +1.974428184e-05 -1.025499803e+02 -1.025499803e+02 -1.2200e-01 +7.8719e-01
8002 +1.940161279e-05 +1.940161279e-05 -1.025499806e+02 -1.025499806e+02 -1.2208e-01 +7.8766e-01
8017 +1.796510084e-05 +1.796510084e-05 -1.025499820e+02 -1.025499820e+02 -1.2249e-01 +7.8589e-01
8027 +1.777694904e-05 +1.777694904e-05 -1.025499822e+02 -1.025499822e+02 -1.2255e-01 +7.8560e-01
8033 +1.733853347e-05 +1.733853347e-05 -1.025499827e+02 -1.025499827e+02 -1.2262e-01 +7.8496e-01
8062 +1.690617003e-05 +1.690617003e-05 -1.025499831e+02 -1.025499831e+02 -1.2262e-01 +7.8406e-01
8091 +1.654116713e-05 +1.654116713e-05 -1.025499835e+02 -1.025499835e+02 -1.2269e-01 +7.8335e-01
8148 +1.602503980e-05 +1.602503980e-05 -1.025499840e+02 -1.025499840e+02 -1.2282e-01 +7.8267e-01
8150 +1.566133240e-05 +1.566133240e-05 -1.025499843e+02 -1.025499843e+02 -1.2299e-01 +7.8233e-01
8201 +1.547500270e-05 +1.547500270e-05 -1.025499845e+02 -1.025499845e+02 -1.2300e-01 +7.8199e-01
8243 +1.510017100e-05 +1.510017100e-05 -1.025499849e+02 -1.025499849e+02 -1.2306e-01 +7.8123e-01
8264 +1.415513188e-05 +1.415513188e-05 -1.025499858e+02 -1.025499858e+02 -1.2335e-01 +7.7977e-01
8279 +1.400095701e-05 +1.400095701e-05 -1.025499860e+02 -1.025499860e+02 -1.2334e-01 +7.7940e-01
8286 +1.302363063e-05 +1.302363063e-05 -1.025499870e+02 -1.025499870e+02 -1.2369e-01 +7.7459e-01
8300 +1.272924273e-05 +1.272924273e-05 -1.025499873e+02 -1.025499873e+02 -1.2369e-01 +7.7524e-01
8313 +1.121437161e-05 +1.121437161e-05 -1.025499888e+02 -1.025499888e+02 -1.2417e-01 +7.7412e-01
8374 +1.071994200e-05 +1.071994200e-05 -1.025499893e+02 -1.025499893e+02 -1.2425e-01 +7.7212e-01
8386 +1.070591362e-05 +1.070591362e-05 -1.025499893e+02 -1.025499893e+02 -1.2425e-01 +7.7201e-01
8391 +1.033713214e-05 +1.033713214e-05 -1.025499897e+02 -1.025499897e+02 -1.2437e-01 +7.7169e-01
8434 +1.022692636e-05 +1.022692636e-05 -1.025499898e+02 -1.025499898e+02 -1.2441e-01 +7.7086e-01
8495 +9.894604048e-06 +9.894604048e-06 -1.025499901e+02 -1.025499901e+02 -1.2453e-01 +7.7100e-01
8545 +9.742794319e-06 +9.742794319e-06 -1.025499903e+02 -1.025499903e+02 -1.2471e-01 +7.7083e-01
8566 +9.439898975e-06 +9.439898975e-06 -1.025499906e+02 -1.025499906e+02 -1.2471e-01 +7.7005e-01
8586 +9.317235154e-06 +9.317235154e-06 -1.025499907e+02 -1.025499907e+02 -1.2474e-01 +7.6968e-01
8617 +9.021480267e-06 +9.021480267e-06 -1.025499910e+02 -1.025499910e+02 -1.2493e-01 +7.6911e-01
8656 +8.783376913e-06 +8.783376913e-06 -1.025499912e+02 -1.025499912e+02 -1.2498e-01 +7.6619e-01
8662 +8.140473881e-06 +8.140473881e-06 -1.025499919e+02 -1.025499919e+02 -1.2520e-01 +7.6677e-01
8693 +8.106033391e-06 +8.106033391e-06 -1.025499919e+02 -1.025499919e+02 -1.2523e-01 +7.6672e-01
8694 +7.937755555e-06 +7.937755555e-06 -1.025499921e+02 -1.025499921e+02 -1.2538e-01 +7.6623e-01
8712 +7.356665023e-06 +7.356665023e-06 -1.025499926e+02 -1.025499926e+02 -1.2548e-01 +7.6432e-01
8736 +7.240678627e-06 +7.240678627e-06 -1.025499928e+02 -1.025499928e+02 -1.2558e-01 +7.6428e-01
8762 +6.635255914e-06 +6.635255914e-06 -1.025499934e+02 -1.025499934e+02 -1.2583e-01 +7.6241e-01
8802 +5.983209036e-06 +5.983209036e-06 -1.025499940e+02 -1.025499940e+02 -1.2641e-01 +7.5981e-01
8825 +5.824349955e-06 +5.824349955e-06 -1.025499942e+02 -1.025499942e+02 -1.2649e-01 +7.5925e-01
8839 +4.304922584e-06 +4.304922584e-06 -1.025499957e+02 -1.025499957e+02 -1.2704e-01 +7.5365e-01
8846 +2.347846873e-06 +2.347846873e-06 -1.025499977e+02 -1.025499977e+02 -1.2855e-01 +7.4249e-01
8854 +8.974208754e-08 +8.974208754e-08 -1.025499999e+02 -1.025499999e+02 -1.3375e-01 +7.0405e-01
10019 +8.782411953e-08 +8.782411953e-08 -1.025499999e+02 -1.025499999e+02 -1.3360e-01 +7.0671e-01
10033 +7.857283890e-08 +7.857283890e-08 -1.025499999e+02 -1.025499999e+02 -1.3371e-01 +7.0597e-01
10037 +7.384051059e-08 +7.384051059e-08 -1.025499999e+02 -1.025499999e+02 -1.3367e-01 +7.0572e-01
10067 +5.445487261e-08 +5.445487261e-08 -1.025499999e+02 -1.025499999e+02 -1.3390e-01 +7.0422e-01
10202 +5.363519051e-08 +5.363519051e-08 -1.025499999e+02 -1.025499999e+02 -1.3394e-01 +7.0408e-01
10225 +5.123739300e-08 +5.123739300e-08 -1.025499999e+02 -1.025499999e+02 -1.3393e-01 +7.0362e-01
10227 +4.752926941e-08 +4.752926941e-08 -1.025500000e+02 -1.025500000e+02 -1.3398e-01 +7.0357e-01
10351 +4.651803920e-08 +4.651803920e-08 -1.025500000e+02 -1.025500000e+02 -1.3398e-01 +7.0343e-01
10387 +4.516691376e-08 +4.516691376e-08 -1.025500000e+02 -1.025500000e+02 -1.3401e-01 +7.0334e-01
10395 +4.342084026e-08 +4.342084026e-08 -1.025500000e+02 -1.025500000e+02 -1.3403e-01 +7.0291e-01
10405 +4.208287407e-08 +4.208287407e-08 -1.025500000e+02 -1.025500000e+02 -1.3407e-01 +7.0248e-01
10423 +4.065776693e-08 +4.065776693e-08 -1.025500000e+02 -1.025500000e+02 -1.3406e-01 +7.0273e-01
10430 +3.896562362e-08 +3.896562362e-08 -1.025500000e+02 -1.025500000e+02 -1.3409e-01 +7.0237e-01
10437 +3.740952081e-08 +3.740952081e-08 -1.025500000e+02 -1.025500000e+02 -1.3411e-01 +7.0244e-01
10453 +3.615957667e-08 +3.615957667e-08 -1.025500000e+02 -1.025500000e+02 -1.3416e-01 +7.0235e-01
10469 +3.360501921e-08 +3.360501921e-08 -1.025500000e+02 -1.025500000e+02 -1.3420e-01 +7.0205e-01
10516 +3.295680528e-08 +3.295680528e-08 -1.025500000e+02 -1.025500000e+02 -1.3418e-01 +7.0185e-01
10529 +3.194847409e-08 +3.194847409e-08 -1.025500000e+02 -1.025500000e+02 -1.3419e-01 +7.0179e-01
10539 +3.145052574e-08 +3.145052574e-08 -1.025500000e+02 -1.025500000e+02 -1.3420e-01 +7.0175e-01
10563 +3.070258003e-08 +3.070258003e-08 -1.025500000e+02 -1.025500000e+02 -1.3422e-01 +7.0175e-01
10602 +2.971744095e-08 +2.971744095e-08 -1.025500000e+02 -1.025500000e+02 -1.3424e-01 +7.0163e-01
10624 +2.942796584e-08 +2.942796584e-08 -1.025500000e+02 -1.025500000e+02 -1.3424e-01 +7.0157e-01
10675 +2.882823935e-08 +2.882823935e-08 -1.025500000e+02 -1.025500000e+02 -1.3425e-01 +7.0151e-01
10696 +2.811670186e-08 +2.811670186e-08 -1.025500000e+02 -1.025500000e+02 -1.3427e-01 +7.0142e-01
10717 +2.744654637e-08 +2.744654637e-08 -1.025500000e+02 -1.025500000e+02 -1.3430e-01 +7.0131e-01
10734 +2.623094986e-08 +2.623094986e-08 -1.025500000e+02 -1.025500000e+02 -1.3430e-01 +7.0118e-01
10774 +2.548627265e-08 +2.548627265e-08 -1.025500000e+02 -1.025500000e+02 -1.3431e-01 +7.0106e-01
10793 +2.508087960e-08 +2.508087960e-08 -1.025500000e+02 -1.025500000e+02 -1.3431e-01 +7.0102e-01
10822 +2.429898416e-08 +2.429898416e-08 -1.025500000e+02 -1.025500000e+02 -1.3432e-01 +7.0083e-01
10851 +2.352724948e-08 +2.352724948e-08 -1.025500000e+02 -1.025500000e+02 -1.3434e-01 +7.0077e-01
10863 +2.337502281e-08 +2.337502281e-08 -1.025500000e+02 -1.025500000e+02 -1.3434e-01 +7.0072e-01
10885 +2.284399159e-08 +2.284399159e-08 -1.025500000e+02 -1.025500000e+02 -1.3435e-01 +7.0068e-01
10927 +2.230962082e-08 +2.230962082e-08 -1.025500000e+02 -1.025500000e+02 -1.3436e-01 +7.0049e-01
10969 +2.145156941e-08 +2.145156941e-08 -1.025500000e+02 -1.025500000e+02 -1.3438e-01 +7.0042e-01
10993 +2.099423568e-08 +2.099423568e-08 -1.025500000e+02 -1.025500000e+02 -1.3441e-01 +7.0043e-01
11003 +2.055095649e-08 +2.055095649e-08 -1.025500000e+02 -1.025500000e+02 -1.3440e-01 +7.0036e-01
11008 +1.984041376e-08 +1.984041376e-08 -1.025500000e+02 -1.025500000e+02 -1.3441e-01 +7.0025e-01
11014 +1.943145378e-08 +1.943145378e-08 -1.025500000e+02 -1.025500000e+02 -1.3444e-01 +7.0018e-01
11029 +1.903110558e-08 +1.903110558e-08 -1.025500000e+02 -1.025500000e+02 -1.3443e-01 +7.0011e-01
11042 +1.830036922e-08 +1.830036922e-08 -1.025500000e+02 -1.025500000e+02 -1.3447e-01 +6.9997e-01
11052 +1.778117564e-08 +1.778117564e-08 -1.025500000e+02 -1.025500000e+02 -1.3446e-01 +6.9991e-01
11090 +1.629190649e-08 +1.629190649e-08 -1.025500000e+02 -1.025500000e+02 -1.3449e-01 +6.9968e-01
11113 +1.487595114e-08 +1.487595114e-08 -1.025500000e+02 -1.025500000e+02 -1.3453e-01 +6.9944e-01
11122 +1.412060158e-08 +1.412060158e-08 -1.025500000e+02 -1.025500000e+02 -1.3455e-01 +6.9904e-01
11136 +1.377476622e-08 +1.377476622e-08 -1.025500000e+02 -1.025500000e+02 -1.3457e-01 +6.9922e-01
11137 +8.426596310e-09 +8.426596310e-09 -1.025500000e+02 -1.025500000e+02 -1.3500e-01 +6.9640e-01
% function evaluation | noise-free fitness - Fopt (7.169000000000e+01) | best noise-free fitness - Fopt | measured fitness | best measured fitness | x1 | x2...
1 +2.503737427e-01 +2.503737427e-01 +7.194037374e+01 +7.194037374e+01 +0.0000e+00 +0.0000e+00
1200 +5.031353184e-02 +5.031353184e-02 +7.174031353e+01 +7.174031353e+01 +1.1099e+00 +3.9059e+00
1480 +2.317230329e-03 +2.317230329e-03 +7.169231723e+01 +7.169231723e+01 -4.1367e-01 +9.5848e-02
22224 +1.115948259e-04 +1.115948259e-04 +7.169011159e+01 +7.169011159e+01 -6.5580e-01 +3.0550e-01
71206 +8.670695603e-05 +8.670695603e-05 +7.169008671e+01 +7.169008671e+01 -5.5413e-01 +2.1763e-01
% function evaluation | noise-free fitness - Fopt (2.140100000000e+02) | best noise-free fitness - Fopt | measured fitness | best measured fitness | x1 | x2...
1 +2.503737427e-01 +2.503737427e-01 +2.142603737e+02 +2.142603737e+02 +0.0000e+00 +0.0000e+00
662 +1.739975578e-01 +1.739975578e-01 +2.141839976e+02 +2.141839976e+02 -7.2303e+00 -1.9651e+00
1350 +1.322621211e-01 +1.322621211e-01 +2.141422621e+02 +2.141422621e+02 -1.0845e+01 -1.9796e+00
1384 +8.152742248e-02 +8.152742248e-02 +2.140915274e+02 +2.140915274e+02 -1.0849e+01 -1.9361e+00
1719 +4.024261874e-02 +4.024261874e-02 +2.140502426e+02 +2.140502426e+02 +4.3083e-02 +1.9951e-01
1928 +2.336609729e-02 +2.336609729e-02 +2.140333661e+02 +2.140333661e+02 -3.5364e-01 +5.5136e-01
1941 +2.432599631e-03 +2.432599631e-03 +2.140124326e+02 +2.140124326e+02 -4.2487e-01 +5.8116e-01
1950 +4.712021251e-06 +4.712021251e-06 +2.140100047e+02 +2.140100047e+02 -4.4384e-01 +6.0407e-01
8125 +4.641473595e-06 +4.641473595e-06 +2.140100046e+02 +2.140100046e+02 -4.5783e-01 +6.1286e-01
8145 +4.516222475e-06 +4.516222475e-06 +2.140100045e+02 +2.140100045e+02 -4.5648e-01 +6.1175e-01
8162 +4.230284873e-06 +4.230284873e-06 +2.140100042e+02 +2.140100042e+02 -4.5694e-01 +6.1244e-01
8215 +4.160991040e-06 +4.160991040e-06 +2.140100042e+02 +2.140100042e+02 -4.5667e-01 +6.1228e-01
8248 +4.005361887e-06 +4.005361887e-06 +2.140100040e+02 +2.140100040e+02 -4.5606e-01 +6.1175e-01
8278 +3.961272540e-06 +3.961272540e-06 +2.140100040e+02 +2.140100040e+02 -4.5592e-01 +6.1167e-01
8289 +3.832746302e-06 +3.832746302e-06 +2.140100038e+02 +2.140100038e+02 -4.5542e-01 +6.1132e-01
8366 +3.785772577e-06 +3.785772577e-06 +2.140100038e+02 +2.140100038e+02 -4.5521e-01 +6.1124e-01
8378 +3.658129742e-06 +3.658129742e-06 +2.140100037e+02 +2.140100037e+02 -4.5471e-01 +6.1082e-01
8388 +3.610916252e-06 +3.610916252e-06 +2.140100036e+02 +2.140100036e+02 -4.5446e-01 +6.1059e-01
8471 +3.547441935e-06 +3.547441935e-06 +2.140100035e+02 +2.140100035e+02 -4.5426e-01 +6.1051e-01
8644 +3.465209147e-06 +3.465209147e-06 +2.140100035e+02 +2.140100035e+02 -4.5390e-01 +6.1023e-01
8773 +3.376627149e-06 +3.376627149e-06 +2.140100034e+02 +2.140100034e+02 -4.5345e-01 +6.1001e-01
9090 +3.303711424e-06 +3.303711424e-06 +2.140100033e+02 +2.140100033e+02 -4.5319e-01 +6.0971e-01
9102 +3.232352100e-06 +3.232352100e-06 +2.140100032e+02 +2.140100032e+02 -4.5288e-01 +6.0949e-01
9213 +3.155614621e-06 +3.155614621e-06 +2.140100032e+02 +2.140100032e+02 -4.5254e-01 +6.0928e-01
9383 +3.066405583e-06 +3.066405583e-06 +2.140100031e+02 +2.140100031e+02 -4.5212e-01 +6.0898e-01
9529 +2.988796865e-06 +2.988796865e-06 +2.140100030e+02 +2.140100030e+02 -4.5173e-01 +6.0866e-01
9627 +2.927285294e-06 +2.927285294e-06 +2.140100029e+02 +2.140100029e+02 -4.5136e-01 +6.0851e-01
9758 +2.879315304e-06 +2.879315304e-06 +2.140100029e+02 +2.140100029e+02 -4.5121e-01 +6.0835e-01
9909 +2.814168397e-06 +2.814168397e-06 +2.140100028e+02 +2.140100028e+02 -4.5087e-01 +6.0812e-01
10343 +2.753016275e-06 +2.753016275e-06 +2.140100028e+02 +2.140100028e+02 -4.5055e-01 +6.0790e-01
10452 +2.687069156e-06 +2.687069156e-06 +2.140100027e+02 +2.140100027e+02 -4.5023e-01 +6.0765e-01
10876 +2.627862614e-06 +2.627862614e-06 +2.140100026e+02 +2.140100026e+02 -4.4993e-01 +6.0742e-01
11024 +2.563481729e-06 +2.563481729e-06 +2.140100026e+02 +2.140100026e+02 -4.4947e-01 +6.0698e-01
11064 +2.501561767e-06 +2.501561767e-06 +2.140100025e+02 +2.140100025e+02 -4.4925e-01 +6.0690e-01
11218 +2.452518913e-06 +2.452518913e-06 +2.140100025e+02 +2.140100025e+02 -4.4896e-01 +6.0674e-01
11363 +2.361866876e-06 +2.361866876e-06 +2.140100024e+02 +2.140100024e+02 -4.4846e-01 +6.0633e-01
11392 +2.307655308e-06 +2.307655308e-06 +2.140100023e+02 +2.140100023e+02 -4.4776e-01 +6.0601e-01
11402 +2.215721508e-06 +2.215721508e-06 +2.140100022e+02 +2.140100022e+02 -4.4701e-01 +6.0550e-01
11742 +2.186097305e-06 +2.186097305e-06 +2.140100022e+02 +2.140100022e+02 -4.4740e-01 +6.0562e-01
11944 +2.137855574e-06 +2.137855574e-06 +2.140100021e+02 +2.140100021e+02 -4.4712e-01 +6.0540e-01
12115 +2.082143510e-06 +2.082143510e-06 +2.140100021e+02 +2.140100021e+02 -4.4675e-01 +6.0515e-01
12173 +2.038236204e-06 +2.038236204e-06 +2.140100020e+02 +2.140100020e+02 -4.4648e-01 +6.0489e-01
12281 +1.991359795e-06 +1.991359795e-06 +2.140100020e+02 +2.140100020e+02 -4.4609e-01 +6.0472e-01
12535 +1.948720779e-06 +1.948720779e-06 +2.140100019e+02 +2.140100019e+02 -4.4588e-01 +6.0453e-01
12727 +1.904732443e-06 +1.904732443e-06 +2.140100019e+02 +2.140100019e+02 -4.4560e-01 +6.0428e-01
12865 +1.855517752e-06 +1.855517752e-06 +2.140100019e+02 +2.140100019e+02 -4.4526e-01 +6.0407e-01
12975 +1.818374471e-06 +1.818374471e-06 +2.140100018e+02 +2.140100018e+02 -4.4495e-01 +6.0388e-01
13065 +1.777031969e-06 +1.777031969e-06 +2.140100018e+02 +2.140100018e+02 -4.4471e-01 +6.0366e-01
13308 +1.736998087e-06 +1.736998087e-06 +2.140100017e+02 +2.140100017e+02 -4.4443e-01 +6.0344e-01
13644 +1.693110477e-06 +1.693110477e-06 +2.140100017e+02 +2.140100017e+02 -4.4410e-01 +6.0322e-01
13743 +1.653990552e-06 +1.653990552e-06 +2.140100017e+02 +2.140100017e+02 -4.4381e-01 +6.0298e-01
13926 +1.621239363e-06 +1.621239363e-06 +2.140100016e+02 +2.140100016e+02 -4.4353e-01 +6.0284e-01
14377 +1.580890228e-06 +1.580890228e-06 +2.140100016e+02 +2.140100016e+02 -4.4323e-01 +6.0261e-01
14503 +1.548083816e-06 +1.548083816e-06 +2.140100015e+02 +2.140100015e+02 -4.4299e-01 +6.0240e-01
14737 +1.507697363e-06 +1.507697363e-06 +2.140100015e+02 +2.140100015e+02 -4.4266e-01 +6.0217e-01
14945 +1.479068658e-06 +1.479068658e-06 +2.140100015e+02 +2.140100015e+02 -4.4241e-01 +6.0202e-01
15189 +1.444248909e-06 +1.444248909e-06 +2.140100014e+02 +2.140100014e+02 -4.4214e-01 +6.0179e-01
15294 +1.411977706e-06 +1.411977706e-06 +2.140100014e+02 +2.140100014e+02 -4.4185e-01 +6.0155e-01
15352 +1.375461125e-06 +1.375461125e-06 +2.140100014e+02 +2.140100014e+02 -4.4150e-01 +6.0128e-01
15469 +1.348808439e-06 +1.348808439e-06 +2.140100013e+02 +2.140100013e+02 -4.4128e-01 +6.0122e-01
15574 +1.314737830e-06 +1.314737830e-06 +2.140100013e+02 +2.140100013e+02 -4.4095e-01 +6.0100e-01
15815 +1.284495511e-06 +1.284495511e-06 +2.140100013e+02 +2.140100013e+02 -4.4074e-01 +6.0078e-01
16012 +1.258693146e-06 +1.258693146e-06 +2.140100013e+02 +2.140100013e+02 -4.4049e-01 +6.0062e-01
16144 +1.225841260e-06 +1.225841260e-06 +2.140100012e+02 +2.140100012e+02 -4.4019e-01 +6.0039e-01
16298 +1.192884952e-06 +1.192884952e-06 +2.140100012e+02 +2.140100012e+02 -4.3988e-01 +6.0016e-01
16409 +1.174783961e-06 +1.174783961e-06 +2.140100012e+02 +2.140100012e+02 -4.3970e-01 +6.0004e-01
16486 +1.144821141e-06 +1.144821141e-06 +2.140100011e+02 +2.140100011e+02 -4.3939e-01 +5.9984e-01
16532 +1.110382044e-06 +1.110382044e-06 +2.140100011e+02 +2.140100011e+02 -4.3886e-01 +5.9953e-01
16686 +1.095640613e-06 +1.095640613e-06 +2.140100011e+02 +2.140100011e+02 -4.3890e-01 +5.9945e-01
16868 +1.061846120e-06 +1.061846120e-06 +2.140100011e+02 +2.140100011e+02 -4.3853e-01 +5.9922e-01
17056 +1.046377889e-06 +1.046377889e-06 +2.140100010e+02 +2.140100010e+02 -4.3838e-01 +5.9910e-01
17377 +1.020310293e-06 +1.020310293e-06 +2.140100010e+02 +2.140100010e+02 -4.3806e-01 +5.9889e-01
17553 +9.998225323e-07 +9.998225323e-07 +2.140100010e+02 +2.140100010e+02 -4.3788e-01 +5.9872e-01
17676 +9.762284776e-07 +9.762284776e-07 +2.140100010e+02 +2.140100010e+02 -4.3760e-01 +5.9854e-01
17858 +9.548089110e-07 +9.548089110e-07 +2.140100010e+02 +2.140100010e+02 -4.3737e-01 +5.9835e-01
17979 +9.330887281e-07 +9.330887281e-07 +2.140100009e+02 +2.140100009e+02 -4.3712e-01 +5.9818e-01
17991 +9.012859152e-07 +9.012859152e-07 +2.140100009e+02 +2.140100009e+02 -4.3639e-01 +5.9751e-01
18010 +7.727610409e-07 +7.727610409e-07 +2.140100008e+02 +2.140100008e+02 -4.3508e-01 +5.9674e-01
18836 +7.585071273e-07 +7.585071273e-07 +2.140100008e+02 +2.140100008e+02 -4.3493e-01 +5.9658e-01
18875 +7.393380770e-07 +7.393380770e-07 +2.140100007e+02 +2.140100007e+02 -4.3466e-01 +5.9639e-01
18938 +7.233591930e-07 +7.233591930e-07 +2.140100007e+02 +2.140100007e+02 -4.3443e-01 +5.9625e-01
19124 +6.969222568e-07 +6.969222568e-07 +2.140100007e+02 +2.140100007e+02 -4.3404e-01 +5.9597e-01
19142 +6.704690634e-07 +6.704690634e-07 +2.140100007e+02 +2.140100007e+02 -4.3351e-01 +5.9547e-01
19155 +6.463152147e-07 +6.463152147e-07 +2.140100006e+02 +2.140100006e+02 -4.3313e-01 +5.9537e-01
19188 +6.376351109e-07 +6.376351109e-07 +2.140100006e+02 +2.140100006e+02 -4.3308e-01 +5.9531e-01
19729 +6.309142577e-07 +6.309142577e-07 +2.140100006e+02 +2.140100006e+02 -4.3307e-01 +5.9523e-01
19978 +6.144642839e-07 +6.144642839e-07 +2.140100006e+02 +2.140100006e+02 -4.3281e-01 +5.9507e-01
20077 +6.022274874e-07 +6.022274874e-07 +2.140100006e+02 +2.140100006e+02 -4.3262e-01 +5.9492e-01
20267 +5.879271328e-07 +5.879271328e-07 +2.140100006e+02 +2.140100006e+02 -4.3239e-01 +5.9475e-01
20382 +5.750082721e-07 +5.750082721e-07 +2.140100006e+02 +2.140100006e+02 -4.3218e-01 +5.9460e-01
20546 +5.618290402e-07 +5.618290402e-07 +2.140100006e+02 +2.140100006e+02 -4.3196e-01 +5.9442e-01
20663 +5.463642481e-07 +5.463642481e-07 +2.140100005e+02 +2.140100005e+02 -4.3169e-01 +5.9423e-01
20732 +5.344147951e-07 +5.344147951e-07 +2.140100005e+02 +2.140100005e+02 -4.3149e-01 +5.9409e-01
20985 +5.184775489e-07 +5.184775489e-07 +2.140100005e+02 +2.140100005e+02 -4.3120e-01 +5.9387e-01
21185 +5.123498852e-07 +5.123498852e-07 +2.140100005e+02 +2.140100005e+02 -4.3110e-01 +5.9381e-01
21548 +4.983179736e-07 +4.983179736e-07 +2.140100005e+02 +2.140100005e+02 -4.3082e-01 +5.9363e-01
21744 +4.897096062e-07 +4.897096062e-07 +2.140100005e+02 +2.140100005e+02 -4.3066e-01 +5.9352e-01
21956 +4.775087632e-07 +4.775087632e-07 +2.140100005e+02 +2.140100005e+02 -4.3042e-01 +5.9328e-01
22006 +4.676623746e-07 +4.676623746e-07 +2.140100005e+02 +2.140100005e+02 -4.3026e-01 +5.9321e-01
22105 +4.561113087e-07 +4.561113087e-07 +2.140100005e+02 +2.140100005e+02 -4.3002e-01 +5.9305e-01
22372 +4.465181291e-07 +4.465181291e-07 +2.140100004e+02 +2.140100004e+02 -4.2985e-01 +5.9288e-01
22411 +4.358379329e-07 +4.358379329e-07 +2.140100004e+02 +2.140100004e+02 -4.2963e-01 +5.9276e-01
22470 +4.264973654e-07 +4.264973654e-07 +2.140100004e+02 +2.140100004e+02 -4.2944e-01 +5.9262e-01
22821 +4.165613632e-07 +4.165613632e-07 +2.140100004e+02 +2.140100004e+02 -4.2923e-01 +5.9247e-01
23126 +4.027432681e-07 +4.027432681e-07 +2.140100004e+02 +2.140100004e+02 -4.2895e-01 +5.9225e-01
23204 +3.962181836e-07 +3.962181836e-07 +2.140100004e+02 +2.140100004e+02 -4.2880e-01 +5.9216e-01
23413 +3.887584228e-07 +3.887584228e-07 +2.140100004e+02 +2.140100004e+02 -4.2864e-01 +5.9204e-01
23724 +3.792112864e-07 +3.792112864e-07 +2.140100004e+02 +2.140100004e+02 -4.2843e-01 +5.9185e-01
24023 +3.646398739e-07 +3.646398739e-07 +2.140100004e+02 +2.140100004e+02 -4.2810e-01 +5.9162e-01
24144 +3.591419784e-07 +3.591419784e-07 +2.140100004e+02 +2.140100004e+02 -4.2797e-01 +5.9156e-01
24175 +3.506808923e-07 +3.506808923e-07 +2.140100004e+02 +2.140100004e+02 -4.2779e-01 +5.9140e-01
24190 +3.384024012e-07 +3.384024012e-07 +2.140100003e+02 +2.140100003e+02 -4.2736e-01 +5.9116e-01
24309 +3.292740587e-07 +3.292740587e-07 +2.140100003e+02 +2.140100003e+02 -4.2726e-01 +5.9100e-01
24318 +3.163938231e-07 +3.163938231e-07 +2.140100003e+02 +2.140100003e+02 -4.2695e-01 +5.9078e-01
24389 +3.149092436e-07 +3.149092436e-07 +2.140100003e+02 +2.140100003e+02 -4.2688e-01 +5.9078e-01
24691 +3.088111669e-07 +3.088111669e-07 +2.140100003e+02 +2.140100003e+02 -4.2676e-01 +5.9067e-01
24711 +2.995326156e-07 +2.995326156e-07 +2.140100003e+02 +2.140100003e+02 -4.2647e-01 +5.9040e-01
24832 +2.947863322e-07 +2.947863322e-07 +2.140100003e+02 +2.140100003e+02 -4.2638e-01 +5.9041e-01
24941 +2.883960804e-07 +2.883960804e-07 +2.140100003e+02 +2.140100003e+02 -4.2623e-01 +5.9027e-01
25289 +2.812790285e-07 +2.812790285e-07 +2.140100003e+02 +2.140100003e+02 -4.2603e-01 +5.9014e-01
25348 +2.735260409e-07 +2.735260409e-07 +2.140100003e+02 +2.140100003e+02 -4.2582e-01 +5.8998e-01
25350 +2.651702005e-07 +2.651702005e-07 +2.140100003e+02 +2.140100003e+02 -4.2549e-01 +5.8979e-01
25468 +2.627631090e-07 +2.627631090e-07 +2.140100003e+02 +2.140100003e+02 -4.2552e-01 +5.8975e-01
25529 +2.567480806e-07 +2.567480806e-07 +2.140100003e+02 +2.140100003e+02 -4.2535e-01 +5.8964e-01
25791 +2.507158001e-07 +2.507158001e-07 +2.140100003e+02 +2.140100003e+02 -4.2514e-01 +5.8951e-01
25968 +2.453902539e-07 +2.453902539e-07 +2.140100002e+02 +2.140100002e+02 -4.2501e-01 +5.8939e-01
26397 +2.397708272e-07 +2.397708272e-07 +2.140100002e+02 +2.140100002e+02 -4.2484e-01 +5.8927e-01
26672 +2.325288904e-07 +2.325288904e-07 +2.140100002e+02 +2.140100002e+02 -4.2459e-01 +5.8905e-01
26760 +2.289275756e-07 +2.289275756e-07 +2.140100002e+02 +2.140100002e+02 -4.2449e-01 +5.8903e-01
27196 +2.231547285e-07 +2.231547285e-07 +2.140100002e+02 +2.140100002e+02 -4.2432e-01 +5.8887e-01
27354 +2.182616186e-07 +2.182616186e-07 +2.140100002e+02 +2.140100002e+02 -4.2417e-01 +5.8876e-01
27722 +2.129484358e-07 +2.129484358e-07 +2.140100002e+02 +2.140100002e+02 -4.2398e-01 +5.8866e-01
27785 +2.074243071e-07 +2.074243071e-07 +2.140100002e+02 +2.140100002e+02 -4.2377e-01 +5.8845e-01
27971 +2.041522009e-07 +2.041522009e-07 +2.140100002e+02 +2.140100002e+02 -4.2370e-01 +5.8845e-01
28458 +1.994815761e-07 +1.994815761e-07 +2.140100002e+02 +2.140100002e+02 -4.2355e-01 +5.8834e-01
28509 +1.948036186e-07 +1.948036186e-07 +2.140100002e+02 +2.140100002e+02 -4.2337e-01 +5.8817e-01
28518 +1.843536666e-07 +1.843536666e-07 +2.140100002e+02 +2.140100002e+02 -4.2301e-01 +5.8795e-01
28942 +1.819145723e-07 +1.819145723e-07 +2.140100002e+02 +2.140100002e+02 -4.2294e-01 +5.8788e-01
29114 +1.778123249e-07 +1.778123249e-07 +2.140100002e+02 +2.140100002e+02 -4.2279e-01 +5.8777e-01
29422 +1.735394619e-07 +1.735394619e-07 +2.140100002e+02 +2.140100002e+02 -4.2262e-01 +5.8767e-01
29491 +1.646308192e-07 +1.646308192e-07 +2.140100002e+02 +2.140100002e+02 -4.2219e-01 +5.8728e-01
29501 +1.616205338e-07 +1.616205338e-07 +2.140100002e+02 +2.140100002e+02 -4.2192e-01 +5.8722e-01
29754 +1.584547533e-07 +1.584547533e-07 +2.140100002e+02 +2.140100002e+02 -4.2204e-01 +5.8725e-01
30174 +1.547952593e-07 +1.547952593e-07 +2.140100002e+02 +2.140100002e+02 -4.2191e-01 +5.8714e-01
30431 +1.510386483e-07 +1.510386483e-07 +2.140100002e+02 +2.140100002e+02 -4.2175e-01 +5.8703e-01
30652 +1.434335957e-07 +1.434335957e-07 +2.140100001e+02 +2.140100001e+02 -4.2133e-01 +5.8676e-01
30679 +1.405208252e-07 +1.405208252e-07 +2.140100001e+02 +2.140100001e+02 -4.2125e-01 +5.8669e-01
30718 +1.378081436e-07 +1.378081436e-07 +2.140100001e+02 +2.140100001e+02 -4.2121e-01 +5.8663e-01
30821 +1.344544387e-07 +1.344544387e-07 +2.140100001e+02 +2.140100001e+02 -4.2107e-01 +5.8652e-01
30927 +1.315126212e-07 +1.315126212e-07 +2.140100001e+02 +2.140100001e+02 -4.2093e-01 +5.8643e-01
30967 +1.288174758e-07 +1.288174758e-07 +2.140100001e+02 +2.140100001e+02 -4.2082e-01 +5.8634e-01
31180 +1.254970527e-07 +1.254970527e-07 +2.140100001e+02 +2.140100001e+02 -4.2067e-01 +5.8623e-01
31232 +1.227889470e-07 +1.227889470e-07 +2.140100001e+02 +2.140100001e+02 -4.2054e-01 +5.8615e-01
31383 +1.201420901e-07 +1.201420901e-07 +2.140100001e+02 +2.140100001e+02 -4.2042e-01 +5.8605e-01
31722 +1.174034026e-07 +1.174034026e-07 +2.140100001e+02 +2.140100001e+02 -4.2029e-01 +5.8596e-01
31817 +1.146913746e-07 +1.146913746e-07 +2.140100001e+02 +2.140100001e+02 -4.2016e-01 +5.8585e-01
31886 +1.117465445e-07 +1.117465445e-07 +2.140100001e+02 +2.140100001e+02 -4.2002e-01 +5.8576e-01
32180 +1.096153710e-07 +1.096153710e-07 +2.140100001e+02 +2.140100001e+02 -4.1992e-01 +5.8568e-01
32384 +1.067949995e-07 +1.067949995e-07 +2.140100001e+02 +2.140100001e+02 -4.1977e-01 +5.8559e-01
32642 +1.045869737e-07 +1.045869737e-07 +2.140100001e+02 +2.140100001e+02 -4.1967e-01 +5.8550e-01
32979 +1.022437743e-07 +1.022437743e-07 +2.140100001e+02 +2.140100001e+02 -4.1955e-01 +5.8542e-01
33028 +9.998393580e-08 +9.998393580e-08 +2.140100001e+02 +2.140100001e+02 -4.1943e-01 +5.8533e-01
33172 +9.749359720e-08 +9.749359720e-08 +2.140100001e+02 +2.140100001e+02 -4.1929e-01 +5.8524e-01
33250 +9.516634236e-08 +9.516634236e-08 +2.140100001e+02 +2.140100001e+02 -4.1917e-01 +5.8515e-01
33357 +9.322485539e-08 +9.322485539e-08 +2.140100001e+02 +2.140100001e+02 -4.1908e-01 +5.8506e-01
33938 +9.078692642e-08 +9.078692642e-08 +2.140100001e+02 +2.140100001e+02 -4.1894e-01 +5.8497e-01
33998 +8.893488257e-08 +8.893488257e-08 +2.140100001e+02 +2.140100001e+02 -4.1881e-01 +5.8490e-01
34033 +8.440770216e-08 +8.440770216e-08 +2.140100001e+02 +2.140100001e+02 -4.1858e-01 +5.8472e-01
34079 +7.992889550e-08 +7.992889550e-08 +2.140100001e+02 +2.140100001e+02 -4.1832e-01 +5.8453e-01
34356 +7.892177223e-08 +7.892177223e-08 +2.140100001e+02 +2.140100001e+02 -4.1826e-01 +5.8448e-01
34437 +7.678011116e-08 +7.678011116e-08 +2.140100001e+02 +2.140100001e+02 -4.1812e-01 +5.8436e-01
34446 +7.450293538e-08 +7.450293538e-08 +2.140100001e+02 +2.140100001e+02 -4.1794e-01 +5.8421e-01
34499 +7.408510783e-08 +7.408510783e-08 +2.140100001e+02 +2.140100001e+02 -4.1797e-01 +5.8426e-01
34728 +7.237838417e-08 +7.237838417e-08 +2.140100001e+02 +2.140100001e+02 -4.1787e-01 +5.8419e-01
35032 +7.076542374e-08 +7.076542374e-08 +2.140100001e+02 +2.140100001e+02 -4.1776e-01 +5.8412e-01
35269 +6.910093475e-08 +6.910093475e-08 +2.140100001e+02 +2.140100001e+02 -4.1765e-01 +5.8404e-01
35721 +6.760319593e-08 +6.760319593e-08 +2.140100001e+02 +2.140100001e+02 -4.1756e-01 +5.8397e-01
35914 +6.589232271e-08 +6.589232271e-08 +2.140100001e+02 +2.140100001e+02 -4.1744e-01 +5.8386e-01
36035 +6.447749001e-08 +6.447749001e-08 +2.140100001e+02 +2.140100001e+02 -4.1736e-01 +5.8382e-01
36193 +6.250320439e-08 +6.250320439e-08 +2.140100001e+02 +2.140100001e+02 -4.1723e-01 +5.8372e-01
36353 +6.162861155e-08 +6.162861155e-08 +2.140100001e+02 +2.140100001e+02 -4.1716e-01 +5.8368e-01
36692 +6.021653576e-08 +6.021653576e-08 +2.140100001e+02 +2.140100001e+02 -4.1706e-01 +5.8358e-01
36858 +5.883964604e-08 +5.883964604e-08 +2.140100001e+02 +2.140100001e+02 -4.1697e-01 +5.8354e-01
37274 +5.753685173e-08 +5.753685173e-08 +2.140100001e+02 +2.140100001e+02 -4.1688e-01 +5.8347e-01
37434 +5.621572541e-08 +5.621572541e-08 +2.140100001e+02 +2.140100001e+02 -4.1678e-01 +5.8340e-01
37663 +5.493316735e-08 +5.493316735e-08 +2.140100001e+02 +2.140100001e+02 -4.1667e-01 +5.8333e-01
37793 +5.370262102e-08 +5.370262102e-08 +2.140100001e+02 +2.140100001e+02 -4.1659e-01 +5.8327e-01
37969 +5.221019705e-08 +5.221019705e-08 +2.140100001e+02 +2.140100001e+02 -4.1647e-01 +5.8315e-01
38083 +5.127211011e-08 +5.127211011e-08 +2.140100001e+02 +2.140100001e+02 -4.1640e-01 +5.8313e-01
38194 +4.976627110e-08 +4.976627110e-08 +2.140100000e+02 +2.140100000e+02 -4.1630e-01 +5.8305e-01
38250 +4.894874905e-08 +4.894874905e-08 +2.140100000e+02 +2.140100000e+02 -4.1622e-01 +5.8300e-01
38262 +4.769754014e-08 +4.769754014e-08 +2.140100000e+02 +2.140100000e+02 -4.1615e-01 +5.8293e-01
38526 +4.674839715e-08 +4.674839715e-08 +2.140100000e+02 +2.140100000e+02 -4.1607e-01 +5.8288e-01
38737 +4.561795208e-08 +4.561795208e-08 +2.140100000e+02 +2.140100000e+02 -4.1598e-01 +5.8280e-01
38915 +4.466087944e-08 +4.466087944e-08 +2.140100000e+02 +2.140100000e+02 -4.1590e-01 +5.8275e-01
39109 +4.360427397e-08 +4.360427397e-08 +2.140100000e+02 +2.140100000e+02 -4.1580e-01 +5.8269e-01
39267 +4.263930009e-08 +4.263930009e-08 +2.140100000e+02 +2.140100000e+02 -4.1573e-01 +5.8263e-01
39354 +4.154404110e-08 +4.154404110e-08 +2.140100000e+02 +2.140100000e+02 -4.1563e-01 +5.8257e-01
39387 +4.052185432e-08 +4.052185432e-08 +2.140100000e+02 +2.140100000e+02 -4.1555e-01 +5.8250e-01
39693 +3.977876872e-08 +3.977876872e-08 +2.140100000e+02 +2.140100000e+02 -4.1549e-01 +5.8245e-01
39977 +3.887183198e-08 +3.887183198e-08 +2.140100000e+02 +2.140100000e+02 -4.1541e-01 +5.8239e-01
40078 +3.800587933e-08 +3.800587933e-08 +2.140100000e+02 +2.140100000e+02 -4.1533e-01 +5.8234e-01
40359 +3.714441732e-08 +3.714441732e-08 +2.140100000e+02 +2.140100000e+02 -4.1526e-01 +5.8229e-01
40421 +3.620388611e-08 +3.620388611e-08 +2.140100000e+02 +2.140100000e+02 -4.1515e-01 +5.8222e-01
40520 +3.544909077e-08 +3.544909077e-08 +2.140100000e+02 +2.140100000e+02 -4.1510e-01 +5.8217e-01
40616 +3.466578846e-08 +3.466578846e-08 +2.140100000e+02 +2.140100000e+02 -4.1503e-01 +5.8211e-01
40685 +3.378767133e-08 +3.378767133e-08 +2.140100000e+02 +2.140100000e+02 -4.1494e-01 +5.8204e-01
40795 +3.292313977e-08 +3.292313977e-08 +2.140100000e+02 +2.140100000e+02 -4.1486e-01 +5.8200e-01
40912 +3.228180390e-08 +3.228180390e-08 +2.140100000e+02 +2.140100000e+02 -4.1479e-01 +5.8195e-01
41016 +3.143446747e-08 +3.143446747e-08 +2.140100000e+02 +2.140100000e+02 -4.1472e-01 +5.8189e-01
41083 +3.082564604e-08 +3.082564604e-08 +2.140100000e+02 +2.140100000e+02 -4.1466e-01 +5.8184e-01
41198 +3.008557314e-08 +3.008557314e-08 +2.140100000e+02 +2.140100000e+02 -4.1458e-01 +5.8179e-01
41319 +2.919281883e-08 +2.919281883e-08 +2.140100000e+02 +2.140100000e+02 -4.1449e-01 +5.8173e-01
41338 +2.852826242e-08 +2.852826242e-08 +2.140100000e+02 +2.140100000e+02 -4.1435e-01 +5.8165e-01
41377 +2.816366873e-08 +2.816366873e-08 +2.140100000e+02 +2.140100000e+02 -4.1439e-01 +5.8164e-01
41585 +2.753705530e-08 +2.753705530e-08 +2.140100000e+02 +2.140100000e+02 -4.1432e-01 +5.8160e-01
41881 +2.688676659e-08 +2.688676659e-08 +2.140100000e+02 +2.140100000e+02 -4.1425e-01 +5.8155e-01
42065 +2.625165507e-08 +2.625165507e-08 +2.140100000e+02 +2.140100000e+02 -4.1418e-01 +5.8150e-01
42108 +2.531825771e-08 +2.531825771e-08 +2.140100000e+02 +2.140100000e+02 -4.1408e-01 +5.8141e-01
42170 +2.511617936e-08 +2.511617936e-08 +2.140100000e+02 +2.140100000e+02 -4.1406e-01 +5.8141e-01
42254 +2.451977821e-08 +2.451977821e-08 +2.140100000e+02 +2.140100000e+02 -4.1399e-01 +5.8134e-01
42335 +2.398309107e-08 +2.398309107e-08 +2.140100000e+02 +2.140100000e+02 -4.1393e-01 +5.8131e-01
42606 +2.342460448e-08 +2.342460448e-08 +2.140100000e+02 +2.140100000e+02 -4.1387e-01 +5.8127e-01
42810 +2.289326062e-08 +2.289326062e-08 +2.140100000e+02 +2.140100000e+02 -4.1381e-01 +5.8122e-01
43104 +2.238570573e-08 +2.238570573e-08 +2.140100000e+02 +2.140100000e+02 -4.1375e-01 +5.8118e-01
43262 +2.186007464e-08 +2.186007464e-08 +2.140100000e+02 +2.140100000e+02 -4.1367e-01 +5.8111e-01
43487 +2.134507326e-08 +2.134507326e-08 +2.140100000e+02 +2.140100000e+02 -4.1362e-01 +5.8109e-01
43736 +2.082128958e-08 +2.082128958e-08 +2.140100000e+02 +2.140100000e+02 -4.1356e-01 +5.8104e-01
44120 +2.036853175e-08 +2.036853175e-08 +2.140100000e+02 +2.140100000e+02 -4.1350e-01 +5.8100e-01
44483 +1.993220167e-08 +1.993220167e-08 +2.140100000e+02 +2.140100000e+02 -4.1345e-01 +5.8096e-01
44893 +1.946747830e-08 +1.946747830e-08 +2.140100000e+02 +2.140100000e+02 -4.1339e-01 +5.8092e-01
45155 +1.904439273e-08 +1.904439273e-08 +2.140100000e+02 +2.140100000e+02 -4.1333e-01 +5.8088e-01
45597 +1.859814347e-08 +1.859814347e-08 +2.140100000e+02 +2.140100000e+02 -4.1328e-01 +5.8084e-01
45843 +1.819131512e-08 +1.819131512e-08 +2.140100000e+02 +2.140100000e+02 -4.1322e-01 +5.8080e-01
45985 +1.773389613e-08 +1.773389613e-08 +2.140100000e+02 +2.140100000e+02 -4.1317e-01 +5.8075e-01
46131 +1.736336230e-08 +1.736336230e-08 +2.140100000e+02 +2.140100000e+02 -4.1312e-01 +5.8071e-01
46173 +1.679779871e-08 +1.679779871e-08 +2.140100000e+02 +2.140100000e+02 -4.1300e-01 +5.8062e-01
46209 +1.654004222e-08 +1.654004222e-08 +2.140100000e+02 +2.140100000e+02 -4.1300e-01 +5.8063e-01
46261 +1.583214271e-08 +1.583214271e-08 +2.140100000e+02 +2.140100000e+02 -4.1287e-01 +5.8052e-01
46265 +1.542136374e-08 +1.542136374e-08 +2.140100000e+02 +2.140100000e+02 -4.1284e-01 +5.8052e-01
46338 +1.509332037e-08 +1.509332037e-08 +2.140100000e+02 +2.140100000e+02 -4.1280e-01 +5.8049e-01
46766 +1.478667855e-08 +1.478667855e-08 +2.140100000e+02 +2.140100000e+02 -4.1275e-01 +5.8045e-01
46895 +1.443225983e-08 +1.443225983e-08 +2.140100000e+02 +2.140100000e+02 -4.1270e-01 +5.8042e-01
47015 +1.409603101e-08 +1.409603101e-08 +2.140100000e+02 +2.140100000e+02 -4.1265e-01 +5.8038e-01
47046 +1.375914849e-08 +1.375914849e-08 +2.140100000e+02 +2.140100000e+02 -4.1260e-01 +5.8034e-01
47314 +1.348450951e-08 +1.348450951e-08 +2.140100000e+02 +2.140100000e+02 -4.1256e-01 +5.8031e-01
47608 +1.317937404e-08 +1.317937404e-08 +2.140100000e+02 +2.140100000e+02 -4.1251e-01 +5.8028e-01
47802 +1.283413553e-08 +1.283413553e-08 +2.140100000e+02 +2.140100000e+02 -4.1244e-01 +5.8023e-01
47820 +1.253357595e-08 +1.253357595e-08 +2.140100000e+02 +2.140100000e+02 -4.1241e-01 +5.8020e-01
47821 +1.224006496e-08 +1.224006496e-08 +2.140100000e+02 +2.140100000e+02 -4.1230e-01 +5.8009e-01
47834 +1.194203492e-08 +1.194203492e-08 +2.140100000e+02 +2.140100000e+02 -4.1231e-01 +5.8013e-01
47865 +1.158807095e-08 +1.158807095e-08 +2.140100000e+02 +2.140100000e+02 -4.1225e-01 +5.8007e-01
47994 +1.143965278e-08 +1.143965278e-08 +2.140100000e+02 +2.140100000e+02 -4.1223e-01 +5.8007e-01
48262 +1.114403858e-08 +1.114403858e-08 +2.140100000e+02 +2.140100000e+02 -4.1218e-01 +5.8003e-01
48418 +1.096242386e-08 +1.096242386e-08 +2.140100000e+02 +2.140100000e+02 -4.1215e-01 +5.8001e-01
48434 +1.062781507e-08 +1.062781507e-08 +2.140100000e+02 +2.140100000e+02 -4.1209e-01 +5.7997e-01
48492 +1.043329689e-08 +1.043329689e-08 +2.140100000e+02 +2.140100000e+02 -4.1205e-01 +5.7995e-01
48526 +1.021282969e-08 +1.021282969e-08 +2.140100000e+02 +2.140100000e+02 -4.1202e-01 +5.7991e-01
48595 +9.903118325e-09 +9.903118325e-09 +2.140100000e+02 +2.140100000e+02 -4.1196e-01 +5.7988e-01
% function evaluation | noise-free fitness - Fopt (-5.848000000000e+01) | best noise-free fitness - Fopt | measured fitness | best measured fitness | x1 | x2...
1 +2.503737427e-01 +2.503737427e-01 -5.822962626e+01 -5.822962626e+01 +0.0000e+00 +0.0000e+00
175 +2.108042406e-01 +2.108042406e-01 -5.826919576e+01 -5.826919576e+01 +2.2968e+00 -1.4166e+00
380 +1.054350455e-01 +1.054350455e-01 -5.837456495e+01 -5.837456495e+01 +1.0057e+00 +1.6096e+00
539 +1.017776798e-01 +1.017776798e-01 -5.837822232e+01 -5.837822232e+01 +6.8629e-01 +1.5197e+00
590 +3.939490303e-04 +3.939490303e-04 -5.847960605e+01 -5.847960605e+01 +6.8020e-01 -5.8575e-01
6627 +1.271333548e-04 +1.271333548e-04 -5.847987287e+01 -5.847987287e+01 +3.8026e-01 -4.3867e-01
25041 +3.240299169e-05 +3.240299169e-05 -5.847996760e+01 -5.847996760e+01 +4.8793e-01 -4.9473e-01
92846 +3.181934550e-05 +3.181934550e-05 -5.847996818e+01 -5.847996818e+01 +5.5822e-01 -5.2872e-01
% function evaluation | noise-free fitness - Fopt (-6.130800000000e+02) | best noise-free fitness - Fopt | measured fitness | best measured fitness | x1 | x2...
1 +2.503737427e-01 +2.503737427e-01 -6.128296263e+02 -6.128296263e+02 +0.0000e+00 +0.0000e+00
18 +1.845787465e-01 +1.845787465e-01 -6.128954213e+02 -6.128954213e+02 +7.4701e-01 +2.9764e-01
23 +2.035309372e-02 +2.035309372e-02 -6.130596469e+02 -6.130596469e+02 +7.4984e-01 +2.9819e-01
44 +1.984078027e-02 +1.984078027e-02 -6.130601592e+02 -6.130601592e+02 +7.4798e-01 +2.9681e-01
46 +1.575946196e-02 +1.575946196e-02 -6.130642405e+02 -6.130642405e+02 +7.4842e-01 +2.9699e-01
4261 +1.697657067e-03 +1.697657067e-03 -6.130783023e+02 -6.130783023e+02 +6.6506e-01 +3.5413e-01
26670 +1.118367419e-03 +1.118367419e-03 -6.130788816e+02 -6.130788816e+02 +7.1852e-01 +4.1251e-01
26728 +9.703543431e-04 +9.703543431e-04 -6.130790296e+02 -6.130790296e+02 +4.8690e-01 +1.8943e-01
47713 +4.435225752e-04 +4.435225752e-04 -6.130795565e+02 -6.130795565e+02 +7.7485e-01 +4.8201e-01
58564 +4.013519876e-04 +4.013519876e-04 -6.130795986e+02 -6.130795986e+02 +6.7452e-01 +3.7809e-01
71159 +6.959598352e-05 +6.959598352e-05 -6.130799304e+02 -6.130799304e+02 +6.4900e-01 +3.4949e-01
% function evaluation | noise-free fitness - Fopt (-4.317300000000e+02) | best noise-free fitness - Fopt | measured fitness | best measured fitness | x1 | x2...
1 +2.503737427e-01 +2.503737427e-01 -4.314796263e+02 -4.314796263e+02 +0.0000e+00 +0.0000e+00
29 +1.920656325e-01 +1.920656325e-01 -4.315379344e+02 -4.315379344e+02 +7.4155e-01 +7.8812e-01
81 +1.887594055e-01 +1.887594055e-01 -4.315412406e+02 -4.315412406e+02 +7.4688e-01 +7.9656e-01
716 +7.415111945e-02 +7.415111945e-02 -4.316558489e+02 -4.316558489e+02 +1.2884e+00 +4.4888e+00
2486 +6.195774773e-02 +6.195774773e-02 -4.316680423e+02 -4.316680423e+02 -1.0224e+00 +1.0230e+00
3738 +3.652975121e-02 +3.652975121e-02 -4.316934702e+02 -4.316934702e+02 +1.3598e+00 +3.9113e+00
5378 +3.239210998e-02 +3.239210998e-02 -4.316976079e+02 -4.316976079e+02 +2.2429e-01 -6.0318e-01
5537 +2.618042252e-02 +2.618042252e-02 -4.317038196e+02 -4.317038196e+02 -5.3707e-01 +2.6687e-01
8330 +2.131576809e-02 +2.131576809e-02 -4.317086842e+02 -4.317086842e+02 +1.2142e+00 +8.7406e-01
11406 +1.935055248e-02 +1.935055248e-02 -4.317106494e+02 -4.317106494e+02 -2.2215e+00 +2.4653e+00
11798 +1.594669517e-02 +1.594669517e-02 -4.317140533e+02 -4.317140533e+02 +4.3138e-01 -1.3292e-01
16919 +3.316340218e-03 +3.316340218e-03 -4.317266837e+02 -4.317266837e+02 -5.1640e-01 +2.3794e-01
19153 +2.068576720e-03 +2.068576720e-03 -4.317279314e+02 -4.317279314e+02 -7.8706e-01 +5.1652e-01
19170 +1.251818507e-03 +1.251818507e-03 -4.317287482e+02 -4.317287482e+02 -4.5685e-01 +1.7325e-01
20306 +4.345580913e-04 +4.345580913e-04 -4.317295654e+02 -4.317295654e+02 -7.6937e-01 +5.0191e-01
34909 +2.407474926e-05 +2.407474926e-05 -4.317299759e+02 -4.317299759e+02 -5.6603e-01 +2.8080e-01
% function evaluation | noise-free fitness - Fopt (1.578000000000e+02) | best noise-free fitness - Fopt | measured fitness | best measured fitness | x1 | x2...
1 +2.503737427e-01 +2.503737427e-01 +1.580503737e+02 +1.580503737e+02 +0.0000e+00 +0.0000e+00
267 +1.877055210e-01 +1.877055210e-01 +1.579877055e+02 +1.579877055e+02 -3.2581e+00 +7.9760e-01
319 +1.827507551e-01 +1.827507551e-01 +1.579827508e+02 +1.579827508e+02 -3.1444e+00 +6.7077e-01
337 +1.153005853e-02 +1.153005853e-02 +1.578115301e+02 +1.578115301e+02 +1.6163e-01 +6.9193e-01
568 +6.588655841e-04 +6.588655841e-04 +1.578006589e+02 +1.578006589e+02 +1.6793e-01 +6.7546e-01
5589 +5.470473329e-04 +5.470473329e-04 +1.578005470e+02 +1.578005470e+02 +1.4906e-01 +9.1955e-01
5648 +5.279712316e-04 +5.279712316e-04 +1.578005280e+02 +1.578005280e+02 +1.5020e-01 +9.1636e-01
5706 +5.157621336e-04 +5.157621336e-04 +1.578005158e+02 +1.578005158e+02 +1.5012e-01 +9.1573e-01
5732 +5.083347574e-04 +5.083347574e-04 +1.578005083e+02 +1.578005083e+02 +1.4956e-01 +9.1480e-01
5742 +4.982473897e-04 +4.982473897e-04 +1.578004982e+02 +1.578004982e+02 +1.4991e-01 +9.1438e-01
5760 +4.804741475e-04 +4.804741475e-04 +1.578004805e+02 +1.578004805e+02 +1.4988e-01 +9.0993e-01
5772 +4.718016380e-04 +4.718016380e-04 +1.578004718e+02 +1.578004718e+02 +1.5016e-01 +9.1087e-01
5784 +4.583389614e-04 +4.583389614e-04 +1.578004583e+02 +1.578004583e+02 +1.5066e-01 +9.0925e-01
5797 +4.499456928e-04 +4.499456928e-04 +1.578004499e+02 +1.578004499e+02 +1.5041e-01 +9.0764e-01
5803 +4.450971311e-04 +4.450971311e-04 +1.578004451e+02 +1.578004451e+02 +1.5058e-01 +9.0750e-01
5839 +4.297451444e-04 +4.297451444e-04 +1.578004297e+02 +1.578004297e+02 +1.5063e-01 +9.0279e-01
5912 +4.130371143e-04 +4.130371143e-04 +1.578004130e+02 +1.578004130e+02 +1.5121e-01 +9.0328e-01
5933 +4.027001774e-04 +4.027001774e-04 +1.578004027e+02 +1.578004027e+02 +1.5114e-01 +8.9542e-01
5944 +3.952671709e-04 +3.952671709e-04 +1.578003953e+02 +1.578003953e+02 +1.5120e-01 +8.9630e-01
5950 +3.875915788e-04 +3.875915788e-04 +1.578003876e+02 +1.578003876e+02 +1.5134e-01 +8.9854e-01
6014 +3.770032988e-04 +3.770032988e-04 +1.578003770e+02 +1.578003770e+02 +1.5149e-01 +8.9616e-01
6028 +3.648047554e-04 +3.648047554e-04 +1.578003648e+02 +1.578003648e+02 +1.5183e-01 +8.9597e-01
6074 +3.621717273e-04 +3.621717273e-04 +1.578003622e+02 +1.578003622e+02 +1.5203e-01 +8.9581e-01
6138 +3.519242320e-04 +3.519242320e-04 +1.578003519e+02 +1.578003519e+02 +1.5195e-01 +8.9315e-01
6155 +3.466152828e-04 +3.466152828e-04 +1.578003466e+02 +1.578003466e+02 +1.5223e-01 +8.9333e-01
6165 +3.357906668e-04 +3.357906668e-04 +1.578003358e+02 +1.578003358e+02 +1.5230e-01 +8.9119e-01
6200 +3.236343121e-04 +3.236343121e-04 +1.578003236e+02 +1.578003236e+02 +1.5243e-01 +8.8602e-01
6208 +3.233358576e-04 +3.233358576e-04 +1.578003233e+02 +1.578003233e+02 +1.5248e-01 +8.8867e-01
6209 +2.957701880e-04 +2.957701880e-04 +1.578002958e+02 +1.578002958e+02 +1.5296e-01 +8.8148e-01
6215 +2.935114371e-04 +2.935114371e-04 +1.578002935e+02 +1.578002935e+02 +1.5300e-01 +8.8099e-01
6222 +2.831384060e-04 +2.831384060e-04 +1.578002831e+02 +1.578002831e+02 +1.5340e-01 +8.7372e-01
6232 +2.650252355e-04 +2.650252355e-04 +1.578002650e+02 +1.578002650e+02 +1.5372e-01 +8.7881e-01
6246 +2.451700767e-04 +2.451700767e-04 +1.578002452e+02 +1.578002452e+02 +1.5425e-01 +8.7507e-01
6284 +2.344549894e-04 +2.344549894e-04 +1.578002345e+02 +1.578002345e+02 +1.5442e-01 +8.7267e-01
6310 +2.337534348e-04 +2.337534348e-04 +1.578002338e+02 +1.578002338e+02 +1.5465e-01 +8.7263e-01
6332 +2.276393583e-04 +2.276393583e-04 +1.578002276e+02 +1.578002276e+02 +1.5449e-01 +8.6560e-01
6340 +2.065397828e-04 +2.065397828e-04 +1.578002065e+02 +1.578002065e+02 +1.5493e-01 +8.6395e-01
6343 +1.750017469e-04 +1.750017469e-04 +1.578001750e+02 +1.578001750e+02 +1.5602e-01 +8.5878e-01
6361 +1.714653521e-04 +1.714653521e-04 +1.578001715e+02 +1.578001715e+02 +1.5664e-01 +8.5664e-01
6366 +1.694288828e-04 +1.694288828e-04 +1.578001694e+02 +1.578001694e+02 +1.5593e-01 +8.5450e-01
6393 +1.625940822e-04 +1.625940822e-04 +1.578001626e+02 +1.578001626e+02 +1.5655e-01 +8.5525e-01
6413 +1.521308728e-04 +1.521308728e-04 +1.578001521e+02 +1.578001521e+02 +1.5654e-01 +8.5198e-01
6417 +1.441430009e-04 +1.441430009e-04 +1.578001441e+02 +1.578001441e+02 +1.5680e-01 +8.4967e-01
6438 +1.378097062e-04 +1.378097062e-04 +1.578001378e+02 +1.578001378e+02 +1.5695e-01 +8.4719e-01
6443 +1.190136982e-04 +1.190136982e-04 +1.578001190e+02 +1.578001190e+02 +1.5764e-01 +8.4123e-01
6456 +6.033845170e-05 +6.033845170e-05 +1.578000603e+02 +1.578000603e+02 +1.6030e-01 +8.1036e-01
6520 +5.921367296e-05 +5.921367296e-05 +1.578000592e+02 +1.578000592e+02 +1.6031e-01 +8.1231e-01
6531 +5.678968770e-05 +5.678968770e-05 +1.578000568e+02 +1.578000568e+02 +1.6056e-01 +8.1315e-01
6534 +2.879318239e-05 +2.879318239e-05 +1.578000288e+02 +1.578000288e+02 +1.6260e-01 +7.8933e-01
6548 +1.263614072e-05 +1.263614072e-05 +1.578000126e+02 +1.578000126e+02 +1.6470e-01 +7.6740e-01
6570 +9.209746793e-06 +9.209746793e-06 +1.578000092e+02 +1.578000092e+02 +1.6552e-01 +7.5563e-01
6579 +2.313397573e-06 +2.313397573e-06 +1.578000023e+02 +1.578000023e+02 +1.6789e-01 +7.3054e-01
6769 +1.534353913e-06 +1.534353913e-06 +1.578000015e+02 +1.578000015e+02 +1.6840e-01 +7.2814e-01
6797 +9.557069518e-07 +9.557069518e-07 +1.578000010e+02 +1.578000010e+02 +1.6895e-01 +7.2045e-01
6799 +8.422508131e-07 +8.422508131e-07 +1.578000008e+02 +1.578000008e+02 +1.6928e-01 +7.1415e-01
6820 +8.208833719e-07 +8.208833719e-07 +1.578000008e+02 +1.578000008e+02 +1.6917e-01 +7.1959e-01
6888 +7.616422693e-07 +7.616422693e-07 +1.578000008e+02 +1.578000008e+02 +1.6921e-01 +7.1718e-01
6897 +7.442898493e-07 +7.442898493e-07 +1.578000007e+02 +1.578000007e+02 +1.6924e-01 +7.1666e-01
6906 +6.876973941e-07 +6.876973941e-07 +1.578000007e+02 +1.578000007e+02 +1.6933e-01 +7.1716e-01
6912 +6.650701607e-07 +6.650701607e-07 +1.578000007e+02 +1.578000007e+02 +1.6935e-01 +7.1600e-01
6925 +6.520165812e-07 +6.520165812e-07 +1.578000007e+02 +1.578000007e+02 +1.6938e-01 +7.1506e-01
6927 +6.290568422e-07 +6.290568422e-07 +1.578000006e+02 +1.578000006e+02 +1.6941e-01 +7.1598e-01
6934 +5.499526594e-07 +5.499526594e-07 +1.578000005e+02 +1.578000005e+02 +1.6954e-01 +7.1415e-01
6942 +5.355365715e-07 +5.355365715e-07 +1.578000005e+02 +1.578000005e+02 +1.6966e-01 +7.1438e-01
6947 +5.119941022e-07 +5.119941022e-07 +1.578000005e+02 +1.578000005e+02 +1.6964e-01 +7.1177e-01
6956 +3.268652051e-07 +3.268652051e-07 +1.578000003e+02 +1.578000003e+02 +1.7038e-01 +7.0742e-01
7035 +3.231358221e-07 +3.231358221e-07 +1.578000003e+02 +1.578000003e+02 +1.7003e-01 +7.0879e-01
7043 +2.957443996e-07 +2.957443996e-07 +1.578000003e+02 +1.578000003e+02 +1.7015e-01 +7.0815e-01
7063 +2.642060224e-07 +2.642060224e-07 +1.578000003e+02 +1.578000003e+02 +1.7026e-01 +7.0705e-01
7078 +1.538878962e-07 +1.538878962e-07 +1.578000002e+02 +1.578000002e+02 +1.7058e-01 +7.0254e-01
7101 +1.369972438e-07 +1.369972438e-07 +1.578000001e+02 +1.578000001e+02 +1.7063e-01 +7.0099e-01
7110 +5.852740514e-09 +5.852740514e-09 +1.578000000e+02 +1.578000000e+02 +1.7194e-01 +6.8625e-01
% function evaluation | noise-free fitness - Fopt (2.198800000000e+02) | best noise-free fitness - Fopt | measured fitness | best measured fitness | x1 | x2...
1 +2.503737427e-01 +2.503737427e-01 +2.201303737e+02 +2.201303737e+02 +0.0000e+00 +0.0000e+00
825 +4.435867806e-02 +4.435867806e-02 +2.199243587e+02 +2.199243587e+02 +1.3020e-01 -6.9377e-01
870 +4.141632203e-02 +4.141632203e-02 +2.199214163e+02 +2.199214163e+02 +1.8084e-01 -1.3375e-01
2528 +3.475096695e-02 +3.475096695e-02 +2.199147510e+02 +2.199147510e+02 -1.3462e-01 -2.4287e+00
3500 +1.656458017e-02 +1.656458017e-02 +2.198965646e+02 +2.198965646e+02 -2.9525e-02 -1.1639e+00
5147 +1.998816522e-03 +1.998816522e-03 +2.198819988e+02 +2.198819988e+02 +1.7119e-01 -4.0079e-01
19182 +1.546096909e-03 +1.546096909e-03 +2.198815461e+02 +2.198815461e+02 +1.5860e-01 -6.1504e-01
46480 +4.286370312e-04 +4.286370312e-04 +2.198804286e+02 +2.198804286e+02 +1.5781e-01 -6.0449e-01
46505 +2.660262018e-05 +2.660262018e-05 +2.198800266e+02 +2.198800266e+02 +1.3113e-01 -7.9218e-01
% function evaluation | noise-free fitness - Fopt (1.543700000000e+02) | best noise-free fitness - Fopt | measured fitness | best measured fitness | x1 | x2...
1 +2.503737427e-01 +2.503737427e-01 +1.546203737e+02 +1.546203737e+02 +0.0000e+00 +0.0000e+00
329 +8.710559752e-02 +8.710559752e-02 +1.544571056e+02 +1.544571056e+02 +1.9261e+00 +6.7214e-01
473 +6.672734677e-02 +6.672734677e-02 +1.544367273e+02 +1.544367273e+02 +7.1192e-01 -7.0604e-02
587 +1.631836265e-02 +1.631836265e-02 +1.543863184e+02 +1.543863184e+02 +9.9215e-01 -5.3261e-01
11840 +1.577252497e-02 +1.577252497e-02 +1.543857725e+02 +1.543857725e+02 -2.9899e-01 -9.6140e-02
24106 +4.253477883e-03 +4.253477883e-03 +1.543742535e+02 +1.543742535e+02 -3.1922e-01 +2.9553e-01
27821 +5.011070061e-05 +5.011070061e-05 +1.543700501e+02 +1.543700501e+02 -4.5416e-01 +6.6916e-01
40404 +1.217554191e-05 +1.217554191e-05 +1.543700122e+02 +1.543700122e+02 -3.9702e-01 +4.9064e-01
% function evaluation | noise-free fitness - Fopt (-1.217500000000e+02) | best noise-free fitness - Fopt | measured fitness | best measured fitness | x1 | x2...
1 +2.503737427e-01 +2.503737427e-01 -1.214996263e+02 -1.214996263e+02 +0.0000e+00 +0.0000e+00
997 +2.976152246e-02 +2.976152246e-02 -1.217202385e+02 -1.217202385e+02 +1.1866e+00 +2.9800e-01
1501 +1.432361123e-02 +1.432361123e-02 -1.217356764e+02 -1.217356764e+02 -3.3313e-01 +7.7327e-03
2274 +9.651976937e-03 +9.651976937e-03 -1.217403480e+02 -1.217403480e+02 -7.5299e-01 +3.4594e-01
4507 +1.266487158e-03 +1.266487158e-03 -1.217487335e+02 -1.217487335e+02 -8.6250e-01 +4.5683e-01
17343 +8.938465957e-04 +8.938465957e-04 -1.217491062e+02 -1.217491062e+02 -5.4081e-01 +1.6897e-01
30484 +4.309720617e-04 +4.309720617e-04 -1.217495690e+02 -1.217495690e+02 -5.1665e-01 +1.5212e-01
62032 +5.903275172e-05 +5.903275172e-05 -1.217499410e+02 -1.217499410e+02 -6.3638e-01 +2.5796e-01
98702 +4.239096654e-06 +4.239096654e-06 -1.217499958e+02 -1.217499958e+02 -6.5750e-01 +2.7444e-01
% function evaluation | noise-free fitness - Fopt (1.630000000000e+01) | best noise-free fitness - Fopt | measured fitness | best measured fitness | x1 | x2...
1 +2.503737427e-01 +2.503737427e-01 +1.655037374e+01 +1.655037374e+01 +0.0000e+00 +0.0000e+00
408 +2.165738520e-02 +2.165738520e-02 +1.632165739e+01 +1.632165739e+01 +1.1267e+01 +1.7509e-01
3919 +7.595745737e-05 +7.595745737e-05 +1.630007596e+01 +1.630007596e+01 +7.4060e-01 -3.6901e-01
6372 +1.077326085e-05 +1.077326085e-05 +1.630001077e+01 +1.630001077e+01 +5.7196e-01 -3.3565e-01
87406 +8.792112656e-06 +8.792112656e-06 +1.630000879e+01 +1.630000879e+01 +6.7629e-01 -3.5758e-01
96708 +5.998737109e-06 +5.998737109e-06 +1.630000600e+01 +1.630000600e+01 +6.8242e-01 -3.5792e-01
96797 +5.449047297e-06 +5.449047297e-06 +1.630000545e+01 +1.630000545e+01 +6.8065e-01 -3.5744e-01
96832 +2.859089431e-06 +2.859089431e-06 +1.630000286e+01 +1.630000286e+01 +6.5626e-01 -3.5375e-01
96895 +2.148781736e-06 +2.148781736e-06 +1.630000215e+01 +1.630000215e+01 +6.6289e-01 -3.5449e-01
97147 +2.118875557e-06 +2.118875557e-06 +1.630000212e+01 +1.630000212e+01 +6.6359e-01 -3.5449e-01
97182 +2.086497094e-06 +2.086497094e-06 +1.630000209e+01 +1.630000209e+01 +6.6334e-01 -3.5445e-01
97195 +2.003356943e-06 +2.003356943e-06 +1.630000200e+01 +1.630000200e+01 +6.6276e-01 -3.5432e-01
97231 +1.601251018e-06 +1.601251018e-06 +1.630000160e+01 +1.630000160e+01 +6.5867e-01 -3.5367e-01
97338 +1.545126548e-06 +1.545126548e-06 +1.630000155e+01 +1.630000155e+01 +6.5872e-01 -3.5345e-01
97559 +1.462886313e-06 +1.462886313e-06 +1.630000146e+01 +1.630000146e+01 +6.5787e-01 -3.5345e-01
97605 +1.439072523e-06 +1.439072523e-06 +1.630000144e+01 +1.630000144e+01 +6.5781e-01 -3.5337e-01
97633 +1.392096994e-06 +1.392096994e-06 +1.630000139e+01 +1.630000139e+01 +6.5729e-01 -3.5330e-01
97660 +1.320841054e-06 +1.320841054e-06 +1.630000132e+01 +1.630000132e+01 +6.5655e-01 -3.5310e-01
97750 +1.294201059e-06 +1.294201059e-06 +1.630000129e+01 +1.630000129e+01 +6.5590e-01 -3.5312e-01
97766 +1.271779841e-06 +1.271779841e-06 +1.630000127e+01 +1.630000127e+01 +6.5598e-01 -3.5306e-01
97838 +1.257916388e-06 +1.257916388e-06 +1.630000126e+01 +1.630000126e+01 +6.5550e-01 -3.5304e-01
97846 +1.197047087e-06 +1.197047087e-06 +1.630000120e+01 +1.630000120e+01 +6.5507e-01 -3.5291e-01
97862 +1.061595722e-06 +1.061595722e-06 +1.630000106e+01 +1.630000106e+01 +6.5089e-01 -3.5236e-01
97996 +1.036191779e-06 +1.036191779e-06 +1.630000104e+01 +1.630000104e+01 +6.5312e-01 -3.5254e-01
98067 +9.987617169e-07 +9.987617169e-07 +1.630000100e+01 +1.630000100e+01 +6.5258e-01 -3.5245e-01
98086 +9.758525756e-07 +9.758525756e-07 +1.630000098e+01 +1.630000098e+01 +6.5237e-01 -3.5236e-01
98142 +9.360682149e-07 +9.360682149e-07 +1.630000094e+01 +1.630000094e+01 +6.5168e-01 -3.5230e-01
98179 +9.226689208e-07 +9.226689208e-07 +1.630000092e+01 +1.630000092e+01 +6.5129e-01 -3.5226e-01
98182 +8.897915222e-07 +8.897915222e-07 +1.630000089e+01 +1.630000089e+01 +6.5062e-01 -3.5216e-01
98208 +8.495308350e-07 +8.495308350e-07 +1.630000085e+01 +1.630000085e+01 +6.5003e-01 -3.5205e-01
98230 +7.590403932e-07 +7.590403932e-07 +1.630000076e+01 +1.630000076e+01 +6.4905e-01 -3.5171e-01
98410 +7.582604340e-07 +7.582604340e-07 +1.630000076e+01 +1.630000076e+01 +6.4910e-01 -3.5175e-01
98423 +7.394640562e-07 +7.394640562e-07 +1.630000074e+01 +1.630000074e+01 +6.4873e-01 -3.5173e-01
98521 +7.235642236e-07 +7.235642236e-07 +1.630000072e+01 +1.630000072e+01 +6.4850e-01 -3.5163e-01
98622 +7.072338697e-07 +7.072338697e-07 +1.630000071e+01 +1.630000071e+01 +6.4823e-01 -3.5161e-01
98686 +6.917074806e-07 +6.917074806e-07 +1.630000069e+01 +1.630000069e+01 +6.4797e-01 -3.5155e-01
98733 +6.711477596e-07 +6.711477596e-07 +1.630000067e+01 +1.630000067e+01 +6.4760e-01 -3.5147e-01
98778 +6.594745194e-07 +6.594745194e-07 +1.630000066e+01 +1.630000066e+01 +6.4730e-01 -3.5138e-01
98846 +6.441222915e-07 +6.441222915e-07 +1.630000064e+01 +1.630000064e+01 +6.4705e-01 -3.5142e-01
98945 +6.283667879e-07 +6.283667879e-07 +1.630000063e+01 +1.630000063e+01 +6.4681e-01 -3.5132e-01
99031 +6.038410838e-07 +6.038410838e-07 +1.630000060e+01 +1.630000060e+01 +6.4615e-01 -3.5128e-01
99057 +5.954836624e-07 +5.954836624e-07 +1.630000060e+01 +1.630000060e+01 +6.4577e-01 -3.5124e-01
99088 +5.196179735e-07 +5.196179735e-07 +1.630000052e+01 +1.630000052e+01 +6.4460e-01 -3.5095e-01
99289 +5.120065190e-07 +5.120065190e-07 +1.630000051e+01 +1.630000051e+01 +6.4423e-01 -3.5093e-01
99353 +4.937596891e-07 +4.937596891e-07 +1.630000049e+01 +1.630000049e+01 +6.4402e-01 -3.5080e-01
99402 +4.867037582e-07 +4.867037582e-07 +1.630000049e+01 +1.630000049e+01 +6.4387e-01 -3.5081e-01
99555 +4.780251324e-07 +4.780251324e-07 +1.630000048e+01 +1.630000048e+01 +6.4366e-01 -3.5078e-01
99620 +4.629978463e-07 +4.629978463e-07 +1.630000046e+01 +1.630000046e+01 +6.4317e-01 -3.5072e-01
99682 +4.565730300e-07 +4.565730300e-07 +1.630000046e+01 +1.630000046e+01 +6.4314e-01 -3.5069e-01
99723 +4.250878973e-07 +4.250878973e-07 +1.630000043e+01 +1.630000043e+01 +6.4232e-01 -3.5046e-01
99817 +4.062296952e-07 +4.062296952e-07 +1.630000041e+01 +1.630000041e+01 +6.4128e-01 -3.5043e-01
99839 +3.950335596e-07 +3.950335596e-07 +1.630000040e+01 +1.630000040e+01 +6.4096e-01 -3.5037e-01
99918 +3.816081779e-07 +3.816081779e-07 +1.630000038e+01 +1.630000038e+01 +6.4129e-01 -3.5032e-01
99952 +3.610192785e-07 +3.610192785e-07 +1.630000036e+01 +1.630000036e+01 +6.4070e-01 -3.5023e-01
99963 +3.529267154e-07 +3.529267154e-07 +1.630000035e+01 +1.630000035e+01 +6.4049e-01 -3.5015e-01
% function evaluation | noise-free fitness - Fopt (-2.839700000000e+02) | best noise-free fitness - Fopt | measured fitness | best measured fitness | x1 | x2...
1 +2.503737427e-01 +2.503737427e-01 -2.837196263e+02 -2.837196263e+02 +0.0000e+00 +0.0000e+00
271 +9.821492250e-02 +9.821492250e-02 -2.838717851e+02 -2.838717851e+02 +1.6655e-01 -2.0067e-01
317 +1.588054562e-02 +1.588054562e-02 -2.839541195e+02 -2.839541195e+02 -5.2833e-02 +1.1398e-02
19031 +1.574142404e-02 +1.574142404e-02 -2.839542586e+02 -2.839542586e+02 +1.6029e-01 -3.6105e-02
20338 +1.962786639e-03 +1.962786639e-03 -2.839680372e+02 -2.839680372e+02 +4.4121e-01 -1.8903e-01
29642 +3.727544578e-05 +3.727544578e-05 -2.839699627e+02 -2.839699627e+02 +6.3520e-01 -1.8930e-01
% function evaluation | noise-free fitness - Fopt (1.094000000000e+02) | best noise-free fitness - Fopt | measured fitness | best measured fitness | x1 | x2...
1 +2.503737427e-01 +2.503737427e-01 +1.096503737e+02 +1.096503737e+02 +0.0000e+00 +0.0000e+00
774 +2.452157709e-01 +2.452157709e-01 +1.096452158e+02 +1.096452158e+02 -1.2894e+00 +1.0822e+00
840 +4.051324572e-02 +4.051324572e-02 +1.094405132e+02 +1.094405132e+02 -3.5416e-01 +1.9604e-01
2084 +1.946454680e-02 +1.946454680e-02 +1.094194645e+02 +1.094194645e+02 -2.1486e-01 +7.0213e-02
2865 +1.905298728e-02 +1.905298728e-02 +1.094190530e+02 +1.094190530e+02 -3.7942e+00 +3.0623e+00
4085 +2.612761517e-03 +2.612761517e-03 +1.094026128e+02 +1.094026128e+02 -8.9538e-01 +3.2218e-01
9057 +1.110069415e-04 +1.110069415e-04 +1.094001110e+02 +1.094001110e+02 -7.8708e-01 +2.4033e-01
9247 +1.885331068e-05 +1.885331068e-05 +1.094000189e+02 +1.094000189e+02 -7.6120e-01 +2.2452e-01
91615 +5.955045921e-06 +5.955045921e-06 +1.094000060e+02 +1.094000060e+02 -6.3352e-01 +1.4287e-01
% function evaluation | noise-free fitness - Fopt (-5.755000000000e+01) | best noise-free fitness - Fopt | measured fitness | best measured fitness | x1 | x2...
1 +2.503737427e-01 +2.503737427e-01 -5.729962626e+01 -5.729962626e+01 +0.0000e+00 +0.0000e+00
19 +1.005505429e-01 +1.005505429e-01 -5.744944946e+01 -5.744944946e+01 +5.0753e-01 -1.0324e+00
25 +8.138417343e-02 +8.138417343e-02 -5.746861583e+01 -5.746861583e+01 +4.8453e-01 -1.0325e+00
48 +8.090714394e-02 +8.090714394e-02 -5.746909286e+01 -5.746909286e+01 +4.8465e-01 -1.0321e+00
90 +7.889025099e-02 +7.889025099e-02 -5.747110975e+01 -5.747110975e+01 +4.1856e-01 -1.0245e+00
1100 +6.508046821e-02 +6.508046821e-02 -5.748491953e+01 -5.748491953e+01 -1.8529e+00 +3.8307e+00
1202 +3.747471483e-02 +3.747471483e-02 -5.751252529e+01 -5.751252529e+01 -1.9541e+00 +4.3522e+00
1821 +1.670875017e-02 +1.670875017e-02 -5.753329125e+01 -5.753329125e+01 -7.3271e-01 +9.2244e-01
3078 +5.293100824e-03 +5.293100824e-03 -5.754470690e+01 -5.754470690e+01 -5.3286e-01 +4.9153e-01
3359 +3.768012158e-04 +3.768012158e-04 -5.754962320e+01 -5.754962320e+01 -5.2769e-01 +5.0715e-01
6136 +1.101386920e-04 +1.101386920e-04 -5.754988986e+01 -5.754988986e+01 -5.3025e-01 +4.9726e-01
9805 +5.562902786e-06 +5.562902786e-06 -5.754999444e+01 -5.754999444e+01 -4.8768e-01 +4.2666e-01
95877 +2.114363156e-07 +2.114363156e-07 -5.754999979e+01 -5.754999979e+01 -5.2255e-01 +4.8850e-01
% function evaluation | noise-free fitness - Fopt (-1.883200000000e+02) | best noise-free fitness - Fopt | measured fitness | best measured fitness | x1 | x2...
1 +2.503737427e-01 +2.503737427e-01 -1.880696263e+02 -1.880696263e+02 +0.0000e+00 +0.0000e+00
112 +2.211205806e-01 +2.211205806e-01 -1.880988794e+02 -1.880988794e+02 -9.7850e-01 -9.1852e-01
149 +1.996933163e-01 +1.996933163e-01 -1.881203067e+02 -1.881203067e+02 -9.7663e-01 -8.1457e-01
157 +1.102097219e-01 +1.102097219e-01 -1.882097903e+02 -1.882097903e+02 -9.6102e-01 -9.3424e-01
379 +1.316396647e-02 +1.316396647e-02 -1.883068360e+02 -1.883068360e+02 +3.3030e-01 +1.7315e-01
383 +6.743571056e-03 +6.743571056e-03 -1.883132564e+02 -1.883132564e+02 +6.5943e-01 +8.4930e-01
494 +1.794404529e-03 +1.794404529e-03 -1.883182056e+02 -1.883182056e+02 +3.6612e-01 +2.4592e-01
1184 +2.819805007e-04 +2.819805007e-04 -1.883197180e+02 -1.883197180e+02 +5.6475e-01 +6.3518e-01
9230 +1.996836299e-04 +1.996836299e-04 -1.883198003e+02 -1.883198003e+02 +4.3290e-01 +3.7165e-01
22579 +6.079766243e-05 +6.079766243e-05 -1.883199392e+02 -1.883199392e+02 +4.6551e-01 +4.3381e-01
22953 +7.383915658e-06 +7.383915658e-06 -1.883199926e+02 -1.883199926e+02 +4.7166e-01 +4.4007e-01
23051 +5.878524689e-08 +5.878524689e-08 -1.883199999e+02 -1.883199999e+02 +4.9650e-01 +4.8966e-01
46871 +5.753730647e-08 +5.753730647e-08 -1.883199999e+02 -1.883199999e+02 +4.9638e-01 +4.8954e-01
46914 +5.437118489e-08 +5.437118489e-08 -1.883199999e+02 -1.883199999e+02 +4.9655e-01 +4.8981e-01
47433 +5.367436984e-08 +5.367436984e-08 -1.883199999e+02 -1.883199999e+02 +4.9654e-01 +4.8985e-01
47613 +5.242881684e-08 +5.242881684e-08 -1.883199999e+02 -1.883199999e+02 +4.9659e-01 +4.8996e-01
47751 +5.055272823e-08 +5.055272823e-08 -1.883199999e+02 -1.883199999e+02 +4.9667e-01 +4.9012e-01
48125 +5.005026082e-08 +5.005026082e-08 -1.883199999e+02 -1.883199999e+02 +4.9669e-01 +4.9015e-01
48261 +4.882997473e-08 +4.882997473e-08 -1.883200000e+02 -1.883200000e+02 +4.9674e-01 +4.9025e-01
48476 +4.776021001e-08 +4.776021001e-08 -1.883200000e+02 -1.883200000e+02 +4.9680e-01 +4.9033e-01
48582 +4.671036891e-08 +4.671036891e-08 -1.883200000e+02 -1.883200000e+02 +4.9683e-01 +4.9043e-01
48617 +4.534038567e-08 +4.534038567e-08 -1.883200000e+02 -1.883200000e+02 +4.9689e-01 +4.9055e-01
48827 +4.450129154e-08 +4.450129154e-08 -1.883200000e+02 -1.883200000e+02 +4.9693e-01 +4.9063e-01
48845 +4.277356425e-08 +4.277356425e-08 -1.883200000e+02 -1.883200000e+02 +4.9704e-01 +4.9079e-01
48994 +4.236451900e-08 +4.236451900e-08 -1.883200000e+02 -1.883200000e+02 +4.9705e-01 +4.9091e-01
49354 +4.168373380e-08 +4.168373380e-08 -1.883200000e+02 -1.883200000e+02 +4.9706e-01 +4.9088e-01
49708 +4.071600301e-08 +4.071600301e-08 -1.883200000e+02 -1.883200000e+02 +4.9711e-01 +4.9099e-01
49888 +3.975577556e-08 +3.975577556e-08 -1.883200000e+02 -1.883200000e+02 +4.9716e-01 +4.9106e-01
50154 +3.884866828e-08 +3.884866828e-08 -1.883200000e+02 -1.883200000e+02 +4.9720e-01 +4.9115e-01
50252 +3.797933346e-08 +3.797933346e-08 -1.883200000e+02 -1.883200000e+02 +4.9724e-01 +4.9124e-01
50621 +3.654753300e-08 +3.654753300e-08 -1.883200000e+02 -1.883200000e+02 +4.9731e-01 +4.9138e-01
50869 +3.625305567e-08 +3.625305567e-08 -1.883200000e+02 -1.883200000e+02 +4.9733e-01 +4.9142e-01
51055 +3.546927019e-08 +3.546927019e-08 -1.883200000e+02 -1.883200000e+02 +4.9737e-01 +4.9148e-01
51278 +3.463227927e-08 +3.463227927e-08 -1.883200000e+02 -1.883200000e+02 +4.9741e-01 +4.9157e-01
51380 +3.373040158e-08 +3.373040158e-08 -1.883200000e+02 -1.883200000e+02 +4.9746e-01 +4.9167e-01
51641 +3.309543217e-08 +3.309543217e-08 -1.883200000e+02 -1.883200000e+02 +4.9749e-01 +4.9174e-01
51973 +3.222390887e-08 +3.222390887e-08 -1.883200000e+02 -1.883200000e+02 +4.9754e-01 +4.9182e-01
52314 +3.159865969e-08 +3.159865969e-08 -1.883200000e+02 -1.883200000e+02 +4.9757e-01 +4.9189e-01
52325 +3.089408551e-08 +3.089408551e-08 -1.883200000e+02 -1.883200000e+02 +4.9762e-01 +4.9197e-01
52381 +2.970466539e-08 +2.970466539e-08 -1.883200000e+02 -1.883200000e+02 +4.9770e-01 +4.9211e-01
52493 +2.884752348e-08 +2.884752348e-08 -1.883200000e+02 -1.883200000e+02 +4.9772e-01 +4.9221e-01
52550 +2.876208782e-08 +2.876208782e-08 -1.883200000e+02 -1.883200000e+02 +4.9773e-01 +4.9221e-01
52913 +2.784864250e-08 +2.784864250e-08 -1.883200000e+02 -1.883200000e+02 +4.9778e-01 +4.9231e-01
53215 +2.753938588e-08 +2.753938588e-08 -1.883200000e+02 -1.883200000e+02 +4.9780e-01 +4.9234e-01
53474 +2.691240297e-08 +2.691240297e-08 -1.883200000e+02 -1.883200000e+02 +4.9784e-01 +4.9242e-01
53704 +2.628340212e-08 +2.628340212e-08 -1.883200000e+02 -1.883200000e+02 +4.9787e-01 +4.9249e-01
53881 +2.565326440e-08 +2.565326440e-08 -1.883200000e+02 -1.883200000e+02 +4.9791e-01 +4.9257e-01
54109 +2.509511887e-08 +2.509511887e-08 -1.883200000e+02 -1.883200000e+02 +4.9795e-01 +4.9264e-01
54405 +2.446014946e-08 +2.446014946e-08 -1.883200000e+02 -1.883200000e+02 +4.9799e-01 +4.9272e-01
54634 +2.397158028e-08 +2.397158028e-08 -1.883200000e+02 -1.883200000e+02 +4.9802e-01 +4.9279e-01
54854 +2.336955163e-08 +2.336955163e-08 -1.883200000e+02 -1.883200000e+02 +4.9806e-01 +4.9285e-01
54928 +2.272236088e-08 +2.272236088e-08 -1.883200000e+02 -1.883200000e+02 +4.9810e-01 +4.9298e-01
55130 +2.235645979e-08 +2.235645979e-08 -1.883200000e+02 -1.883200000e+02 +4.9812e-01 +4.9299e-01
55214 +2.186112624e-08 +2.186112624e-08 -1.883200000e+02 -1.883200000e+02 +4.9815e-01 +4.9305e-01
55562 +2.124039611e-08 +2.124039611e-08 -1.883200000e+02 -1.883200000e+02 +4.9819e-01 +4.9314e-01
55645 +2.085690198e-08 +2.085690198e-08 -1.883200000e+02 -1.883200000e+02 +4.9822e-01 +4.9318e-01
55933 +2.035028501e-08 +2.035028501e-08 -1.883200000e+02 -1.883200000e+02 +4.9825e-01 +4.9325e-01
56187 +1.993495857e-08 +1.993495857e-08 -1.883200000e+02 -1.883200000e+02 +4.9829e-01 +4.9331e-01
56302 +1.943413963e-08 +1.943413963e-08 -1.883200000e+02 -1.883200000e+02 +4.9851e-01 +4.9366e-01
56425 +1.901847213e-08 +1.901847213e-08 -1.883200000e+02 -1.883200000e+02 +4.9835e-01 +4.9343e-01
56542 +1.842141728e-08 +1.842141728e-08 -1.883200000e+02 -1.883200000e+02 +4.9839e-01 +4.9352e-01
56640 +1.792994908e-08 +1.792994908e-08 -1.883200000e+02 -1.883200000e+02 +4.9843e-01 +4.9360e-01
56768 +1.768461289e-08 +1.768461289e-08 -1.883200000e+02 -1.883200000e+02 +4.9847e-01 +4.9364e-01
57113 +1.737475941e-08 +1.737475941e-08 -1.883200000e+02 -1.883200000e+02 +4.9847e-01 +4.9367e-01
57274 +1.696179197e-08 +1.696179197e-08 -1.883200000e+02 -1.883200000e+02 +4.9851e-01 +4.9373e-01
57344 +1.646253622e-08 +1.646253622e-08 -1.883200000e+02 -1.883200000e+02 +4.9854e-01 +4.9381e-01
57401 +1.610692379e-08 +1.610692379e-08 -1.883200000e+02 -1.883200000e+02 +4.9857e-01 +4.9388e-01
57609 +1.577083708e-08 +1.577083708e-08 -1.883200000e+02 -1.883200000e+02 +4.9860e-01 +4.9391e-01
57635 +1.537944172e-08 +1.537944172e-08 -1.883200000e+02 -1.883200000e+02 +4.9864e-01 +4.9399e-01
57993 +1.501535962e-08 +1.501535962e-08 -1.883200000e+02 -1.883200000e+02 +4.9865e-01 +4.9403e-01
58125 +1.475973477e-08 +1.475973477e-08 -1.883200000e+02 -1.883200000e+02 +4.9869e-01 +4.9408e-01
58151 +1.412101369e-08 +1.412101369e-08 -1.883200000e+02 -1.883200000e+02 +4.9872e-01 +4.9418e-01
58305 +1.364759328e-08 +1.364759328e-08 -1.883200000e+02 -1.883200000e+02 +4.9877e-01 +4.9426e-01
58340 +1.348436740e-08 +1.348436740e-08 -1.883200000e+02 -1.883200000e+02 +4.9878e-01 +4.9429e-01
58765 +1.304618991e-08 +1.304618991e-08 -1.883200000e+02 -1.883200000e+02 +4.9882e-01 +4.9436e-01
58801 +1.284888640e-08 +1.284888640e-08 -1.883200000e+02 -1.883200000e+02 +4.9884e-01 +4.9439e-01
58849 +1.247167347e-08 +1.247167347e-08 -1.883200000e+02 -1.883200000e+02 +4.9887e-01 +4.9446e-01
59240 +1.228781343e-08 +1.228781343e-08 -1.883200000e+02 -1.883200000e+02 +4.9888e-01 +4.9451e-01
59515 +1.201320288e-08 +1.201320288e-08 -1.883200000e+02 -1.883200000e+02 +4.9891e-01 +4.9454e-01
59864 +1.173336273e-08 +1.173336273e-08 -1.883200000e+02 -1.883200000e+02 +4.9894e-01 +4.9459e-01
59946 +1.125710014e-08 +1.125710014e-08 -1.883200000e+02 -1.883200000e+02 +4.9898e-01 +4.9469e-01
60153 +1.116663384e-08 +1.116663384e-08 -1.883200000e+02 -1.883200000e+02 +4.9899e-01 +4.9471e-01
60287 +1.093005153e-08 +1.093005153e-08 -1.883200000e+02 -1.883200000e+02 +4.9901e-01 +4.9474e-01
60539 +1.068249844e-08 +1.068249844e-08 -1.883200000e+02 -1.883200000e+02 +4.9904e-01 +4.9479e-01
60611 +1.032168484e-08 +1.032168484e-08 -1.883200000e+02 -1.883200000e+02 +4.9907e-01 +4.9487e-01
60860 +1.011994755e-08 +1.011994755e-08 -1.883200000e+02 -1.883200000e+02 +4.9909e-01 +4.9490e-01
60952 +9.549381730e-09 +9.549381730e-09 -1.883200000e+02 -1.883200000e+02 +4.9914e-01 +4.9501e-01
