% function evaluation | noise-free fitness - Fopt (-4.620900000000e+002) | best noise-free fitness - Fopt | measured fitness | best measured fitness | x1 | x2...
1 +1.181909657e+002 +1.181909657e+002 -3.438990343e+002 -3.438990343e+002 +0.0000e+000 +0.0000e+000 +0.0000e+000 +0.0000e+000 +0.0000e+000
552 +1.049702820e+002 +1.049702820e+002 -3.571197180e+002 -3.571197180e+002 +1.1911e+000 +2.2729e+000 +1.5777e+000 -2.4760e+000 +1.2874e+000
611 +9.837264840e+001 +9.837264840e+001 -3.637173516e+002 -3.637173516e+002 -1.7576e+000 +1.9520e+000 +1.6142e+000 -1.1714e+000 +1.4025e+000
628 +8.670262147e+001 +8.670262147e+001 -3.753873785e+002 -3.753873785e+002 -2.9641e+000 +1.8725e+000 +2.3237e+000 -1.3495e+000 +1.6666e+000
652 +4.289016891e+001 +4.289016891e+001 -4.191998311e+002 -4.191998311e+002 -6.4649e-001 +2.1538e+000 +1.6243e+000 +4.6640e-001 +2.2309e+000
715 +3.216207643e+001 +3.216207643e+001 -4.299279236e+002 -4.299279236e+002 -9.5641e-001 +2.2655e+000 +1.5147e+000 +7.5015e-001 +1.5823e+000
755 +3.125471928e+001 +3.125471928e+001 -4.308352807e+002 -4.308352807e+002 -1.6650e+000 +2.2718e+000 +1.0961e+000 +3.8253e-001 +1.6197e+000
756 +2.300622877e+001 +2.300622877e+001 -4.390837712e+002 -4.390837712e+002 +8.5062e-002 +2.2003e+000 +1.5789e+000 +3.0083e-001 +1.5931e+000
1037 +1.163996774e+001 +1.163996774e+001 -4.504500323e+002 -4.504500323e+002 +2.4700e-001 +2.9579e+000 +1.5500e+000 +7.3966e-001 +1.9938e+000
1736 +1.075595745e+001 +1.075595745e+001 -4.513340425e+002 -4.513340425e+002 +4.3246e-001 +1.4372e+000 +1.6702e+000 +3.1552e-001 +1.9820e+000
1762 +9.756156504e+000 +9.756156504e+000 -4.523338435e+002 -4.523338435e+002 +3.5048e-001 +3.1023e+000 +1.6432e+000 +7.4391e-001 +2.0192e+000
1865 +8.629558298e+000 +8.629558298e+000 -4.534604417e+002 -4.534604417e+002 +3.4515e-001 +3.1540e+000 +1.6599e+000 +7.4053e-001 +1.9755e+000
1924 +7.436209821e+000 +7.436209821e+000 -4.546537902e+002 -4.546537902e+002 +3.9244e-001 +2.3106e+000 +1.6589e+000 +7.3185e-001 +1.9705e+000
2046 +5.742587172e+000 +5.742587172e+000 -4.563474128e+002 -4.563474128e+002 +1.3842e+000 +3.1140e+000 +1.6458e+000 +7.3772e-001 +1.9717e+000
2136 +4.265160466e+000 +4.265160466e+000 -4.578248395e+002 -4.578248395e+002 +1.3082e+000 +2.3015e+000 +1.6495e+000 +7.4382e-001 +2.3348e+000
6781 +4.140453297e+000 +4.140453297e+000 -4.579495467e+002 -4.579495467e+002 +1.3541e+000 +2.3075e+000 +1.6101e+000 +3.2960e-001 +1.9914e+000
6790 +4.056924261e+000 +4.056924261e+000 -4.580330757e+002 -4.580330757e+002 +1.3359e+000 +2.3078e+000 +1.6204e+000 +3.1888e-001 +1.9866e+000
7041 +3.980086092e+000 +3.980086092e+000 -4.581099139e+002 -4.581099139e+002 +1.3444e+000 +2.2994e+000 +1.6178e+000 +3.2082e-001 +1.9894e+000
% function evaluation | noise-free fitness - Fopt (7.766000000000e+001) | best noise-free fitness - Fopt | measured fitness | best measured fitness | x1 | x2...
1 +1.918840342e+002 +1.918840342e+002 +2.695440342e+002 +2.695440342e+002 +0.0000e+000 +0.0000e+000 +0.0000e+000 +0.0000e+000 +0.0000e+000
505 +1.662994136e+002 +1.662994136e+002 +2.439594136e+002 +2.439594136e+002 -1.6248e+000 +3.7306e+000 -1.2509e+000 +1.6857e+000 +2.6614e+000
517 +1.614491552e+002 +1.614491552e+002 +2.391091552e+002 +2.391091552e+002 +3.1750e+000 +3.4311e+000 -3.6027e-001 +3.9559e+000 +1.5930e+000
518 +1.283176071e+002 +1.283176071e+002 +2.059776071e+002 +2.059776071e+002 -9.4089e-001 -2.3160e-001 -1.5477e-001 +1.6171e+000 +2.6897e+000
522 +7.803969595e+001 +7.803969595e+001 +1.556996959e+002 +1.556996959e+002 -2.5779e+000 +4.0180e-001 +6.6663e-002 +3.5038e+000 +2.1977e+000
555 +7.438569273e+001 +7.438569273e+001 +1.520456927e+002 +1.520456927e+002 -2.4122e-001 -9.1713e-001 +2.5272e-002 +3.2545e+000 +1.3149e+000
560 +7.315382029e+001 +7.315382029e+001 +1.508138203e+002 +1.508138203e+002 +6.6715e-001 +1.0556e+000 +1.1094e-001 +3.6505e+000 +2.2997e+000
583 +4.328420487e+001 +4.328420487e+001 +1.209442049e+002 +1.209442049e+002 +5.8071e-001 -2.9808e-001 +1.2538e-001 +3.2678e+000 +1.9166e+000
617 +3.418110875e+001 +3.418110875e+001 +1.118411087e+002 +1.118411087e+002 -1.5044e+000 +4.8957e-001 +5.7699e-001 +3.7420e+000 +1.7540e+000
793 +2.880939065e+001 +2.880939065e+001 +1.064693906e+002 +1.064693906e+002 +6.5118e-001 -9.1669e-001 -2.4784e-001 +2.8642e+000 +1.8281e+000
910 +2.494543792e+001 +2.494543792e+001 +1.026054379e+002 +1.026054379e+002 +4.6347e-001 -1.6151e+000 +1.2140e+000 +3.4751e+000 +2.1436e+000
1112 +2.359025509e+001 +2.359025509e+001 +1.012502551e+002 +1.012502551e+002 +5.2012e-001 -1.6145e+000 +7.1880e-001 +3.7101e+000 +2.0789e+000
1156 +1.716645409e+001 +1.716645409e+001 +9.482645409e+001 +9.482645409e+001 +4.6208e-001 -1.5920e+000 +6.5438e-001 +3.7972e+000 +2.1065e+000
1180 +1.227373546e+001 +1.227373546e+001 +8.993373546e+001 +8.993373546e+001 +4.8393e-001 -1.6621e+000 +6.2068e-001 +3.7015e+000 +2.4970e+000
1197 +1.083109134e+001 +1.083109134e+001 +8.849109134e+001 +8.849109134e+001 +1.3671e+000 -1.7099e+000 +6.6477e-001 +3.7066e+000 +2.4301e+000
1272 +1.046946759e+001 +1.046946759e+001 +8.812946759e+001 +8.812946759e+001 +1.3216e+000 -1.6971e+000 +6.8511e-001 +3.7480e+000 +2.1269e+000
1292 +9.807427145e+000 +9.807427145e+000 +8.746742715e+001 +8.746742715e+001 +1.5169e+000 -1.6726e+000 +6.5866e-001 +3.7610e+000 +2.1631e+000
1329 +8.977021298e+000 +8.977021298e+000 +8.663702130e+001 +8.663702130e+001 +1.4719e+000 -1.6593e+000 +6.8738e-001 +3.7410e+000 +2.1306e+000
1336 +8.854767384e+000 +8.854767384e+000 +8.651476738e+001 +8.651476738e+001 +1.4984e+000 -1.6430e+000 +6.7204e-001 +3.7568e+000 +2.1424e+000
1368 +6.987224054e+000 +6.987224054e+000 +8.464722405e+001 +8.464722405e+001 +1.4235e+000 -1.6893e+000 +6.8947e-001 +3.7467e+000 +2.1352e+000
1434 +6.881703468e+000 +6.881703468e+000 +8.454170347e+001 +8.454170347e+001 +1.3618e+000 -1.6666e+000 +6.7945e-001 +3.7373e+000 +2.1651e+000
1442 +6.363885990e+000 +6.363885990e+000 +8.402388599e+001 +8.402388599e+001 +1.4383e+000 -1.6991e+000 +6.5952e-001 +3.7655e+000 +2.1602e+000
1454 +6.122579576e+000 +6.122579576e+000 +8.378257958e+001 +8.378257958e+001 +1.4228e+000 -1.6646e+000 +6.5449e-001 +3.7403e+000 +2.1587e+000
1465 +5.739189661e+000 +5.739189661e+000 +8.339918966e+001 +8.339918966e+001 +1.4159e+000 -1.6816e+000 +7.0138e-001 +3.7537e+000 +2.1602e+000
1501 +5.577254928e+000 +5.577254928e+000 +8.323725493e+001 +8.323725493e+001 +1.4076e+000 -1.6681e+000 +6.8731e-001 +3.7457e+000 +2.1564e+000
1802 +5.482288300e+000 +5.482288300e+000 +8.314228830e+001 +8.314228830e+001 +1.4087e+000 -1.6816e+000 +6.8753e-001 +3.7534e+000 +2.1506e+000
1868 +5.333421662e+000 +5.333421662e+000 +8.299342166e+001 +8.299342166e+001 +1.4068e+000 -1.6604e+000 +6.8218e-001 +3.7510e+000 +2.1504e+000
1920 +5.216227164e+000 +5.216227164e+000 +8.287622716e+001 +8.287622716e+001 +1.4006e+000 -1.6607e+000 +6.7721e-001 +3.7536e+000 +2.1509e+000
1938 +5.020049845e+000 +5.020049845e+000 +8.268004984e+001 +8.268004984e+001 +1.4030e+000 -1.6527e+000 +6.7347e-001 +3.7685e+000 +2.1529e+000
2006 +4.996640134e+000 +4.996640134e+000 +8.265664013e+001 +8.265664013e+001 +1.4020e+000 -1.6611e+000 +6.7975e-001 +3.7628e+000 +2.1535e+000
% function evaluation | noise-free fitness - Fopt (1.156800000000e+002) | best noise-free fitness - Fopt | measured fitness | best measured fitness | x1 | x2...
1 +2.457187506e+002 +2.457187506e+002 +3.613987506e+002 +3.613987506e+002 +0.0000e+000 +0.0000e+000 +0.0000e+000 +0.0000e+000 +0.0000e+000
105 +2.000850735e+002 +2.000850735e+002 +3.157650735e+002 +3.157650735e+002 -4.0953e+000 -4.4391e+000 -4.9268e+000 +4.0938e+000 +3.4676e+000
127 +1.786069618e+002 +1.786069618e+002 +2.942869618e+002 +2.942869618e+002 -4.0955e+000 -4.4901e+000 -4.8869e+000 +3.9920e+000 +3.4687e+000
138 +1.729789011e+002 +1.729789011e+002 +2.886589011e+002 +2.886589011e+002 -4.0969e+000 -4.4919e+000 -4.8441e+000 +4.0151e+000 +3.5125e+000
146 +1.669307805e+002 +1.669307805e+002 +2.826107805e+002 +2.826107805e+002 -4.0963e+000 -4.4984e+000 -4.9035e+000 +4.0260e+000 +3.2467e+000
158 +1.652654618e+002 +1.652654618e+002 +2.809454618e+002 +2.809454618e+002 -4.1171e+000 -4.4600e+000 -4.9243e+000 +4.0286e+000 +3.3208e+000
199 +1.575048110e+002 +1.575048110e+002 +2.731848110e+002 +2.731848110e+002 -4.0422e+000 -4.1326e+000 -4.8921e+000 +3.5094e+000 +3.6249e+000
255 +1.378398350e+002 +1.378398350e+002 +2.535198350e+002 +2.535198350e+002 -4.1423e+000 -3.0775e+000 -4.8984e+000 +3.0228e+000 +3.6336e+000
348 +1.156495757e+002 +1.156495757e+002 +2.313295757e+002 +2.313295757e+002 -4.0999e+000 -4.0455e+000 -2.8390e+000 +1.8418e+000 +3.3021e+000
438 +1.087867124e+002 +1.087867124e+002 +2.244667124e+002 +2.244667124e+002 -3.8575e+000 -1.6219e+000 -3.3040e+000 +3.5523e+000 +3.2731e+000
455 +1.064128386e+002 +1.064128386e+002 +2.220928386e+002 +2.220928386e+002 -3.7623e+000 -3.5099e+000 -1.8493e+000 +2.1532e+000 +3.5756e+000
474 +9.583786120e+001 +9.583786120e+001 +2.115178612e+002 +2.115178612e+002 -3.8270e+000 -3.3443e+000 -3.1150e+000 +2.6629e+000 +3.2750e+000
489 +8.749221320e+001 +8.749221320e+001 +2.031722132e+002 +2.031722132e+002 -4.0399e+000 -4.0067e+000 -1.2927e+000 +2.2235e+000 +3.4572e+000
505 +8.480575073e+001 +8.480575073e+001 +2.004857507e+002 +2.004857507e+002 -3.9722e+000 -3.4880e+000 -1.3639e+000 +2.5329e+000 +3.2716e+000
507 +7.873024297e+001 +7.873024297e+001 +1.944102430e+002 +1.944102430e+002 -4.1821e+000 -3.4450e+000 -1.2009e+000 +2.2508e+000 +3.2523e+000
533 +5.929209193e+001 +5.929209193e+001 +1.749720919e+002 +1.749720919e+002 -4.1952e+000 -1.5693e+000 -1.2933e+000 +3.5114e+000 +3.6407e+000
705 +5.019230090e+001 +5.019230090e+001 +1.658723009e+002 +1.658723009e+002 -4.3594e+000 +6.1934e-001 +3.0196e-001 +3.5298e+000 +3.5818e+000
717 +4.887098269e+001 +4.887098269e+001 +1.645509827e+002 +1.645509827e+002 -3.1367e+000 -1.8232e+000 -5.2078e-001 +3.0542e+000 +3.5624e+000
937 +4.006287739e+001 +4.006287739e+001 +1.557428774e+002 +1.557428774e+002 +1.5528e+000 -6.9712e-001 +2.9454e-001 +3.0503e+000 +3.5950e+000
954 +3.700898603e+001 +3.700898603e+001 +1.526889860e+002 +1.526889860e+002 +2.1296e+000 -6.9487e-001 +1.6469e-001 +2.7217e+000 +3.5080e+000
1019 +2.941714315e+001 +2.941714315e+001 +1.450971432e+002 +1.450971432e+002 -9.3124e-001 +2.2644e-001 -4.6351e-001 +2.7011e+000 +3.3018e+000
1787 +2.739828130e+001 +2.739828130e+001 +1.430782813e+002 +1.430782813e+002 +9.3288e-002 +5.7082e-001 -3.3162e-001 +3.0555e+000 +2.8320e+000
1873 +2.464125411e+001 +2.464125411e+001 +1.403212541e+002 +1.403212541e+002 +2.8113e-001 +4.6763e-001 -4.0774e-001 +3.0401e+000 +2.9946e+000
1888 +2.091710446e+001 +2.091710446e+001 +1.365971045e+002 +1.365971045e+002 +2.0900e+000 -1.2819e-001 -3.2396e-001 +2.7869e+000 +3.2546e+000
1895 +1.727655134e+001 +1.727655134e+001 +1.329565513e+002 +1.329565513e+002 +1.7786e-001 -5.0116e-002 -3.4198e-001 +3.0576e+000 +2.9103e+000
2294 +1.541023798e+001 +1.541023798e+001 +1.310902380e+002 +1.310902380e+002 +1.3176e+000 -9.9729e-001 -2.0871e-001 +2.6483e+000 +3.6036e+000
2584 +1.461026800e+001 +1.461026800e+001 +1.302902680e+002 +1.302902680e+002 +1.7212e-001 -9.0632e-001 -4.1555e-001 +3.0444e+000 +3.2610e+000
3635 +9.359974518e+000 +9.359974518e+000 +1.250399745e+002 +1.250399745e+002 +1.1567e+000 -1.8662e+000 -3.0239e-001 +3.1241e+000 +3.2839e+000
3684 +7.371999697e+000 +7.371999697e+000 +1.230519997e+002 +1.230519997e+002 +1.2396e+000 -1.7944e+000 -3.0874e-001 +3.0923e+000 +3.3204e+000
3740 +4.669672551e+000 +4.669672551e+000 +1.203496726e+002 +1.203496726e+002 +1.1445e+000 -9.9379e-001 -3.7283e-001 +3.0784e+000 +3.3130e+000
% function evaluation | noise-free fitness - Fopt (-3.710000000000e+000) | best noise-free fitness - Fopt | measured fitness | best measured fitness | x1 | x2...
1 +2.580895641e+002 +2.580895641e+002 +2.543795641e+002 +2.543795641e+002 +0.0000e+000 +0.0000e+000 +0.0000e+000 +0.0000e+000 +0.0000e+000
256 +2.536304662e+002 +2.536304662e+002 +2.499204662e+002 +2.499204662e+002 +3.9806e+000 +4.5488e-001 +1.7128e+000 +1.9903e-001 +6.6624e-001
301 +2.355131687e+002 +2.355131687e+002 +2.318031687e+002 +2.318031687e+002 +3.9484e+000 +1.7116e+000 +1.1763e+000 +1.0096e-002 +1.9887e+000
308 +2.214682392e+002 +2.214682392e+002 +2.177582392e+002 +2.177582392e+002 +3.9342e+000 -1.8164e+000 +8.3882e-001 -2.2363e-001 +2.1905e+000
339 +2.118404688e+002 +2.118404688e+002 +2.081304688e+002 +2.081304688e+002 +3.9875e+000 -3.2326e+000 +1.3436e+000 +1.7283e-001 +1.5587e+000
344 +1.313168598e+002 +1.313168598e+002 +1.276068598e+002 +1.276068598e+002 +3.8916e+000 -4.5649e+000 +1.7190e+000 +1.6777e+000 +2.1116e+000
402 +7.224398481e+001 +7.224398481e+001 +6.853398481e+001 +6.853398481e+001 +3.8111e+000 -2.0996e+000 +1.1894e+000 +3.0040e+000 +2.4299e+000
768 +4.627271438e+001 +4.627271438e+001 +4.256271438e+001 +4.256271438e+001 +3.4493e+000 -1.4505e+000 +1.1663e+000 +3.3233e+000 +2.8413e+000
1028 +3.668863321e+001 +3.668863321e+001 +3.297863321e+001 +3.297863321e+001 +3.5410e+000 -6.6483e-001 +1.1830e+000 +3.9623e+000 +2.3921e+000
1239 +2.810545084e+001 +2.810545084e+001 +2.439545084e+001 +2.439545084e+001 +3.4216e+000 -7.3061e-001 +1.0682e+000 +3.9126e+000 +2.8904e+000
1300 +2.737786399e+001 +2.737786399e+001 +2.366786399e+001 +2.366786399e+001 +3.2697e+000 -1.5703e+000 +1.7127e+000 +3.8863e+000 +2.8311e+000
1320 +2.384122906e+001 +2.384122906e+001 +2.013122906e+001 +2.013122906e+001 +3.3944e+000 -1.3857e+000 +1.2220e+000 +3.9507e+000 +2.8556e+000
1339 +1.415124095e+001 +1.415124095e+001 +1.044124095e+001 +1.044124095e+001 +3.3230e+000 -1.5150e+000 +1.1057e+000 +4.2901e+000 +2.8470e+000
1391 +1.376224941e+001 +1.376224941e+001 +1.005224941e+001 +1.005224941e+001 +3.0057e+000 -1.6000e+000 +1.2071e+000 +3.4307e+000 +2.8760e+000
1413 +1.030378369e+001 +1.030378369e+001 +6.593783689e+000 +6.593783689e+000 +3.0754e+000 -1.6136e+000 +1.2166e+000 +3.5341e+000 +2.8840e+000
1482 +1.003951835e+001 +1.003951835e+001 +6.329518354e+000 +6.329518354e+000 +3.0015e+000 -1.5959e+000 +1.2836e+000 +4.3582e+000 +2.8490e+000
1558 +7.282285803e+000 +7.282285803e+000 +3.572285803e+000 +3.572285803e+000 +3.1133e+000 -1.5520e+000 +1.2896e+000 +3.8901e+000 +2.8580e+000
1716 +5.942949953e+000 +5.942949953e+000 +2.232949953e+000 +2.232949953e+000 +3.0904e+000 -1.5489e+000 +1.2652e+000 +3.9339e+000 +2.8465e+000
1823 +5.577555430e+000 +5.577555430e+000 +1.867555430e+000 +1.867555430e+000 +3.0683e+000 -1.5785e+000 +1.2390e+000 +3.8997e+000 +2.8274e+000
1936 +5.282153846e+000 +5.282153846e+000 +1.572153846e+000 +1.572153846e+000 +3.1184e+000 -1.6326e+000 +1.2551e+000 +3.9013e+000 +2.8432e+000
2233 +4.856534860e+000 +4.856534860e+000 +1.146534860e+000 +1.146534860e+000 +3.0596e+000 -1.5612e+000 +1.2160e+000 +3.8984e+000 +2.8547e+000
2250 +3.907006608e+000 +3.907006608e+000 +1.970066077e-001 +1.970066077e-001 +3.0717e+000 -2.3114e+000 +1.2265e+000 +3.8985e+000 +2.8599e+000
2327 +3.765417456e+000 +3.765417456e+000 +5.541745648e-002 +5.541745648e-002 +3.0746e+000 -1.4540e+000 +1.2056e+000 +3.9001e+000 +2.8410e+000
2369 +3.396093335e+000 +3.396093335e+000 -3.139066646e-001 -3.139066646e-001 +3.0443e+000 -2.3038e+000 +1.1579e+000 +3.9037e+000 +2.8355e+000
3499 +3.264714318e+000 +3.264714318e+000 -4.452856818e-001 -4.452856818e-001 +3.1166e+000 -1.5142e+000 +1.1746e+000 +3.9163e+000 +2.8458e+000
3505 +3.158639358e+000 +3.158639358e+000 -5.513606418e-001 -5.513606418e-001 +3.1082e+000 -1.4586e+000 +1.1999e+000 +3.9137e+000 +2.8458e+000
3693 +3.024145648e+000 +3.024145648e+000 -6.858543517e-001 -6.858543517e-001 +3.1141e+000 -1.4748e+000 +1.1836e+000 +3.9109e+000 +2.8462e+000
3790 +3.013861474e+000 +3.013861474e+000 -6.961385262e-001 -6.961385262e-001 +3.1152e+000 -1.4734e+000 +1.1848e+000 +3.9086e+000 +2.8455e+000
% function evaluation | noise-free fitness - Fopt (1.321800000000e+002) | best noise-free fitness - Fopt | measured fitness | best measured fitness | x1 | x2...
1 +1.867275087e+002 +1.867275087e+002 +3.189075087e+002 +3.189075087e+002 +0.0000e+000 +0.0000e+000 +0.0000e+000 +0.0000e+000 +0.0000e+000
327 +1.551408396e+002 +1.551408396e+002 +2.873208396e+002 +2.873208396e+002 -3.3786e+000 +3.0939e+000 +3.9288e+000 -1.9085e+000 +1.2506e+000
354 +1.457045051e+002 +1.457045051e+002 +2.778845051e+002 +2.778845051e+002 -3.3002e+000 +1.3691e+000 +3.7659e+000 -1.9634e+000 +1.4025e+000
355 +8.372156625e+001 +8.372156625e+001 +2.159015662e+002 +2.159015662e+002 -3.2977e+000 +2.8771e+000 +3.6248e+000 -1.9174e+000 +2.1522e+000
391 +8.059372138e+001 +8.059372138e+001 +2.127737214e+002 +2.127737214e+002 -3.2036e+000 +2.4215e+000 +3.5176e+000 -1.9053e+000 +1.7775e+000
462 +6.985791761e+001 +6.985791761e+001 +2.020379176e+002 +2.020379176e+002 -3.5547e+000 +1.7399e+000 +3.3985e+000 -1.9299e+000 +2.4620e+000
488 +5.465431154e+001 +5.465431154e+001 +1.868343115e+002 +1.868343115e+002 +2.0584e+000 +3.6023e-001 +2.8403e+000 -1.9416e+000 +1.4695e+000
515 +4.756175681e+001 +4.756175681e+001 +1.797417568e+002 +1.797417568e+002 +1.7012e+000 +1.9658e+000 +3.0610e+000 -1.9556e+000 +2.2733e+000
531 +4.605175116e+001 +4.605175116e+001 +1.782317512e+002 +1.782317512e+002 +9.2216e-001 +1.2462e+000 +3.0373e+000 -1.9384e+000 +1.7796e+000
537 +4.318642626e+001 +4.318642626e+001 +1.753664263e+002 +1.753664263e+002 -1.5467e-001 +2.8756e+000 +3.0682e+000 -1.9326e+000 +2.4190e+000
545 +2.798013934e+001 +2.798013934e+001 +1.601601393e+002 +1.601601393e+002 -1.1401e-001 +2.0663e+000 +2.9512e+000 -1.9321e+000 +2.1705e+000
575 +2.603995291e+001 +2.603995291e+001 +1.582199529e+002 +1.582199529e+002 +2.1021e+000 +1.6135e+000 +2.8610e+000 -1.8864e+000 +2.4570e+000
613 +2.262480969e+001 +2.262480969e+001 +1.548048097e+002 +1.548048097e+002 +1.8518e+000 +2.3724e+000 +2.9261e+000 -1.9108e+000 +2.1168e+000
619 +2.220900126e+001 +2.220900126e+001 +1.543890013e+002 +1.543890013e+002 +3.9565e+000 +3.0366e+000 +2.8926e+000 -1.9289e+000 +2.1118e+000
620 +2.006599397e+001 +2.006599397e+001 +1.522459940e+002 +1.522459940e+002 +9.1524e-001 +2.3234e+000 +2.9313e+000 -1.9626e+000 +2.4847e+000
628 +1.252517760e+001 +1.252517760e+001 +1.447051776e+002 +1.447051776e+002 +1.7510e+000 +2.2728e+000 +2.9273e+000 -1.9314e+000 +1.8031e+000
726 +1.209884951e+001 +1.209884951e+001 +1.442788495e+002 +1.442788495e+002 +1.6617e+000 +2.1368e+000 +2.8427e+000 -1.9409e+000 +2.2018e+000
728 +1.057558858e+001 +1.057558858e+001 +1.427555886e+002 +1.427555886e+002 +1.9204e+000 +2.1453e+000 +2.8802e+000 -1.9335e+000 +2.1942e+000
1193 +1.016843063e+001 +1.016843063e+001 +1.423484306e+002 +1.423484306e+002 +1.8056e+000 +6.5453e-001 +2.9476e+000 -1.9541e+000 +2.2018e+000
1942 +9.600206185e+000 +9.600206185e+000 +1.417802062e+002 +1.417802062e+002 +2.8580e+000 +2.3599e+000 +2.8606e+000 -1.9536e+000 +2.1584e+000
2008 +8.359924327e+000 +8.359924327e+000 +1.405399243e+002 +1.405399243e+002 +2.7193e+000 +2.3569e+000 +2.8620e+000 -1.4970e+000 +2.1729e+000
2015 +5.549660796e+000 +5.549660796e+000 +1.377296608e+002 +1.377296608e+002 +2.8196e+000 +2.3227e+000 +2.8621e+000 -1.9817e+000 +2.1894e+000
3964 +5.037805880e+000 +5.037805880e+000 +1.372178059e+002 +1.372178059e+002 +3.7209e+000 +2.2047e+000 +2.8656e+000 -2.3653e+000 +2.1870e+000
6159 +4.469338147e+000 +4.469338147e+000 +1.366493381e+002 +1.366493381e+002 +2.8026e+000 +1.4926e+000 +2.9056e+000 -1.9465e+000 +2.1896e+000
6201 +4.170359819e+000 +4.170359819e+000 +1.363503598e+002 +1.363503598e+002 +2.7474e+000 +2.3000e+000 +2.8663e+000 -1.9612e+000 +2.1827e+000
6444 +4.151102929e+000 +4.151102929e+000 +1.363311029e+002 +1.363311029e+002 +2.7549e+000 +2.2879e+000 +2.8658e+000 -1.9631e+000 +2.1770e+000
6465 +4.041047806e+000 +4.041047806e+000 +1.362210478e+002 +1.362210478e+002 +2.7735e+000 +2.2913e+000 +2.8691e+000 -1.9670e+000 +2.1792e+000
6759 +3.980692825e+000 +3.980692825e+000 +1.361606928e+002 +1.361606928e+002 +2.7666e+000 +2.3021e+000 +2.8663e+000 -1.9651e+000 +2.1821e+000
% function evaluation | noise-free fitness - Fopt (6.438000000000e+001) | best noise-free fitness - Fopt | measured fitness | best measured fitness | x1 | x2...
1 +3.005416784e+002 +3.005416784e+002 +3.649216784e+002 +3.649216784e+002 +0.0000e+000 +0.0000e+000 +0.0000e+000 +0.0000e+000 +0.0000e+000
221 +2.830873912e+002 +2.830873912e+002 +3.474673912e+002 +3.474673912e+002 -1.1408e+000 -2.6459e+000 -2.1508e+000 +5.9669e-001 +3.1233e+000
231 +2.610659271e+002 +2.610659271e+002 +3.254459271e+002 +3.254459271e+002 -1.4432e+000 -2.5187e+000 -4.1963e+000 -3.7656e+000 +3.1367e+000
241 +2.360226309e+002 +2.360226309e+002 +3.004026309e+002 +3.004026309e+002 -1.2625e+000 -2.9545e+000 -4.1020e+000 -3.1563e+000 +2.9500e+000
253 +1.947299245e+002 +1.947299245e+002 +2.591099245e+002 +2.591099245e+002 -2.3303e+000 +9.1200e-001 -2.4769e+000 -1.1265e+000 +3.0743e+000
282 +1.898344550e+002 +1.898344550e+002 +2.542144550e+002 +2.542144550e+002 -7.5323e-001 -2.0839e+000 -2.8825e+000 -1.2454e+000 +3.3793e+000
286 +1.550775158e+002 +1.550775158e+002 +2.194575158e+002 +2.194575158e+002 -2.5680e+000 -4.6692e-003 -6.5227e-002 -1.2294e+000 +2.7850e+000
330 +1.454704028e+002 +1.454704028e+002 +2.098504028e+002 +2.098504028e+002 -1.6144e+000 +9.6331e-001 -2.0886e+000 -2.5993e+000 +2.9638e+000
350 +1.445223685e+002 +1.445223685e+002 +2.089023685e+002 +2.089023685e+002 +3.5219e+000 +2.3473e-002 -1.9323e+000 -3.6038e+000 +3.4105e+000
353 +1.262500597e+002 +1.262500597e+002 +1.906300597e+002 +1.906300597e+002 -2.6251e+000 +9.5345e-001 -1.5752e+000 -2.7180e+000 +3.1102e+000
360 +1.242188442e+002 +1.242188442e+002 +1.885988442e+002 +1.885988442e+002 +2.2611e+000 +2.7231e+000 -2.0900e+000 -2.5034e+000 +3.2016e+000
374 +1.101779299e+002 +1.101779299e+002 +1.745579299e+002 +1.745579299e+002 -9.8657e-001 -1.5090e-001 -7.0399e-001 -2.7286e+000 +3.4483e+000
379 +1.092066416e+002 +1.092066416e+002 +1.735866416e+002 +1.735866416e+002 -1.9537e+000 +1.6822e+000 -9.8425e-001 -4.2183e+000 +3.2992e+000
384 +9.699567066e+001 +9.699567066e+001 +1.613756707e+002 +1.613756707e+002 +5.2009e-001 +2.3430e-001 +2.4997e+000 -1.8569e+000 +3.1728e+000
403 +8.336636921e+001 +8.336636921e+001 +1.477463692e+002 +1.477463692e+002 +7.6444e-001 +8.7133e-001 -2.4372e-001 -2.8237e+000 +3.0590e+000
423 +8.156549286e+001 +8.156549286e+001 +1.459454929e+002 +1.459454929e+002 +7.4389e-001 +1.8715e+000 -3.3055e-001 -3.7194e+000 +3.1347e+000
427 +6.399462801e+001 +6.399462801e+001 +1.283746280e+002 +1.283746280e+002 -1.0520e+000 +2.5885e+000 -1.1257e-001 -3.2623e+000 +3.0781e+000
521 +6.273449723e+001 +6.273449723e+001 +1.271144972e+002 +1.271144972e+002 +1.8972e+000 +1.1914e+000 -9.0415e-002 -3.2926e+000 +2.7344e+000
537 +3.944359140e+001 +3.944359140e+001 +1.038235914e+002 +1.038235914e+002 +9.8234e-001 +3.4444e+000 +2.7639e-002 -4.0245e+000 +2.9508e+000
588 +3.802557117e+001 +3.802557117e+001 +1.024055712e+002 +1.024055712e+002 +1.9262e+000 +5.0036e+000 +1.8169e+000 -4.1758e+000 +2.9308e+000
611 +3.678087625e+001 +3.678087625e+001 +1.011608763e+002 +1.011608763e+002 +1.1479e+000 +3.9626e+000 +9.1813e-001 -4.4850e+000 +3.0222e+000
656 +3.335792520e+001 +3.335792520e+001 +9.773792520e+001 +9.773792520e+001 +1.1722e+000 +3.8920e+000 +7.3678e-001 -3.2977e+000 +3.0738e+000
676 +3.288422150e+001 +3.288422150e+001 +9.726422150e+001 +9.726422150e+001 +1.2814e+000 +4.1685e+000 +6.9010e-001 -3.7062e+000 +3.0350e+000
679 +3.224750884e+001 +3.224750884e+001 +9.662750884e+001 +9.662750884e+001 +1.1602e+000 +4.0538e+000 +8.8775e-001 -4.5429e+000 +3.0413e+000
694 +2.978269249e+001 +2.978269249e+001 +9.416269249e+001 +9.416269249e+001 +1.1930e+000 +4.0630e+000 +7.0755e-001 -4.1636e+000 +3.0083e+000
709 +2.772460255e+001 +2.772460255e+001 +9.210460255e+001 +9.210460255e+001 +1.3045e+000 +3.8829e+000 +7.6847e-001 -4.0890e+000 +3.0256e+000
715 +2.692600005e+001 +2.692600005e+001 +9.130600005e+001 +9.130600005e+001 +1.2574e+000 +4.0030e+000 +8.5380e-001 -4.0205e+000 +3.0060e+000
719 +2.141678360e+001 +2.141678360e+001 +8.579678360e+001 +8.579678360e+001 +1.1289e+000 +3.9975e+000 +7.5922e-001 -4.0985e+000 +2.9983e+000
787 +2.129519808e+001 +2.129519808e+001 +8.567519808e+001 +8.567519808e+001 +1.1440e+000 +3.9979e+000 +1.8891e+000 -4.0301e+000 +3.0300e+000
798 +2.023926869e+001 +2.023926869e+001 +8.461926869e+001 +8.461926869e+001 +1.1376e+000 +4.0097e+000 +1.2827e+000 -4.0835e+000 +2.9573e+000
807 +1.851067936e+001 +1.851067936e+001 +8.289067936e+001 +8.289067936e+001 +9.6970e-001 +4.0559e+000 +1.2279e+000 -4.0216e+000 +2.9592e+000
811 +1.438587468e+001 +1.438587468e+001 +7.876587468e+001 +7.876587468e+001 +1.0319e+000 +4.0303e+000 +1.6648e+000 -4.0434e+000 +2.9626e+000
858 +1.296977778e+001 +1.296977778e+001 +7.734977778e+001 +7.734977778e+001 +9.4474e-001 +4.1063e+000 +2.2870e+000 -4.0399e+000 +2.9905e+000
939 +1.189366765e+001 +1.189366765e+001 +7.627366765e+001 +7.627366765e+001 +1.0736e+000 +4.0792e+000 +1.7106e+000 -4.0562e+000 +2.9713e+000
1023 +1.140318715e+001 +1.140318715e+001 +7.578318715e+001 +7.578318715e+001 +1.0701e+000 +4.0714e+000 +1.7422e+000 -4.0708e+000 +2.9936e+000
1262 +1.100192895e+001 +1.100192895e+001 +7.538192895e+001 +7.538192895e+001 +1.0898e+000 +4.0770e+000 +1.7204e+000 -4.0495e+000 +3.0000e+000
1467 +1.096431730e+001 +1.096431730e+001 +7.534431730e+001 +7.534431730e+001 +1.0827e+000 +4.0745e+000 +1.7275e+000 -4.0537e+000 +2.9960e+000
% function evaluation | noise-free fitness - Fopt (2.824800000000e+002) | best noise-free fitness - Fopt | measured fitness | best measured fitness | x1 | x2...
1 +1.960923970e+002 +1.960923970e+002 +4.785723970e+002 +4.785723970e+002 +0.0000e+000 +0.0000e+000 +0.0000e+000 +0.0000e+000 +0.0000e+000
367 +1.870488084e+002 +1.870488084e+002 +4.695288084e+002 +4.695288084e+002 -4.8982e+000 -4.6688e+000 -5.1772e-001 -2.0245e+000 +1.8870e+000
391 +1.664673667e+002 +1.664673667e+002 +4.489473667e+002 +4.489473667e+002 +2.3207e-001 -4.5091e+000 +1.7469e-001 -1.6731e+000 +1.3520e+000
393 +1.573757149e+002 +1.573757149e+002 +4.398557149e+002 +4.398557149e+002 +2.6918e-001 -4.2966e+000 +1.4719e+000 -1.8139e+000 +3.4227e+000
402 +6.834518276e+001 +6.834518276e+001 +3.508251828e+002 +3.508251828e+002 +5.2865e-001 -4.5889e+000 +1.7683e-001 -9.5875e-001 +2.9015e+000
612 +5.485922158e+001 +5.485922158e+001 +3.373392216e+002 +3.373392216e+002 -6.4050e-001 -4.5607e+000 +1.1854e+000 -6.1271e-001 +2.5363e+000
737 +4.997833942e+001 +4.997833942e+001 +3.324583394e+002 +3.324583394e+002 -5.1759e-001 -4.1990e+000 +8.6858e-001 +2.9788e-001 +2.5729e+000
758 +4.894422380e+001 +4.894422380e+001 +3.314242238e+002 +3.314242238e+002 -5.4506e-001 -4.1024e+000 +1.1432e+000 +7.5598e-001 +2.3995e+000
765 +4.357544078e+001 +4.357544078e+001 +3.260554408e+002 +3.260554408e+002 -4.8251e-001 -4.6689e+000 +1.1280e+000 +4.7363e-001 +2.5978e+000
773 +3.968430507e+001 +3.968430507e+001 +3.221643051e+002 +3.221643051e+002 -5.1646e-001 -3.9909e+000 +1.0876e+000 -6.8297e-002 +2.9473e+000
774 +3.822794256e+001 +3.822794256e+001 +3.207079426e+002 +3.207079426e+002 -1.8516e-001 -4.6183e+000 +6.2715e-001 +1.1002e+000 +2.8642e+000
827 +3.498688010e+001 +3.498688010e+001 +3.174668801e+002 +3.174668801e+002 -4.2529e-001 -3.6441e+000 +1.0990e+000 +3.8670e-001 +3.2171e+000
864 +1.361679909e+001 +1.361679909e+001 +2.960967991e+002 +2.960967991e+002 -5.5349e-001 -3.3979e+000 +1.1627e+000 +6.7059e-001 +3.2325e+000
2237 +9.781987040e+000 +9.781987040e+000 +2.922619870e+002 +2.922619870e+002 -3.5354e-001 -2.6413e+000 +1.1994e+000 +1.1392e+000 +2.9060e+000
2350 +8.135781193e+000 +8.135781193e+000 +2.906157812e+002 +2.906157812e+002 +1.3912e+000 -2.5640e+000 +1.1966e+000 +1.5100e+000 +2.9308e+000
2419 +7.858584368e+000 +7.858584368e+000 +2.903385844e+002 +2.903385844e+002 +5.1520e-001 -2.6802e+000 +1.1773e+000 +1.5679e+000 +2.9509e+000
3041 +5.417093213e+000 +5.417093213e+000 +2.878970932e+002 +2.878970932e+002 +5.1111e-001 -2.7194e+000 +1.1848e+000 +1.5519e+000 +2.9154e+000
4492 +4.473428531e+000 +4.473428531e+000 +2.869534285e+002 +2.869534285e+002 +4.9644e-001 -2.5685e+000 +1.1640e+000 +1.5515e+000 +2.9238e+000
4586 +4.432183389e+000 +4.432183389e+000 +2.869121834e+002 +2.869121834e+002 +5.4678e-001 -2.5366e+000 +1.1697e+000 +1.5528e+000 +2.9235e+000
4707 +4.233657698e+000 +4.233657698e+000 +2.867136577e+002 +2.867136577e+002 +5.2762e-001 -2.5348e+000 +1.1985e+000 +1.5484e+000 +2.9129e+000
4909 +4.093836292e+000 +4.093836292e+000 +2.865738363e+002 +2.865738363e+002 +5.2415e-001 -2.5506e+000 +1.1902e+000 +1.5419e+000 +2.9148e+000
5064 +4.056692092e+000 +4.056692092e+000 +2.865366921e+002 +2.865366921e+002 +5.2944e-001 -2.5403e+000 +1.1887e+000 +1.5436e+000 +2.9170e+000
5596 +3.980095323e+000 +3.980095323e+000 +2.864600953e+002 +2.864600953e+002 +5.1885e-001 -2.5415e+000 +1.1796e+000 +1.5447e+000 +2.9189e+000
% function evaluation | noise-free fitness - Fopt (4.826100000000e+002) | best noise-free fitness - Fopt | measured fitness | best measured fitness | x1 | x2...
1 +1.430388634e+002 +1.430388634e+002 +6.256488634e+002 +6.256488634e+002 +0.0000e+000 +0.0000e+000 +0.0000e+000 +0.0000e+000 +0.0000e+000
302 +1.165508041e+002 +1.165508041e+002 +5.991608041e+002 +5.991608041e+002 -1.2913e+000 -1.9692e+000 -1.0662e+000 -4.9350e+000 +1.2366e+000
329 +1.094798525e+002 +1.094798525e+002 +5.920898525e+002 +5.920898525e+002 -1.1717e+000 -2.0500e+000 -1.9312e+000 -5.0793e+000 +9.9242e-001
354 +1.043279604e+002 +1.043279604e+002 +5.869379604e+002 +5.869379604e+002 -1.7409e+000 -1.9501e+000 -9.3276e-001 -4.6599e+000 +1.2258e+000
370 +9.193099301e+001 +9.193099301e+001 +5.745409930e+002 +5.745409930e+002 -1.2677e+000 -2.2532e+000 +7.9571e-001 -4.3725e+000 +9.8932e-001
416 +9.016185654e+001 +9.016185654e+001 +5.727718565e+002 +5.727718565e+002 -1.4024e+000 -2.1218e+000 +9.6677e-001 -4.4912e+000 +1.2282e+000
425 +7.679531064e+001 +7.679531064e+001 +5.594053106e+002 +5.594053106e+002 -1.8234e+000 -6.6531e-002 +1.4838e+000 -4.6082e+000 +1.0136e+000
441 +6.817648210e+001 +6.817648210e+001 +5.507864821e+002 +5.507864821e+002 -1.2367e+000 -1.2014e+000 +6.0195e-001 -4.5351e+000 +9.8344e-001
447 +6.231753097e+001 +6.231753097e+001 +5.449275310e+002 +5.449275310e+002 -1.4546e+000 +4.3867e-001 -1.1495e-001 -4.6621e+000 +1.2140e+000
450 +5.995367852e+001 +5.995367852e+001 +5.425636785e+002 +5.425636785e+002 -1.6222e+000 +2.5721e-001 +3.1876e-001 -4.6590e+000 +1.0326e+000
547 +5.185467378e+001 +5.185467378e+001 +5.344646738e+002 +5.344646738e+002 -1.2337e+000 +1.0578e+000 +9.0568e-001 -3.7528e+000 +1.3831e+000
616 +4.575881369e+001 +4.575881369e+001 +5.283688137e+002 +5.283688137e+002 -1.2287e+000 +1.7067e+000 +6.2670e-001 -4.3351e+000 +1.2827e+000
656 +4.476468217e+001 +4.476468217e+001 +5.273746822e+002 +5.273746822e+002 -1.0967e+000 +2.3924e+000 +4.0491e-001 -4.5789e+000 +1.3138e+000
680 +3.255362235e+001 +3.255362235e+001 +5.151636224e+002 +5.151636224e+002 -1.2314e+000 +2.4967e+000 +7.8352e-001 -4.5573e+000 +1.3132e+000
705 +2.576079246e+001 +2.576079246e+001 +5.083707925e+002 +5.083707925e+002 -1.3639e+000 +2.6856e+000 +8.6012e-001 -4.2030e+000 +1.2706e+000
805 +2.096693817e+001 +2.096693817e+001 +5.035769382e+002 +5.035769382e+002 -1.1160e+000 +2.6109e+000 +8.1071e-001 -4.2859e+000 +1.2892e+000
893 +2.053340676e+001 +2.053340676e+001 +5.031434068e+002 +5.031434068e+002 -1.0271e+000 +2.4540e+000 +8.7105e-001 -4.2419e+000 +1.2671e+000
948 +1.844177993e+001 +1.844177993e+001 +5.010517799e+002 +5.010517799e+002 -2.7439e-001 +3.2998e+000 +9.1752e-001 -4.2193e+000 +1.2583e+000
989 +1.668380559e+001 +1.668380559e+001 +4.992938056e+002 +4.992938056e+002 -1.2200e+000 +2.5653e+000 +8.8012e-001 -4.2181e+000 +1.2919e+000
1416 +1.181426262e+001 +1.181426262e+001 +4.944242626e+002 +4.944242626e+002 -1.0677e+000 +3.3356e+000 +8.3126e-001 -2.6092e+000 +1.2485e+000
1658 +1.159144441e+001 +1.159144441e+001 +4.942014444e+002 +4.942014444e+002 -1.2057e+000 +3.2843e+000 +3.6692e-001 -2.6171e+000 +1.2884e+000
1910 +5.222330090e+000 +5.222330090e+000 +4.878323301e+002 +4.878323301e+002 -1.4686e-001 +2.5890e+000 +8.5878e-001 -3.0594e+000 +1.2697e+000
2709 +4.131707201e+000 +4.131707201e+000 +4.867417072e+002 +4.867417072e+002 -2.1324e-001 +3.3693e+000 +8.5020e-001 -3.0213e+000 +1.2887e+000
2853 +3.069829231e+000 +3.069829231e+000 +4.856798292e+002 +4.856798292e+002 -2.2494e-001 +2.5569e+000 +8.2840e-001 -3.0566e+000 +1.2669e+000
4932 +2.904792687e+000 +2.904792687e+000 +4.855147927e+002 +4.855147927e+002 -2.2697e-001 +2.5412e+000 +8.1580e-001 -3.0541e+000 +1.2697e+000
4955 +2.868814179e+000 +2.868814179e+000 +4.854788142e+002 +4.854788142e+002 -2.1460e-001 +2.5575e+000 +8.5818e-001 -3.0521e+000 +1.2728e+000
4990 +2.745629127e+000 +2.745629127e+000 +4.853556291e+002 +4.853556291e+002 -1.8027e-001 +2.5361e+000 +8.0855e-001 -3.0526e+000 +1.2809e+000
5007 +2.657528686e+000 +2.657528686e+000 +4.852675287e+002 +4.852675287e+002 -2.1473e-001 +2.5667e+000 +8.0257e-001 -3.0556e+000 +1.2759e+000
5023 +2.554340663e+000 +2.554340663e+000 +4.851643407e+002 +4.851643407e+002 -2.0654e-001 +2.5400e+000 +8.1366e-001 -3.0575e+000 +1.2755e+000
5027 +2.418777553e+000 +2.418777553e+000 +4.850287776e+002 +4.850287776e+002 -2.0535e-001 +2.5503e+000 +8.2856e-001 -3.0501e+000 +1.2757e+000
5065 +2.353496892e+000 +2.353496892e+000 +4.849634969e+002 +4.849634969e+002 -2.1024e-001 +2.5455e+000 +8.2101e-001 -3.0590e+000 +1.2776e+000
5080 +2.202749251e+000 +2.202749251e+000 +4.848127493e+002 +4.848127493e+002 -2.1876e-001 +2.5533e+000 +8.2689e-001 -3.0529e+000 +1.2791e+000
5110 +2.140458104e+000 +2.140458104e+000 +4.847504581e+002 +4.847504581e+002 -2.1725e-001 +2.5418e+000 +8.2639e-001 -3.0512e+000 +1.2812e+000
5133 +2.058692878e+000 +2.058692878e+000 +4.846686929e+002 +4.846686929e+002 -2.0704e-001 +2.5424e+000 +8.2553e-001 -3.0553e+000 +1.2884e+000
5185 +2.032854435e+000 +2.032854435e+000 +4.846428544e+002 +4.846428544e+002 -2.1448e-001 +2.5463e+000 +8.2251e-001 -3.0528e+000 +1.2862e+000
5330 +1.993473015e+000 +1.993473015e+000 +4.846034730e+002 +4.846034730e+002 -2.1584e-001 +2.5488e+000 +8.2684e-001 -3.0516e+000 +1.2896e+000
% function evaluation | noise-free fitness - Fopt (7.177000000000e+001) | best noise-free fitness - Fopt | measured fitness | best measured fitness | x1 | x2...
1 +9.181556655e+001 +9.181556655e+001 +1.635855666e+002 +1.635855666e+002 +0.0000e+000 +0.0000e+000 +0.0000e+000 +0.0000e+000 +0.0000e+000
338 +7.826381344e+001 +7.826381344e+001 +1.500338134e+002 +1.500338134e+002 +2.3165e+000 +9.4865e-001 -2.3930e+000 +1.2839e+000 +1.2488e+000
343 +4.131190313e+001 +4.131190313e+001 +1.130819031e+002 +1.130819031e+002 +2.0163e+000 +8.7759e-001 +1.3429e+000 -4.7389e-002 +8.1020e-001
506 +3.372470004e+001 +3.372470004e+001 +1.054947000e+002 +1.054947000e+002 +1.2648e+000 +8.5419e-001 +8.5193e-001 +1.0712e+000 +1.1168e+000
659 +2.866905857e+001 +2.866905857e+001 +1.004390586e+002 +1.004390586e+002 +2.0820e+000 +1.0755e+000 +8.0506e-001 +1.7809e+000 +1.1157e+000
830 +2.503156708e+001 +2.503156708e+001 +9.680156708e+001 +9.680156708e+001 +1.3737e+000 +1.0307e+000 +9.0120e-001 +4.2487e-001 +6.5458e-001
866 +2.188284202e+001 +2.188284202e+001 +9.365284202e+001 +9.365284202e+001 +2.1941e+000 +1.0807e+000 +9.8458e-001 +1.6786e+000 +1.3842e+000
875 +2.087349042e+001 +2.087349042e+001 +9.264349042e+001 +9.264349042e+001 +1.2432e+000 +2.6671e+000 +1.4909e+000 +1.7279e+000 +7.6297e-001
1052 +2.015156996e+001 +2.015156996e+001 +9.192156996e+001 +9.192156996e+001 +2.0912e+000 +2.5879e+000 +7.2956e-001 +8.1976e-001 +1.1605e+000
1082 +1.565524688e+001 +1.565524688e+001 +8.742524688e+001 +8.742524688e+001 +2.3733e+000 +2.4871e+000 +7.7764e-001 +4.3836e-001 +1.1055e+000
1096 +1.312444234e+001 +1.312444234e+001 +8.489444234e+001 +8.489444234e+001 +1.2317e+000 +3.4367e+000 +8.9315e-001 +4.4133e-001 +1.1166e+000
1253 +1.058804781e+001 +1.058804781e+001 +8.235804781e+001 +8.235804781e+001 +2.2934e+000 +2.6344e+000 +8.5373e-001 +4.3083e-001 +1.0827e+000
1282 +8.390866536e+000 +8.390866536e+000 +8.016086654e+001 +8.016086654e+001 +2.1621e+000 +2.4781e+000 +8.8926e-001 +4.0481e-001 +1.1048e+000
1288 +8.057437834e+000 +8.057437834e+000 +7.982743783e+001 +7.982743783e+001 +2.2327e+000 +2.5602e+000 +8.4672e-001 +4.4424e-001 +1.0977e+000
1295 +7.822224963e+000 +7.822224963e+000 +7.959222496e+001 +7.959222496e+001 +2.1639e+000 +2.5756e+000 +8.7619e-001 +4.2558e-001 +1.1321e+000
1328 +5.701173176e+000 +5.701173176e+000 +7.747117318e+001 +7.747117318e+001 +2.1997e+000 +2.6035e+000 +8.4862e-001 +3.8562e-001 +1.1172e+000
% function evaluation | noise-free fitness - Fopt (8.448800000000e+002) | best noise-free fitness - Fopt | measured fitness | best measured fitness | x1 | x2...
1 +2.296446648e+002 +2.296446648e+002 +1.074524665e+003 +1.074524665e+003 +0.0000e+000 +0.0000e+000 +0.0000e+000 +0.0000e+000 +0.0000e+000
169 +1.910447216e+002 +1.910447216e+002 +1.035924722e+003 +1.035924722e+003 -1.6336e+000 -9.6084e-001 +1.6640e+000 -3.2149e+000 +1.6162e+000
218 +1.683848723e+002 +1.683848723e+002 +1.013264872e+003 +1.013264872e+003 -1.7294e+000 -9.5303e-001 +2.2027e+000 -3.1776e+000 +2.0646e+000
233 +1.438146597e+002 +1.438146597e+002 +9.886946597e+002 +9.886946597e+002 -2.2628e+000 -9.6032e-001 +2.6140e+000 -3.0468e+000 +3.4967e+000
252 +1.300498125e+002 +1.300498125e+002 +9.749298125e+002 +9.749298125e+002 -1.8406e+000 -9.9405e-001 +1.8626e+000 -3.1370e+000 +2.7462e+000
257 +1.233296948e+002 +1.233296948e+002 +9.682096948e+002 +9.682096948e+002 -1.9596e+000 -1.0055e+000 +2.5869e+000 -3.1773e+000 +2.6498e+000
296 +1.167228412e+002 +1.167228412e+002 +9.616028412e+002 +9.616028412e+002 -1.6612e+000 -9.7963e-001 +2.4897e+000 -2.7960e+000 +2.1913e+000
330 +1.139105035e+002 +1.139105035e+002 +9.587905035e+002 +9.587905035e+002 -1.9927e+000 -9.6663e-001 +3.6014e+000 -3.0690e+000 +3.3933e+000
365 +1.010258634e+002 +1.010258634e+002 +9.459058634e+002 +9.459058634e+002 -1.8780e+000 -9.1443e-001 +2.5119e+000 -3.1321e+000 +3.0717e+000
417 +9.766461598e+001 +9.766461598e+001 +9.425446160e+002 +9.425446160e+002 +2.0529e-001 -9.4082e-001 +2.9177e+000 -3.1064e+000 +2.4414e+000
433 +9.310304787e+001 +9.310304787e+001 +9.379830479e+002 +9.379830479e+002 +1.3267e+000 -8.4404e-001 +2.0683e+000 -3.0850e+000 +2.7498e+000
528 +8.469888774e+001 +8.469888774e+001 +9.295788877e+002 +9.295788877e+002 +1.6083e-001 -8.5769e-001 +2.0542e+000 -2.6284e+000 +3.3183e+000
590 +7.169598399e+001 +7.169598399e+001 +9.165759840e+002 +9.165759840e+002 +1.5975e-002 -8.9255e-001 +2.7917e+000 -1.6422e+000 +2.7041e+000
591 +6.509904458e+001 +6.509904458e+001 +9.099790446e+002 +9.099790446e+002 +2.1622e+000 -9.8524e-001 +3.1055e+000 -1.1316e+000 +2.4745e+000
667 +3.956264853e+001 +3.956264853e+001 +8.844426485e+002 +8.844426485e+002 +1.1483e+000 -8.8517e-001 +2.9441e+000 -5.8681e-001 +2.5374e+000
762 +2.782178355e+001 +2.782178355e+001 +8.727017835e+002 +8.727017835e+002 +6.0215e-003 +5.1244e-001 +2.8214e+000 -1.8731e-001 +3.0702e+000
1108 +2.677335734e+001 +2.677335734e+001 +8.716533573e+002 +8.716533573e+002 +2.3878e+000 +1.9211e+000 +2.9625e+000 +7.0829e-001 +2.7072e+000
1649 +2.249848224e+001 +2.249848224e+001 +8.673784822e+002 +8.673784822e+002 +2.8447e+000 +6.4768e-001 +3.0182e+000 +2.7919e-001 +3.0618e+000
1755 +2.159048994e+001 +2.159048994e+001 +8.664704899e+002 +8.664704899e+002 +3.3601e+000 +5.0972e-001 +2.8587e+000 -1.6229e-001 +3.0044e+000
1767 +1.851629529e+001 +1.851629529e+001 +8.633962953e+002 +8.633962953e+002 +2.2324e+000 -1.9514e-001 +2.5353e+000 +2.2076e-001 +3.0380e+000
1900 +9.350199118e+000 +9.350199118e+000 +8.542301991e+002 +8.542301991e+002 +1.2781e+000 +1.2305e+000 +2.9410e+000 +3.0265e-001 +3.0518e+000
2340 +8.739694421e+000 +8.739694421e+000 +8.536196944e+002 +8.536196944e+002 +1.1909e+000 +4.6084e-001 +3.0241e+000 +2.8734e-001 +3.0799e+000
2997 +7.419975900e+000 +7.419975900e+000 +8.522999759e+002 +8.522999759e+002 +1.1617e+000 +4.8453e-001 +2.9350e+000 +2.7279e-001 +3.0444e+000
3106 +6.184834372e+000 +6.184834372e+000 +8.510648344e+002 +8.510648344e+002 +1.1758e+000 +5.2228e-001 +2.9790e+000 +2.8148e-001 +3.0565e+000
3210 +6.161442329e+000 +6.161442329e+000 +8.510414423e+002 +8.510414423e+002 +1.2187e+000 +5.0143e-001 +2.9802e+000 +2.7161e-001 +3.0497e+000
3283 +6.025574937e+000 +6.025574937e+000 +8.509055749e+002 +8.509055749e+002 +1.1948e+000 +4.9969e-001 +2.9977e+000 +2.7736e-001 +3.0528e+000
% function evaluation | noise-free fitness - Fopt (-4.222000000000e+001) | best noise-free fitness - Fopt | measured fitness | best measured fitness | x1 | x2...
1 +1.518624990e+002 +1.518624990e+002 +1.096424990e+002 +1.096424990e+002 +0.0000e+000 +0.0000e+000 +0.0000e+000 +0.0000e+000 +0.0000e+000
652 +1.500886738e+002 +1.500886738e+002 +1.078686738e+002 +1.078686738e+002 +1.4317e+000 -2.9464e+000 +4.7250e-001 -5.4444e-002 -1.0459e+000
671 +1.343119181e+002 +1.343119181e+002 +9.209191808e+001 +9.209191808e+001 +3.2900e-001 -3.9503e+000 +4.5414e-001 +5.8018e-001 -9.5785e-001
674 +1.174936621e+002 +1.174936621e+002 +7.527366215e+001 +7.527366215e+001 +2.9293e-001 -4.2031e+000 +4.6933e-001 -2.7698e-001 -2.2727e-001
688 +8.490733588e+001 +8.490733588e+001 +4.268733588e+001 +4.268733588e+001 +8.3754e-001 -2.5989e+000 +4.6439e-001 -2.5489e-001 -8.0834e-005
695 +4.702506403e+001 +4.702506403e+001 +4.805064027e+000 +4.805064027e+000 +3.7811e-001 -2.5478e+000 +4.7639e-001 -7.3811e-001 +1.5952e+000
808 +3.994606002e+001 +3.994606002e+001 -2.273939980e+000 -2.273939980e+000 +5.9402e-001 -2.6441e+000 +3.0143e-001 +1.8766e-001 +1.2226e+000
878 +3.309071144e+001 +3.309071144e+001 -9.129288559e+000 -9.129288559e+000 +4.9696e-001 -2.3636e+000 +4.7859e-001 -2.5624e-001 +1.6006e+000
922 +2.660991672e+001 +2.660991672e+001 -1.561008328e+001 -1.561008328e+001 +5.4879e-001 -3.2534e+000 +6.0957e-001 -2.9364e-001 +1.8341e+000
1018 +1.842983704e+001 +1.842983704e+001 -2.379016296e+001 -2.379016296e+001 +5.2420e-001 -3.1496e+000 +9.2550e-001 -3.0699e-001 +1.8038e+000
1626 +1.347866667e+001 +1.347866667e+001 -2.874133333e+001 -2.874133333e+001 +6.3019e-001 -3.0997e+000 +1.4040e+000 -3.7337e-001 +1.8463e+000
1644 +7.358790153e+000 +7.358790153e+000 -3.486120985e+001 -3.486120985e+001 +6.0334e-001 -3.8737e+000 +1.3886e+000 -2.9718e-001 +1.8834e+000
6362 +6.819287063e+000 +6.819287063e+000 -3.540071294e+001 -3.540071294e+001 +5.5566e-001 -3.0930e+000 +1.4374e+000 -2.4498e-001 +1.8499e+000
% function evaluation | noise-free fitness - Fopt (-9.179000000000e+001) | best noise-free fitness - Fopt | measured fitness | best measured fitness | x1 | x2...
1 +2.475668759e+002 +2.475668759e+002 +1.557768759e+002 +1.557768759e+002 +0.0000e+000 +0.0000e+000 +0.0000e+000 +0.0000e+000 +0.0000e+000
155 +2.361121094e+002 +2.361121094e+002 +1.443221094e+002 +1.443221094e+002 +1.1529e+000 -1.8038e+000 +1.6841e+000 -3.9516e+000 +3.8475e+000
170 +1.096486701e+002 +1.096486701e+002 +1.785867008e+001 +1.785867008e+001 +2.6927e-001 -1.8046e+000 +1.6730e+000 -3.9463e+000 +3.8092e+000
182 +8.444043757e+001 +8.444043757e+001 -7.349562430e+000 -7.349562430e+000 -8.5155e-001 -1.8376e+000 +1.6761e+000 -3.9610e+000 +3.9438e+000
209 +7.239905734e+001 +7.239905734e+001 -1.939094266e+001 -1.939094266e+001 -1.0279e+000 -1.8058e+000 +1.6797e+000 -3.6960e+000 +3.6576e+000
260 +6.958822172e+001 +6.958822172e+001 -2.220177828e+001 -2.220177828e+001 -1.0108e+000 -1.7748e+000 +1.6840e+000 -2.2330e+000 +3.6956e+000
331 +6.636573784e+001 +6.636573784e+001 -2.542426216e+001 -2.542426216e+001 -1.0079e+000 +5.7289e-001 +1.6661e+000 -4.2269e+000 +4.0028e+000
344 +5.645895676e+001 +5.645895676e+001 -3.533104324e+001 -3.533104324e+001 -1.6818e+000 -1.7592e+000 +1.7010e+000 -3.2291e+000 +3.6276e+000
372 +5.359657096e+001 +5.359657096e+001 -3.819342904e+001 -3.819342904e+001 -7.3227e-002 -7.9658e-001 +2.2990e+000 -3.2395e+000 +3.4144e+000
433 +4.909013059e+001 +4.909013059e+001 -4.269986941e+001 -4.269986941e+001 -1.9788e+000 +4.7991e-001 +1.8705e+000 -3.1126e+000 +3.5709e+000
436 +3.700554704e+001 +3.700554704e+001 -5.478445296e+001 -5.478445296e+001 -1.8028e+000 +4.4993e-001 +1.9757e+000 -2.3518e+000 +3.3046e+000
550 +3.342563632e+001 +3.342563632e+001 -5.836436368e+001 -5.836436368e+001 -1.6833e+000 +1.8977e+000 +2.3920e+000 -2.4910e+000 +2.9900e+000
580 +2.774008787e+001 +2.774008787e+001 -6.404991213e+001 -6.404991213e+001 -1.8074e+000 +5.6425e-001 +2.8642e+000 -2.2796e+000 +3.6329e+000
593 +2.610799728e+001 +2.610799728e+001 -6.568200272e+001 -6.568200272e+001 -2.0001e+000 +2.8007e+000 +2.7460e+000 -2.5508e+000 +3.6715e+000
597 +2.518348483e+001 +2.518348483e+001 -6.660651517e+001 -6.660651517e+001 -1.8281e+000 +6.1539e-001 +2.7062e+000 -2.8778e+000 +3.6073e+000
814 +2.468524266e+001 +2.468524266e+001 -6.710475734e+001 -6.710475734e+001 -2.0233e+000 +1.4003e+000 +2.7233e+000 -2.4274e+000 +2.9654e+000
1117 +1.646543938e+001 +1.646543938e+001 -7.532456062e+001 -7.532456062e+001 -9.5181e-001 +1.5088e+000 +2.8350e+000 -2.0401e+000 +3.2401e+000
1647 +1.568084175e+001 +1.568084175e+001 -7.610915825e+001 -7.610915825e+001 -1.9603e+000 +1.1837e+000 +2.8561e+000 -1.9994e+000 +3.6195e+000
1995 +1.405668627e+001 +1.405668627e+001 -7.773331373e+001 -7.773331373e+001 -1.7865e+000 +5.0533e-001 +2.7948e+000 -2.0445e+000 +3.2275e+000
2179 +1.323201333e+001 +1.323201333e+001 -7.855798667e+001 -7.855798667e+001 -1.8311e+000 +4.5696e-003 +2.8122e+000 -2.0537e+000 +3.6614e+000
2205 +8.226510357e+000 +8.226510357e+000 -8.356348964e+001 -8.356348964e+001 -1.9073e+000 +4.5808e-001 +2.8267e+000 -2.0236e+000 +3.9412e+000
3004 +7.087000504e+000 +7.087000504e+000 -8.470299950e+001 -8.470299950e+001 -1.8775e+000 +1.2743e+000 +2.8389e+000 -2.0310e+000 +3.6438e+000
3051 +6.607298125e+000 +6.607298125e+000 -8.518270187e+001 -8.518270187e+001 -1.9333e+000 +1.3333e+000 +2.8458e+000 -2.0397e+000 +3.6270e+000
% function evaluation | noise-free fitness - Fopt (-1.277000000000e+001) | best noise-free fitness - Fopt | measured fitness | best measured fitness | x1 | x2...
1 +1.267747535e+002 +1.267747535e+002 +1.140047535e+002 +1.140047535e+002 +0.0000e+000 +0.0000e+000 +0.0000e+000 +0.0000e+000 +0.0000e+000
% function evaluation | noise-free fitness - Fopt (-1.000000000000e+003) | best noise-free fitness - Fopt | measured fitness | best measured fitness | x1 | x2...
1 +1.069906532e+002 +1.069906532e+002 -8.930093468e+002 -8.930093468e+002 +0.0000e+000 +0.0000e+000 +0.0000e+000 +0.0000e+000 +0.0000e+000
354 +1.045221794e+002 +1.045221794e+002 -8.954778206e+002 -8.954778206e+002 -3.9515e+000 -2.7134e+000 +2.4822e+000 -2.8915e+000 +9.9629e-001
387 +8.777814322e+001 +8.777814322e+001 -9.122218568e+002 -9.122218568e+002 -3.9524e+000 -5.6768e-001 +2.0006e+000 -2.5327e+000 +1.0902e+000
427 +7.773094555e+001 +7.773094555e+001 -9.222690544e+002 -9.222690544e+002 -3.9524e+000 -7.9241e-001 +2.0248e+000 -1.9830e+000 +1.1150e+000
445 +4.671920588e+001 +4.671920588e+001 -9.532807941e+002 -9.532807941e+002 -3.9506e+000 -1.9902e+000 +2.5072e+000 -6.8274e-001 +1.1711e+000
515 +4.438122551e+001 +4.438122551e+001 -9.556187745e+002 -9.556187745e+002 -3.9494e+000 -1.9278e+000 +1.8369e+000 -7.3197e-001 +1.0853e+000
629 +3.824383770e+001 +3.824383770e+001 -9.617561623e+002 -9.617561623e+002 -3.9490e+000 -2.1155e+000 +2.0379e+000 -6.8985e-001 +1.1162e+000
946 +3.461223753e+001 +3.461223753e+001 -9.653877625e+002 -9.653877625e+002 -3.9548e+000 -2.1310e+000 +1.9847e+000 +1.5583e-001 +7.1388e-001
2052 +3.027030740e+001 +3.027030740e+001 -9.697296926e+002 -9.697296926e+002 -4.0421e+000 -3.6165e+000 +1.9138e+000 +1.7412e-001 +1.0955e+000
2328 +2.286657093e+001 +2.286657093e+001 -9.771334291e+002 -9.771334291e+002 -6.3615e-002 -3.3208e+000 +1.9794e+000 +9.9810e-002 +1.1017e+000
2360 +2.128737739e+001 +2.128737739e+001 -9.787126226e+002 -9.787126226e+002 -7.0404e-001 -2.8956e+000 +1.9606e+000 +2.1434e-001 +1.1412e+000
2435 +1.464659439e+001 +1.464659439e+001 -9.853534056e+002 -9.853534056e+002 -8.7323e-002 -1.2428e+000 +1.5224e+000 +1.3947e-001 +1.0978e+000
2629 +1.016609203e+001 +1.016609203e+001 -9.898339080e+002 -9.898339080e+002 +4.9757e-002 -2.8082e+000 +2.0378e+000 +1.7984e-001 +1.1512e+000
3275 +8.868478278e+000 +8.868478278e+000 -9.911315217e+002 -9.911315217e+002 +2.0959e-002 -2.1153e+000 +2.0055e+000 +1.6722e-001 +1.1451e+000
3503 +8.500094455e+000 +8.500094455e+000 -9.914999055e+002 -9.914999055e+002 +7.3592e-002 -1.9988e+000 +1.9015e+000 +1.6521e-001 +1.1112e+000
3871 +6.703512634e+000 +6.703512634e+000 -9.932964874e+002 -9.932964874e+002 +2.9584e-002 -2.8315e+000 +2.0278e+000 +1.7517e-001 +1.0768e+000
3982 +5.392334900e+000 +5.392334900e+000 -9.946076651e+002 -9.946076651e+002 -4.4006e-002 -2.7971e+000 +1.9359e+000 +1.9460e-001 +1.1126e+000
4164 +5.141147142e+000 +5.141147142e+000 -9.948588529e+002 -9.948588529e+002 +5.5896e-002 -2.8019e+000 +1.9919e+000 +1.7668e-001 +1.3884e+000
4495 +4.243687836e+000 +4.243687836e+000 -9.957563122e+002 -9.957563122e+002 +1.1652e-002 -2.7683e+000 +1.9688e+000 +1.3567e-001 +1.1014e+000
4523 +3.244993413e+000 +3.244993413e+000 -9.967550066e+002 -9.967550066e+002 -1.6891e-002 -2.7874e+000 +1.9649e+000 +1.6806e-001 +1.1045e+000
4732 +3.189092716e+000 +3.189092716e+000 -9.968109073e+002 -9.968109073e+002 +6.6853e-003 -2.8209e+000 +1.9766e+000 +1.6566e-001 +1.1067e+000
4746 +3.132415659e+000 +3.132415659e+000 -9.968675843e+002 -9.968675843e+002 -3.7791e-003 -2.8216e+000 +1.9765e+000 +1.6481e-001 +1.1074e+000
4857 +3.036786933e+000 +3.036786933e+000 -9.969632131e+002 -9.969632131e+002 -3.2520e-003 -2.8032e+000 +1.9803e+000 +1.6211e-001 +1.1011e+000
4876 +3.001557658e+000 +3.001557658e+000 -9.969984423e+002 -9.969984423e+002 -6.7594e-003 -2.8089e+000 +1.9785e+000 +1.6235e-001 +1.1040e+000
% function evaluation | noise-free fitness - Fopt (-1.000000000000e+003) | best noise-free fitness - Fopt | measured fitness | best measured fitness | x1 | x2...
1 +1.240986520e+002 +1.240986520e+002 -8.759013480e+002 -8.759013480e+002 +0.0000e+000 +0.0000e+000 +0.0000e+000 +0.0000e+000 +0.0000e+000
2483 +1.127268710e+002 +1.127268710e+002 -8.872731290e+002 -8.872731290e+002 +1.2704e+000 +1.5530e+000 +1.3951e+000 +3.4810e+000 -2.1885e+000
2541 +1.041476170e+002 +1.041476170e+002 -8.958523830e+002 -8.958523830e+002 +1.8304e+000 +1.4485e+000 +9.9690e-001 +3.5335e+000 -1.8811e+000
2568 +9.236574801e+001 +9.236574801e+001 -9.076342520e+002 -9.076342520e+002 +5.1413e-002 +1.3700e+000 +9.7637e-001 +3.5155e+000 -2.0881e+000
2705 +8.103800318e+001 +8.103800318e+001 -9.189619968e+002 -9.189619968e+002 +1.0964e-001 +1.5502e+000 +8.8334e-001 +3.3849e+000 -1.8061e+000
2786 +7.397659677e+001 +7.397659677e+001 -9.260234032e+002 -9.260234032e+002 +1.1270e+000 +2.3343e+000 +9.6014e-001 +3.4164e+000 -1.2235e+000
2813 +5.880158372e+001 +5.880158372e+001 -9.411984163e+002 -9.411984163e+002 -4.1379e-002 +9.7353e-001 +9.7211e-001 +3.4347e+000 -6.2678e-001
2816 +3.797514639e+001 +3.797514639e+001 -9.620248536e+002 -9.620248536e+002 +1.5312e+000 +1.9949e+000 +9.0411e-001 +3.5236e+000 +5.7757e-001
2888 +2.463982597e+001 +2.463982597e+001 -9.753601740e+002 -9.753601740e+002 +1.0477e-001 -1.2846e-001 +8.8871e-001 +3.1803e+000 +1.1518e-001
3021 +2.323159932e+001 +2.323159932e+001 -9.767684007e+002 -9.767684007e+002 +1.3195e+000 +6.8942e-001 +9.3567e-001 +3.5760e+000 +1.4383e-001
3051 +9.924124130e+000 +9.924124130e+000 -9.900758759e+002 -9.900758759e+002 +1.1594e+000 +7.1586e-001 +8.4163e-001 +3.1279e+000 +5.1708e-001
