% function evaluation | noise-free fitness - Fopt (-4.620900000000e+002) | best noise-free fitness - Fopt | measured fitness | best measured fitness | x1 | x2...
1 +8.291370946e+001 +8.291370946e+001 -3.791762905e+002 -3.791762905e+002 +0.0000e+000 +0.0000e+000 +0.0000e+000
% function evaluation | noise-free fitness - Fopt (7.766000000000e+001) | best noise-free fitness - Fopt | measured fitness | best measured fitness | x1 | x2...
1 +7.513059916e+001 +7.513059916e+001 +1.527905992e+002 +1.527905992e+002 +0.0000e+000 +0.0000e+000 +0.0000e+000
222 +6.286511226e+001 +6.286511226e+001 +1.405251123e+002 +1.405251123e+002 -1.5487e+000 -1.9005e+000 -2.7275e-001
229 +5.359305073e+001 +5.359305073e+001 +1.312530507e+002 +1.312530507e+002 -2.2561e+000 -1.9622e+000 +2.9454e-001
233 +3.449141961e+001 +3.449141961e+001 +1.121514196e+002 +1.121514196e+002 -1.7416e+000 -1.9079e+000 +5.3414e-001
283 +2.588414547e+001 +2.588414547e+001 +1.035441455e+002 +1.035441455e+002 +1.3038e+000 -1.8556e+000 +5.2410e-001
295 +2.521687599e+001 +2.521687599e+001 +1.028768760e+002 +1.028768760e+002 +4.2640e-001 -1.8349e+000 +5.4313e-001
320 +2.058833680e+001 +2.058833680e+001 +9.824833680e+001 +9.824833680e+001 +2.9752e-001 -1.8669e+000 +6.0754e-001
328 +1.717081052e+001 +1.717081052e+001 +9.483081052e+001 +9.483081052e+001 +6.6858e-001 -1.9920e+000 +9.6757e-001
334 +1.622519168e+001 +1.622519168e+001 +9.388519168e+001 +9.388519168e+001 +1.4812e+000 -1.9354e+000 +3.1257e-001
368 +1.443568480e+001 +1.443568480e+001 +9.209568480e+001 +9.209568480e+001 +4.7681e-001 -1.9265e+000 +5.4731e-001
378 +1.211614385e+001 +1.211614385e+001 +8.977614385e+001 +8.977614385e+001 +1.3175e+000 -1.9400e+000 +5.6917e-001
383 +9.302528885e+000 +9.302528885e+000 +8.696252889e+001 +8.696252889e+001 +2.3106e+000 -1.9348e+000 +5.7892e-001
418 +8.995811310e+000 +8.995811310e+000 +8.665581131e+001 +8.665581131e+001 +2.3313e+000 -1.9366e+000 +5.7114e-001
% function evaluation | noise-free fitness - Fopt (1.156800000000e+002) | best noise-free fitness - Fopt | measured fitness | best measured fitness | x1 | x2...
1 +3.277339865e+001 +3.277339865e+001 +1.484533986e+002 +1.484533986e+002 +0.0000e+000 +0.0000e+000 +0.0000e+000
463 +2.850825655e+001 +2.850825655e+001 +1.441882566e+002 +1.441882566e+002 -1.7494e+000 -8.7664e-001 -4.7046e-001
527 +2.642971106e+001 +2.642971106e+001 +1.421097111e+002 +1.421097111e+002 -8.3981e-002 -5.4989e-001 -7.9160e-002
530 +1.996660304e+001 +1.996660304e+001 +1.356466030e+002 +1.356466030e+002 +4.4673e-001 -3.3321e-001 -5.1587e-002
547 +1.763371041e+001 +1.763371041e+001 +1.333137104e+002 +1.333137104e+002 +1.0002e+000 -9.9136e-001 +1.8571e-001
554 +1.576364426e+001 +1.576364426e+001 +1.314436443e+002 +1.314436443e+002 +1.6571e-001 -3.0325e-001 +2.3144e-001
604 +1.047154033e+001 +1.047154033e+001 +1.261515403e+002 +1.261515403e+002 +2.0928e-001 +1.0384e-001 -7.7031e-002
744 +1.009681670e+001 +1.009681670e+001 +1.257768167e+002 +1.257768167e+002 +2.6397e-001 -4.2556e-001 -4.3608e-001
765 +8.331882085e+000 +8.331882085e+000 +1.240118821e+002 +1.240118821e+002 +2.5840e-001 -4.2813e-001 -4.0513e-002
781 +8.147300676e+000 +8.147300676e+000 +1.238273007e+002 +1.238273007e+002 +2.3017e-001 -4.2632e-001 -8.7612e-002
793 +7.118915969e+000 +7.118915969e+000 +1.227989160e+002 +1.227989160e+002 +2.5470e-001 -4.3596e-001 -4.8054e-002
794 +6.486762241e+000 +6.486762241e+000 +1.221667622e+002 +1.221667622e+002 +2.4837e-001 -4.3817e-001 -5.5641e-002
806 +6.117699749e+000 +6.117699749e+000 +1.217976997e+002 +1.217976997e+002 +2.2304e-001 -4.4086e-001 -6.2528e-002
808 +5.720611968e+000 +5.720611968e+000 +1.214006120e+002 +1.214006120e+002 +2.7753e-001 -4.6563e-001 +2.4479e-001
% function evaluation | noise-free fitness - Fopt (-3.710000000000e+000) | best noise-free fitness - Fopt | measured fitness | best measured fitness | x1 | x2...
1 +7.982158397e+001 +7.982158397e+001 +7.611158397e+001 +7.611158397e+001 +0.0000e+000 +0.0000e+000 +0.0000e+000
101 +7.280349926e+001 +7.280349926e+001 +6.909349926e+001 +6.909349926e+001 -2.6886e+000 -3.2299e+000 +1.7498e+000
110 +6.255812310e+001 +6.255812310e+001 +5.884812310e+001 +5.884812310e+001 -2.6932e+000 -1.2846e+000 +1.5004e+000
152 +5.618333179e+001 +5.618333179e+001 +5.247333179e+001 +5.247333179e+001 -2.6807e+000 -2.3981e+000 +1.7737e+000
163 +5.257208398e+001 +5.257208398e+001 +4.886208398e+001 +4.886208398e+001 -2.7561e+000 -2.8648e+000 +1.7544e+000
167 +5.193587707e+001 +5.193587707e+001 +4.822587707e+001 +4.822587707e+001 -2.7395e+000 -2.8526e+000 +1.7670e+000
168 +5.066717625e+001 +5.066717625e+001 +4.695717625e+001 +4.695717625e+001 -2.7284e+000 -2.2723e+000 +1.7730e+000
204 +3.727158144e+001 +3.727158144e+001 +3.356158144e+001 +3.356158144e+001 -2.0654e+000 -3.0545e+000 +1.7664e+000
206 +2.717585139e+001 +2.717585139e+001 +2.346585139e+001 +2.346585139e+001 -1.0163e+000 -2.4003e+000 +1.7740e+000
224 +2.496628247e+001 +2.496628247e+001 +2.125628247e+001 +2.125628247e+001 -2.0759e-001 -2.8951e+000 +1.7850e+000
227 +2.034392311e+001 +2.034392311e+001 +1.663392311e+001 +1.663392311e+001 -3.9705e-002 -1.6678e+000 +1.7720e+000
242 +7.552793079e+000 +7.552793079e+000 +3.842793079e+000 +3.842793079e+000 +1.1628e+000 -2.3783e+000 +1.7731e+000
271 +4.968918307e+000 +4.968918307e+000 +1.258918307e+000 +1.258918307e+000 +1.2543e+000 -2.2773e+000 +1.7802e+000
282 +4.633605953e+000 +4.633605953e+000 +9.236059529e-001 +9.236059529e-001 +2.1800e+000 -2.2290e+000 +1.7742e+000
332 +4.235802962e+000 +4.235802962e+000 +5.258029616e-001 +5.258029616e-001 +2.1497e+000 -2.2333e+000 +1.7635e+000
470 +4.126498589e+000 +4.126498589e+000 +4.164985888e-001 +4.164985888e-001 +2.1887e+000 -2.8523e+000 +1.7744e+000
489 +3.711339796e+000 +3.711339796e+000 +1.339796146e-003 +1.339796146e-003 +2.1006e+000 -2.8487e+000 +1.7604e+000
491 +3.143221883e+000 +3.143221883e+000 -5.667781173e-001 -5.667781173e-001 +2.1070e+000 -2.8430e+000 +1.7694e+000
499 +2.144481714e+000 +2.144481714e+000 -1.565518286e+000 -1.565518286e+000 +2.1335e+000 -2.8795e+000 +1.7770e+000
585 +2.088223752e+000 +2.088223752e+000 -1.621776248e+000 -1.621776248e+000 +2.1178e+000 -2.9017e+000 +1.7785e+000
593 +2.036726972e+000 +2.036726972e+000 -1.673273028e+000 -1.673273028e+000 +2.1169e+000 -2.8834e+000 +1.7834e+000
689 +1.995168337e+000 +1.995168337e+000 -1.714831663e+000 -1.714831663e+000 +2.1241e+000 -2.8911e+000 +1.7816e+000
% function evaluation | noise-free fitness - Fopt (1.321800000000e+002) | best noise-free fitness - Fopt | measured fitness | best measured fitness | x1 | x2...
1 +1.554324192e+002 +1.554324192e+002 +2.876124192e+002 +2.876124192e+002 +0.0000e+000 +0.0000e+000 +0.0000e+000
133 +1.343577430e+002 +1.343577430e+002 +2.665377430e+002 +2.665377430e+002 -5.6956e-001 +1.4459e+000 +2.5323e-001
144 +1.172189973e+002 +1.172189973e+002 +2.493989973e+002 +2.493989973e+002 -5.6898e-001 +1.5587e+000 +5.4866e-001
149 +4.473537044e+001 +4.473537044e+001 +1.769153704e+002 +1.769153704e+002 -5.6816e-001 +2.1029e+000 +3.4228e+000
217 +3.913486218e+001 +3.913486218e+001 +1.713148622e+002 +1.713148622e+002 -5.6862e-001 +1.5006e+000 +2.8067e+000
259 +3.818409635e+001 +3.818409635e+001 +1.703640963e+002 +1.703640963e+002 -5.7177e-001 +1.4571e+000 +2.7742e+000
269 +3.475270689e+001 +3.475270689e+001 +1.669327069e+002 +1.669327069e+002 -5.7166e-001 +1.4646e+000 +3.4421e+000
351 +3.458590583e+001 +3.458590583e+001 +1.667659058e+002 +1.667659058e+002 -5.6775e-001 +1.5038e+000 +3.4425e+000
515 +3.346720506e+001 +3.346720506e+001 +1.656472051e+002 +1.656472051e+002 -5.6435e-001 +1.4897e+000 +3.4621e+000
545 +3.306708908e+001 +3.306708908e+001 +1.652470891e+002 +1.652470891e+002 -5.5908e-001 +1.4795e+000 +3.4608e+000
600 +3.223404567e+001 +3.223404567e+001 +1.644140457e+002 +1.644140457e+002 -5.4306e-001 +1.4981e+000 +3.4601e+000
640 +3.157557419e+001 +3.157557419e+001 +1.637555742e+002 +1.637555742e+002 -5.3293e-001 +1.4722e+000 +3.4554e+000
662 +3.047890904e+001 +3.047890904e+001 +1.626589090e+002 +1.626589090e+002 -4.8750e-001 +1.4356e+000 +3.4453e+000
673 +2.998094185e+001 +2.998094185e+001 +1.621609419e+002 +1.621609419e+002 -5.0951e-001 +1.4741e+000 +3.4586e+000
704 +2.948157740e+001 +2.948157740e+001 +1.616615774e+002 +1.616615774e+002 -4.9694e-001 +1.4964e+000 +3.4499e+000
705 +2.873847497e+001 +2.873847497e+001 +1.609184750e+002 +1.609184750e+002 -4.8228e-001 +1.5100e+000 +3.4540e+000
743 +2.786907234e+001 +2.786907234e+001 +1.600490723e+002 +1.600490723e+002 -4.7786e-001 +1.4744e+000 +3.4586e+000
746 +2.608077795e+001 +2.608077795e+001 +1.582607779e+002 +1.582607779e+002 -4.4979e-001 +1.4912e+000 +3.4543e+000
776 +2.553414910e+001 +2.553414910e+001 +1.577141491e+002 +1.577141491e+002 -4.3589e-001 +1.4545e+000 +3.4586e+000
783 +2.221416974e+001 +2.221416974e+001 +1.543941697e+002 +1.543941697e+002 -3.8777e-001 +1.4704e+000 +3.4528e+000
806 +1.851809641e+001 +1.851809641e+001 +1.506980964e+002 +1.506980964e+002 -3.0246e-001 +1.4616e+000 +3.4467e+000
816 +1.631365747e+001 +1.631365747e+001 +1.484936575e+002 +1.484936575e+002 -1.6890e-001 +1.4754e+000 +3.4534e+000
821 +1.595738765e+001 +1.595738765e+001 +1.481373876e+002 +1.481373876e+002 -2.0377e-001 +1.4890e+000 +3.4590e+000
% function evaluation | noise-free fitness - Fopt (6.438000000000e+001) | best noise-free fitness - Fopt | measured fitness | best measured fitness | x1 | x2...
1 +1.094329665e+002 +1.094329665e+002 +1.738129665e+002 +1.738129665e+002 +0.0000e+000 +0.0000e+000 +0.0000e+000
258 +9.397941657e+001 +9.397941657e+001 +1.583594166e+002 +1.583594166e+002 +3.8422e+000 +1.7028e+000 +1.9198e+000
261 +2.502135154e+001 +2.502135154e+001 +8.940135154e+001 +8.940135154e+001 +3.2244e+000 +1.6997e+000 +1.3550e+000
371 +2.175117842e+001 +2.175117842e+001 +8.613117842e+001 +8.613117842e+001 +9.6980e-001 +1.7250e+000 +1.6875e+000
385 +1.883032414e+001 +1.883032414e+001 +8.321032414e+001 +8.321032414e+001 +2.0272e+000 +1.7577e+000 +1.5830e+000
497 +1.612337209e+001 +1.612337209e+001 +8.050337209e+001 +8.050337209e+001 +1.2141e+000 +1.6855e+000 +2.0171e+000
620 +1.443693358e+001 +1.443693358e+001 +7.881693358e+001 +7.881693358e+001 +2.9583e+000 +1.7298e+000 +1.6481e+000
627 +1.356382699e+001 +1.356382699e+001 +7.794382699e+001 +7.794382699e+001 +3.0304e+000 +1.7477e+000 +1.6404e+000
726 +1.339051962e+001 +1.339051962e+001 +7.777051962e+001 +7.777051962e+001 +2.9990e+000 +1.7247e+000 +1.6377e+000
740 +1.313019823e+001 +1.313019823e+001 +7.751019823e+001 +7.751019823e+001 +3.0234e+000 +1.7317e+000 +1.6353e+000
% function evaluation | noise-free fitness - Fopt (2.824800000000e+002) | best noise-free fitness - Fopt | measured fitness | best measured fitness | x1 | x2...
1 +9.592139438e+001 +9.592139438e+001 +3.784013944e+002 +3.784013944e+002 +0.0000e+000 +0.0000e+000 +0.0000e+000
85 +5.156121636e+001 +5.156121636e+001 +3.340412164e+002 +3.340412164e+002 +1.0998e+000 -4.8280e-001 +1.0878e+000
124 +5.013892256e+001 +5.013892256e+001 +3.326189226e+002 +3.326189226e+002 +1.3296e+000 -1.2374e+000 +9.2674e-001
133 +4.218663670e+001 +4.218663670e+001 +3.246666367e+002 +3.246666367e+002 +6.2126e-001 -1.2126e+000 +1.3235e+000
135 +2.893403987e+001 +2.893403987e+001 +3.114140399e+002 +3.114140399e+002 +1.3565e+000 -3.8594e+000 +6.2930e-001
157 +2.368051379e+001 +2.368051379e+001 +3.061605138e+002 +3.061605138e+002 +4.5373e-001 -2.8972e+000 +8.5009e-001
203 +1.584516519e+001 +1.584516519e+001 +2.983251652e+002 +2.983251652e+002 +7.0347e-001 -4.0370e+000 +1.4887e+000
267 +6.398554497e+000 +6.398554497e+000 +2.888785545e+002 +2.888785545e+002 +1.5207e+000 -4.0012e+000 +1.5028e+000
738 +3.701580273e+000 +3.701580273e+000 +2.861815803e+002 +2.861815803e+002 +5.2010e-001 -3.9760e+000 +1.4501e+000
1167 +2.258572010e+000 +2.258572010e+000 +2.847385720e+002 +2.847385720e+002 +1.4914e+000 -3.9743e+000 +1.4608e+000
1182 +2.092309621e+000 +2.092309621e+000 +2.845723096e+002 +2.845723096e+002 +1.5131e+000 -3.9599e+000 +1.4592e+000
1252 +2.067865256e+000 +2.067865256e+000 +2.845478653e+002 +2.845478653e+002 +1.5034e+000 -3.9684e+000 +1.4668e+000
1264 +1.991035173e+000 +1.991035173e+000 +2.844710352e+002 +2.844710352e+002 +1.5137e+000 -3.9573e+000 +1.4652e+000
% function evaluation | noise-free fitness - Fopt (4.826100000000e+002) | best noise-free fitness - Fopt | measured fitness | best measured fitness | x1 | x2...
1 +7.480961083e+001 +7.480961083e+001 +5.574196108e+002 +5.574196108e+002 +0.0000e+000 +0.0000e+000 +0.0000e+000
75 +7.385725171e+001 +7.385725171e+001 +5.564672517e+002 +5.564672517e+002 +9.5845e-001 +4.1115e+000 -4.2334e-001
79 +5.529342263e+001 +5.529342263e+001 +5.379034226e+002 +5.379034226e+002 +6.8470e-001 +4.6798e+000 -4.1909e-001
101 +4.689017351e+001 +4.689017351e+001 +5.295001735e+002 +5.295001735e+002 -1.8791e-001 +4.3738e+000 -4.0185e-001
105 +3.639540303e+001 +3.639540303e+001 +5.190054030e+002 +5.190054030e+002 -1.1761e+000 +4.6993e+000 +2.5257e-001
147 +3.583178033e+001 +3.583178033e+001 +5.184417803e+002 +5.184417803e+002 -1.6381e-001 +4.5837e+000 +1.0784e+000
165 +3.009528050e+001 +3.009528050e+001 +5.127052805e+002 +5.127052805e+002 -1.3998e-001 +4.6354e+000 +7.1267e-001
205 +2.426396207e+001 +2.426396207e+001 +5.068739621e+002 +5.068739621e+002 -1.2503e+000 +4.3644e+000 +1.3344e+000
260 +1.643332449e+001 +1.643332449e+001 +4.990433245e+002 +4.990433245e+002 -1.1879e+000 +2.6132e+000 +4.8095e-001
351 +6.076361544e+000 +6.076361544e+000 +4.886863615e+002 +4.886863615e+002 -1.1204e+000 +2.5438e+000 +1.1302e+000
% function evaluation | noise-free fitness - Fopt (7.177000000000e+001) | best noise-free fitness - Fopt | measured fitness | best measured fitness | x1 | x2...
1 +6.680064899e+001 +6.680064899e+001 +1.385706490e+002 +1.385706490e+002 +0.0000e+000 +0.0000e+000 +0.0000e+000
166 +6.075654245e+001 +6.075654245e+001 +1.325265425e+002 +1.325265425e+002 +2.9685e+000 -2.1341e+000 +1.4208e+000
185 +3.361119604e+001 +3.361119604e+001 +1.053811960e+002 +1.053811960e+002 +3.2738e+000 +2.4427e+000 +7.6563e-001
195 +8.982032635e+000 +8.982032635e+000 +8.075203263e+001 +8.075203263e+001 +3.2213e+000 +1.2741e+000 +7.1911e-001
212 +1.342897731e+000 +1.342897731e+000 +7.311289773e+001 +7.311289773e+001 +3.2032e+000 +1.8151e+000 +1.1320e+000
% function evaluation | noise-free fitness - Fopt (8.448800000000e+002) | best noise-free fitness - Fopt | measured fitness | best measured fitness | x1 | x2...
1 +1.555206682e+002 +1.555206682e+002 +1.000400668e+003 +1.000400668e+003 +0.0000e+000 +0.0000e+000 +0.0000e+000
92 +8.774333285e+001 +8.774333285e+001 +9.326233329e+002 +9.326233329e+002 -1.0675e+000 -1.6451e+000 +2.2896e+000
107 +8.211414765e+001 +8.211414765e+001 +9.269941477e+002 +9.269941477e+002 -9.0795e-001 -1.5685e+000 +1.8054e+000
117 +7.159587034e+001 +7.159587034e+001 +9.164758703e+002 +9.164758703e+002 -9.0135e-001 -1.6788e+000 +2.3154e+000
121 +4.525671353e+001 +4.525671353e+001 +8.901367135e+002 +8.901367135e+002 -9.8971e-001 -1.6624e+000 +3.3012e+000
151 +4.055216350e+001 +4.055216350e+001 +8.854321635e+002 +8.854321635e+002 -8.7119e-001 -1.6590e+000 +3.2459e+000
199 +3.894065354e+001 +3.894065354e+001 +8.838206535e+002 +8.838206535e+002 -8.0679e-001 -1.6559e+000 +3.2898e+000
244 +3.688892345e+001 +3.688892345e+001 +8.817689234e+002 +8.817689234e+002 -8.1682e-001 -1.6770e+000 +3.2790e+000
313 +3.421045470e+001 +3.421045470e+001 +8.790904547e+002 +8.790904547e+002 -7.7618e-001 -1.7418e+000 +3.2614e+000
330 +3.356762857e+001 +3.356762857e+001 +8.784476286e+002 +8.784476286e+002 -8.1433e-001 -1.7422e+000 +3.2695e+000
335 +2.719303226e+001 +2.719303226e+001 +8.720730323e+002 +8.720730323e+002 -8.2566e-001 -1.0967e+000 +3.2782e+000
370 +2.452620115e+001 +2.452620115e+001 +8.694062011e+002 +8.694062011e+002 -7.6799e-001 -5.2978e-001 +3.2674e+000
384 +2.396473032e+001 +2.396473032e+001 +8.688447303e+002 +8.688447303e+002 -7.4830e-001 -5.7198e-001 +3.2446e+000
390 +1.898676681e+001 +1.898676681e+001 +8.638667668e+002 +8.638667668e+002 -7.6044e-001 -7.1843e-002 +3.2618e+000
455 +1.826506047e+001 +1.826506047e+001 +8.631450605e+002 +8.631450605e+002 -8.0076e-001 -6.9227e-002 +3.2659e+000
503 +1.735226446e+001 +1.735226446e+001 +8.622322645e+002 +8.622322645e+002 -6.4221e-002 +1.0385e+000 +3.2636e+000
536 +1.401303523e+001 +1.401303523e+001 +8.588930352e+002 +8.588930352e+002 +1.9482e-001 +1.0371e+000 +3.2525e+000
559 +1.234724090e+001 +1.234724090e+001 +8.572272409e+002 +8.572272409e+002 +1.0362e+000 +9.8780e-001 +3.2723e+000
640 +6.806319483e+000 +6.806319483e+000 +8.516863195e+002 +8.516863195e+002 +1.1003e+000 +4.9624e-001 +3.2552e+000
648 +6.489856001e+000 +6.489856001e+000 +8.513698560e+002 +8.513698560e+002 +1.1201e+000 +5.1741e-001 +3.2561e+000
650 +6.018814849e+000 +6.018814849e+000 +8.508988148e+002 +8.508988148e+002 +1.2367e+000 +4.9178e-001 +3.2555e+000
687 +5.504868015e+000 +5.504868015e+000 +8.503848680e+002 +8.503848680e+002 +1.2447e+000 +5.0088e-001 +3.2624e+000
713 +3.185141851e+000 +3.185141851e+000 +8.480651419e+002 +8.480651419e+002 +2.1628e+000 +4.8743e-001 +3.2533e+000
873 +2.224471009e+000 +2.224471009e+000 +8.471044710e+002 +8.471044710e+002 +3.1329e+000 +4.6698e-001 +3.2632e+000
1077 +2.088415048e+000 +2.088415048e+000 +8.469684150e+002 +8.469684150e+002 +2.1564e+000 +4.9645e-001 +3.2787e+000
1098 +2.032452077e+000 +2.032452077e+000 +8.469124521e+002 +8.469124521e+002 +2.1638e+000 +4.9866e-001 +3.2757e+000
1218 +1.993683991e+000 +1.993683991e+000 +8.468736840e+002 +8.468736840e+002 +2.1602e+000 +5.0211e-001 +3.2731e+000
% function evaluation | noise-free fitness - Fopt (-4.222000000000e+001) | best noise-free fitness - Fopt | measured fitness | best measured fitness | x1 | x2...
1 +1.245173841e+002 +1.245173841e+002 +8.229738410e+001 +8.229738410e+001 +0.0000e+000 +0.0000e+000 +0.0000e+000
129 +9.997122119e+001 +9.997122119e+001 +5.775122119e+001 +5.775122119e+001 -2.2783e-001 +1.3069e+000 +1.6978e+000
150 +2.340260024e+001 +2.340260024e+001 -1.881739976e+001 -1.881739976e+001 -4.7332e-001 -3.7633e+000 +1.6670e+000
158 +1.101540689e+001 +1.101540689e+001 -3.120459311e+001 -3.120459311e+001 -1.5824e-001 -3.9739e+000 +1.7219e+000
167 +1.018924535e+001 +1.018924535e+001 -3.203075465e+001 -3.203075465e+001 -2.7956e-001 -4.6165e+000 +1.6818e+000
171 +8.686273440e+000 +8.686273440e+000 -3.353372656e+001 -3.353372656e+001 -2.3276e-001 -3.8988e+000 +1.6881e+000
177 +6.694120648e+000 +6.694120648e+000 -3.552587935e+001 -3.552587935e+001 -4.7872e-001 -3.9157e+000 +1.6941e+000
261 +6.512537840e+000 +6.512537840e+000 -3.570746216e+001 -3.570746216e+001 -3.1661e-001 -3.9035e+000 +1.6905e+000
273 +6.198338413e+000 +6.198338413e+000 -3.602166159e+001 -3.602166159e+001 -2.7818e-001 -3.9363e+000 +1.6931e+000
286 +6.144423819e+000 +6.144423819e+000 -3.607557618e+001 -3.607557618e+001 -2.9653e-001 -3.9644e+000 +1.6939e+000
348 +5.855379283e+000 +5.855379283e+000 -3.636462072e+001 -3.636462072e+001 -3.0818e-001 -3.9175e+000 +1.7032e+000
362 +5.569947597e+000 +5.569947597e+000 -3.665005240e+001 -3.665005240e+001 -3.0045e-001 -3.9409e+000 +1.7055e+000
377 +5.412102686e+000 +5.412102686e+000 -3.680789731e+001 -3.680789731e+001 -3.1635e-001 -3.9309e+000 +1.7031e+000
381 +5.282301247e+000 +5.282301247e+000 -3.693769875e+001 -3.693769875e+001 -3.2391e-001 -3.9351e+000 +1.7019e+000
397 +5.053829309e+000 +5.053829309e+000 -3.716617069e+001 -3.716617069e+001 -3.5514e-001 -3.9361e+000 +1.7008e+000
463 +5.009580141e+000 +5.009580141e+000 -3.721041986e+001 -3.721041986e+001 -3.6957e-001 -3.9469e+000 +1.7010e+000
% function evaluation | noise-free fitness - Fopt (-9.179000000000e+001) | best noise-free fitness - Fopt | measured fitness | best measured fitness | x1 | x2...
1 +1.508090708e+002 +1.508090708e+002 +5.901907078e+001 +5.901907078e+001 +0.0000e+000 +0.0000e+000 +0.0000e+000
2 +3.806605481e+001 +3.806605481e+001 -5.372394519e+001 -5.372394519e+001 -2.6811e+000 +1.7711e+000 +3.0853e+000
5 +3.767709573e+001 +3.767709573e+001 -5.411290427e+001 -5.411290427e+001 -2.6833e+000 +1.8144e+000 +3.0557e+000
12 +3.512345718e+001 +3.512345718e+001 -5.666654282e+001 -5.666654282e+001 -2.6902e+000 +1.7793e+000 +3.0949e+000
29 +3.357075397e+001 +3.357075397e+001 -5.821924603e+001 -5.821924603e+001 -2.6627e+000 +1.8165e+000 +3.0786e+000
31 +3.193421229e+001 +3.193421229e+001 -5.985578771e+001 -5.985578771e+001 -2.6508e+000 +1.8112e+000 +3.0966e+000
32 +3.004868212e+001 +3.004868212e+001 -6.174131788e+001 -6.174131788e+001 -2.6818e+000 +7.5547e-001 +3.0762e+000
39 +2.578878104e+001 +2.578878104e+001 -6.600121896e+001 -6.600121896e+001 -2.6863e+000 +1.8572e+000 +3.1024e+000
69 +2.418767572e+001 +2.418767572e+001 -6.760232428e+001 -6.760232428e+001 -2.7022e+000 +1.2934e+000 +3.1320e+000
100 +2.016654846e+001 +2.016654846e+001 -7.162345154e+001 -7.162345154e+001 -2.7880e+000 +1.3078e+000 +3.0954e+000
150 +1.833405689e+001 +1.833405689e+001 -7.345594311e+001 -7.345594311e+001 -2.8334e+000 +1.2529e+000 +3.1251e+000
158 +1.632300032e+001 +1.632300032e+001 -7.546699968e+001 -7.546699968e+001 -2.8506e+000 +1.3769e+000 +3.1232e+000
168 +1.587011709e+001 +1.587011709e+001 -7.591988291e+001 -7.591988291e+001 -2.8347e+000 +1.3436e+000 +3.4056e+000
181 +1.574997012e+001 +1.574997012e+001 -7.604002988e+001 -7.604002988e+001 -2.8461e+000 +1.3784e+000 +3.4262e+000
238 +1.211057984e+001 +1.211057984e+001 -7.967942016e+001 -7.967942016e+001 -2.9788e+000 +1.3705e+000 +3.1405e+000
307 +1.096749566e+001 +1.096749566e+001 -8.082250434e+001 -8.082250434e+001 -2.9442e+000 +1.3161e+000 +3.1126e+000
574 +1.068292699e+001 +1.068292699e+001 -8.110707301e+001 -8.110707301e+001 -3.0176e+000 +1.3458e+000 +3.1077e+000
% function evaluation | noise-free fitness - Fopt (-1.277000000000e+001) | best noise-free fitness - Fopt | measured fitness | best measured fitness | x1 | x2...
1 +9.351824688e+001 +9.351824688e+001 +8.074824688e+001 +8.074824688e+001 +0.0000e+000 +0.0000e+000 +0.0000e+000
253 +9.161660783e+001 +9.161660783e+001 +7.884660783e+001 +7.884660783e+001 +2.6411e+000 -3.7349e+000 +1.5629e+000
283 +8.951634393e+001 +8.951634393e+001 +7.674634393e+001 +7.674634393e+001 +2.7069e+000 -3.5548e+000 +1.8778e+000
303 +8.569303211e+001 +8.569303211e+001 +7.292303211e+001 +7.292303211e+001 +1.5418e+000 -2.9537e+000 +1.5921e+000
330 +7.704886143e+001 +7.704886143e+001 +6.427886143e+001 +6.427886143e+001 +4.1065e-001 -1.9609e+000 +1.7188e+000
340 +4.573964949e+001 +4.573964949e+001 +3.296964949e+001 +3.296964949e+001 +1.6163e+000 +3.3674e+000 +1.6657e+000
348 +4.234324601e+001 +4.234324601e+001 +2.957324601e+001 +2.957324601e+001 +1.9635e+000 +7.1052e-001 +1.6807e+000
354 +2.966088440e+001 +2.966088440e+001 +1.689088440e+001 +1.689088440e+001 +2.7644e+000 +2.4914e+000 +1.6336e+000
379 +2.765892457e+001 +2.765892457e+001 +1.488892457e+001 +1.488892457e+001 +2.9491e+000 +8.1708e-001 +1.2320e+000
400 +9.906280302e+000 +9.906280302e+000 -2.863719698e+000 -2.863719698e+000 +3.5935e+000 +4.1619e-001 +1.4902e+000
586 +3.587629556e+000 +3.587629556e+000 -9.182370444e+000 -9.182370444e+000 +2.6351e+000 +8.7396e-001 +1.8765e+000
% function evaluation | noise-free fitness - Fopt (-1.000000000000e+003) | best noise-free fitness - Fopt | measured fitness | best measured fitness | x1 | x2...
1 +9.135651573e+001 +9.135651573e+001 -9.086434843e+002 -9.086434843e+002 +0.0000e+000 +0.0000e+000 +0.0000e+000
185 +5.410331500e+001 +5.410331500e+001 -9.458966850e+002 -9.458966850e+002 -5.2539e+000 -3.9261e+000 +1.8634e+000
197 +1.647901934e+001 +1.647901934e+001 -9.835209807e+002 -9.835209807e+002 +9.0438e-001 -3.9839e+000 +2.2549e+000
394 +1.600958054e+001 +1.600958054e+001 -9.839904195e+002 -9.839904195e+002 -8.8578e-001 -2.7047e+000 +1.9169e+000
414 +1.390526046e+001 +1.390526046e+001 -9.860947395e+002 -9.860947395e+002 -2.0887e+000 -2.7575e+000 +2.2960e+000
480 +1.332476704e+001 +1.332476704e+001 -9.866752330e+002 -9.866752330e+002 -8.2815e-001 -2.6904e+000 +2.5755e+000
486 +1.125405997e+001 +1.125405997e+001 -9.887459400e+002 -9.887459400e+002 -9.3964e-001 -2.7207e+000 +2.2350e+000
522 +1.074372537e+001 +1.074372537e+001 -9.892562746e+002 -9.892562746e+002 -8.9005e-001 -2.7438e+000 +1.8928e+000
564 +8.370546589e+000 +8.370546589e+000 -9.916294534e+002 -9.916294534e+002 -8.8865e-001 -2.7360e+000 +2.2521e+000
575 +7.264370143e+000 +7.264370143e+000 -9.927356299e+002 -9.927356299e+002 -9.4380e-001 -2.7403e+000 +2.2642e+000
598 +5.839636726e+000 +5.839636726e+000 -9.941603633e+002 -9.941603633e+002 -9.0379e-001 -2.7662e+000 +2.5558e+000
843 +5.610591992e+000 +5.610591992e+000 -9.943894080e+002 -9.943894080e+002 -9.5307e-001 -2.7731e+000 +2.2607e+000
865 +5.164487681e+000 +5.164487681e+000 -9.948355123e+002 -9.948355123e+002 -9.5373e-001 -2.7889e+000 +2.2617e+000
893 +5.036029179e+000 +5.036029179e+000 -9.949639708e+002 -9.949639708e+002 -9.6070e-001 -2.7944e+000 +2.2657e+000
903 +4.992708178e+000 +4.992708178e+000 -9.950072918e+002 -9.950072918e+002 -9.5297e-001 -2.8056e+000 +2.2659e+000
% function evaluation | noise-free fitness - Fopt (-1.000000000000e+003) | best noise-free fitness - Fopt | measured fitness | best measured fitness | x1 | x2...
1 +4.311418802e+001 +4.311418802e+001 -9.568858120e+002 -9.568858120e+002 +0.0000e+000 +0.0000e+000 +0.0000e+000
230 +3.873049210e+001 +3.873049210e+001 -9.612695079e+002 -9.612695079e+002 +1.9936e-001 -1.6110e+000 +9.6365e-001
251 +3.384532086e+001 +3.384532086e+001 -9.661546791e+002 -9.661546791e+002 +5.6197e-001 -9.4541e-001 +8.7845e-001
254 +2.561055191e+001 +2.561055191e+001 -9.743894481e+002 -9.743894481e+002 +2.1150e-001 -8.2847e-001 +1.1206e+000
268 +2.226492605e+001 +2.226492605e+001 -9.777350739e+002 -9.777350739e+002 +3.9870e-001 -8.5858e-001 +8.5222e-001
303 +1.283786118e+001 +1.283786118e+001 -9.871621388e+002 -9.871621388e+002 +1.1549e+000 -9.4233e-001 +1.4789e+000
427 +5.635566957e+000 +5.635566957e+000 -9.943644330e+002 -9.943644330e+002 +2.0405e+000 +9.4178e-002 +1.1811e+000
