% function evaluation | noise-free fitness - Fopt (7.135000000000e+01) | best noise-free fitness - Fopt | measured fitness | best measured fitness | x1 | x2...
1 +1.205674855e+02 +1.205674855e+02 +1.919174855e+02 +1.919174855e+02 +0.0000e+00 +0.0000e+00 +0.0000e+00 +0.0000e+00 +0.0000e+00
55 +1.152067518e+02 +1.152067518e+02 +1.865567518e+02 +1.865567518e+02 -3.0053e+00 -3.0313e+00 -3.7998e-01 -1.9020e+00 -1.5292e+00
63 +1.006478909e+02 +1.006478909e+02 +1.719978909e+02 +1.719978909e+02 -2.9796e+00 -3.1905e+00 -3.5356e-01 -1.9318e+00 -1.5358e+00
85 +4.102370246e+01 +4.102370246e+01 +1.123737025e+02 +1.123737025e+02 -3.0532e+00 -3.3624e+00 -5.2020e-01 -1.9845e+00 -1.5665e+00
115 +3.568364211e+01 +3.568364211e+01 +1.070336421e+02 +1.070336421e+02 -3.0368e+00 -3.2422e+00 -5.7774e-01 -1.6714e+00 -1.3874e+00
117 +3.507587294e+01 +3.507587294e+01 +1.064258729e+02 +1.064258729e+02 -3.0003e+00 -3.0828e+00 -1.3870e+00 -2.1992e+00 -1.6322e+00
130 +1.555446665e+01 +1.555446665e+01 +8.690446665e+01 +8.690446665e+01 -3.0281e+00 -3.2876e+00 -1.2046e+00 -1.9803e+00 -1.5568e+00
183 +1.465461209e+01 +1.465461209e+01 +8.600461209e+01 +8.600461209e+01 -3.0650e+00 -3.2246e+00 -1.7924e+00 -1.6331e+00 -1.7917e+00
196 +1.308892349e+01 +1.308892349e+01 +8.443892349e+01 +8.443892349e+01 -3.0394e+00 -3.2642e+00 -9.4331e-01 -2.6367e+00 -1.6211e+00
249 +1.120527129e+01 +1.120527129e+01 +8.255527129e+01 +8.255527129e+01 -3.1512e+00 -3.3058e+00 -1.4495e+00 -2.6370e+00 -1.3057e+00
% function evaluation | noise-free fitness - Fopt (-3.552200000000e+02) | best noise-free fitness - Fopt | measured fitness | best measured fitness | x1 | x2...
1 +1.380502722e+02 +1.380502722e+02 -2.171697278e+02 -2.171697278e+02 +0.0000e+00 +0.0000e+00 +0.0000e+00 +0.0000e+00 +0.0000e+00
2 +7.031519380e+01 +7.031519380e+01 -2.849048062e+02 -2.849048062e+02 +1.5589e+00 -4.9449e+00 +1.5152e+00 -6.7445e-01 +3.8746e+00
28 +6.917800803e+01 +6.917800803e+01 -2.860419920e+02 -2.860419920e+02 +1.5623e+00 -4.9469e+00 +1.5154e+00 -6.5911e-01 +3.8505e+00
30 +6.391134153e+01 +6.391134153e+01 -2.913086585e+02 -2.913086585e+02 +1.4958e+00 -4.9433e+00 +1.5166e+00 -6.3823e-01 +3.8751e+00
45 +6.124505688e+01 +6.124505688e+01 -2.939749431e+02 -2.939749431e+02 +1.5610e+00 -4.9515e+00 +1.5156e+00 -6.7880e-01 +3.8506e+00
71 +6.010179286e+01 +6.010179286e+01 -2.951182071e+02 -2.951182071e+02 +1.5551e+00 -4.9481e+00 +1.5175e+00 -6.8988e-01 +3.8561e+00
109 +5.651164446e+01 +5.651164446e+01 -2.987083555e+02 -2.987083555e+02 +1.5659e+00 -4.9941e+00 +1.5101e+00 -6.7776e-01 +4.0141e+00
140 +5.421974008e+01 +5.421974008e+01 -3.010002599e+02 -3.010002599e+02 +1.5840e+00 -5.0176e+00 +1.5158e+00 -6.1751e-02 +3.9819e+00
141 +5.014502914e+01 +5.014502914e+01 -3.050749709e+02 -3.050749709e+02 +1.5137e+00 -4.9892e+00 +1.5157e+00 -6.5480e-01 +4.0139e+00
151 +4.614708236e+01 +4.614708236e+01 -3.090729176e+02 -3.090729176e+02 +1.4940e+00 -5.0002e+00 +1.5139e+00 -6.9525e-01 +4.0024e+00
152 +3.491593808e+01 +3.491593808e+01 -3.203040619e+02 -3.203040619e+02 +1.5731e+00 -4.9563e+00 +1.5150e+00 -2.2073e-01 +4.2636e+00
153 +3.014272974e+01 +3.014272974e+01 -3.250772703e+02 -3.250772703e+02 +1.5110e+00 -4.9790e+00 +1.5159e+00 -2.3626e-01 +4.1138e+00
158 +2.928117338e+01 +2.928117338e+01 -3.259388266e+02 -3.259388266e+02 +1.6037e+00 -5.1869e+00 +1.5139e+00 -2.6714e-01 +4.0901e+00
189 +2.316104780e+01 +2.316104780e+01 -3.320589522e+02 -3.320589522e+02 +1.4639e+00 -5.0053e+00 +1.5168e+00 -7.6610e-02 +4.2485e+00
228 +1.956012140e+01 +1.956012140e+01 -3.356598786e+02 -3.356598786e+02 +1.4351e+00 -4.9812e+00 +1.5180e+00 -1.9786e-01 +4.2317e+00
% function evaluation | noise-free fitness - Fopt (9.917000000000e+01) | best noise-free fitness - Fopt | measured fitness | best measured fitness | x1 | x2...
1 +1.990461148e+02 +1.990461148e+02 +2.982161148e+02 +2.982161148e+02 +0.0000e+00 +0.0000e+00 +0.0000e+00 +0.0000e+00 +0.0000e+00
2 +9.392122849e+01 +9.392122849e+01 +1.930912285e+02 +1.930912285e+02 +1.6208e+00 +1.8726e+00 -3.2076e+00 +9.9941e-01 -1.6798e+00
3 +7.998216872e+01 +7.998216872e+01 +1.791521687e+02 +1.791521687e+02 +1.6547e+00 +1.8716e+00 -3.2334e+00 +1.0126e+00 -1.6801e+00
7 +7.767969650e+01 +7.767969650e+01 +1.768496965e+02 +1.768496965e+02 +1.6587e+00 +1.8712e+00 -3.2014e+00 +1.0062e+00 -1.6801e+00
12 +7.638278018e+01 +7.638278018e+01 +1.755527802e+02 +1.755527802e+02 +1.6636e+00 +1.8667e+00 -3.1935e+00 +1.0213e+00 -1.6796e+00
27 +7.500321175e+01 +7.500321175e+01 +1.741732117e+02 +1.741732117e+02 +1.6601e+00 +1.8700e+00 -3.2000e+00 +1.0176e+00 -1.6795e+00
31 +7.295144174e+01 +7.295144174e+01 +1.721214417e+02 +1.721214417e+02 +1.6580e+00 +1.8690e+00 -3.2077e+00 +1.0156e+00 -1.6795e+00
130 +7.149405193e+01 +7.149405193e+01 +1.706640519e+02 +1.706640519e+02 +1.6600e+00 +1.8676e+00 -3.2060e+00 +1.0255e+00 -1.6800e+00
% function evaluation | noise-free fitness - Fopt (-5.179100000000e+02) | best noise-free fitness - Fopt | measured fitness | best measured fitness | x1 | x2...
1 +7.971953023e+01 +7.971953023e+01 -4.381904698e+02 -4.381904698e+02 +0.0000e+00 +0.0000e+00 +0.0000e+00 +0.0000e+00 +0.0000e+00
83 +7.180383598e+01 +7.180383598e+01 -4.461061640e+02 -4.461061640e+02 +2.8302e+00 +1.3787e+00 -3.3279e+00 -1.0144e+00 -1.5579e+00
107 +5.921037646e+01 +5.921037646e+01 -4.586996235e+02 -4.586996235e+02 +2.8198e+00 +1.3761e+00 -3.3465e+00 -1.2762e+00 -1.5302e+00
126 +5.185832494e+01 +5.185832494e+01 -4.660516751e+02 -4.660516751e+02 +2.7967e+00 +1.5843e+00 -3.3275e+00 -1.4204e+00 -1.5468e+00
149 +4.052094502e+01 +4.052094502e+01 -4.773890550e+02 -4.773890550e+02 +2.7716e+00 +1.4415e+00 -3.3251e+00 -1.0355e+00 -1.4084e+00
189 +2.898443219e+01 +2.898443219e+01 -4.889255678e+02 -4.889255678e+02 +3.0963e+00 +1.6578e+00 -3.3397e+00 +1.6023e+00 -3.4182e+00
194 +2.614148786e+01 +2.614148786e+01 -4.917685121e+02 -4.917685121e+02 +2.8235e+00 +1.6598e+00 -3.3420e+00 -6.0138e+00 -1.5293e+00
219 +5.953194621e+00 +5.953194621e+00 -5.119568054e+02 -5.119568054e+02 +2.8683e+00 +1.3140e+00 -3.3380e+00 -6.0973e+00 -1.6619e+00
% function evaluation | noise-free fitness - Fopt (-5.721000000000e+01) | best noise-free fitness - Fopt | measured fitness | best measured fitness | x1 | x2...
1 +1.005348962e+02 +1.005348962e+02 +4.332489617e+01 +4.332489617e+01 +0.0000e+00 +0.0000e+00 +0.0000e+00 +0.0000e+00 +0.0000e+00
2 +7.330745724e+01 +7.330745724e+01 +1.609745724e+01 +1.609745724e+01 +2.7476e+00 -1.1342e+00 -6.5258e-03 +8.3272e-01 +4.5506e+00
4 +5.887643003e+01 +5.887643003e+01 +1.666430031e+00 +1.666430031e+00 +2.7527e+00 -1.1368e+00 -8.6936e-03 +7.7147e-01 +4.5427e+00
7 +5.346980514e+01 +5.346980514e+01 -3.740194857e+00 -3.740194857e+00 +2.7504e+00 -1.1197e+00 -6.4633e-03 +8.2173e-01 +4.5595e+00
18 +4.224796300e+01 +4.224796300e+01 -1.496203700e+01 -1.496203700e+01 +2.7425e+00 -1.1346e+00 -6.2774e-03 +7.1082e-01 +4.5583e+00
39 +4.136122508e+01 +4.136122508e+01 -1.584877492e+01 -1.584877492e+01 +2.7466e+00 -1.1340e+00 -7.2026e-03 +7.5675e-01 +4.5561e+00
42 +3.713159057e+01 +3.713159057e+01 -2.007840943e+01 -2.007840943e+01 +2.7448e+00 -1.1330e+00 -6.6611e-03 +8.4280e-01 +4.6042e+00
46 +3.623462775e+01 +3.623462775e+01 -2.097537225e+01 -2.097537225e+01 +2.7263e+00 -1.1329e+00 -5.9370e-03 +8.0328e-01 +4.5718e+00
50 +2.898152726e+01 +2.898152726e+01 -2.822847274e+01 -2.822847274e+01 +2.7481e+00 -1.1299e+00 -6.4423e-03 +7.8802e-01 +4.6000e+00
52 +2.856759046e+01 +2.856759046e+01 -2.864240954e+01 -2.864240954e+01 +2.7454e+00 -1.1343e+00 -7.5779e-03 +7.9897e-01 +4.6022e+00
69 +2.796817894e+01 +2.796817894e+01 -2.924182106e+01 -2.924182106e+01 +2.7403e+00 -1.1284e+00 -6.5968e-03 +7.7578e-01 +4.6303e+00
78 +1.219870297e+01 +1.219870297e+01 -4.501129703e+01 -4.501129703e+01 +2.7308e+00 -1.1333e+00 -6.2790e-03 +7.7143e-01 +4.7547e+00
103 +6.759196512e+00 +6.759196512e+00 -5.045080349e+01 -5.045080349e+01 +2.7469e+00 -1.1316e+00 -6.5481e-03 +6.9895e-01 +4.7580e+00
171 +5.171731787e+00 +5.171731787e+00 -5.203826821e+01 -5.203826821e+01 +2.7102e+00 -1.1041e+00 -8.7264e-03 +6.4606e-01 +4.7265e+00
225 +4.918133583e+00 +4.918133583e+00 -5.229186642e+01 -5.229186642e+01 +2.7554e+00 -1.1275e+00 -2.8391e-03 +5.9101e-01 +4.7061e+00
% function evaluation | noise-free fitness - Fopt (-1.000000000000e+03) | best noise-free fitness - Fopt | measured fitness | best measured fitness | x1 | x2...
1 +4.672527583e+01 +4.672527583e+01 -9.532747242e+02 -9.532747242e+02 +0.0000e+00 +0.0000e+00 +0.0000e+00 +0.0000e+00 +0.0000e+00
115 +4.386591545e+01 +4.386591545e+01 -9.561340845e+02 -9.561340845e+02 -1.6115e+00 -9.0336e-01 +1.3510e+00 -8.6396e-02 +4.5530e+00
138 +4.234467926e+01 +4.234467926e+01 -9.576553207e+02 -9.576553207e+02 -1.6202e+00 -8.7743e-01 +9.5793e-01 +3.3069e-01 +5.3732e+00
148 +2.803372693e+01 +2.803372693e+01 -9.719662731e+02 -9.719662731e+02 -1.6227e+00 -7.9811e-01 +1.4065e+00 +2.6469e-01 +4.6611e+00
159 +2.534079648e+01 +2.534079648e+01 -9.746592035e+02 -9.746592035e+02 -1.6565e+00 -8.2120e-01 +3.9664e-01 -1.0087e+00 +4.6552e+00
199 +1.726202517e+01 +1.726202517e+01 -9.827379748e+02 -9.827379748e+02 -1.6197e+00 -1.2896e+00 +1.7177e+00 -4.7469e-01 +4.7373e+00
228 +1.047197138e+01 +1.047197138e+01 -9.895280286e+02 -9.895280286e+02 -1.5830e+00 -1.0180e+00 +3.1179e-01 -3.2543e-01 +4.2671e+00
% function evaluation | noise-free fitness - Fopt (-6.554000000000e+01) | best noise-free fitness - Fopt | measured fitness | best measured fitness | x1 | x2...
1 +6.219955573e+01 +6.219955573e+01 -3.340444274e+00 -3.340444274e+00 +0.0000e+00 +0.0000e+00 +0.0000e+00 +0.0000e+00 +0.0000e+00
7 +6.128912705e+01 +6.128912705e+01 -4.250872946e+00 -4.250872946e+00 +1.4911e+00 +8.7859e-02 +1.4837e+00 -2.9037e+00 +4.4330e+00
12 +5.920981982e+01 +5.920981982e+01 -6.330180183e+00 -6.330180183e+00 +1.4910e+00 +8.7912e-02 +1.4749e+00 -2.9051e+00 +4.4358e+00
27 +5.724209224e+01 +5.724209224e+01 -8.297907759e+00 -8.297907759e+00 +1.4913e+00 +8.6815e-02 +1.4752e+00 -2.9056e+00 +4.4308e+00
85 +5.436247920e+01 +5.436247920e+01 -1.117752080e+01 -1.117752080e+01 +1.4912e+00 +9.3342e-02 +1.4704e+00 -2.9037e+00 +4.4317e+00
% function evaluation | noise-free fitness - Fopt (-2.375000000000e+01) | best noise-free fitness - Fopt | measured fitness | best measured fitness | x1 | x2...
1 +1.083546752e+02 +1.083546752e+02 +8.460467518e+01 +8.460467518e+01 +0.0000e+00 +0.0000e+00 +0.0000e+00 +0.0000e+00 +0.0000e+00
2 +9.123929680e+01 +9.123929680e+01 +6.748929680e+01 +6.748929680e+01 +3.3932e+00 +2.5563e+00 +3.8921e+00 -4.7622e-01 -4.5437e+00
18 +8.672132919e+01 +8.672132919e+01 +6.297132919e+01 +6.297132919e+01 +3.3897e+00 +2.5498e+00 +3.8868e+00 -4.8063e-01 -4.5377e+00
23 +7.437337456e+01 +7.437337456e+01 +5.062337456e+01 +5.062337456e+01 +3.4233e+00 +2.5755e+00 +3.8874e+00 -4.9984e-01 -4.5830e+00
43 +7.284579420e+01 +7.284579420e+01 +4.909579420e+01 +4.909579420e+01 +3.3902e+00 +2.5777e+00 +3.8820e+00 -4.8319e-01 -4.5537e+00
54 +5.886971467e+01 +5.886971467e+01 +3.511971467e+01 +3.511971467e+01 +3.3964e+00 +2.5938e+00 +3.8722e+00 -5.7931e-01 -4.5657e+00
77 +4.396808875e+01 +4.396808875e+01 +2.021808875e+01 +2.021808875e+01 +3.0410e+00 +2.7221e+00 +3.8772e+00 -5.3198e-01 -4.5447e+00
131 +3.203059382e+01 +3.203059382e+01 +8.280593816e+00 +8.280593816e+00 +3.3182e+00 +3.0420e+00 +3.8762e+00 -4.8845e-01 -4.5520e+00
% function evaluation | noise-free fitness - Fopt (3.513000000000e+01) | best noise-free fitness - Fopt | measured fitness | best measured fitness | x1 | x2...
1 +1.031865279e+02 +1.031865279e+02 +1.383165279e+02 +1.383165279e+02 +0.0000e+00 +0.0000e+00 +0.0000e+00 +0.0000e+00 +0.0000e+00
2 +8.701652214e+01 +8.701652214e+01 +1.221465221e+02 +1.221465221e+02 -2.4682e+00 +2.5528e+00 +1.8779e+00 +3.8992e+00 +1.1708e+00
5 +8.443074669e+01 +8.443074669e+01 +1.195607467e+02 +1.195607467e+02 -2.4674e+00 +2.5503e+00 +1.8800e+00 +3.9045e+00 +1.1623e+00
16 +8.279460721e+01 +8.279460721e+01 +1.179246072e+02 +1.179246072e+02 -2.4687e+00 +2.5561e+00 +1.8819e+00 +3.9018e+00 +1.1643e+00
30 +7.580963092e+01 +7.580963092e+01 +1.109396309e+02 +1.109396309e+02 -2.4098e+00 +2.5606e+00 +1.8701e+00 +3.9034e+00 +1.1684e+00
52 +7.315598939e+01 +7.315598939e+01 +1.082859894e+02 +1.082859894e+02 -2.4490e+00 +2.5285e+00 +1.8629e+00 +4.0565e+00 +1.1657e+00
119 +6.583158345e+01 +6.583158345e+01 +1.009615835e+02 +1.009615835e+02 -2.4648e+00 +2.9168e+00 +1.8960e+00 +3.8869e+00 +1.1620e+00
175 +6.056050739e+01 +6.056050739e+01 +9.569050739e+01 +9.569050739e+01 -2.4334e+00 +2.5649e+00 +1.8428e+00 +2.4563e+00 +1.1653e+00
186 +5.960497472e+01 +5.960497472e+01 +9.473497472e+01 +9.473497472e+01 -2.4262e+00 +2.7783e+00 +1.8867e+00 +4.1223e+00 +1.1586e+00
191 +4.451131923e+01 +4.451131923e+01 +7.964131923e+01 +7.964131923e+01 -2.4172e+00 +1.0116e+00 +1.7096e+00 +3.6718e+00 +1.1732e+00
206 +2.939048583e+01 +2.939048583e+01 +6.452048583e+01 +6.452048583e+01 -2.4903e+00 +7.6871e-01 +1.9539e+00 +4.0449e+00 +9.9685e-01
229 +9.549700340e+00 +9.549700340e+00 +4.467970034e+01 +4.467970034e+01 -2.5184e+00 +2.6621e+00 +3.4788e+00 +2.6036e+00 +1.1378e+00
% function evaluation | noise-free fitness - Fopt (-7.982000000000e+01) | best noise-free fitness - Fopt | measured fitness | best measured fitness | x1 | x2...
1 +5.763519936e+01 +5.763519936e+01 -2.218480064e+01 -2.218480064e+01 +0.0000e+00 +0.0000e+00 +0.0000e+00 +0.0000e+00 +0.0000e+00
86 +5.170959808e+01 +5.170959808e+01 -2.811040192e+01 -2.811040192e+01 +2.6287e+00 +7.9094e-01 -1.1165e+00 -3.1269e+00 +7.5730e-01
112 +4.155827580e+01 +4.155827580e+01 -3.826172420e+01 -3.826172420e+01 +2.6294e+00 +7.7770e-01 -1.1127e+00 -3.0374e+00 +9.9373e-01
115 +3.095100579e+01 +3.095100579e+01 -4.886899421e+01 -4.886899421e+01 +2.6250e+00 +8.1479e-01 -1.1142e+00 -3.0092e+00 +1.0300e+00
145 +2.754151279e+01 +2.754151279e+01 -5.227848721e+01 -5.227848721e+01 +2.6384e+00 +7.8452e-01 -1.1120e+00 -2.7447e+00 +9.6304e-01
156 +2.617344789e+01 +2.617344789e+01 -5.364655211e+01 -5.364655211e+01 +2.6314e+00 +8.3384e-01 -1.1133e+00 -2.8710e+00 +9.9419e-01
189 +2.484327127e+01 +2.484327127e+01 -5.497672873e+01 -5.497672873e+01 +2.6294e+00 +7.7842e-01 -1.1123e+00 -2.7754e+00 +9.8135e-01
203 +1.637601708e+01 +1.637601708e+01 -6.344398292e+01 -6.344398292e+01 +2.6213e+00 +7.6552e-01 -1.1157e+00 -2.0514e+00 +1.0165e+00
205 +1.529761270e+01 +1.529761270e+01 -6.452238730e+01 -6.452238730e+01 +2.6260e+00 +7.4287e-01 -1.1009e+00 -2.1958e+00 +1.0730e+00
% function evaluation | noise-free fitness - Fopt (1.925800000000e+02) | best noise-free fitness - Fopt | measured fitness | best measured fitness | x1 | x2...
1 +3.068868514e+02 +3.068868514e+02 +4.994668514e+02 +4.994668514e+02 +0.0000e+00 +0.0000e+00 +0.0000e+00 +0.0000e+00 +0.0000e+00
2 +4.372211868e+01 +4.372211868e+01 +2.363021187e+02 +2.363021187e+02 -2.2472e+00 +1.8873e+00 -1.8206e+00 -1.0113e-01 -4.2208e+00
3 +4.352403462e+01 +4.352403462e+01 +2.361040346e+02 +2.361040346e+02 -2.2452e+00 +1.8847e+00 -1.8197e+00 -9.9663e-02 -4.2196e+00
4 +4.263749123e+01 +4.263749123e+01 +2.352174912e+02 +2.352174912e+02 -2.2693e+00 +1.8817e+00 -1.8271e+00 -1.3681e-01 -4.2243e+00
9 +3.968104864e+01 +3.968104864e+01 +2.322610486e+02 +2.322610486e+02 -2.2518e+00 +1.8893e+00 -1.8210e+00 -8.7671e-02 -4.2197e+00
10 +3.549420302e+01 +3.549420302e+01 +2.280742030e+02 +2.280742030e+02 -2.2020e+00 +1.8873e+00 -1.8255e+00 -1.8705e-02 -4.2218e+00
32 +3.508589631e+01 +3.508589631e+01 +2.276658963e+02 +2.276658963e+02 -2.3001e+00 +1.9168e+00 -1.8219e+00 +6.1787e-02 -4.2148e+00
52 +2.948533613e+01 +2.948533613e+01 +2.220653361e+02 +2.220653361e+02 -2.3264e+00 +1.7841e+00 -1.8391e+00 +3.8351e-03 -4.1744e+00
56 +2.873546531e+01 +2.873546531e+01 +2.213154653e+02 +2.213154653e+02 -2.3928e+00 +1.9150e+00 -1.8228e+00 -8.6068e-03 -4.2346e+00
94 +2.266373243e+01 +2.266373243e+01 +2.152437324e+02 +2.152437324e+02 -2.2723e+00 +1.8265e+00 -1.7365e+00 -1.1525e-01 -4.2173e+00
113 +2.170165840e+01 +2.170165840e+01 +2.142816584e+02 +2.142816584e+02 -2.3450e+00 +1.8462e+00 -1.7404e+00 -4.4968e-02 -4.2205e+00
141 +2.009993243e+01 +2.009993243e+01 +2.126799324e+02 +2.126799324e+02 -2.3684e+00 +1.8417e+00 -1.7446e+00 -2.5766e-02 -4.2228e+00
167 +1.905643201e+01 +1.905643201e+01 +2.116364320e+02 +2.116364320e+02 -2.1050e+00 +1.9289e+00 -1.7820e+00 -2.0305e-01 -4.1972e+00
185 +1.646761744e+01 +1.646761744e+01 +2.090476174e+02 +2.090476174e+02 -2.2096e+00 +1.7519e+00 -1.6681e+00 -2.0188e-01 -4.2136e+00
% function evaluation | noise-free fitness - Fopt (-2.684800000000e+02) | best noise-free fitness - Fopt | measured fitness | best measured fitness | x1 | x2...
1 +5.329528781e+01 +5.329528781e+01 -2.151847122e+02 -2.151847122e+02 +0.0000e+00 +0.0000e+00 +0.0000e+00 +0.0000e+00 +0.0000e+00
92 +4.521229334e+01 +4.521229334e+01 -2.232677067e+02 -2.232677067e+02 -1.6153e+00 -2.8427e+00 +1.8352e+00 +2.8405e+00 -4.5369e+00
138 +2.705966503e+01 +2.705966503e+01 -2.414203350e+02 -2.414203350e+02 -1.6354e+00 -2.8966e+00 +1.6027e+00 +2.6434e+00 -2.5631e+00
216 +2.686821914e+01 +2.686821914e+01 -2.416117809e+02 -2.416117809e+02 -2.0523e+00 -2.9028e+00 +9.4599e-01 +2.3070e+00 -5.4670e+00
231 +2.346869553e+01 +2.346869553e+01 -2.450113045e+02 -2.450113045e+02 -1.8730e+00 -3.0150e+00 +3.5941e-01 +2.4162e+00 -5.6908e+00
239 +2.102190906e+01 +2.102190906e+01 -2.474580909e+02 -2.474580909e+02 -2.1390e+00 -2.9788e+00 -1.6213e-01 +2.2907e+00 -5.6456e+00
% function evaluation | noise-free fitness - Fopt (-1.000000000000e+03) | best noise-free fitness - Fopt | measured fitness | best measured fitness | x1 | x2...
1 +1.060293030e+02 +1.060293030e+02 -8.939706970e+02 -8.939706970e+02 +0.0000e+00 +0.0000e+00 +0.0000e+00 +0.0000e+00 +0.0000e+00
2 +7.222880779e+01 +7.222880779e+01 -9.277711922e+02 -9.277711922e+02 +9.6397e-01 +2.0269e+00 -4.5074e+00 -4.5732e+00 +9.6722e-01
3 +6.890349630e+01 +6.890349630e+01 -9.310965037e+02 -9.310965037e+02 +9.9693e-01 +2.0272e+00 -4.5098e+00 -4.5743e+00 +9.6771e-01
4 +6.738501415e+01 +6.738501415e+01 -9.326149858e+02 -9.326149858e+02 +9.6611e-01 +2.0273e+00 -4.5135e+00 -4.5880e+00 +9.6690e-01
8 +5.082046514e+01 +5.082046514e+01 -9.491795349e+02 -9.491795349e+02 +9.8937e-01 +2.0294e+00 -4.5554e+00 -4.5927e+00 +9.6721e-01
27 +4.680503277e+01 +4.680503277e+01 -9.531949672e+02 -9.531949672e+02 +1.1132e+00 +2.0273e+00 -4.5009e+00 -4.6106e+00 +9.6771e-01
47 +3.896153277e+01 +3.896153277e+01 -9.610384672e+02 -9.610384672e+02 +1.0563e+00 +2.0274e+00 -4.5656e+00 -4.5161e+00 +9.7017e-01
55 +3.795286521e+01 +3.795286521e+01 -9.620471348e+02 -9.620471348e+02 +1.0509e+00 +2.0290e+00 -4.5578e+00 -4.5749e+00 +9.6436e-01
58 +3.601737457e+01 +3.601737457e+01 -9.639826254e+02 -9.639826254e+02 +1.0176e+00 +2.0278e+00 -4.5715e+00 -4.5677e+00 +9.7577e-01
61 +3.160980738e+01 +3.160980738e+01 -9.683901926e+02 -9.683901926e+02 +1.0183e+00 +2.0267e+00 -4.5870e+00 -4.5721e+00 +9.6829e-01
% function evaluation | noise-free fitness - Fopt (-1.388000000000e+01) | best noise-free fitness - Fopt | measured fitness | best measured fitness | x1 | x2...
1 +1.350085785e+02 +1.350085785e+02 +1.211285785e+02 +1.211285785e+02 +0.0000e+00 +0.0000e+00 +0.0000e+00 +0.0000e+00 +0.0000e+00
2 +2.621567182e+01 +2.621567182e+01 +1.233567182e+01 +1.233567182e+01 -9.0630e-01 +3.7040e+00 -2.1652e+00 +4.3932e+00 -3.4030e+00
3 +1.227591642e+01 +1.227591642e+01 -1.604083580e+00 -1.604083580e+00 -9.0341e-01 +3.7068e+00 -2.2353e+00 +4.4100e+00 -3.4024e+00
52 +1.146108777e+01 +1.146108777e+01 -2.418912235e+00 -2.418912235e+00 -8.9928e-01 +3.7201e+00 -2.2251e+00 +4.4551e+00 -3.3981e+00
74 +1.108266630e+01 +1.108266630e+01 -2.797333698e+00 -2.797333698e+00 -8.9259e-01 +3.7080e+00 -2.2282e+00 +4.4329e+00 -3.4036e+00
81 +1.020337934e+01 +1.020337934e+01 -3.676620661e+00 -3.676620661e+00 -8.9375e-01 +3.7237e+00 -2.2228e+00 +4.4483e+00 -3.4036e+00
84 +9.136557505e+00 +9.136557505e+00 -4.743442495e+00 -4.743442495e+00 -8.9096e-01 +3.8050e+00 -2.1899e+00 +4.4400e+00 -3.4032e+00
151 +9.017711229e+00 +9.017711229e+00 -4.862288771e+00 -4.862288771e+00 -8.8394e-01 +3.8334e+00 -2.1432e+00 +4.4688e+00 -3.4028e+00
186 +7.042828626e+00 +7.042828626e+00 -6.837171374e+00 -6.837171374e+00 -8.8420e-01 +3.9392e+00 -2.1318e+00 +4.4359e+00 -3.4017e+00
232 +6.526771445e+00 +6.526771445e+00 -7.353228555e+00 -7.353228555e+00 -8.8097e-01 +3.9032e+00 -2.1589e+00 +4.4119e+00 -3.4018e+00
234 +6.013568453e+00 +6.013568453e+00 -7.866431547e+00 -7.866431547e+00 -8.7796e-01 +3.9281e+00 -2.1312e+00 +4.4283e+00 -3.4025e+00
% function evaluation | noise-free fitness - Fopt (-1.240400000000e+02) | best noise-free fitness - Fopt | measured fitness | best measured fitness | x1 | x2...
1 +5.977881306e+01 +5.977881306e+01 -6.426118694e+01 -6.426118694e+01 +0.0000e+00 +0.0000e+00 +0.0000e+00 +0.0000e+00 +0.0000e+00
75 +5.808216874e+01 +5.808216874e+01 -6.595783126e+01 -6.595783126e+01 +3.1299e+00 -1.2722e-01 -1.1535e+00 -4.8939e+00 -1.4108e+00
89 +5.365485113e+01 +5.365485113e+01 -7.038514887e+01 -7.038514887e+01 +3.1193e+00 -1.2610e-01 -1.1594e+00 -4.9578e+00 -1.8992e+00
108 +4.400975109e+01 +4.400975109e+01 -8.003024891e+01 -8.003024891e+01 +3.1202e+00 -1.2807e-01 -1.1686e+00 -5.2308e+00 -1.6967e+00
154 +3.131362429e+01 +3.131362429e+01 -9.272637571e+01 -9.272637571e+01 +3.2416e+00 -1.2673e-01 -1.1404e+00 -5.3089e+00 -1.4183e+00
180 +3.006758637e+01 +3.006758637e+01 -9.397241363e+01 -9.397241363e+01 +3.1144e+00 -1.2277e-01 -1.1501e+00 -5.4566e+00 -1.6722e+00
235 +2.859117037e+01 +2.859117037e+01 -9.544882963e+01 -9.544882963e+01 +3.1349e+00 -1.2669e-01 -1.1533e+00 -5.5977e+00 -1.1010e+00
236 +2.647434581e+01 +2.647434581e+01 -9.756565419e+01 -9.756565419e+01 +2.9702e+00 -1.4245e-01 -1.2146e+00 -5.4164e+00 -1.4465e+00
249 +2.159533431e+01 +2.159533431e+01 -1.024446657e+02 -1.024446657e+02 +2.6293e+00 -1.1596e-01 -1.1988e+00 -5.6370e+00 -1.4177e+00
