% function evaluation | noise-free fitness - Fopt (2.997000000000e+01) | best noise-free fitness - Fopt | measured fitness | best measured fitness | x1 | x2...
1 +1.048116465e+03 +1.048116465e+03 +1.078086465e+03 +1.078086465e+03 +0.0000e+00 +0.0000e+00 +0.0000e+00 +0.0000e+00 +0.0000e+00
157 +9.525896008e+02 +9.525896008e+02 +9.825596008e+02 +9.825596008e+02 -5.6710e-01 +1.3445e+00 +7.7430e-01 -1.5672e+00 +2.1366e+00
176 +8.242116236e+02 +8.242116236e+02 +8.541816236e+02 +8.541816236e+02 +5.3283e-01 +1.4467e+00 +4.3453e-01 -1.5698e+00 +1.7998e+00
178 +5.871428741e+02 +5.871428741e+02 +6.171128741e+02 +6.171128741e+02 +4.8923e-01 +1.4869e+00 -5.2672e-01 -1.5559e+00 +2.0363e+00
196 +4.431223344e+02 +4.431223344e+02 +4.730923344e+02 +4.730923344e+02 +7.8498e-01 +1.3718e+00 -1.2096e+00 -1.5713e+00 +2.0047e+00
198 +3.541622107e+02 +3.541622107e+02 +3.841322107e+02 +3.841322107e+02 -1.0221e+00 +1.4566e+00 -2.1322e+00 -1.5665e+00 +2.0559e+00
214 +2.927796890e+02 +2.927796890e+02 +3.227496890e+02 +3.227496890e+02 +5.3401e-01 +1.4647e+00 -2.4548e+00 -1.5701e+00 +2.0893e+00
252 +2.864573538e+02 +2.864573538e+02 +3.164273538e+02 +3.164273538e+02 +4.0460e-01 +1.4003e+00 -2.3790e+00 -1.5670e+00 +2.0508e+00
266 +2.771282656e+02 +2.771282656e+02 +3.070982656e+02 +3.070982656e+02 +5.0350e-01 +1.3943e+00 -2.7611e+00 -1.5754e+00 +2.3458e+00
278 +2.658798015e+02 +2.658798015e+02 +2.958498015e+02 +2.958498015e+02 -1.7124e-01 +1.4960e+00 -2.1975e+00 -1.5777e+00 +2.3293e+00
285 +2.608025995e+02 +2.608025995e+02 +2.907725995e+02 +2.907725995e+02 +1.9571e-02 +1.4273e+00 -2.3109e+00 -1.5737e+00 +2.2740e+00
300 +2.475371973e+02 +2.475371973e+02 +2.775071973e+02 +2.775071973e+02 +3.9473e-01 +1.4013e+00 -2.5005e+00 -1.5609e+00 +2.4488e+00
306 +2.288484768e+02 +2.288484768e+02 +2.588184768e+02 +2.588184768e+02 -6.2593e-02 +1.2821e+00 -2.4843e+00 -1.5513e+00 +2.5253e+00
316 +2.031190164e+02 +2.031190164e+02 +2.330890164e+02 +2.330890164e+02 +2.1795e-01 +1.3703e+00 -2.5178e+00 -1.5712e+00 +2.8061e+00
352 +1.890986887e+02 +1.890986887e+02 +2.190686887e+02 +2.190686887e+02 +3.8749e-01 +1.4946e+00 -2.3425e+00 -1.5587e+00 +3.4892e+00
361 +1.801300913e+02 +1.801300913e+02 +2.101000913e+02 +2.101000913e+02 -9.3610e-01 +1.0523e+00 -3.3598e+00 -1.5857e+00 +4.6272e+00
367 +1.582556673e+02 +1.582556673e+02 +1.882256673e+02 +1.882256673e+02 +2.8354e-01 +1.4218e+00 -2.5895e+00 -1.5602e+00 +3.4044e+00
381 +1.450153641e+02 +1.450153641e+02 +1.749853641e+02 +1.749853641e+02 +2.8997e-01 +1.2914e+00 -2.6531e+00 -1.5853e+00 +4.4415e+00
382 +1.414835957e+02 +1.414835957e+02 +1.714535957e+02 +1.714535957e+02 +3.3235e-01 +1.0333e+00 -2.6156e+00 -1.5702e+00 +3.4648e+00
400 +1.272581652e+02 +1.272581652e+02 +1.572281652e+02 +1.572281652e+02 +5.0027e-02 +1.3647e+00 -2.5811e+00 -1.5719e+00 +3.6302e+00
404 +1.000323543e+02 +1.000323543e+02 +1.300023543e+02 +1.300023543e+02 -1.2046e-01 +1.2330e+00 -2.6717e+00 -1.5665e+00 +3.8997e+00
424 +9.526242314e+01 +9.526242314e+01 +1.252324231e+02 +1.252324231e+02 -4.5809e-02 +1.1996e+00 -2.6925e+00 -1.5876e+00 +4.1051e+00
454 +8.969907114e+01 +8.969907114e+01 +1.196690711e+02 +1.196690711e+02 -2.3023e-02 +1.2135e+00 -2.7275e+00 -1.5735e+00 +4.1263e+00
466 +7.662098348e+01 +7.662098348e+01 +1.065909835e+02 +1.065909835e+02 -5.8306e-02 +1.1829e+00 -2.7479e+00 -1.6418e+00 +3.9864e+00
504 +6.835206829e+01 +6.835206829e+01 +9.832206829e+01 +9.832206829e+01 -1.6769e-01 +1.2044e+00 -2.7969e+00 -1.6027e+00 +4.1984e+00
506 +5.988542995e+01 +5.988542995e+01 +8.985542995e+01 +8.985542995e+01 -2.1657e-02 +1.2049e+00 -2.9169e+00 -1.6016e+00 +4.2317e+00
533 +5.245651630e+01 +5.245651630e+01 +8.242651630e+01 +8.242651630e+01 -7.2344e-02 +1.1736e+00 -2.9318e+00 -1.5999e+00 +4.2761e+00
555 +4.598084745e+01 +4.598084745e+01 +7.595084745e+01 +7.595084745e+01 -7.1712e-02 +8.9494e-01 -3.0337e+00 -1.5912e+00 +4.1148e+00
648 +4.534143666e+01 +4.534143666e+01 +7.531143666e+01 +7.531143666e+01 -1.5095e-02 +8.5948e-01 -3.0299e+00 -1.5969e+00 +4.1874e+00
690 +4.096142836e+01 +4.096142836e+01 +7.093142836e+01 +7.093142836e+01 -6.8185e-02 +8.8240e-01 -3.0525e+00 -1.6079e+00 +4.1803e+00
754 +3.994570185e+01 +3.994570185e+01 +6.991570185e+01 +6.991570185e+01 -4.5050e-02 +8.9189e-01 -3.0381e+00 -1.6203e+00 +4.1996e+00
773 +3.861439422e+01 +3.861439422e+01 +6.858439422e+01 +6.858439422e+01 -8.2830e-02 +8.6984e-01 -3.0694e+00 -1.6259e+00 +4.2114e+00
784 +3.747271555e+01 +3.747271555e+01 +6.744271555e+01 +6.744271555e+01 -7.8512e-02 +7.6981e-01 -3.0447e+00 -1.6368e+00 +4.1084e+00
791 +3.695609251e+01 +3.695609251e+01 +6.692609251e+01 +6.692609251e+01 -5.7966e-02 +8.6890e-01 -3.0311e+00 -1.6417e+00 +4.2081e+00
813 +3.433228528e+01 +3.433228528e+01 +6.430228528e+01 +6.430228528e+01 -1.0178e-01 +9.5078e-01 -2.9853e+00 -1.6513e+00 +4.1683e+00
844 +3.242101626e+01 +3.242101626e+01 +6.239101626e+01 +6.239101626e+01 -7.5478e-02 +9.0130e-01 -2.9746e+00 -1.6947e+00 +4.1246e+00
852 +3.101718821e+01 +3.101718821e+01 +6.098718821e+01 +6.098718821e+01 -3.9034e-02 +8.2754e-01 -3.0299e+00 -1.6885e+00 +4.1525e+00
880 +3.080735883e+01 +3.080735883e+01 +6.077735883e+01 +6.077735883e+01 -6.1506e-02 +8.2720e-01 -3.0228e+00 -1.6643e+00 +4.1103e+00
922 +2.902956298e+01 +2.902956298e+01 +5.899956298e+01 +5.899956298e+01 -6.7944e-02 +8.6596e-01 -3.0160e+00 -1.6776e+00 +4.1371e+00
954 +2.841861887e+01 +2.841861887e+01 +5.838861887e+01 +5.838861887e+01 -7.0823e-02 +8.6429e-01 -3.0225e+00 -1.6756e+00 +4.1278e+00
% function evaluation | noise-free fitness - Fopt (-5.171000000000e+01) | best noise-free fitness - Fopt | measured fitness | best measured fitness | x1 | x2...
1 +1.267442521e+03 +1.267442521e+03 +1.215732521e+03 +1.215732521e+03 +0.0000e+00 +0.0000e+00 +0.0000e+00 +0.0000e+00 +0.0000e+00
241 +1.065231538e+03 +1.065231538e+03 +1.013521538e+03 +1.013521538e+03 +1.8772e+00 -2.7567e+00 -2.1451e+00 -2.0595e+00 -2.1025e-01
282 +9.881487468e+02 +9.881487468e+02 +9.364387468e+02 +9.364387468e+02 +1.8926e+00 -1.9177e+00 -4.0332e-02 -3.7460e+00 +4.7215e-01
300 +8.863210261e+02 +8.863210261e+02 +8.346110261e+02 +8.346110261e+02 +2.0602e+00 -2.5289e+00 -1.5265e+00 -1.2763e+00 +3.0914e+00
324 +7.207387359e+02 +7.207387359e+02 +6.690287359e+02 +6.690287359e+02 +2.1649e+00 +4.1827e+00 -2.7989e-01 -1.4823e+00 -2.1310e+00
331 +6.830445386e+02 +6.830445386e+02 +6.313345386e+02 +6.313345386e+02 +1.8974e+00 -3.6035e-01 -1.7059e+00 -5.0303e+00 -4.3477e-01
352 +4.362480285e+02 +4.362480285e+02 +3.845380285e+02 +3.845380285e+02 +1.8814e+00 -7.8417e-01 -3.4269e+00 -2.4214e+00 +3.8697e+00
383 +3.988737890e+02 +3.988737890e+02 +3.471637890e+02 +3.471637890e+02 +1.8850e+00 -3.7688e-01 -3.4032e+00 -4.1828e+00 +1.7134e+00
400 +3.748625359e+02 +3.748625359e+02 +3.231525359e+02 +3.231525359e+02 +1.9099e+00 -3.8094e-02 -3.1491e+00 -4.2684e+00 +1.6272e+00
408 +3.683510822e+02 +3.683510822e+02 +3.166410822e+02 +3.166410822e+02 +1.8458e+00 +1.7189e-01 -3.0471e+00 -3.4110e+00 +1.8295e+00
416 +3.110000572e+02 +3.110000572e+02 +2.592900572e+02 +2.592900572e+02 +1.8266e+00 +2.1990e+00 -2.6911e+00 -2.7748e+00 +2.0657e+00
431 +1.684135974e+02 +1.684135974e+02 +1.167035974e+02 +1.167035974e+02 +1.8903e+00 +2.6525e+00 -3.0790e+00 -4.2320e+00 +1.3619e+00
470 +7.545153081e+01 +7.545153081e+01 +2.374153081e+01 +2.374153081e+01 +2.8665e+00 +3.1800e+00 -3.0259e+00 -4.1393e+00 +6.5364e-01
653 +5.178369908e+01 +5.178369908e+01 +7.369908261e-02 +7.369908261e-02 +2.3243e+00 +3.1602e+00 -3.3609e+00 -3.6253e+00 +1.1855e+00
692 +3.581435541e+01 +3.581435541e+01 -1.589564459e+01 -1.589564459e+01 +2.5084e+00 +2.8547e+00 -3.4608e+00 -3.7699e+00 +1.4120e+00
711 +3.536998274e+01 +3.536998274e+01 -1.634001726e+01 -1.634001726e+01 +2.5523e+00 +2.7542e+00 -3.6124e+00 -3.4913e+00 +1.3241e+00
725 +3.392672496e+01 +3.392672496e+01 -1.778327504e+01 -1.778327504e+01 +2.5184e+00 +3.0968e+00 -3.5486e+00 -3.6054e+00 +1.3520e+00
734 +1.654322043e+01 +1.654322043e+01 -3.516677957e+01 -3.516677957e+01 +2.3847e+00 +2.7374e+00 -3.5418e+00 -3.7210e+00 +1.4018e+00
900 +1.444919746e+01 +1.444919746e+01 -3.726080254e+01 -3.726080254e+01 +2.5492e+00 +2.8922e+00 -3.4460e+00 -3.7343e+00 +1.1849e+00
936 +6.318888762e+00 +6.318888762e+00 -4.539111124e+01 -4.539111124e+01 +2.4874e+00 +2.8660e+00 -3.5124e+00 -3.6915e+00 +1.3120e+00
% function evaluation | noise-free fitness - Fopt (-2.799500000000e+02) | best noise-free fitness - Fopt | measured fitness | best measured fitness | x1 | x2...
1 +1.914452900e+03 +1.914452900e+03 +1.634502900e+03 +1.634502900e+03 +0.0000e+00 +0.0000e+00 +0.0000e+00 +0.0000e+00 +0.0000e+00
2 +1.804142586e+03 +1.804142586e+03 +1.524192586e+03 +1.524192586e+03 +2.4891e+00 -1.3480e+00 +1.5161e+00 -1.5018e-01 -4.9605e+00
55 +1.750158307e+03 +1.750158307e+03 +1.470208307e+03 +1.470208307e+03 +2.4709e+00 -1.5732e+00 +1.5223e+00 -1.2310e-01 -4.9624e+00
81 +1.728402702e+03 +1.728402702e+03 +1.448452702e+03 +1.448452702e+03 +2.4808e+00 -1.6671e+00 +1.5198e+00 +2.2890e-01 -4.9519e+00
111 +1.697849617e+03 +1.697849617e+03 +1.417899617e+03 +1.417899617e+03 +2.5159e+00 -1.8536e+00 +1.5344e+00 -1.0921e-01 -4.9580e+00
117 +1.652392681e+03 +1.652392681e+03 +1.372442681e+03 +1.372442681e+03 +2.4357e+00 -1.9821e+00 +1.5412e+00 -3.8270e-02 -4.9603e+00
134 +1.597107565e+03 +1.597107565e+03 +1.317157565e+03 +1.317157565e+03 +2.3697e+00 -2.1559e+00 +1.5729e+00 +3.4444e-01 -4.9638e+00
138 +1.575066486e+03 +1.575066486e+03 +1.295116486e+03 +1.295116486e+03 +1.6692e+00 -1.6292e+00 +1.5491e+00 +2.7928e-02 -4.9611e+00
142 +1.529442641e+03 +1.529442641e+03 +1.249492641e+03 +1.249492641e+03 +2.5102e+00 -2.6370e+00 +1.5054e+00 -1.4244e-02 -4.9549e+00
144 +1.204973550e+03 +1.204973550e+03 +9.250235504e+02 +9.250235504e+02 +8.2706e-02 -1.9496e+00 +1.5241e+00 +3.0220e-01 -4.9644e+00
179 +1.110551131e+03 +1.110551131e+03 +8.306011312e+02 +8.306011312e+02 -4.6909e-01 -1.8926e+00 +1.7030e+00 +1.3004e-01 -4.9529e+00
183 +9.318556523e+02 +9.318556523e+02 +6.519056523e+02 +6.519056523e+02 -1.7744e+00 -1.8556e+00 +1.4271e+00 +2.1480e-01 -4.9703e+00
188 +8.079034243e+02 +8.079034243e+02 +5.279534243e+02 +5.279534243e+02 -9.6602e-01 -2.8836e+00 +1.4883e+00 +1.8421e-01 -4.9576e+00
199 +6.413019863e+02 +6.413019863e+02 +3.613519863e+02 +3.613519863e+02 -9.6445e-01 -3.6757e+00 +1.5619e+00 +3.8809e-01 -4.9654e+00
221 +3.659173449e+02 +3.659173449e+02 +8.596734491e+01 +8.596734491e+01 -2.8663e+00 -3.8259e+00 +1.3903e+00 -2.8733e-01 -4.9550e+00
240 +3.076034020e+02 +3.076034020e+02 +2.765340204e+01 +2.765340204e+01 -2.8784e+00 -5.3158e+00 +1.3492e+00 -1.3932e+00 -4.9526e+00
258 +2.885355917e+02 +2.885355917e+02 +8.585591689e+00 +8.585591689e+00 -2.4423e+00 -4.1778e+00 +1.5179e+00 -7.7824e-01 -4.9472e+00
281 +2.236739009e+02 +2.236739009e+02 -5.627609915e+01 -5.627609915e+01 -2.5758e+00 -4.7835e+00 +1.6511e+00 -7.7575e-01 -4.9526e+00
307 +2.071608348e+02 +2.071608348e+02 -7.278916521e+01 -7.278916521e+01 -3.1519e+00 -4.4916e+00 +2.5864e+00 -9.8890e-01 -4.9813e+00
445 +2.027091083e+02 +2.027091083e+02 -7.724089169e+01 -7.724089169e+01 -2.7151e+00 -4.5146e+00 +2.2151e+00 -9.6319e-01 -4.9713e+00
468 +1.965158654e+02 +1.965158654e+02 -8.343413461e+01 -8.343413461e+01 -2.8194e+00 -4.3225e+00 +2.1772e+00 -1.1110e+00 -4.8912e+00
505 +1.916876736e+02 +1.916876736e+02 -8.826232642e+01 -8.826232642e+01 -3.0809e+00 -4.2167e+00 +2.3436e+00 -1.0755e+00 -4.9282e+00
545 +1.902777651e+02 +1.902777651e+02 -8.967223489e+01 -8.967223489e+01 -2.9238e+00 -4.4131e+00 +2.2632e+00 -1.0167e+00 -4.8975e+00
595 +1.837501634e+02 +1.837501634e+02 -9.619983662e+01 -9.619983662e+01 -2.9517e+00 -4.3185e+00 +2.3262e+00 -1.0043e+00 -4.8434e+00
603 +1.798705735e+02 +1.798705735e+02 -1.000794265e+02 -1.000794265e+02 -2.9909e+00 -4.4805e+00 +2.2181e+00 -1.1144e+00 -4.7857e+00
632 +1.775525745e+02 +1.775525745e+02 -1.023974255e+02 -1.023974255e+02 -2.9360e+00 -4.3853e+00 +2.4616e+00 -1.1198e+00 -4.8447e+00
650 +1.699038070e+02 +1.699038070e+02 -1.100461930e+02 -1.100461930e+02 -2.9893e+00 -4.3087e+00 +2.1871e+00 -1.0754e+00 -4.6655e+00
672 +1.595635957e+02 +1.595635957e+02 -1.203864043e+02 -1.203864043e+02 -2.9937e+00 -4.2851e+00 +2.3019e+00 -1.0125e+00 -4.5982e+00
677 +1.565599723e+02 +1.565599723e+02 -1.233900277e+02 -1.233900277e+02 -2.9966e+00 -4.4308e+00 +2.3802e+00 -1.0636e+00 -4.6218e+00
684 +1.506081929e+02 +1.506081929e+02 -1.293418071e+02 -1.293418071e+02 -2.9627e+00 -4.3346e+00 +2.2747e+00 -1.0425e+00 -4.5045e+00
702 +1.369325754e+02 +1.369325754e+02 -1.430174246e+02 -1.430174246e+02 -2.9869e+00 -4.1365e+00 +2.6557e+00 -6.1023e-01 -4.1376e+00
714 +1.148657046e+02 +1.148657046e+02 -1.650842954e+02 -1.650842954e+02 -3.4757e+00 -4.2889e+00 +2.9434e+00 -3.7711e-01 -3.5770e+00
721 +1.030754674e+02 +1.030754674e+02 -1.768745326e+02 -1.768745326e+02 -2.8734e+00 -4.3469e+00 +2.4060e+00 -7.5707e-01 -3.8938e+00
724 +8.476221485e+01 +8.476221485e+01 -1.951877851e+02 -1.951877851e+02 -3.0373e+00 -4.4418e+00 +2.3896e+00 -9.9963e-01 -3.6110e+00
730 +7.694436801e+01 +7.694436801e+01 -2.030056320e+02 -2.030056320e+02 -3.1762e+00 -4.4183e+00 +2.7736e+00 -8.1788e-01 -3.9079e+00
779 +7.457725102e+01 +7.457725102e+01 -2.053727490e+02 -2.053727490e+02 -3.0588e+00 -4.3922e+00 +2.6448e+00 -7.3253e-01 -3.8753e+00
786 +6.706586594e+01 +6.706586594e+01 -2.128841341e+02 -2.128841341e+02 -3.0648e+00 -4.6014e+00 +2.7215e+00 -6.2438e-01 -3.6463e+00
803 +5.875613041e+01 +5.875613041e+01 -2.211938696e+02 -2.211938696e+02 -3.0549e+00 -4.4818e+00 +2.5780e+00 -7.6110e-01 -3.7111e+00
814 +5.392404675e+01 +5.392404675e+01 -2.260259532e+02 -2.260259532e+02 -3.1134e+00 -4.5073e+00 +2.5458e+00 -7.8946e-01 -3.6161e+00
846 +5.093785812e+01 +5.093785812e+01 -2.290121419e+02 -2.290121419e+02 -3.0227e+00 -4.4813e+00 +2.5750e+00 -7.2619e-01 -3.6184e+00
857 +4.602419511e+01 +4.602419511e+01 -2.339258049e+02 -2.339258049e+02 -3.0469e+00 -4.5038e+00 +2.5552e+00 -7.1766e-01 -3.5688e+00
871 +4.440535948e+01 +4.440535948e+01 -2.355446405e+02 -2.355446405e+02 -3.0170e+00 -4.5047e+00 +2.6144e+00 -7.2135e-01 -3.5238e+00
877 +3.764305247e+01 +3.764305247e+01 -2.423069475e+02 -2.423069475e+02 -3.0363e+00 -4.4737e+00 +2.6263e+00 -7.0103e-01 -3.4610e+00
913 +3.653636879e+01 +3.653636879e+01 -2.434136312e+02 -2.434136312e+02 -3.0119e+00 -4.5105e+00 +2.6599e+00 -5.7454e-01 -3.4602e+00
916 +3.509488242e+01 +3.509488242e+01 -2.448551176e+02 -2.448551176e+02 -3.0318e+00 -4.4916e+00 +2.5727e+00 -6.3938e-01 -3.4614e+00
933 +2.933119545e+01 +2.933119545e+01 -2.506188046e+02 -2.506188046e+02 -3.0556e+00 -4.4725e+00 +2.5761e+00 -6.0734e-01 -3.4039e+00
979 +2.813946491e+01 +2.813946491e+01 -2.518105351e+02 -2.518105351e+02 -3.0920e+00 -4.4812e+00 +2.7556e+00 -6.4576e-01 -3.3926e+00
980 +2.580251652e+01 +2.580251652e+01 -2.541474835e+02 -2.541474835e+02 -3.0517e+00 -4.5037e+00 +2.6777e+00 -6.3543e-01 -3.3347e+00
% function evaluation | noise-free fitness - Fopt (9.319900000000e+02) | best noise-free fitness - Fopt | measured fitness | best measured fitness | x1 | x2...
1 +7.845967669e+02 +7.845967669e+02 +1.716586767e+03 +1.716586767e+03 +0.0000e+00 +0.0000e+00 +0.0000e+00 +0.0000e+00 +0.0000e+00
222 +7.713702708e+02 +7.713702708e+02 +1.703360271e+03 +1.703360271e+03 -3.4741e+00 -3.0246e-01 +4.2091e+00 +3.6115e+00 -1.9053e+00
233 +7.538166394e+02 +7.538166394e+02 +1.685806639e+03 +1.685806639e+03 -2.4517e+00 -7.7743e-01 +5.2107e+00 +3.3768e+00 -1.9950e+00
273 +6.642325320e+02 +6.642325320e+02 +1.596222532e+03 +1.596222532e+03 -4.7053e-01 -1.5055e+00 +4.6318e+00 +3.5436e+00 +1.8633e+00
319 +6.554281989e+02 +6.554281989e+02 +1.587418199e+03 +1.587418199e+03 -1.2971e+00 +3.6689e+00 +6.5067e+00 +3.7769e+00 -1.7871e+00
330 +3.527012680e+02 +3.527012680e+02 +1.284691268e+03 +1.284691268e+03 -5.0352e-01 -9.5815e-02 +4.2023e+00 +7.8762e-01 +1.1701e+00
451 +3.307617519e+02 +3.307617519e+02 +1.262751752e+03 +1.262751752e+03 -2.3990e-01 +1.4759e+00 +4.0954e+00 +8.0647e-01 +1.5242e+00
475 +2.946276555e+02 +2.946276555e+02 +1.226617655e+03 +1.226617655e+03 -1.3705e-01 +1.2213e+00 +4.5980e+00 +1.4356e+00 +2.1895e-01
526 +2.677264676e+02 +2.677264676e+02 +1.199716468e+03 +1.199716468e+03 +1.2314e+00 +2.8803e+00 +4.4495e+00 +1.0175e-01 +7.2189e-01
540 +1.508774498e+02 +1.508774498e+02 +1.082867450e+03 +1.082867450e+03 +1.8419e+00 +2.0983e+00 +3.9903e+00 +6.4145e-01 +1.2128e+00
823 +1.358207584e+02 +1.358207584e+02 +1.067810758e+03 +1.067810758e+03 +8.5565e-01 +1.6805e+00 +3.9702e+00 +3.6508e-01 +1.1858e+00
855 +1.310952841e+02 +1.310952841e+02 +1.063085284e+03 +1.063085284e+03 +9.5953e-01 +1.5408e+00 +3.9612e+00 +4.9356e-01 +1.1139e+00
875 +1.133051315e+02 +1.133051315e+02 +1.045295131e+03 +1.045295131e+03 +1.0968e+00 +1.4200e+00 +3.7962e+00 +4.7685e-01 +1.2492e+00
890 +7.842919447e+01 +7.842919447e+01 +1.010419194e+03 +1.010419194e+03 +1.3642e+00 +1.2072e+00 +3.8506e+00 +7.2257e-01 +1.7202e+00
933 +7.676709184e+01 +7.676709184e+01 +1.008757092e+03 +1.008757092e+03 +1.2389e+00 +1.4157e+00 +3.8996e+00 +6.7161e-01 +1.5487e+00
953 +5.869746123e+01 +5.869746123e+01 +9.906874612e+02 +9.906874612e+02 +1.4660e+00 +1.4332e+00 +3.9635e+00 +6.5733e-01 +1.5605e+00
% function evaluation | noise-free fitness - Fopt (1.133100000000e+02) | best noise-free fitness - Fopt | measured fitness | best measured fitness | x1 | x2...
1 +5.494990338e+02 +5.494990338e+02 +6.628090338e+02 +6.628090338e+02 +0.0000e+00 +0.0000e+00 +0.0000e+00 +0.0000e+00 +0.0000e+00
377 +5.340178967e+02 +5.340178967e+02 +6.473278967e+02 +6.473278967e+02 +2.6003e+00 +1.1592e+00 -3.6920e+00 -2.4228e-01 +2.3804e+00
407 +5.100970467e+02 +5.100970467e+02 +6.234070467e+02 +6.234070467e+02 +2.5120e+00 +6.5757e-01 -3.6970e+00 -6.3869e-01 +2.8722e+00
414 +4.446851721e+02 +4.446851721e+02 +5.579951721e+02 +5.579951721e+02 +2.8910e+00 +3.8421e-01 -3.7229e+00 -3.2856e-01 +2.2605e+00
431 +3.928792122e+02 +3.928792122e+02 +5.061892122e+02 +5.061892122e+02 +2.7446e+00 -7.0709e-01 -3.6585e+00 -2.9839e-01 +3.3343e+00
467 +3.351067429e+02 +3.351067429e+02 +4.484167429e+02 +4.484167429e+02 +2.1402e+00 -1.9653e+00 -3.6389e+00 -8.1187e-02 +1.9836e+00
475 +2.904317375e+02 +2.904317375e+02 +4.037417375e+02 +4.037417375e+02 +2.3958e+00 -1.4490e+00 -3.5777e+00 +6.5967e-02 +1.6180e+00
514 +2.384540965e+02 +2.384540965e+02 +3.517640965e+02 +3.517640965e+02 +2.8113e+00 -9.2217e-01 -3.6257e+00 +1.9147e-01 +2.0356e+00
536 +2.319996340e+02 +2.319996340e+02 +3.453096340e+02 +3.453096340e+02 +3.2741e+00 -1.1060e+00 -3.6804e+00 +4.3855e-01 +1.8328e+00
559 +2.260430447e+02 +2.260430447e+02 +3.393530447e+02 +3.393530447e+02 +2.5438e+00 -1.2012e+00 -3.6854e+00 +6.3710e-01 +2.0457e+00
584 +2.023282203e+02 +2.023282203e+02 +3.156382203e+02 +3.156382203e+02 +2.7340e+00 -1.1715e+00 -3.6944e+00 +6.8506e-01 +2.0866e+00
667 +1.992628437e+02 +1.992628437e+02 +3.125728437e+02 +3.125728437e+02 +2.8046e+00 -9.4030e-01 -3.6538e+00 +6.3100e-01 +2.2078e+00
690 +1.914426656e+02 +1.914426656e+02 +3.047526656e+02 +3.047526656e+02 +3.0407e+00 -9.0111e-01 -3.7066e+00 +6.6050e-01 +2.2114e+00
691 +1.678500347e+02 +1.678500347e+02 +2.811600347e+02 +2.811600347e+02 +3.3051e+00 -1.0153e+00 -3.6872e+00 +8.4714e-01 +2.1393e+00
797 +1.582408508e+02 +1.582408508e+02 +2.715508508e+02 +2.715508508e+02 +3.0247e+00 -1.0102e+00 -3.6973e+00 +9.6078e-01 +2.0580e+00
829 +1.526003042e+02 +1.526003042e+02 +2.659103042e+02 +2.659103042e+02 +3.0923e+00 -9.6630e-01 -3.6797e+00 +9.9248e-01 +2.1195e+00
867 +1.489701046e+02 +1.489701046e+02 +2.622801046e+02 +2.622801046e+02 +3.0708e+00 -9.9985e-01 -3.6742e+00 +1.0166e+00 +2.0383e+00
893 +1.464664025e+02 +1.464664025e+02 +2.597764025e+02 +2.597764025e+02 +3.1077e+00 -9.0593e-01 -3.6603e+00 +1.0387e+00 +2.0850e+00
927 +1.395380310e+02 +1.395380310e+02 +2.528480310e+02 +2.528480310e+02 +3.1444e+00 -9.9107e-01 -3.6612e+00 +1.1291e+00 +2.0396e+00
959 +1.316657350e+02 +1.316657350e+02 +2.449757350e+02 +2.449757350e+02 +3.1788e+00 -8.4122e-01 -3.5434e+00 +1.1190e+00 +2.0596e+00
% function evaluation | noise-free fitness - Fopt (-2.095500000000e+02) | best noise-free fitness - Fopt | measured fitness | best measured fitness | x1 | x2...
1 +1.241311698e+03 +1.241311698e+03 +1.031761698e+03 +1.031761698e+03 +0.0000e+00 +0.0000e+00 +0.0000e+00 +0.0000e+00 +0.0000e+00
232 +1.147533684e+03 +1.147533684e+03 +9.379836836e+02 +9.379836836e+02 -1.3530e+00 +1.4519e+00 +2.1984e+00 -3.1679e-01 -1.1389e+00
233 +8.614855680e+02 +8.614855680e+02 +6.519355680e+02 +6.519355680e+02 -1.2080e+00 +3.1039e+00 -2.5974e+00 +2.1661e-01 +1.6086e+00
254 +8.178390604e+02 +8.178390604e+02 +6.082890604e+02 +6.082890604e+02 -1.6900e+00 +1.2841e+00 +3.7608e-01 +5.8614e-01 -2.2192e+00
256 +7.085030991e+02 +7.085030991e+02 +4.989530991e+02 +4.989530991e+02 -1.9325e+00 +2.8600e+00 +2.4938e-01 -2.7797e-01 -1.0912e+00
257 +6.688995139e+02 +6.688995139e+02 +4.593495139e+02 +4.593495139e+02 -2.2723e+00 +2.5942e+00 +3.8662e-01 -8.8837e-01 -1.5565e+00
268 +6.434648847e+02 +6.434648847e+02 +4.339148847e+02 +4.339148847e+02 -1.5710e+00 +3.2266e+00 -9.1227e-01 +4.5424e-02 -2.4574e-01
297 +4.549111169e+02 +4.549111169e+02 +2.453611169e+02 +2.453611169e+02 -1.8337e+00 +1.8435e+00 -1.8451e+00 -1.4724e+00 -1.4200e+00
309 +2.415345904e+02 +2.415345904e+02 +3.198459040e+01 +3.198459040e+01 -2.4608e+00 +2.3620e+00 -2.9975e+00 -7.1802e-01 -3.2141e+00
358 +2.380176554e+02 +2.380176554e+02 +2.846765543e+01 +2.846765543e+01 -2.9785e+00 +2.1580e+00 -1.5630e+00 -3.7969e+00 -2.3558e+00
364 +2.056674896e+02 +2.056674896e+02 -3.882510434e+00 -3.882510434e+00 -3.0113e+00 +2.9700e+00 -1.4374e+00 -2.6828e+00 -2.1605e+00
405 +1.409495161e+02 +1.409495161e+02 -6.860048393e+01 -6.860048393e+01 -3.4740e+00 +2.7532e+00 -3.0509e+00 -2.1387e+00 -1.9345e+00
408 +1.222315610e+02 +1.222315610e+02 -8.731843901e+01 -8.731843901e+01 -3.3976e+00 +2.9228e+00 -3.1771e+00 -1.9063e+00 -1.6223e+00
512 +9.979450002e+01 +9.979450002e+01 -1.097555000e+02 -1.097555000e+02 -3.3372e+00 +3.1693e+00 -3.1389e+00 -1.3965e+00 -1.1891e+00
515 +4.814717805e+01 +4.814717805e+01 -1.614028220e+02 -1.614028220e+02 -2.9160e+00 +3.3869e+00 -3.1322e+00 -1.1012e+00 -1.8660e+00
617 +3.417652128e+01 +3.417652128e+01 -1.753734787e+02 -1.753734787e+02 -3.2675e+00 +3.1102e+00 -2.8617e+00 -9.3135e-01 -1.5380e+00
691 +3.283524224e+01 +3.283524224e+01 -1.767147578e+02 -1.767147578e+02 -3.2233e+00 +3.1305e+00 -2.7670e+00 -1.3729e+00 -1.5038e+00
717 +3.171138189e+01 +3.171138189e+01 -1.778386181e+02 -1.778386181e+02 -3.1583e+00 +3.1853e+00 -3.0295e+00 -8.5267e-01 -1.4770e+00
771 +2.938485427e+01 +2.938485427e+01 -1.801651457e+02 -1.801651457e+02 -3.2027e+00 +3.0900e+00 -2.9855e+00 -9.7095e-01 -1.4890e+00
772 +2.443647945e+01 +2.443647945e+01 -1.851135206e+02 -1.851135206e+02 -3.2151e+00 +3.1801e+00 -3.0170e+00 -1.0294e+00 -1.5432e+00
823 +8.203071769e+00 +8.203071769e+00 -2.013469282e+02 -2.013469282e+02 -3.1389e+00 +3.1404e+00 -2.9852e+00 -9.8324e-01 -1.6592e+00
% function evaluation | noise-free fitness - Fopt (2.850000000000e+00) | best noise-free fitness - Fopt | measured fitness | best measured fitness | x1 | x2...
1 +6.537960825e+02 +6.537960825e+02 +6.566460825e+02 +6.566460825e+02 +0.0000e+00 +0.0000e+00 +0.0000e+00 +0.0000e+00 +0.0000e+00
330 +5.209456977e+02 +5.209456977e+02 +5.237956977e+02 +5.237956977e+02 +4.8392e+00 -1.1198e-01 -1.0027e+00 -1.2142e+00 -3.7920e+00
376 +5.104275718e+02 +5.104275718e+02 +5.132775718e+02 +5.132775718e+02 +4.7437e+00 +7.3015e-01 -1.4500e+00 -1.5217e+00 -2.5912e+00
380 +4.402200108e+02 +4.402200108e+02 +4.430700108e+02 +4.430700108e+02 +4.9330e+00 +1.2270e+00 -1.1399e+00 -2.7388e+00 -3.4501e+00
387 +3.964619999e+02 +3.964619999e+02 +3.993119999e+02 +3.993119999e+02 +4.6176e+00 +1.7346e+00 -8.6830e-01 -1.7475e+00 -3.1081e+00
404 +3.033323234e+02 +3.033323234e+02 +3.061823234e+02 +3.061823234e+02 +4.0231e+00 +1.6953e+00 -1.2835e+00 -1.6333e+00 -4.6192e+00
469 +3.019834182e+02 +3.019834182e+02 +3.048334182e+02 +3.048334182e+02 +3.9654e+00 +1.8794e+00 -1.3977e+00 -1.2604e+00 -4.2916e+00
565 +2.945831314e+02 +2.945831314e+02 +2.974331314e+02 +2.974331314e+02 +4.2369e+00 +2.2640e+00 -5.0780e-01 -2.2148e+00 -3.9287e+00
566 +2.095834789e+02 +2.095834789e+02 +2.124334789e+02 +2.124334789e+02 +3.4648e+00 +2.0710e+00 -1.1089e+00 -2.3693e+00 -4.3433e+00
586 +2.047520626e+02 +2.047520626e+02 +2.076020626e+02 +2.076020626e+02 +3.4545e+00 +1.8683e+00 -7.1148e-01 -2.3480e+00 -3.8212e+00
594 +1.870227944e+02 +1.870227944e+02 +1.898727944e+02 +1.898727944e+02 +3.6971e+00 +2.5367e+00 -8.1638e-01 -2.3403e+00 -3.7568e+00
660 +1.781122628e+02 +1.781122628e+02 +1.809622628e+02 +1.809622628e+02 +3.5006e+00 +2.1318e+00 -1.0764e+00 -2.0011e+00 -3.7315e+00
661 +1.745342292e+02 +1.745342292e+02 +1.773842292e+02 +1.773842292e+02 +3.0862e+00 +1.9760e+00 -1.1708e+00 -2.4380e+00 -3.8653e+00
662 +1.730509420e+02 +1.730509420e+02 +1.759009420e+02 +1.759009420e+02 +3.4452e+00 +2.1992e+00 -6.5493e-01 -2.2552e+00 -3.7628e+00
674 +1.661842988e+02 +1.661842988e+02 +1.690342988e+02 +1.690342988e+02 +3.3968e+00 +2.3092e+00 -9.8517e-01 -1.6209e+00 -3.7677e+00
675 +1.572878756e+02 +1.572878756e+02 +1.601378756e+02 +1.601378756e+02 +3.2187e+00 +1.7481e+00 -7.5929e-01 -1.8459e+00 -3.6272e+00
684 +1.481678530e+02 +1.481678530e+02 +1.510178530e+02 +1.510178530e+02 +2.6353e+00 +1.9924e+00 -5.8468e-01 -2.1893e+00 -3.5752e+00
691 +1.355081874e+02 +1.355081874e+02 +1.383581874e+02 +1.383581874e+02 +3.1916e+00 +2.3477e+00 -5.4795e-01 -1.9460e+00 -3.8212e+00
703 +5.373437060e+01 +5.373437060e+01 +5.658437060e+01 +5.658437060e+01 +2.4531e+00 +2.0631e+00 -9.8169e-01 -1.3823e+00 -3.4833e+00
826 +3.893798672e+01 +3.893798672e+01 +4.178798672e+01 +4.178798672e+01 +2.4813e+00 +1.8824e+00 -7.5715e-01 -1.1796e+00 -3.3880e+00
920 +2.628265653e+01 +2.628265653e+01 +2.913265653e+01 +2.913265653e+01 +2.3072e+00 +1.9509e+00 -8.7327e-01 -1.1570e+00 -3.5898e+00
% function evaluation | noise-free fitness - Fopt (1.975200000000e+02) | best noise-free fitness - Fopt | measured fitness | best measured fitness | x1 | x2...
1 +7.891599010e+02 +7.891599010e+02 +9.866799010e+02 +9.866799010e+02 +0.0000e+00 +0.0000e+00 +0.0000e+00 +0.0000e+00 +0.0000e+00
167 +5.707646489e+02 +5.707646489e+02 +7.682846489e+02 +7.682846489e+02 +2.2037e+00 -4.1791e+00 -4.2841e+00 -2.6410e+00 -3.7289e+00
189 +3.502989647e+02 +3.502989647e+02 +5.478189647e+02 +5.478189647e+02 +2.7793e+00 -2.0346e+00 -4.2932e+00 -3.0107e+00 -3.2744e+00
287 +2.660534999e+02 +2.660534999e+02 +4.635734999e+02 +4.635734999e+02 +2.3085e+00 -9.5125e-01 -4.4676e+00 -1.2934e+00 -3.5640e+00
296 +1.421692288e+02 +1.421692288e+02 +3.396892288e+02 +3.396892288e+02 +2.9247e+00 -2.2405e+00 -4.1088e+00 -2.9429e+00 -5.8561e+00
371 +1.145725226e+02 +1.145725226e+02 +3.120925226e+02 +3.120925226e+02 +2.4371e+00 -2.0422e+00 -4.3382e+00 -2.5962e+00 -5.0342e+00
466 +9.237540617e+01 +9.237540617e+01 +2.898954062e+02 +2.898954062e+02 +2.3575e+00 -1.7978e+00 -4.3135e+00 -2.3563e+00 -5.0214e+00
509 +8.074302183e+01 +8.074302183e+01 +2.782630218e+02 +2.782630218e+02 +2.5056e+00 -1.7564e+00 -4.1678e+00 -2.1782e+00 -5.5250e+00
562 +5.556094421e+01 +5.556094421e+01 +2.530809442e+02 +2.530809442e+02 +2.4679e+00 -1.7667e+00 -4.2362e+00 -2.3376e+00 -5.4351e+00
682 +5.214262668e+01 +5.214262668e+01 +2.496626267e+02 +2.496626267e+02 +2.3885e+00 -1.7280e+00 -4.1682e+00 -2.2943e+00 -5.3145e+00
709 +5.086379566e+01 +5.086379566e+01 +2.483837957e+02 +2.483837957e+02 +2.4045e+00 -1.7229e+00 -4.1436e+00 -2.3010e+00 -5.3712e+00
716 +4.957136484e+01 +4.957136484e+01 +2.470913648e+02 +2.470913648e+02 +2.4301e+00 -1.7497e+00 -4.1411e+00 -2.3037e+00 -5.3603e+00
727 +4.755751960e+01 +4.755751960e+01 +2.450775196e+02 +2.450775196e+02 +2.4179e+00 -1.7412e+00 -4.1565e+00 -2.3024e+00 -5.3716e+00
743 +4.597378369e+01 +4.597378369e+01 +2.434937837e+02 +2.434937837e+02 +2.4078e+00 -1.7457e+00 -4.1414e+00 -2.2932e+00 -5.3853e+00
769 +4.548253994e+01 +4.548253994e+01 +2.430025399e+02 +2.430025399e+02 +2.4052e+00 -1.7414e+00 -4.1690e+00 -2.2836e+00 -5.3657e+00
796 +4.399365105e+01 +4.399365105e+01 +2.415136510e+02 +2.415136510e+02 +2.3998e+00 -1.7634e+00 -4.1529e+00 -2.2648e+00 -5.3971e+00
800 +4.294055536e+01 +4.294055536e+01 +2.404605554e+02 +2.404605554e+02 +2.3918e+00 -1.7562e+00 -4.1598e+00 -2.2943e+00 -5.3817e+00
829 +4.178164620e+01 +4.178164620e+01 +2.393016462e+02 +2.393016462e+02 +2.3856e+00 -1.7641e+00 -4.1796e+00 -2.2872e+00 -5.4064e+00
869 +4.015201721e+01 +4.015201721e+01 +2.376720172e+02 +2.376720172e+02 +2.3868e+00 -1.7549e+00 -4.1604e+00 -2.2707e+00 -5.3870e+00
892 +3.971050140e+01 +3.971050140e+01 +2.372305014e+02 +2.372305014e+02 +2.3854e+00 -1.7580e+00 -4.1634e+00 -2.2666e+00 -5.3833e+00
% function evaluation | noise-free fitness - Fopt (-1.052700000000e+02) | best noise-free fitness - Fopt | measured fitness | best measured fitness | x1 | x2...
1 +1.039461458e+03 +1.039461458e+03 +9.341914580e+02 +9.341914580e+02 +0.0000e+00 +0.0000e+00 +0.0000e+00 +0.0000e+00 +0.0000e+00
291 +9.935721161e+02 +9.935721161e+02 +8.883021161e+02 +8.883021161e+02 -2.4313e+00 +1.0272e+00 -4.4437e-01 -4.8706e+00 +1.1907e+00
345 +9.690052084e+02 +9.690052084e+02 +8.637352084e+02 +8.637352084e+02 -2.4391e+00 +4.0775e-01 -3.4072e-01 -3.6902e+00 +2.2931e+00
403 +9.355397141e+02 +9.355397141e+02 +8.302697141e+02 +8.302697141e+02 -2.4510e+00 +3.7540e-01 -5.4704e-01 -5.0841e+00 +1.2406e+00
417 +9.220410587e+02 +9.220410587e+02 +8.167710587e+02 +8.167710587e+02 -2.4656e+00 +2.3351e-01 -6.5607e-01 -4.3703e+00 +6.9090e-01
428 +8.829634469e+02 +8.829634469e+02 +7.776934469e+02 +7.776934469e+02 -2.4134e+00 -2.0578e-01 -5.6333e-01 -4.8849e+00 +4.1938e-01
455 +8.372876429e+02 +8.372876429e+02 +7.320176429e+02 +7.320176429e+02 -2.2441e+00 -4.6439e-01 -1.2593e-01 -4.9827e+00 +1.3505e+00
465 +8.126072992e+02 +8.126072992e+02 +7.073372992e+02 +7.073372992e+02 -2.3895e+00 -9.2202e-01 -1.2423e+00 -4.4890e+00 +5.1639e-02
479 +7.082424332e+02 +7.082424332e+02 +6.029724332e+02 +6.029724332e+02 -2.0503e+00 -2.4849e+00 -9.1508e-02 -3.8541e+00 +7.6053e-02
522 +6.386166464e+02 +6.386166464e+02 +5.333466464e+02 +5.333466464e+02 -1.4233e+00 -8.6874e-01 -2.5818e-01 -5.1081e+00 +7.5296e-01
574 +6.169308533e+02 +6.169308533e+02 +5.116608533e+02 +5.116608533e+02 -1.3603e+00 -1.5440e+00 -1.0401e+00 -4.7262e+00 -3.8499e-01
612 +5.821603191e+02 +5.821603191e+02 +4.768903191e+02 +4.768903191e+02 -8.9606e-01 -1.5767e+00 +6.3056e-01 -4.5308e+00 +7.5214e-02
629 +4.941590880e+02 +4.941590880e+02 +3.888890880e+02 +3.888890880e+02 -8.9803e-01 -1.8360e+00 -3.3636e-01 -4.5850e+00 +6.7923e-01
644 +4.855433306e+02 +4.855433306e+02 +3.802733306e+02 +3.802733306e+02 -1.0080e+00 -1.6852e+00 -1.2002e+00 -3.4951e+00 +2.1360e-01
687 +4.756907429e+02 +4.756907429e+02 +3.704207429e+02 +3.704207429e+02 -8.6434e-01 -2.1157e+00 -9.9629e-01 -3.9234e+00 +8.6250e-01
703 +4.677176118e+02 +4.677176118e+02 +3.624476118e+02 +3.624476118e+02 -9.8604e-01 -1.8613e+00 -2.0628e+00 -3.5628e+00 +3.7038e-01
729 +4.135717924e+02 +4.135717924e+02 +3.083017924e+02 +3.083017924e+02 -3.0614e-01 -1.1062e-01 -2.6104e+00 -4.3923e+00 +2.8577e-01
734 +3.426149872e+02 +3.426149872e+02 +2.373449872e+02 +2.373449872e+02 -3.7507e-01 -1.4573e+00 -2.1107e+00 -3.3302e+00 +2.9556e-01
758 +2.629916899e+02 +2.629916899e+02 +1.577216899e+02 +1.577216899e+02 +2.4881e-01 -1.7524e+00 -1.8444e+00 -2.9604e+00 +2.5015e-01
800 +2.400226496e+02 +2.400226496e+02 +1.347526496e+02 +1.347526496e+02 +1.3363e-01 -1.1531e+00 -2.8024e+00 -3.1409e+00 +2.3097e-01
827 +2.009692511e+02 +2.009692511e+02 +9.569925107e+01 +9.569925107e+01 +4.7599e-01 -1.4791e+00 -2.2536e+00 -3.3543e+00 +2.5708e-01
849 +1.986501079e+02 +1.986501079e+02 +9.338010790e+01 +9.338010790e+01 +1.2922e+00 -1.5648e+00 -2.2195e+00 -3.2760e+00 +2.2346e-01
861 +1.944180788e+02 +1.944180788e+02 +8.914807876e+01 +8.914807876e+01 +7.7494e-01 -1.5058e+00 -2.2904e+00 -3.9176e+00 +2.4222e-01
887 +1.651864563e+02 +1.651864563e+02 +5.991645634e+01 +5.991645634e+01 +1.1151e+00 -1.5307e+00 -2.4480e+00 -3.2667e+00 +2.8252e-01
906 +1.552568538e+02 +1.552568538e+02 +4.998685382e+01 +4.998685382e+01 +1.1314e+00 -1.1957e+00 -2.3659e+00 -3.8702e+00 +2.4397e-01
953 +1.500361822e+02 +1.500361822e+02 +4.476618219e+01 +4.476618219e+01 +1.0440e+00 -1.1934e+00 -2.3681e+00 -3.6314e+00 +2.3041e-01
955 +1.404608893e+02 +1.404608893e+02 +3.519088932e+01 +3.519088932e+01 +1.0884e+00 -9.5593e-01 -2.4246e+00 -3.6248e+00 +2.4520e-01
965 +1.145284594e+02 +1.145284594e+02 +9.258459430e+00 +9.258459430e+00 +1.0052e+00 -1.0139e+00 -3.0122e+00 -3.7176e+00 +2.9804e-01
988 +9.775513652e+01 +9.775513652e+01 -7.514863483e+00 -7.514863483e+00 +1.0210e+00 -9.8476e-01 -2.7029e+00 -3.7070e+00 +5.8142e-01
% function evaluation | noise-free fitness - Fopt (2.833400000000e+02) | best noise-free fitness - Fopt | measured fitness | best measured fitness | x1 | x2...
1 +1.272870017e+03 +1.272870017e+03 +1.556210017e+03 +1.556210017e+03 +0.0000e+00 +0.0000e+00 +0.0000e+00 +0.0000e+00 +0.0000e+00
254 +1.174853177e+03 +1.174853177e+03 +1.458193177e+03 +1.458193177e+03 -1.4336e+00 -5.9377e-01 -2.8927e+00 -8.6944e-01 -9.1874e-01
262 +1.035084870e+03 +1.035084870e+03 +1.318424870e+03 +1.318424870e+03 +2.9239e-01 -1.2305e-01 -3.0049e+00 -6.1429e+00 -3.8418e-01
293 +6.664575673e+02 +6.664575673e+02 +9.497975673e+02 +9.497975673e+02 -1.0514e+00 +3.0441e+00 -2.8118e+00 -3.9525e+00 +2.4775e-03
345 +6.382734743e+02 +6.382734743e+02 +9.216134743e+02 +9.216134743e+02 -2.5300e+00 +2.7926e+00 -3.2394e+00 -4.6963e+00 -9.9072e-01
365 +5.828907855e+02 +5.828907855e+02 +8.662307855e+02 +8.662307855e+02 -3.6836e+00 +4.3086e+00 -2.9771e+00 -4.3795e+00 -4.8115e-01
378 +5.670459561e+02 +5.670459561e+02 +8.503859561e+02 +8.503859561e+02 -2.7670e+00 +4.2303e+00 -3.2863e+00 -4.0319e+00 -5.2459e-01
398 +4.441896377e+02 +4.441896377e+02 +7.275296377e+02 +7.275296377e+02 -4.1748e+00 +3.1060e+00 -1.8076e+00 -4.0215e+00 -4.9848e-01
453 +4.146733740e+02 +4.146733740e+02 +6.980133740e+02 +6.980133740e+02 -3.6793e+00 +3.9806e+00 -2.6822e+00 -3.2068e+00 -3.8125e-01
480 +3.630394476e+02 +3.630394476e+02 +6.463794476e+02 +6.463794476e+02 -3.3382e+00 +3.6364e+00 -1.9634e+00 -2.6412e+00 -4.7352e-01
509 +3.353989566e+02 +3.353989566e+02 +6.187389566e+02 +6.187389566e+02 -4.3459e+00 +3.2129e+00 -2.2873e+00 -2.7708e+00 -5.1792e-01
511 +3.143564262e+02 +3.143564262e+02 +5.976964262e+02 +5.976964262e+02 -3.6125e+00 +3.2566e+00 -1.8203e+00 -3.0488e+00 -6.1096e-01
531 +2.962612087e+02 +2.962612087e+02 +5.796012087e+02 +5.796012087e+02 -4.3342e+00 +3.5529e+00 -1.9818e+00 -2.8284e+00 -5.1785e-01
533 +2.845890950e+02 +2.845890950e+02 +5.679290950e+02 +5.679290950e+02 -3.6065e+00 +3.3279e+00 -1.2824e+00 -2.8747e+00 -5.4714e-01
553 +2.479861258e+02 +2.479861258e+02 +5.313261258e+02 +5.313261258e+02 -4.1952e+00 +3.2684e+00 -1.7278e+00 -2.5319e+00 -4.5115e-01
596 +2.304762531e+02 +2.304762531e+02 +5.138162531e+02 +5.138162531e+02 -4.5690e+00 +3.3811e+00 -1.4776e+00 -2.6299e+00 -5.0914e-01
608 +2.231631315e+02 +2.231631315e+02 +5.065031315e+02 +5.065031315e+02 -4.3010e+00 +3.2469e+00 -1.6897e+00 -2.1749e+00 -5.6008e-01
618 +1.957063790e+02 +1.957063790e+02 +4.790463790e+02 +4.790463790e+02 -5.0924e+00 +2.7069e+00 -4.8942e-01 -2.6564e+00 -5.6380e-01
631 +1.706589537e+02 +1.706589537e+02 +4.539989537e+02 +4.539989537e+02 -4.5108e+00 +3.1323e+00 -5.8862e-01 -2.3684e+00 -5.1946e-01
660 +1.590524660e+02 +1.590524660e+02 +4.423924660e+02 +4.423924660e+02 -4.4190e+00 +2.9404e+00 -1.0719e+00 -2.2638e+00 -6.9674e-01
677 +1.568583328e+02 +1.568583328e+02 +4.401983328e+02 +4.401983328e+02 -4.6053e+00 +2.9079e+00 -9.4224e-01 -2.4855e+00 -6.8853e-01
679 +1.128173532e+02 +1.128173532e+02 +3.961573532e+02 +3.961573532e+02 -4.8380e+00 +2.9605e+00 -1.0566e+00 -1.9118e+00 -7.1357e-01
721 +9.047316812e+01 +9.047316812e+01 +3.738131681e+02 +3.738131681e+02 -5.4021e+00 +3.0457e+00 -1.0739e+00 -1.6115e+00 -8.6796e-01
753 +6.994335408e+01 +6.994335408e+01 +3.532833541e+02 +3.532833541e+02 -4.9993e+00 +2.6667e+00 -6.2543e-01 -1.9487e+00 -7.6848e-01
788 +6.630227765e+01 +6.630227765e+01 +3.496422777e+02 +3.496422777e+02 -5.1433e+00 +2.7559e+00 -7.2080e-01 -1.8451e+00 -6.8401e-01
835 +5.696879665e+01 +5.696879665e+01 +3.403087966e+02 +3.403087966e+02 -5.0032e+00 +2.4102e+00 -4.2645e-01 -1.8483e+00 -6.3067e-01
874 +4.965185812e+01 +4.965185812e+01 +3.329918581e+02 +3.329918581e+02 -4.9410e+00 +2.5950e+00 -4.1091e-01 -1.9469e+00 -6.3433e-01
917 +4.715446921e+01 +4.715446921e+01 +3.304944692e+02 +3.304944692e+02 -4.9846e+00 +2.4889e+00 -3.3812e-01 -2.0019e+00 -6.0606e-01
923 +4.565350606e+01 +4.565350606e+01 +3.289935061e+02 +3.289935061e+02 -5.0368e+00 +2.6037e+00 -4.7890e-01 -1.8906e+00 -6.1764e-01
930 +4.121555678e+01 +4.121555678e+01 +3.245555568e+02 +3.245555568e+02 -5.0016e+00 +2.5742e+00 -3.6331e-01 -1.8926e+00 -6.3763e-01
940 +3.804354170e+01 +3.804354170e+01 +3.213835417e+02 +3.213835417e+02 -5.0185e+00 +2.4698e+00 -2.2325e-01 -1.9579e+00 -6.0938e-01
971 +3.534544086e+01 +3.534544086e+01 +3.186854409e+02 +3.186854409e+02 -4.9274e+00 +2.3188e+00 -2.0493e-01 -1.9665e+00 -6.2227e-01
996 +2.964225471e+01 +2.964225471e+01 +3.129822547e+02 +3.129822547e+02 -5.0350e+00 +2.4792e+00 -3.2261e-01 -1.8829e+00 -6.4886e-01
% function evaluation | noise-free fitness - Fopt (-8.171000000000e+01) | best noise-free fitness - Fopt | measured fitness | best measured fitness | x1 | x2...
1 +1.317013740e+03 +1.317013740e+03 +1.235303740e+03 +1.235303740e+03 +0.0000e+00 +0.0000e+00 +0.0000e+00 +0.0000e+00 +0.0000e+00
140 +1.223510746e+03 +1.223510746e+03 +1.141800746e+03 +1.141800746e+03 -4.1235e-01 -9.4590e-02 +5.6578e-01 -4.2158e+00 -2.3558e+00
158 +1.014579373e+03 +1.014579373e+03 +9.328693732e+02 +9.328693732e+02 -1.2932e+00 -8.1881e-03 +5.2435e-01 -4.2278e+00 -2.6185e+00
167 +6.524130888e+02 +6.524130888e+02 +5.707030888e+02 +5.707030888e+02 -3.9671e+00 +8.7135e-01 +3.2641e-01 -4.3010e+00 -1.8974e+00
203 +5.723230493e+02 +5.723230493e+02 +4.906130493e+02 +4.906130493e+02 -3.2896e+00 +9.7490e-01 +2.8026e-01 -4.2427e+00 -3.8812e+00
221 +5.490794427e+02 +5.490794427e+02 +4.673694427e+02 +4.673694427e+02 -3.3763e+00 +1.3857e+00 +3.1275e-01 -4.3035e+00 -4.1525e+00
235 +5.266471289e+02 +5.266471289e+02 +4.449371289e+02 +4.449371289e+02 -2.9267e+00 +1.1624e+00 +8.9727e-01 -4.2430e+00 -3.5590e+00
241 +3.347465766e+02 +3.347465766e+02 +2.530365766e+02 +2.530365766e+02 -3.1870e+00 +1.3576e+00 +2.0219e+00 -3.5745e+00 -3.6597e+00
278 +3.280968578e+02 +3.280968578e+02 +2.463868578e+02 +2.463868578e+02 -3.5846e+00 +2.6217e+00 +2.0206e+00 -4.0705e+00 -3.9871e+00
309 +2.992371612e+02 +2.992371612e+02 +2.175271612e+02 +2.175271612e+02 -3.7301e+00 +1.5267e+00 +3.2119e+00 -3.6616e+00 -4.6614e+00
340 +2.940541647e+02 +2.940541647e+02 +2.123441647e+02 +2.123441647e+02 -2.8840e+00 +4.0157e+00 +2.8839e+00 -2.5535e+00 -3.9611e+00
351 +2.798850545e+02 +2.798850545e+02 +1.981750545e+02 +1.981750545e+02 -3.4395e+00 +3.1834e+00 +2.6825e+00 -4.0007e+00 -3.7532e+00
352 +2.669233673e+02 +2.669233673e+02 +1.852133673e+02 +1.852133673e+02 -3.1796e+00 +1.5770e+00 +2.3097e+00 -3.4344e+00 -3.9258e+00
362 +2.223344270e+02 +2.223344270e+02 +1.406244270e+02 +1.406244270e+02 -3.3454e+00 +2.4263e+00 +2.2822e+00 -3.5622e+00 -3.8162e+00
371 +2.160186813e+02 +2.160186813e+02 +1.343086813e+02 +1.343086813e+02 -3.9467e+00 +2.1308e+00 +2.3887e+00 -2.6286e+00 -3.5970e+00
377 +1.345657379e+02 +1.345657379e+02 +5.285573789e+01 +5.285573789e+01 -3.0972e+00 +2.5467e+00 +2.2392e+00 -2.9107e+00 -2.8764e+00
378 +1.187416206e+02 +1.187416206e+02 +3.703162063e+01 +3.703162063e+01 -3.1337e+00 +2.5830e+00 +2.6722e+00 -3.0575e+00 -3.6550e+00
406 +1.032339853e+02 +1.032339853e+02 +2.152398528e+01 +2.152398528e+01 -3.3639e+00 +2.2404e+00 +2.4319e+00 -2.0128e+00 -3.8719e+00
425 +9.883468497e+01 +9.883468497e+01 +1.712468497e+01 +1.712468497e+01 -3.1734e+00 +2.6383e+00 +2.2873e+00 -2.6490e+00 -3.4625e+00
442 +8.771365736e+01 +8.771365736e+01 +6.003657364e+00 +6.003657364e+00 -3.1589e+00 +2.1392e+00 +2.3321e+00 -2.4851e+00 -3.5751e+00
446 +8.408008223e+01 +8.408008223e+01 +2.370082228e+00 +2.370082228e+00 -3.2564e+00 +2.1436e+00 +2.4529e+00 -2.4429e+00 -3.3119e+00
452 +6.524999336e+01 +6.524999336e+01 -1.646000664e+01 -1.646000664e+01 -3.2659e+00 +2.2210e+00 +2.4273e+00 -2.2585e+00 -3.1910e+00
460 +5.505359455e+01 +5.505359455e+01 -2.665640545e+01 -2.665640545e+01 -3.2559e+00 +2.5584e+00 +2.4982e+00 -2.1774e+00 -3.1294e+00
513 +3.611061747e+01 +3.611061747e+01 -4.559938253e+01 -4.559938253e+01 -3.1833e+00 +2.2229e+00 +2.5050e+00 -2.1672e+00 -3.5923e+00
550 +2.922128004e+01 +2.922128004e+01 -5.248871996e+01 -5.248871996e+01 -3.2124e+00 +2.2677e+00 +2.5669e+00 -2.2018e+00 -3.4025e+00
610 +2.449697144e+01 +2.449697144e+01 -5.721302856e+01 -5.721302856e+01 -3.1726e+00 +2.2171e+00 +2.7895e+00 -2.1795e+00 -3.5680e+00
678 +2.122619797e+01 +2.122619797e+01 -6.048380203e+01 -6.048380203e+01 -3.1898e+00 +2.2530e+00 +2.5928e+00 -2.1384e+00 -3.4068e+00
685 +1.869636831e+01 +1.869636831e+01 -6.301363169e+01 -6.301363169e+01 -3.1795e+00 +2.3679e+00 +2.6010e+00 -2.1074e+00 -3.4297e+00
692 +1.783308872e+01 +1.783308872e+01 -6.387691128e+01 -6.387691128e+01 -3.1357e+00 +2.3320e+00 +2.6243e+00 -2.1953e+00 -3.5456e+00
714 +1.201377135e+01 +1.201377135e+01 -6.969622865e+01 -6.969622865e+01 -3.1456e+00 +2.3165e+00 +2.6352e+00 -2.1798e+00 -3.4504e+00
722 +1.048148719e+01 +1.048148719e+01 -7.122851281e+01 -7.122851281e+01 -3.1443e+00 +2.2803e+00 +2.6244e+00 -2.1062e+00 -3.4619e+00
732 +6.622166469e+00 +6.622166469e+00 -7.508783353e+01 -7.508783353e+01 -3.1263e+00 +2.3577e+00 +2.6615e+00 -2.1017e+00 -3.4447e+00
788 +5.304737113e+00 +5.304737113e+00 -7.640526289e+01 -7.640526289e+01 -3.1526e+00 +2.3093e+00 +2.6496e+00 -2.1135e+00 -3.4640e+00
871 +4.090084487e+00 +4.090084487e+00 -7.761991551e+01 -7.761991551e+01 -3.1408e+00 +2.3510e+00 +2.6782e+00 -2.1486e+00 -3.4543e+00
909 +3.135534153e+00 +3.135534153e+00 -7.857446585e+01 -7.857446585e+01 -3.1411e+00 +2.3064e+00 +2.6880e+00 -2.1178e+00 -3.4890e+00
994 +2.802996370e+00 +2.802996370e+00 -7.890700363e+01 -7.890700363e+01 -3.1445e+00 +2.3104e+00 +2.6862e+00 -2.1090e+00 -3.5036e+00
% function evaluation | noise-free fitness - Fopt (2.941500000000e+02) | best noise-free fitness - Fopt | measured fitness | best measured fitness | x1 | x2...
1 +9.328562667e+02 +9.328562667e+02 +1.227006267e+03 +1.227006267e+03 +0.0000e+00 +0.0000e+00 +0.0000e+00 +0.0000e+00 +0.0000e+00
275 +8.985357705e+02 +8.985357705e+02 +1.192685770e+03 +1.192685770e+03 -6.4910e-01 -2.3169e-01 +3.7759e-01 +6.8515e-01 -2.7781e-02
278 +7.818383564e+02 +7.818383564e+02 +1.075988356e+03 +1.075988356e+03 +5.5299e-01 +1.4668e-01 +9.4915e-01 +7.2013e-01 +1.4929e-01
327 +7.594894416e+02 +7.594894416e+02 +1.053639442e+03 +1.053639442e+03 +8.5708e-01 -4.5336e-01 +8.1381e-01 +9.7289e-01 +1.6622e-01
331 +7.443637660e+02 +7.443637660e+02 +1.038513766e+03 +1.038513766e+03 +1.2777e+00 -6.2636e-01 +1.1269e+00 +1.7247e+00 +4.3983e-04
347 +6.662743336e+02 +6.662743336e+02 +9.604243336e+02 +9.604243336e+02 +1.1136e+00 +9.1702e-02 +1.0016e+00 +4.3633e-01 +7.3850e-01
354 +4.998352821e+02 +4.998352821e+02 +7.939852821e+02 +7.939852821e+02 +3.3822e+00 +2.5456e-01 +1.6762e+00 +1.0756e+00 +2.1175e+00
374 +4.748455060e+02 +4.748455060e+02 +7.689955060e+02 +7.689955060e+02 +2.2698e+00 -1.1538e+00 +1.4392e+00 +1.2921e+00 +1.4878e+00
392 +1.427515960e+02 +1.427515960e+02 +4.369015960e+02 +4.369015960e+02 +1.9910e+00 +2.4653e-01 -4.2608e-02 +1.0629e+00 +4.3821e+00
466 +1.203159131e+02 +1.203159131e+02 +4.144659131e+02 +4.144659131e+02 +2.1427e+00 -3.6941e-01 +1.2172e+00 +1.5277e+00 +3.1508e+00
475 +1.129996189e+02 +1.129996189e+02 +4.071496189e+02 +4.071496189e+02 +2.1803e+00 -6.7456e-01 +1.5903e+00 +1.3229e+00 +3.5265e+00
477 +7.913642294e+01 +7.913642294e+01 +3.732864229e+02 +3.732864229e+02 +1.9074e+00 -3.4305e-01 +1.4915e+00 +1.1487e+00 +3.2861e+00
487 +7.616922222e+01 +7.616922222e+01 +3.703192222e+02 +3.703192222e+02 +1.5057e+00 -4.7577e-01 +1.7922e+00 +8.2425e-01 +3.4417e+00
549 +6.195010914e+01 +6.195010914e+01 +3.561001091e+02 +3.561001091e+02 +1.8752e+00 -2.1732e-03 +9.7359e-01 +1.3620e+00 +3.5945e+00
602 +4.013910124e+01 +4.013910124e+01 +3.342891012e+02 +3.342891012e+02 +1.8087e+00 -7.6135e-02 +9.8584e-01 +1.0198e+00 +3.6557e+00
618 +3.734784418e+01 +3.734784418e+01 +3.314978442e+02 +3.314978442e+02 +2.0145e+00 -3.6979e-02 +8.6008e-01 +1.1810e+00 +3.5999e+00
635 +3.250118092e+01 +3.250118092e+01 +3.266511809e+02 +3.266511809e+02 +1.7560e+00 -8.4921e-02 +9.6429e-01 +1.1235e+00 +3.6536e+00
640 +2.725164490e+01 +2.725164490e+01 +3.214016449e+02 +3.214016449e+02 +1.7370e+00 -2.1278e-01 +1.4660e+00 +1.0538e+00 +3.5329e+00
670 +1.691050459e+01 +1.691050459e+01 +3.110605046e+02 +3.110605046e+02 +1.8137e+00 -1.8895e-01 +1.2088e+00 +1.1145e+00 +3.6301e+00
716 +1.458531395e+01 +1.458531395e+01 +3.087353140e+02 +3.087353140e+02 +1.8830e+00 -1.1828e-01 +1.0591e+00 +1.1586e+00 +3.6336e+00
874 +1.308444568e+01 +1.308444568e+01 +3.072344457e+02 +3.072344457e+02 +1.8626e+00 -1.2885e-01 +1.0592e+00 +1.1781e+00 +3.6641e+00
929 +1.239354490e+01 +1.239354490e+01 +3.065435449e+02 +3.065435449e+02 +1.8611e+00 -1.2537e-01 +1.0767e+00 +1.1597e+00 +3.6643e+00
954 +1.098094707e+01 +1.098094707e+01 +3.051309471e+02 +3.051309471e+02 +1.8707e+00 -1.2026e-01 +1.0171e+00 +1.1882e+00 +3.6474e+00
% function evaluation | noise-free fitness - Fopt (-2.703600000000e+02) | best noise-free fitness - Fopt | measured fitness | best measured fitness | x1 | x2...
1 +7.957094694e+02 +7.957094694e+02 +5.253494694e+02 +5.253494694e+02 +0.0000e+00 +0.0000e+00 +0.0000e+00 +0.0000e+00 +0.0000e+00
2 +5.369906102e+02 +5.369906102e+02 +2.666306102e+02 +2.666306102e+02 -4.5283e+00 +1.2595e+00 -3.6312e+00 -6.2788e-01 -3.3376e+00
28 +5.196402790e+02 +5.196402790e+02 +2.492802790e+02 +2.492802790e+02 -4.5342e+00 +1.3167e+00 -3.6634e+00 -6.1431e-01 -3.2457e+00
81 +5.105298357e+02 +5.105298357e+02 +2.401698357e+02 +2.401698357e+02 -4.4989e+00 +1.2142e+00 -3.6395e+00 -4.2504e-01 -3.3370e+00
106 +4.559396101e+02 +4.559396101e+02 +1.855796101e+02 +1.855796101e+02 -4.4506e+00 +1.2780e+00 -3.6011e+00 -2.3357e-01 -3.1536e+00
117 +3.734875101e+02 +3.734875101e+02 +1.031275101e+02 +1.031275101e+02 -4.4481e+00 +1.3008e+00 -3.5215e+00 -1.9566e-01 -2.5112e+00
129 +3.162003010e+02 +3.162003010e+02 +4.584030096e+01 +4.584030096e+01 -4.3875e+00 +1.4684e+00 -3.5158e+00 +4.9888e-01 -2.6828e+00
155 +3.033022840e+02 +3.033022840e+02 +3.294228396e+01 +3.294228396e+01 -4.9493e+00 +1.0909e+00 -3.6314e+00 +7.0687e-01 -2.6529e+00
160 +2.756984780e+02 +2.756984780e+02 +5.338478026e+00 +5.338478026e+00 -4.3660e+00 +1.1360e+00 -3.5830e+00 +1.3614e+00 -2.9150e+00
177 +1.483203972e+02 +1.483203972e+02 -1.220396028e+02 -1.220396028e+02 -5.0115e+00 +1.1028e+00 -3.5312e+00 +1.8128e+00 -2.0302e+00
203 +1.008614134e+02 +1.008614134e+02 -1.694985866e+02 -1.694985866e+02 -4.3984e+00 +8.2801e-01 -3.5148e+00 +1.1138e+00 -1.4609e+00
300 +8.378612199e+01 +8.378612199e+01 -1.865738780e+02 -1.865738780e+02 -4.8717e+00 +6.4466e-01 -3.3526e+00 +1.3127e+00 -1.2100e+00
334 +7.720157899e+01 +7.720157899e+01 -1.931584210e+02 -1.931584210e+02 -4.2745e+00 +7.0311e-01 -3.5644e+00 +1.5183e+00 -1.2223e+00
357 +6.320922303e+01 +6.320922303e+01 -2.071507770e+02 -2.071507770e+02 -4.3053e+00 +7.3428e-01 -3.4217e+00 +1.4749e+00 -1.3266e+00
377 +5.935419389e+01 +5.935419389e+01 -2.110058061e+02 -2.110058061e+02 -4.5460e+00 +7.1422e-01 -3.3008e+00 +1.3087e+00 -1.2859e+00
381 +5.640480930e+01 +5.640480930e+01 -2.139551907e+02 -2.139551907e+02 -4.7324e+00 +6.9104e-01 -3.4348e+00 +1.8587e+00 -1.2985e+00
405 +5.563660330e+01 +5.563660330e+01 -2.147233967e+02 -2.147233967e+02 -4.4046e+00 +7.3044e-01 -3.3759e+00 +1.3624e+00 -1.3123e+00
418 +5.453418642e+01 +5.453418642e+01 -2.158258136e+02 -2.158258136e+02 -4.4557e+00 +7.2858e-01 -3.4154e+00 +1.5257e+00 -1.2949e+00
421 +5.108354139e+01 +5.108354139e+01 -2.192764586e+02 -2.192764586e+02 -4.5026e+00 +7.0589e-01 -3.4081e+00 +1.3658e+00 -1.2323e+00
426 +3.544924593e+01 +3.544924593e+01 -2.349107541e+02 -2.349107541e+02 -4.6526e+00 +6.4915e-01 -3.3984e+00 +1.6834e+00 -1.2211e+00
525 +3.328147945e+01 +3.328147945e+01 -2.370785206e+02 -2.370785206e+02 -4.3287e+00 +5.7472e-01 -3.3981e+00 +1.4266e+00 -1.1789e+00
661 +3.272189650e+01 +3.272189650e+01 -2.376381035e+02 -2.376381035e+02 -4.3559e+00 +5.3503e-01 -3.4181e+00 +1.4614e+00 -1.1244e+00
679 +3.121349418e+01 +3.121349418e+01 -2.391465058e+02 -2.391465058e+02 -4.4318e+00 +5.4866e-01 -3.4218e+00 +1.5162e+00 -1.1100e+00
743 +3.064303065e+01 +3.064303065e+01 -2.397169694e+02 -2.397169694e+02 -4.3768e+00 +5.5258e-01 -3.4141e+00 +1.4734e+00 -1.1175e+00
763 +2.902851087e+01 +2.902851087e+01 -2.413314891e+02 -2.413314891e+02 -4.4008e+00 +5.5895e-01 -3.4082e+00 +1.4808e+00 -1.0916e+00
822 +2.630763376e+01 +2.630763376e+01 -2.440523662e+02 -2.440523662e+02 -4.4418e+00 +5.5130e-01 -3.3984e+00 +1.5302e+00 -1.1160e+00
823 +2.402654420e+01 +2.402654420e+01 -2.463334558e+02 -2.463334558e+02 -4.4058e+00 +5.5704e-01 -3.3819e+00 +1.5126e+00 -1.1153e+00
828 +2.329179674e+01 +2.329179674e+01 -2.470682033e+02 -2.470682033e+02 -4.4725e+00 +5.5444e-01 -3.3841e+00 +1.5284e+00 -1.1247e+00
844 +2.228329593e+01 +2.228329593e+01 -2.480767041e+02 -2.480767041e+02 -4.4212e+00 +5.8057e-01 -3.3687e+00 +1.5019e+00 -1.0990e+00
857 +1.995935391e+01 +1.995935391e+01 -2.504006461e+02 -2.504006461e+02 -4.3734e+00 +5.5791e-01 -3.3514e+00 +1.5034e+00 -1.0967e+00
891 +1.781546392e+01 +1.781546392e+01 -2.525445361e+02 -2.525445361e+02 -4.4114e+00 +5.5656e-01 -3.3185e+00 +1.4828e+00 -1.1321e+00
895 +1.532901390e+01 +1.532901390e+01 -2.550309861e+02 -2.550309861e+02 -4.4432e+00 +5.5157e-01 -3.2575e+00 +1.5022e+00 -1.1033e+00
902 +1.272162316e+01 +1.272162316e+01 -2.576383768e+02 -2.576383768e+02 -4.5295e+00 +5.5476e-01 -3.2777e+00 +1.5063e+00 -1.0137e+00
965 +1.064604136e+01 +1.064604136e+01 -2.597139586e+02 -2.597139586e+02 -4.4690e+00 +5.5223e-01 -3.2929e+00 +1.5455e+00 -1.1087e+00
% function evaluation | noise-free fitness - Fopt (-6.645000000000e+01) | best noise-free fitness - Fopt | measured fitness | best measured fitness | x1 | x2...
1 +1.560604204e+03 +1.560604204e+03 +1.494154204e+03 +1.494154204e+03 +0.0000e+00 +0.0000e+00 +0.0000e+00 +0.0000e+00 +0.0000e+00
232 +1.292803383e+03 +1.292803383e+03 +1.226353383e+03 +1.226353383e+03 -2.0537e+00 +2.1199e+00 -2.9870e-01 -6.5124e+00 -1.6964e-03
255 +1.165142405e+03 +1.165142405e+03 +1.098692405e+03 +1.098692405e+03 -1.4329e+00 +2.0093e+00 -1.3920e+00 -2.6322e+00 -5.1688e-01
269 +1.058085371e+03 +1.058085371e+03 +9.916353712e+02 +9.916353712e+02 +1.6839e+00 +1.9564e+00 -1.4153e+00 -2.0600e-01 -6.0163e-01
277 +9.575559560e+02 +9.575559560e+02 +8.911059560e+02 +8.911059560e+02 +8.4045e-01 +2.0125e+00 -9.4797e-01 -7.9698e-01 -1.3461e+00
279 +6.602422567e+02 +6.602422567e+02 +5.937922567e+02 +5.937922567e+02 -2.5128e-01 +1.8665e+00 -3.0325e+00 -4.4437e+00 -3.2657e+00
316 +5.634814083e+02 +5.634814083e+02 +4.970314083e+02 +4.970314083e+02 +6.3707e-01 +2.2570e+00 -1.3626e+00 -3.1020e+00 -1.4075e+00
346 +5.217360746e+02 +5.217360746e+02 +4.552860746e+02 +4.552860746e+02 +3.9556e+00 +1.9146e+00 -1.0902e+00 -3.7765e+00 -6.0414e-01
349 +4.421962694e+02 +4.421962694e+02 +3.757462694e+02 +3.757462694e+02 +2.8067e+00 +2.6120e+00 -1.1244e+00 -3.7124e+00 +6.7950e-01
355 +3.936909065e+02 +3.936909065e+02 +3.272409065e+02 +3.272409065e+02 +2.7217e+00 +2.2852e+00 -1.3672e+00 -3.4888e+00 -1.3894e+00
358 +3.081623052e+02 +3.081623052e+02 +2.417123052e+02 +2.417123052e+02 +2.0741e+00 +1.8514e+00 -7.7616e-01 -4.5159e+00 -1.5079e+00
364 +2.832019133e+02 +2.832019133e+02 +2.167519133e+02 +2.167519133e+02 +2.1798e+00 +2.6012e+00 -2.8167e-01 -4.1953e+00 +4.1140e-02
380 +2.657709373e+02 +2.657709373e+02 +1.993209373e+02 +1.993209373e+02 +2.4038e+00 +2.2992e+00 -7.4139e-02 -4.4529e+00 -1.9265e+00
384 +2.522669866e+02 +2.522669866e+02 +1.858169866e+02 +1.858169866e+02 +2.0464e+00 +2.6519e+00 -8.7344e-01 -3.9294e+00 -2.6450e+00
478 +2.164912427e+02 +2.164912427e+02 +1.500412427e+02 +1.500412427e+02 +2.6635e+00 +2.8372e+00 +3.5037e-02 -4.2011e+00 -1.3171e+00
514 +1.775794663e+02 +1.775794663e+02 +1.111294663e+02 +1.111294663e+02 +2.4056e+00 +3.0905e+00 -1.7798e-01 -4.1315e+00 -1.1580e+00
543 +1.690736311e+02 +1.690736311e+02 +1.026236311e+02 +1.026236311e+02 +2.3325e+00 +3.3129e+00 -2.7739e-01 -4.0230e+00 -1.1615e+00
552 +1.606760902e+02 +1.606760902e+02 +9.422609021e+01 +9.422609021e+01 +2.2921e+00 +2.8015e+00 +4.1135e-01 -4.1650e+00 -4.7856e-01
553 +1.507365915e+02 +1.507365915e+02 +8.428659153e+01 +8.428659153e+01 +2.2946e+00 +3.2391e+00 -1.5524e-01 -3.9020e+00 -1.1216e+00
589 +1.427432910e+02 +1.427432910e+02 +7.629329101e+01 +7.629329101e+01 +1.8147e+00 +3.2718e+00 +4.2954e-02 -4.0967e+00 -1.0580e+00
592 +1.313078397e+02 +1.313078397e+02 +6.485783969e+01 +6.485783969e+01 +2.1058e+00 +3.0262e+00 +4.1082e-01 -4.0295e+00 -9.5601e-01
602 +1.175920935e+02 +1.175920935e+02 +5.114209351e+01 +5.114209351e+01 +2.1803e+00 +3.3507e+00 +1.7180e-01 -3.8761e+00 -7.0733e-01
603 +1.076003513e+02 +1.076003513e+02 +4.115035129e+01 +4.115035129e+01 +1.9338e+00 +3.6235e+00 +3.6850e-02 -3.9500e+00 -1.0585e+00
631 +1.017580376e+02 +1.017580376e+02 +3.530803760e+01 +3.530803760e+01 +2.1267e+00 +3.3374e+00 +2.6164e-01 -3.9420e+00 -9.5917e-01
633 +9.313243232e+01 +9.313243232e+01 +2.668243232e+01 +2.668243232e+01 +2.1778e+00 +3.7877e+00 +7.2823e-01 -3.9228e+00 -1.1318e+00
646 +6.725303267e+01 +6.725303267e+01 +8.030326707e-01 +8.030326707e-01 +1.9669e+00 +3.6536e+00 +6.2288e-01 -3.8748e+00 -9.8656e-01
736 +6.282136979e+01 +6.282136979e+01 -3.628630206e+00 -3.628630206e+00 +2.1700e+00 +3.5556e+00 +7.2969e-01 -3.8405e+00 -5.6422e-01
741 +5.886026480e+01 +5.886026480e+01 -7.589735198e+00 -7.589735198e+00 +2.1409e+00 +3.5992e+00 +6.6639e-01 -3.8284e+00 -6.5655e-01
753 +5.422741400e+01 +5.422741400e+01 -1.222258600e+01 -1.222258600e+01 +2.1637e+00 +3.6985e+00 +7.7041e-01 -3.8614e+00 -7.7375e-01
765 +3.262067760e+01 +3.262067760e+01 -3.382932240e+01 -3.382932240e+01 +2.1324e+00 +3.8140e+00 +6.7986e-01 -3.6974e+00 -7.3563e-01
852 +2.601329838e+01 +2.601329838e+01 -4.043670162e+01 -4.043670162e+01 +2.0842e+00 +3.8695e+00 +7.4776e-01 -3.6561e+00 -7.0574e-01
884 +2.150122487e+01 +2.150122487e+01 -4.494877513e+01 -4.494877513e+01 +2.1336e+00 +3.9381e+00 +7.6805e-01 -3.6835e+00 -7.2124e-01
927 +1.997956284e+01 +1.997956284e+01 -4.647043716e+01 -4.647043716e+01 +2.1097e+00 +3.9766e+00 +8.3549e-01 -3.6924e+00 -6.6871e-01
935 +1.894691683e+01 +1.894691683e+01 -4.750308317e+01 -4.750308317e+01 +2.1093e+00 +3.9249e+00 +7.5748e-01 -3.6765e+00 -6.6934e-01
959 +1.803518558e+01 +1.803518558e+01 -4.841481442e+01 -4.841481442e+01 +2.1196e+00 +3.9390e+00 +8.1225e-01 -3.6870e+00 -6.6702e-01
961 +1.121677797e+01 +1.121677797e+01 -5.523322203e+01 -5.523322203e+01 +2.1189e+00 +3.9686e+00 +8.1312e-01 -3.6446e+00 -6.4466e-01
% function evaluation | noise-free fitness - Fopt (2.509000000000e+01) | best noise-free fitness - Fopt | measured fitness | best measured fitness | x1 | x2...
1 +5.979150885e+02 +5.979150885e+02 +6.230050885e+02 +6.230050885e+02 +0.0000e+00 +0.0000e+00 +0.0000e+00 +0.0000e+00 +0.0000e+00
164 +4.869659319e+02 +4.869659319e+02 +5.120559319e+02 +5.120559319e+02 +4.4415e+00 +1.1005e+00 -3.0620e+00 +1.5581e+00 -3.3330e+00
193 +4.778219333e+02 +4.778219333e+02 +5.029119333e+02 +5.029119333e+02 +3.8486e+00 +1.0433e+00 -3.0588e+00 +1.5388e+00 -1.9369e+00
209 +4.551333711e+02 +4.551333711e+02 +4.802233711e+02 +4.802233711e+02 +3.8615e+00 +1.1234e+00 -3.0285e+00 +1.6704e+00 -2.5353e+00
253 +4.359662687e+02 +4.359662687e+02 +4.610562687e+02 +4.610562687e+02 +3.9433e+00 +1.2524e+00 -2.5418e+00 +1.2612e+00 -1.8565e+00
282 +4.088641622e+02 +4.088641622e+02 +4.339541622e+02 +4.339541622e+02 +3.7887e+00 +1.1719e+00 -2.6036e+00 +1.7503e+00 -2.8950e+00
357 +3.907968278e+02 +3.907968278e+02 +4.158868278e+02 +4.158868278e+02 +3.8048e+00 +9.8325e-01 -2.5625e+00 +1.9445e+00 -2.6039e+00
379 +3.850821336e+02 +3.850821336e+02 +4.101721336e+02 +4.101721336e+02 +4.7844e+00 +9.3065e-01 -2.4075e+00 +2.3563e+00 -2.6816e+00
402 +3.512305328e+02 +3.512305328e+02 +3.763205328e+02 +3.763205328e+02 +3.8672e+00 +9.0372e-01 -2.3120e+00 +1.7567e+00 -2.3911e+00
432 +3.034117368e+02 +3.034117368e+02 +3.285017368e+02 +3.285017368e+02 +3.8984e+00 +1.0468e+00 -1.8954e+00 +1.9652e+00 -2.5881e+00
445 +3.014900284e+02 +3.014900284e+02 +3.265800284e+02 +3.265800284e+02 +4.0226e+00 +9.6491e-01 -1.7322e+00 +1.7780e+00 -3.1136e+00
462 +2.698822942e+02 +2.698822942e+02 +2.949722942e+02 +2.949722942e+02 +4.5042e+00 +8.7591e-01 -1.5039e+00 +1.8165e+00 -2.9044e+00
471 +2.547739550e+02 +2.547739550e+02 +2.798639550e+02 +2.798639550e+02 +4.2326e+00 +2.9672e-01 -1.5633e+00 +1.3350e+00 -2.4118e+00
480 +2.413241136e+02 +2.413241136e+02 +2.664141136e+02 +2.664141136e+02 +4.1855e+00 +5.6009e-01 -1.5482e+00 +1.5984e+00 -2.5860e+00
484 +2.086570625e+02 +2.086570625e+02 +2.337470625e+02 +2.337470625e+02 +3.9988e+00 +7.4215e-01 -1.0029e+00 +1.6872e+00 -3.0758e+00
507 +1.295642483e+02 +1.295642483e+02 +1.546542483e+02 +1.546542483e+02 +4.1432e+00 +7.0907e-01 +5.6677e-01 +1.8258e+00 -2.4087e+00
540 +1.032307034e+02 +1.032307034e+02 +1.283207034e+02 +1.283207034e+02 +3.6581e+00 +7.2757e-01 -4.4784e-01 +1.6842e+00 -2.3836e+00
583 +9.924536465e+01 +9.924536465e+01 +1.243353647e+02 +1.243353647e+02 +3.7583e+00 +4.8213e-01 -3.7834e-01 +1.4137e+00 -2.6964e+00
619 +8.923781957e+01 +8.923781957e+01 +1.143278196e+02 +1.143278196e+02 +3.9391e+00 +4.4271e-01 -2.3777e-01 +1.5420e+00 -2.6765e+00
628 +4.149405757e+01 +4.149405757e+01 +6.658405757e+01 +6.658405757e+01 +3.6761e+00 +5.0150e-01 +1.9220e-01 +1.5693e+00 -2.3548e+00
633 +3.962514884e+01 +3.962514884e+01 +6.471514884e+01 +6.471514884e+01 +3.5136e+00 +3.6172e-01 +8.7404e-02 +1.5313e+00 -2.5566e+00
655 +2.984496234e+01 +2.984496234e+01 +5.493496234e+01 +5.493496234e+01 +3.4740e+00 +2.4602e-01 +1.4015e-01 +1.5035e+00 -2.4572e+00
666 +2.775473196e+01 +2.775473196e+01 +5.284473196e+01 +5.284473196e+01 +3.6743e+00 +2.8157e-01 +1.3538e-01 +1.5562e+00 -2.4384e+00
732 +2.483468080e+01 +2.483468080e+01 +4.992468080e+01 +4.992468080e+01 +3.4236e+00 +4.9235e-01 +3.1129e-01 +1.4510e+00 -2.4813e+00
830 +2.087441221e+01 +2.087441221e+01 +4.596441221e+01 +4.596441221e+01 +3.5427e+00 +3.1970e-01 +9.6986e-02 +1.5501e+00 -2.4489e+00
870 +1.618166472e+01 +1.618166472e+01 +4.127166472e+01 +4.127166472e+01 +3.5378e+00 +3.7016e-01 +1.2665e-01 +1.5785e+00 -2.4392e+00
881 +1.502206840e+01 +1.502206840e+01 +4.011206840e+01 +4.011206840e+01 +3.5555e+00 +3.3994e-01 +2.4865e-01 +1.5928e+00 -2.4088e+00
883 +1.232163641e+01 +1.232163641e+01 +3.741163641e+01 +3.741163641e+01 +3.5539e+00 +3.3440e-01 +1.7167e-01 +1.5950e+00 -2.4022e+00
916 +1.125071968e+01 +1.125071968e+01 +3.634071968e+01 +3.634071968e+01 +3.5757e+00 +4.2493e-01 +1.6088e-01 +1.6212e+00 -2.4065e+00
917 +9.436786458e+00 +9.436786458e+00 +3.452678646e+01 +3.452678646e+01 +3.5938e+00 +3.5374e-01 +1.7174e-01 +1.6448e+00 -2.4055e+00
933 +8.764861107e+00 +8.764861107e+00 +3.385486111e+01 +3.385486111e+01 +3.5678e+00 +3.6940e-01 +2.0250e-01 +1.6143e+00 -2.4182e+00
964 +7.931586879e+00 +7.931586879e+00 +3.302158688e+01 +3.302158688e+01 +3.5860e+00 +3.8624e-01 +1.8490e-01 +1.6166e+00 -2.4158e+00
996 +7.623970316e+00 +7.623970316e+00 +3.271397032e+01 +3.271397032e+01 +3.5487e+00 +3.9145e-01 +2.1024e-01 +1.5775e+00 -2.4034e+00
