% function evaluation | noise-free fitness - Fopt (-5.465000000000e+02) | best noise-free fitness - Fopt | measured fitness | best measured fitness | x1 | x2...
1 +1.033747614e+04 +1.033747614e+04 +9.790976136e+03 +9.790976136e+03 +0.0000e+00 +0.0000e+00 +0.0000e+00 +0.0000e+00 +0.0000e+00 +0.0000e+00 +0.0000e+00 +0.0000e+00 +0.0000e+00 +0.0000e+00
971 +6.503046855e+03 +6.503046855e+03 +5.956546855e+03 +5.956546855e+03 +1.7273e+00 +1.4596e+00 +1.9690e+00 -3.2769e+00 +9.4848e-01 -9.4133e-01 -1.8797e+00 -4.2095e-01 -2.9796e+00 +3.0879e+00
996 +5.352522428e+03 +5.352522428e+03 +4.806022428e+03 +4.806022428e+03 +1.6924e-01 +1.5189e+00 +2.4932e+00 -3.2549e+00 +7.4098e-01 -1.2132e+00 -5.4550e-01 +4.9641e-01 -3.2398e+00 -5.5829e-01
999 +1.881309394e+03 +1.881309394e+03 +1.334809394e+03 +1.334809394e+03 -1.6799e+00 +1.4661e+00 +2.7412e+00 -3.1127e+00 +2.7636e-01 -1.4007e+00 -9.5767e-01 +1.5411e+00 -2.5575e+00 +1.7371e-02
1015 +1.058281035e+03 +1.058281035e+03 +5.117810349e+02 +5.117810349e+02 -2.3070e-02 +1.4489e+00 +2.2358e+00 -3.1919e+00 +7.3428e-01 -2.2523e+00 -1.6862e+00 +1.3510e+00 -2.2087e+00 +2.9451e-01
1040 +2.873897545e+02 +2.873897545e+02 -2.591102455e+02 -2.591102455e+02 +1.2837e+00 +1.2061e+00 -1.0006e-02 -3.3159e+00 -2.5677e-01 -1.6244e+00 -3.6294e-01 +6.8293e-01 -2.3131e+00 +4.1228e-01
1264 +1.834261489e+02 +1.834261489e+02 -3.630738511e+02 -3.630738511e+02 -2.4811e+00 +1.9418e+00 +1.2167e+00 -3.0270e+00 -4.8829e-01 -2.9091e+00 -6.0630e-01 +5.0686e-01 -2.0287e+00 +2.0493e+00
1285 +1.069234091e+02 +1.069234091e+02 -4.395765909e+02 -4.395765909e+02 +1.6930e+00 +2.0263e+00 +2.3284e+00 -2.3480e+00 +3.2550e-01 -1.4800e+00 -9.1179e-01 +1.2119e+00 -1.9270e+00 +5.3294e-01
1321 +3.460762527e+01 +3.460762527e+01 -5.118923747e+02 -5.118923747e+02 -6.7539e-01 +1.2916e+00 +1.9010e-01 -3.0384e+00 -4.2426e-03 -6.5695e-01 -1.4280e+00 +1.2613e+00 -1.7778e+00 +1.4516e+00
1346 +2.391685751e+01 +2.391685751e+01 -5.225831425e+02 -5.225831425e+02 +1.1713e+00 +1.7705e+00 +7.2601e-02 -3.0277e+00 -6.3740e-02 -1.3392e+00 -2.0752e+00 +2.2656e+00 -1.5373e+00 +2.0677e+00
1362 +1.548847216e+01 +1.548847216e+01 -5.310115278e+02 -5.310115278e+02 -1.3899e+00 +2.4319e+00 +5.4829e-01 -2.7763e+00 -5.5908e-02 -2.3537e+00 -1.1682e+00 +3.9067e-01 -2.3037e+00 +1.7600e+00
1370 +5.963696669e+00 +5.963696669e+00 -5.405363033e+02 -5.405363033e+02 +1.9799e-03 +1.5629e+00 -1.3642e+00 -2.7533e+00 +5.5664e-01 -2.3362e-01 -1.1878e+00 +5.7311e-01 -1.4106e+00 +1.2638e+00
1385 +4.123502620e+00 +4.123502620e+00 -5.423764974e+02 -5.423764974e+02 -1.7789e-01 +1.7533e+00 +6.9807e-01 -2.6198e+00 +3.0587e-02 -1.3116e+00 -1.3348e+00 +6.9335e-01 -2.0130e+00 +1.4864e+00
1488 +3.621122265e+00 +3.621122265e+00 -5.428788777e+02 -5.428788777e+02 +6.9973e-03 +1.7335e+00 +1.3609e+00 -2.4326e+00 +1.6234e-01 -8.4606e-01 -2.2793e+00 +9.4702e-01 -1.9405e+00 +1.5129e+00
1638 +3.368945950e+00 +3.368945950e+00 -5.431310541e+02 -5.431310541e+02 -1.1397e+00 +2.4173e+00 +6.8560e-01 -2.4569e+00 -9.7617e-02 -1.3836e+00 -1.1271e+00 +6.2687e-01 -2.0495e+00 +1.6138e+00
1671 +3.002520725e+00 +3.002520725e+00 -5.434974793e+02 -5.434974793e+02 -6.3583e-01 +1.4474e+00 -6.1122e-01 -2.8309e+00 -3.7091e-01 -1.2045e+00 -1.5223e+00 +6.7416e-01 -2.0476e+00 +1.2762e+00
1971 +2.204436700e+00 +2.204436700e+00 -5.442955633e+02 -5.442955633e+02 -6.8903e-01 -6.8475e-01 +1.1742e+00 -2.2917e+00 +4.4068e-01 -2.5882e+00 -1.9097e+00 +6.2477e-01 -2.4521e+00 +1.3148e+00
103578 +2.100886951e+00 +2.100886951e+00 -5.443991130e+02 -5.443991130e+02 +6.1752e-01 +4.2252e-01 +1.1643e+00 -2.3054e+00 +2.1027e+00 -2.0570e+00 -2.0576e+00 +1.0021e+00 -1.1589e+00 +1.7723e+00
% function evaluation | noise-free fitness - Fopt (1.000000000000e+03) | best noise-free fitness - Fopt | measured fitness | best measured fitness | x1 | x2...
1 +1.033747614e+04 +1.033747614e+04 +1.133747614e+04 +1.133747614e+04 +0.0000e+00 +0.0000e+00 +0.0000e+00 +0.0000e+00 +0.0000e+00 +0.0000e+00 +0.0000e+00 +0.0000e+00 +0.0000e+00 +0.0000e+00
2 +8.930532037e+03 +8.930532037e+03 +9.930532037e+03 +9.930532037e+03 -4.7760e+00 +2.0103e+00 -6.7742e-01 +1.5852e+00 -8.9020e-01 +1.7535e+00 +1.4309e+00 +3.7086e+00 -1.6992e+00 -2.8934e+00
3 +8.898767798e+03 +8.898767798e+03 +9.898767798e+03 +9.898767798e+03 -4.7761e+00 +2.0088e+00 -6.8609e-01 +1.5854e+00 -8.8672e-01 +1.7568e+00 +1.4212e+00 +3.7099e+00 -1.7004e+00 -2.8974e+00
29 +8.705364377e+03 +8.705364377e+03 +9.705364377e+03 +9.705364377e+03 -4.7718e+00 +2.0091e+00 -6.8228e-01 +1.5865e+00 -8.8330e-01 +1.7603e+00 +1.4270e+00 +3.7068e+00 -1.6989e+00 -2.8510e+00
118 +8.379455079e+03 +8.379455079e+03 +9.379455079e+03 +9.379455079e+03 -4.7677e+00 +2.0185e+00 -6.7662e-01 +1.5848e+00 -9.1310e-01 +1.7868e+00 +1.4300e+00 +3.7103e+00 -1.6931e+00 -2.7726e+00
178 +8.304483870e+03 +8.304483870e+03 +9.304483870e+03 +9.304483870e+03 -4.7698e+00 +2.0170e+00 -6.6075e-01 +1.5782e+00 -8.7931e-01 +1.8413e+00 +1.4239e+00 +3.7273e+00 -1.6925e+00 -2.7677e+00
226 +8.112506693e+03 +8.112506693e+03 +9.112506693e+03 +9.112506693e+03 -4.7611e+00 +2.0068e+00 -6.4730e-01 +1.5812e+00 -9.0909e-01 +1.7666e+00 +1.4357e+00 +3.7086e+00 -1.6920e+00 -2.6743e+00
263 +7.859483285e+03 +7.859483285e+03 +8.859483285e+03 +8.859483285e+03 -4.7502e+00 +2.0088e+00 -7.7071e-01 +1.5795e+00 -9.1827e-01 +1.8583e+00 +1.4232e+00 +3.5815e+00 -1.7199e+00 -2.7649e+00
291 +7.692505726e+03 +7.692505726e+03 +8.692505726e+03 +8.692505726e+03 -4.7375e+00 +2.0230e+00 -6.6215e-01 +1.5859e+00 -8.7049e-01 +1.8110e+00 +1.4081e+00 +3.6972e+00 -1.6877e+00 -2.6111e+00
302 +7.402172397e+03 +7.402172397e+03 +8.402172397e+03 +8.402172397e+03 -4.7467e+00 +2.0195e+00 -6.0301e-01 +1.5878e+00 -8.7700e-01 +1.8225e+00 +1.4096e+00 +3.6871e+00 -1.6843e+00 -2.3798e+00
390 +7.104086313e+03 +7.104086313e+03 +8.104086313e+03 +8.104086313e+03 -4.7779e+00 +1.9819e+00 -6.5191e-01 +1.5825e+00 -8.3445e-01 +1.8581e+00 +1.3951e+00 +3.5859e+00 -1.6883e+00 -2.4384e+00
403 +7.041654836e+03 +7.041654836e+03 +8.041654836e+03 +8.041654836e+03 -4.7711e+00 +1.9732e+00 -5.6403e-01 +1.5647e+00 -6.6201e-01 +1.9100e+00 +1.3774e+00 +3.6466e+00 -1.6900e+00 -2.3192e+00
426 +6.592668777e+03 +6.592668777e+03 +7.592668777e+03 +7.592668777e+03 -4.7421e+00 +1.9980e+00 -6.3394e-01 +1.5862e+00 -9.0651e-01 +1.9184e+00 +1.2443e+00 +3.6952e+00 -1.6962e+00 -2.4353e+00
449 +6.043558932e+03 +6.043558932e+03 +7.043558932e+03 +7.043558932e+03 -4.6516e+00 +1.9853e+00 -6.3249e-01 +1.6250e+00 -9.4214e-01 +2.4451e+00 +1.3152e+00 +3.6517e+00 -1.6697e+00 -2.4370e+00
458 +5.812043586e+03 +5.812043586e+03 +6.812043586e+03 +6.812043586e+03 -4.7636e+00 +2.0530e+00 -6.8972e-01 +1.5581e+00 -7.7406e-01 +2.1048e+00 +1.0713e+00 +3.6568e+00 -1.6895e+00 -2.5563e+00
460 +5.433634362e+03 +5.433634362e+03 +6.433634362e+03 +6.433634362e+03 -4.7828e+00 +1.9957e+00 -6.7293e-01 +1.5625e+00 -8.5891e-01 +1.8241e+00 +9.5038e-01 +3.6182e+00 -1.6090e+00 -2.1606e+00
530 +3.706974490e+03 +3.706974490e+03 +4.706974490e+03 +4.706974490e+03 -4.5190e+00 +2.0001e+00 -5.9243e-01 +1.5800e+00 -8.0213e-01 +2.1498e+00 +8.8739e-01 +2.6694e+00 -1.5785e+00 -2.2206e+00
566 +3.329821949e+03 +3.329821949e+03 +4.329821949e+03 +4.329821949e+03 -4.7036e+00 +2.0015e+00 -5.4250e-01 +1.5139e+00 -8.4440e-01 +2.2830e+00 +6.6497e-01 +3.1206e+00 -1.5982e+00 -9.2713e-01
593 +2.528755480e+03 +2.528755480e+03 +3.528755480e+03 +3.528755480e+03 -4.0775e+00 +2.0062e+00 -1.9784e+00 +1.5380e+00 -9.1215e-01 +2.2013e+00 +8.6909e-01 +3.1596e+00 -1.8105e+00 -1.7483e+00
642 +2.377456643e+03 +2.377456643e+03 +3.377456643e+03 +3.377456643e+03 -4.4371e+00 +2.0301e+00 -2.0078e+00 +1.4474e+00 -7.3157e-01 +2.9641e+00 +7.9447e-01 +2.8029e+00 -1.8722e+00 -1.5160e+00
653 +2.056453667e+03 +2.056453667e+03 +3.056453667e+03 +3.056453667e+03 -3.8927e+00 +1.6652e+00 -8.3353e-01 +1.5415e+00 -7.1575e-01 +2.4174e+00 +7.1936e-01 +2.8187e+00 -1.5611e+00 -1.5298e+00
685 +1.874271852e+03 +1.874271852e+03 +2.874271852e+03 +2.874271852e+03 -3.9965e+00 +2.1693e+00 -1.3050e+00 +9.2177e-01 -6.8341e-01 +2.6429e+00 +8.1613e-01 +3.2598e+00 -1.5658e+00 -8.2491e-01
711 +6.064607318e+02 +6.064607318e+02 +1.606460732e+03 +1.606460732e+03 -3.4478e+00 +2.0151e+00 -9.9101e-01 +7.9122e-01 -9.9334e-01 +2.6984e+00 +5.2914e-01 +1.5909e+00 -1.4091e+00 -1.4982e+00
817 +4.556888761e+02 +4.556888761e+02 +1.455688876e+03 +1.455688876e+03 -2.9701e+00 +2.1468e+00 -1.0876e+00 +1.3582e+00 -1.2479e+00 +2.4849e+00 -3.1378e-01 +2.8874e+00 -1.3634e+00 -1.8887e+00
819 +3.042018164e+02 +3.042018164e+02 +1.304201816e+03 +1.304201816e+03 +3.3350e+00 +1.9701e+00 -2.0352e+00 +1.1740e+00 -1.0438e+00 +2.5463e+00 +1.3394e-01 +2.6645e+00 -1.4040e+00 -1.6117e+00
854 +2.790168907e+02 +2.790168907e+02 +1.279016891e+03 +1.279016891e+03 -2.9142e+00 +1.9859e+00 -1.4149e+00 +1.3482e+00 -5.9693e-01 +2.3494e+00 -1.0059e-01 +1.6359e+00 -1.1261e+00 -1.8148e+00
855 +4.846936953e+01 +4.846936953e+01 +1.048469370e+03 +1.048469370e+03 -1.8060e+00 +2.3915e+00 -2.2548e+00 +1.1749e+00 -9.8254e-01 +2.0100e+00 -9.8412e-02 +2.6334e+00 -1.0530e+00 -2.5859e+00
904 +4.148241554e+01 +4.148241554e+01 +1.041482416e+03 +1.041482416e+03 -2.6776e+00 +2.0258e+00 -1.4978e+00 +8.5248e-01 -5.0996e-01 +2.5721e+00 +2.3926e-01 +2.8799e+00 -1.2537e+00 -2.4868e+00
912 +3.105197891e+01 +3.105197891e+01 +1.031051979e+03 +1.031051979e+03 -2.3431e+00 +2.1374e+00 -1.4448e+00 +1.0488e+00 -1.0159e+00 +2.5072e+00 +2.9439e-02 +2.6546e+00 -1.6480e+00 -2.2545e+00
937 +2.476676401e+01 +2.476676401e+01 +1.024766764e+03 +1.024766764e+03 -2.3143e+00 +2.0278e+00 -1.6021e+00 +1.0645e+00 -7.7336e-01 +2.2310e+00 -6.9962e-02 +2.5180e+00 -1.2919e+00 -1.5938e+00
952 +1.792828306e+01 +1.792828306e+01 +1.017928283e+03 +1.017928283e+03 -1.6100e+00 +2.1320e+00 -2.4085e+00 +1.2387e+00 -1.1589e+00 +2.4162e+00 -1.7729e-01 +1.7953e+00 -8.7778e-01 -1.3149e+00
965 +5.664360133e+00 +5.664360133e+00 +1.005664360e+03 +1.005664360e+03 -1.6596e+00 +2.0979e+00 -2.2339e+00 +1.1147e+00 -1.0080e+00 +2.3138e+00 -6.4377e-01 +2.2708e+00 -1.6225e+00 -1.9340e+00
1007 +2.491912554e+00 +2.491912554e+00 +1.002491913e+03 +1.002491913e+03 -2.1314e+00 +2.0088e+00 -1.2760e+00 +8.3288e-02 -9.5748e-01 +2.3067e+00 -1.9169e-01 +2.5222e+00 -1.3058e+00 -2.2064e+00
84249 +2.423829042e+00 +2.423829042e+00 +1.002423829e+03 +1.002423829e+03 -2.0655e+00 +1.0827e+00 -1.5724e+00 -2.2539e+00 -9.5582e-01 +2.2973e+00 -8.5637e-01 +1.4858e+00 -1.3717e+00 -1.1511e+00
99031 +2.082884940e+00 +2.082884940e+00 +1.002082885e+03 +1.002082885e+03 -1.9920e+00 +2.0039e+00 +1.2050e-01 -2.5901e+00 -1.1672e+00 +1.8220e+00 -1.6684e+00 +2.1895e+00 -8.4360e-01 -1.3186e+00
% function evaluation | noise-free fitness - Fopt (2.083800000000e+02) | best noise-free fitness - Fopt | measured fitness | best measured fitness | x1 | x2...
1 +1.033747614e+04 +1.033747614e+04 +1.054585614e+04 +1.054585614e+04 +0.0000e+00 +0.0000e+00 +0.0000e+00 +0.0000e+00 +0.0000e+00 +0.0000e+00 +0.0000e+00 +0.0000e+00 +0.0000e+00 +0.0000e+00
452 +4.895881071e+03 +4.895881071e+03 +5.104261071e+03 +5.104261071e+03 +2.0567e+00 -6.9511e-01 +9.5115e-01 +2.3909e+00 -1.6633e+00 -9.9273e-02 +2.0785e+00 +3.1219e+00 +4.8809e-01 +2.2789e+00
454 +4.017095607e+03 +4.017095607e+03 +4.225475607e+03 +4.225475607e+03 +2.1043e+00 -7.0464e-01 +9.7559e-01 -7.9958e-01 -1.6542e+00 +5.6343e-01 +2.2951e+00 +2.3888e+00 +7.0152e-02 +2.1447e+00
473 +3.801111398e+03 +3.801111398e+03 +4.009491398e+03 +4.009491398e+03 +2.3699e+00 -6.9899e-01 +9.4808e-01 +3.7284e-01 -1.6568e+00 -1.0334e-02 +2.1615e+00 +2.6808e+00 +9.6587e-02 +2.0890e+00
503 +3.576575018e+03 +3.576575018e+03 +3.784955018e+03 +3.784955018e+03 +2.0779e+00 -7.0088e-01 +9.4763e-01 -1.0668e+00 -1.5320e+00 +5.1330e-01 +2.2102e+00 +1.1344e+00 -3.4614e-01 +1.9040e+00
507 +2.722942750e+03 +2.722942750e+03 +2.931322750e+03 +2.931322750e+03 +2.3770e+00 -7.0350e-01 +1.0431e+00 +1.1291e+00 -1.6597e+00 -1.3402e-01 +2.2046e+00 +1.4541e+00 -3.7486e-01 +2.0929e+00
531 +2.071963313e+03 +2.071963313e+03 +2.280343313e+03 +2.280343313e+03 +2.1232e+00 -7.0157e-01 +9.9037e-01 +2.2344e+00 -1.4403e+00 -2.2652e-01 +2.4969e+00 +2.4710e+00 -3.5674e-02 +2.1765e+00
559 +1.372473645e+03 +1.372473645e+03 +1.580853645e+03 +1.580853645e+03 +2.0349e+00 -7.0290e-01 +1.0027e+00 +1.5833e+00 -1.6341e+00 +9.2954e-01 +1.9593e+00 +1.9318e+00 -6.9220e-01 +2.4411e+00
575 +9.585736889e+02 +9.585736889e+02 +1.166953689e+03 +1.166953689e+03 +2.0242e+00 -6.7630e-01 +9.7407e-01 +3.2427e+00 -1.6318e+00 +3.2244e-01 +2.1931e+00 +1.9900e+00 -4.3240e-01 +2.3242e+00
622 +9.466821819e+02 +9.466821819e+02 +1.155062182e+03 +1.155062182e+03 +1.8684e+00 -6.8596e-01 +9.7635e-01 +2.4517e+00 -1.6106e+00 +3.5371e-01 +2.2068e+00 +1.9239e+00 -4.3071e-01 +2.3065e+00
631 +6.731835367e+02 +6.731835367e+02 +8.815635367e+02 +8.815635367e+02 +2.1268e+00 -6.9766e-01 +9.8314e-01 +2.9320e+00 -1.5972e+00 +9.9239e-01 +2.0875e+00 +2.2025e+00 -4.2049e-01 +1.6237e+00
673 +6.537874175e+02 +6.537874175e+02 +8.621674175e+02 +8.621674175e+02 +1.9622e+00 -7.0787e-01 +9.8087e-01 +2.7833e+00 -1.5793e+00 +7.9219e-01 +2.0324e+00 +1.9232e+00 -7.8337e-01 +2.2465e+00
709 +6.010284616e+02 +6.010284616e+02 +8.094084616e+02 +8.094084616e+02 +1.5071e+00 -7.1295e-01 +9.9035e-01 +2.7630e+00 -1.5450e+00 +9.6010e-01 +2.1240e+00 +2.7798e-01 -9.9687e-01 +2.3983e+00
843 +5.254629573e+02 +5.254629573e+02 +7.338429573e+02 +7.338429573e+02 +2.3825e+00 -7.0062e-01 +9.4418e-01 +2.7647e+00 -1.4979e+00 +8.6461e-01 +2.2101e+00 +3.9243e-01 -1.1740e+00 +2.0613e+00
886 +7.823049911e+01 +7.823049911e+01 +2.866104991e+02 +2.866104991e+02 +1.7425e+00 -6.9583e-01 +9.5787e-01 +2.4458e+00 -1.0001e+00 +1.1580e+00 +1.7044e+00 +3.3172e-01 -1.2559e+00 +2.2128e+00
944 +1.813525756e+01 +1.813525756e+01 +2.265152576e+02 +2.265152576e+02 +1.3097e+00 -7.0097e-01 +9.3836e-01 +2.7377e+00 -9.0405e-01 +1.5353e+00 +1.9484e+00 +1.3441e+00 -1.2231e+00 +2.2766e+00
1005 +4.151173074e+00 +4.151173074e+00 +2.125311731e+02 +2.125311731e+02 +2.3783e+00 -6.9683e-01 +9.4295e-01 +2.5964e+00 -6.7469e-01 +1.2762e+00 +1.8812e+00 +1.2602e+00 -1.6721e+00 +2.1625e+00
1102 +3.079484266e+00 +3.079484266e+00 +2.114594843e+02 +2.114594843e+02 -1.0315e-01 -6.8675e-01 +8.8108e-01 +2.4736e+00 -3.5828e-01 +1.3019e+00 +2.2461e+00 +1.6695e+00 -1.6220e+00 +1.8438e+00
1194 +2.956620755e+00 +2.956620755e+00 +2.113366208e+02 +2.113366208e+02 -6.7685e-01 -6.8741e-01 +7.4739e-01 +2.4826e+00 -1.6660e-01 +1.1455e+00 +1.5492e+00 +1.5394e+00 -1.6297e+00 +1.8367e+00
2168 +2.949965908e+00 +2.949965908e+00 +2.113299659e+02 +2.113299659e+02 -7.8299e-01 -6.2702e-01 +5.0699e-01 +1.6352e+00 +1.2780e+00 +1.1390e+00 +2.3617e+00 +5.1421e-01 -2.4523e+00 +1.6386e+00
3589 +2.659622290e+00 +2.659622290e+00 +2.110396223e+02 +2.110396223e+02 -9.5691e-01 -7.6812e-01 -1.0034e-01 +8.5520e-01 +2.4641e+00 +1.0682e+00 +1.1111e+00 +1.2461e+00 -1.3815e+00 +2.0034e+00
4531 +2.450398564e+00 +2.450398564e+00 +2.108303986e+02 +2.108303986e+02 -1.0097e+00 -8.9471e-01 +1.5217e+00 +2.2903e+00 +7.7724e-01 +2.4565e+00 +1.4506e+00 +1.3682e+00 -1.6764e+00 +2.1528e+00
80575 +2.341618363e+00 +2.341618363e+00 +2.107216184e+02 +2.107216184e+02 +7.9572e-01 +4.0027e-01 +2.3131e+00 +2.0457e+00 +1.1613e+00 +2.3056e+00 +2.1145e+00 +1.6027e+00 -1.8206e+00 +2.2344e+00
361484 +2.216142818e+00 +2.216142818e+00 +2.105961428e+02 +2.105961428e+02 +3.7904e-01 -5.6527e-01 +2.7385e+00 +7.0025e-01 +2.4146e+00 +1.3359e-02 +2.0641e+00 +2.1005e+00 -1.7451e+00 +1.3345e+00
% function evaluation | noise-free fitness - Fopt (-1.449600000000e+02) | best noise-free fitness - Fopt | measured fitness | best measured fitness | x1 | x2...
1 +1.033747614e+04 +1.033747614e+04 +1.019251614e+04 +1.019251614e+04 +0.0000e+00 +0.0000e+00 +0.0000e+00 +0.0000e+00 +0.0000e+00 +0.0000e+00 +0.0000e+00 +0.0000e+00 +0.0000e+00 +0.0000e+00
462 +9.799852022e+03 +9.799852022e+03 +9.654892022e+03 +9.654892022e+03 -1.5921e+00 +8.3705e-01 -3.5035e+00 -1.8795e+00 +3.5030e+00 +2.8607e+00 -1.6325e-01 +5.4662e-01 -2.8675e+00 +2.1944e+00
509 +8.962022575e+03 +8.962022575e+03 +8.817062575e+03 +8.817062575e+03 -1.6290e+00 +3.1303e-01 -3.0352e+00 -2.5360e+00 +3.5043e+00 +2.8668e+00 -1.0321e-01 +3.3740e-01 -2.8696e+00 +1.7691e+00
558 +8.199243661e+03 +8.199243661e+03 +8.054283661e+03 +8.054283661e+03 -1.3329e+00 +2.2401e-01 -3.3727e+00 -2.2384e+00 +3.3405e+00 +2.8760e+00 -2.5331e-01 +4.9474e-01 -2.8755e+00 +1.8902e+00
708 +7.753809140e+03 +7.753809140e+03 +7.608849140e+03 +7.608849140e+03 -1.3806e+00 -1.9806e+00 -2.8425e+00 -3.8277e+00 +3.2653e+00 +3.0386e+00 -4.7480e-02 +5.9958e-01 -2.4002e+00 +1.5344e+00
744 +7.100114945e+03 +7.100114945e+03 +6.955154945e+03 +6.955154945e+03 -1.5304e+00 +3.3706e-01 -2.9478e+00 -2.9231e+00 +3.2575e+00 +2.9129e+00 -4.0077e-01 +4.3248e-01 -2.8358e+00 +1.6512e+00
802 +6.134366508e+03 +6.134366508e+03 +5.989406508e+03 +5.989406508e+03 -8.7593e-01 -8.1472e-01 -2.4939e+00 -2.8597e+00 +3.1009e+00 +3.0677e+00 -3.9882e-01 +7.7678e-01 -2.7218e+00 +3.3021e-01
847 +4.109929847e+03 +4.109929847e+03 +3.964969847e+03 +3.964969847e+03 -4.4980e-01 +6.2725e-01 -2.9159e+00 -2.1360e+00 +2.5159e+00 +3.0998e+00 -5.6360e-01 +6.9394e-01 -2.9037e+00 +1.5968e+00
852 +4.070739411e+03 +4.070739411e+03 +3.925779411e+03 +3.925779411e+03 -1.1716e+00 -5.8823e-01 -2.9920e+00 -2.8427e+00 +2.5955e+00 +3.7370e+00 -1.8881e-01 +5.5761e-01 -2.7709e+00 +1.6060e+00
886 +3.488998930e+03 +3.488998930e+03 +3.344038930e+03 +3.344038930e+03 +8.7542e-01 -9.6010e-02 -2.3803e+00 -2.8687e+00 +2.5449e+00 +3.0516e+00 -1.2630e-01 +1.4105e+00 -2.4275e+00 +1.7353e+00
931 +3.379815588e+03 +3.379815588e+03 +3.234855588e+03 +3.234855588e+03 +3.4170e-01 -2.5429e-01 -3.0191e+00 -2.5707e+00 +2.4333e+00 +3.5545e+00 -2.5606e-01 +6.8774e-01 -2.7943e+00 +1.6856e+00
965 +1.995920750e+03 +1.995920750e+03 +1.850960750e+03 +1.850960750e+03 +5.5660e-01 -1.1162e+00 -2.8778e+00 -2.8272e+00 +1.7030e+00 +3.3270e+00 -1.6304e-01 +1.9093e+00 -2.7905e+00 +1.2551e+00
977 +1.119448409e+03 +1.119448409e+03 +9.744884085e+02 +9.744884085e+02 +3.8493e-01 -5.9161e-01 -3.3613e+00 -2.5246e+00 +9.0561e-01 +3.2806e+00 -1.5669e-01 +7.9484e-01 -3.0225e+00 +1.2206e+00
1040 +4.763551681e+02 +4.763551681e+02 +3.313951681e+02 +3.313951681e+02 -7.4805e-01 -3.2757e-01 -3.0730e+00 -2.8470e+00 +7.7931e-01 +3.0023e+00 -3.7671e-01 +1.1124e+00 -2.0690e+00 +1.2490e+00
1110 +1.900952462e+02 +1.900952462e+02 +4.513524624e+01 +4.513524624e+01 +2.0337e+00 -6.6512e-01 -2.9480e+00 -2.4965e+00 +1.0024e+00 +2.9786e+00 -3.3391e-01 +2.6557e+00 -1.2069e+00 +1.7212e+00
1209 +1.414322837e+02 +1.414322837e+02 -3.527716278e+00 -3.527716278e+00 -8.8918e-01 -1.0169e+00 -1.6922e+00 -2.8282e+00 +6.3624e-01 +3.1440e+00 -1.7409e+00 +1.0713e+00 -2.4874e+00 +1.9518e+00
1215 +1.151579614e+02 +1.151579614e+02 -2.980203856e+01 -2.980203856e+01 -5.2782e-01 -3.9412e-01 -2.6719e+00 -1.9254e+00 +9.2717e-01 +2.3284e+00 -6.4465e-01 +1.4908e+00 -2.0191e+00 +1.6729e+00
1254 +7.771654687e+01 +7.771654687e+01 -6.724345313e+01 -6.724345313e+01 -9.3117e-01 -8.5092e-01 -2.3868e+00 -2.5961e+00 +6.7612e-01 +2.5226e+00 -1.2705e+00 +1.2633e+00 -2.3189e+00 +1.7467e+00
1257 +1.946270595e+01 +1.946270595e+01 -1.254972941e+02 -1.254972941e+02 +1.6651e+00 +7.3427e-01 -1.3032e+00 -2.3240e+00 +8.3224e-01 +2.6994e+00 -1.3101e+00 +1.6032e+00 -2.2026e+00 +1.6752e+00
1289 +1.598725847e+01 +1.598725847e+01 -1.289727415e+02 -1.289727415e+02 -6.6097e-01 -1.1260e+00 -2.4371e+00 -2.2226e+00 +7.2604e-01 +1.3230e+00 -9.2097e-01 +1.2780e+00 -2.5106e+00 +1.5912e+00
1300 +5.878477697e+00 +5.878477697e+00 -1.390815223e+02 -1.390815223e+02 -9.8738e-01 -1.6391e+00 -2.4999e+00 -2.3109e+00 +4.2831e-01 +2.7581e+00 -4.9801e-02 +2.3650e+00 -1.5592e+00 +1.0758e+00
1345 +5.633664204e+00 +5.633664204e+00 -1.393263358e+02 -1.393263358e+02 -6.9863e-01 -9.2641e-01 -2.7504e+00 -2.1640e+00 +3.0353e-01 +2.6200e+00 -1.5711e+00 +1.4694e+00 -1.6462e+00 +1.3605e+00
1348 +3.300267898e+00 +3.300267898e+00 -1.416597321e+02 -1.416597321e+02 -1.2007e+00 -1.5207e+00 -1.7633e+00 -2.1398e+00 +8.7117e-02 +2.6632e+00 -1.4252e+00 +1.9739e+00 -1.3984e+00 +1.3617e+00
1414 +3.222622686e+00 +3.222622686e+00 -1.417373773e+02 -1.417373773e+02 +1.0257e+00 -1.9273e+00 -1.5432e+00 -2.1706e+00 +1.7016e-01 +1.7582e+00 -1.3364e+00 +1.4630e+00 -1.8548e+00 +1.0012e+00
1567 +3.098165748e+00 +3.098165748e+00 -1.418618343e+02 -1.418618343e+02 -1.1117e-01 -2.4389e+00 -1.4367e+00 -2.2744e+00 +8.6293e-02 +2.0240e+00 -1.4045e+00 +1.8812e+00 -1.6924e+00 +1.3594e+00
1623 +3.054870930e+00 +3.054870930e+00 -1.419051291e+02 -1.419051291e+02 -9.4099e-01 -2.2534e+00 -1.7893e+00 -2.2050e+00 +1.4978e-01 +1.9926e+00 -1.2702e+00 +1.1302e+00 -1.7825e+00 +1.3562e+00
1642 +2.984605223e+00 +2.984605223e+00 -1.419753948e+02 -1.419753948e+02 +1.7103e+00 -1.5081e+00 -1.4204e+00 -2.2107e+00 +2.6345e-02 +1.9607e+00 -2.2162e+00 +1.9063e+00 -1.6495e+00 +1.3504e+00
1645 +2.847396506e+00 +2.847396506e+00 -1.421126035e+02 -1.421126035e+02 -3.1925e-01 -1.5914e+00 -1.2346e+00 -2.2109e+00 +1.6953e-01 +2.1312e+00 -1.4654e+00 +1.8288e+00 -1.7861e+00 +1.4600e+00
1719 +2.667286712e+00 +2.667286712e+00 -1.422927133e+02 -1.422927133e+02 -2.1031e+00 -1.8507e+00 -1.0778e+00 -2.3188e+00 -3.8501e-01 +1.9961e+00 -1.5766e+00 +1.5525e+00 -9.6391e-01 +1.7441e+00
2088 +2.533563139e+00 +2.533563139e+00 -1.424264369e+02 -1.424264369e+02 -1.8825e+00 -2.1724e+00 -1.1375e+00 -2.3029e+00 +3.4375e-02 +1.7765e+00 -1.7495e+00 +1.7114e+00 -1.7365e+00 +1.6212e+00
20424 +2.461019212e+00 +2.461019212e+00 -1.424989808e+02 -1.424989808e+02 -2.2189e+00 -1.7928e-01 -1.6877e+00 +2.4019e-01 -2.7539e+00 +9.4272e-01 -2.2472e+00 +2.0660e+00 -1.7059e+00 +1.1694e+00
30599 +2.373321885e+00 +2.373321885e+00 -1.425866781e+02 -1.425866781e+02 +1.4316e+00 -2.8769e+00 -3.8071e-01 +9.8630e-02 -9.2881e-01 +2.3808e+00 -3.3547e-01 +1.7031e+00 -8.2577e-01 +2.4070e+00
74088 +2.206919460e+00 +2.206919460e+00 -1.427530805e+02 -1.427530805e+02 -2.0710e+00 -1.9442e+00 -2.0506e+00 -3.2036e-01 -1.3194e+00 +1.3921e+00 -1.2637e+00 +2.3044e+00 -1.6812e+00 +2.2761e+00
98462 +2.108829939e+00 +2.108829939e+00 -1.428511701e+02 -1.428511701e+02 -1.0500e+00 -1.1899e+00 -2.3299e+00 -2.1172e+00 -1.4691e+00 +2.1664e+00 -1.5258e+00 +1.8071e+00 -1.2048e+00 +1.2271e+00
% function evaluation | noise-free fitness - Fopt (-6.300000000000e+00) | best noise-free fitness - Fopt | measured fitness | best measured fitness | x1 | x2...
1 +1.033747614e+04 +1.033747614e+04 +1.033117614e+04 +1.033117614e+04 +0.0000e+00 +0.0000e+00 +0.0000e+00 +0.0000e+00 +0.0000e+00 +0.0000e+00 +0.0000e+00 +0.0000e+00 +0.0000e+00 +0.0000e+00
352 +8.116686319e+03 +8.116686319e+03 +8.110386319e+03 +8.110386319e+03 +1.0044e+00 -9.8027e-01 -3.2070e-01 +4.5510e-01 -4.3428e+00 +2.2849e+00 +2.8162e+00 +9.7076e-01 +1.4852e+00 +9.0525e-01
415 +6.302746077e+03 +6.302746077e+03 +6.296446077e+03 +6.296446077e+03 +9.8822e-01 -9.1954e-01 -3.2114e-01 +4.9515e-01 -4.2219e+00 +2.2399e+00 +2.8169e+00 +6.3267e-01 +1.2087e+00 +2.0193e+00
519 +5.701599484e+03 +5.701599484e+03 +5.695299484e+03 +5.695299484e+03 +1.0796e+00 -1.0013e+00 -4.0424e-01 +4.6842e-01 -4.3884e+00 +2.1639e+00 +2.8166e+00 +3.6159e-01 +2.1473e+00 +1.7149e+00
557 +4.981489301e+03 +4.981489301e+03 +4.975189301e+03 +4.975189301e+03 +1.0708e+00 -1.0254e+00 -2.4678e-01 -3.1308e-01 -4.1612e+00 +2.3427e+00 +2.8181e+00 +1.2723e-01 +2.5852e+00 +4.8425e-01
594 +4.891138133e+03 +4.891138133e+03 +4.884838133e+03 +4.884838133e+03 +1.0101e+00 -9.8660e-01 -3.5508e-01 +4.1858e-01 -3.4975e+00 +2.2376e+00 +2.8161e+00 +5.1818e-01 +2.5377e+00 +1.3455e+00
610 +4.432797141e+03 +4.432797141e+03 +4.426497141e+03 +4.426497141e+03 +8.7513e-01 -9.8514e-01 -4.0802e-01 -3.6673e-01 -4.0950e+00 +2.2098e+00 +2.8136e+00 +7.6254e-02 +1.1676e+00 +6.6730e-01
645 +4.274839386e+03 +4.274839386e+03 +4.268539386e+03 +4.268539386e+03 +9.2263e-01 -9.4701e-01 -2.8292e-01 -1.4062e-02 -3.8527e+00 +2.0582e+00 +2.8156e+00 +5.2375e-01 +2.5669e+00 +1.0428e+00
664 +4.226882971e+03 +4.226882971e+03 +4.220582971e+03 +4.220582971e+03 +1.2825e+00 -1.1093e+00 -4.3778e-01 +2.8908e-02 -3.9943e+00 +2.1899e+00 +2.8133e+00 -4.0899e-01 +1.0430e+00 +1.1474e+00
669 +3.785657912e+03 +3.785657912e+03 +3.779357912e+03 +3.779357912e+03 +6.1263e-01 -1.0737e+00 -1.6151e-01 +1.1137e-01 -3.5580e+00 +2.1809e+00 +2.8126e+00 -1.1511e-01 +2.7606e+00 +6.9801e-01
712 +3.682107466e+03 +3.682107466e+03 +3.675807466e+03 +3.675807466e+03 +1.1816e+00 -1.2315e+00 -1.9107e+00 +2.3103e-01 -3.0670e+00 +2.1477e+00 +2.7887e+00 -2.6937e-01 +1.0256e+00 +1.3284e+00
714 +3.498641608e+03 +3.498641608e+03 +3.492341608e+03 +3.492341608e+03 +9.7833e-01 -1.1252e+00 +8.5994e-01 +2.3202e-01 -3.6223e+00 +2.0479e+00 +2.8000e+00 +7.8144e-02 +2.2232e+00 +4.4383e-01
746 +3.358224754e+03 +3.358224754e+03 +3.351924754e+03 +3.351924754e+03 +9.2636e-01 -9.8980e-01 -1.7220e+00 -4.5585e-01 -3.4048e+00 +2.0126e+00 +2.8087e+00 +3.9665e-01 +2.5392e+00 +4.9696e-01
758 +2.990014752e+03 +2.990014752e+03 +2.983714752e+03 +2.983714752e+03 +1.0382e+00 -1.1152e+00 -1.4080e+00 -1.4933e-01 -3.1984e+00 +1.9052e+00 +2.7970e+00 +3.7299e-01 +1.6852e+00 +1.5004e+00
761 +2.725967304e+03 +2.725967304e+03 +2.719667304e+03 +2.719667304e+03 +9.1909e-01 -1.2032e+00 +3.3134e-01 -7.2792e-01 -3.2977e+00 +1.9506e+00 +2.8024e+00 +7.5056e-02 +2.0974e+00 +7.1758e-01
795 +2.101929970e+03 +2.101929970e+03 +2.095629970e+03 +2.095629970e+03 +8.0221e-01 -1.0361e+00 +7.1196e-01 +1.6524e+00 -3.7532e+00 -1.7815e-02 +2.8073e+00 -5.2029e-01 +2.9099e+00 +1.1555e+00
811 +1.684613981e+03 +1.684613981e+03 +1.678313981e+03 +1.678313981e+03 +9.2790e-01 -1.3684e+00 -5.7944e-01 +1.5982e-01 -3.5352e+00 +1.5663e+00 +2.8024e+00 -6.5636e-01 +2.2462e+00 +1.4457e+00
873 +1.614021479e+03 +1.614021479e+03 +1.607721479e+03 +1.607721479e+03 +9.4231e-01 -1.1192e+00 -6.2105e-01 +4.5160e-01 -3.4169e+00 +1.5361e+00 +2.8044e+00 -7.4888e-01 +2.1065e+00 +1.1517e+00
885 +1.542023043e+03 +1.542023043e+03 +1.535723043e+03 +1.535723043e+03 +8.7000e-01 -1.4424e+00 -1.5625e-01 -6.9039e-01 -3.5761e+00 +1.5781e+00 +2.8054e+00 +1.2649e-01 +1.9091e+00 +1.2032e+00
921 +1.241030600e+03 +1.241030600e+03 +1.234730600e+03 +1.234730600e+03 +1.0453e+00 -1.5045e+00 -2.6943e-01 -4.8641e-02 -3.1108e+00 +1.4809e+00 +2.7925e+00 -2.6957e-01 +2.1433e+00 +1.0348e+00
936 +1.018623769e+03 +1.018623769e+03 +1.012323769e+03 +1.012323769e+03 +8.4308e-01 -1.1006e+00 -2.1020e-01 -4.2074e-01 -3.2135e+00 +1.4142e+00 +2.8035e+00 -3.9743e-01 +1.7439e+00 +1.5734e+00
964 +4.523674561e+02 +4.523674561e+02 +4.460674561e+02 +4.460674561e+02 +8.2964e-01 -1.2121e+00 -7.1062e-01 -9.8476e-01 -3.1668e+00 +1.0954e+00 +2.8022e+00 -1.9727e+00 +2.1607e+00 +1.0001e+00
1035 +3.311688391e+02 +3.311688391e+02 +3.248688391e+02 +3.248688391e+02 +7.5060e-01 -1.2879e+00 -1.4975e+00 -1.1665e+00 -2.6476e+00 +8.8275e-01 +2.8151e+00 -1.8316e+00 +1.5324e+00 +1.2505e+00
1036 +7.744024663e+01 +7.744024663e+01 +7.114024663e+01 +7.114024663e+01 +2.2129e-01 -1.5862e+00 -1.9371e+00 -1.6799e-01 -2.8506e+00 +7.3889e-01 +2.8308e+00 -7.2632e-01 +1.1258e+00 +1.2205e+00
1067 +1.344436394e+01 +1.344436394e+01 +7.144363938e+00 +7.144363938e+00 -2.6854e-01 -1.2051e+00 -1.7001e+00 -7.4007e-01 -3.1399e+00 +4.2450e-01 +2.7963e+00 -7.9321e-01 +1.9036e+00 +1.0760e+00
1070 +4.337189068e+00 +4.337189068e+00 -1.962810932e+00 -1.962810932e+00 +3.3997e-01 -1.0436e+00 -8.4894e-01 -5.1209e-01 -2.6349e+00 +2.7614e-01 +2.8021e+00 -1.2029e+00 +1.5347e+00 +1.8445e+00
1108 +4.177936192e+00 +4.177936192e+00 -2.122063808e+00 -2.122063808e+00 -1.1251e+00 -1.7983e+00 -1.5635e+00 -3.8143e-01 -2.9349e+00 +2.0030e-01 +2.7990e+00 -8.4112e-01 +1.7914e+00 +1.3347e+00
1210 +3.022587669e+00 +3.022587669e+00 -3.277412331e+00 -3.277412331e+00 -1.6648e+00 -1.2350e+00 -9.9309e-01 -1.3085e-01 -2.6922e+00 -1.4076e-01 +2.7352e+00 -8.6989e-01 +1.6442e+00 +1.5927e+00
1511 +2.754131666e+00 +2.754131666e+00 -3.545868334e+00 -3.545868334e+00 +2.0569e+00 -1.1832e+00 -6.3652e-01 +2.0533e+00 -2.1695e+00 -7.4330e-02 +2.6665e+00 -8.2433e-01 +1.1399e+00 +1.3976e+00
1688 +2.650686694e+00 +2.650686694e+00 -3.649313306e+00 -3.649313306e+00 +1.7967e+00 -1.1319e+00 -9.2890e-01 +5.9712e-02 -2.5361e+00 -1.0725e-01 +2.5297e+00 -9.0571e-01 +2.3139e+00 +1.6316e+00
1973 +2.470897473e+00 +2.470897473e+00 -3.829102527e+00 -3.829102527e+00 -1.4251e+00 -1.2614e+00 -8.4199e-01 +2.4164e+00 -1.8731e+00 -3.3472e-01 +2.5541e+00 -1.0579e+00 +1.0817e+00 +1.5510e+00
74367 +2.416009451e+00 +2.416009451e+00 -3.883990549e+00 -3.883990549e+00 -1.5940e+00 -1.2793e-01 -2.5481e+00 +1.2343e+00 -9.6973e-01 -5.3167e-01 +8.9219e-01 -2.3981e+00 +1.4778e+00 +1.9217e+00
157100 +2.332375975e+00 +2.332375975e+00 -3.967624025e+00 -3.967624025e+00 +1.9405e+00 -2.0477e+00 -2.2230e+00 +7.9188e-01 -8.1630e-01 -1.0617e+00 +1.4144e+00 -2.2552e+00 +1.3213e+00 +1.1613e+00
387027 +2.184170226e+00 +2.184170226e+00 -4.115829774e+00 -4.115829774e+00 -1.8604e-01 -8.1102e-01 -1.6812e+00 +2.3033e+00 -2.0112e+00 -2.0270e+00 +2.1811e+00 -1.4325e+00 +2.2828e+00 +1.7130e+00
393406 +1.916781612e+00 +1.916781612e+00 -4.383218388e+00 -4.383218388e+00 +1.9813e+00 -1.1480e+00 +5.2687e-01 +3.1221e-01 -4.0066e-01 -1.8890e+00 +2.1073e+00 -2.0639e+00 +1.3975e+00 +1.3790e+00
% function evaluation | noise-free fitness - Fopt (2.796000000000e+01) | best noise-free fitness - Fopt | measured fitness | best measured fitness | x1 | x2...
1 +1.033747614e+04 +1.033747614e+04 +1.036543614e+04 +1.036543614e+04 +0.0000e+00 +0.0000e+00 +0.0000e+00 +0.0000e+00 +0.0000e+00 +0.0000e+00 +0.0000e+00 +0.0000e+00 +0.0000e+00 +0.0000e+00
1558 +1.020908273e+04 +1.020908273e+04 +1.023704273e+04 +1.023704273e+04 -1.9572e+00 +3.0476e+00 +3.4847e+00 +2.2885e+00 -2.3368e+00 +9.2221e-01 +3.9724e+00 +1.4976e+00 -3.5024e+00 -2.5873e+00
1607 +8.724362762e+03 +8.724362762e+03 +8.752322762e+03 +8.752322762e+03 +1.0377e+00 +9.2620e-01 +1.6275e+00 -4.6364e+00 -1.9081e+00 +9.9461e-01 +4.2474e+00 +3.8731e-01 -3.5317e+00 -1.8503e+00
1638 +8.165594512e+03 +8.165594512e+03 +8.193554512e+03 +8.193554512e+03 -2.2970e+00 -5.5023e-01 +1.9470e+00 +1.7672e+00 -2.0603e+00 +8.5341e-01 +4.4074e+00 +1.5919e+00 -3.1859e+00 -8.9127e-01
1658 +7.490565997e+03 +7.490565997e+03 +7.518525997e+03 +7.518525997e+03 +9.0577e-01 -3.9362e-01 +5.6629e-01 -1.8919e+00 -2.2906e+00 +7.8357e-01 +3.4873e+00 +1.6047e+00 -7.2964e-01 -7.4430e-01
1661 +3.947291751e+03 +3.947291751e+03 +3.975251751e+03 +3.975251751e+03 -3.3797e-01 -1.2649e+00 +1.7308e+00 -2.9256e+00 -2.0356e+00 +8.8971e-01 +3.2164e+00 +1.2111e+00 -2.3892e+00 -1.4068e+00
1697 +2.691760459e+03 +2.691760459e+03 +2.719720459e+03 +2.719720459e+03 +2.3177e+00 -6.9748e-01 +2.2311e+00 +5.0266e-01 -2.7050e+00 +9.4064e-01 +3.6632e+00 +1.0017e+00 -1.6026e+00 -1.4591e+00
1792 +2.394547478e+03 +2.394547478e+03 +2.422507478e+03 +2.422507478e+03 -5.4282e-02 -4.7923e-01 +7.2354e-01 -1.5775e+00 -1.9353e+00 +9.0446e-01 +3.9512e+00 +5.8611e-01 -2.3443e+00 -1.6058e+00
1811 +1.637059839e+03 +1.637059839e+03 +1.665019839e+03 +1.665019839e+03 -3.1094e-01 -1.9446e+00 +1.3078e+00 -1.1222e+00 -3.0801e+00 +7.6072e-01 +3.4314e+00 +7.0993e-01 -2.2513e+00 -1.4368e+00
1856 +1.497048298e+03 +1.497048298e+03 +1.525008298e+03 +1.525008298e+03 +8.8259e-01 -7.2186e-01 +1.6235e+00 +1.3006e-02 -2.7105e+00 +5.0085e-01 +3.8357e+00 +6.9082e-02 -1.7761e+00 -1.8754e+00
1906 +9.640883202e+02 +9.640883202e+02 +9.920483202e+02 +9.920483202e+02 +1.3470e+00 -6.0993e-01 +2.9345e+00 +3.9485e-01 -2.0437e+00 +8.0774e-01 +3.4271e+00 +4.5348e-01 -1.2835e+00 -2.2604e+00
1973 +9.023462681e+02 +9.023462681e+02 +9.303062681e+02 +9.303062681e+02 -9.7101e-02 +3.6334e-01 +1.8691e+00 +1.8494e-01 -2.9515e+00 +7.4923e-01 +2.8777e+00 +5.5811e-01 -2.1075e+00 -1.7482e+00
1990 +6.869515900e+02 +6.869515900e+02 +7.149115900e+02 +7.149115900e+02 -2.4386e+00 -8.7459e-01 +1.1534e+00 -1.6504e+00 -2.1943e+00 +7.1395e-01 +2.7746e+00 +3.9489e-01 -1.7349e+00 -1.6155e+00
2028 +1.853417354e+02 +1.853417354e+02 +2.133017354e+02 +2.133017354e+02 +1.9534e+00 -4.7922e-01 -3.5488e-01 -1.1517e+00 -2.3076e+00 +5.4602e-01 +2.8692e+00 +2.0814e-01 -1.7662e+00 -1.4622e+00
2070 +1.337889522e+02 +1.337889522e+02 +1.617489522e+02 +1.617489522e+02 +1.1894e+00 -2.2539e-01 +1.6460e+00 -1.7121e+00 -2.1858e+00 +4.5705e-01 +2.7030e+00 +1.4267e-01 -1.7872e+00 -2.2451e+00
2179 +4.006187296e+01 +4.006187296e+01 +6.802187296e+01 +6.802187296e+01 -1.4385e+00 -4.2761e-01 +5.1082e-01 -9.3661e-01 -1.8794e+00 +2.0077e-01 +3.0007e+00 -1.1575e-01 -1.8412e+00 -1.6604e+00
2253 +3.148920224e+01 +3.148920224e+01 +5.944920224e+01 +5.944920224e+01 -1.5994e+00 -9.1716e-02 +1.9953e-01 +6.1984e-01 -1.9213e+00 +4.0516e-01 +2.5768e+00 -8.7803e-02 -2.3579e+00 -1.8489e+00
2292 +3.910313683e+00 +3.910313683e+00 +3.187031368e+01 +3.187031368e+01 -2.8296e-01 -5.0233e-01 -7.7032e-01 -3.8396e-01 -1.9908e+00 -3.4688e-01 +2.6807e+00 -2.1422e-01 -1.9295e+00 -1.9126e+00
2340 +3.671879123e+00 +3.671879123e+00 +3.163187912e+01 +3.163187912e+01 +8.0346e-01 -4.8258e-01 +2.1002e+00 -1.7208e+00 -1.5590e+00 +1.7721e-01 +2.6254e+00 -3.3710e-01 -2.2560e+00 -2.0219e+00
2490 +3.137308414e+00 +3.137308414e+00 +3.109730841e+01 +3.109730841e+01 -2.3012e+00 -3.6839e-01 +1.2322e+00 +7.1370e-01 -2.1965e+00 -1.1377e-01 +2.5174e+00 -5.8490e-01 -2.2016e+00 -8.7056e-01
2755 +2.966659049e+00 +2.966659049e+00 +3.092665905e+01 +3.092665905e+01 +7.4862e-01 +5.1122e-01 +1.7774e+00 -2.2821e+00 -2.0001e+00 -7.3610e-01 +1.6192e+00 -6.4523e-01 -1.5796e+00 -1.9017e+00
3135 +2.925384884e+00 +2.925384884e+00 +3.088538488e+01 +3.088538488e+01 -3.6489e-01 +2.5716e+00 +1.0488e+00 -8.0556e-01 -7.3532e-01 -4.7996e-01 +1.6911e+00 -7.8032e-01 -1.4410e+00 -1.7644e+00
3153 +2.854920410e+00 +2.854920410e+00 +3.081492041e+01 +3.081492041e+01 +6.6617e-01 +1.8382e+00 +5.7580e-01 -2.2387e+00 -2.0850e+00 -1.6463e-01 +1.8656e+00 -7.2788e-01 -2.3640e+00 -1.4861e+00
3311 +2.798476587e+00 +2.798476587e+00 +3.075847659e+01 +3.075847659e+01 +2.0122e-02 +1.6204e+00 -7.9026e-01 -1.4044e+00 -1.7452e+00 -2.1586e+00 +2.0951e+00 -1.0279e+00 -2.3338e+00 -1.2630e+00
8600 +2.692622461e+00 +2.692622461e+00 +3.065262246e+01 +3.065262246e+01 -2.1749e-01 -6.4780e-01 +9.8440e-01 -5.6524e-02 -1.0329e+00 -1.7767e+00 +4.8863e-01 -9.7037e-01 -1.0386e+00 -1.5121e+00
9358 +2.657064944e+00 +2.657064944e+00 +3.061706494e+01 +3.061706494e+01 -2.1874e+00 -1.3773e+00 +9.2730e-01 -2.3169e+00 -2.0628e+00 -1.5459e+00 +1.2475e+00 -1.1981e+00 -1.3035e+00 -1.7165e+00
23814 +2.445576468e+00 +2.445576468e+00 +3.040557647e+01 +3.040557647e+01 -2.2113e+00 +1.2198e+00 -4.1702e-01 -2.0311e+00 -6.8707e-01 -1.4414e+00 +1.7099e+00 -1.6350e+00 -2.2537e+00 -2.0675e+00
25220 +2.283998802e+00 +2.283998802e+00 +3.024399880e+01 +3.024399880e+01 -1.1345e+00 -8.0993e-01 +1.0083e+00 -1.5166e+00 -2.2904e+00 -1.5582e+00 +5.4810e-01 -9.7918e-01 -1.1124e+00 -1.1447e+00
% function evaluation | noise-free fitness - Fopt (-6.338000000000e+01) | best noise-free fitness - Fopt | measured fitness | best measured fitness | x1 | x2...
1 +1.033747614e+04 +1.033747614e+04 +1.027409614e+04 +1.027409614e+04 +0.0000e+00 +0.0000e+00 +0.0000e+00 +0.0000e+00 +0.0000e+00 +0.0000e+00 +0.0000e+00 +0.0000e+00 +0.0000e+00 +0.0000e+00
557 +1.015217610e+04 +1.015217610e+04 +1.008879610e+04 +1.008879610e+04 +2.9507e+00 +4.2268e-01 -2.2996e+00 +3.0322e+00 -1.6781e+00 +9.2548e-01 -2.4918e+00 +9.9092e-01 -8.2770e-01 +1.3794e+00
593 +9.061312956e+03 +9.061312956e+03 +8.997932956e+03 +8.997932956e+03 +3.2416e+00 +4.1559e-01 -2.5845e+00 +2.7596e+00 -1.2592e+00 -5.1828e-01 -2.5141e+00 +2.0820e+00 -1.6843e+00 +2.1934e+00
650 +4.310534595e+03 +4.310534595e+03 +4.247154595e+03 +4.247154595e+03 +2.9542e+00 +4.2787e-01 -2.6154e+00 +1.5795e+00 -1.1356e+00 -5.8117e-01 -2.5133e+00 +1.5292e+00 -1.0829e+00 +2.2026e+00
722 +4.123809593e+03 +4.123809593e+03 +4.060429593e+03 +4.060429593e+03 +1.8580e+00 +4.2579e-01 -1.9260e+00 +1.8269e+00 -8.3640e-01 +4.3131e-01 -2.5150e+00 -3.8507e-02 -7.4743e-01 +7.1416e-01
766 +1.871182526e+03 +1.871182526e+03 +1.807802526e+03 +1.807802526e+03 +2.7593e+00 +4.1995e-01 -1.8297e+00 +1.1865e+00 -1.1634e+00 -4.2624e-01 -2.4916e+00 +2.5281e+00 -6.2135e-01 +1.5919e+00
847 +1.826332385e+03 +1.826332385e+03 +1.762952385e+03 +1.762952385e+03 +2.8212e+00 +4.0034e-01 -2.6595e+00 -9.7382e-03 -1.6803e+00 -1.6687e-01 -2.4937e+00 +1.1623e+00 -8.0188e-01 +2.3008e+00
859 +1.379253369e+03 +1.379253369e+03 +1.315873369e+03 +1.315873369e+03 +2.8377e+00 +4.2435e-01 -2.0410e+00 +8.7073e-01 -1.3546e+00 -1.2307e+00 -2.5034e+00 +8.2851e-01 -1.0603e+00 +2.1866e+00
861 +9.168462298e+02 +9.168462298e+02 +8.534662298e+02 +8.534662298e+02 +2.6605e+00 +4.2340e-01 -1.4809e+00 +6.4893e-01 -1.2620e+00 -2.4723e-01 -2.4655e+00 -3.4258e-01 -1.2096e+00 +2.2249e+00
909 +5.508481086e+02 +5.508481086e+02 +4.874681086e+02 +4.874681086e+02 +2.1952e+00 +4.1138e-01 -1.9423e+00 -4.0723e-02 -2.0845e+00 -3.4574e-01 -2.4862e+00 +1.9209e-01 -2.0028e+00 +1.7489e+00
912 +2.786983057e+02 +2.786983057e+02 +2.153183057e+02 +2.153183057e+02 +2.5602e+00 +4.5407e-01 -1.6040e+00 -2.2946e+00 -2.2653e+00 -1.9730e+00 -2.5106e+00 +4.2821e-01 -1.2080e+00 +2.4251e+00
964 +3.457981333e+00 +3.457981333e+00 -5.992201867e+01 -5.992201867e+01 +2.2268e+00 +4.2179e-01 -5.8144e-01 -1.5556e+00 -1.1710e+00 -5.0625e-01 -2.5474e+00 +1.8679e+00 -1.6648e+00 +2.3213e+00
1152 +3.311815110e+00 +3.311815110e+00 -6.006818489e+01 -6.006818489e+01 +1.9367e+00 +4.2664e-01 -9.8187e-01 -4.4369e-01 -1.8389e+00 +2.2752e-01 -2.6201e+00 +7.4287e-01 -1.7486e+00 +1.2580e+00
1219 +2.102207160e+00 +2.102207160e+00 -6.127779284e+01 -6.127779284e+01 +2.0974e+00 +4.9588e-01 -3.4278e-01 -1.3784e+00 -1.7194e+00 -2.9035e-01 -2.5018e+00 +5.1530e-01 -2.4504e+00 +1.2149e+00
351242 +2.032726840e+00 +2.032726840e+00 -6.134727316e+01 -6.134727316e+01 -1.5032e+00 +1.3581e+00 -4.9204e-01 -2.7561e+00 -9.4036e-01 -9.5395e-01 -2.3521e+00 +2.1084e+00 -1.1204e+00 +1.1584e+00
% function evaluation | noise-free fitness - Fopt (-1.337200000000e+02) | best noise-free fitness - Fopt | measured fitness | best measured fitness | x1 | x2...
1 +1.033747614e+04 +1.033747614e+04 +1.020375614e+04 +1.020375614e+04 +0.0000e+00 +0.0000e+00 +0.0000e+00 +0.0000e+00 +0.0000e+00 +0.0000e+00 +0.0000e+00 +0.0000e+00 +0.0000e+00 +0.0000e+00
1450 +7.257043697e+03 +7.257043697e+03 +7.123323697e+03 +7.123323697e+03 -3.4528e-01 +3.2990e+00 -8.6192e-01 +7.2216e-01 +6.8633e-01 -2.8207e+00 -5.9459e-01 +3.2365e+00 -1.2647e+00 +2.7136e+00
1589 +5.467929791e+03 +5.467929791e+03 +5.334209791e+03 +5.334209791e+03 -3.0250e-01 +2.6289e+00 -8.7106e-01 +1.6030e+00 +7.3723e-01 -2.6394e+00 -3.8505e-01 +2.8478e+00 -1.0574e+00 +2.7441e+00
1608 +5.058549127e+03 +5.058549127e+03 +4.924829127e+03 +4.924829127e+03 -1.3130e+00 +2.2148e+00 -1.7758e+00 +1.8647e+00 +6.5404e-01 +2.4091e-01 -2.5980e-01 +2.9159e+00 -9.7699e-01 +2.6789e+00
1667 +4.918889660e+03 +4.918889660e+03 +4.785169660e+03 +4.785169660e+03 -8.9172e-02 +3.9449e+00 -2.8225e+00 +4.0216e+00 +7.0103e-01 -1.5769e+00 -1.3855e+00 +3.0542e+00 -7.5096e-01 +2.8558e+00
1678 +4.457812946e+03 +4.457812946e+03 +4.324092946e+03 +4.324092946e+03 -3.1994e-01 +3.2309e+00 -1.1127e+00 +1.0470e+00 +1.2199e+00 -1.8354e+00 -1.7706e-01 +2.9363e+00 -9.4334e-01 +2.8081e+00
1679 +3.465540174e+03 +3.465540174e+03 +3.331820174e+03 +3.331820174e+03 -4.8851e-01 +2.5484e+00 -2.4411e+00 +3.2633e+00 +7.0703e-01 -2.6016e+00 -2.7476e-01 +3.1726e+00 -7.1085e-01 +1.5989e+00
1687 +3.302525254e+03 +3.302525254e+03 +3.168805254e+03 +3.168805254e+03 -4.8712e-01 +3.0680e+00 -8.1304e-01 +2.5282e+00 +9.2994e-01 -2.0773e+00 +1.7899e-01 +3.3919e+00 -7.7337e-01 +1.9296e+00
1705 +3.132157921e+03 +3.132157921e+03 +2.998437921e+03 +2.998437921e+03 -2.5930e-01 +3.5697e+00 -1.2363e+00 +2.8622e+00 +8.2821e-01 -1.9310e+00 -6.6297e-01 +2.5992e+00 -6.5531e-01 +2.4266e+00
1717 +2.196098087e+03 +2.196098087e+03 +2.062378087e+03 +2.062378087e+03 -5.4255e-01 +3.7962e+00 -1.6019e+00 +1.5696e+00 +8.6227e-01 -3.1531e+00 +2.8031e-01 +3.2944e+00 -4.4451e-01 +2.3958e+00
1739 +1.203025681e+03 +1.203025681e+03 +1.069305681e+03 +1.069305681e+03 +2.4594e+00 +3.4492e+00 -1.1069e-01 +2.8749e+00 +6.1872e-01 -1.5608e+00 -3.4015e-01 +3.0717e+00 -8.8503e-02 +2.6741e+00
1806 +4.599786605e+02 +4.599786605e+02 +3.262586605e+02 +3.262586605e+02 +1.2122e+00 +2.4936e+00 -2.3383e+00 +2.5830e+00 +8.4097e-01 -2.7464e+00 -5.6995e-01 +2.7408e+00 +4.7557e-01 +2.6805e+00
1841 +1.054901754e+02 +1.054901754e+02 -2.822982455e+01 -2.822982455e+01 -1.4300e-01 +2.3169e+00 -1.0903e+00 +1.3350e+00 +2.8240e-01 -2.0510e+00 -9.5803e-01 +2.7301e+00 +2.0192e-01 +2.5164e+00
1871 +1.003871498e+01 +1.003871498e+01 -1.236812850e+02 -1.236812850e+02 -1.2104e-01 +2.2700e-01 -1.8242e-01 +2.4288e+00 +1.1562e+00 -1.6750e+00 -1.7950e-01 +2.7952e+00 +5.2725e-01 +1.9087e+00
1932 +3.215976957e+00 +3.215976957e+00 -1.305040230e+02 -1.305040230e+02 -4.5924e-01 +2.5299e+00 -6.5171e-01 +1.4663e+00 +3.5664e-01 -1.8794e+00 -3.6746e-01 +2.5764e+00 +5.8946e-01 +2.5017e+00
2264 +2.959681390e+00 +2.959681390e+00 -1.307603186e+02 -1.307603186e+02 +1.0559e+00 +1.1171e+00 -4.3104e-01 +1.3738e-01 +1.3994e+00 -2.2528e+00 -2.3558e-01 +2.5329e+00 +7.6277e-01 +1.6836e+00
2437 +2.933728130e+00 +2.933728130e+00 -1.307862719e+02 -1.307862719e+02 +2.1800e+00 +1.9547e+00 -4.9012e-01 +1.9848e-01 +1.4908e+00 -2.1541e-01 -6.9741e-01 +2.3179e+00 +7.6832e-01 +2.1001e+00
2494 +2.848142687e+00 +2.848142687e+00 -1.308718573e+02 -1.308718573e+02 -1.2746e+00 +1.6679e+00 -7.0383e-01 +2.5555e-01 +1.0101e+00 -5.7133e-01 -7.5384e-01 +2.3366e+00 +7.4992e-01 +1.2412e+00
5141 +2.661364730e+00 +2.661364730e+00 -1.310586353e+02 -1.310586353e+02 -1.4442e+00 +5.1399e-02 +1.3450e+00 +7.3969e-01 +2.4810e+00 -2.0253e+00 +9.6902e-03 +2.1434e+00 +1.7604e+00 +1.6051e+00
8931 +2.487570974e+00 +2.487570974e+00 -1.312324290e+02 -1.312324290e+02 +1.0741e+00 +2.3607e+00 +9.7785e-01 +1.4731e+00 +1.5708e+00 +1.5308e-01 -1.0220e+00 +1.9657e+00 +2.0988e+00 +1.7480e+00
30530 +2.432800945e+00 +2.432800945e+00 -1.312871991e+02 -1.312871991e+02 +2.0626e+00 +1.4074e+00 +1.2936e-01 +8.5753e-01 +6.2468e-01 -6.0443e-01 -2.4104e+00 +2.0365e+00 +2.1695e+00 +1.7022e+00
72634 +2.215762449e+00 +2.215762449e+00 -1.315042376e+02 -1.315042376e+02 +2.1425e+00 +2.6968e-01 +3.4140e-01 +5.3042e-02 +1.2743e+00 -2.2797e+00 -2.1664e+00 +1.2419e+00 +9.8929e-01 +2.3510e+00
% function evaluation | noise-free fitness - Fopt (-4.039900000000e+02) | best noise-free fitness - Fopt | measured fitness | best measured fitness | x1 | x2...
1 +1.033747614e+04 +1.033747614e+04 +9.933486136e+03 +9.933486136e+03 +0.0000e+00 +0.0000e+00 +0.0000e+00 +0.0000e+00 +0.0000e+00 +0.0000e+00 +0.0000e+00 +0.0000e+00 +0.0000e+00 +0.0000e+00
1454 +6.858353104e+03 +6.858353104e+03 +6.454363104e+03 +6.454363104e+03 -2.7720e-01 -1.7685e+00 +3.1321e-01 +8.1742e-01 -1.5427e+00 -2.1924e+00 -2.9043e+00 -3.3698e+00 +1.3673e-02 +3.4565e+00
1488 +3.274686325e+03 +3.274686325e+03 +2.870696325e+03 +2.870696325e+03 +1.7982e+00 -6.9486e-01 +2.5325e+00 +3.0791e-01 -4.1012e-01 -2.2930e+00 -2.9267e+00 -2.7435e+00 -3.5285e-01 +1.3157e+00
1534 +2.919397772e+03 +2.919397772e+03 +2.515407772e+03 +2.515407772e+03 +3.2897e+00 -2.2585e+00 +4.2962e+00 +8.0107e-01 -3.7448e-01 -1.0454e+00 -2.7553e+00 -2.0268e+00 +2.8121e-01 +1.0658e+00
1553 +2.181407244e+03 +2.181407244e+03 +1.777417244e+03 +1.777417244e+03 +1.5014e+00 -1.2578e+00 +2.7887e+00 +3.5527e-01 -1.4507e+00 +9.3223e-01 -2.8836e+00 -2.6049e+00 -8.6127e-02 +2.9331e+00
1559 +1.332620192e+03 +1.332620192e+03 +9.286301916e+02 +9.286301916e+02 -1.1498e+00 -8.3175e-01 +4.1410e-01 +2.5610e+00 -3.0367e+00 -1.5465e+00 -2.8201e+00 -2.1989e+00 +1.2351e-01 +1.3571e+00
1605 +3.855396509e+01 +3.855396509e+01 -3.654360349e+02 -3.654360349e+02 +1.7798e+00 +3.0206e-01 +7.4167e-01 +3.7801e-01 -2.0457e+00 -4.3521e-01 -2.8398e+00 -1.2928e+00 +1.6963e+00 +1.4932e+00
1666 +1.201661959e+01 +1.201661959e+01 -3.919733804e+02 -3.919733804e+02 +1.8922e+00 +9.4902e-01 +1.1579e+00 -4.1206e-01 -1.0792e+00 -4.2567e-01 -2.7727e+00 -1.4527e+00 +1.7546e+00 +2.0253e+00
1984 +8.781342672e+00 +8.781342672e+00 -3.952086573e+02 -3.952086573e+02 +1.2879e+00 -5.9712e-01 +1.3908e+00 +1.3323e+00 -2.0601e+00 -8.0689e-01 -2.6617e+00 -1.8439e+00 +8.3415e-01 +2.4056e+00
2028 +6.288772602e+00 +6.288772602e+00 -3.977012274e+02 -3.977012274e+02 +1.3944e+00 -1.2070e+00 +1.3689e+00 +5.2200e-01 -1.1457e+00 -5.3429e-01 -2.5873e+00 -2.1741e+00 +1.4952e+00 +2.1039e+00
2091 +4.892415393e+00 +4.892415393e+00 -3.990975846e+02 -3.990975846e+02 +1.4554e+00 +1.3622e+00 +4.8924e-02 -1.7497e-01 -2.7709e-01 -8.4141e-01 -2.3230e+00 -2.1028e+00 +4.4888e-01 +2.3042e+00
2122 +4.540627113e+00 +4.540627113e+00 -3.994493729e+02 -3.994493729e+02 +1.5383e+00 -8.0005e-01 -4.6577e-01 +9.0777e-01 -8.8270e-01 -1.0207e+00 -2.5727e+00 -2.1225e+00 +1.0245e+00 +1.2133e+00
2133 +3.486481783e+00 +3.486481783e+00 -4.005035182e+02 -4.005035182e+02 +1.2928e+00 +9.6650e-01 +9.7567e-01 -5.2031e-02 -1.8669e+00 -7.2527e-01 -2.6175e+00 -2.1206e+00 +6.9731e-01 +2.4692e+00
2206 +3.108714747e+00 +3.108714747e+00 -4.008812853e+02 -4.008812853e+02 +1.0132e+00 +6.9730e-01 +8.4756e-02 +8.3096e-01 +2.5163e-01 -1.9074e+00 -2.1545e+00 -1.7332e+00 +8.2443e-01 +2.1383e+00
2940 +3.071167808e+00 +3.071167808e+00 -4.009188322e+02 -4.009188322e+02 +2.2880e+00 -2.2048e+00 +5.4300e-02 +4.8820e-01 -1.2775e+00 -8.9052e-01 -2.4093e+00 -1.5844e+00 +1.0496e+00 +1.9615e+00
3161 +2.971357054e+00 +2.971357054e+00 -4.010186429e+02 -4.010186429e+02 +8.9798e-01 +7.3109e-01 +2.7020e+00 +1.8197e+00 -9.7041e-01 -7.0642e-01 -1.2133e+00 -8.3203e-01 +1.4944e+00 +1.4491e+00
4733 +2.807259329e+00 +2.807259329e+00 -4.011827407e+02 -4.011827407e+02 +9.8670e-01 -3.5625e-01 +1.3688e+00 +1.0365e+00 -2.4124e+00 -6.2834e-02 -9.8244e-01 -1.9229e+00 +1.1563e+00 +1.5160e+00
6682 +2.685456441e+00 +2.685456441e+00 -4.013045436e+02 -4.013045436e+02 -1.8953e-01 -1.7011e+00 +1.0313e+00 -1.1905e-01 -5.1998e-01 -1.3791e+00 -1.0775e+00 -2.2905e+00 +2.0957e+00 +2.0271e+00
6707 +2.610352647e+00 +2.610352647e+00 -4.013796474e+02 -4.013796474e+02 +2.2339e+00 +1.2326e+00 +6.9447e-01 +1.0422e+00 -2.6692e-01 -1.4465e+00 -6.0262e-01 -9.7335e-01 +1.4402e+00 +1.8927e+00
8293 +2.500128987e+00 +2.500128987e+00 -4.014898710e+02 -4.014898710e+02 -1.6478e-01 -7.3645e-01 -2.4695e-01 +1.7812e-01 -1.9547e+00 -9.7890e-01 -6.5740e-01 -2.0540e+00 +2.1523e+00 +2.0170e+00
48492 +2.421822838e+00 +2.421822838e+00 -4.015681772e+02 -4.015681772e+02 +8.3396e-01 -2.4693e+00 +2.0777e+00 +2.0408e-01 -4.2712e-01 -1.0821e+00 -1.5822e+00 -1.5587e+00 +1.5438e+00 +2.2320e+00
117045 +2.271576406e+00 +2.271576406e+00 -4.017184236e+02 -4.017184236e+02 -1.1262e-02 -2.4398e+00 +1.9262e+00 +2.0372e+00 -5.8671e-01 -5.9887e-01 -2.5653e+00 -2.0146e+00 +1.5034e+00 +1.6885e+00
352423 +2.190399659e+00 +2.190399659e+00 -4.017996003e+02 -4.017996003e+02 -1.5719e+00 -1.4057e+00 +6.7091e-01 +2.3202e+00 -1.4965e+00 -2.1360e+00 -2.0438e+00 -1.0229e+00 +1.0634e+00 +2.3629e+00
% function evaluation | noise-free fitness - Fopt (1.000000000000e+03) | best noise-free fitness - Fopt | measured fitness | best measured fitness | x1 | x2...
1 +1.033747614e+04 +1.033747614e+04 +1.133747614e+04 +1.133747614e+04 +0.0000e+00 +0.0000e+00 +0.0000e+00 +0.0000e+00 +0.0000e+00 +0.0000e+00 +0.0000e+00 +0.0000e+00 +0.0000e+00 +0.0000e+00
1154 +8.005840947e+03 +8.005840947e+03 +9.005840947e+03 +9.005840947e+03 -3.0665e+00 -4.0932e-01 -3.1630e+00 +3.5937e+00 -1.4386e+00 +1.0051e+00 +8.1872e-01 -9.5910e-01 +3.1779e+00 -6.7885e-01
1168 +6.679141904e+03 +6.679141904e+03 +7.679141904e+03 +7.679141904e+03 -3.6019e+00 +4.7573e-01 -2.7902e+00 +2.5513e+00 +1.4999e+00 +1.3246e+00 +1.4001e+00 -1.8337e-01 +2.4985e+00 -6.7165e-01
1176 +5.005549099e+03 +5.005549099e+03 +6.005549099e+03 +6.005549099e+03 +1.1990e+00 -1.4461e+00 -2.2791e+00 +1.9351e+00 +2.8816e+00 +2.2005e+00 +8.1555e-01 -2.2205e-01 +3.6723e+00 -3.8394e-01
1207 +3.159274718e+03 +3.159274718e+03 +4.159274718e+03 +4.159274718e+03 -3.9953e-01 -1.3001e+00 -3.2113e+00 +2.3427e+00 +3.4741e+00 +1.0755e+00 +9.6931e-01 -4.7568e-01 +3.0406e+00 -9.9321e-02
1233 +2.737398291e+03 +2.737398291e+03 +3.737398291e+03 +3.737398291e+03 +3.6789e+00 -1.8400e+00 -3.7215e+00 +2.1928e+00 +1.2391e+00 +1.1882e+00 -1.2144e-01 -3.1182e-01 +3.1968e+00 -1.1424e-03
1246 +1.986656135e+03 +1.986656135e+03 +2.986656135e+03 +2.986656135e+03 -3.3626e+00 -4.6484e-01 -2.1012e+00 +2.5812e+00 -2.4171e-02 +2.1119e+00 +1.9648e-01 -2.3423e-01 +3.2511e+00 +1.2168e-01
1279 +6.690769698e+02 +6.690769698e+02 +1.669076970e+03 +1.669076970e+03 -7.0866e-01 -1.2460e+00 -2.6995e+00 +2.4995e+00 +2.8844e+00 +8.5644e-01 +7.4926e-01 -3.5058e-01 +2.7908e+00 +6.4559e-01
1322 +1.553981459e+02 +1.553981459e+02 +1.155398146e+03 +1.155398146e+03 -2.1288e+00 -1.3032e+00 -1.6838e+00 -9.3752e-02 +1.0014e+00 +7.7767e-01 +1.0981e+00 -4.1475e-01 +2.8005e+00 +5.2225e-01
1344 +3.612289391e+01 +3.612289391e+01 +1.036122894e+03 +1.036122894e+03 +1.6308e+00 -1.2496e+00 -2.5495e+00 +2.3400e+00 +9.7348e-02 +2.1058e+00 +9.7348e-01 -1.1770e+00 +2.5319e+00 +4.7679e-01
1438 +6.971787315e+00 +6.971787315e+00 +1.006971787e+03 +1.006971787e+03 +1.4028e+00 +2.2922e+00 -6.7451e-01 +1.2578e+00 +8.8984e-01 +2.6588e+00 +1.3337e+00 -6.2424e-01 +2.5545e+00 +1.4049e+00
1465 +3.888177588e+00 +3.888177588e+00 +1.003888178e+03 +1.003888178e+03 +4.6522e-01 +1.4079e+00 -1.8024e+00 +1.5263e+00 +5.8301e-01 +2.4475e+00 +6.0326e-01 -1.1734e+00 +2.2851e+00 +1.1321e+00
1565 +3.366719832e+00 +3.366719832e+00 +1.003366720e+03 +1.003366720e+03 -5.4561e-01 -5.0695e-01 -7.4522e-01 +1.3069e+00 +1.9625e+00 +1.5152e+00 +1.3896e+00 -9.1134e-01 +1.0943e+00 +1.1691e+00
1604 +3.003805307e+00 +3.003805307e+00 +1.003003805e+03 +1.003003805e+03 -7.1023e-01 -5.5425e-02 -1.6986e+00 -3.4304e-01 +1.1216e+00 +1.7826e+00 +1.1710e+00 -1.2741e+00 +2.3236e+00 +9.7551e-01
3100 +2.907894414e+00 +2.907894414e+00 +1.002907894e+03 +1.002907894e+03 -5.1074e-02 +2.5060e+00 -1.1106e+00 +2.4486e+00 +1.0317e+00 +6.2621e-01 +1.5170e+00 -2.3554e+00 +2.0243e+00 +1.4783e+00
6630 +2.544912405e+00 +2.544912405e+00 +1.002544912e+03 +1.002544912e+03 +1.7558e-01 +2.6307e+00 -8.9747e-01 +2.3795e+00 +2.0464e+00 +2.2617e+00 +9.4253e-01 -1.0127e+00 +9.9617e-01 +2.4245e+00
9305 +2.213079604e+00 +2.213079604e+00 +1.002213080e+03 +1.002213080e+03 +5.7056e-01 +2.4061e+00 +7.3758e-01 +4.3985e-01 +1.4168e+00 +2.2258e+00 +2.0545e+00 -1.3994e+00 +1.5538e+00 +2.2866e+00
290203 +2.059290731e+00 +2.059290731e+00 +1.002059291e+03 +1.002059291e+03 +9.4976e-01 +2.4061e+00 -2.0103e+00 +1.3526e+00 +1.0088e+00 +1.8261e+00 +1.1522e+00 -1.4840e+00 +2.2126e+00 +2.1037e+00
% function evaluation | noise-free fitness - Fopt (1.005700000000e+02) | best noise-free fitness - Fopt | measured fitness | best measured fitness | x1 | x2...
1 +1.033747614e+04 +1.033747614e+04 +1.043804614e+04 +1.043804614e+04 +0.0000e+00 +0.0000e+00 +0.0000e+00 +0.0000e+00 +0.0000e+00 +0.0000e+00 +0.0000e+00 +0.0000e+00 +0.0000e+00 +0.0000e+00
622 +5.934001635e+03 +5.934001635e+03 +6.034571635e+03 +6.034571635e+03 +1.7344e+00 -1.4681e+00 +3.3167e+00 +2.5704e+00 -2.9520e+00 +2.2888e+00 +4.0371e-01 +2.3321e+00 -7.7040e-01 -1.9772e+00
624 +1.835132533e+03 +1.835132533e+03 +1.935702533e+03 +1.935702533e+03 +1.8092e+00 -1.8370e+00 +3.2861e+00 +1.5445e+00 -4.2678e+00 +1.7515e+00 -2.8150e-01 +2.3588e+00 +1.6200e+00 -1.9153e+00
686 +2.436104445e+02 +2.436104445e+02 +3.441804445e+02 +3.441804445e+02 +1.7579e+00 -8.7908e-01 +3.3083e+00 +2.7099e-01 -8.0724e-01 +1.6705e+00 +8.9571e-01 +2.6110e+00 +3.0407e-01 -1.2056e+00
775 +2.398235255e+02 +2.398235255e+02 +3.403935255e+02 +3.403935255e+02 +1.6184e+00 -1.3308e+00 +2.9535e+00 +1.6667e+00 -2.6606e+00 +1.2990e+00 +3.8061e-01 +2.2068e+00 +7.8524e-01 -2.3488e+00
827 +7.128313235e+01 +7.128313235e+01 +1.718531324e+02 +1.718531324e+02 +1.6599e+00 -1.8135e+00 +2.4017e+00 +1.3874e+00 -2.0403e+00 +2.1714e+00 +1.0921e+00 +2.3981e+00 +4.0487e-01 -1.0942e+00
907 +5.521592068e+01 +5.521592068e+01 +1.557859207e+02 +1.557859207e+02 +1.7676e+00 -1.8827e+00 +2.5516e+00 +3.0778e-01 -2.1169e+00 +2.4887e+00 +4.3840e-01 +2.3943e+00 +9.9453e-01 -1.2115e+00
910 +3.543265399e+01 +3.543265399e+01 +1.360026540e+02 +1.360026540e+02 +1.7449e+00 -1.7570e+00 +2.7117e+00 +1.6501e-01 -1.9910e+00 +9.1260e-01 +1.1488e+00 +2.4123e+00 +5.8109e-01 -1.6623e+00
916 +2.137505002e+01 +2.137505002e+01 +1.219450500e+02 +1.219450500e+02 +1.6955e+00 -1.6293e+00 +2.6894e+00 +5.6296e-01 -1.7524e+00 +2.0456e+00 +1.2635e+00 +2.3595e+00 +1.3025e+00 -1.6770e+00
934 +3.259466626e+00 +3.259466626e+00 +1.038294666e+02 +1.038294666e+02 +1.7339e+00 -2.4671e+00 +2.0177e+00 +8.7675e-01 -2.7295e+00 +1.3981e+00 +5.0285e-01 +2.3770e+00 +6.9738e-01 -1.8639e+00
1064 +2.990078785e+00 +2.990078785e+00 +1.035600788e+02 +1.035600788e+02 +1.7776e+00 -1.0700e+00 +2.3878e+00 +5.7311e-01 -2.7804e+00 +6.3860e-01 +1.3998e+00 +2.2404e+00 +6.6928e-01 -1.6950e+00
1085 +2.879542847e+00 +2.879542847e+00 +1.034495428e+02 +1.034495428e+02 +1.7001e+00 -1.3199e+00 +2.3411e+00 +3.8138e-01 -2.0575e+00 +1.5596e+00 +1.1659e+00 +2.4696e+00 +7.4705e-01 -1.6576e+00
1291 +2.688243839e+00 +2.688243839e+00 +1.032582438e+02 +1.032582438e+02 +1.8077e+00 -1.1009e+00 +2.4325e+00 -8.8913e-01 -1.7117e+00 +7.9471e-01 +1.3829e+00 +2.2725e+00 +1.4342e+00 -1.9103e+00
14953 +2.610506127e+00 +2.610506127e+00 +1.031805061e+02 +1.031805061e+02 +1.1156e+00 -9.1664e-01 -3.3237e-01 -9.3449e-01 -1.7680e+00 +7.1715e-01 +1.9673e+00 +1.6640e+00 +1.7971e+00 -2.2333e+00
49076 +2.472066932e+00 +2.472066932e+00 +1.030420669e+02 +1.030420669e+02 +1.1363e+00 -2.3061e+00 +2.0856e+00 -7.8735e-01 -1.3143e+00 +1.4049e+00 +5.3443e-01 +1.6201e+00 +1.2429e+00 -2.2999e+00
52280 +2.357737508e+00 +2.357737508e+00 +1.029277375e+02 +1.029277375e+02 -1.5575e+00 -1.7259e+00 +2.2084e+00 +4.2224e-01 -4.1368e-01 +1.0286e+00 +2.4520e+00 +1.5606e+00 +2.2153e+00 -1.3579e+00
79908 +2.125237603e+00 +2.125237603e+00 +1.026952376e+02 +1.026952376e+02 +2.2592e+00 -1.1504e+00 +1.1686e+00 -2.4472e+00 -1.4142e+00 +2.2702e+00 +2.1566e+00 +2.0737e+00 +1.6897e+00 -1.4807e+00
% function evaluation | noise-free fitness - Fopt (1.149000000000e+01) | best noise-free fitness - Fopt | measured fitness | best measured fitness | x1 | x2...
1 +1.033747614e+04 +1.033747614e+04 +1.034896614e+04 +1.034896614e+04 +0.0000e+00 +0.0000e+00 +0.0000e+00 +0.0000e+00 +0.0000e+00 +0.0000e+00 +0.0000e+00 +0.0000e+00 +0.0000e+00 +0.0000e+00
3664 +5.420075959e+03 +5.420075959e+03 +5.431565959e+03 +5.431565959e+03 -1.1264e+00 +3.0683e+00 +1.1633e-01 +4.2542e-01 -5.6280e-01 -5.1476e-01 +8.0394e-01 -2.1010e-01 -3.9500e+00 -6.8617e-01
3761 +4.348612340e+03 +4.348612340e+03 +4.360102340e+03 +4.360102340e+03 -4.8262e-01 +1.5782e+00 +3.2978e+00 +8.6363e-01 -9.2516e-01 -1.7088e+00 +2.7028e-01 +1.1812e+00 -2.6733e+00 +5.5722e-02
3774 +1.386935411e+03 +1.386935411e+03 +1.398425411e+03 +1.398425411e+03 -1.4418e+00 +1.5839e+00 +8.7207e-01 +3.7454e-01 +9.2145e-01 -1.8899e+00 +1.9445e+00 +1.0813e-01 -3.1987e+00 +4.0356e-02
3807 +9.339346200e+02 +9.339346200e+02 +9.454246200e+02 +9.454246200e+02 -1.7235e+00 +2.3139e+00 +4.5398e-01 +1.2145e+00 -5.5876e-01 -3.1581e+00 +1.9063e+00 +1.1486e+00 -1.0338e+00 -4.5097e-01
3888 +4.522317993e+02 +4.522317993e+02 +4.637217993e+02 +4.637217993e+02 -3.1354e+00 +2.2982e+00 +8.9811e-01 +2.0451e+00 -4.6540e-01 -2.7432e-01 +2.9866e-01 +3.4990e-01 -2.6353e+00 -6.9283e-01
4006 +1.522409432e+02 +1.522409432e+02 +1.637309432e+02 +1.637309432e+02 -2.4886e+00 +1.6293e+00 +6.7677e-01 -1.2397e-01 -4.2043e-01 -8.2936e-01 +1.4307e+00 +1.2619e+00 -2.1875e+00 -5.3613e-01
4055 +4.134845703e+00 +4.134845703e+00 +1.562484570e+01 +1.562484570e+01 +1.7465e+00 -5.9376e-01 -1.0959e+00 +1.5120e+00 +8.1298e-01 -9.1059e-01 +1.8179e+00 +1.8690e+00 -2.2010e+00 -1.2809e+00
4068 +4.046736236e+00 +4.046736236e+00 +1.553673624e+01 +1.553673624e+01 -2.3716e+00 +6.2585e-01 -2.4280e+00 +4.2960e-01 +1.3839e+00 -1.4900e+00 +1.5240e+00 +1.0067e+00 -1.1456e+00 -1.9701e+00
4161 +3.336432418e+00 +3.336432418e+00 +1.482643242e+01 +1.482643242e+01 -1.8314e+00 +1.4115e-01 +1.0715e-01 +1.3429e-01 -1.0853e-01 -6.1721e-01 +1.5566e+00 +7.3130e-01 -2.5163e+00 -1.2124e+00
4360 +3.270945241e+00 +3.270945241e+00 +1.476094524e+01 +1.476094524e+01 +1.1383e-03 +6.9911e-01 -4.6984e-01 +2.4831e+00 +8.8467e-01 -1.4537e+00 +6.9101e-01 +9.8738e-01 -1.1874e+00 -1.6345e+00
4863 +2.975294747e+00 +2.975294747e+00 +1.446529475e+01 +1.446529475e+01 -5.8344e-01 +5.4786e-01 -2.9237e-01 +2.1736e+00 +1.3921e+00 -2.2825e+00 +2.0962e+00 +1.1804e+00 -1.0484e+00 -1.8179e+00
5552 +2.898972692e+00 +2.898972692e+00 +1.438897269e+01 +1.438897269e+01 -6.7453e-01 -3.4512e-01 -1.0882e-01 +7.7867e-01 +2.4429e+00 -1.5168e+00 +5.7358e-01 +1.7753e+00 -1.5297e+00 -2.0186e+00
5994 +2.769172519e+00 +2.769172519e+00 +1.425917252e+01 +1.425917252e+01 -6.4639e-01 -4.5381e-01 -6.6846e-01 +1.3065e+00 +7.0121e-01 -6.4341e-01 +1.1610e+00 +1.2624e+00 -2.3192e+00 -1.5122e+00
8471 +2.695123714e+00 +2.695123714e+00 +1.418512371e+01 +1.418512371e+01 +1.9771e+00 +1.1242e+00 -5.3853e-01 -2.9611e-02 +1.8817e+00 -1.6133e+00 +1.5003e+00 +2.2192e+00 -1.6434e+00 -1.3194e+00
11053 +2.403237589e+00 +2.403237589e+00 +1.389323759e+01 +1.389323759e+01 +2.8984e-01 -6.4240e-01 -8.5276e-01 +1.5626e+00 +1.4495e+00 -2.2410e+00 +3.9595e-01 +1.0278e+00 -2.3827e+00 -1.9311e+00
89385 +2.318045248e+00 +2.318045248e+00 +1.380804525e+01 +1.380804525e+01 -5.6558e-01 -3.4156e-01 -2.7770e+00 -1.1802e+00 +1.2799e+00 -2.2753e+00 +7.7373e-01 +1.2519e+00 -1.0537e+00 -1.5097e+00
391246 +2.023776744e+00 +2.023776744e+00 +1.351377674e+01 +1.351377674e+01 +9.6029e-01 +2.4401e+00 -2.0605e+00 +2.0869e+00 +1.4010e+00 -1.1503e+00 +1.8292e+00 +1.6403e+00 -1.1817e+00 -2.3130e+00
% function evaluation | noise-free fitness - Fopt (7.731000000000e+01) | best noise-free fitness - Fopt | measured fitness | best measured fitness | x1 | x2...
1 +1.033747614e+04 +1.033747614e+04 +1.041478614e+04 +1.041478614e+04 +0.0000e+00 +0.0000e+00 +0.0000e+00 +0.0000e+00 +0.0000e+00 +0.0000e+00 +0.0000e+00 +0.0000e+00 +0.0000e+00 +0.0000e+00
444 +8.998893358e+03 +8.998893358e+03 +9.076203358e+03 +9.076203358e+03 -2.0149e+00 -1.2870e+00 -1.1608e-01 -5.0377e-01 +1.6696e+00 +2.9464e+00 +1.2931e+00 -1.3075e+00 +7.9838e-01 +2.9434e+00
466 +6.754728002e+03 +6.754728002e+03 +6.832038002e+03 +6.832038002e+03 -2.1467e+00 -1.1196e+00 -1.2447e-01 -9.2951e-01 +1.7466e+00 +2.9235e+00 +1.5397e+00 -9.4382e-01 +7.8899e-01 +3.1838e+00
467 +1.849115584e+03 +1.849115584e+03 +1.926425584e+03 +1.926425584e+03 -2.2021e+00 -1.1861e+00 -4.4174e-02 -6.0555e-01 +1.5431e+00 +2.9121e+00 +1.2590e+00 -9.7692e-02 +7.3997e-01 +2.9726e+00
504 +2.260596168e+02 +2.260596168e+02 +3.033696168e+02 +3.033696168e+02 -2.3620e+00 -1.0559e+00 +2.1708e-02 -7.9999e-01 +1.6432e+00 +2.6519e+00 +1.6641e+00 +1.1226e+00 +5.8533e-01 +2.7038e+00
571 +1.707581824e+02 +1.707581824e+02 +2.480681824e+02 +2.480681824e+02 -2.4677e+00 -1.2738e+00 -8.1309e-01 -5.8154e-01 +1.5883e+00 +2.7565e+00 +1.4308e+00 +6.6544e-01 +7.1950e-01 +2.4366e+00
612 +1.053484781e+02 +1.053484781e+02 +1.826584781e+02 +1.826584781e+02 -1.7366e+00 -1.0853e+00 +3.6248e-01 -6.4844e-01 +1.5087e+00 +2.6565e+00 +1.5682e+00 +2.0375e+00 +4.8143e-01 +2.3406e+00
650 +6.924032005e+01 +6.924032005e+01 +1.465503201e+02 +1.465503201e+02 -2.3499e+00 -1.0977e+00 +5.6759e-02 -5.4018e-01 +9.9020e-01 +2.7877e+00 +1.4852e+00 +8.2340e-01 +7.1677e-01 +2.3852e+00
703 +5.303674763e+01 +5.303674763e+01 +1.303467476e+02 +1.303467476e+02 -1.4841e+00 -1.0530e+00 -8.6391e-01 -6.8636e-01 +1.4547e+00 +2.6580e+00 +1.2643e+00 +1.6585e+00 +7.8614e-01 +2.0311e+00
717 +3.766344134e+01 +3.766344134e+01 +1.149734413e+02 +1.149734413e+02 -2.3849e+00 -1.1110e+00 -2.7778e-01 -5.4569e-01 +1.4389e+00 +2.6320e+00 +7.9858e-01 +1.3117e+00 +1.2185e+00 +1.7102e+00
742 +1.906866127e+01 +1.906866127e+01 +9.637866127e+01 +9.637866127e+01 -2.4077e+00 -1.2377e+00 -4.9812e-01 -5.9906e-01 +1.5574e+00 +2.5506e+00 +1.2048e+00 +1.6544e+00 +8.4445e-01 +1.9633e+00
752 +4.747269707e+00 +4.747269707e+00 +8.205726971e+01 +8.205726971e+01 -5.6818e-01 -1.1988e+00 -1.7963e+00 -3.1458e-01 +8.1002e-01 +2.6410e+00 +9.5132e-01 +2.1974e+00 +2.0159e+00 +1.7124e+00
793 +2.262707731e+00 +2.262707731e+00 +7.957270773e+01 +7.957270773e+01 -2.0815e+00 -2.0765e+00 -1.8048e+00 -3.3382e-01 +5.0145e-01 +2.6435e+00 +6.8237e-01 +2.4698e+00 +7.9821e-01 +2.0067e+00
438028 +2.231764084e+00 +2.231764084e+00 +7.954176408e+01 +7.954176408e+01 -8.9958e-01 +6.8133e-01 -2.7608e+00 +1.9904e+00 +1.1983e+00 +1.5153e+00 +2.2559e+00 +1.1143e+00 +2.3818e+00 +1.6783e+00
% function evaluation | noise-free fitness - Fopt (3.207700000000e+02) | best noise-free fitness - Fopt | measured fitness | best measured fitness | x1 | x2...
1 +1.033747614e+04 +1.033747614e+04 +1.065824614e+04 +1.065824614e+04 +0.0000e+00 +0.0000e+00 +0.0000e+00 +0.0000e+00 +0.0000e+00 +0.0000e+00 +0.0000e+00 +0.0000e+00 +0.0000e+00 +0.0000e+00
645 +8.564552013e+03 +8.564552013e+03 +8.885322013e+03 +8.885322013e+03 -3.6052e+00 -1.6054e+00 +1.3517e+00 -3.9755e-01 -2.8064e+00 -4.0365e+00 -2.1748e+00 -2.9786e-02 -2.7072e+00 -1.8531e+00
810 +8.385664122e+03 +8.385664122e+03 +8.706434122e+03 +8.706434122e+03 -1.6159e+00 -3.2113e-01 +1.3182e+00 -7.6727e-01 -2.0279e+00 -4.1385e+00 -2.1644e+00 -3.8614e-01 -2.8776e+00 +5.2377e-01
839 +8.316046410e+03 +8.316046410e+03 +8.636816410e+03 +8.636816410e+03 +2.2075e+00 -8.5258e-01 +1.1801e+00 -1.9997e+00 -3.2518e+00 -4.0362e+00 -1.8479e+00 -3.5027e-01 -2.9408e+00 -2.2663e+00
848 +7.881234060e+03 +7.881234060e+03 +8.202004060e+03 +8.202004060e+03 -1.6421e+00 -2.1222e-01 +1.2972e+00 -2.6187e+00 -3.1638e+00 -4.0473e+00 -2.5843e+00 +3.9236e-02 -2.8998e+00 -2.1867e+00
858 +7.256896623e+03 +7.256896623e+03 +7.577666623e+03 +7.577666623e+03 -3.6960e-01 +2.5702e-01 +1.1219e+00 -2.9524e+00 -3.2187e+00 -3.9177e+00 -2.5197e+00 -5.0710e-01 -2.7393e+00 -1.7440e+00
861 +7.237147282e+03 +7.237147282e+03 +7.557917282e+03 +7.557917282e+03 -2.7573e+00 -1.7468e-01 +1.2457e+00 -2.4567e+00 -3.1214e+00 -4.1065e+00 -2.3108e+00 -3.1475e-01 -2.8412e+00 -1.1271e+00
871 +6.621754442e+03 +6.621754442e+03 +6.942524442e+03 +6.942524442e+03 -1.3732e+00 -2.8274e-01 +1.1779e+00 -2.0350e+00 -3.0183e+00 -3.8942e+00 -1.9660e+00 -6.3741e-01 -2.8368e+00 -1.4739e+00
902 +6.399214852e+03 +6.399214852e+03 +6.719984852e+03 +6.719984852e+03 -1.1838e+00 -3.5425e-01 +1.1200e+00 -2.1993e+00 -2.8909e+00 -3.9528e+00 -2.0296e+00 -1.7863e+00 -2.7867e+00 -1.7364e+00
904 +5.702291544e+03 +5.702291544e+03 +6.023061544e+03 +6.023061544e+03 -2.1001e+00 -2.3570e-01 +1.1134e+00 -3.1581e+00 -2.9980e+00 -3.9615e+00 -2.3117e+00 -2.6428e-01 -2.7061e+00 -1.1810e+00
968 +5.608091413e+03 +5.608091413e+03 +5.928861413e+03 +5.928861413e+03 -4.3183e-01 -1.3283e+00 +1.0905e+00 -3.1017e+00 -2.9085e+00 -3.8978e+00 -1.0606e+00 -1.0933e+00 -3.0029e+00 -1.2781e+00
1009 +5.345286633e+03 +5.345286633e+03 +5.666056633e+03 +5.666056633e+03 -2.0916e-01 +1.5191e+00 +1.2018e+00 -3.2004e+00 -2.8993e+00 -3.9014e+00 -2.2896e+00 -3.2003e-01 -2.8211e+00 -2.9642e-01
1066 +4.220499495e+03 +4.220499495e+03 +4.541269495e+03 +4.541269495e+03 -1.1257e+00 -7.0264e-01 +1.2487e+00 -2.1180e+00 -1.6985e+00 -3.9288e+00 -2.5759e+00 +2.7147e-01 -2.8712e+00 -2.5398e+00
1130 +3.285125548e+03 +3.285125548e+03 +3.605895548e+03 +3.605895548e+03 -1.4668e+00 +3.8195e-01 +1.2133e+00 -2.9159e+00 -2.3543e+00 -3.8300e+00 -2.3501e+00 -4.7960e-01 -2.7305e+00 -1.0217e+00
1251 +2.709138345e+03 +2.709138345e+03 +3.029908345e+03 +3.029908345e+03 -1.8093e+00 -6.0497e-01 +1.1993e+00 -3.1137e+00 -2.2813e+00 -3.5429e+00 -2.2846e+00 -7.2610e-01 -2.7869e+00 -1.2304e+00
1256 +2.141293088e+03 +2.141293088e+03 +2.462063088e+03 +2.462063088e+03 +1.3619e+00 -2.9431e+00 +1.1322e+00 -2.7874e+00 -2.1576e+00 -3.6416e+00 -1.8012e+00 -4.2672e-01 -2.7797e+00 -9.5903e-01
1271 +1.354530953e+03 +1.354530953e+03 +1.675300953e+03 +1.675300953e+03 -5.9485e-01 -7.1191e-01 +1.2045e+00 -3.1037e+00 -1.3005e+00 -3.8349e+00 -2.1423e+00 -7.2837e-01 -2.8178e+00 -1.1776e+00
1316 +1.042042732e+03 +1.042042732e+03 +1.362812732e+03 +1.362812732e+03 +3.1918e-01 -3.5309e+00 +1.1424e+00 -3.0286e+00 -1.5356e+00 -3.4152e+00 -1.8227e+00 -1.3596e+00 -2.7184e+00 -1.2190e+00
1338 +3.013878380e+01 +3.013878380e+01 +3.509087838e+02 +3.509087838e+02 -5.4465e-01 -5.4788e-01 +9.4057e-01 -2.0239e+00 -7.8326e-01 -2.8748e+00 -2.1293e+00 -2.1370e-01 -2.6629e+00 -1.0292e+00
1621 +1.402265183e+01 +1.402265183e+01 +3.347926518e+02 +3.347926518e+02 -9.4188e-01 -1.0275e+00 +4.8352e-01 -2.8683e+00 -9.0416e-01 -2.7050e+00 -1.8293e+00 -1.0386e+00 -2.3565e+00 -1.5137e+00
1631 +4.376518372e+00 +4.376518372e+00 +3.251465184e+02 +3.251465184e+02 +2.1885e-01 -1.3719e+00 +5.4936e-01 -2.3646e+00 -4.8608e-01 -2.2877e+00 -1.5117e+00 -6.2425e-01 -2.3273e+00 -9.3342e-01
1659 +4.161714483e+00 +4.161714483e+00 +3.249317145e+02 +3.249317145e+02 -1.2748e-01 -1.8087e+00 +4.1233e-01 -2.4616e+00 -6.7607e-01 -1.8693e+00 -1.5223e+00 -5.0332e-01 -2.5961e+00 -1.3598e+00
1711 +3.943102768e+00 +3.943102768e+00 +3.247131028e+02 +3.247131028e+02 -8.2401e-01 -7.1424e-01 +8.1553e-01 -2.6801e+00 -7.2889e-01 -2.1834e+00 -9.6841e-01 -1.0279e+00 -2.4367e+00 -1.6258e+00
1728 +3.736820715e+00 +3.736820715e+00 +3.245068207e+02 +3.245068207e+02 -3.7136e-01 -9.8421e-01 +6.5777e-01 -2.6666e+00 -7.7456e-01 -2.2472e+00 -1.6014e+00 -1.0486e+00 -2.5173e+00 -1.6215e+00
1733 +3.674559865e+00 +3.674559865e+00 +3.244445599e+02 +3.244445599e+02 -3.8837e-01 -5.3017e-01 +7.1379e-01 -2.5900e+00 -4.7219e-01 -2.3183e+00 -1.5542e+00 -8.6021e-01 -2.4435e+00 -1.3297e+00
1745 +3.445382465e+00 +3.445382465e+00 +3.242153825e+02 +3.242153825e+02 -5.8895e-01 +4.4322e-01 +1.8167e+00 -2.3152e+00 -6.7274e-01 -1.9675e+00 -1.6419e+00 -1.2074e+00 -2.3288e+00 -1.2531e+00
1781 +3.318327813e+00 +3.318327813e+00 +3.240883278e+02 +3.240883278e+02 -2.6912e-01 -1.2292e+00 +7.6348e-01 -2.5201e+00 -2.1037e-01 -2.2600e+00 -1.5414e+00 -1.0367e+00 -2.4240e+00 -1.3060e+00
1803 +3.222869271e+00 +3.222869271e+00 +3.239928693e+02 +3.239928693e+02 -4.1893e-01 -5.1849e-01 +5.7954e-01 -2.4757e+00 -3.1896e-01 -2.5482e+00 -1.5058e+00 -1.1244e+00 -2.4218e+00 -1.3749e+00
1955 +3.050611512e+00 +3.050611512e+00 +3.238206115e+02 +3.238206115e+02 +8.3553e-01 +2.9008e-01 +6.7964e-01 -2.4640e+00 -1.3707e-01 -1.8128e+00 -1.5384e+00 -7.4364e-01 -2.3211e+00 -1.3880e+00
2174 +2.948241017e+00 +2.948241017e+00 +3.237182410e+02 +3.237182410e+02 -2.0194e+00 -1.0697e+00 +1.0249e+00 -2.3741e+00 -6.2332e-02 -1.6108e+00 -1.4921e+00 -1.1423e+00 -2.2197e+00 -1.3704e+00
4133 +2.734885975e+00 +2.734885975e+00 +3.235048860e+02 +3.235048860e+02 -2.8027e-01 -5.8983e-01 -3.1220e-01 -1.5472e+00 +1.1028e+00 -2.3075e+00 -8.2088e-01 -1.9965e+00 -1.7277e+00 -1.8798e+00
12195 +2.671074732e+00 +2.671074732e+00 +3.234410747e+02 +3.234410747e+02 -2.4699e-02 +5.4300e-01 -2.9017e-02 -1.7083e+00 +1.6111e+00 -3.6226e-01 -1.3373e+00 -1.5289e+00 -1.2909e+00 -2.2823e+00
16255 +2.510811525e+00 +2.510811525e+00 +3.232808115e+02 +3.232808115e+02 -6.9805e-01 -8.0345e-01 +2.2080e-01 -9.4695e-02 +1.4259e+00 -1.1154e+00 -2.3644e+00 -2.0123e+00 -2.1484e+00 -1.7478e+00
32885 +2.245908613e+00 +2.245908613e+00 +3.230159086e+02 +3.230159086e+02 -1.0828e+00 +7.5155e-01 +3.0421e-03 -2.5960e+00 +8.2244e-01 -3.4974e-01 -9.2128e-01 -1.3329e+00 -2.3103e+00 -1.7055e+00
80582 +2.101629902e+00 +2.101629902e+00 +3.228716299e+02 +3.228716299e+02 -2.8247e-02 +4.7229e-01 -9.8535e-02 -1.5557e+00 +2.2531e+00 -2.0694e+00 -2.0735e+00 -1.3123e+00 -1.9889e+00 -2.1560e+00
% function evaluation | noise-free fitness - Fopt (1.893000000000e+01) | best noise-free fitness - Fopt | measured fitness | best measured fitness | x1 | x2...
1 +1.033747614e+04 +1.033747614e+04 +1.035640614e+04 +1.035640614e+04 +0.0000e+00 +0.0000e+00 +0.0000e+00 +0.0000e+00 +0.0000e+00 +0.0000e+00 +0.0000e+00 +0.0000e+00 +0.0000e+00 +0.0000e+00
1377 +8.384741844e+03 +8.384741844e+03 +8.403671844e+03 +8.403671844e+03 -1.4968e+00 -2.6430e+00 +6.4186e-01 -1.2630e+00 +3.8093e+00 -2.7419e+00 -4.7508e-01 +2.0846e+00 -1.7817e+00 +1.4197e+00
1424 +6.950361969e+03 +6.950361969e+03 +6.969291969e+03 +6.969291969e+03 -1.0579e+00 -3.3186e+00 +9.7535e-01 +9.3698e-01 +3.8228e+00 -2.5786e+00 -3.3923e-01 +1.3035e+00 -1.7405e+00 +1.7234e+00
1479 +4.773943962e+03 +4.773943962e+03 +4.792873962e+03 +4.792873962e+03 -1.6779e+00 -3.7867e+00 +1.6994e-01 +1.4167e+00 +3.7836e+00 -1.9985e+00 -3.5847e-01 +1.4099e+00 -2.4465e+00 +2.5136e+00
1487 +2.917747389e+03 +2.917747389e+03 +2.936677389e+03 +2.936677389e+03 -3.0447e+00 -4.6149e+00 +1.3872e+00 +5.1284e-02 +3.2906e+00 -1.7509e+00 -4.8066e-01 +1.4016e+00 -1.1079e+00 +9.2220e-01
1574 +2.390330100e+02 +2.390330100e+02 +2.579630100e+02 +2.579630100e+02 -1.6098e+00 -3.6877e+00 -1.9108e+00 -3.7918e-01 +3.1825e+00 +1.3182e-01 -4.5395e-01 +1.1724e+00 -2.0453e+00 +2.1366e+00
1904 +2.139394240e+02 +2.139394240e+02 +2.328694240e+02 +2.328694240e+02 -1.3784e+00 -1.9853e+00 -1.1015e+00 +7.2891e-01 +3.0619e+00 -9.4520e-01 -1.6171e+00 +3.4246e-01 -9.8805e-01 +1.3467e+00
2038 +3.212111703e+00 +3.212111703e+00 +2.214211170e+01 +2.214211170e+01 -1.8307e+00 -2.7774e+00 -1.4070e+00 -9.9744e-01 +2.4199e+00 +5.0594e-02 -1.0121e+00 +1.5804e+00 -2.1909e+00 +9.0518e-01
2331 +3.144723670e+00 +3.144723670e+00 +2.207472367e+01 +2.207472367e+01 -1.7067e+00 -2.0034e+00 -6.8413e-01 -1.6512e-01 +2.3827e+00 +8.7846e-02 -1.6912e+00 +1.4973e+00 -2.2400e+00 +1.1615e+00
2600 +2.827487372e+00 +2.827487372e+00 +2.175748737e+01 +2.175748737e+01 -1.5893e+00 -1.9451e+00 -7.3117e-01 -2.1183e+00 +2.0644e+00 +2.1830e+00 -1.5645e+00 +2.3200e+00 -1.4389e+00 +1.5303e+00
4047 +2.666756036e+00 +2.666756036e+00 +2.159675604e+01 +2.159675604e+01 +2.2344e+00 -1.7350e+00 -1.4616e+00 -2.1693e+00 +1.8931e+00 +1.4218e+00 -6.0437e-01 +2.5176e+00 -1.5824e+00 +1.8413e+00
4949 +2.558286411e+00 +2.558286411e+00 +2.148828641e+01 +2.148828641e+01 -1.5804e+00 -8.2637e-01 +4.1775e-01 -2.1086e+00 +1.4464e+00 +2.3548e+00 -2.0874e+00 +1.5670e+00 -2.3533e+00 +1.6863e+00
31736 +2.480234666e+00 +2.480234666e+00 +2.141023467e+01 +2.141023467e+01 -2.4875e+00 +2.5198e-02 -6.1621e-01 -1.6681e+00 +2.2050e+00 +1.2590e+00 -2.2765e+00 +1.3875e+00 -2.2407e+00 +1.6691e+00
205273 +2.333543831e+00 +2.333543831e+00 +2.126354383e+01 +2.126354383e+01 +2.1393e+00 -1.0327e+00 -8.1406e-01 +1.0989e-02 +3.7069e-01 +7.2833e-01 -1.9714e+00 +2.1602e+00 -1.7464e+00 +1.9198e+00
308883 +2.246305424e+00 +2.246305424e+00 +2.117630542e+01 +2.117630542e+01 +1.5047e-01 -2.6274e+00 +6.8254e-01 -9.0694e-01 +1.7552e+00 +2.1180e+00 -3.7484e-01 +2.0993e+00 -2.0519e+00 +1.7057e+00
491477 +2.232396412e+00 +2.232396412e+00 +2.116239641e+01 +2.116239641e+01 -1.5647e+00 -3.0808e+00 -1.8343e+00 -1.4896e+00 +1.5701e+00 +7.3196e-01 -1.9803e+00 +1.6226e+00 -9.7003e-01 +1.6573e+00
