% function evaluation | noise-free fitness - Fopt (-5.465000000000e+02) | best noise-free fitness - Fopt | measured fitness | best measured fitness | x1 | x2...
1 +5.523931782e+03 +5.523931782e+03 +4.977431782e+03 +4.977431782e+03 +0.0000e+00 +0.0000e+00 +0.0000e+00
125 +2.441678689e+03 +2.441678689e+03 +1.895178689e+03 +1.895178689e+03 +4.7928e+00 +1.2596e+00 +5.7077e-01
134 +2.362066448e+03 +2.362066448e+03 +1.815566448e+03 +1.815566448e+03 +4.9279e+00 +1.3777e+00 +1.9320e+00
139 +2.184320773e+03 +2.184320773e+03 +1.637820773e+03 +1.637820773e+03 +4.8354e+00 +1.8376e+00 +1.2222e+00
155 +2.129471853e+03 +2.129471853e+03 +1.582971853e+03 +1.582971853e+03 +4.7263e+00 +8.8327e-01 +1.2803e+00
156 +1.914660699e+03 +1.914660699e+03 +1.368160699e+03 +1.368160699e+03 +4.5043e+00 +1.4261e+00 +5.4286e-01
167 +1.713505999e+03 +1.713505999e+03 +1.167005999e+03 +1.167005999e+03 +4.5696e+00 +1.7135e+00 +1.3037e+00
178 +2.806378899e+00 +2.806378899e+00 -5.436936211e+02 -5.436936211e+02 +2.5310e+00 +1.1987e+00 +1.6027e+00
272 +2.668059551e+00 +2.668059551e+00 -5.438319404e+02 -5.438319404e+02 -9.2305e-01 +2.3998e+00 +1.5705e+00
289 +2.480200282e+00 +2.480200282e+00 -5.440197997e+02 -5.440197997e+02 -2.0011e+00 +1.4492e+00 +1.5528e+00
331 +2.269831270e+00 +2.269831270e+00 -5.442301687e+02 -5.442301687e+02 -2.0873e+00 +1.4440e+00 +1.6174e+00
336 +1.535330257e+00 +1.535330257e+00 -5.449646697e+02 -5.449646697e+02 -2.1978e+00 +2.1943e+00 +1.7249e+00
395 +1.491121760e+00 +1.491121760e+00 -5.450088782e+02 -5.450088782e+02 -2.0870e+00 +5.5769e-01 +1.3708e+00
589 +1.064178352e+00 +1.064178352e+00 -5.454358216e+02 -5.454358216e+02 -2.1843e+00 +2.1358e+00 +1.7292e+00
683 +1.036101792e+00 +1.036101792e+00 -5.454638982e+02 -5.454638982e+02 -2.0651e+00 +2.0402e+00 +1.7823e+00
1061 +8.173948886e-01 +8.173948886e-01 -5.456826051e+02 -5.456826051e+02 -2.1534e+00 +1.5138e+00 +2.2509e+00
1322 +7.964002385e-01 +7.964002385e-01 -5.457035998e+02 -5.457035998e+02 -2.0389e+00 +1.5081e+00 +2.2538e+00
1324 +7.660154437e-01 +7.660154437e-01 -5.457339846e+02 -5.457339846e+02 -2.0579e+00 +1.5126e+00 +2.2486e+00
1362 +7.513467242e-01 +7.513467242e-01 -5.457486533e+02 -5.457486533e+02 -2.0756e+00 +1.5146e+00 +2.2474e+00
1370 +7.372352555e-01 +7.372352555e-01 -5.457627647e+02 -5.457627647e+02 -2.0830e+00 +1.5040e+00 +2.2499e+00
1447 +7.242040599e-01 +7.242040599e-01 -5.457757959e+02 -5.457757959e+02 -2.1061e+00 +1.4963e+00 +2.2577e+00
22139 +6.431998920e-01 +6.431998920e-01 -5.458568001e+02 -5.458568001e+02 +1.4224e+00 +3.0182e+00 +1.8959e+00
30920 +2.243358129e-01 +2.243358129e-01 -5.462756642e+02 -5.462756642e+02 -2.1713e+00 +2.0584e+00 +2.1413e+00
% function evaluation | noise-free fitness - Fopt (1.000000000000e+03) | best noise-free fitness - Fopt | measured fitness | best measured fitness | x1 | x2...
1 +5.523931782e+03 +5.523931782e+03 +6.523931782e+03 +6.523931782e+03 +0.0000e+00 +0.0000e+00 +0.0000e+00
184 +1.062530114e+03 +1.062530114e+03 +2.062530114e+03 +2.062530114e+03 -4.5403e-03 -8.7453e-01 -1.5897e+00
196 +1.940375724e+02 +1.940375724e+02 +1.194037572e+03 +1.194037572e+03 +4.9321e-01 +3.2279e+00 -2.1130e+00
199 +4.281058577e+00 +4.281058577e+00 +1.004281059e+03 +1.004281059e+03 +1.4876e-01 +1.5105e+00 -1.4682e+00
203 +4.233174615e+00 +4.233174615e+00 +1.004233175e+03 +1.004233175e+03 -8.6135e-01 +1.0128e+00 -1.6161e+00
215 +3.013203116e+00 +3.013203116e+00 +1.003013203e+03 +1.003013203e+03 -1.2714e+00 +2.2977e+00 -1.3779e+00
282 +2.813685482e+00 +2.813685482e+00 +1.002813685e+03 +1.002813685e+03 -2.1980e-01 +5.0224e-01 -1.2997e+00
428 +1.756820931e+00 +1.756820931e+00 +1.001756821e+03 +1.001756821e+03 -2.2536e+00 +1.9229e+00 -9.8871e-01
964 +1.585495880e+00 +1.585495880e+00 +1.001585496e+03 +1.001585496e+03 -3.1151e-01 +2.5487e+00 -8.4810e-01
1153 +1.467001689e+00 +1.467001689e+00 +1.001467002e+03 +1.001467002e+03 -8.4770e-01 +2.3649e+00 -2.0714e+00
1156 +1.395939790e+00 +1.395939790e+00 +1.001395940e+03 +1.001395940e+03 -9.2932e-01 +2.4687e+00 -2.0557e+00
1158 +1.204565145e+00 +1.204565145e+00 +1.001204565e+03 +1.001204565e+03 -1.9424e+00 +2.2506e+00 -2.1059e+00
1198 +7.823333882e-01 +7.823333882e-01 +1.000782333e+03 +1.000782333e+03 -1.0319e+00 +2.3428e+00 -2.0520e+00
1202 +7.439316475e-01 +7.439316475e-01 +1.000743932e+03 +1.000743932e+03 -1.9613e+00 +2.1349e+00 -2.0460e+00
1337 +7.365359354e-01 +7.365359354e-01 +1.000736536e+03 +1.000736536e+03 -1.0028e+00 +2.3711e+00 -2.0430e+00
1424 +7.242212839e-01 +7.242212839e-01 +1.000724221e+03 +1.000724221e+03 -1.0223e+00 +2.3747e+00 -2.0385e+00
54023 +5.795037133e-01 +5.795037133e-01 +1.000579504e+03 +1.000579504e+03 +1.4088e+00 +2.9925e+00 -1.8888e+00
83483 +4.263633352e-01 +4.263633352e-01 +1.000426363e+03 +1.000426363e+03 -2.1967e+00 +2.0371e+00 -2.1548e+00
% function evaluation | noise-free fitness - Fopt (2.083800000000e+02) | best noise-free fitness - Fopt | measured fitness | best measured fitness | x1 | x2...
1 +5.523931782e+03 +5.523931782e+03 +5.732311782e+03 +5.732311782e+03 +0.0000e+00 +0.0000e+00 +0.0000e+00
102 +5.056087758e+03 +5.056087758e+03 +5.264467758e+03 +5.264467758e+03 +2.3980e+00 -1.1073e+00 +3.5760e+00
110 +5.002358187e+03 +5.002358187e+03 +5.210738187e+03 +5.210738187e+03 +2.1425e+00 -1.1753e+00 +3.5760e+00
115 +3.877937248e+03 +3.877937248e+03 +4.086317248e+03 +4.086317248e+03 +1.0345e+00 -1.1782e+00 +3.5762e+00
123 +3.639736309e+03 +3.639736309e+03 +3.848116309e+03 +3.848116309e+03 +7.4630e-01 -1.1875e+00 +3.5769e+00
125 +2.557212687e+03 +2.557212687e+03 +2.765592687e+03 +2.765592687e+03 -5.2162e-01 -1.1476e+00 +3.5758e+00
140 +2.049837300e+03 +2.049837300e+03 +2.258217300e+03 +2.258217300e+03 -1.3984e+00 -1.1586e+00 +3.5767e+00
142 +1.937151958e+03 +1.937151958e+03 +2.145531958e+03 +2.145531958e+03 -1.2258e+00 -9.2646e-01 +3.5738e+00
158 +1.603463995e+03 +1.603463995e+03 +1.811843995e+03 +1.811843995e+03 -3.4424e+00 -1.2120e+00 +3.5712e+00
162 +1.551378578e+03 +1.551378578e+03 +1.759758578e+03 +1.759758578e+03 -2.4509e+00 -1.1106e+00 +3.5756e+00
168 +1.485442725e+03 +1.485442725e+03 +1.693822725e+03 +1.693822725e+03 -2.6841e+00 -1.1232e+00 +3.5740e+00
169 +1.478192828e+03 +1.478192828e+03 +1.686572828e+03 +1.686572828e+03 -2.7726e+00 -1.1285e+00 +3.5747e+00
287 +1.426752395e+03 +1.426752395e+03 +1.635132395e+03 +1.635132395e+03 -2.7364e+00 -1.2025e+00 +3.5563e+00
303 +1.330699224e+03 +1.330699224e+03 +1.539079224e+03 +1.539079224e+03 -2.8223e+00 -1.1676e+00 +3.5378e+00
338 +1.262758645e+03 +1.262758645e+03 +1.471138645e+03 +1.471138645e+03 -2.8901e+00 -1.1871e+00 +3.5192e+00
348 +1.203729832e+03 +1.203729832e+03 +1.412109832e+03 +1.412109832e+03 -2.8943e+00 -1.1327e+00 +3.5076e+00
357 +1.163007734e+03 +1.163007734e+03 +1.371387734e+03 +1.371387734e+03 -2.9939e+00 -1.1523e+00 +3.4937e+00
358 +9.220990573e+02 +9.220990573e+02 +1.130479057e+03 +1.130479057e+03 -3.0904e+00 -1.1898e+00 +3.4115e+00
362 +9.006292744e+02 +9.006292744e+02 +1.109009274e+03 +1.109009274e+03 -2.9304e+00 -1.1384e+00 +3.4177e+00
370 +7.570308979e+02 +7.570308979e+02 +9.654108979e+02 +9.654108979e+02 -3.3381e+00 -1.1220e+00 +3.3276e+00
373 +4.400794200e+02 +4.400794200e+02 +6.484594200e+02 +6.484594200e+02 -3.1671e+00 -1.1985e+00 +1.4434e+00
375 +3.893086830e+02 +3.893086830e+02 +5.976886830e+02 +5.976886830e+02 -2.8699e+00 -1.1760e+00 +3.0975e+00
381 +3.764371841e+02 +3.764371841e+02 +5.848171841e+02 +5.848171841e+02 -3.0796e+00 -1.1605e+00 +2.1302e+00
385 +3.507598846e+02 +3.507598846e+02 +5.591398846e+02 +5.591398846e+02 -2.8946e+00 -1.1539e+00 +2.6173e+00
386 +3.393901253e+02 +3.393901253e+02 +5.477701253e+02 +5.477701253e+02 -3.0882e+00 -1.1236e+00 +2.4557e+00
393 +2.979780128e+02 +2.979780128e+02 +5.063580128e+02 +5.063580128e+02 -2.7709e+00 -1.1046e+00 +3.0426e+00
400 +1.931096131e+02 +1.931096131e+02 +4.014896131e+02 +4.014896131e+02 -3.0796e+00 -9.3831e-01 +1.8031e+00
415 +1.749391492e+02 +1.749391492e+02 +3.833191492e+02 +3.833191492e+02 -3.0946e+00 -8.8670e-01 +1.8241e+00
421 +1.027862823e+02 +1.027862823e+02 +3.111662823e+02 +3.111662823e+02 -2.8334e+00 -8.7242e-01 +1.8386e+00
435 +4.383959009e+01 +4.383959009e+01 +2.522195901e+02 +2.522195901e+02 -2.8016e+00 -5.0812e-01 +2.2598e+00
447 +3.805967563e+01 +3.805967563e+01 +2.464396756e+02 +2.464396756e+02 -2.7453e+00 -7.2981e-01 +1.7816e+00
452 +3.565415857e+01 +3.565415857e+01 +2.440341586e+02 +2.440341586e+02 -2.7748e+00 -6.5038e-01 +2.1116e+00
456 +3.486973712e+01 +3.486973712e+01 +2.432497371e+02 +2.432497371e+02 -2.7680e+00 +3.5793e-01 +2.0713e+00
464 +1.462126241e+01 +1.462126241e+01 +2.230012624e+02 +2.230012624e+02 -2.6368e+00 -3.8324e-01 +1.9324e+00
471 +9.021881462e+00 +9.021881462e+00 +2.174018815e+02 +2.174018815e+02 -2.5841e+00 -2.6720e-01 +2.0702e+00
486 +8.502640186e+00 +8.502640186e+00 +2.168826402e+02 +2.168826402e+02 -2.5777e+00 -2.5358e-01 +1.9036e+00
507 +3.951448850e+00 +3.951448850e+00 +2.123314489e+02 +2.123314489e+02 -2.4561e+00 -1.7926e-01 +2.3324e+00
528 +2.518786111e+00 +2.518786111e+00 +2.108987861e+02 +2.108987861e+02 -2.1858e+00 +5.3148e-01 +2.0817e+00
542 +2.161306981e+00 +2.161306981e+00 +2.105413070e+02 +2.105413070e+02 -2.2725e+00 +1.0329e-01 +2.2166e+00
560 +1.828693007e+00 +1.828693007e+00 +2.102086930e+02 +2.102086930e+02 -2.3144e+00 -3.0065e-04 +2.2838e+00
583 +1.609738999e+00 +1.609738999e+00 +2.099897390e+02 +2.099897390e+02 -2.3066e+00 -2.4869e-02 +1.5140e+00
604 +1.547509624e+00 +1.547509624e+00 +2.099275096e+02 +2.099275096e+02 -2.2626e+00 +2.1038e-02 +2.2932e+00
627 +1.438086224e+00 +1.438086224e+00 +2.098180862e+02 +2.098180862e+02 -2.2202e+00 +1.5595e-02 +2.2643e+00
649 +1.300490015e+00 +1.300490015e+00 +2.096804900e+02 +2.096804900e+02 -2.2091e+00 +3.9587e-02 +2.2783e+00
659 +1.191909232e+00 +1.191909232e+00 +2.095719092e+02 +2.095719092e+02 -2.1128e+00 +3.9283e-02 +2.2904e+00
665 +4.321648921e-01 +4.321648921e-01 +2.088121649e+02 +2.088121649e+02 -2.1166e+00 +5.5623e-02 +2.6044e+00
780 +4.191315684e-01 +4.191315684e-01 +2.087991316e+02 +2.087991316e+02 -2.1205e+00 +8.3082e-02 +2.6162e+00
813 +4.046994950e-01 +4.046994950e-01 +2.087846995e+02 +2.087846995e+02 -2.1246e+00 +5.7904e-02 +2.6174e+00
835 +3.956766098e-01 +3.956766098e-01 +2.087756766e+02 +2.087756766e+02 -2.1086e+00 +7.2213e-02 +2.6143e+00
92334 +1.402284308e-01 +1.402284308e-01 +2.085202284e+02 +2.085202284e+02 -2.1390e+00 +2.1282e+00 +2.0790e+00
% function evaluation | noise-free fitness - Fopt (-1.449600000000e+02) | best noise-free fitness - Fopt | measured fitness | best measured fitness | x1 | x2...
1 +5.523931782e+03 +5.523931782e+03 +5.378971782e+03 +5.378971782e+03 +0.0000e+00 +0.0000e+00 +0.0000e+00
2 +6.131924674e+02 +6.131924674e+02 +4.682324674e+02 +4.682324674e+02 +8.9691e-01 -3.7730e+00 -1.7021e+00
32 +6.001416047e+02 +6.001416047e+02 +4.551816047e+02 +4.551816047e+02 +9.0062e-01 -3.7658e+00 -1.7848e+00
43 +5.875867975e+02 +5.875867975e+02 +4.426267975e+02 +4.426267975e+02 +8.9902e-01 -3.7586e+00 -1.7514e+00
45 +5.595094978e+02 +5.595094978e+02 +4.145494978e+02 +4.145494978e+02 +8.9700e-01 -3.7418e+00 -1.7405e+00
48 +4.981230710e+02 +4.981230710e+02 +3.531630710e+02 +3.531630710e+02 +8.5020e-01 -3.6925e+00 -1.7754e+00
65 +4.644629063e+02 +4.644629063e+02 +3.195029063e+02 +3.195029063e+02 +1.1170e+00 -3.7377e+00 -1.6512e+00
77 +3.837873090e+02 +3.837873090e+02 +2.388273090e+02 +2.388273090e+02 +8.3170e-01 -3.6108e+00 -1.8032e+00
82 +3.370603736e+02 +3.370603736e+02 +1.921003736e+02 +1.921003736e+02 +9.7529e-01 -3.6121e+00 -1.7177e+00
97 +2.685998717e+02 +2.685998717e+02 +1.236398717e+02 +1.236398717e+02 +1.0377e+00 -3.5716e+00 -1.7334e+00
99 +2.316439017e+02 +2.316439017e+02 +8.668390170e+01 +8.668390170e+01 +1.1025e+00 -3.5545e+00 -1.7379e+00
110 +1.545915496e+02 +1.545915496e+02 +9.631549580e+00 +9.631549580e+00 +9.5117e-01 -3.4358e+00 -1.7135e+00
114 +1.022356668e+02 +1.022356668e+02 -4.272433316e+01 -4.272433316e+01 +1.2871e+00 -3.4530e+00 -1.6959e+00
125 +6.144308067e+00 +6.144308067e+00 -1.388156919e+02 -1.388156919e+02 +1.0946e+00 -3.1364e+00 -1.6047e+00
137 +5.214771700e+00 +5.214771700e+00 -1.397452283e+02 -1.397452283e+02 +1.0654e+00 -3.1079e+00 -1.7534e+00
138 +4.247977633e+00 +4.247977633e+00 -1.407120224e+02 -1.407120224e+02 +1.0208e+00 -2.7936e+00 -1.6785e+00
146 +3.935298805e+00 +3.935298805e+00 -1.410247012e+02 -1.410247012e+02 +1.2507e+00 -3.0571e+00 -1.7302e+00
153 +3.522458615e+00 +3.522458615e+00 -1.414375414e+02 -1.414375414e+02 +1.9799e+00 -3.2644e+00 -1.8337e+00
158 +2.599086860e+00 +2.599086860e+00 -1.423609131e+02 -1.423609131e+02 +1.4940e+00 -2.3705e+00 -1.4267e+00
167 +1.425569724e+00 +1.425569724e+00 -1.435344303e+02 -1.435344303e+02 +1.5808e+00 -3.0541e+00 -1.7880e+00
168 +1.121107615e+00 +1.121107615e+00 -1.438388924e+02 -1.438388924e+02 +1.5091e+00 -2.4043e+00 -2.0303e+00
869 +7.680479958e-01 +7.680479958e-01 -1.441919520e+02 -1.441919520e+02 +1.5431e+00 -3.0702e+00 -1.8989e+00
1087 +4.466003171e-01 +4.466003171e-01 -1.445133997e+02 -1.445133997e+02 +1.5177e+00 -3.0100e+00 -1.8610e+00
14428 +1.385488479e-01 +1.385488479e-01 -1.448214512e+02 -1.448214512e+02 -2.1096e+00 -2.0688e+00 -2.1349e+00
17468 +4.149896214e-02 +4.149896214e-02 -1.449185010e+02 -1.449185010e+02 -2.1069e+00 -2.0940e+00 -2.1221e+00
18278 +1.756877723e-02 +1.756877723e-02 -1.449424312e+02 -1.449424312e+02 -2.0748e+00 -2.1062e+00 -2.1060e+00
% function evaluation | noise-free fitness - Fopt (-6.300000000000e+00) | best noise-free fitness - Fopt | measured fitness | best measured fitness | x1 | x2...
1 +5.523931782e+03 +5.523931782e+03 +5.517631782e+03 +5.517631782e+03 +0.0000e+00 +0.0000e+00 +0.0000e+00
63 +4.506343861e+03 +4.506343861e+03 +4.500043861e+03 +4.500043861e+03 -3.8781e+00 +7.0817e-01 -1.6475e+00
93 +3.682848413e+03 +3.682848413e+03 +3.676548413e+03 +3.676548413e+03 -3.8545e+00 +5.1944e-01 -1.3584e+00
125 +3.517262796e+03 +3.517262796e+03 +3.510962796e+03 +3.510962796e+03 -3.8553e+00 +4.7563e-01 -1.7586e+00
139 +2.716203560e+03 +2.716203560e+03 +2.709903560e+03 +2.709903560e+03 -3.8664e+00 +2.3855e-01 -2.1604e+00
140 +1.501747324e+03 +1.501747324e+03 +1.495447324e+03 +1.495447324e+03 -3.8746e+00 -2.4564e-01 -1.9107e+00
161 +8.312632007e+02 +8.312632007e+02 +8.249632007e+02 +8.249632007e+02 -3.8756e+00 -7.7356e-01 -2.5208e+00
172 +7.615396801e+02 +7.615396801e+02 +7.552396801e+02 +7.552396801e+02 -3.8739e+00 -1.1282e+00 -1.8773e+00
174 +7.517979196e+02 +7.517979196e+02 +7.454979196e+02 +7.454979196e+02 -3.8673e+00 -1.5263e+00 -1.3807e+00
183 +7.381227859e+02 +7.381227859e+02 +7.318227859e+02 +7.318227859e+02 -3.8538e+00 -3.4157e+00 -9.2091e-01
249 +7.243281553e+02 +7.243281553e+02 +7.180281553e+02 +7.180281553e+02 -3.8395e+00 -1.7305e+00 -1.9930e+00
262 +7.015111207e+02 +7.015111207e+02 +6.952111207e+02 +6.952111207e+02 -3.8188e+00 -1.7193e+00 -1.5550e+00
273 +6.873622196e+02 +6.873622196e+02 +6.810622196e+02 +6.810622196e+02 -3.8056e+00 -2.0818e+00 -1.4684e+00
290 +6.672887896e+02 +6.672887896e+02 +6.609887896e+02 +6.609887896e+02 -3.7872e+00 -2.3779e+00 -2.0308e+00
316 +5.792329851e+02 +5.792329851e+02 +5.729329851e+02 +5.729329851e+02 -3.6972e+00 -2.1053e+00 -2.1865e+00
359 +4.304937566e+02 +4.304937566e+02 +4.241937566e+02 +4.241937566e+02 -3.5305e+00 -1.4457e+00 -1.5196e+00
363 +2.763527213e+01 +2.763527213e+01 +2.133527213e+01 +2.133527213e+01 -2.7434e+00 -8.9466e-01 -1.9159e+00
411 +4.710481211e+00 +4.710481211e+00 -1.589518789e+00 -1.589518789e+00 -2.4328e+00 -2.3456e+00 -1.5689e+00
434 +3.470608796e+00 +3.470608796e+00 -2.829391204e+00 -2.829391204e+00 -7.1357e-01 -2.2812e+00 -1.5231e+00
439 +2.956331982e+00 +2.956331982e+00 -3.343668018e+00 -3.343668018e+00 -2.5528e+00 -3.1594e+00 -1.5229e+00
454 +2.198060623e+00 +2.198060623e+00 -4.101939377e+00 -4.101939377e+00 -1.5970e+00 -2.0185e+00 -2.0702e+00
596 +1.979055658e+00 +1.979055658e+00 -4.320944342e+00 -4.320944342e+00 -6.9539e-01 -2.1859e+00 -2.1174e+00
644 +1.795363891e+00 +1.795363891e+00 -4.504636109e+00 -4.504636109e+00 -6.0883e-01 -2.1987e+00 -2.0976e+00
663 +1.733895122e+00 +1.733895122e+00 -4.566104878e+00 -4.566104878e+00 +1.7805e+00 -2.2033e+00 -2.1263e+00
678 +6.227288436e-01 +6.227288436e-01 -5.677271156e+00 -5.677271156e+00 +2.0052e+00 -2.2116e+00 -2.0518e+00
895 +5.801756298e-01 +5.801756298e-01 -5.719824370e+00 -5.719824370e+00 +1.9604e+00 -2.1816e+00 -2.1167e+00
924 +4.354158262e-01 +4.354158262e-01 -5.864584174e+00 -5.864584174e+00 +1.9870e+00 -2.1914e+00 -2.0679e+00
928 +3.452797839e-01 +3.452797839e-01 -5.954720216e+00 -5.954720216e+00 +2.0273e+00 -2.1906e+00 -2.0736e+00
950 +3.346293496e-01 +3.346293496e-01 -5.965370650e+00 -5.965370650e+00 +2.0520e+00 -2.1891e+00 -2.0961e+00
953 +3.205262710e-01 +3.205262710e-01 -5.979473729e+00 -5.979473729e+00 +2.0680e+00 -2.1892e+00 -2.0786e+00
966 +2.843186015e-01 +2.843186015e-01 -6.015681398e+00 -6.015681398e+00 +2.0483e+00 -2.1853e+00 -2.0878e+00
1013 +2.655271186e-01 +2.655271186e-01 -6.034472881e+00 -6.034472881e+00 +2.0434e+00 -2.1823e+00 -2.0836e+00
1044 +2.619346499e-01 +2.619346499e-01 -6.038065350e+00 -6.038065350e+00 +2.1168e+00 -2.1723e+00 -2.0858e+00
1063 +1.916887666e-01 +1.916887666e-01 -6.108311233e+00 -6.108311233e+00 +2.0952e+00 -2.1672e+00 -2.0862e+00
1067 +1.841939122e-01 +1.841939122e-01 -6.115806088e+00 -6.115806088e+00 +2.0530e+00 -2.1685e+00 -2.0842e+00
1076 +1.771929620e-01 +1.771929620e-01 -6.122807038e+00 -6.122807038e+00 +2.1182e+00 -2.1552e+00 -2.0806e+00
1083 +5.789161021e-02 +5.789161021e-02 -6.242108390e+00 -6.242108390e+00 +2.0996e+00 -2.1390e+00 -2.0953e+00
1114 +4.938622986e-02 +4.938622986e-02 -6.250613770e+00 -6.250613770e+00 +2.1036e+00 -2.1190e+00 -2.0860e+00
1123 +3.367301034e-02 +3.367301034e-02 -6.266326990e+00 -6.266326990e+00 +2.0933e+00 -2.1308e+00 -2.0940e+00
1128 +2.270869494e-02 +2.270869494e-02 -6.277291305e+00 -6.277291305e+00 +2.1037e+00 -2.1212e+00 -2.0934e+00
1135 +1.651953623e-02 +1.651953623e-02 -6.283480464e+00 -6.283480464e+00 +2.0956e+00 -2.1237e+00 -2.1018e+00
1145 +2.153317693e-03 +2.153317693e-03 -6.297846682e+00 -6.297846682e+00 +2.1014e+00 -2.1075e+00 -2.1074e+00
1188 +6.640663846e-04 +6.640663846e-04 -6.299335934e+00 -6.299335934e+00 +2.0990e+00 -2.1052e+00 -2.1051e+00
1209 +5.459770343e-04 +5.459770343e-04 -6.299454023e+00 -6.299454023e+00 +2.1009e+00 -2.1043e+00 -2.1040e+00
1241 +4.670559829e-04 +4.670559829e-04 -6.299532944e+00 -6.299532944e+00 +2.1047e+00 -2.1058e+00 -2.1062e+00
1247 +2.071611430e-04 +2.071611430e-04 -6.299792839e+00 -6.299792839e+00 +2.1027e+00 -2.1052e+00 -2.1056e+00
1255 +1.507778661e-04 +1.507778661e-04 -6.299849222e+00 -6.299849222e+00 +2.1038e+00 -2.1044e+00 -2.1058e+00
1256 +9.021742481e-05 +9.021742481e-05 -6.299909783e+00 -6.299909783e+00 +2.1035e+00 -2.1051e+00 -2.1054e+00
1268 +8.455896153e-05 +8.455896153e-05 -6.299915441e+00 -6.299915441e+00 +2.1047e+00 -2.1053e+00 -2.1054e+00
1279 +7.581195521e-05 +7.581195521e-05 -6.299924188e+00 -6.299924188e+00 +2.1051e+00 -2.1046e+00 -2.1056e+00
1290 +7.106468273e-05 +7.106468273e-05 -6.299928935e+00 -6.299928935e+00 +2.1050e+00 -2.1050e+00 -2.1054e+00
1292 +6.525200120e-05 +6.525200120e-05 -6.299934748e+00 -6.299934748e+00 +2.1058e+00 -2.1048e+00 -2.1054e+00
1302 +3.814881107e-05 +3.814881107e-05 -6.299961851e+00 -6.299961851e+00 +2.1051e+00 -2.1046e+00 -2.1054e+00
1313 +3.603298802e-05 +3.603298802e-05 -6.299963967e+00 -6.299963967e+00 +2.1055e+00 -2.1047e+00 -2.1053e+00
1325 +2.782383186e-05 +2.782383186e-05 -6.299972176e+00 -6.299972176e+00 +2.1058e+00 -2.1044e+00 -2.1052e+00
1335 +2.393124516e-05 +2.393124516e-05 -6.299976069e+00 -6.299976069e+00 +2.1048e+00 -2.1046e+00 -2.1052e+00
1339 +1.966215684e-05 +1.966215684e-05 -6.299980338e+00 -6.299980338e+00 +2.1052e+00 -2.1045e+00 -2.1052e+00
1342 +1.055189712e-05 +1.055189712e-05 -6.299989448e+00 -6.299989448e+00 +2.1051e+00 -2.1045e+00 -2.1051e+00
1352 +1.016514269e-05 +1.016514269e-05 -6.299989835e+00 -6.299989835e+00 +2.1050e+00 -2.1048e+00 -2.1051e+00
1358 +8.399406374e-06 +8.399406374e-06 -6.299991601e+00 -6.299991601e+00 +2.1051e+00 -2.1044e+00 -2.1050e+00
1362 +8.117280253e-06 +8.117280253e-06 -6.299991883e+00 -6.299991883e+00 +2.1050e+00 -2.1045e+00 -2.1051e+00
1364 +6.654821741e-06 +6.654821741e-06 -6.299993345e+00 -6.299993345e+00 +2.1049e+00 -2.1046e+00 -2.1050e+00
1366 +4.293542899e-06 +4.293542899e-06 -6.299995706e+00 -6.299995706e+00 +2.1051e+00 -2.1048e+00 -2.1047e+00
1381 +3.751323153e-06 +3.751323153e-06 -6.299996249e+00 -6.299996249e+00 +2.1050e+00 -2.1046e+00 -2.1050e+00
1416 +1.621423691e-06 +1.621423691e-06 -6.299998379e+00 -6.299998379e+00 +2.1047e+00 -2.1048e+00 -2.1049e+00
1434 +3.883218991e-07 +3.883218991e-07 -6.299999612e+00 -6.299999612e+00 +2.1050e+00 -2.1048e+00 -2.1049e+00
1445 +1.518113608e-07 +1.518113608e-07 -6.299999848e+00 -6.299999848e+00 +2.1049e+00 -2.1048e+00 -2.1048e+00
1456 +1.133197562e-07 +1.133197562e-07 -6.299999887e+00 -6.299999887e+00 +2.1049e+00 -2.1049e+00 -2.1048e+00
1482 +1.121720512e-07 +1.121720512e-07 -6.299999888e+00 -6.299999888e+00 +2.1049e+00 -2.1048e+00 -2.1049e+00
1486 +6.831589072e-08 +6.831589072e-08 -6.299999932e+00 -6.299999932e+00 +2.1048e+00 -2.1048e+00 -2.1049e+00
1488 +1.723251586e-08 +1.723251586e-08 -6.299999983e+00 -6.299999983e+00 +2.1049e+00 -2.1049e+00 -2.1048e+00
1501 +1.525769910e-08 +1.525769910e-08 -6.299999985e+00 -6.299999985e+00 +2.1049e+00 -2.1048e+00 -2.1048e+00
1514 +9.136767787e-09 +9.136767787e-09 -6.299999991e+00 -6.299999991e+00 +2.1049e+00 -2.1048e+00 -2.1048e+00
2067 +0.000000000e+00 +0.000000000e+00 -6.300000000e+00 -6.300000000e+00 +2.1048e+00 -2.1048e+00 -2.1048e+00
% function evaluation | noise-free fitness - Fopt (2.796000000000e+01) | best noise-free fitness - Fopt | measured fitness | best measured fitness | x1 | x2...
1 +5.523931782e+03 +5.523931782e+03 +5.551891782e+03 +5.551891782e+03 +0.0000e+00 +0.0000e+00 +0.0000e+00
141 +3.108704003e+02 +3.108704003e+02 +3.388304003e+02 +3.388304003e+02 +3.3747e+00 +3.5986e+00 +8.5658e-01
163 +2.635803039e+02 +2.635803039e+02 +2.915403039e+02 +2.915403039e+02 +3.3038e+00 +3.3367e+00 +1.5508e+00
178 +2.107410091e+02 +2.107410091e+02 +2.387010091e+02 +2.387010091e+02 +3.2091e+00 +3.7028e+00 +1.5210e+00
213 +1.961015527e+02 +1.961015527e+02 +2.240615527e+02 +2.240615527e+02 +3.1946e+00 +3.3903e+00 +1.0835e+00
229 +1.603574853e+02 +1.603574853e+02 +1.883174853e+02 +1.883174853e+02 +3.1162e+00 +2.4200e+00 +5.3035e-01
242 +1.546351404e+02 +1.546351404e+02 +1.825951404e+02 +1.825951404e+02 +3.1082e+00 +2.1669e+00 +6.0067e-01
253 +1.011443185e+02 +1.011443185e+02 +1.291043185e+02 +1.291043185e+02 +2.9928e+00 +2.0702e+00 +7.3280e-01
259 +5.334152941e+00 +5.334152941e+00 +3.329415294e+01 +3.329415294e+01 +1.9843e+00 +1.7416e+00 +7.2645e-01
280 +4.442839115e+00 +4.442839115e+00 +3.240283911e+01 +3.240283911e+01 +1.7222e+00 +2.8582e+00 +6.7034e-01
290 +3.834903818e+00 +3.834903818e+00 +3.179490382e+01 +3.179490382e+01 +2.2056e+00 +3.1612e+00 +1.0141e+00
306 +3.763475988e+00 +3.763475988e+00 +3.172347599e+01 +3.172347599e+01 +8.7452e-01 +1.4007e+00 +1.1813e+00
314 +3.636264244e+00 +3.636264244e+00 +3.159626424e+01 +3.159626424e+01 +2.4193e+00 +1.9210e+00 +1.0562e+00
315 +3.594679005e+00 +3.594679005e+00 +3.155467900e+01 +3.155467900e+01 +2.3695e+00 +2.6336e+00 +1.1367e+00
325 +3.543998696e+00 +3.543998696e+00 +3.150399870e+01 +3.150399870e+01 +1.7582e+00 +2.4527e+00 +1.0923e+00
338 +2.655799366e+00 +2.655799366e+00 +3.061579937e+01 +3.061579937e+01 +1.5962e+00 +2.5133e+00 +1.1384e+00
355 +2.598508897e+00 +2.598508897e+00 +3.055850890e+01 +3.055850890e+01 -2.4515e-02 +2.6735e+00 +1.1251e+00
385 +2.361525136e+00 +2.361525136e+00 +3.032152514e+01 +3.032152514e+01 +1.4507e+00 +2.9563e+00 +8.6576e-01
438 +2.323833893e+00 +2.323833893e+00 +3.028383389e+01 +3.028383389e+01 +1.5681e+00 +2.4517e+00 +1.1779e+00
469 +2.273542334e+00 +2.273542334e+00 +3.023354233e+01 +3.023354233e+01 +1.1000e+00 +2.9299e+00 +1.9401e+00
491 +2.225560029e+00 +2.225560029e+00 +3.018556003e+01 +3.018556003e+01 +1.4083e+00 +2.8453e+00 +8.2589e-01
748 +2.162591302e+00 +2.162591302e+00 +3.012259130e+01 +3.012259130e+01 -4.5661e-01 +2.5129e+00 +1.6566e+00
881 +1.894901629e+00 +1.894901629e+00 +2.985490163e+01 +2.985490163e+01 -1.9857e+00 +1.3551e+00 +2.2985e+00
970 +1.446969082e+00 +1.446969082e+00 +2.940696908e+01 +2.940696908e+01 -2.5832e-02 +2.6558e+00 +1.9587e+00
1321 +1.065883547e+00 +1.065883547e+00 +2.902588355e+01 +2.902588355e+01 -1.9957e+00 +6.3427e-02 +1.4606e+00
1625 +9.664053596e-01 +9.664053596e-01 +2.892640536e+01 +2.892640536e+01 -2.0668e+00 +1.0170e-01 +1.4340e+00
1704 +4.041419632e-01 +4.041419632e-01 +2.836414196e+01 +2.836414196e+01 -2.0917e+00 +7.5977e-02 +2.6060e+00
1848 +3.980123168e-01 +3.980123168e-01 +2.835801232e+01 +2.835801232e+01 -2.1088e+00 +6.8426e-02 +2.6098e+00
146507 +3.714268862e-01 +3.714268862e-01 +2.833142689e+01 +2.833142689e+01 -1.9562e+00 +2.1268e+00 +2.0924e+00
% function evaluation | noise-free fitness - Fopt (-6.338000000000e+01) | best noise-free fitness - Fopt | measured fitness | best measured fitness | x1 | x2...
1 +5.523931782e+03 +5.523931782e+03 +5.460551782e+03 +5.460551782e+03 +0.0000e+00 +0.0000e+00 +0.0000e+00
2 +1.274633212e+02 +1.274633212e+02 +6.408332121e+01 +6.408332121e+01 +1.2724e+00 -5.5905e-02 +2.9438e+00
7 +1.235029447e+02 +1.235029447e+02 +6.012294471e+01 +6.012294471e+01 +1.2535e+00 -6.8041e-02 +2.9440e+00
18 +1.201205789e+02 +1.201205789e+02 +5.674057890e+01 +5.674057890e+01 +1.2299e+00 -7.8096e-02 +2.9441e+00
22 +1.147884965e+02 +1.147884965e+02 +5.140849646e+01 +5.140849646e+01 +1.1081e+00 -8.7321e-02 +2.9429e+00
25 +1.071624774e+02 +1.071624774e+02 +4.378247742e+01 +4.378247742e+01 +1.2795e+00 -1.1689e-01 +2.9436e+00
35 +9.466114456e+01 +9.466114456e+01 +3.128114456e+01 +3.128114456e+01 +1.1782e+00 -1.5437e-01 +2.9436e+00
49 +5.462846811e+01 +5.462846811e+01 -8.751531893e+00 -8.751531893e+00 +1.1824e+00 -3.2839e-01 +2.9421e+00
78 +4.405313240e+01 +4.405313240e+01 -1.932686760e+01 -1.932686760e+01 +1.4794e+00 -4.3535e-01 +2.9427e+00
106 +4.226627463e+01 +4.226627463e+01 -2.111372537e+01 -2.111372537e+01 +1.6119e+00 -3.6513e-01 +2.9422e+00
127 +2.386223849e+01 +2.386223849e+01 -3.951776151e+01 -3.951776151e+01 +1.9145e+00 -4.7866e-01 +2.9422e+00
155 +2.002645349e+01 +2.002645349e+01 -4.335354651e+01 -4.335354651e+01 +1.9751e+00 -4.8041e-01 +2.9378e+00
166 +1.908167522e+01 +1.908167522e+01 -4.429832478e+01 -4.429832478e+01 +2.1563e+00 -5.3253e-01 +2.9484e+00
181 +1.276997518e+01 +1.276997518e+01 -5.061002482e+01 -5.061002482e+01 +2.3422e+00 -5.9224e-01 +2.9427e+00
214 +1.135089798e+01 +1.135089798e+01 -5.202910202e+01 -5.202910202e+01 +2.6174e+00 -5.6244e-01 +2.8810e+00
218 +4.570921929e+00 +4.570921929e+00 -5.880907807e+01 -5.880907807e+01 +2.1999e+00 -5.3435e-01 +2.9036e+00
227 +4.080335062e+00 +4.080335062e+00 -5.929966494e+01 -5.929966494e+01 +2.2473e+00 -5.7058e-01 +2.7270e+00
249 +3.333874838e+00 +3.333874838e+00 -6.004612516e+01 -6.004612516e+01 +2.4130e+00 -4.9205e-01 +2.7950e+00
250 +2.554416574e+00 +2.554416574e+00 -6.082558343e+01 -6.082558343e+01 +2.1867e+00 -5.4492e-01 +2.7947e+00
258 +2.356798735e+00 +2.356798735e+00 -6.102320127e+01 -6.102320127e+01 +2.3621e+00 -5.0650e-01 +2.7652e+00
270 +1.685715467e+00 +1.685715467e+00 -6.169428453e+01 -6.169428453e+01 +2.2729e+00 -5.0185e-01 +2.7825e+00
283 +1.341650372e+00 +1.341650372e+00 -6.203834963e+01 -6.203834963e+01 +2.2165e+00 -5.0295e-01 +2.7930e+00
284 +1.161460180e+00 +1.161460180e+00 -6.221853982e+01 -6.221853982e+01 +2.2332e+00 -5.1429e-01 +2.7400e+00
289 +1.079029635e+00 +1.079029635e+00 -6.230097036e+01 -6.230097036e+01 +2.1703e+00 -5.0157e-01 +2.7197e+00
305 +9.220158754e-01 +9.220158754e-01 -6.245798412e+01 -6.245798412e+01 +2.1602e+00 -5.0964e-01 +2.7395e+00
316 +9.059625628e-01 +9.059625628e-01 -6.247403744e+01 -6.247403744e+01 +2.1942e+00 -5.0920e-01 +2.7593e+00
320 +8.477718241e-01 +8.477718241e-01 -6.253222818e+01 -6.253222818e+01 +2.1630e+00 -5.0851e-01 +2.7530e+00
396 +8.223085154e-01 +8.223085154e-01 -6.255769148e+01 -6.255769148e+01 +2.1544e+00 -5.0581e-01 +2.7586e+00
516 +8.124145280e-01 +8.124145280e-01 -6.256758547e+01 -6.256758547e+01 +2.1562e+00 -5.0451e-01 +2.7584e+00
594 +7.925259312e-01 +7.925259312e-01 -6.258747407e+01 -6.258747407e+01 +2.1431e+00 -5.0117e-01 +2.7578e+00
642 +7.753036110e-01 +7.753036110e-01 -6.260469639e+01 -6.260469639e+01 +2.1282e+00 -4.9695e-01 +2.7574e+00
3876 +7.360392489e-01 +7.360392489e-01 -6.264396075e+01 -6.264396075e+01 +2.0391e+00 +2.2336e+00 +2.0869e+00
47550 +6.241669048e-01 +6.241669048e-01 -6.275583310e+01 -6.275583310e+01 +1.9254e+00 +2.1589e+00 +2.1182e+00
47975 +5.973862177e-01 +5.973862177e-01 -6.278261378e+01 -6.278261378e+01 +1.9786e+00 +2.0588e+00 +2.1018e+00
59526 +5.583863131e-01 +5.583863131e-01 -6.282161369e+01 -6.282161369e+01 +1.9360e+00 +2.1137e+00 +2.1205e+00
65184 +4.538152550e-01 +4.538152550e-01 -6.292618475e+01 -6.292618475e+01 +2.1009e+00 +2.0740e+00 +9.7437e-01
121035 +1.693587715e-01 +1.693587715e-01 -6.321064123e+01 -6.321064123e+01 +2.1286e+00 +2.1483e+00 +2.1076e+00
% function evaluation | noise-free fitness - Fopt (-1.337200000000e+02) | best noise-free fitness - Fopt | measured fitness | best measured fitness | x1 | x2...
1 +5.523931782e+03 +5.523931782e+03 +5.390211782e+03 +5.390211782e+03 +0.0000e+00 +0.0000e+00 +0.0000e+00
232 +5.262298000e+03 +5.262298000e+03 +5.128578000e+03 +5.128578000e+03 +4.2724e+00 -2.8041e+00 +2.4712e+00
264 +4.632550623e+03 +4.632550623e+03 +4.498830623e+03 +4.498830623e+03 +3.9456e+00 -2.6756e+00 +2.0530e+00
274 +3.718599286e+03 +3.718599286e+03 +3.584879286e+03 +3.584879286e+03 +4.2129e+00 -2.4283e+00 +2.0484e+00
292 +3.634466046e+03 +3.634466046e+03 +3.500746046e+03 +3.500746046e+03 +3.9018e+00 -2.4331e+00 +2.4096e+00
293 +3.082944353e+03 +3.082944353e+03 +2.949224353e+03 +2.949224353e+03 +3.8869e+00 -2.2815e+00 +2.2191e+00
294 +2.901459138e+03 +2.901459138e+03 +2.767739138e+03 +2.767739138e+03 +3.8992e+00 -2.2265e+00 +2.2000e+00
296 +2.688557523e+03 +2.688557523e+03 +2.554837523e+03 +2.554837523e+03 +3.9556e+00 -2.1536e+00 +1.9804e+00
299 +4.773565389e+01 +4.773565389e+01 -8.598434611e+01 -8.598434611e+01 +2.8203e+00 -3.9910e-01 +1.5388e+00
311 +1.505712073e+01 +1.505712073e+01 -1.186628793e+02 -1.186628793e+02 +2.6473e+00 -3.4093e-01 +2.4008e+00
322 +3.709156925e+00 +3.709156925e+00 -1.300108431e+02 -1.300108431e+02 -6.9138e-01 +2.4312e+00 +2.0681e+00
335 +3.220630130e+00 +3.220630130e+00 -1.304993699e+02 -1.304993699e+02 +2.0551e+00 +4.2297e-01 +2.1162e+00
357 +2.833636978e+00 +2.833636978e+00 -1.308863630e+02 -1.308863630e+02 +9.1568e-01 +3.4171e-01 +2.0313e+00
365 +2.291027409e+00 +2.291027409e+00 -1.314289726e+02 -1.314289726e+02 +2.1770e+00 +5.2934e-01 +1.6723e+00
386 +1.861597035e+00 +1.861597035e+00 -1.318584030e+02 -1.318584030e+02 +2.1931e+00 -1.9285e-02 +2.2422e+00
488 +1.805132786e+00 +1.805132786e+00 -1.319148672e+02 -1.319148672e+02 +2.1187e+00 +5.9232e-01 +1.0261e+00
544 +1.234499475e+00 +1.234499475e+00 -1.324855005e+02 -1.324855005e+02 +2.1185e+00 +5.1880e-02 +2.2500e+00
3722 +8.615818415e-01 +8.615818415e-01 -1.328584182e+02 -1.328584182e+02 -1.4648e+00 +9.8381e-01 +2.3932e+00
5232 +4.405507046e-01 +4.405507046e-01 -1.332794493e+02 -1.332794493e+02 +2.1274e+00 +2.1105e+00 +2.1547e+00
44330 +3.823856475e-01 +3.823856475e-01 -1.333376144e+02 -1.333376144e+02 +2.0043e+00 +2.0688e+00 +2.1260e+00
% function evaluation | noise-free fitness - Fopt (-4.039900000000e+02) | best noise-free fitness - Fopt | measured fitness | best measured fitness | x1 | x2...
1 +5.523931782e+03 +5.523931782e+03 +5.119941782e+03 +5.119941782e+03 +0.0000e+00 +0.0000e+00 +0.0000e+00
67 +2.496916266e+03 +2.496916266e+03 +2.092926266e+03 +2.092926266e+03 +1.7015e+00 +1.5898e+00 +1.1682e+00
71 +2.032274152e+03 +2.032274152e+03 +1.628284152e+03 +1.628284152e+03 +1.5660e+00 +9.1321e-01 +7.6551e-01
72 +1.542643138e+03 +1.542643138e+03 +1.138653138e+03 +1.138653138e+03 +1.5922e+00 -4.2451e-01 +4.4826e-01
77 +1.355603792e+03 +1.355603792e+03 +9.516137916e+02 +9.516137916e+02 +1.8115e+00 +4.0979e-01 +6.9532e-01
79 +4.501495464e+02 +4.501495464e+02 +4.615954642e+01 +4.615954642e+01 +1.4601e+00 -3.8074e-01 +7.4701e-01
94 +6.948086208e+01 +6.948086208e+01 -3.345091379e+02 -3.345091379e+02 +1.6745e+00 -6.7113e-01 +8.7790e-01
96 +6.470385039e+01 +6.470385039e+01 -3.392861496e+02 -3.392861496e+02 +1.6390e+00 -7.3752e-01 +8.6624e-01
101 +1.479914695e+01 +1.479914695e+01 -3.891908530e+02 -3.891908530e+02 +1.7450e+00 -1.3120e+00 +7.9271e-01
103 +3.664389127e+00 +3.664389127e+00 -4.003256109e+02 -4.003256109e+02 +1.7766e+00 -5.3822e-01 +1.3976e+00
117 +3.504390559e+00 +3.504390559e+00 -4.004856094e+02 -4.004856094e+02 +1.7387e+00 -2.2550e+00 +1.0307e+00
132 +2.784577654e+00 +2.784577654e+00 -4.012054223e+02 -4.012054223e+02 +1.8269e+00 -2.1835e+00 +1.1470e+00
168 +2.242900045e+00 +2.242900045e+00 -4.017471000e+02 -4.017471000e+02 +1.8359e+00 -1.5717e+00 +1.1186e+00
177 +2.207668864e+00 +2.207668864e+00 -4.017823311e+02 -4.017823311e+02 +1.8464e+00 -1.5563e+00 +1.1267e+00
200 +1.953454479e+00 +1.953454479e+00 -4.020365455e+02 -4.020365455e+02 +1.8881e+00 -1.5159e+00 +1.1295e+00
214 +1.456307543e+00 +1.456307543e+00 -4.025336925e+02 -4.025336925e+02 +1.9794e+00 -1.4856e+00 +1.1140e+00
261 +1.398051078e+00 +1.398051078e+00 -4.025919489e+02 -4.025919489e+02 +2.0261e+00 -1.5343e+00 +1.1344e+00
274 +1.286420166e+00 +1.286420166e+00 -4.027035798e+02 -4.027035798e+02 +2.0194e+00 -1.5320e+00 +1.1182e+00
284 +1.246831366e+00 +1.246831366e+00 -4.027431686e+02 -4.027431686e+02 +2.0289e+00 -1.4962e+00 +1.1233e+00
290 +1.212171357e+00 +1.212171357e+00 -4.027778286e+02 -4.027778286e+02 +2.0403e+00 -1.4890e+00 +1.1143e+00
300 +1.182257801e+00 +1.182257801e+00 -4.028077422e+02 -4.028077422e+02 +2.0654e+00 -1.5148e+00 +1.1221e+00
309 +1.150876970e+00 +1.150876970e+00 -4.028391230e+02 -4.028391230e+02 +2.0803e+00 -1.5172e+00 +1.1143e+00
334 +1.137734965e+00 +1.137734965e+00 -4.028522650e+02 -4.028522650e+02 +2.0795e+00 -1.5122e+00 +1.1116e+00
454 +1.121831011e+00 +1.121831011e+00 -4.028681690e+02 -4.028681690e+02 +2.0963e+00 -1.4936e+00 +1.1106e+00
2588 +9.072051012e-01 +9.072051012e-01 -4.030827949e+02 -4.030827949e+02 -1.5266e+00 -2.9991e+00 +1.8245e+00
3975 +5.472837801e-01 +5.472837801e-01 -4.034427162e+02 -4.034427162e+02 -1.4477e+00 -2.9853e+00 +1.9065e+00
5917 +4.887247425e-01 +4.887247425e-01 -4.035012753e+02 -4.035012753e+02 -1.5424e+00 -2.9950e+00 +1.8643e+00
6089 +4.535065353e-01 +4.535065353e-01 -4.035364935e+02 -4.035364935e+02 -1.5510e+00 -3.0031e+00 +1.8914e+00
7028 +4.253237339e-01 +4.253237339e-01 -4.035646763e+02 -4.035646763e+02 -1.5272e+00 -3.0224e+00 +1.8869e+00
7643 +4.151181101e-01 +4.151181101e-01 -4.035748819e+02 -4.035748819e+02 -1.5114e+00 -2.9906e+00 +1.8873e+00
7654 +4.064333895e-01 +4.064333895e-01 -4.035835666e+02 -4.035835666e+02 -1.5190e+00 -2.9968e+00 +1.8837e+00
7708 +3.964384883e-01 +3.964384883e-01 -4.035935615e+02 -4.035935615e+02 -1.5038e+00 -3.0060e+00 +1.8783e+00
19920 +3.578484146e-01 +3.578484146e-01 -4.036321516e+02 -4.036321516e+02 +2.1180e+00 -2.1718e+00 +2.0638e+00
30136 +9.529398325e-02 +9.529398325e-02 -4.038947060e+02 -4.038947060e+02 +2.1071e+00 -2.1324e+00 +2.1157e+00
90807 +5.565161654e-02 +5.565161654e-02 -4.039343484e+02 -4.039343484e+02 +2.0713e+00 -2.0882e+00 +2.1043e+00
92522 +5.102812981e-03 +5.102812981e-03 -4.039848972e+02 -4.039848972e+02 +2.1023e+00 -2.1087e+00 +2.0987e+00
98712 +2.500382640e-03 +2.500382640e-03 -4.039874996e+02 -4.039874996e+02 +2.1004e+00 -2.1115e+00 +2.1014e+00
98859 +1.349420316e-03 +1.349420316e-03 -4.039886506e+02 -4.039886506e+02 +2.1005e+00 -2.1099e+00 +2.1046e+00
98947 +3.388061980e-04 +3.388061980e-04 -4.039896612e+02 -4.039896612e+02 +2.1048e+00 -2.1062e+00 +2.1033e+00
99013 +1.612034264e-04 +1.612034264e-04 -4.039898388e+02 -4.039898388e+02 +2.1029e+00 -2.1049e+00 +2.1055e+00
99127 +9.670781071e-05 +9.670781071e-05 -4.039899033e+02 -4.039899033e+02 +2.1046e+00 -2.1053e+00 +2.1040e+00
99137 +4.780294324e-05 +4.780294324e-05 -4.039899522e+02 -4.039899522e+02 +2.1036e+00 -2.1054e+00 +2.1044e+00
99157 +3.565650661e-05 +3.565650661e-05 -4.039899643e+02 -4.039899643e+02 +2.1041e+00 -2.1044e+00 +2.1051e+00
99171 +2.883471649e-05 +2.883471649e-05 -4.039899712e+02 -4.039899712e+02 +2.1042e+00 -2.1051e+00 +2.1044e+00
99180 +1.614560762e-05 +1.614560762e-05 -4.039899839e+02 -4.039899839e+02 +2.1048e+00 -2.1045e+00 +2.1047e+00
99267 +6.191901662e-06 +6.191901662e-06 -4.039899938e+02 -4.039899938e+02 +2.1046e+00 -2.1052e+00 +2.1048e+00
99375 +4.070942282e-06 +4.070942282e-06 -4.039899959e+02 -4.039899959e+02 +2.1046e+00 -2.1051e+00 +2.1047e+00
99379 +1.718132012e-06 +1.718132012e-06 -4.039899983e+02 -4.039899983e+02 +2.1047e+00 -2.1048e+00 +2.1048e+00
99444 +8.590387779e-07 +8.590387779e-07 -4.039899991e+02 -4.039899991e+02 +2.1050e+00 -2.1048e+00 +2.1048e+00
99546 +8.061089716e-07 +8.061089716e-07 -4.039899992e+02 -4.039899992e+02 +2.1047e+00 -2.1050e+00 +2.1048e+00
99550 +7.462147664e-07 +7.462147664e-07 -4.039899993e+02 -4.039899993e+02 +2.1048e+00 -2.1049e+00 +2.1048e+00
99570 +7.180951798e-07 +7.180951798e-07 -4.039899993e+02 -4.039899993e+02 +2.1047e+00 -2.1049e+00 +2.1048e+00
99585 +7.001905828e-07 +7.001905828e-07 -4.039899993e+02 -4.039899993e+02 +2.1047e+00 -2.1049e+00 +2.1048e+00
99586 +2.483984645e-07 +2.483984645e-07 -4.039899998e+02 -4.039899998e+02 +2.1049e+00 -2.1048e+00 +2.1049e+00
99668 +1.242199801e-07 +1.242199801e-07 -4.039899999e+02 -4.039899999e+02 +2.1048e+00 -2.1049e+00 +2.1048e+00
99793 +1.192562422e-07 +1.192562422e-07 -4.039899999e+02 -4.039899999e+02 +2.1049e+00 -2.1049e+00 +2.1048e+00
99845 +8.528803619e-08 +8.528803619e-08 -4.039899999e+02 -4.039899999e+02 +2.1048e+00 -2.1049e+00 +2.1048e+00
99858 +1.505378577e-08 +1.505378577e-08 -4.039900000e+02 -4.039900000e+02 +2.1049e+00 -2.1049e+00 +2.1048e+00
100026 +8.409131169e-09 +8.409131169e-09 -4.039900000e+02 -4.039900000e+02 +2.1049e+00 -2.1048e+00 +2.1048e+00
100949 +0.000000000e+00 +0.000000000e+00 -4.039900000e+02 -4.039900000e+02 +2.1048e+00 -2.1048e+00 +2.1048e+00
% function evaluation | noise-free fitness - Fopt (1.000000000000e+03) | best noise-free fitness - Fopt | measured fitness | best measured fitness | x1 | x2...
1 +5.523931782e+03 +5.523931782e+03 +6.523931782e+03 +6.523931782e+03 +0.0000e+00 +0.0000e+00 +0.0000e+00
65 +4.151753232e+03 +4.151753232e+03 +5.151753232e+03 +5.151753232e+03 +1.4693e+00 +4.2520e+00 +1.1399e-01
75 +1.031397773e+03 +1.031397773e+03 +2.031397773e+03 +2.031397773e+03 +1.4675e+00 +3.3869e+00 -1.4074e+00
84 +9.401440477e+02 +9.401440477e+02 +1.940144048e+03 +1.940144048e+03 +1.4704e+00 +2.7969e+00 -2.5388e-02
88 +1.570690872e+02 +1.570690872e+02 +1.157069087e+03 +1.157069087e+03 +1.4520e+00 +2.7339e+00 -3.5280e-01
93 +5.000248758e+01 +5.000248758e+01 +1.050002488e+03 +1.050002488e+03 +1.4491e+00 +2.6728e+00 -6.6479e-01
118 +6.993777691e+00 +6.993777691e+00 +1.006993778e+03 +1.006993778e+03 +1.4476e+00 +2.0218e+00 -8.2488e-01
122 +5.105426209e+00 +5.105426209e+00 +1.005105426e+03 +1.005105426e+03 +1.4888e+00 +2.0401e+00 -9.1719e-01
148 +4.172946100e+00 +4.172946100e+00 +1.004172946e+03 +1.004172946e+03 +1.5200e+00 +2.2971e+00 -1.1217e+00
159 +3.641308552e+00 +3.641308552e+00 +1.003641309e+03 +1.003641309e+03 +1.4989e+00 +1.7432e+00 -2.1766e+00
287 +2.939138269e+00 +2.939138269e+00 +1.002939138e+03 +1.002939138e+03 +1.5021e+00 +2.1517e+00 -2.1029e+00
358 +2.417114488e+00 +2.417114488e+00 +1.002417114e+03 +1.002417114e+03 +1.4982e+00 +2.2446e+00 -2.0605e+00
498 +2.395287427e+00 +2.395287427e+00 +1.002395287e+03 +1.002395287e+03 +1.4983e+00 +2.2589e+00 -2.0665e+00
784 +2.340735337e+00 +2.340735337e+00 +1.002340735e+03 +1.002340735e+03 +1.4488e+00 +2.2572e+00 -2.0628e+00
803 +2.217223183e+00 +2.217223183e+00 +1.002217223e+03 +1.002217223e+03 +1.4020e+00 +2.2642e+00 -2.0683e+00
810 +2.011001695e+00 +2.011001695e+00 +1.002011002e+03 +1.002011002e+03 +1.3356e+00 +2.2567e+00 -2.0675e+00
820 +1.855992714e+00 +1.855992714e+00 +1.001855993e+03 +1.001855993e+03 +1.3056e+00 +2.2659e+00 -2.0667e+00
826 +1.594136195e+00 +1.594136195e+00 +1.001594136e+03 +1.001594136e+03 +1.0153e+00 +2.2401e+00 -2.0764e+00
828 +1.467184088e+00 +1.467184088e+00 +1.001467184e+03 +1.001467184e+03 +1.0076e+00 +2.2538e+00 -2.0705e+00
829 +1.357841972e+00 +1.357841972e+00 +1.001357842e+03 +1.001357842e+03 +1.1510e+00 +2.3991e+00 -2.0651e+00
831 +1.346741675e+00 +1.346741675e+00 +1.001346742e+03 +1.001346742e+03 +1.1165e+00 +2.2549e+00 -2.0651e+00
843 +9.379954463e-01 +9.379954463e-01 +1.000937995e+03 +1.000937995e+03 +1.1045e+00 +2.3225e+00 -2.0653e+00
857 +9.104991163e-01 +9.104991163e-01 +1.000910499e+03 +1.000910499e+03 +1.0874e+00 +2.3296e+00 -2.0679e+00
890 +8.874859154e-01 +8.874859154e-01 +1.000887486e+03 +1.000887486e+03 +1.0721e+00 +2.3344e+00 -2.0683e+00
922 +8.235788679e-01 +8.235788679e-01 +1.000823579e+03 +1.000823579e+03 +1.0652e+00 +2.3472e+00 -2.0610e+00
964 +7.896497749e-01 +7.896497749e-01 +1.000789650e+03 +1.000789650e+03 +1.0670e+00 +2.3444e+00 -2.0509e+00
974 +7.718825470e-01 +7.718825470e-01 +1.000771883e+03 +1.000771883e+03 +1.0530e+00 +2.3485e+00 -2.0512e+00
993 +7.507932348e-01 +7.507932348e-01 +1.000750793e+03 +1.000750793e+03 +1.0447e+00 +2.3545e+00 -2.0468e+00
1009 +7.383508190e-01 +7.383508190e-01 +1.000738351e+03 +1.000738351e+03 +1.0351e+00 +2.3584e+00 -2.0415e+00
1117 +7.239390649e-01 +7.239390649e-01 +1.000723939e+03 +1.000723939e+03 +1.0164e+00 +2.3774e+00 -2.0365e+00
12397 +6.273624266e-01 +6.273624266e-01 +1.000627362e+03 +1.000627362e+03 -1.5373e+00 +2.9953e+00 -1.8471e+00
12448 +5.438698905e-01 +5.438698905e-01 +1.000543870e+03 +1.000543870e+03 -1.5290e+00 +3.0410e+00 -1.8457e+00
12479 +5.078784192e-01 +5.078784192e-01 +1.000507878e+03 +1.000507878e+03 -1.5286e+00 +3.0158e+00 -1.9026e+00
12543 +4.613921026e-01 +4.613921026e-01 +1.000461392e+03 +1.000461392e+03 -1.5354e+00 +3.0148e+00 -1.8587e+00
12614 +4.516470391e-01 +4.516470391e-01 +1.000451647e+03 +1.000451647e+03 -1.5661e+00 +3.0240e+00 -1.8679e+00
12650 +4.271743668e-01 +4.271743668e-01 +1.000427174e+03 +1.000427174e+03 -1.5522e+00 +3.0119e+00 -1.8825e+00
17208 +3.982292225e-01 +3.982292225e-01 +1.000398229e+03 +1.000398229e+03 -1.5069e+00 +3.0005e+00 -1.8815e+00
17654 +3.957655396e-01 +3.957655396e-01 +1.000395766e+03 +1.000395766e+03 -1.5153e+00 +3.0084e+00 -1.8810e+00
58239 +3.389233788e-02 +3.389233788e-02 +1.000033892e+03 +1.000033892e+03 +2.0620e+00 +2.1175e+00 -2.1059e+00
% function evaluation | noise-free fitness - Fopt (1.005700000000e+02) | best noise-free fitness - Fopt | measured fitness | best measured fitness | x1 | x2...
1 +5.523931782e+03 +5.523931782e+03 +5.624501782e+03 +5.624501782e+03 +0.0000e+00 +0.0000e+00 +0.0000e+00
106 +2.538298755e+03 +2.538298755e+03 +2.638868755e+03 +2.638868755e+03 +2.7757e+00 +2.6137e-01 +4.4949e-01
112 +4.035264459e+01 +4.035264459e+01 +1.409226446e+02 +1.409226446e+02 +2.7876e+00 +3.2869e-01 +1.4684e+00
116 +3.744010076e+01 +3.744010076e+01 +1.380101008e+02 +1.380101008e+02 +2.7846e+00 +2.2281e-01 +1.5836e+00
133 +3.695407894e+01 +3.695407894e+01 +1.375240789e+02 +1.375240789e+02 +2.7819e+00 +2.0154e-01 +1.8099e+00
147 +3.622102600e+01 +3.622102600e+01 +1.367910260e+02 +1.367910260e+02 +2.7811e+00 +2.3952e-01 +2.7098e+00
156 +3.277524541e+01 +3.277524541e+01 +1.333452454e+02 +1.333452454e+02 +2.7617e+00 +3.1085e-01 +2.7126e+00
174 +2.406285233e+01 +2.406285233e+01 +1.246328523e+02 +1.246328523e+02 +2.7197e+00 +1.9721e-01 +1.5695e+00
182 +5.607307308e+00 +5.607307308e+00 +1.061773073e+02 +1.061773073e+02 +2.5257e+00 +1.4466e-01 +1.3998e+00
197 +4.454314458e+00 +4.454314458e+00 +1.050243145e+02 +1.050243145e+02 +2.4885e+00 +1.5788e-01 +1.9645e+00
202 +4.213306847e+00 +4.213306847e+00 +1.047833068e+02 +1.047833068e+02 +2.5284e+00 +1.2286e-01 +2.3518e+00
227 +4.068392725e+00 +4.068392725e+00 +1.046383927e+02 +1.046383927e+02 +2.4859e+00 +9.5700e-02 +1.9102e+00
230 +2.939444974e+00 +2.939444974e+00 +1.035094450e+02 +1.035094450e+02 +2.5036e+00 +1.2887e-01 +2.6528e+00
245 +2.797663765e+00 +2.797663765e+00 +1.033676638e+02 +1.033676638e+02 +2.1486e+00 -7.6209e-02 +2.4406e+00
258 +2.643185204e+00 +2.643185204e+00 +1.032131852e+02 +1.032131852e+02 +2.0722e+00 +3.1951e-01 +2.7290e+00
268 +1.629365218e+00 +1.629365218e+00 +1.021993652e+02 +1.021993652e+02 +2.1796e+00 +9.6801e-04 +2.2460e+00
689 +1.565211003e+00 +1.565211003e+00 +1.021352110e+02 +1.021352110e+02 +2.0571e+00 -1.4744e+00 +1.9066e+00
695 +1.121022636e+00 +1.121022636e+00 +1.016910226e+02 +1.016910226e+02 +2.0242e+00 -2.2339e+00 +2.0210e+00
898 +8.480902873e-01 +8.480902873e-01 +1.014180903e+02 +1.014180903e+02 +2.1439e+00 -2.2204e+00 +2.0584e+00
917 +4.141412235e-01 +4.141412235e-01 +1.009841412e+02 +1.009841412e+02 +2.1043e+00 -2.0333e+00 +2.0922e+00
13920 +2.370514321e-01 +2.370514321e-01 +1.008070514e+02 +1.008070514e+02 +2.0659e+00 -2.1782e+00 +2.0867e+00
128511 +7.455490617e-02 +7.455490617e-02 +1.006445549e+02 +1.006445549e+02 +2.1313e+00 -2.1309e+00 +2.1043e+00
% function evaluation | noise-free fitness - Fopt (1.149000000000e+01) | best noise-free fitness - Fopt | measured fitness | best measured fitness | x1 | x2...
1 +5.523931782e+03 +5.523931782e+03 +5.535421782e+03 +5.535421782e+03 +0.0000e+00 +0.0000e+00 +0.0000e+00
211 +2.565980561e+03 +2.565980561e+03 +2.577470561e+03 +2.577470561e+03 -4.9501e+00 +2.7112e+00 -2.9667e-01
214 +2.456516580e+03 +2.456516580e+03 +2.468006580e+03 +2.468006580e+03 -4.9457e+00 +1.6336e+00 -6.4313e-01
239 +2.381454719e+03 +2.381454719e+03 +2.392944719e+03 +2.392944719e+03 -4.9376e+00 +2.6917e+00 -9.4450e-01
255 +2.309091432e+03 +2.309091432e+03 +2.320581432e+03 +2.320581432e+03 -4.9005e+00 +2.1308e+00 -8.8685e-01
262 +2.289495278e+03 +2.289495278e+03 +2.300985278e+03 +2.300985278e+03 -4.8903e+00 +1.8402e+00 -8.2616e-01
288 +2.219965785e+03 +2.219965785e+03 +2.231455785e+03 +2.231455785e+03 -4.8541e+00 +2.4112e+00 -8.0378e-01
290 +1.944271952e+03 +1.944271952e+03 +1.955761952e+03 +1.955761952e+03 -4.7037e+00 +2.5027e+00 -9.3172e-01
306 +1.801952269e+03 +1.801952269e+03 +1.813442269e+03 +1.813442269e+03 -4.6210e+00 +3.3379e+00 -8.2889e-01
330 +1.762387552e+03 +1.762387552e+03 +1.773877552e+03 +1.773877552e+03 -4.5749e+00 +4.1690e+00 -7.0260e-01
341 +1.665730532e+03 +1.665730532e+03 +1.677220532e+03 +1.677220532e+03 -4.5398e+00 +2.7342e+00 -1.5069e+00
345 +1.426094485e+03 +1.426094485e+03 +1.437584485e+03 +1.437584485e+03 -4.3872e+00 +3.2767e+00 -9.8044e-01
349 +1.410039209e+03 +1.410039209e+03 +1.421529209e+03 +1.421529209e+03 -4.3775e+00 +2.1721e+00 -9.6966e-01
352 +1.322851702e+03 +1.322851702e+03 +1.334341702e+03 +1.334341702e+03 -4.3172e+00 +2.3198e+00 -1.0106e+00
357 +9.505165686e+02 +9.505165686e+02 +9.620065686e+02 +9.620065686e+02 -2.7157e+00 +4.3895e+00 -1.1521e+00
363 +8.631164697e+02 +8.631164697e+02 +8.746064697e+02 +8.746064697e+02 -3.9660e+00 +3.0232e+00 -1.5792e+00
369 +1.253887417e+01 +1.253887417e+01 +2.402887417e+01 +2.402887417e+01 -2.2945e+00 +2.0045e+00 -6.2625e-01
385 +4.212842673e+00 +4.212842673e+00 +1.570284267e+01 +1.570284267e+01 -1.2155e+00 +3.1466e+00 -7.5586e-01
388 +3.455478988e+00 +3.455478988e+00 +1.494547899e+01 +1.494547899e+01 -2.1670e+00 +3.2935e+00 -1.8139e+00
413 +2.049416889e+00 +2.049416889e+00 +1.353941689e+01 +1.353941689e+01 -1.5590e+00 +3.0073e+00 -1.1102e+00
458 +1.858452560e+00 +1.858452560e+00 +1.334845256e+01 +1.334845256e+01 -1.5294e+00 +2.4781e+00 -8.5009e-01
617 +1.369167564e+00 +1.369167564e+00 +1.285916756e+01 +1.285916756e+01 +1.0772e+00 +2.3167e+00 -8.8510e-01
2977 +1.121050811e+00 +1.121050811e+00 +1.261105081e+01 +1.261105081e+01 +2.1991e+00 +2.1159e+00 -2.1793e+00
3748 +3.901813711e-01 +3.901813711e-01 +1.188018137e+01 +1.188018137e+01 +2.0803e+00 +2.1588e+00 -2.0512e+00
141669 +2.285013558e-01 +2.285013558e-01 +1.171850136e+01 +1.171850136e+01 +2.1338e+00 +2.0337e+00 -2.1175e+00
% function evaluation | noise-free fitness - Fopt (7.731000000000e+01) | best noise-free fitness - Fopt | measured fitness | best measured fitness | x1 | x2...
1 +5.523931782e+03 +5.523931782e+03 +5.601241782e+03 +5.601241782e+03 +0.0000e+00 +0.0000e+00 +0.0000e+00
127 +4.094003887e+03 +4.094003887e+03 +4.171313887e+03 +4.171313887e+03 -4.1180e+00 +2.1522e+00 -1.1357e+00
132 +3.373530229e+03 +3.373530229e+03 +3.450840229e+03 +3.450840229e+03 -4.8409e+00 +1.5208e+00 -1.0499e+00
144 +3.120531664e+03 +3.120531664e+03 +3.197841664e+03 +3.197841664e+03 -4.1983e+00 +1.8683e+00 -1.1355e+00
146 +1.416674690e+03 +1.416674690e+03 +1.493984690e+03 +1.493984690e+03 -4.2833e+00 +3.4412e-01 -1.0746e+00
152 +1.350313128e+03 +1.350313128e+03 +1.427623128e+03 +1.427623128e+03 -4.2110e+00 +4.5395e-01 -1.0797e+00
166 +1.214026712e+03 +1.214026712e+03 +1.291336712e+03 +1.291336712e+03 -4.0120e+00 +7.3591e-01 -1.0885e+00
167 +1.186093428e+03 +1.186093428e+03 +1.263403428e+03 +1.263403428e+03 -4.0922e+00 +4.6487e-01 -1.0862e+00
168 +8.049963605e+02 +8.049963605e+02 +8.823063605e+02 +8.823063605e+02 -3.8055e+00 +4.5901e-01 -1.1150e+00
175 +5.450532765e+02 +5.450532765e+02 +6.223632765e+02 +6.223632765e+02 -3.6340e+00 +1.4763e-01 -1.1242e+00
179 +2.751233473e+02 +2.751233473e+02 +3.524333473e+02 +3.524333473e+02 -3.2520e+00 +9.7110e-02 -1.0900e+00
182 +1.601522382e+02 +1.601522382e+02 +2.374622382e+02 +2.374622382e+02 -3.1237e+00 -1.4141e-01 -1.1440e+00
185 +9.780738504e+01 +9.780738504e+01 +1.751173850e+02 +1.751173850e+02 -2.8694e+00 +1.4463e-01 -1.1109e+00
190 +8.369148382e+01 +8.369148382e+01 +1.610014838e+02 +1.610014838e+02 -2.9416e+00 -2.4399e-01 -1.1318e+00
196 +5.921254876e+01 +5.921254876e+01 +1.365225488e+02 +1.365225488e+02 -2.6054e+00 -2.3145e-02 -1.0553e+00
198 +1.882343256e+01 +1.882343256e+01 +9.613343256e+01 +9.613343256e+01 -1.4972e+00 -2.0111e-01 -1.0607e+00
207 +1.330749906e+01 +1.330749906e+01 +9.061749906e+01 +9.061749906e+01 -2.3375e+00 -2.1362e-01 -1.0693e+00
213 +6.849569661e+00 +6.849569661e+00 +8.415956966e+01 +8.415956966e+01 -1.0798e+00 -3.8801e-01 -1.0410e+00
220 +4.555881695e+00 +4.555881695e+00 +8.186588170e+01 +8.186588170e+01 +6.7982e-01 -8.5997e-01 -1.1085e+00
226 +3.575817854e+00 +3.575817854e+00 +8.088581785e+01 +8.088581785e+01 -2.4502e+00 -4.3896e-01 -1.0675e+00
229 +3.097480242e+00 +3.097480242e+00 +8.040748024e+01 +8.040748024e+01 +7.7762e-01 -2.4301e-01 -1.1172e+00
251 +2.545625915e+00 +2.545625915e+00 +7.985562591e+01 +7.985562591e+01 +2.5451e-01 -2.7065e+00 -1.0789e+00
274 +2.296750072e+00 +2.296750072e+00 +7.960675007e+01 +7.960675007e+01 +1.6864e+00 -3.0227e+00 -1.1505e+00
283 +2.180799005e+00 +2.180799005e+00 +7.949079900e+01 +7.949079900e+01 +1.5443e+00 -1.5120e+00 -1.1559e+00
483 +2.053427648e+00 +2.053427648e+00 +7.936342765e+01 +7.936342765e+01 +1.4529e+00 -1.4282e+00 -1.0986e+00
2389 +1.567427380e+00 +1.567427380e+00 +7.887742738e+01 +7.887742738e+01 +1.3093e+00 -2.9926e+00 -7.1305e-01
2513 +1.534620106e+00 +1.534620106e+00 +7.884462011e+01 +7.884462011e+01 +1.6601e+00 -2.9910e+00 -1.8188e+00
2548 +1.059023231e+00 +1.059023231e+00 +7.836902323e+01 +7.836902323e+01 +1.4798e+00 -2.9673e+00 -7.7976e-01
3934 +9.606880834e-01 +9.606880834e-01 +7.827068808e+01 +7.827068808e+01 -1.9461e+00 -2.2480e+00 -2.0574e+00
13706 +9.323877830e-01 +9.323877830e-01 +7.824238778e+01 +7.824238778e+01 -2.2968e+00 -1.9938e+00 -2.1619e+00
18765 +8.720419915e-01 +8.720419915e-01 +7.818204199e+01 +7.818204199e+01 -2.3024e+00 -2.0397e+00 -2.1594e+00
27939 +5.801771724e-01 +5.801771724e-01 +7.789017717e+01 +7.789017717e+01 +1.4250e+00 -2.9874e+00 -1.8652e+00
76209 +5.180295880e-01 +5.180295880e-01 +7.782802959e+01 +7.782802959e+01 -2.2562e+00 -2.0816e+00 -2.0821e+00
86882 +4.283091708e-01 +4.283091708e-01 +7.773830917e+01 +7.773830917e+01 -1.9609e+00 -2.0986e+00 -2.1117e+00
% function evaluation | noise-free fitness - Fopt (3.207700000000e+02) | best noise-free fitness - Fopt | measured fitness | best measured fitness | x1 | x2...
1 +5.523931782e+03 +5.523931782e+03 +5.844701782e+03 +5.844701782e+03 +0.0000e+00 +0.0000e+00 +0.0000e+00
77 +4.131113687e+03 +4.131113687e+03 +4.451883687e+03 +4.451883687e+03 -4.4236e+00 -4.2433e-01 +2.5601e-01
92 +1.485895277e+03 +1.485895277e+03 +1.806665277e+03 +1.806665277e+03 -4.4236e+00 +4.8157e-01 +1.8945e+00
108 +1.479065366e+03 +1.479065366e+03 +1.799835366e+03 +1.799835366e+03 -4.4191e+00 +2.2436e-02 +1.4669e+00
109 +1.316608315e+03 +1.316608315e+03 +1.637378315e+03 +1.637378315e+03 -4.3103e+00 +4.8791e-01 +2.3359e+00
147 +1.177001613e+03 +1.177001613e+03 +1.497771613e+03 +1.497771613e+03 -4.2104e+00 -2.4294e-01 +2.3323e+00
158 +1.136583296e+03 +1.136583296e+03 +1.457353296e+03 +1.457353296e+03 -4.1816e+00 -5.4653e-01 +1.9417e+00
167 +9.463903748e+02 +9.463903748e+02 +1.267160375e+03 +1.267160375e+03 -4.0347e+00 -1.0966e+00 +2.4600e+00
168 +5.571201453e+02 +5.571201453e+02 +8.778901453e+02 +8.778901453e+02 -3.6771e+00 -1.9221e+00 +7.4468e-01
182 +1.212038356e+02 +1.212038356e+02 +4.419738356e+02 +4.419738356e+02 -2.9615e-01 -9.5821e-01 +2.6871e+00
186 +1.419565796e+01 +1.419565796e+01 +3.349656580e+02 +3.349656580e+02 -2.6444e+00 -9.6283e-01 +2.1379e+00
198 +4.065029400e+00 +4.065029400e+00 +3.248350294e+02 +3.248350294e+02 -2.3971e+00 -5.4594e-01 +2.0497e+00
201 +3.225428826e+00 +3.225428826e+00 +3.239954288e+02 +3.239954288e+02 -2.1469e+00 -4.9841e-01 +1.5367e+00
204 +2.462519213e+00 +2.462519213e+00 +3.232325192e+02 +3.232325192e+02 +9.5556e-01 -8.7088e-01 +2.4128e+00
205 +2.398162863e+00 +2.398162863e+00 +3.231681629e+02 +3.231681629e+02 -1.9480e+00 -1.1097e+00 +2.0253e+00
229 +2.169855015e+00 +2.169855015e+00 +3.229398550e+02 +3.229398550e+02 +1.0504e-01 -5.9915e-01 +1.3489e+00
1604 +2.021584077e+00 +2.021584077e+00 +3.227915841e+02 +3.227915841e+02 -2.0595e+00 -1.9536e+00 +9.4588e-01
1680 +1.804443550e+00 +1.804443550e+00 +3.225744435e+02 +3.225744435e+02 -8.3246e-01 -4.1189e-01 +2.4960e+00
1687 +1.726400957e+00 +1.726400957e+00 +3.224964010e+02 +3.224964010e+02 -2.0104e+00 +4.9119e-01 +2.7477e+00
1712 +1.667241522e+00 +1.667241522e+00 +3.224372415e+02 +3.224372415e+02 -1.9470e+00 -1.6100e-01 +2.2361e+00
1786 +1.093796544e+00 +1.093796544e+00 +3.218637965e+02 +3.218637965e+02 -2.2197e+00 -1.9444e+00 +2.1247e+00
2590 +1.035612234e+00 +1.035612234e+00 +3.218056122e+02 +3.218056122e+02 -1.9565e+00 -2.1489e+00 +9.0781e-01
2827 +1.019211209e+00 +1.019211209e+00 +3.217892112e+02 +3.217892112e+02 -1.1466e+00 -2.3309e+00 +2.0597e+00
11193 +9.625450848e-01 +9.625450848e-01 +3.217325451e+02 +3.217325451e+02 +1.4385e+00 -9.9583e-01 +2.3793e+00
14060 +8.854137435e-01 +8.854137435e-01 +3.216554137e+02 +3.216554137e+02 +1.5470e+00 -9.7589e-01 +2.3661e+00
14086 +8.478231782e-01 +8.478231782e-01 +3.216178232e+02 +3.216178232e+02 +1.5427e+00 -9.8846e-01 +2.3683e+00
14121 +7.928417007e-01 +7.928417007e-01 +3.215628417e+02 +3.215628417e+02 +1.5211e+00 -9.7254e-01 +2.3856e+00
18392 +6.187060937e-01 +6.187060937e-01 +3.213887061e+02 +3.213887061e+02 +1.5669e+00 -2.9839e+00 +1.8611e+00
18744 +4.970274107e-01 +4.970274107e-01 +3.212670274e+02 +3.212670274e+02 +1.5063e+00 -3.0035e+00 +1.8555e+00
19405 +4.723355363e-01 +4.723355363e-01 +3.212423355e+02 +3.212423355e+02 +1.5109e+00 -3.0470e+00 +1.8690e+00
20541 +4.185386459e-01 +4.185386459e-01 +3.211885386e+02 +3.211885386e+02 +1.5229e+00 -3.0263e+00 +1.8665e+00
21110 +4.127934233e-01 +4.127934233e-01 +3.211827934e+02 +3.211827934e+02 +1.5443e+00 -3.0153e+00 +1.8795e+00
21348 +3.990460403e-01 +3.990460403e-01 +3.211690460e+02 +3.211690460e+02 +1.4983e+00 -3.0070e+00 +1.8813e+00
% function evaluation | noise-free fitness - Fopt (1.893000000000e+01) | best noise-free fitness - Fopt | measured fitness | best measured fitness | x1 | x2...
1 +5.523931782e+03 +5.523931782e+03 +5.542861782e+03 +5.542861782e+03 +0.0000e+00 +0.0000e+00 +0.0000e+00
86 +5.138328941e+03 +5.138328941e+03 +5.157258941e+03 +5.157258941e+03 -5.0283e-01 -1.4055e+00 +3.0956e-01
98 +4.435510799e+03 +4.435510799e+03 +4.454440799e+03 +4.454440799e+03 -4.9427e-01 -1.4269e+00 +2.3420e-01
99 +3.023617442e+03 +3.023617442e+03 +3.042547442e+03 +3.042547442e+03 -4.9518e-01 -1.3809e+00 +3.8758e-02
100 +3.013837816e+03 +3.013837816e+03 +3.032767816e+03 +3.032767816e+03 -5.0330e-01 -1.3985e+00 +4.1760e-02
104 +2.786578493e+03 +2.786578493e+03 +2.805508493e+03 +2.805508493e+03 -4.8244e-01 -1.3960e+00 +7.8347e-03
109 +1.816992830e+03 +1.816992830e+03 +1.835922830e+03 +1.835922830e+03 -4.8347e-01 -1.3565e+00 -1.6209e-01
111 +4.717358559e+00 +4.717358559e+00 +2.364735856e+01 +2.364735856e+01 -5.0250e-01 -1.3881e+00 -1.3286e+00
117 +3.904648975e+00 +3.904648975e+00 +2.283464898e+01 +2.283464898e+01 -4.9737e-01 -1.4025e+00 -1.0693e+00
126 +3.855904273e+00 +3.855904273e+00 +2.278590427e+01 +2.278590427e+01 -5.0000e-01 -1.3962e+00 -8.3627e-01
145 +3.745387329e+00 +3.745387329e+00 +2.267538733e+01 +2.267538733e+01 -5.2473e-01 -1.3851e+00 -1.4307e+00
146 +2.932623040e+00 +2.932623040e+00 +2.186262304e+01 +2.186262304e+01 -4.7728e-01 -1.2506e+00 -1.2096e+00
192 +2.880463755e+00 +2.880463755e+00 +2.181046375e+01 +2.181046375e+01 -4.4491e-01 -2.0307e+00 -2.1664e+00
211 +2.677361548e+00 +2.677361548e+00 +2.160736155e+01 +2.160736155e+01 -1.1347e+00 -8.7750e-01 -1.2826e+00
215 +2.551537155e+00 +2.551537155e+00 +2.148153716e+01 +2.148153716e+01 -6.1255e-01 -6.2623e-01 -1.3459e+00
352 +2.251012364e+00 +2.251012364e+00 +2.118101236e+01 +2.118101236e+01 -6.6009e-01 -2.7631e+00 -1.3775e+00
365 +1.090138004e+00 +1.090138004e+00 +2.002013800e+01 +2.002013800e+01 -5.8253e-01 -2.7670e+00 -1.9189e+00
718 +1.067818721e+00 +1.067818721e+00 +1.999781872e+01 +1.999781872e+01 -6.0115e-01 -2.7747e+00 -1.9169e+00
7461 +5.148070947e-01 +5.148070947e-01 +1.944480709e+01 +1.944480709e+01 +2.2033e+00 -1.9972e+00 -2.1252e+00
28089 +1.339323962e-01 +1.339323962e-01 +1.906393240e+01 +1.906393240e+01 +2.0704e+00 -2.0721e+00 -2.1251e+00
