% function evaluation | noise-free fitness - Fopt (-4.620900000000e+002) | best noise-free fitness - Fopt | measured fitness | best measured fitness | x1 | x2...
1 +9.180962943e+001 +9.180962943e+001 -3.702803706e+002 -3.702803706e+002 +0.0000e+000 +0.0000e+000 +0.0000e+000
132 +8.898356388e+001 +8.898356388e+001 -3.731064361e+002 -3.731064361e+002 +4.2820e+000 +1.7086e+000 +6.8481e-001
137 +8.404614523e+001 +8.404614523e+001 -3.780438548e+002 -3.780438548e+002 +4.2401e+000 +1.6775e+000 +3.5362e+000
139 +8.122390757e+001 +8.122390757e+001 -3.808660924e+002 -3.808660924e+002 +4.2526e+000 +1.6903e+000 +3.5700e+000
144 +7.820137073e+001 +7.820137073e+001 -3.838886293e+002 -3.838886293e+002 +4.2625e+000 +1.6869e+000 +3.6511e+000
149 +5.319384804e+001 +5.319384804e+001 -4.088961520e+002 -4.088961520e+002 +4.2855e+000 +1.7257e+000 +2.5390e+000
245 +4.079831253e+001 +4.079831253e+001 -4.212916875e+002 -4.212916875e+002 +9.6833e-001 +1.6382e+000 +1.4169e+000
258 +3.709864538e+001 +3.709864538e+001 -4.249913546e+002 -4.249913546e+002 +2.8679e+000 +1.6317e+000 +1.5361e+000
268 +3.226038355e+001 +3.226038355e+001 -4.298296164e+002 -4.298296164e+002 -5.1493e+000 +1.6140e+000 +1.2434e+000
272 +2.148611922e+001 +2.148611922e+001 -4.406038808e+002 -4.406038808e+002 -2.3165e+000 +1.6292e+000 +2.4319e+000
284 +1.587054261e+001 +1.587054261e+001 -4.462194574e+002 -4.462194574e+002 +6.4240e-001 +1.6541e+000 +2.8144e+000
292 +1.248262067e+001 +1.248262067e+001 -4.496073793e+002 -4.496073793e+002 -2.8649e-001 +1.6405e+000 +2.8643e+000
309 +1.175854333e+001 +1.175854333e+001 -4.503314567e+002 -4.503314567e+002 -2.0861e+000 +1.6760e+000 +2.2067e+000
312 +5.935832560e+000 +5.935832560e+000 -4.561541674e+002 -4.561541674e+002 -3.3482e+000 +1.6759e+000 +2.1723e+000
455 +5.809627169e+000 +5.809627169e+000 -4.562803728e+002 -4.562803728e+002 -2.2019e+000 +1.6973e+000 +2.5472e+000
467 +3.764240389e+000 +3.764240389e+000 -4.583257596e+002 -4.583257596e+002 -3.2688e+000 +1.6971e+000 +2.2176e+000
784 +3.661934556e+000 +3.661934556e+000 -4.584280654e+002 -4.584280654e+002 -2.2557e+000 +1.7352e+000 +2.5755e+000
797 +3.546231841e+000 +3.546231841e+000 -4.585437682e+002 -4.585437682e+002 -3.3711e+000 +1.6991e+000 +1.8978e+000
896 +2.178183835e+000 +2.178183835e+000 -4.599118162e+002 -4.599118162e+002 -2.3394e+000 +1.6809e+000 +2.5808e+000
1400 +2.040510977e+000 +2.040510977e+000 -4.600494890e+002 -4.600494890e+002 -1.3204e+000 +2.3370e+000 +2.2184e+000
1410 +1.754273410e+000 +1.754273410e+000 -4.603357266e+002 -4.603357266e+002 -1.3205e+000 +2.3215e+000 +2.2220e+000
% function evaluation | noise-free fitness - Fopt (7.766000000000e+001) | best noise-free fitness - Fopt | measured fitness | best measured fitness | x1 | x2...
1 +7.373269304e+001 +7.373269304e+001 +1.513926930e+002 +1.513926930e+002 +0.0000e+000 +0.0000e+000 +0.0000e+000
69 +4.274337210e+001 +4.274337210e+001 +1.204033721e+002 +1.204033721e+002 -8.9064e-001 -1.7773e+000 -1.5727e+000
93 +2.864436282e+001 +2.864436282e+001 +1.063043628e+002 +1.063043628e+002 -8.0589e-001 -1.8432e+000 -8.9488e-001
135 +2.088718105e+001 +2.088718105e+001 +9.854718105e+001 +9.854718105e+001 -8.6914e-001 -1.4507e+000 -1.5738e+000
168 +1.935109383e+001 +1.935109383e+001 +9.701109383e+001 +9.701109383e+001 -7.7811e-001 -1.5603e+000 -8.7916e-001
169 +1.563652139e+001 +1.563652139e+001 +9.329652139e+001 +9.329652139e+001 -7.4963e-001 -1.4581e+000 -1.3125e+000
185 +1.171221440e+001 +1.171221440e+001 +8.937221440e+001 +8.937221440e+001 -6.2813e-001 -1.4747e+000 -1.2389e+000
233 +1.098665760e+001 +1.098665760e+001 +8.864665760e+001 +8.864665760e+001 -6.4280e-001 -1.5051e+000 -1.2651e+000
299 +1.074595777e+001 +1.074595777e+001 +8.840595777e+001 +8.840595777e+001 -6.0503e-001 -1.4377e+000 -1.2616e+000
313 +6.600189356e+000 +6.600189356e+000 +8.426018936e+001 +8.426018936e+001 +5.0838e-001 -1.4589e+000 -1.2461e+000
590 +3.692055528e+000 +3.692055528e+000 +8.135205553e+001 +8.135205553e+001 +2.3187e+000 -8.1264e-001 -8.7876e-001
776 +3.340958580e+000 +3.340958580e+000 +8.100095858e+001 +8.100095858e+001 +1.3811e+000 -1.4321e+000 -9.0007e-001
1135 +2.733475154e+000 +2.733475154e+000 +8.039347515e+001 +8.039347515e+001 +2.4132e+000 -1.4066e+000 -9.2519e-001
1275 +2.506806967e+000 +2.506806967e+000 +8.016680697e+001 +8.016680697e+001 +2.3757e+000 -1.4679e+000 -9.3412e-001
1707 +2.194361287e+000 +2.194361287e+000 +7.985436129e+001 +7.985436129e+001 +2.3368e+000 -8.2373e-001 -9.1650e-001
1750 +1.869337327e+000 +1.869337327e+000 +7.952933733e+001 +7.952933733e+001 +2.4441e+000 -8.3185e-001 -9.1958e-001
1821 +1.069783241e+000 +1.069783241e+000 +7.872978324e+001 +7.872978324e+001 +2.3906e+000 -8.4949e-001 -9.1962e-001
1840 +1.040283739e+000 +1.040283739e+000 +7.870028374e+001 +7.870028374e+001 +2.3978e+000 -8.5217e-001 -9.1898e-001
2005 +1.020144028e+000 +1.020144028e+000 +7.868014403e+001 +7.868014403e+001 +2.3982e+000 -8.6055e-001 -9.1519e-001
2025 +9.995958821e-001 +9.995958821e-001 +7.865959588e+001 +7.865959588e+001 +2.3986e+000 -8.5816e-001 -9.1290e-001
% function evaluation | noise-free fitness - Fopt (1.156800000000e+002) | best noise-free fitness - Fopt | measured fitness | best measured fitness | x1 | x2...
1 +4.079349721e+001 +4.079349721e+001 +1.564734972e+002 +1.564734972e+002 +0.0000e+000 +0.0000e+000 +0.0000e+000
126 +3.608484662e+001 +3.608484662e+001 +1.517648466e+002 +1.517648466e+002 +2.8929e+000 -9.4721e-001 +1.5725e-001
143 +3.037139928e+001 +3.037139928e+001 +1.460513993e+002 +1.460513993e+002 +2.9751e+000 -1.6097e+000 -4.8769e-002
154 +1.840319815e+001 +1.840319815e+001 +1.340831982e+002 +1.340831982e+002 +1.0386e+000 -1.5135e+000 +2.0490e-001
196 +1.687987374e+001 +1.687987374e+001 +1.325598737e+002 +1.325598737e+002 -2.0375e-001 -1.6182e+000 +1.0392e+000
228 +1.165406074e+001 +1.165406074e+001 +1.273340607e+002 +1.273340607e+002 -1.2296e-001 -1.6060e+000 +6.7374e-001
287 +1.005530718e+001 +1.005530718e+001 +1.257353072e+002 +1.257353072e+002 +8.3977e-001 -1.5705e+000 +2.4218e-001
% function evaluation | noise-free fitness - Fopt (-3.710000000000e+000) | best noise-free fitness - Fopt | measured fitness | best measured fitness | x1 | x2...
1 +7.156572542e+001 +7.156572542e+001 +6.785572542e+001 +6.785572542e+001 +0.0000e+000 +0.0000e+000 +0.0000e+000
85 +2.631204452e+001 +2.631204452e+001 +2.260204452e+001 +2.260204452e+001 +3.3189e+000 -2.1476e+000 +1.6962e+000
94 +1.542152096e+001 +1.542152096e+001 +1.171152096e+001 +1.171152096e+001 +3.0778e+000 -2.2539e+000 +2.0335e+000
109 +6.710128182e+000 +6.710128182e+000 +3.000128182e+000 +3.000128182e+000 +3.2160e+000 -2.3262e+000 +2.4133e+000
169 +5.885262730e+000 +5.885262730e+000 +2.175262730e+000 +2.175262730e+000 +3.1768e+000 -2.3259e+000 +2.4314e+000
188 +2.052228236e+000 +2.052228236e+000 -1.657771764e+000 -1.657771764e+000 +3.1260e+000 -2.2959e+000 +2.1065e+000
259 +4.756055644e-001 +4.756055644e-001 -3.234394436e+000 -3.234394436e+000 +3.1273e+000 -2.2702e+000 +1.7777e+000
% function evaluation | noise-free fitness - Fopt (1.321800000000e+002) | best noise-free fitness - Fopt | measured fitness | best measured fitness | x1 | x2...
1 +1.579813147e+002 +1.579813147e+002 +2.901613147e+002 +2.901613147e+002 +0.0000e+000 +0.0000e+000 +0.0000e+000
92 +1.351904488e+002 +1.351904488e+002 +2.673704488e+002 +2.673704488e+002 -3.4833e+000 -3.6957e+000 +1.7368e+000
98 +1.131563074e+002 +1.131563074e+002 +2.453363074e+002 +2.453363074e+002 -3.6515e+000 -3.1910e+000 +2.0935e+000
105 +7.746915433e+001 +7.746915433e+001 +2.096491543e+002 +2.096491543e+002 -3.4879e+000 -1.1234e+000 +2.0062e+000
125 +5.969829522e+001 +5.969829522e+001 +1.918782952e+002 +1.918782952e+002 -2.8003e+000 +3.0433e-001 +5.2006e+000
145 +2.518002400e+001 +2.518002400e+001 +1.573600240e+002 +1.573600240e+002 -3.3065e+000 +1.4023e+000 +3.8709e+000
146 +2.144852357e+001 +2.144852357e+001 +1.536285236e+002 +1.536285236e+002 -3.4201e+000 +4.1996e-001 +3.4870e+000
222 +1.679554090e+001 +1.679554090e+001 +1.489755409e+002 +1.489755409e+002 -3.4868e+000 +8.4203e-001 +3.8759e+000
233 +1.342371043e+001 +1.342371043e+001 +1.456037104e+002 +1.456037104e+002 -3.4959e+000 +8.9122e-001 +3.8208e+000
265 +1.075888683e+001 +1.075888683e+001 +1.429388868e+002 +1.429388868e+002 -3.5515e+000 +9.4262e-001 +3.4865e+000
290 +7.386656094e+000 +7.386656094e+000 +1.395666561e+002 +1.395666561e+002 -3.6187e+000 +8.7700e-001 +3.5046e+000
318 +5.112169800e+000 +5.112169800e+000 +1.372921698e+002 +1.372921698e+002 -3.6605e+000 +8.5300e-001 +3.4939e+000
332 +3.827890624e+000 +3.827890624e+000 +1.360078906e+002 +1.360078906e+002 -3.6829e+000 +8.1837e-001 +3.4688e+000
349 +1.569990516e+000 +1.569990516e+000 +1.337499905e+002 +1.337499905e+002 -3.7911e+000 +8.5136e-001 +3.4658e+000
359 +1.413789490e+000 +1.413789490e+000 +1.335937895e+002 +1.335937895e+002 -3.7487e+000 +9.1733e-001 +3.4540e+000
368 +1.116871420e+000 +1.116871420e+000 +1.332968714e+002 +1.332968714e+002 -3.7607e+000 +9.0282e-001 +3.4661e+000
396 +1.084926179e+000 +1.084926179e+000 +1.332649262e+002 +1.332649262e+002 -3.7584e+000 +8.9331e-001 +3.4683e+000
412 +1.010842943e+000 +1.010842943e+000 +1.331908429e+002 +1.331908429e+002 -3.7599e+000 +8.8319e-001 +3.4637e+000
505 +9.998882257e-001 +9.998882257e-001 +1.331798882e+002 +1.331798882e+002 -3.7639e+000 +8.8308e-001 +3.4625e+000
% function evaluation | noise-free fitness - Fopt (6.438000000000e+001) | best noise-free fitness - Fopt | measured fitness | best measured fitness | x1 | x2...
1 +1.743174677e+002 +1.743174677e+002 +2.386974677e+002 +2.386974677e+002 +0.0000e+000 +0.0000e+000 +0.0000e+000
147 +7.486749242e+001 +7.486749242e+001 +1.392474924e+002 +1.392474924e+002 -1.4702e+000 +1.7260e+000 -1.4153e+000
165 +6.465617647e+001 +6.465617647e+001 +1.290361765e+002 +1.290361765e+002 +4.6150e+000 +5.2224e+000 -2.7363e+000
178 +3.912160731e+001 +3.912160731e+001 +1.035016073e+002 +1.035016073e+002 +1.1016e+000 +1.3895e+000 -1.7070e+000
198 +3.563104644e+001 +3.563104644e+001 +1.000110464e+002 +1.000110464e+002 -1.4118e-001 +2.5939e+000 -2.8452e+000
204 +2.405330551e+001 +2.405330551e+001 +8.843330551e+001 +8.843330551e+001 +1.8786e+000 +4.0497e+000 -2.6123e+000
262 +1.864352616e+001 +1.864352616e+001 +8.302352616e+001 +8.302352616e+001 +1.3235e+000 +1.7388e+000 -2.3086e+000
265 +1.283939288e+001 +1.283939288e+001 +7.721939288e+001 +7.721939288e+001 +1.3907e+000 +3.2335e+000 -2.3159e+000
285 +9.422562220e+000 +9.422562220e+000 +7.380256222e+001 +7.380256222e+001 +1.1439e+000 +3.2550e+000 -2.3722e+000
290 +7.518638844e+000 +7.518638844e+000 +7.189863884e+001 +7.189863884e+001 +1.1878e+000 +3.8332e+000 -2.3411e+000
315 +6.839644468e+000 +6.839644468e+000 +7.121964447e+001 +7.121964447e+001 +1.1824e+000 +3.2500e+000 -2.2824e+000
416 +5.498165904e+000 +5.498165904e+000 +6.987816590e+001 +6.987816590e+001 +1.1077e+000 +3.2873e+000 -1.9740e+000
654 +5.082219619e+000 +5.082219619e+000 +6.946221962e+001 +6.946221962e+001 +3.1205e+000 +3.1868e+000 -2.6276e+000
668 +3.144900466e+000 +3.144900466e+000 +6.752490047e+001 +6.752490047e+001 +3.0736e+000 +3.2406e+000 -2.6042e+000
681 +1.972859054e+000 +1.972859054e+000 +6.635285905e+001 +6.635285905e+001 +3.0924e+000 +3.2725e+000 -2.6194e+000
704 +1.915614089e+000 +1.915614089e+000 +6.629561409e+001 +6.629561409e+001 +3.0852e+000 +3.2784e+000 -2.6181e+000
707 +1.842536816e+000 +1.842536816e+000 +6.622253682e+001 +6.622253682e+001 +3.0686e+000 +3.2645e+000 -2.6136e+000
713 +1.522676797e+000 +1.522676797e+000 +6.590267680e+001 +6.590267680e+001 +3.0710e+000 +3.2483e+000 -2.6214e+000
719 +1.205472986e+000 +1.205472986e+000 +6.558547299e+001 +6.558547299e+001 +3.0488e+000 +3.2676e+000 -2.6214e+000
728 +1.169371255e+000 +1.169371255e+000 +6.554937125e+001 +6.554937125e+001 +3.0622e+000 +3.2626e+000 -2.6247e+000
747 +1.018417747e+000 +1.018417747e+000 +6.539841775e+001 +6.539841775e+001 +3.0303e+000 +3.2640e+000 -2.6282e+000
873 +9.978156916e-001 +9.978156916e-001 +6.537781569e+001 +6.537781569e+001 +3.0419e+000 +3.2627e+000 -2.6293e+000
% function evaluation | noise-free fitness - Fopt (2.824800000000e+002) | best noise-free fitness - Fopt | measured fitness | best measured fitness | x1 | x2...
1 +1.141195429e+002 +1.141195429e+002 +3.965995429e+002 +3.965995429e+002 +0.0000e+000 +0.0000e+000 +0.0000e+000
% function evaluation | noise-free fitness - Fopt (4.826100000000e+002) | best noise-free fitness - Fopt | measured fitness | best measured fitness | x1 | x2...
1 +7.566467951e+001 +7.566467951e+001 +5.582746795e+002 +5.582746795e+002 +0.0000e+000 +0.0000e+000 +0.0000e+000
2 +6.428685584e+001 +6.428685584e+001 +5.468968558e+002 +5.468968558e+002 -2.6253e+000 +1.0548e-001 -1.7960e+000
6 +5.442445888e+001 +5.442445888e+001 +5.370344589e+002 +5.370344589e+002 -2.6341e+000 +2.6210e-001 -1.7943e+000
19 +5.331480579e+001 +5.331480579e+001 +5.359248058e+002 +5.359248058e+002 -2.6329e+000 +1.5351e-001 -1.7616e+000
32 +5.224966888e+001 +5.224966888e+001 +5.348596689e+002 +5.348596689e+002 -2.6294e+000 +2.4484e-001 -1.7845e+000
33 +4.590023578e+001 +4.590023578e+001 +5.285102358e+002 +5.285102358e+002 -2.6280e+000 +2.7647e-001 -1.7268e+000
129 +4.570573020e+001 +4.570573020e+001 +5.283157302e+002 +5.283157302e+002 -2.6260e+000 +2.5652e-001 -1.7355e+000
132 +4.443050317e+001 +4.443050317e+001 +5.270405032e+002 +5.270405032e+002 -2.6030e+000 +2.7884e-001 -1.7367e+000
199 +3.966140586e+001 +3.966140586e+001 +5.222714059e+002 +5.222714059e+002 -2.5362e+000 +2.7867e-001 -1.7335e+000
226 +3.529310560e+001 +3.529310560e+001 +5.179031056e+002 +5.179031056e+002 -2.4789e+000 +2.7392e-001 -1.7381e+000
238 +2.622974648e+001 +2.622974648e+001 +5.088397465e+002 +5.088397465e+002 -2.3065e+000 +2.7352e-001 -1.7341e+000
% function evaluation | noise-free fitness - Fopt (7.177000000000e+001) | best noise-free fitness - Fopt | measured fitness | best measured fitness | x1 | x2...
1 +6.439834124e+001 +6.439834124e+001 +1.361683412e+002 +1.361683412e+002 +0.0000e+000 +0.0000e+000 +0.0000e+000
92 +5.107461590e+001 +5.107461590e+001 +1.228446159e+002 +1.228446159e+002 -5.0526e+000 -1.5621e+000 +4.8017e-001
113 +4.684513243e+001 +4.684513243e+001 +1.186151324e+002 +1.186151324e+002 -5.0663e+000 -1.6400e+000 +7.5867e-001
120 +4.585603674e+001 +4.585603674e+001 +1.176260367e+002 +1.176260367e+002 -5.1070e+000 -1.6150e+000 +7.8858e-001
161 +4.563652632e+001 +4.563652632e+001 +1.174065263e+002 +1.174065263e+002 -4.7863e+000 +1.9354e+000 +9.3458e-001
166 +4.321822411e+001 +4.321822411e+001 +1.149882241e+002 +1.149882241e+002 -5.1362e+000 -9.0418e-001 +1.4195e+000
168 +3.824491844e+001 +3.824491844e+001 +1.100149184e+002 +1.100149184e+002 -5.1934e+000 +3.5901e-001 +1.3176e+000
170 +3.300489227e+001 +3.300489227e+001 +1.047748923e+002 +1.047748923e+002 -5.0433e+000 -3.2963e-001 +1.1693e+000
171 +1.853974845e+001 +1.853974845e+001 +9.030974845e+001 +9.030974845e+001 -5.0363e+000 +1.9330e-001 +1.4137e+000
203 +9.762457290e+000 +9.762457290e+000 +8.153245729e+001 +8.153245729e+001 -5.1558e+000 +1.2196e+000 +1.4990e+000
205 +8.003502414e+000 +8.003502414e+000 +7.977350241e+001 +7.977350241e+001 -5.0618e+000 +1.8377e+000 +1.4838e+000
242 +6.823201358e+000 +6.823201358e+000 +7.859320136e+001 +7.859320136e+001 -5.1444e+000 +1.1589e+000 +1.4722e+000
279 +6.703807690e+000 +6.703807690e+000 +7.847380769e+001 +7.847380769e+001 -5.1185e+000 +1.2450e+000 +1.4263e+000
287 +6.396312700e+000 +6.396312700e+000 +7.816631270e+001 +7.816631270e+001 -5.0857e+000 +1.2298e+000 +1.4339e+000
297 +6.059664873e+000 +6.059664873e+000 +7.782966487e+001 +7.782966487e+001 -5.2182e+000 +1.2532e+000 +1.4557e+000
304 +5.842316470e+000 +5.842316470e+000 +7.761231647e+001 +7.761231647e+001 -5.0981e+000 +1.2247e+000 +1.4509e+000
307 +5.161871465e+000 +5.161871465e+000 +7.693187146e+001 +7.693187146e+001 -5.1557e+000 +1.1998e+000 +1.4376e+000
324 +5.105863405e+000 +5.105863405e+000 +7.687586341e+001 +7.687586341e+001 -5.1579e+000 +1.2126e+000 +1.4507e+000
362 +5.008396908e+000 +5.008396908e+000 +7.677839691e+001 +7.677839691e+001 -5.1716e+000 +1.1910e+000 +1.4475e+000
% function evaluation | noise-free fitness - Fopt (8.448800000000e+002) | best noise-free fitness - Fopt | measured fitness | best measured fitness | x1 | x2...
1 +3.391376365e+002 +3.391376365e+002 +1.184017637e+003 +1.184017637e+003 +0.0000e+000 +0.0000e+000 +0.0000e+000
2 +7.584710314e+001 +7.584710314e+001 +9.207271031e+002 +9.207271031e+002 +2.1654e+000 -6.8880e-001 -1.7366e+000
3 +7.353768651e+001 +7.353768651e+001 +9.184176865e+002 +9.184176865e+002 +2.1801e+000 -6.7020e-001 -1.7350e+000
5 +6.992002189e+001 +6.992002189e+001 +9.148000219e+002 +9.148000219e+002 +2.1740e+000 -6.7041e-001 -1.7440e+000
17 +6.456616923e+001 +6.456616923e+001 +9.094461692e+002 +9.094461692e+002 +2.1802e+000 -6.8000e-001 -1.7582e+000
21 +6.206971303e+001 +6.206971303e+001 +9.069497130e+002 +9.069497130e+002 +2.1929e+000 -7.0308e-001 -1.7718e+000
26 +5.457778039e+001 +5.457778039e+001 +8.994577804e+002 +8.994577804e+002 +2.1876e+000 -6.7184e-001 -1.7776e+000
40 +5.173719918e+001 +5.173719918e+001 +8.966171992e+002 +8.966171992e+002 +2.1919e+000 -6.5382e-001 -1.7779e+000
49 +4.195706471e+001 +4.195706471e+001 +8.868370647e+002 +8.868370647e+002 +2.1822e+000 -5.7170e-001 -1.8126e+000
65 +4.146792463e+001 +4.146792463e+001 +8.863479246e+002 +8.863479246e+002 +2.1596e+000 -8.4849e-002 -1.8265e+000
74 +4.005651574e+001 +4.005651574e+001 +8.849365157e+002 +8.849365157e+002 +2.1752e+000 -8.6388e-002 -1.8199e+000
100 +3.979491595e+001 +3.979491595e+001 +8.846749160e+002 +8.846749160e+002 +2.1488e+000 -6.5987e-002 -1.7864e+000
162 +3.745251498e+001 +3.745251498e+001 +8.823325150e+002 +8.823325150e+002 +2.1573e+000 +5.3261e-001 -1.8061e+000
220 +3.696669450e+001 +3.696669450e+001 +8.818466945e+002 +8.818466945e+002 +2.1432e+000 +5.0491e-001 -1.8047e+000
% function evaluation | noise-free fitness - Fopt (-4.222000000000e+001) | best noise-free fitness - Fopt | measured fitness | best measured fitness | x1 | x2...
1 +1.641186499e+002 +1.641186499e+002 +1.218986499e+002 +1.218986499e+002 +0.0000e+000 +0.0000e+000 +0.0000e+000
89 +1.446998165e+002 +1.446998165e+002 +1.024798165e+002 +1.024798165e+002 -4.5112e+000 +3.2238e-002 +2.6748e+000
118 +1.424196878e+002 +1.424196878e+002 +1.001996878e+002 +1.001996878e+002 -4.5347e+000 +2.6945e-002 +2.6814e+000
131 +1.353352230e+002 +1.353352230e+002 +9.311522297e+001 +9.311522297e+001 -4.4795e+000 -4.8326e-001 +2.4866e+000
141 +1.137449357e+002 +1.137449357e+002 +7.152493570e+001 +7.152493570e+001 -4.5264e+000 -3.0863e-001 +2.7065e+000
153 +1.077421381e+002 +1.077421381e+002 +6.552213808e+001 +6.552213808e+001 -4.4937e+000 -7.7938e-001 +2.6833e+000
157 +1.049102058e+002 +1.049102058e+002 +6.269020582e+001 +6.269020582e+001 -4.4881e+000 -9.2919e-001 +2.4452e+000
158 +5.738128220e+001 +5.738128220e+001 +1.516128220e+001 +1.516128220e+001 -4.8139e+000 -4.5942e+000 +2.1704e+000
176 +4.731163423e+001 +4.731163423e+001 +5.091634225e+000 +5.091634225e+000 -1.5213e+000 -4.2345e+000 +2.2388e+000
189 +4.070653144e+001 +4.070653144e+001 -1.513468561e+000 -1.513468561e+000 -2.3051e+000 -5.4149e+000 +3.0040e+000
190 +2.941908561e+001 +2.941908561e+001 -1.280091439e+001 -1.280091439e+001 -1.5359e+000 -2.8890e+000 +2.4865e+000
195 +2.694018540e+001 +2.694018540e+001 -1.527981460e+001 -1.527981460e+001 -2.5906e+000 -4.5793e+000 +2.4188e+000
208 +2.647537664e+001 +2.647537664e+001 -1.574462336e+001 -1.574462336e+001 +2.5125e+000 -4.8933e+000 +2.3103e+000
211 +1.834237524e+001 +1.834237524e+001 -2.387762476e+001 -2.387762476e+001 +5.6063e-001 -4.3653e+000 +2.7697e+000
267 +1.816097769e+001 +1.816097769e+001 -2.405902231e+001 -2.405902231e+001 +1.3240e+000 -4.4771e+000 +2.3045e+000
278 +1.059179526e+001 +1.059179526e+001 -3.162820474e+001 -3.162820474e+001 -4.3665e-001 -4.6404e+000 +2.3463e+000
396 +9.276296889e+000 +9.276296889e+000 -3.294370311e+001 -3.294370311e+001 +2.4451e+000 -3.3921e+000 +2.0215e+000
408 +7.485195852e+000 +7.485195852e+000 -3.473480415e+001 -3.473480415e+001 +2.5153e+000 -3.4156e+000 +2.0546e+000
409 +6.951717965e+000 +6.951717965e+000 -3.526828204e+001 -3.526828204e+001 +2.6098e+000 -3.3854e+000 +2.6420e+000
411 +2.853458166e+000 +2.853458166e+000 -3.936654183e+001 -3.936654183e+001 +2.5855e+000 -3.3702e+000 +2.0095e+000
513 +2.487380331e+000 +2.487380331e+000 -3.973261967e+001 -3.973261967e+001 +1.4934e+000 -3.4027e+000 +2.0232e+000
539 +2.322235445e+000 +2.322235445e+000 -3.989776455e+001 -3.989776455e+001 +1.5764e+000 -3.4075e+000 +2.3702e+000
608 +2.111963532e+000 +2.111963532e+000 -4.010803647e+001 -4.010803647e+001 +1.5683e+000 -3.3898e+000 +2.3860e+000
779 +2.069272524e+000 +2.069272524e+000 -4.015072748e+001 -4.015072748e+001 +1.5900e+000 -3.3989e+000 +2.3706e+000
814 +2.010261967e+000 +2.010261967e+000 -4.020973803e+001 -4.020973803e+001 +1.5735e+000 -3.3959e+000 +2.3770e+000
822 +1.995105498e+000 +1.995105498e+000 -4.022489450e+001 -4.022489450e+001 +1.5806e+000 -3.3931e+000 +2.3764e+000
% function evaluation | noise-free fitness - Fopt (-9.179000000000e+001) | best noise-free fitness - Fopt | measured fitness | best measured fitness | x1 | x2...
1 +3.144740870e+002 +3.144740870e+002 +2.226840870e+002 +2.226840870e+002 +0.0000e+000 +0.0000e+000 +0.0000e+000
2 +1.726117145e+002 +1.726117145e+002 +8.082171451e+001 +8.082171451e+001 +2.2925e-001 -1.1672e+000 -1.0930e+000
3 +1.591605431e+002 +1.591605431e+002 +6.737054313e+001 +6.737054313e+001 +2.2878e-001 -9.3700e-001 -1.0819e+000
30 +1.555309665e+002 +1.555309665e+002 +6.374096652e+001 +6.374096652e+001 +1.6655e-001 -9.9957e-001 -1.0791e+000
37 +1.505167839e+002 +1.505167839e+002 +5.872678390e+001 +5.872678390e+001 +7.5464e-002 -9.1198e-001 -1.0779e+000
42 +1.454766621e+002 +1.454766621e+002 +5.368666206e+001 +5.368666206e+001 +1.2216e-001 -9.8188e-001 -1.1056e+000
49 +1.254414916e+002 +1.254414916e+002 +3.365149162e+001 +3.365149162e+001 -7.9360e-002 -4.1771e-001 -1.1432e+000
76 +1.228653157e+002 +1.228653157e+002 +3.107531566e+001 +3.107531566e+001 +7.0492e-002 -1.1304e-001 -1.1386e+000
77 +1.188669392e+002 +1.188669392e+002 +2.707693917e+001 +2.707693917e+001 -7.7672e-002 -7.3188e-002 -1.1570e+000
79 +1.147580976e+002 +1.147580976e+002 +2.296809760e+001 +2.296809760e+001 +1.3667e-001 +5.8640e-001 -1.1632e+000
92 +1.038754624e+002 +1.038754624e+002 +1.208546241e+001 +1.208546241e+001 -1.2012e-001 +8.2707e-001 -1.1578e+000
94 +1.012366969e+002 +1.012366969e+002 +9.446696945e+000 +9.446696945e+000 -1.2254e-002 +7.0399e-001 -1.1662e+000
217 +9.978850645e+001 +9.978850645e+001 +7.998506449e+000 +7.998506449e+000 +2.4103e-001 +1.9230e+000 -1.3544e+000
223 +8.643126547e+001 +8.643126547e+001 -5.358734532e+000 -5.358734532e+000 +2.2254e-001 +1.3429e+000 -1.4292e+000
239 +6.665244361e+001 +6.665244361e+001 -2.513755639e+001 -2.513755639e+001 +3.0094e-001 +1.1892e+000 -1.7940e+000
242 +3.590693037e+001 +3.590693037e+001 -5.588306963e+001 -5.588306963e+001 +1.9174e-001 +1.8612e+000 -1.9296e+000
323 +2.165534860e+001 +2.165534860e+001 -7.013465140e+001 -7.013465140e+001 -1.0863e+000 +1.2526e+000 -2.3039e+000
347 +1.323642238e+001 +1.323642238e+001 -7.855357762e+001 -7.855357762e+001 -8.1281e-002 +6.5205e-001 -2.4468e+000
402 +1.186129716e+001 +1.186129716e+001 -7.992870284e+001 -7.992870284e+001 +5.2448e-002 +1.8233e+000 -2.8032e+000
437 +9.877235303e+000 +9.877235303e+000 -8.191276470e+001 -8.191276470e+001 +1.9285e+000 +1.8872e+000 -3.0049e+000
552 +9.166256520e+000 +9.166256520e+000 -8.262374348e+001 -8.262374348e+001 +8.6357e-001 +1.3067e+000 -2.8226e+000
556 +6.843202632e+000 +6.843202632e+000 -8.494679737e+001 -8.494679737e+001 +3.5058e-005 +1.2633e+000 -2.8054e+000
569 +5.895325518e+000 +5.895325518e+000 -8.589467448e+001 -8.589467448e+001 -6.1223e-002 +1.3855e+000 -2.8073e+000
580 +5.463030011e+000 +5.463030011e+000 -8.632696999e+001 -8.632696999e+001 +9.3881e-001 +1.3549e+000 -2.8071e+000
655 +5.024609428e+000 +5.024609428e+000 -8.676539057e+001 -8.676539057e+001 -5.0117e-002 +7.4481e-001 -2.8100e+000
686 +4.992299943e+000 +4.992299943e+000 -8.679770006e+001 -8.679770006e+001 -4.8145e-002 +7.2539e-001 -2.8084e+000
% function evaluation | noise-free fitness - Fopt (-1.277000000000e+001) | best noise-free fitness - Fopt | measured fitness | best measured fitness | x1 | x2...
1 +1.333350336e+002 +1.333350336e+002 +1.205650336e+002 +1.205650336e+002 +0.0000e+000 +0.0000e+000 +0.0000e+000
78 +1.105063480e+002 +1.105063480e+002 +9.773634795e+001 +9.773634795e+001 -1.2240e+000 -7.1537e-001 -2.2547e-001
82 +9.017530113e+001 +9.017530113e+001 +7.740530113e+001 +7.740530113e+001 -1.6964e+000 -6.8018e-001 -9.0704e-001
94 +7.468946217e+001 +7.468946217e+001 +6.191946217e+001 +6.191946217e+001 -3.7678e-001 -7.2825e-001 -3.7725e-001
99 +7.399697371e+001 +7.399697371e+001 +6.122697371e+001 +6.122697371e+001 -1.2640e+000 -6.9867e-001 -6.4029e-001
100 +5.507110624e+001 +5.507110624e+001 +4.230110624e+001 +4.230110624e+001 +5.6700e-001 -6.9824e-001 -6.8623e-001
119 +4.092955871e+001 +4.092955871e+001 +2.815955871e+001 +2.815955871e+001 +3.1088e+000 -7.1151e-001 -1.8056e+000
136 +4.049318687e+001 +4.049318687e+001 +2.772318687e+001 +2.772318687e+001 +1.7131e+000 -7.3455e-001 -1.0811e+000
137 +3.519290662e+001 +3.519290662e+001 +2.242290662e+001 +2.242290662e+001 +3.4920e+000 -7.0395e-001 -1.2017e+000
170 +2.172279761e+001 +2.172279761e+001 +8.952797613e+000 +8.952797613e+000 +3.7107e+000 -7.7263e-001 -1.5302e+000
218 +1.454356660e+001 +1.454356660e+001 +1.773566601e+000 +1.773566601e+000 +2.7615e+000 +1.0155e+000 -2.8582e+000
233 +1.959981162e+000 +1.959981162e+000 -1.081001884e+001 -1.081001884e+001 +3.6738e+000 +1.5069e+000 -1.7948e+000
% function evaluation | noise-free fitness - Fopt (-1.000000000000e+003) | best noise-free fitness - Fopt | measured fitness | best measured fitness | x1 | x2...
1 +1.841706729e+002 +1.841706729e+002 -8.158293271e+002 -8.158293271e+002 +0.0000e+000 +0.0000e+000 +0.0000e+000
2 +1.739068308e+002 +1.739068308e+002 -8.260931692e+002 -8.260931692e+002 -3.9343e+000 -2.0318e+000 -2.3023e-002
5 +1.735662216e+002 +1.735662216e+002 -8.264337784e+002 -8.264337784e+002 -3.9324e+000 -2.0379e+000 -2.1959e-002
20 +1.694224986e+002 +1.694224986e+002 -8.305775014e+002 -8.305775014e+002 -3.9872e+000 -2.0413e+000 -9.4157e-003
32 +1.647758539e+002 +1.647758539e+002 -8.352241461e+002 -8.352241461e+002 -4.1193e+000 -2.0398e+000 +3.0052e-002
58 +1.593109197e+002 +1.593109197e+002 -8.406890803e+002 -8.406890803e+002 -4.3765e+000 -2.0297e+000 -1.6483e-001
62 +1.557328141e+002 +1.557328141e+002 -8.442671859e+002 -8.442671859e+002 -4.0409e+000 -1.9588e+000 -1.2122e-001
64 +9.828591386e+001 +9.828591386e+001 -9.017140861e+002 -9.017140861e+002 -3.9717e+000 -2.0454e+000 -5.0637e-001
92 +8.112819004e+001 +8.112819004e+001 -9.188718100e+002 -9.188718100e+002 -4.2262e+000 -2.0138e+000 -6.3734e-001
99 +5.441462960e+001 +5.441462960e+001 -9.455853704e+002 -9.455853704e+002 -4.1919e+000 -2.0316e+000 -1.2297e+000
108 +5.056113417e+001 +5.056113417e+001 -9.494388658e+002 -9.494388658e+002 -4.5327e+000 -1.7867e+000 -1.5883e+000
116 +3.714589861e+001 +3.714589861e+001 -9.628541014e+002 -9.628541014e+002 -3.9575e+000 -2.0478e+000 -1.4608e+000
136 +2.464801746e+001 +2.464801746e+001 -9.753519825e+002 -9.753519825e+002 -4.1050e+000 -2.0608e+000 -1.9274e+000
199 +1.503134382e+001 +1.503134382e+001 -9.849686562e+002 -9.849686562e+002 -2.7217e+000 -2.2075e+000 -2.9112e+000
218 +1.339509274e+001 +1.339509274e+001 -9.866049073e+002 -9.866049073e+002 -2.9002e+000 -3.3210e+000 -1.9891e+000
232 +5.924038576e+000 +5.924038576e+000 -9.940759614e+002 -9.940759614e+002 -2.9789e+000 -2.2779e+000 -2.5714e+000
348 +5.024097340e+000 +5.024097340e+000 -9.949759027e+002 -9.949759027e+002 -1.9900e+000 -3.3140e+000 -2.8880e+000
409 +3.286633183e+000 +3.286633183e+000 -9.967133668e+002 -9.967133668e+002 -2.0112e+000 -2.2584e+000 -2.2238e+000
% function evaluation | noise-free fitness - Fopt (-1.000000000000e+003) | best noise-free fitness - Fopt | measured fitness | best measured fitness | x1 | x2...
1 +5.012215930e+001 +5.012215930e+001 -9.498778407e+002 -9.498778407e+002 +0.0000e+000 +0.0000e+000 +0.0000e+000
238 +2.884851089e+001 +2.884851089e+001 -9.711514891e+002 -9.711514891e+002 -3.0627e+000 +1.4536e+000 +1.7609e+000
243 +1.554928210e+001 +1.554928210e+001 -9.844507179e+002 -9.844507179e+002 -3.2933e+000 +2.1490e-001 +1.1746e+000
279 +1.302532288e+001 +1.302532288e+001 -9.869746771e+002 -9.869746771e+002 -2.9725e+000 +6.9015e-001 +1.4704e+000
282 +6.477990316e+000 +6.477990316e+000 -9.935220097e+002 -9.935220097e+002 -3.1280e+000 +1.2123e+000 +2.1200e+000
287 +5.099836816e+000 +5.099836816e+000 -9.949001632e+002 -9.949001632e+002 -3.2221e+000 +1.2254e+000 +1.8938e+000
701 +4.832121851e+000 +4.832121851e+000 -9.951678781e+002 -9.951678781e+002 -2.1143e+000 +1.2505e+000 +1.8955e+000
818 +3.261846172e+000 +3.261846172e+000 -9.967381538e+002 -9.967381538e+002 -2.2238e+000 +1.4953e-001 +1.4994e+000
858 +2.237338486e+000 +2.237338486e+000 -9.977626615e+002 -9.977626615e+002 -2.1926e+000 +5.7202e-002 +1.8538e+000
869 +1.658522977e+000 +1.658522977e+000 -9.983414770e+002 -9.983414770e+002 -2.1807e+000 +6.4568e-001 +1.5297e+000
949 +1.135231188e+000 +1.135231188e+000 -9.988647688e+002 -9.988647688e+002 -2.1707e+000 +7.0357e-002 +1.5104e+000
1016 +1.109662191e+000 +1.109662191e+000 -9.988903378e+002 -9.988903378e+002 -2.1589e+000 +6.8074e-002 +1.4940e+000
1058 +1.013289749e+000 +1.013289749e+000 -9.989867103e+002 -9.989867103e+002 -2.1602e+000 +7.5715e-002 +1.4996e+000
1087 +9.992262918e-001 +9.992262918e-001 -9.990007737e+002 -9.990007737e+002 -2.1677e+000 +7.5552e-002 +1.5018e+000
