% function evaluation | noise-free fitness - Fopt (-5.465000000000e+002) | best noise-free fitness - Fopt | measured fitness | best measured fitness | x1 | x2...
1 +6.592654473e+003 +6.592654473e+003 +6.046154473e+003 +6.046154473e+003 +0.0000e+000 +0.0000e+000 +0.0000e+000 +0.0000e+000 +0.0000e+000
92 +5.546727863e+003 +5.546727863e+003 +5.000227863e+003 +5.000227863e+003 -6.4217e-001 +4.6726e+000 +5.6178e-001 -2.8352e+000 +2.8970e+000
114 +4.593307888e+003 +4.593307888e+003 +4.046807888e+003 +4.046807888e+003 -6.4928e-001 +4.4869e+000 +6.9444e-001 -2.9347e+000 +2.7743e+000
134 +3.951691285e+003 +3.951691285e+003 +3.405191285e+003 +3.405191285e+003 -6.3737e-001 +3.5111e+000 +8.7183e-001 -2.9365e+000 +2.9264e+000
148 +2.289082091e+003 +2.289082091e+003 +1.742582091e+003 +1.742582091e+003 -6.4787e-001 +4.3217e+000 +4.0510e-001 -2.9998e+000 +1.2818e-001
152 +1.691048783e+003 +1.691048783e+003 +1.144548783e+003 +1.144548783e+003 -6.4392e-001 +4.2468e+000 +3.2041e-001 -2.9539e+000 +1.4738e+000
157 +6.531581034e+002 +6.531581034e+002 +1.066581034e+002 +1.066581034e+002 -6.3866e-001 +3.3953e+000 +7.5211e-001 -2.9720e+000 +2.1493e+000
211 +4.759541585e+002 +4.759541585e+002 -7.054584149e+001 -7.054584149e+001 -6.3399e-001 +3.4356e+000 +3.7270e-001 -2.9676e+000 +2.0158e+000
233 +3.126872127e+002 +3.126872127e+002 -2.338127873e+002 -2.338127873e+002 -6.4065e-001 +3.3917e+000 +3.5711e-004 -2.9150e+000 +1.8795e+000
275 +3.086509339e+002 +3.086509339e+002 -2.378490661e+002 -2.378490661e+002 -6.4566e-001 +3.4196e+000 -2.1926e-001 -2.8828e+000 +1.9230e+000
279 +2.199688837e+001 +2.199688837e+001 -5.245031116e+002 -5.245031116e+002 -6.4291e-001 +5.9508e-002 -9.4054e-002 -2.7901e+000 +1.5402e+000
293 +2.214487193e+000 +2.214487193e+000 -5.442855128e+002 -5.442855128e+002 -6.4649e-001 +2.4510e+000 -3.5146e-002 -2.6546e+000 +1.3552e+000
814 +2.146408098e+000 +2.146408098e+000 -5.443535919e+002 -5.443535919e+002 -9.8788e-001 +2.3458e+000 +1.0894e+000 -2.3562e+000 +1.2479e+000
2268 +2.112120267e+000 +2.112120267e+000 -5.443878797e+002 -5.443878797e+002 -9.3386e-001 +2.3660e+000 +1.2149e+000 -2.3333e+000 +1.6773e+000
3021 +2.029605401e+000 +2.029605401e+000 -5.444703946e+002 -5.444703946e+002 +1.3266e+000 +2.1757e+000 +2.1098e+000 -2.1951e+000 +1.7772e+000
3421 +1.896105375e+000 +1.896105375e+000 -5.446038946e+002 -5.446038946e+002 +1.3587e+000 +2.1268e+000 +2.0434e+000 -9.0175e-001 +2.4314e+000
% function evaluation | noise-free fitness - Fopt (1.000000000000e+003) | best noise-free fitness - Fopt | measured fitness | best measured fitness | x1 | x2...
1 +6.592654473e+003 +6.592654473e+003 +7.592654473e+003 +7.592654473e+003 +0.0000e+000 +0.0000e+000 +0.0000e+000 +0.0000e+000 +0.0000e+000
230 +6.213209545e+003 +6.213209545e+003 +7.213209545e+003 +7.213209545e+003 -1.5573e+000 +2.3324e+000 +5.8568e-001 -4.1638e+000 +7.1194e-001
278 +5.640984562e+003 +5.640984562e+003 +6.640984562e+003 +6.640984562e+003 -1.4489e+000 +2.0573e+000 +6.3309e-001 -3.9935e+000 +7.1536e-001
285 +5.547119628e+003 +5.547119628e+003 +6.547119628e+003 +6.547119628e+003 -6.2060e-001 +2.3991e+000 +5.6718e-001 -3.8848e+000 +7.3580e-001
300 +5.199023173e+003 +5.199023173e+003 +6.199023173e+003 +6.199023173e+003 -1.1343e+000 +2.2890e+000 +4.0495e-001 -3.9733e+000 +6.2451e-001
312 +4.665616985e+003 +4.665616985e+003 +5.665616985e+003 +5.665616985e+003 -6.0492e-001 +2.4197e+000 +3.2077e-001 -3.9560e+000 +5.2971e-001
330 +4.357880033e+003 +4.357880033e+003 +5.357880033e+003 +5.357880033e+003 -2.0247e+000 +2.2595e+000 +6.0381e-001 -3.4207e+000 +6.6085e-001
336 +3.230755130e+003 +3.230755130e+003 +4.230755130e+003 +4.230755130e+003 -1.0494e+000 +2.2062e+000 +7.5035e-001 -3.6991e+000 +4.5861e-001
366 +2.986397237e+003 +2.986397237e+003 +3.986397237e+003 +3.986397237e+003 -1.6559e+000 +2.2235e+000 +5.4706e-001 -3.4180e+000 +4.6338e-001
387 +2.590778092e+003 +2.590778092e+003 +3.590778092e+003 +3.590778092e+003 -7.3295e-001 +2.4184e+000 +6.7391e-001 -3.5829e+000 +3.7643e-001
408 +1.791654895e+003 +1.791654895e+003 +2.791654895e+003 +2.791654895e+003 -1.0352e+000 +2.3793e+000 +4.7180e-001 -3.2634e+000 +2.5721e-001
438 +1.744177452e+003 +1.744177452e+003 +2.744177452e+003 +2.744177452e+003 -3.7677e-001 +2.5087e+000 +6.5361e-001 -3.3894e+000 +2.4827e-001
456 +3.135211136e+002 +3.135211136e+002 +1.313521114e+003 +1.313521114e+003 -6.0229e-001 +1.9985e+000 +6.9171e-001 -3.2974e+000 -3.3171e-001
493 +2.933799220e+002 +2.933799220e+002 +1.293379922e+003 +1.293379922e+003 -1.9029e+000 +1.8322e+000 +4.9845e-001 -3.2769e+000 -3.6793e-001
503 +1.761642199e+002 +1.761642199e+002 +1.176164220e+003 +1.176164220e+003 -1.0168e+000 +2.2839e+000 +8.4016e-001 -3.1582e+000 -6.8354e-001
513 +4.704638409e+001 +4.704638409e+001 +1.047046384e+003 +1.047046384e+003 -8.5244e-001 +2.3555e+000 -1.1409e-001 -2.5327e+000 -4.3475e-001
528 +3.214644305e+001 +3.214644305e+001 +1.032146443e+003 +1.032146443e+003 -9.4694e-001 +2.1567e+000 +6.4715e-001 -2.9619e+000 -5.8438e-001
533 +1.343807020e+001 +1.343807020e+001 +1.013438070e+003 +1.013438070e+003 -8.1373e-001 +2.1548e+000 +5.8802e-001 -2.8848e+000 -4.7427e-001
543 +3.760630887e+000 +3.760630887e+000 +1.003760631e+003 +1.003760631e+003 -1.0355e+000 +2.0793e+000 +4.6193e-001 -2.4836e+000 -2.0586e+000
553 +2.306810272e+000 +2.306810272e+000 +1.002306810e+003 +1.002306810e+003 +1.4906e+000 +2.1326e+000 +5.0174e-001 -2.7095e+000 -1.0280e+000
598 +1.933736289e+000 +1.933736289e+000 +1.001933736e+003 +1.001933736e+003 -1.9431e+000 +2.0801e+000 +4.2779e-001 -2.6866e+000 -1.1008e+000
4656 +1.818470663e+000 +1.818470663e+000 +1.001818471e+003 +1.001818471e+003 +1.5899e+000 +3.9115e-001 -1.0204e+000 -2.3319e+000 -5.8888e-001
11369 +1.719702366e+000 +1.719702366e+000 +1.001719702e+003 +1.001719702e+003 -1.7901e+000 +2.2279e+000 -2.0885e+000 -6.2385e-001 -1.3919e+000
14576 +1.503675814e+000 +1.503675814e+000 +1.001503676e+003 +1.001503676e+003 -1.0238e+000 +2.3821e+000 -2.0701e+000 -2.1281e+000 -2.2110e+000
16620 +1.374675169e+000 +1.374675169e+000 +1.001374675e+003 +1.001374675e+003 -2.1342e+000 +1.2439e+000 -1.7127e+000 -1.7200e+000 -2.2027e+000
% function evaluation | noise-free fitness - Fopt (2.083800000000e+002) | best noise-free fitness - Fopt | measured fitness | best measured fitness | x1 | x2...
1 +6.592654473e+003 +6.592654473e+003 +6.801034473e+003 +6.801034473e+003 +0.0000e+000 +0.0000e+000 +0.0000e+000 +0.0000e+000 +0.0000e+000
127 +5.370434737e+003 +5.370434737e+003 +5.578814737e+003 +5.578814737e+003 +4.8654e+000 +3.5608e+000 +3.2783e+000 +3.8140e-001 +5.9470e-001
153 +5.051950066e+003 +5.051950066e+003 +5.260330066e+003 +5.260330066e+003 +4.8918e+000 +3.6294e+000 +3.3392e+000 -5.1276e-001 +2.5119e+000
155 +4.251691478e+003 +4.251691478e+003 +4.460071478e+003 +4.460071478e+003 +4.8725e+000 +3.2417e+000 +3.1366e+000 +5.0102e-001 +7.0342e-001
178 +3.230968777e+003 +3.230968777e+003 +3.439348777e+003 +3.439348777e+003 +4.9182e+000 +3.6327e+000 +2.7822e+000 +1.5230e-001 +1.2821e+000
197 +2.698370977e+003 +2.698370977e+003 +2.906750977e+003 +2.906750977e+003 +4.9453e+000 +3.5217e+000 +2.4616e+000 +2.7182e-001 +1.8320e+000
229 +2.255689010e+003 +2.255689010e+003 +2.464069010e+003 +2.464069010e+003 +4.8724e+000 +3.5770e+000 +1.6103e+000 +4.1065e-001 +1.2908e+000
234 +1.538520685e+003 +1.538520685e+003 +1.746900685e+003 +1.746900685e+003 +4.2863e+000 +3.5244e+000 +2.4252e+000 +1.8568e+000 +8.8717e-001
317 +1.509243346e+003 +1.509243346e+003 +1.717623346e+003 +1.717623346e+003 +4.1445e+000 +3.5897e+000 +2.5358e+000 +3.2996e-001 +1.1646e+000
319 +1.248858198e+003 +1.248858198e+003 +1.457238198e+003 +1.457238198e+003 +4.2655e+000 +3.5813e+000 +1.9052e+000 +6.9745e-001 +2.5791e+000
329 +1.126435727e+003 +1.126435727e+003 +1.334815727e+003 +1.334815727e+003 +4.1764e+000 +3.6084e+000 +1.7918e+000 +9.1110e-001 +1.4461e+000
336 +4.694340916e+002 +4.694340916e+002 +6.778140916e+002 +6.778140916e+002 +3.5778e+000 +3.6766e+000 +1.8017e+000 +7.6818e-001 +1.9736e+000
355 +2.924377457e+002 +2.924377457e+002 +5.008177457e+002 +5.008177457e+002 +3.2254e+000 +3.6850e+000 +1.7659e+000 +7.7072e-001 +8.4157e-001
364 +2.947728252e+001 +2.947728252e+001 +2.378572825e+002 +2.378572825e+002 +2.4295e+000 +3.7200e+000 +1.8783e+000 +2.7975e-001 +1.3738e+000
387 +1.608786643e+001 +1.608786643e+001 +2.244678664e+002 +2.244678664e+002 +2.4907e+000 +3.6775e+000 +1.4664e+000 +7.3876e-001 +1.5391e+000
424 +1.563215276e+001 +1.563215276e+001 +2.240121528e+002 +2.240121528e+002 +2.2224e+000 +3.6017e+000 +1.1561e+000 +6.7257e-001 +1.3923e+000
438 +3.075307254e+000 +3.075307254e+000 +2.114553073e+002 +2.114553073e+002 +2.3688e+000 +3.2949e+000 +2.0363e+000 +5.5844e-001 +1.3208e+000
557 +2.404657289e+000 +2.404657289e+000 +2.107846573e+002 +2.107846573e+002 +2.5303e+000 +3.4462e+000 +1.6725e+000 +6.8541e-001 +1.5776e+000
736 +2.098105464e+000 +2.098105464e+000 +2.104781055e+002 +2.104781055e+002 +2.4456e+000 +3.3341e+000 +1.6475e+000 +7.3424e-001 +1.2779e+000
899 +1.846264762e+000 +1.846264762e+000 +2.102262648e+002 +2.102262648e+002 +1.5677e+000 +3.0637e+000 +1.2887e+000 +8.0186e-001 +1.7425e+000
955 +1.659538031e+000 +1.659538031e+000 +2.100395380e+002 +2.100395380e+002 +1.3682e+000 +2.9991e+000 +1.1991e+000 +8.2268e-001 +1.3196e+000
1054 +1.547139301e+000 +1.547139301e+000 +2.099271393e+002 +2.099271393e+002 +1.4947e+000 +3.0517e+000 +1.2587e+000 +7.9598e-001 +1.5639e+000
1220 +1.510988512e+000 +1.510988512e+000 +2.098909885e+002 +2.098909885e+002 +1.5197e+000 +3.0342e+000 +1.2591e+000 +7.8967e-001 +1.5693e+000
% function evaluation | noise-free fitness - Fopt (-1.449600000000e+002) | best noise-free fitness - Fopt | measured fitness | best measured fitness | x1 | x2...
1 +6.592654473e+003 +6.592654473e+003 +6.447694473e+003 +6.447694473e+003 +0.0000e+000 +0.0000e+000 +0.0000e+000 +0.0000e+000 +0.0000e+000
2 +4.528072003e+003 +4.528072003e+003 +4.383112003e+003 +4.383112003e+003 -2.2084e+000 +1.9164e+000 -2.1657e+000 -3.6415e+000 -6.8662e-001
30 +4.375526617e+003 +4.375526617e+003 +4.230566617e+003 +4.230566617e+003 -2.2037e+000 +1.8329e+000 -2.1268e+000 -3.6362e+000 -6.8563e-001
60 +4.323000670e+003 +4.323000670e+003 +4.178040670e+003 +4.178040670e+003 -2.1888e+000 +1.8954e+000 -2.0678e+000 -3.6348e+000 -6.8317e-001
87 +4.225971790e+003 +4.225971790e+003 +4.081011790e+003 +4.081011790e+003 -2.1860e+000 +1.6487e+000 -2.1056e+000 -3.6327e+000 -6.8161e-001
88 +4.144212057e+003 +4.144212057e+003 +3.999252057e+003 +3.999252057e+003 -2.1935e+000 +1.8438e+000 -2.0450e+000 -3.6172e+000 -6.9614e-001
103 +3.871653950e+003 +3.871653950e+003 +3.726693950e+003 +3.726693950e+003 -2.2247e+000 +1.9108e+000 -1.9507e+000 -3.5870e+000 -6.7762e-001
108 +3.549450905e+003 +3.549450905e+003 +3.404490905e+003 +3.404490905e+003 -2.1972e+000 +2.0602e+000 -2.0757e+000 -3.4733e+000 -6.8312e-001
126 +3.306627909e+003 +3.306627909e+003 +3.161667909e+003 +3.161667909e+003 -2.2080e+000 +1.8247e+000 -2.0704e+000 -3.4656e+000 -6.9520e-001
132 +3.062722422e+003 +3.062722422e+003 +2.917762422e+003 +2.917762422e+003 -2.2248e+000 +1.8175e+000 -1.9492e+000 -3.4506e+000 -6.6405e-001
141 +2.265302835e+003 +2.265302835e+003 +2.120342835e+003 +2.120342835e+003 -2.2567e+000 -8.6051e-001 -2.5315e+000 -3.1677e+000 -6.7361e-001
153 +2.106421659e+003 +2.106421659e+003 +1.961461659e+003 +1.961461659e+003 -2.2313e+000 +9.0214e-001 -1.8558e+000 -3.3005e+000 -6.8228e-001
155 +1.073601671e+003 +1.073601671e+003 +9.286416714e+002 +9.286416714e+002 -2.3928e+000 +1.5417e+000 -1.5851e+000 -3.0876e+000 -6.1909e-001
176 +3.605760759e+002 +3.605760759e+002 +2.156160759e+002 +2.156160759e+002 -2.7001e+000 -5.1183e-001 -2.5888e-001 -3.1217e+000 -9.1131e-001
178 +1.967459958e+002 +1.967459958e+002 +5.178599582e+001 +5.178599582e+001 -1.2719e+000 -1.0697e+000 -2.5899e+000 -2.4424e+000 -7.8172e-001
188 +5.461443697e+000 +5.461443697e+000 -1.394985563e+002 -1.394985563e+002 +1.5599e+000 +1.1229e-001 -1.4541e+000 -2.0888e+000 -7.3842e-001
214 +4.347670115e+000 +4.347670115e+000 -1.406123299e+002 -1.406123299e+002 -1.8499e+000 -2.5967e-001 -8.3757e-001 -2.5707e+000 -7.7186e-001
229 +2.511013841e+000 +2.511013841e+000 -1.424489862e+002 -1.424489862e+002 -7.9357e-001 +3.2405e-001 -1.2271e+000 -2.2742e+000 -6.1581e-001
324 +2.120567855e+000 +2.120567855e+000 -1.428394321e+002 -1.428394321e+002 -9.4632e-001 +1.8568e-001 -7.5825e-001 -2.4080e+000 -8.3831e-001
329 +1.990671257e+000 +1.990671257e+000 -1.429693287e+002 -1.429693287e+002 -1.9420e+000 +5.4448e-001 -9.8395e-001 -2.3733e+000 -8.7633e-001
2049 +1.764244412e+000 +1.764244412e+000 -1.431957556e+002 -1.431957556e+002 -1.9312e+000 -2.1285e+000 -8.5850e-001 -1.2716e+000 -2.2842e+000
6315 +1.481942314e+000 +1.481942314e+000 -1.434780577e+002 -1.434780577e+002 -8.8908e-001 -2.3552e+000 -1.4444e+000 -2.2019e+000 -2.1201e+000
6356 +1.089227520e+000 +1.089227520e+000 -1.438707725e+002 -1.438707725e+002 -9.5702e-001 -2.2924e+000 -1.9761e+000 -2.0771e+000 -2.0890e+000
% function evaluation | noise-free fitness - Fopt (-6.300000000000e+000) | best noise-free fitness - Fopt | measured fitness | best measured fitness | x1 | x2...
1 +6.592654473e+003 +6.592654473e+003 +6.586354473e+003 +6.586354473e+003 +0.0000e+000 +0.0000e+000 +0.0000e+000 +0.0000e+000 +0.0000e+000
285 +5.851697347e+003 +5.851697347e+003 +5.845397347e+003 +5.845397347e+003 +4.3425e+000 +3.6999e+000 -1.9406e+000 +3.2838e+000 -2.1079e-001
307 +4.069254988e+003 +4.069254988e+003 +4.062954988e+003 +4.062954988e+003 +4.0538e+000 +3.6739e+000 -1.9555e+000 +2.3006e+000 -1.8319e-001
314 +3.300784894e+003 +3.300784894e+003 +3.294484894e+003 +3.294484894e+003 +3.3388e+000 +3.4464e+000 -1.9504e+000 +2.8833e+000 -6.6901e-001
352 +2.939682520e+003 +2.939682520e+003 +2.933382520e+003 +2.933382520e+003 +3.8589e+000 +3.5418e+000 -1.8083e+000 +2.3968e+000 -1.5812e+000
370 +2.427704274e+003 +2.427704274e+003 +2.421404274e+003 +2.421404274e+003 +3.7109e+000 +3.3579e+000 -1.7489e+000 +1.6145e+000 -1.6884e+000
404 +2.233025675e+003 +2.233025675e+003 +2.226725675e+003 +2.226725675e+003 +3.7106e+000 +3.2710e+000 -1.7869e+000 +1.7457e+000 -1.3360e+000
445 +2.129303550e+003 +2.129303550e+003 +2.123003550e+003 +2.123003550e+003 +3.9988e+000 +3.1358e+000 -1.6443e+000 +1.0917e+000 -1.2620e+000
452 +2.004080869e+003 +2.004080869e+003 +1.997780869e+003 +1.997780869e+003 +3.6704e+000 +3.1701e+000 -1.3964e+000 +7.8248e-001 -1.1119e+000
455 +1.057001359e+003 +1.057001359e+003 +1.050701359e+003 +1.050701359e+003 +2.9244e+000 +2.7272e+000 -1.8714e+000 +1.4593e+000 -1.0513e+000
493 +9.513191899e+002 +9.513191899e+002 +9.450191899e+002 +9.450191899e+002 +3.0291e+000 +2.6620e+000 -1.8315e+000 +1.3761e+000 -9.9565e-001
497 +4.405103102e+002 +4.405103102e+002 +4.342103102e+002 +4.342103102e+002 +3.5457e+000 +1.4801e+000 -1.7813e+000 +1.7170e+000 -1.1428e+000
502 +3.396545967e+002 +3.396545967e+002 +3.333545967e+002 +3.333545967e+002 +3.2695e+000 +2.0136e+000 -1.7146e+000 +1.1929e+000 -1.8366e+000
506 +2.633909366e+002 +2.633909366e+002 +2.570909366e+002 +2.570909366e+002 +2.8483e+000 +2.0763e+000 -1.8140e+000 +1.3090e+000 -1.5215e+000
528 +1.429198721e+002 +1.429198721e+002 +1.366198721e+002 +1.366198721e+002 +3.0836e+000 +1.6449e+000 -1.8333e+000 +1.2712e+000 -9.8080e-001
538 +1.321231704e+002 +1.321231704e+002 +1.258231704e+002 +1.258231704e+002 +2.9542e+000 +1.8136e+000 -1.5363e+000 +1.4084e+000 -1.3191e+000
539 +1.053658901e+001 +1.053658901e+001 +4.236589012e+000 +4.236589012e+000 +2.6128e+000 +9.5624e-001 -1.8043e+000 +1.2591e+000 -1.3146e+000
569 +8.331743041e+000 +8.331743041e+000 +2.031743041e+000 +2.031743041e+000 +2.5943e+000 +4.1919e-001 -1.5891e+000 +6.8092e-001 -1.5385e+000
581 +5.263990332e+000 +5.263990332e+000 -1.036009668e+000 -1.036009668e+000 +2.5474e+000 -1.2988e+000 -1.6236e+000 +1.1543e+000 -1.5393e+000
583 +4.966489550e+000 +4.966489550e+000 -1.333510450e+000 -1.333510450e+000 +1.7223e+000 +1.1104e+000 -1.7110e+000 +1.1716e+000 -1.5333e+000
589 +4.749272331e+000 +4.749272331e+000 -1.550727669e+000 -1.550727669e+000 +1.2815e+000 +9.8217e-001 -1.6657e+000 +1.3888e+000 -1.4510e+000
590 +4.368818992e+000 +4.368818992e+000 -1.931181008e+000 -1.931181008e+000 +2.0715e+000 +9.8903e-001 -1.6189e+000 +1.2407e+000 -1.3778e+000
593 +4.120388059e+000 +4.120388059e+000 -2.179611941e+000 -2.179611941e+000 +2.3502e+000 +1.4360e+000 -1.6567e+000 +9.9368e-001 -1.6134e+000
597 +3.738832552e+000 +3.738832552e+000 -2.561167448e+000 -2.561167448e+000 +2.3167e+000 +1.3802e+000 -1.5903e+000 +1.1226e+000 -1.4035e+000
602 +3.547617076e+000 +3.547617076e+000 -2.752382924e+000 -2.752382924e+000 +1.7768e+000 +6.1486e-001 -1.6141e+000 +1.3753e+000 -1.4462e+000
604 +3.326498441e+000 +3.326498441e+000 -2.973501559e+000 -2.973501559e+000 +2.2118e+000 +7.6586e-001 -1.4503e+000 +1.1980e+000 -1.4131e+000
629 +2.473890427e+000 +2.473890427e+000 -3.826109573e+000 -3.826109573e+000 +2.1456e+000 +6.0134e-001 -1.6415e+000 +9.9853e-001 -2.3053e+000
1057 +2.238951362e+000 +2.238951362e+000 -4.061048638e+000 -4.061048638e+000 +1.9088e+000 -2.0002e+000 -1.3145e-001 +1.8687e+000 -1.7954e+000
1262 +2.113003821e+000 +2.113003821e+000 -4.186996179e+000 -4.186996179e+000 +2.1184e+000 +6.1576e-001 -1.1849e+000 +1.8685e+000 -1.6053e+000
3089 +1.837041482e+000 +1.837041482e+000 -4.462958518e+000 -4.462958518e+000 -1.5218e+000 -2.9230e+000 -1.2696e+000 +1.9057e+000 -1.8008e+000
10191 +1.511705025e+000 +1.511705025e+000 -4.788294975e+000 -4.788294975e+000 +2.3157e+000 -2.0037e+000 -2.1127e+000 +1.1713e+000 -1.1850e+000
10562 +1.190124855e+000 +1.190124855e+000 -5.109875145e+000 -5.109875145e+000 +2.1931e+000 -2.0959e+000 -2.1173e+000 +1.1259e+000 -1.1933e+000
% function evaluation | noise-free fitness - Fopt (2.796000000000e+001) | best noise-free fitness - Fopt | measured fitness | best measured fitness | x1 | x2...
1 +6.592654473e+003 +6.592654473e+003 +6.620614473e+003 +6.620614473e+003 +0.0000e+000 +0.0000e+000 +0.0000e+000 +0.0000e+000 +0.0000e+000
170 +6.141592944e+003 +6.141592944e+003 +6.169552944e+003 +6.169552944e+003 -3.6204e+000 +4.0480e-002 -1.0103e+000 +4.0701e-001 -3.0651e+000
187 +2.911885810e+003 +2.911885810e+003 +2.939845810e+003 +2.939845810e+003 -4.2075e+000 +6.8826e-002 +8.5828e-001 +4.0524e-001 -2.4734e+000
190 +2.608552149e+003 +2.608552149e+003 +2.636512149e+003 +2.636512149e+003 -4.1442e+000 +1.5800e-002 +1.0056e+000 +3.7545e-001 -2.9437e+000
202 +2.032518820e+003 +2.032518820e+003 +2.060478820e+003 +2.060478820e+003 -4.0749e+000 +7.4385e-002 +1.6809e+000 +4.0989e-001 -2.3480e+000
207 +1.984833880e+003 +1.984833880e+003 +2.012793880e+003 +2.012793880e+003 -4.0560e+000 +7.8889e-002 +3.6987e+000 +4.0662e-001 -2.2225e+000
234 +1.167469419e+003 +1.167469419e+003 +1.195429419e+003 +1.195429419e+003 -3.9571e+000 +6.9627e-002 +3.0897e+000 +4.0360e-001 -2.5760e+000
250 +1.067279484e+003 +1.067279484e+003 +1.095239484e+003 +1.095239484e+003 -4.0292e+000 +1.9171e-001 +2.6632e+000 +2.1314e-001 -2.8320e+000
270 +7.293533080e+002 +7.293533080e+002 +7.573133080e+002 +7.573133080e+002 -3.3369e+000 +1.9738e-001 +2.4766e+000 +3.7451e-001 -1.7285e+000
337 +4.109436196e+002 +4.109436196e+002 +4.389036196e+002 +4.389036196e+002 -2.6190e+000 +1.2764e-001 +2.4882e+000 +3.5425e-001 -2.4259e+000
365 +3.765808611e+002 +3.765808611e+002 +4.045408611e+002 +4.045408611e+002 -3.0835e+000 +1.6575e-001 +2.6246e+000 +2.9058e-001 -2.4846e+000
377 +3.431036787e+002 +3.431036787e+002 +3.710636787e+002 +3.710636787e+002 -2.8575e+000 +1.0712e-001 +2.6501e+000 +3.3002e-001 -2.2454e+000
381 +3.048081190e+002 +3.048081190e+002 +3.327681190e+002 +3.327681190e+002 -2.9975e+000 +1.3115e-001 +2.7091e+000 +2.8725e-001 -1.8401e+000
396 +1.602406124e+002 +1.602406124e+002 +1.882006124e+002 +1.882006124e+002 -2.5136e+000 +1.1175e-001 +2.9099e+000 +2.9289e-001 -1.9814e+000
440 +7.024122537e+000 +7.024122537e+000 +3.498412254e+001 +3.498412254e+001 -2.0342e+000 +1.6778e-001 +2.7037e+000 +3.4197e-002 -2.0960e+000
486 +4.896008462e+000 +4.896008462e+000 +3.285600846e+001 +3.285600846e+001 -4.5772e-001 +1.1696e-001 +2.1685e+000 -2.0797e-001 -2.1942e+000
488 +4.058369064e+000 +4.058369064e+000 +3.201836906e+001 +3.201836906e+001 -3.4975e-001 +2.6088e-001 +2.7732e+000 -1.1429e-002 -2.2767e+000
508 +3.445619992e+000 +3.445619992e+000 +3.140561999e+001 +3.140561999e+001 -8.2122e-001 +2.5202e-001 +2.5073e+000 -8.9725e-002 -2.3456e+000
528 +3.174264953e+000 +3.174264953e+000 +3.113426495e+001 +3.113426495e+001 +4.8010e-001 +2.3097e-001 +2.4940e+000 -1.0643e-001 -2.6817e+000
565 +3.112138034e+000 +3.112138034e+000 +3.107213803e+001 +3.107213803e+001 -4.6301e-001 -3.3072e-002 +2.6875e+000 -2.9909e-001 -1.3634e+000
567 +2.710006258e+000 +2.710006258e+000 +3.067000626e+001 +3.067000626e+001 -2.2133e-001 +4.8892e-001 +2.4423e+000 -8.2584e-001 -2.0697e+000
593 +2.469828501e+000 +2.469828501e+000 +3.042982850e+001 +3.042982850e+001 +3.1937e-001 +1.7578e-001 +2.5645e+000 -1.5850e+000 -2.2796e+000
1233 +2.222156940e+000 +2.222156940e+000 +3.018215694e+001 +3.018215694e+001 +1.5310e+000 +5.5241e-001 +4.7131e-001 -1.0104e+000 -1.1854e+000
1762 +2.038369562e+000 +2.038369562e+000 +2.999836956e+001 +2.999836956e+001 -2.3362e+000 +2.0279e+000 +5.6546e-001 -1.5440e+000 -2.2078e+000
2535 +1.953308068e+000 +1.953308068e+000 +2.991330807e+001 +2.991330807e+001 -9.4119e-001 +2.4838e+000 +1.8735e+000 -1.4392e+000 -2.2952e+000
6913 +1.734351773e+000 +1.734351773e+000 +2.969435177e+001 +2.969435177e+001 +4.8419e-001 +8.3902e-001 +2.4154e+000 -2.0031e+000 -2.0972e+000
19343 +9.979879373e-001 +9.979879373e-001 +2.895798794e+001 +2.895798794e+001 +1.4258e+000 +2.9872e+000 +1.2829e+000 -2.3165e+000 -8.9759e-001
% function evaluation | noise-free fitness - Fopt (-6.338000000000e+001) | best noise-free fitness - Fopt | measured fitness | best measured fitness | x1 | x2...
1 +6.592654473e+003 +6.592654473e+003 +6.529274473e+003 +6.529274473e+003 +0.0000e+000 +0.0000e+000 +0.0000e+000 +0.0000e+000 +0.0000e+000
375 +2.694083041e+003 +2.694083041e+003 +2.630703041e+003 +2.630703041e+003 -1.6377e+000 +4.8985e+000 -2.0517e+000 -1.8172e+000 -2.1631e+000
413 +2.241689804e+003 +2.241689804e+003 +2.178309804e+003 +2.178309804e+003 -1.7398e+000 +4.6615e+000 -2.0291e+000 -2.2076e+000 -9.9374e-001
427 +1.723299874e+003 +1.723299874e+003 +1.659919874e+003 +1.659919874e+003 -1.6861e+000 +4.4866e+000 -1.8744e+000 -2.0763e+000 -8.9786e-001
463 +4.058829373e+000 +4.058829373e+000 -5.932117063e+001 -5.932117063e+001 -1.8309e+000 +2.6450e+000 -8.9283e-002 -1.0906e+000 -1.3202e+000
506 +3.889959665e+000 +3.889959665e+000 -5.949004034e+001 -5.949004034e+001 -2.0463e+000 +3.3886e+000 +8.7337e-001 -2.3635e+000 -8.7250e-001
533 +3.332756735e+000 +3.332756735e+000 -6.004724327e+001 -6.004724327e+001 -2.4629e+000 +3.1846e+000 +8.0131e-001 -1.5923e+000 -1.1938e+000
565 +2.485519735e+000 +2.485519735e+000 -6.089448027e+001 -6.089448027e+001 -2.3890e+000 +3.2075e+000 +1.2639e+000 -1.2241e+000 -1.1928e+000
890 +2.282312956e+000 +2.282312956e+000 -6.109768704e+001 -6.109768704e+001 -6.5653e-001 +1.1928e-001 +6.4630e-001 -1.3770e+000 -1.1401e+000
2546 +1.770544036e+000 +1.770544036e+000 -6.160945596e+001 -6.160945596e+001 -5.0610e-001 +7.6471e-002 +5.4239e-001 -1.9977e+000 -2.1290e+000
8328 +1.708530066e+000 +1.708530066e+000 -6.167146993e+001 -6.167146993e+001 -1.1481e-001 +1.8138e+000 +2.1318e+000 -2.0098e+000 -2.1255e+000
11232 +1.437503191e+000 +1.437503191e+000 -6.194249681e+001 -6.194249681e+001 +2.2444e+000 +2.0418e+000 +1.5928e+000 -2.2520e+000 -1.6867e+000
13613 +1.019354207e+000 +1.019354207e+000 -6.236064579e+001 -6.236064579e+001 +2.2484e+000 -6.6856e-001 +8.6116e-001 -2.3830e+000 -2.0377e+000
% function evaluation | noise-free fitness - Fopt (-1.337200000000e+002) | best noise-free fitness - Fopt | measured fitness | best measured fitness | x1 | x2...
1 +6.592654473e+003 +6.592654473e+003 +6.458934473e+003 +6.458934473e+003 +0.0000e+000 +0.0000e+000 +0.0000e+000 +0.0000e+000 +0.0000e+000
412 +3.763426255e+003 +3.763426255e+003 +3.629706255e+003 +3.629706255e+003 +1.3819e-001 -2.8613e+000 +3.5605e+000 -8.3307e-001 +1.6002e+000
452 +3.403357451e+003 +3.403357451e+003 +3.269637451e+003 +3.269637451e+003 +9.2829e-002 -2.6443e+000 +4.0338e+000 -8.9900e-001 +1.8996e+000
456 +2.251356579e+003 +2.251356579e+003 +2.117636579e+003 +2.117636579e+003 +9.4324e-001 -2.2952e+000 +4.3837e+000 -2.9491e-001 +1.7693e+000
483 +2.147392692e+003 +2.147392692e+003 +2.013672692e+003 +2.013672692e+003 -4.1419e-003 -2.5553e+000 +3.2807e+000 -1.8173e-001 +1.2925e+000
484 +1.864038697e+003 +1.864038697e+003 +1.730318697e+003 +1.730318697e+003 +1.2056e-001 -2.4669e+000 +3.5396e+000 -1.9381e-001 +1.9243e+000
494 +9.634855273e+002 +9.634855273e+002 +8.297655273e+002 +8.297655273e+002 +7.1176e-002 -2.0011e+000 +1.6923e+000 +5.0668e-001 +1.8064e+000
530 +4.486449145e+002 +4.486449145e+002 +3.149249145e+002 +3.149249145e+002 +7.6723e-002 -1.3787e+000 +2.1515e+000 +3.7023e-001 +2.9076e+000
553 +4.351668434e+002 +4.351668434e+002 +3.014468434e+002 +3.014468434e+002 +4.9927e-001 -1.7237e+000 +2.8719e+000 +3.2166e-001 +1.1680e+000
562 +3.973116284e+002 +3.973116284e+002 +2.635916284e+002 +2.635916284e+002 +2.2050e-001 -1.4082e+000 +3.5962e+000 +1.7069e+000 +1.2729e+000
578 +3.848444286e+002 +3.848444286e+002 +2.511244286e+002 +2.511244286e+002 -3.3852e-002 -1.5440e+000 +2.2422e+000 +9.2627e-001 +1.6726e+000
582 +4.512438486e+000 +4.512438486e+000 -1.292075615e+002 -1.292075615e+002 +2.6915e-001 -6.9817e-001 +2.3013e+000 +5.5983e-001 +1.5071e+000
602 +3.688121811e+000 +3.688121811e+000 -1.300318782e+002 -1.300318782e+002 +6.8338e-001 -4.0354e-001 +2.6562e+000 +1.2686e+000 +1.8171e+000
628 +2.799654199e+000 +2.799654199e+000 -1.309203458e+002 -1.309203458e+002 -1.7129e-002 +5.6496e-002 +2.6295e+000 +5.3123e-001 +1.8253e+000
842 +2.719905158e+000 +2.719905158e+000 -1.310000948e+002 -1.310000948e+002 +8.7012e-001 +2.3643e+000 -2.8616e-002 +7.9790e-001 +1.3176e+000
847 +2.265314677e+000 +2.265314677e+000 -1.314546853e+002 -1.314546853e+002 +2.0483e+000 +2.2963e+000 +9.4091e-001 +8.5655e-001 +9.5358e-001
1836 +2.197148463e+000 +2.197148463e+000 -1.315228515e+002 -1.315228515e+002 +2.0546e+000 +1.3131e+000 +1.2535e+000 +1.2742e+000 +2.3039e+000
1912 +2.155622644e+000 +2.155622644e+000 -1.315643774e+002 -1.315643774e+002 +2.2230e+000 -7.9677e-001 +7.2417e-001 +2.0332e+000 +1.7873e+000
1929 +1.766466810e+000 +1.766466810e+000 -1.319535332e+002 -1.319535332e+002 +2.0378e+000 +2.1479e+000 +1.4188e+000 +1.8132e+000 +1.6101e+000
2386 +1.652789071e+000 +1.652789071e+000 -1.320672109e+002 -1.320672109e+002 +2.1573e+000 -5.3210e-001 +2.7675e+000 +1.2342e+000 +1.9761e+000
2795 +1.492160220e+000 +1.492160220e+000 -1.322278398e+002 -1.322278398e+002 +2.1620e+000 +1.1709e+000 +2.5880e-001 +2.5882e+000 +1.6117e+000
2966 +1.314418395e+000 +1.314418395e+000 -1.324055816e+002 -1.324055816e+002 +2.1502e+000 -5.4914e-001 +2.8061e+000 +1.4395e+000 +1.9257e+000
3122 +8.426329568e-001 +8.426329568e-001 -1.328773670e+002 -1.328773670e+002 +2.1540e+000 -4.8922e-001 +2.7786e+000 +1.9950e+000 +2.1013e+000
6694 +6.104507732e-001 +6.104507732e-001 -1.331095492e+002 -1.331095492e+002 +2.0810e+000 +2.0231e+000 +1.5155e+000 +2.2347e+000 +2.0582e+000
6898 +5.796655825e-001 +5.796655825e-001 -1.331403344e+002 -1.331403344e+002 +2.0023e+000 +2.1391e+000 +1.4990e+000 +2.2416e+000 +2.0555e+000
7458 +4.881085344e-001 +4.881085344e-001 -1.332318915e+002 -1.332318915e+002 +2.1062e+000 +2.0906e+000 +1.4870e+000 +2.2604e+000 +2.0443e+000
7545 +4.669249698e-001 +4.669249698e-001 -1.332530750e+002 -1.332530750e+002 +2.0851e+000 +2.1064e+000 +1.5127e+000 +2.2659e+000 +2.0560e+000
% function evaluation | noise-free fitness - Fopt (-4.039900000000e+002) | best noise-free fitness - Fopt | measured fitness | best measured fitness | x1 | x2...
1 +6.592654473e+003 +6.592654473e+003 +6.188664473e+003 +6.188664473e+003 +0.0000e+000 +0.0000e+000 +0.0000e+000 +0.0000e+000 +0.0000e+000
408 +6.222104904e+003 +6.222104904e+003 +5.818114904e+003 +5.818114904e+003 -2.6562e+000 -4.6075e+000 -1.1245e+000 +3.7290e+000 +8.2083e-001
409 +4.888885271e+003 +4.888885271e+003 +4.484895271e+003 +4.484895271e+003 -3.1056e+000 -3.9861e+000 -2.7015e-001 +3.3983e+000 +6.7979e-001
431 +4.225149533e+003 +4.225149533e+003 +3.821159533e+003 +3.821159533e+003 -2.6782e+000 -7.3019e-001 +1.8053e-001 +2.7948e+000 +5.4886e-001
432 +3.723676168e+003 +3.723676168e+003 +3.319686168e+003 +3.319686168e+003 -4.0515e+000 -4.8753e+000 -7.2081e-001 +3.9052e+000 +2.5425e-002
451 +2.808868742e+003 +2.808868742e+003 +2.404878742e+003 +2.404878742e+003 -2.7476e+000 -3.4745e+000 -8.5125e-001 +2.7626e+000 +3.4954e-001
455 +2.480145571e+003 +2.480145571e+003 +2.076155571e+003 +2.076155571e+003 -2.8929e+000 -3.3385e+000 -7.6589e-001 +3.0676e+000 +3.6682e-001
466 +4.219063567e+002 +4.219063567e+002 +1.791635671e+001 +1.791635671e+001 -2.9197e+000 +6.7595e-001 -7.0892e-002 +2.8603e+000 -9.2014e-001
496 +3.651869150e+002 +3.651869150e+002 -3.880308503e+001 -3.880308503e+001 -2.4966e+000 -1.1112e+000 +3.4798e-001 +3.0795e+000 -2.8447e-001
497 +9.000201253e+001 +9.000201253e+001 -3.139879875e+002 -3.139879875e+002 -2.9630e+000 -3.2004e+000 -5.5252e-001 +2.4897e+000 -1.1084e+000
509 +4.916108647e+001 +4.916108647e+001 -3.548289135e+002 -3.548289135e+002 -2.1966e+000 -1.4002e+000 -3.5606e-001 +3.0170e+000 -3.9148e-001
510 +4.590859691e+000 +4.590859691e+000 -3.993991403e+002 -3.993991403e+002 -1.0257e+000 -1.3360e+000 -2.3881e-001 +2.0988e+000 -1.2363e+000
530 +3.831155661e+000 +3.831155661e+000 -4.001588443e+002 -4.001588443e+002 -2.4803e+000 -3.1186e+000 -3.7017e-001 +2.5713e+000 -9.4062e-001
545 +3.013944983e+000 +3.013944983e+000 -4.009760550e+002 -4.009760550e+002 -1.5056e+000 -3.2177e+000 +3.8968e-001 +2.5139e+000 -7.4179e-001
589 +2.469995389e+000 +2.469995389e+000 -4.015200046e+002 -4.015200046e+002 -2.3474e+000 -3.2146e+000 -1.5034e-001 +2.7261e+000 -1.2277e+000
608 +2.418156388e+000 +2.418156388e+000 -4.015718436e+002 -4.015718436e+002 -1.2872e+000 -2.9461e+000 -2.3561e-001 +2.2648e+000 -1.1625e+000
1312 +1.939375381e+000 +1.939375381e+000 -4.020506246e+002 -4.020506246e+002 +5.9591e-001 -2.5827e+000 -2.9337e-002 +2.6927e+000 -7.9478e-001
11676 +1.165513408e+000 +1.165513408e+000 -4.028244866e+002 -4.028244866e+002 +2.1139e+000 -2.0855e+000 +5.8994e-001 +2.0722e+000 -2.1206e+000
17989 +9.498767577e-001 +9.498767577e-001 -4.030401232e+002 -4.030401232e+002 +2.2597e+000 -2.1534e+000 +2.0486e+000 +2.1316e+000 -9.0050e-001
% function evaluation | noise-free fitness - Fopt (1.000000000000e+003) | best noise-free fitness - Fopt | measured fitness | best measured fitness | x1 | x2...
1 +6.592654473e+003 +6.592654473e+003 +7.592654473e+003 +7.592654473e+003 +0.0000e+000 +0.0000e+000 +0.0000e+000 +0.0000e+000 +0.0000e+000
224 +6.324367234e+003 +6.324367234e+003 +7.324367234e+003 +7.324367234e+003 -3.1963e+000 +3.6383e+000 -4.1440e+000 +1.7938e-001 +1.6753e+000
302 +3.152451003e+003 +3.152451003e+003 +4.152451003e+003 +4.152451003e+003 -3.2533e+000 +3.1583e+000 -3.3050e+000 -7.9407e-001 +1.6448e+000
318 +1.082599717e+003 +1.082599717e+003 +2.082599717e+003 +2.082599717e+003 -3.2583e+000 +3.1544e+000 -2.7357e+000 -3.4664e-001 +2.0831e+000
328 +4.352900902e+002 +4.352900902e+002 +1.435290090e+003 +1.435290090e+003 -3.3614e+000 +3.1202e+000 -2.1932e+000 -8.3653e-002 +1.3395e+000
340 +2.841326761e+002 +2.841326761e+002 +1.284132676e+003 +1.284132676e+003 -3.0314e+000 +3.2078e+000 -2.4156e+000 +1.0529e-001 +1.3621e+000
341 +1.077284789e+002 +1.077284789e+002 +1.107728479e+003 +1.107728479e+003 -2.9236e+000 +3.1375e+000 -1.3079e+000 +2.3895e-001 +1.8418e+000
349 +3.267364712e+001 +3.267364712e+001 +1.032673647e+003 +1.032673647e+003 -2.3649e+000 +3.6484e+000 -1.8507e+000 +1.3952e-001 +2.2303e+000
381 +3.035742958e+001 +3.035742958e+001 +1.030357430e+003 +1.030357430e+003 -2.7604e+000 +3.1889e+000 -1.6787e+000 +8.8320e-001 +1.1403e+000
389 +1.645285514e+001 +1.645285514e+001 +1.016452855e+003 +1.016452855e+003 +1.0316e+000 +2.8035e+000 -1.9314e+000 +5.5220e-001 +1.7488e+000
397 +3.368878592e+000 +3.368878592e+000 +1.003368879e+003 +1.003368879e+003 -1.7695e+000 +3.3650e+000 -1.8901e+000 +6.4543e-001 +1.8070e+000
430 +2.616638336e+000 +2.616638336e+000 +1.002616638e+003 +1.002616638e+003 -1.7899e+000 +3.1447e+000 -1.7299e+000 +7.3244e-001 +1.7179e+000
437 +2.444572649e+000 +2.444572649e+000 +1.002444573e+003 +1.002444573e+003 -1.4952e+000 +3.0626e+000 -1.9103e+000 +4.7282e-001 +1.7810e+000
484 +2.279547854e+000 +2.279547854e+000 +1.002279548e+003 +1.002279548e+003 -1.5374e+000 +2.9970e+000 -1.2072e+000 +8.3915e-001 +2.5439e+000
562 +1.922939212e+000 +1.922939212e+000 +1.001922939e+003 +1.001922939e+003 -1.5216e+000 +3.0172e+000 -1.3422e+000 +7.9651e-001 +1.7171e+000
640 +1.749422162e+000 +1.749422162e+000 +1.001749422e+003 +1.001749422e+003 -1.4088e+000 +2.8633e+000 -1.9783e+000 +9.6644e-001 +1.2905e+000
696 +1.637361479e+000 +1.637361479e+000 +1.001637361e+003 +1.001637361e+003 -1.4953e+000 +2.9807e+000 -1.3017e+000 +1.1151e+000 +2.4030e+000
776 +1.199679650e+000 +1.199679650e+000 +1.001199680e+003 +1.001199680e+003 -1.4566e+000 +2.9443e+000 -1.2921e+000 +2.2962e+000 +1.9867e+000
894 +1.060925282e+000 +1.060925282e+000 +1.001060925e+003 +1.001060925e+003 -1.4099e+000 +2.8581e+000 +1.2273e-001 +2.7249e+000 +1.9453e+000
1249 +9.227233520e-001 +9.227233520e-001 +1.000922723e+003 +1.000922723e+003 -1.5707e+000 +2.9485e+000 -1.2538e+000 +2.3470e+000 +2.0648e+000
2096 +4.935658712e-001 +4.935658712e-001 +1.000493566e+003 +1.000493566e+003 -1.4266e+000 +2.9570e+000 -1.8541e+000 +2.1272e+000 +2.0812e+000
2259 +4.440621408e-001 +4.440621408e-001 +1.000444062e+003 +1.000444062e+003 -1.4997e+000 +2.9344e+000 -1.9200e+000 +2.1096e+000 +2.0969e+000
2349 +3.756676452e-001 +3.756676452e-001 +1.000375668e+003 +1.000375668e+003 -1.4435e+000 +2.9998e+000 -1.8890e+000 +2.1893e+000 +2.1026e+000
2353 +3.141762413e-001 +3.141762413e-001 +1.000314176e+003 +1.000314176e+003 -1.4611e+000 +3.0139e+000 -1.8615e+000 +2.1403e+000 +2.0935e+000
2465 +2.932287366e-001 +2.932287366e-001 +1.000293229e+003 +1.000293229e+003 -1.4652e+000 +2.9778e+000 -1.8734e+000 +2.1440e+000 +2.0992e+000
2502 +2.563389232e-001 +2.563389232e-001 +1.000256339e+003 +1.000256339e+003 -1.4972e+000 +2.9899e+000 -1.8898e+000 +2.1489e+000 +2.0860e+000
2557 +2.393077879e-001 +2.393077879e-001 +1.000239308e+003 +1.000239308e+003 -1.5110e+000 +2.9994e+000 -1.8863e+000 +2.1595e+000 +2.0913e+000
% function evaluation | noise-free fitness - Fopt (1.005700000000e+002) | best noise-free fitness - Fopt | measured fitness | best measured fitness | x1 | x2...
1 +6.592654473e+003 +6.592654473e+003 +6.693224473e+003 +6.693224473e+003 +0.0000e+000 +0.0000e+000 +0.0000e+000 +0.0000e+000 +0.0000e+000
409 +5.646891123e+003 +5.646891123e+003 +5.747461123e+003 +5.747461123e+003 +2.6003e+000 -1.8388e+000 -2.2851e+000 -4.1076e+000 -1.2476e+000
416 +3.204250152e+003 +3.204250152e+003 +3.304820152e+003 +3.304820152e+003 +7.9688e-001 -1.1128e+000 -1.6791e+000 -2.9807e+000 -2.3881e+000
433 +2.136033234e+003 +2.136033234e+003 +2.236603234e+003 +2.236603234e+003 +2.6819e+000 -1.7774e+000 -1.5437e+000 -1.3358e+000 -4.9768e-001
469 +3.319762972e+002 +3.319762972e+002 +4.325462972e+002 +4.325462972e+002 +3.9448e-001 -2.8761e+000 -8.8779e-001 -1.6569e+000 -5.0080e-001
504 +3.384249057e+000 +3.384249057e+000 +1.039542491e+002 +1.039542491e+002 +8.7889e-001 -2.4261e-002 +1.3489e+000 -2.3689e+000 -1.7102e+000
511 +3.189256080e+000 +3.189256080e+000 +1.037592561e+002 +1.037592561e+002 -1.3044e+000 -1.7273e+000 +1.4622e-001 -2.7209e+000 -8.7840e-001
611 +2.903547510e+000 +2.903547510e+000 +1.034735475e+002 +1.034735475e+002 -2.5132e+000 -1.1703e+000 +3.9427e-001 -2.0180e+000 -1.5586e+000
674 +2.786882988e+000 +2.786882988e+000 +1.033568830e+002 +1.033568830e+002 -1.6989e+000 -2.9639e+000 +1.1686e+000 -1.6653e+000 -2.1518e+000
780 +2.737985743e+000 +2.737985743e+000 +1.033079857e+002 +1.033079857e+002 -6.4155e-001 -1.4743e+000 +7.9811e-001 -2.0422e+000 -2.1324e+000
979 +2.396111729e+000 +2.396111729e+000 +1.029661117e+002 +1.029661117e+002 -1.4747e+000 -2.0287e+000 +5.8742e-001 -2.3547e+000 -2.0331e+000
1003 +2.219171697e+000 +2.219171697e+000 +1.027891717e+002 +1.027891717e+002 -1.6192e+000 -2.1328e+000 -5.6963e-002 -2.2351e+000 -2.0428e+000
1276 +2.109818811e+000 +2.109818811e+000 +1.026798188e+002 +1.026798188e+002 -1.4786e+000 -2.2442e+000 +2.2462e+000 -2.0551e+000 -1.7447e+000
1332 +1.883243316e+000 +1.883243316e+000 +1.024532433e+002 +1.024532433e+002 -1.4708e+000 -2.1091e+000 +1.4944e+000 -2.2323e+000 -1.7745e+000
2155 +1.768003101e+000 +1.768003101e+000 +1.023380031e+002 +1.023380031e+002 -5.4295e-001 -1.2426e-001 +5.4149e-001 -2.4621e+000 -1.6913e+000
3406 +1.731563481e+000 +1.731563481e+000 +1.023015635e+002 +1.023015635e+002 -1.5188e+000 -1.0058e+000 +2.3772e+000 -1.5744e+000 -1.8982e+000
9328 +1.027342422e+000 +1.027342422e+000 +1.015973424e+002 +1.015973424e+002 +2.0598e+000 -2.0503e+000 -4.4852e-001 -2.7464e+000 -1.8899e+000
15211 +9.263494982e-001 +9.263494982e-001 +1.014963495e+002 +1.014963495e+002 +2.1423e+000 -7.7727e-001 +2.4204e+000 -1.9679e+000 -2.1474e+000
16279 +8.772124906e-001 +8.772124906e-001 +1.014472125e+002 +1.014472125e+002 +2.1738e+000 -7.7445e-001 +2.4744e+000 -2.0052e+000 -2.1552e+000
% function evaluation | noise-free fitness - Fopt (1.149000000000e+001) | best noise-free fitness - Fopt | measured fitness | best measured fitness | x1 | x2...
1 +6.592654473e+003 +6.592654473e+003 +6.604144473e+003 +6.604144473e+003 +0.0000e+000 +0.0000e+000 +0.0000e+000 +0.0000e+000 +0.0000e+000
106 +5.595556555e+000 +5.595556555e+000 +1.708555655e+001 +1.708555655e+001 -9.4262e-001 +1.7828e+000 -2.3100e-002 +1.5943e+000 +9.0703e-001
146 +3.718044036e+000 +3.718044036e+000 +1.520804404e+001 +1.520804404e+001 -2.3120e-001 +1.9623e+000 +2.7185e-002 +9.8577e-001 +2.0062e+000
198 +3.646497242e+000 +3.646497242e+000 +1.513649724e+001 +1.513649724e+001 -4.8243e-001 +2.1915e+000 -6.9225e-003 +1.4996e+000 +1.4369e+000
205 +2.171508789e+000 +2.171508789e+000 +1.366150879e+001 +1.366150879e+001 +1.9280e+000 +2.1450e+000 +4.5097e-001 +1.1506e+000 +2.0380e+000
2368 +2.061876790e+000 +2.061876790e+000 +1.355187679e+001 +1.355187679e+001 +1.1061e-001 +3.5529e-002 -2.5855e+000 +1.9704e+000 +1.7590e+000
2591 +1.650226282e+000 +1.650226282e+000 +1.314022628e+001 +1.314022628e+001 -1.6410e+000 +3.6504e-001 -2.4790e+000 +1.1278e+000 +2.3284e+000
7762 +1.519500617e+000 +1.519500617e+000 +1.300950062e+001 +1.300950062e+001 +1.0907e+000 +2.3639e+000 -2.0040e+000 +9.2865e-001 +1.2396e+000
7843 +1.344345455e+000 +1.344345455e+000 +1.283434546e+001 +1.283434546e+001 +1.0702e+000 +2.3564e+000 -2.0481e+000 +9.7197e-001 +1.2215e+000
8327 +1.225092472e+000 +1.225092472e+000 +1.271509247e+001 +1.271509247e+001 +1.0089e+000 +2.3886e+000 -2.0022e+000 +1.6359e+000 +1.0887e+000
8335 +1.124432034e+000 +1.124432034e+000 +1.261443203e+001 +1.261443203e+001 +1.0214e+000 +2.3988e+000 -2.0408e+000 +1.6525e+000 +1.0727e+000
8728 +1.121626276e+000 +1.121626276e+000 +1.261162628e+001 +1.261162628e+001 +9.9930e-001 +2.3819e+000 -2.0316e+000 +1.6598e+000 +1.0821e+000
% function evaluation | noise-free fitness - Fopt (7.731000000000e+001) | best noise-free fitness - Fopt | measured fitness | best measured fitness | x1 | x2...
1 +6.592654473e+003 +6.592654473e+003 +6.669964473e+003 +6.669964473e+003 +0.0000e+000 +0.0000e+000 +0.0000e+000 +0.0000e+000 +0.0000e+000
389 +5.253802720e+003 +5.253802720e+003 +5.331112720e+003 +5.331112720e+003 +2.1529e+000 -1.3812e-001 +1.6181e+000 +3.8690e+000 -2.6805e-001
396 +4.900252641e+003 +4.900252641e+003 +4.977562641e+003 +4.977562641e+003 +2.2238e+000 -1.9671e-001 +9.3169e-001 +2.4287e+000 -4.0877e-001
409 +5.769822998e+002 +5.769822998e+002 +6.542922998e+002 +6.542922998e+002 +2.3607e+000 -1.5713e-001 +6.5849e-001 +3.0480e+000 +5.7886e-001
440 +2.140689915e+002 +2.140689915e+002 +2.913789915e+002 +2.913789915e+002 +2.3072e+000 -4.3516e-001 +3.4869e-001 +2.1666e+000 +2.3801e+000
530 +1.619593898e+002 +1.619593898e+002 +2.392693898e+002 +2.392693898e+002 +2.0740e+000 -1.0694e+000 +5.4745e-001 +7.1652e-001 +1.1056e+000
540 +1.554404656e+002 +1.554404656e+002 +2.327504656e+002 +2.327504656e+002 +1.6594e+000 -9.4449e-001 +5.4031e-001 +1.9587e+000 +8.1631e-001
561 +1.171434533e+002 +1.171434533e+002 +1.944534533e+002 +1.944534533e+002 +1.1111e+000 -4.3726e-001 +3.6717e-001 +1.5992e+000 +1.4085e+000
577 +7.172870197e+001 +7.172870197e+001 +1.490387020e+002 +1.490387020e+002 +1.5533e+000 -1.1277e+000 +4.6940e-001 +7.6646e-001 +1.2260e+000
599 +5.447821517e+000 +5.447821517e+000 +8.275782152e+001 +8.275782152e+001 -6.3874e-001 -7.8594e-001 -5.1484e-002 +1.8067e+000 +2.0571e+000
604 +4.024689332e+000 +4.024689332e+000 +8.133468933e+001 +8.133468933e+001 -9.5200e-001 -1.6545e+000 +2.6149e-001 +2.5111e+000 +1.9282e+000
628 +3.708819465e+000 +3.708819465e+000 +8.101881947e+001 +8.101881947e+001 +3.7949e-001 -1.0722e+000 +2.4683e-001 +2.2028e+000 +1.1972e+000
645 +3.567199389e+000 +3.567199389e+000 +8.087719939e+001 +8.087719939e+001 -1.4333e-001 -1.2063e+000 +2.7004e-001 +1.6896e+000 +1.8560e+000
672 +3.197586623e+000 +3.197586623e+000 +8.050758662e+001 +8.050758662e+001 +7.8358e-001 -2.1050e+000 -9.4581e-002 +1.4897e+000 +1.6316e+000
728 +3.080688631e+000 +3.080688631e+000 +8.039068863e+001 +8.039068863e+001 +3.4473e-001 -1.8675e+000 -2.1531e-001 +1.0976e+000 +1.5542e+000
729 +2.619859490e+000 +2.619859490e+000 +7.992985949e+001 +7.992985949e+001 +1.4424e+000 -1.3779e+000 -1.7530e-001 +2.6481e+000 +1.5489e+000
1030 +2.379733808e+000 +2.379733808e+000 +7.968973381e+001 +7.968973381e+001 +1.4431e+000 -1.3891e+000 -2.2585e-001 +1.5804e+000 +2.2070e+000
1418 +2.103329121e+000 +2.103329121e+000 +7.941332912e+001 +7.941332912e+001 -1.0499e+000 -1.6405e+000 -2.1550e-001 +2.6071e+000 +1.5703e+000
1731 +2.076794038e+000 +2.076794038e+000 +7.938679404e+001 +7.938679404e+001 +1.2603e+000 -1.5854e+000 -1.9774e-001 +2.5442e+000 +8.2954e-001
1751 +1.924256857e+000 +1.924256857e+000 +7.923425686e+001 +7.923425686e+001 +1.5118e+000 -1.5881e+000 -2.0690e-001 +1.0274e+000 +1.2646e+000
1843 +1.537093121e+000 +1.537093121e+000 +7.884709312e+001 +7.884709312e+001 +1.3636e+000 -1.6686e+000 -2.0125e-001 +2.5358e+000 +2.0026e+000
3458 +1.413593767e+000 +1.413593767e+000 +7.872359377e+001 +7.872359377e+001 +1.4541e+000 -3.4493e-001 -1.9669e+000 +2.0570e+000 +2.1036e+000
6048 +8.105678682e-001 +8.105678682e-001 +7.812056787e+001 +7.812056787e+001 +1.4527e+000 -3.0661e+000 -1.8143e+000 +2.1191e+000 +2.1445e+000
% function evaluation | noise-free fitness - Fopt (3.207700000000e+002) | best noise-free fitness - Fopt | measured fitness | best measured fitness | x1 | x2...
1 +6.592654473e+003 +6.592654473e+003 +6.913424473e+003 +6.913424473e+003 +0.0000e+000 +0.0000e+000 +0.0000e+000 +0.0000e+000 +0.0000e+000
344 +4.549429170e+003 +4.549429170e+003 +4.870199170e+003 +4.870199170e+003 +1.1360e+000 -3.7678e+000 -2.7314e+000 -1.7904e+000 +2.4523e+000
410 +2.915857616e+003 +2.915857616e+003 +3.236627616e+003 +3.236627616e+003 +2.8850e+000 -4.9664e+000 -3.1681e-001 -3.1936e+000 +2.5471e+000
427 +2.142249274e+003 +2.142249274e+003 +2.463019274e+003 +2.463019274e+003 +1.4624e+000 -4.2732e+000 -2.0789e+000 -1.8283e+000 +2.4173e+000
440 +2.606687088e+002 +2.606687088e+002 +5.814387088e+002 +5.814387088e+002 +1.0224e+000 -3.4780e+000 -2.4078e-001 -1.9335e+000 +2.4929e+000
447 +6.574274342e+001 +6.574274342e+001 +3.865127434e+002 +3.865127434e+002 +1.6536e+000 -3.6282e+000 +1.5815e+000 -1.7069e+000 +2.3514e+000
466 +3.229209947e+001 +3.229209947e+001 +3.530620995e+002 +3.530620995e+002 +2.7078e+000 -3.7295e+000 -4.4776e-002 -1.2121e+000 +2.3908e+000
504 +1.017410334e+001 +1.017410334e+001 +3.309441033e+002 +3.309441033e+002 +2.3876e+000 -3.5529e+000 -1.2984e-002 -1.4351e+000 +2.4277e+000
576 +5.661770716e+000 +5.661770716e+000 +3.264317707e+002 +3.264317707e+002 +2.3115e+000 -3.4656e+000 -7.5648e-001 -1.4677e+000 +2.3910e+000
579 +4.283653289e+000 +4.283653289e+000 +3.250536533e+002 +3.250536533e+002 +2.0257e+000 -3.3281e+000 +1.9346e+000 -8.1076e-001 +2.4870e+000
597 +4.112842628e+000 +4.112842628e+000 +3.248828426e+002 +3.248828426e+002 +2.0001e+000 -3.0259e+000 +1.7305e+000 -4.0960e-001 +2.4927e+000
604 +2.770237582e+000 +2.770237582e+000 +3.235402376e+002 +3.235402376e+002 +1.6382e+000 -3.2677e+000 +1.7084e+000 -8.8706e-001 +2.4224e+000
622 +2.655892612e+000 +2.655892612e+000 +3.234258926e+002 +3.234258926e+002 +1.7010e+000 -3.0123e+000 +1.7166e+000 -5.0861e-001 +2.4834e+000
652 +1.963304666e+000 +1.963304666e+000 +3.227333047e+002 +3.227333047e+002 +1.5886e+000 -2.9555e+000 +1.1608e+000 -8.9766e-001 +2.3607e+000
7588 +1.874500244e+000 +1.874500244e+000 +3.226445002e+002 +3.226445002e+002 -2.2606e+000 -1.1575e+000 +2.3133e+000 -1.6714e+000 +2.1570e+000
9564 +1.467662064e+000 +1.467662064e+000 +3.222376621e+002 +3.222376621e+002 -2.1343e+000 -2.1182e-002 +2.5321e+000 -1.9451e+000 +1.8064e+000
17990 +1.269096992e+000 +1.269096992e+000 +3.220390970e+002 +3.220390970e+002 -2.2039e+000 -1.2990e+000 +2.3002e+000 -4.7514e-001 +1.3956e+000
% function evaluation | noise-free fitness - Fopt (1.893000000000e+001) | best noise-free fitness - Fopt | measured fitness | best measured fitness | x1 | x2...
1 +6.592654473e+003 +6.592654473e+003 +6.611584473e+003 +6.611584473e+003 +0.0000e+000 +0.0000e+000 +0.0000e+000 +0.0000e+000 +0.0000e+000
284 +4.555765817e+003 +4.555765817e+003 +4.574695817e+003 +4.574695817e+003 -3.0233e+000 -2.2196e+000 -2.4290e+000 -2.7553e+000 -4.7582e-001
288 +2.312231671e+003 +2.312231671e+003 +2.331161671e+003 +2.331161671e+003 -3.1480e+000 -2.1809e+000 -3.0340e+000 +8.7208e-001 +1.3097e+000
293 +2.110523835e+003 +2.110523835e+003 +2.129453835e+003 +2.129453835e+003 -3.1037e+000 -2.1946e+000 -3.3515e+000 -1.3174e+000 +4.6741e-001
307 +1.037982841e+003 +1.037982841e+003 +1.056912841e+003 +1.056912841e+003 -2.9710e+000 -2.2054e+000 -2.8074e+000 -9.2804e-001 +5.4842e-001
308 +3.695286335e+002 +3.695286335e+002 +3.884586335e+002 +3.884586335e+002 -2.9699e+000 -2.2120e+000 -2.7691e+000 -1.3068e+000 +1.8455e+000
347 +3.433691082e+002 +3.433691082e+002 +3.622991082e+002 +3.622991082e+002 -1.6302e+000 -2.2586e+000 -2.7923e+000 -2.1899e+000 +7.2514e-001
354 +9.948181750e+001 +9.948181750e+001 +1.184118175e+002 +1.184118175e+002 -2.0889e+000 -2.1714e+000 -2.5835e+000 -1.4422e+000 +2.3269e+000
367 +6.490600872e+000 +6.490600872e+000 +2.542060087e+001 +2.542060087e+001 -1.8999e+000 -2.3529e+000 -1.3405e+000 -3.1801e-001 +1.7799e+000
372 +2.691028157e+000 +2.691028157e+000 +2.162102816e+001 +2.162102816e+001 -1.7418e+000 -2.1422e+000 -2.1759e+000 -1.9933e+000 +1.3058e+000
456 +2.437776167e+000 +2.437776167e+000 +2.136777617e+001 +2.136777617e+001 -1.6490e+000 -2.1421e+000 -2.0423e+000 -1.3908e+000 +8.3868e-001
694 +2.397723327e+000 +2.397723327e+000 +2.132772333e+001 +2.132772333e+001 -6.0347e-001 -1.9784e+000 -2.0784e+000 -2.0413e+000 +1.6814e+000
763 +2.286383021e+000 +2.286383021e+000 +2.121638302e+001 +2.121638302e+001 -4.2895e-001 -1.8976e+000 -2.2044e+000 -2.0687e+000 +1.1916e+000
824 +2.179617434e+000 +2.179617434e+000 +2.110961743e+001 +2.110961743e+001 -9.1034e-001 -2.1356e+000 -2.0930e+000 -2.0824e+000 +1.7695e+000
897 +2.038751730e+000 +2.038751730e+000 +2.096875173e+001 +2.096875173e+001 -5.7271e-001 -2.0939e+000 -2.1137e+000 -2.0570e+000 +1.8116e+000
5300 +1.968205192e+000 +1.968205192e+000 +2.089820519e+001 +2.089820519e+001 +2.2868e+000 +5.5769e-001 -2.8396e+000 -1.8695e+000 +1.3980e+000
5825 +1.857183910e+000 +1.857183910e+000 +2.078718391e+001 +2.078718391e+001 +1.0306e+000 +3.5184e-001 -2.7272e+000 -1.5435e+000 +1.8599e+000
5885 +1.680592096e+000 +1.680592096e+000 +2.061059210e+001 +2.061059210e+001 +1.0634e+000 +4.0026e-001 -2.7548e+000 -1.5339e+000 +2.3084e+000
6014 +1.640810948e+000 +1.640810948e+000 +2.057081095e+001 +2.057081095e+001 +1.0808e+000 +3.4111e-001 -1.5060e+000 -2.2379e+000 +2.0988e+000
6162 +1.452291079e+000 +1.452291079e+000 +2.038229108e+001 +2.038229108e+001 +9.0275e-001 +3.3761e-001 -2.6689e+000 -1.9100e+000 +9.6731e-001
