% function evaluation | noise-free fitness - Fopt (-5.465000000000e+002) | best noise-free fitness - Fopt | measured fitness | best measured fitness | x1 | x2...
1 +5.523931782e+003 +5.523931782e+003 +4.977431782e+003 +4.977431782e+003 +0.0000e+000 +0.0000e+000 +0.0000e+000
70 +4.762782483e+003 +4.762782483e+003 +4.216282483e+003 +4.216282483e+003 -2.9431e+000 +4.0409e+000 +7.2491e-001
79 +1.844359404e+003 +1.844359404e+003 +1.297859404e+003 +1.297859404e+003 -2.9487e+000 +3.2943e+000 +7.2582e-001
101 +5.767474856e+001 +5.767474856e+001 -4.888252514e+002 -4.888252514e+002 -2.8429e+000 +2.1847e+000 +7.2636e-001
121 +5.578084142e+001 +5.578084142e+001 -4.907191586e+002 -4.907191586e+002 -2.8575e+000 +1.9148e+000 +7.2578e-001
187 +6.138329008e+000 +6.138329008e+000 -5.403616710e+002 -5.403616710e+002 -2.4425e+000 +2.2287e+000 +7.2536e-001
197 +4.350270884e+000 +4.350270884e+000 -5.421497291e+002 -5.421497291e+002 -2.5053e+000 +2.0646e+000 +7.1790e-001
211 +2.302017578e+000 +2.302017578e+000 -5.441979824e+002 -5.441979824e+002 -2.3523e+000 +1.9762e+000 +6.9583e-001
215 +2.242855008e+000 +2.242855008e+000 -5.442571450e+002 -5.442571450e+002 -2.3043e+000 +1.9844e+000 +7.0312e-001
257 +2.036394956e+000 +2.036394956e+000 -5.444636050e+002 -5.444636050e+002 -2.1869e+000 +1.9984e+000 +7.0804e-001
259 +1.461469887e+000 +1.461469887e+000 -5.450385301e+002 -5.450385301e+002 -2.3147e+000 +2.0400e+000 +6.6203e-001
273 +1.397245227e+000 +1.397245227e+000 -5.451027548e+002 -5.451027548e+002 -2.2277e+000 +2.0209e+000 +6.7864e-001
277 +1.329045889e+000 +1.329045889e+000 -5.451709541e+002 -5.451709541e+002 -2.1963e+000 +2.0216e+000 +6.5897e-001
292 +1.123181537e+000 +1.123181537e+000 -5.453768185e+002 -5.453768185e+002 -2.2209e+000 +2.0288e+000 +6.6251e-001
322 +1.102078644e+000 +1.102078644e+000 -5.453979214e+002 -5.453979214e+002 -2.2187e+000 +2.0502e+000 +6.6481e-001
351 +1.072648558e+000 +1.072648558e+000 -5.454273514e+002 -5.454273514e+002 -2.2158e+000 +2.0322e+000 +6.6450e-001
374 +1.052671256e+000 +1.052671256e+000 -5.454473287e+002 -5.454473287e+002 -2.2262e+000 +2.0446e+000 +6.6105e-001
381 +1.026727690e+000 +1.026727690e+000 -5.454732723e+002 -5.454732723e+002 -2.2244e+000 +2.0524e+000 +6.5954e-001
402 +1.003376419e+000 +1.003376419e+000 -5.454966236e+002 -5.454966236e+002 -2.2232e+000 +2.0625e+000 +6.5689e-001
436 +9.902991971e-001 +9.902991971e-001 -5.455097008e+002 -5.455097008e+002 -2.2213e+000 +2.0774e+000 +6.5181e-001
486 +9.638457059e-001 +9.638457059e-001 -5.455361543e+002 -5.455361543e+002 -2.1432e+000 +2.0977e+000 +6.5673e-001
498 +9.455148446e-001 +9.455148446e-001 -5.455544852e+002 -5.455544852e+002 -2.1951e+000 +2.0867e+000 +6.5380e-001
502 +9.208070957e-001 +9.208070957e-001 -5.455791929e+002 -5.455791929e+002 -2.1985e+000 +2.0765e+000 +6.5457e-001
507 +8.632928139e-001 +8.632928139e-001 -5.456367072e+002 -5.456367072e+002 -2.1783e+000 +2.0866e+000 +6.4881e-001
512 +8.377586288e-001 +8.377586288e-001 -5.456622414e+002 -5.456622414e+002 -2.1591e+000 +2.0721e+000 +6.5282e-001
529 +8.046869257e-001 +8.046869257e-001 -5.456953131e+002 -5.456953131e+002 -2.1096e+000 +2.0860e+000 +6.5306e-001
563 +7.920594519e-001 +7.920594519e-001 -5.457079405e+002 -5.457079405e+002 -2.1118e+000 +2.0799e+000 +6.5220e-001
618 +7.759387141e-001 +7.759387141e-001 -5.457240613e+002 -5.457240613e+002 -2.1173e+000 +2.0875e+000 +6.5022e-001
% function evaluation | noise-free fitness - Fopt (1.000000000000e+003) | best noise-free fitness - Fopt | measured fitness | best measured fitness | x1 | x2...
1 +5.523931782e+003 +5.523931782e+003 +6.523931782e+003 +6.523931782e+003 +0.0000e+000 +0.0000e+000 +0.0000e+000
152 +5.178389258e+003 +5.178389258e+003 +6.178389258e+003 +6.178389258e+003 +3.2574e-002 -1.3311e+000 -6.7695e-001
168 +3.926014253e+003 +3.926014253e+003 +4.926014253e+003 +4.926014253e+003 -1.2607e-001 -1.7501e+000 -2.7916e+000
176 +3.527005081e+003 +3.527005081e+003 +4.527005081e+003 +4.527005081e+003 -8.5313e-001 -1.8398e+000 -2.2849e+000
185 +2.640009001e+003 +2.640009001e+003 +3.640009001e+003 +3.640009001e+003 -1.6519e+000 -1.8145e+000 -2.2390e+000
205 +2.463457533e+003 +2.463457533e+003 +3.463457533e+003 +3.463457533e+003 -1.8388e+000 -1.8125e+000 -2.5445e+000
207 +1.350261685e+003 +1.350261685e+003 +2.350261685e+003 +2.350261685e+003 -3.5102e+000 -1.6960e+000 -3.2103e+000
225 +4.513555089e+002 +4.513555089e+002 +1.451355509e+003 +1.451355509e+003 -3.3439e+000 -1.1549e+000 -2.6128e+000
229 +3.987318992e+002 +3.987318992e+002 +1.398731899e+003 +1.398731899e+003 -3.2162e+000 +5.0746e-001 -2.8471e+000
232 +1.232107620e+002 +1.232107620e+002 +1.123210762e+003 +1.123210762e+003 -3.0427e+000 -7.2403e-001 -2.6419e+000
242 +3.935586409e+000 +3.935586409e+000 +1.003935586e+003 +1.003935586e+003 -7.5337e-001 +6.0899e-001 -2.5418e+000
257 +1.318215105e+000 +1.318215105e+000 +1.001318215e+003 +1.001318215e+003 -1.8892e+000 +1.2536e-001 -2.6367e+000
284 +1.143341071e+000 +1.143341071e+000 +1.001143341e+003 +1.001143341e+003 -2.0775e+000 +5.3184e-001 -2.5126e+000
419 +7.926387954e-001 +7.926387954e-001 +1.000792639e+003 +1.000792639e+003 -2.0874e+000 -1.2942e-002 -2.6359e+000
459 +6.396907287e-001 +6.396907287e-001 +1.000639691e+003 +1.000639691e+003 -2.1861e+000 +5.5148e-002 -2.5888e+000
468 +5.181238786e-001 +5.181238786e-001 +1.000518124e+003 +1.000518124e+003 -2.1193e+000 +6.9800e-002 -2.6403e+000
474 +4.253650083e-001 +4.253650083e-001 +1.000425365e+003 +1.000425365e+003 -2.1007e+000 +7.9437e-002 -2.6239e+000
554 +4.144595430e-001 +4.144595430e-001 +1.000414460e+003 +1.000414460e+003 -2.1231e+000 +5.2628e-002 -2.6127e+000
564 +3.970269331e-001 +3.970269331e-001 +1.000397027e+003 +1.000397027e+003 -2.0971e+000 +7.5588e-002 -2.6101e+000
% function evaluation | noise-free fitness - Fopt (2.083800000000e+002) | best noise-free fitness - Fopt | measured fitness | best measured fitness | x1 | x2...
1 +5.523931782e+003 +5.523931782e+003 +5.732311782e+003 +5.732311782e+003 +0.0000e+000 +0.0000e+000 +0.0000e+000
65 +4.178353463e+003 +4.178353463e+003 +4.386733463e+003 +4.386733463e+003 -3.8996e+000 -6.2454e-001 +3.8333e+000
75 +3.885003717e+003 +3.885003717e+003 +4.093383717e+003 +4.093383717e+003 -3.9059e+000 +2.3088e-001 +3.5778e+000
77 +3.788408674e+003 +3.788408674e+003 +3.996788674e+003 +3.996788674e+003 -3.4379e+000 +9.3384e-002 +3.6597e+000
80 +2.970753374e+003 +2.970753374e+003 +3.179133374e+003 +3.179133374e+003 -3.9167e+000 -7.0720e-001 +3.6680e+000
85 +2.911201514e+003 +2.911201514e+003 +3.119581514e+003 +3.119581514e+003 -3.8617e+000 -3.6530e-001 +3.5833e+000
88 +2.795001850e+003 +2.795001850e+003 +3.003381850e+003 +3.003381850e+003 -3.3146e+000 +3.7988e-001 +3.4559e+000
94 +2.214071691e+003 +2.214071691e+003 +2.422451691e+003 +2.422451691e+003 -3.5021e+000 -6.9546e-001 +3.6020e+000
98 +1.905577001e+003 +1.905577001e+003 +2.113957001e+003 +2.113957001e+003 -3.8678e+000 -2.4511e-001 +3.3541e+000
101 +1.368717923e+003 +1.368717923e+003 +1.577097923e+003 +1.577097923e+003 -3.7028e+000 +1.4935e+000 +2.8267e+000
106 +9.059962963e+002 +9.059962963e+002 +1.114376296e+003 +1.114376296e+003 -3.3195e+000 -1.4956e+000 +2.4205e+000
108 +4.820733424e+002 +4.820733424e+002 +6.904533424e+002 +6.904533424e+002 -3.5957e+000 -5.8890e-001 +2.8104e+000
116 +3.730526806e+002 +3.730526806e+002 +5.814326806e+002 +5.814326806e+002 -3.4616e+000 -5.2449e-001 +2.6560e+000
117 +3.869251407e+001 +3.869251407e+001 +2.470725141e+002 +2.470725141e+002 -2.5580e+000 -3.9763e-001 +2.9405e+000
155 +3.560829395e+000 +3.560829395e+000 +2.119408294e+002 +2.119408294e+002 -2.3222e+000 +6.2755e-001 +1.9464e+000
177 +1.939191284e+000 +1.939191284e+000 +2.103191913e+002 +2.103191913e+002 -2.0189e+000 +1.1931e-001 +1.9449e+000
189 +1.860004634e+000 +1.860004634e+000 +2.102400046e+002 +2.102400046e+002 -1.8987e+000 +8.0082e-002 +2.2729e+000
196 +7.768407694e-001 +7.768407694e-001 +2.091568408e+002 +2.091568408e+002 -2.0446e+000 +1.6597e-001 +2.5860e+000
% function evaluation | noise-free fitness - Fopt (-1.449600000000e+002) | best noise-free fitness - Fopt | measured fitness | best measured fitness | x1 | x2...
1 +5.523931782e+003 +5.523931782e+003 +5.378971782e+003 +5.378971782e+003 +0.0000e+000 +0.0000e+000 +0.0000e+000
111 +3.156534246e+002 +3.156534246e+002 +1.706934246e+002 +1.706934246e+002 -3.0630e+000 -2.4683e+000 -1.8697e+000
127 +7.161718953e+000 +7.161718953e+000 -1.377982810e+002 -1.377982810e+002 -2.5579e+000 -9.0490e-001 -2.5290e+000
142 +4.525009247e+000 +4.525009247e+000 -1.404349908e+002 -1.404349908e+002 -2.3907e+000 -1.6667e+000 -1.9113e+000
150 +2.635072864e+000 +2.635072864e+000 -1.423249271e+002 -1.423249271e+002 -2.0823e+000 -5.4560e-001 -1.4510e+000
155 +1.872962060e+000 +1.872962060e+000 -1.430870379e+002 -1.430870379e+002 -2.0650e+000 -9.0503e-001 -1.2433e+000
204 +1.810415621e+000 +1.810415621e+000 -1.431495844e+002 -1.431495844e+002 -2.0026e+000 -1.9636e+000 -1.0134e+000
220 +1.682770730e+000 +1.682770730e+000 -1.432772293e+002 -1.432772293e+002 -2.2182e+000 -2.0824e+000 -1.3723e+000
240 +1.580644658e+000 +1.580644658e+000 -1.433793553e+002 -1.433793553e+002 -2.3367e+000 -2.0438e+000 -1.7640e+000
291 +1.271556975e+000 +1.271556975e+000 -1.436884430e+002 -1.436884430e+002 -2.1575e+000 -2.0943e+000 -1.7043e+000
299 +3.739846517e-001 +3.739846517e-001 -1.445860153e+002 -1.445860153e+002 -2.1990e+000 -2.1471e+000 -2.0956e+000
309 +1.997522964e-001 +1.997522964e-001 -1.447602477e+002 -1.447602477e+002 -2.1805e+000 -2.0631e+000 -2.1366e+000
391 +1.143802099e-001 +1.143802099e-001 -1.448456198e+002 -1.448456198e+002 -2.1166e+000 -2.1385e+000 -2.1120e+000
416 +9.531075812e-002 +9.531075812e-002 -1.448646892e+002 -1.448646892e+002 -2.1584e+000 -2.0857e+000 -2.0931e+000
442 +5.556073272e-002 +5.556073272e-002 -1.449044393e+002 -1.449044393e+002 -2.1559e+000 -2.0913e+000 -2.1166e+000
461 +2.608187933e-002 +2.608187933e-002 -1.449339181e+002 -1.449339181e+002 -2.1393e+000 -2.0874e+000 -2.1127e+000
467 +4.073758946e-003 +4.073758946e-003 -1.449559262e+002 -1.449559262e+002 -2.1134e+000 -2.0961e+000 -2.1052e+000
499 +3.030978452e-003 +3.030978452e-003 -1.449569690e+002 -1.449569690e+002 -2.1092e+000 -2.1008e+000 -2.1022e+000
519 +1.146216691e-003 +1.146216691e-003 -1.449588538e+002 -1.449588538e+002 -2.1088e+000 -2.1022e+000 -2.1034e+000
527 +8.343902532e-004 +8.343902532e-004 -1.449591656e+002 -1.449591656e+002 -2.1010e+000 -2.1040e+000 -2.1035e+000
547 +6.042124920e-004 +6.042124920e-004 -1.449593958e+002 -1.449593958e+002 -2.1103e+000 -2.1039e+000 -2.1058e+000
548 +4.118455841e-004 +4.118455841e-004 -1.449595882e+002 -1.449595882e+002 -2.1055e+000 -2.1035e+000 -2.1038e+000
553 +3.455804402e-004 +3.455804402e-004 -1.449596544e+002 -1.449596544e+002 -2.1042e+000 -2.1042e+000 -2.1036e+000
562 +2.418155804e-004 +2.418155804e-004 -1.449597582e+002 -1.449597582e+002 -2.1033e+000 -2.1060e+000 -2.1035e+000
591 +1.998968279e-004 +1.998968279e-004 -1.449598001e+002 -1.449598001e+002 -2.1032e+000 -2.1059e+000 -2.1037e+000
613 +1.708430880e-004 +1.708430880e-004 -1.449598292e+002 -1.449598292e+002 -2.1042e+000 -2.1060e+000 -2.1037e+000
616 +1.690543328e-004 +1.690543328e-004 -1.449598309e+002 -1.449598309e+002 -2.1042e+000 -2.1059e+000 -2.1037e+000
623 +1.233754515e-004 +1.233754515e-004 -1.449598766e+002 -1.449598766e+002 -2.1042e+000 -2.1058e+000 -2.1039e+000
649 +1.190034330e-004 +1.190034330e-004 -1.449598810e+002 -1.449598810e+002 -2.1044e+000 -2.1049e+000 -2.1040e+000
650 +1.156169413e-004 +1.156169413e-004 -1.449598844e+002 -1.449598844e+002 -2.1042e+000 -2.1053e+000 -2.1039e+000
653 +7.431498915e-005 +7.431498915e-005 -1.449599257e+002 -1.449599257e+002 -2.1040e+000 -2.1056e+000 -2.1041e+000
664 +5.262999608e-005 +5.262999608e-005 -1.449599474e+002 -1.449599474e+002 -2.1044e+000 -2.1057e+000 -2.1043e+000
672 +3.868234037e-005 +3.868234037e-005 -1.449599613e+002 -1.449599613e+002 -2.1043e+000 -2.1054e+000 -2.1043e+000
680 +3.267072387e-005 +3.267072387e-005 -1.449599673e+002 -1.449599673e+002 -2.1043e+000 -2.1052e+000 -2.1044e+000
691 +2.942215798e-005 +2.942215798e-005 -1.449599706e+002 -1.449599706e+002 -2.1042e+000 -2.1054e+000 -2.1044e+000
692 +2.598325202e-005 +2.598325202e-005 -1.449599740e+002 -1.449599740e+002 -2.1043e+000 -2.1048e+000 -2.1045e+000
705 +2.487245811e-005 +2.487245811e-005 -1.449599751e+002 -1.449599751e+002 -2.1043e+000 -2.1054e+000 -2.1045e+000
707 +1.870089650e-005 +1.870089650e-005 -1.449599813e+002 -1.449599813e+002 -2.1044e+000 -2.1051e+000 -2.1045e+000
712 +1.622652951e-005 +1.622652951e-005 -1.449599838e+002 -1.449599838e+002 -2.1040e+000 -2.1052e+000 -2.1046e+000
716 +1.564339024e-005 +1.564339024e-005 -1.449599844e+002 -1.449599844e+002 -2.1044e+000 -2.1052e+000 -2.1045e+000
727 +1.386061106e-005 +1.386061106e-005 -1.449599861e+002 -1.449599861e+002 -2.1043e+000 -2.1050e+000 -2.1046e+000
729 +1.180234742e-005 +1.180234742e-005 -1.449599882e+002 -1.449599882e+002 -2.1043e+000 -2.1052e+000 -2.1046e+000
736 +7.941110994e-006 +7.941110994e-006 -1.449599921e+002 -1.449599921e+002 -2.1043e+000 -2.1052e+000 -2.1047e+000
741 +6.643606127e-006 +6.643606127e-006 -1.449599934e+002 -1.449599934e+002 -2.1047e+000 -2.1052e+000 -2.1047e+000
754 +6.358606925e-006 +6.358606925e-006 -1.449599936e+002 -1.449599936e+002 -2.1044e+000 -2.1052e+000 -2.1047e+000
760 +5.073125948e-006 +5.073125948e-006 -1.449599949e+002 -1.449599949e+002 -2.1045e+000 -2.1052e+000 -2.1047e+000
764 +4.747904768e-006 +4.747904768e-006 -1.449599953e+002 -1.449599953e+002 -2.1045e+000 -2.1052e+000 -2.1048e+000
767 +4.609178887e-006 +4.609178887e-006 -1.449599954e+002 -1.449599954e+002 -2.1045e+000 -2.1052e+000 -2.1047e+000
773 +3.164316183e-006 +3.164316183e-006 -1.449599968e+002 -1.449599968e+002 -2.1045e+000 -2.1051e+000 -2.1048e+000
845 +2.962183146e-006 +2.962183146e-006 -1.449599970e+002 -1.449599970e+002 -2.1046e+000 -2.1051e+000 -2.1047e+000
851 +2.927452698e-006 +2.927452698e-006 -1.449599971e+002 -1.449599971e+002 -2.1046e+000 -2.1051e+000 -2.1047e+000
856 +2.750772126e-006 +2.750772126e-006 -1.449599972e+002 -1.449599972e+002 -2.1046e+000 -2.1051e+000 -2.1048e+000
858 +1.207688712e-006 +1.207688712e-006 -1.449599988e+002 -1.449599988e+002 -2.1048e+000 -2.1049e+000 -2.1048e+000
901 +1.101244266e-006 +1.101244266e-006 -1.449599989e+002 -1.449599989e+002 -2.1048e+000 -2.1050e+000 -2.1048e+000
915 +9.505062053e-007 +9.505062053e-007 -1.449599990e+002 -1.449599990e+002 -2.1047e+000 -2.1049e+000 -2.1048e+000
927 +7.044049539e-007 +7.044049539e-007 -1.449599993e+002 -1.449599993e+002 -2.1047e+000 -2.1049e+000 -2.1048e+000
930 +4.000972353e-007 +4.000972353e-007 -1.449599996e+002 -1.449599996e+002 -2.1048e+000 -2.1049e+000 -2.1048e+000
947 +1.928780193e-007 +1.928780193e-007 -1.449599998e+002 -1.449599998e+002 -2.1048e+000 -2.1049e+000 -2.1048e+000
978 +1.176730677e-007 +1.176730677e-007 -1.449599999e+002 -1.449599999e+002 -2.1048e+000 -2.1049e+000 -2.1048e+000
1004 +8.629842796e-008 +8.629842796e-008 -1.449599999e+002 -1.449599999e+002 -2.1048e+000 -2.1049e+000 -2.1048e+000
1057 +7.690218240e-008 +7.690218240e-008 -1.449599999e+002 -1.449599999e+002 -2.1048e+000 -2.1049e+000 -2.1048e+000
1093 +7.068865671e-008 +7.068865671e-008 -1.449599999e+002 -1.449599999e+002 -2.1048e+000 -2.1049e+000 -2.1048e+000
1114 +4.652667940e-008 +4.652667940e-008 -1.449600000e+002 -1.449600000e+002 -2.1048e+000 -2.1049e+000 -2.1048e+000
1118 +4.314145485e-008 +4.314145485e-008 -1.449600000e+002 -1.449600000e+002 -2.1048e+000 -2.1049e+000 -2.1048e+000
1122 +2.346314432e-008 +2.346314432e-008 -1.449600000e+002 -1.449600000e+002 -2.1048e+000 -2.1048e+000 -2.1048e+000
1140 +9.723919447e-009 +9.723919447e-009 -1.449600000e+002 -1.449600000e+002 -2.1048e+000 -2.1049e+000 -2.1048e+000
% function evaluation | noise-free fitness - Fopt (-6.300000000000e+000) | best noise-free fitness - Fopt | measured fitness | best measured fitness | x1 | x2...
1 +5.523931782e+003 +5.523931782e+003 +5.517631782e+003 +5.517631782e+003 +0.0000e+000 +0.0000e+000 +0.0000e+000
2 +6.670939927e+002 +6.670939927e+002 +6.607939927e+002 +6.607939927e+002 +7.3840e-001 -3.3928e+000 -4.1268e-001
3 +6.350782751e+002 +6.350782751e+002 +6.287782751e+002 +6.287782751e+002 +7.3218e-001 -3.3768e+000 -4.1361e-001
8 +6.288837495e+002 +6.288837495e+002 +6.225837495e+002 +6.225837495e+002 +7.3510e-001 -3.3726e+000 -4.1005e-001
11 +5.604969715e+002 +5.604969715e+002 +5.541969715e+002 +5.541969715e+002 +7.3436e-001 -3.3335e+000 -4.0797e-001
15 +5.354799052e+002 +5.354799052e+002 +5.291799052e+002 +5.291799052e+002 +7.4776e-001 -3.3153e+000 -4.0428e-001
18 +5.216754905e+002 +5.216754905e+002 +5.153754905e+002 +5.153754905e+002 +7.4407e-001 -3.3076e+000 -4.2142e-001
32 +5.109579984e+002 +5.109579984e+002 +5.046579984e+002 +5.046579984e+002 +7.5430e-001 -3.2982e+000 -4.5472e-001
47 +4.777165588e+001 +4.777165588e+001 +4.147165588e+001 +4.147165588e+001 +7.4689e-001 -2.8357e+000 -4.2481e-001
80 +4.030602432e+001 +4.030602432e+001 +3.400602432e+001 +3.400602432e+001 +7.2355e-001 -2.8087e+000 -4.1753e-001
86 +3.413349154e+001 +3.413349154e+001 +2.783349154e+001 +2.783349154e+001 +7.3632e-001 -2.7833e+000 -4.2161e-001
112 +2.713503766e+001 +2.713503766e+001 +2.083503766e+001 +2.083503766e+001 +7.0771e-001 -2.5737e+000 -4.5213e-001
116 +6.847292150e+000 +6.847292150e+000 +5.472921503e-001 +5.472921503e-001 +7.0637e-001 -2.7043e+000 -1.0048e+000
118 +5.570010630e+000 +5.570010630e+000 -7.299893703e-001 -7.299893703e-001 +7.4581e-001 -2.6887e+000 -5.1683e-001
122 +3.475533595e+000 +3.475533595e+000 -2.824466405e+000 -2.824466405e+000 +7.0411e-001 -2.5363e+000 -1.3564e+000
131 +2.756829677e+000 +2.756829677e+000 -3.543170323e+000 -3.543170323e+000 +1.0501e+000 -2.4097e+000 -1.0705e+000
169 +1.851017570e+000 +1.851017570e+000 -4.448982430e+000 -4.448982430e+000 +9.9362e-001 -2.4175e+000 -1.7287e+000
227 +1.476283595e+000 +1.476283595e+000 -4.823716405e+000 -4.823716405e+000 +8.9307e-001 -2.3827e+000 -8.6985e-001
232 +1.420605944e+000 +1.420605944e+000 -4.879394056e+000 -4.879394056e+000 +8.9925e-001 -2.4424e+000 -8.6966e-001
246 +1.177371921e+000 +1.177371921e+000 -5.122628079e+000 -5.122628079e+000 +1.0249e+000 -2.4079e+000 -8.8599e-001
278 +1.169408219e+000 +1.169408219e+000 -5.130591781e+000 -5.130591781e+000 +9.6664e-001 -2.3982e+000 -8.8986e-001
302 +1.146254915e+000 +1.146254915e+000 -5.153745085e+000 -5.153745085e+000 +9.9534e-001 -2.3899e+000 -8.9907e-001
366 +1.121548727e+000 +1.121548727e+000 -5.178451273e+000 -5.178451273e+000 +1.0137e+000 -2.3793e+000 -8.8858e-001
% function evaluation | noise-free fitness - Fopt (2.796000000000e+001) | best noise-free fitness - Fopt | measured fitness | best measured fitness | x1 | x2...
1 +5.523931782e+003 +5.523931782e+003 +5.551891782e+003 +5.551891782e+003 +0.0000e+000 +0.0000e+000 +0.0000e+000
85 +4.384863720e+003 +4.384863720e+003 +4.412823720e+003 +4.412823720e+003 -2.3137e+000 -4.5963e-001 +3.9177e+000
91 +3.585100314e+003 +3.585100314e+003 +3.613060314e+003 +3.613060314e+003 -3.5600e+000 -1.1735e+000 +3.9159e+000
100 +3.449191338e+003 +3.449191338e+003 +3.477151338e+003 +3.477151338e+003 -2.8916e+000 -1.4931e+000 +3.9275e+000
135 +3.311868360e+003 +3.311868360e+003 +3.339828360e+003 +3.339828360e+003 -2.9492e+000 -1.7671e+000 +3.8637e+000
145 +3.043891035e+003 +3.043891035e+003 +3.071851035e+003 +3.071851035e+003 -2.7705e+000 -1.2309e+000 +3.8672e+000
162 +3.007654190e+003 +3.007654190e+003 +3.035614190e+003 +3.035614190e+003 -3.0184e+000 -1.4575e+000 +3.8606e+000
167 +2.582580014e+003 +2.582580014e+003 +2.610540014e+003 +2.610540014e+003 -3.1938e+000 -1.4754e+000 +3.7822e+000
203 +2.560922983e+003 +2.560922983e+003 +2.588882983e+003 +2.588882983e+003 -3.0269e+000 -1.4482e+000 +3.7815e+000
214 +1.750064912e+003 +1.750064912e+003 +1.778024912e+003 +1.778024912e+003 -3.0894e+000 -1.3197e+000 +3.6253e+000
227 +1.690843256e+003 +1.690843256e+003 +1.718803256e+003 +1.718803256e+003 -3.0941e+000 -1.2064e+000 +3.6181e+000
229 +1.358686655e+003 +1.358686655e+003 +1.386646655e+003 +1.386646655e+003 -3.0461e+000 -1.1693e+000 +3.5426e+000
242 +1.149122143e+003 +1.149122143e+003 +1.177082143e+003 +1.177082143e+003 -3.1047e+000 -1.2136e+000 +3.4801e+000
249 +4.073255788e+002 +4.073255788e+002 +4.352855788e+002 +4.352855788e+002 -3.1411e+000 -1.1773e+000 +2.5206e+000
259 +3.891238597e+002 +3.891238597e+002 +4.170838597e+002 +4.170838597e+002 -2.9792e+000 -1.1833e+000 +2.9088e+000
265 +3.854870486e+002 +3.854870486e+002 +4.134470486e+002 +4.134470486e+002 -3.0186e+000 -1.1762e+000 +2.2551e+000
272 +3.228695748e+002 +3.228695748e+002 +3.508295748e+002 +3.508295748e+002 -3.0293e+000 -1.1175e+000 +2.7265e+000
274 +1.898434991e+002 +1.898434991e+002 +2.178034991e+002 +2.178034991e+002 -2.9904e+000 -9.7202e-001 +2.2481e+000
294 +1.623520245e+002 +1.623520245e+002 +1.903120245e+002 +1.903120245e+002 -2.9838e+000 -9.3178e-001 +1.6631e+000
313 +1.589011594e+002 +1.589011594e+002 +1.868611594e+002 +1.868611594e+002 -2.7741e+000 -8.8693e-001 +1.2779e+000
317 +8.746259490e+001 +8.746259490e+001 +1.154225949e+002 +1.154225949e+002 -2.9065e+000 -8.0489e-001 +1.7126e+000
332 +7.685529300e+001 +7.685529300e+001 +1.048152930e+002 +1.048152930e+002 -2.9163e+000 -4.6030e-001 +2.8595e+000
333 +7.345799997e+001 +7.345799997e+001 +1.014180000e+002 +1.014180000e+002 -2.9089e+000 -3.2605e-001 +2.2791e+000
337 +5.517321236e+001 +5.517321236e+001 +8.313321236e+001 +8.313321236e+001 -2.8495e+000 -6.0705e-001 +1.9854e+000
338 +4.535219063e+001 +4.535219063e+001 +7.331219063e+001 +7.331219063e+001 -2.8135e+000 +4.8408e-001 +1.7107e+000
363 +3.333283513e+001 +3.333283513e+001 +6.129283513e+001 +6.129283513e+001 -2.7629e+000 -2.5295e-001 +1.4916e+000
364 +1.263711965e+001 +1.263711965e+001 +4.059711965e+001 +4.059711965e+001 -2.6356e+000 -9.0721e-002 +1.6450e+000
368 +1.137196532e+001 +1.137196532e+001 +3.933196532e+001 +3.933196532e+001 -2.6139e+000 -3.2769e-001 +1.2492e+000
377 +4.408668267e+000 +4.408668267e+000 +3.236866827e+001 +3.236866827e+001 -2.4440e+000 +3.3356e-001 +1.6785e+000
385 +3.988766645e+000 +3.988766645e+000 +3.194876664e+001 +3.194876664e+001 -1.6307e+000 +1.2609e-001 +1.1616e+000
392 +2.638469742e+000 +2.638469742e+000 +3.059846974e+001 +3.059846974e+001 -2.1178e+000 +1.1578e-001 +2.3728e+000
398 +1.786036803e+000 +1.786036803e+000 +2.974603680e+001 +2.974603680e+001 -2.0507e+000 +1.1144e-001 +1.7880e+000
447 +1.452273371e+000 +1.452273371e+000 +2.941227337e+001 +2.941227337e+001 -2.2690e+000 +7.6390e-002 +1.4943e+000
573 +1.156244309e+000 +1.156244309e+000 +2.911624431e+001 +2.911624431e+001 -2.0308e+000 +6.0407e-001 +2.4601e+000
577 +1.147562602e+000 +1.147562602e+000 +2.910756260e+001 +2.910756260e+001 -2.1228e+000 +6.2143e-001 +2.4793e+000
587 +1.092531441e+000 +1.092531441e+000 +2.905253144e+001 +2.905253144e+001 -2.1136e+000 +6.0181e-001 +2.4642e+000
592 +1.050060238e+000 +1.050060238e+000 +2.901006024e+001 +2.901006024e+001 -2.0932e+000 +6.0540e-001 +2.4858e+000
597 +8.459065158e-001 +8.459065158e-001 +2.880590652e+001 +2.880590652e+001 -2.0887e+000 +1.2775e-001 +2.5557e+000
% function evaluation | noise-free fitness - Fopt (-6.338000000000e+001) | best noise-free fitness - Fopt | measured fitness | best measured fitness | x1 | x2...
1 +5.523931782e+003 +5.523931782e+003 +5.460551782e+003 +5.460551782e+003 +0.0000e+000 +0.0000e+000 +0.0000e+000
62 +5.418967805e+003 +5.418967805e+003 +5.355587805e+003 +5.355587805e+003 +1.0961e+000 +4.6479e+000 +8.7395e-001
66 +5.307230324e+003 +5.307230324e+003 +5.243850324e+003 +5.243850324e+003 +1.0798e+000 +4.6308e+000 +1.5253e+000
67 +5.071607022e+003 +5.071607022e+003 +5.008227022e+003 +5.008227022e+003 +1.1012e+000 +4.5790e+000 +1.6264e+000
78 +4.701068935e+003 +4.701068935e+003 +4.637688935e+003 +4.637688935e+003 +1.1089e+000 +4.3641e+000 +2.0706e+000
79 +4.522191144e+003 +4.522191144e+003 +4.458811144e+003 +4.458811144e+003 +1.0948e+000 +4.4702e+000 +1.5267e+000
81 +4.156676243e+003 +4.156676243e+003 +4.093296243e+003 +4.093296243e+003 +1.0888e+000 +4.3938e+000 +1.4644e+000
83 +3.961747888e+003 +3.961747888e+003 +3.898367888e+003 +3.898367888e+003 +1.0955e+000 +4.3490e+000 +1.2712e+000
93 +3.833377276e+003 +3.833377276e+003 +3.769997276e+003 +3.769997276e+003 +1.0746e+000 +4.3255e+000 +6.6418e-001
95 +3.388963681e+003 +3.388963681e+003 +3.325583681e+003 +3.325583681e+003 +1.0739e+000 +4.2217e+000 +1.0323e+000
117 +3.352734879e+003 +3.352734879e+003 +3.289354879e+003 +3.289354879e+003 +1.0848e+000 +4.2100e+000 +1.1089e+000
118 +1.678562066e+003 +1.678562066e+003 +1.615182066e+003 +1.615182066e+003 +1.1049e+000 +3.7265e+000 +4.3186e-001
136 +3.898620899e+002 +3.898620899e+002 +3.264820899e+002 +3.264820899e+002 +1.0591e+000 +3.1426e+000 +1.0549e+000
137 +8.066130912e+001 +8.066130912e+001 +1.728130912e+001 +1.728130912e+001 +1.0006e+000 +2.8485e+000 +7.2111e-001
154 +5.533751914e+001 +5.533751914e+001 -8.042480860e+000 -8.042480860e+000 +1.2429e+000 +2.7379e+000 +6.6335e-001
157 +4.369237825e+000 +4.369237825e+000 -5.901076218e+001 -5.901076218e+001 +1.4069e+000 +2.3192e+000 +1.0599e+000
163 +3.790111870e+000 +3.790111870e+000 -5.958988813e+001 -5.958988813e+001 +1.1669e+000 +1.8243e+000 +1.1285e+000
172 +2.622191586e+000 +2.622191586e+000 -6.075780841e+001 -6.075780841e+001 +1.0913e+000 +2.3483e+000 +1.5780e+000
184 +2.470537166e+000 +2.470537166e+000 -6.090946283e+001 -6.090946283e+001 +9.2438e-001 +1.8177e+000 +1.8592e+000
204 +2.088240202e+000 +2.088240202e+000 -6.129175980e+001 -6.129175980e+001 +9.4682e-001 +2.3237e+000 +1.6623e+000
230 +1.291976920e+000 +1.291976920e+000 -6.208802308e+001 -6.208802308e+001 +9.7878e-001 +2.3912e+000 +1.9741e+000
% function evaluation | noise-free fitness - Fopt (-1.337200000000e+002) | best noise-free fitness - Fopt | measured fitness | best measured fitness | x1 | x2...
1 +5.523931782e+003 +5.523931782e+003 +5.390211782e+003 +5.390211782e+003 +0.0000e+000 +0.0000e+000 +0.0000e+000
378 +4.747976400e+003 +4.747976400e+003 +4.614256400e+003 +4.614256400e+003 +3.3510e+000 -1.7655e+000 +4.1019e+000
488 +4.629417383e+003 +4.629417383e+003 +4.495697383e+003 +4.495697383e+003 +3.3831e+000 -1.5865e+000 +4.0939e+000
490 +4.544411919e+003 +4.544411919e+003 +4.410691919e+003 +4.410691919e+003 +3.3030e+000 -1.5777e+000 +4.0845e+000
501 +3.588219402e+003 +3.588219402e+003 +3.454499402e+003 +3.454499402e+003 +3.0508e+000 -1.5167e+000 +3.9510e+000
517 +3.513690909e+003 +3.513690909e+003 +3.379970909e+003 +3.379970909e+003 +3.1602e+000 -1.1074e+000 +3.9239e+000
530 +3.237622368e+003 +3.237622368e+003 +3.103902368e+003 +3.103902368e+003 +2.9060e+000 -1.3864e+000 +3.8999e+000
536 +4.173304482e+002 +4.173304482e+002 +2.836104482e+002 +2.836104482e+002 +2.4116e+000 -1.1322e+000 +2.8932e+000
564 +2.939072907e+002 +2.939072907e+002 +1.601872907e+002 +1.601872907e+002 +2.5829e+000 -1.0793e+000 +2.9308e+000
569 +1.510715757e+002 +1.510715757e+002 +1.735157570e+001 +1.735157570e+001 +2.9762e+000 -9.1345e-001 +2.3643e+000
577 +1.834968192e+001 +1.834968192e+001 -1.153703181e+002 -1.153703181e+002 +2.6729e+000 -6.6871e-001 +2.4833e+000
587 +6.026270684e+000 +6.026270684e+000 -1.276937293e+002 -1.276937293e+002 +1.6127e+000 -2.2050e-001 +2.2744e+000
595 +4.736549974e+000 +4.736549974e+000 -1.289834500e+002 -1.289834500e+002 +1.1708e+000 -7.3391e-002 +2.2672e+000
602 +4.608432199e+000 +4.608432199e+000 -1.291115678e+002 -1.291115678e+002 +4.0280e-001 +6.0305e-003 +2.5107e+000
603 +4.227943445e+000 +4.227943445e+000 -1.294920566e+002 -1.294920566e+002 +1.0930e+000 -1.0853e-001 +1.7673e+000
606 +3.931494007e+000 +3.931494007e+000 -1.297885060e+002 -1.297885060e+002 +3.0090e-001 +4.4828e-002 +2.3117e+000
610 +3.113270877e+000 +3.113270877e+000 -1.306067291e+002 -1.306067291e+002 +3.6267e-001 +1.0301e+000 +1.2869e+000
666 +2.882284514e+000 +2.882284514e+000 -1.308377155e+002 -1.308377155e+002 +1.1717e+000 +2.6215e-001 +1.6575e+000
678 +2.443320675e+000 +2.443320675e+000 -1.312766793e+002 -1.312766793e+002 +6.4066e-001 +3.7168e-001 +2.5254e+000
825 +2.335926815e+000 +2.335926815e+000 -1.313840732e+002 -1.313840732e+002 +8.6372e-001 +3.3240e-001 +2.1966e+000
836 +2.253523133e+000 +2.253523133e+000 -1.314664769e+002 -1.314664769e+002 +9.0964e-001 +3.5478e-001 +2.2348e+000
847 +2.100411451e+000 +2.100411451e+000 -1.316195885e+002 -1.316195885e+002 +9.1949e-001 +3.2377e-001 +2.2086e+000
856 +1.852344015e+000 +1.852344015e+000 -1.318676560e+002 -1.318676560e+002 +1.0361e+000 +3.3264e-001 +2.2092e+000
897 +1.461956509e+000 +1.461956509e+000 -1.322580435e+002 -1.322580435e+002 +1.0290e+000 +3.2858e-001 +2.5942e+000
967 +1.259443247e+000 +1.259443247e+000 -1.324605568e+002 -1.324605568e+002 +9.7875e-001 +3.1202e-001 +2.5660e+000
991 +1.176723784e+000 +1.176723784e+000 -1.325432762e+002 -1.325432762e+002 +1.0026e+000 +3.5371e-001 +2.5600e+000
1057 +1.158801132e+000 +1.158801132e+000 -1.325611989e+002 -1.325611989e+002 +9.9298e-001 +3.2543e-001 +2.5487e+000
1071 +1.133625577e+000 +1.133625577e+000 -1.325863744e+002 -1.325863744e+002 +9.9302e-001 +3.5180e-001 +2.5389e+000
1135 +1.121204526e+000 +1.121204526e+000 -1.325987955e+002 -1.325987955e+002 +1.0163e+000 +3.3933e-001 +2.5496e+000
% function evaluation | noise-free fitness - Fopt (-4.039900000000e+002) | best noise-free fitness - Fopt | measured fitness | best measured fitness | x1 | x2...
1 +5.523931782e+003 +5.523931782e+003 +5.119941782e+003 +5.119941782e+003 +0.0000e+000 +0.0000e+000 +0.0000e+000
81 +9.986607686e+002 +9.986607686e+002 +5.946707686e+002 +5.946707686e+002 -2.4231e+000 +2.3965e-001 +1.7661e+000
85 +4.937507258e+002 +4.937507258e+002 +8.976072578e+001 +8.976072578e+001 -2.6091e+000 -7.4833e-002 +1.4486e+000
101 +3.967354943e+002 +3.967354943e+002 -7.254505694e+000 -7.254505694e+000 -2.3887e+000 -1.7076e-001 +2.8813e+000
107 +1.077471378e+002 +1.077471378e+002 -2.962428622e+002 -2.962428622e+002 -2.3125e+000 -3.3225e-001 +1.4591e+000
119 +1.019060829e+002 +1.019060829e+002 -3.020839171e+002 -3.020839171e+002 -2.4329e+000 -3.7076e-001 +1.5778e+000
126 +5.790236907e+001 +5.790236907e+001 -3.460876309e+002 -3.460876309e+002 -2.8213e+000 -6.3448e-001 +1.7868e+000
141 +5.704365315e+000 +5.704365315e+000 -3.982856347e+002 -3.982856347e+002 -5.2689e-002 -2.0420e-001 +2.1204e+000
144 +4.287221465e+000 +4.287221465e+000 -3.997027785e+002 -3.997027785e+002 -2.3039e+000 -1.2223e+000 +1.5487e+000
155 +2.410110127e+000 +2.410110127e+000 -4.015798899e+002 -4.015798899e+002 -1.3836e+000 -1.4241e+000 +1.9202e+000
172 +1.885636769e+000 +1.885636769e+000 -4.021043632e+002 -4.021043632e+002 +1.0335e+000 -2.4296e+000 +1.6389e+000
349 +1.766070070e+000 +1.766070070e+000 -4.022239299e+002 -4.022239299e+002 +1.9778e+000 -2.0363e+000 +1.2469e+000
800 +1.570901353e+000 +1.570901353e+000 -4.024190986e+002 -4.024190986e+002 -1.3657e+000 -1.0315e+000 +2.3852e+000
% function evaluation | noise-free fitness - Fopt (1.000000000000e+003) | best noise-free fitness - Fopt | measured fitness | best measured fitness | x1 | x2...
1 +5.523931782e+003 +5.523931782e+003 +6.523931782e+003 +6.523931782e+003 +0.0000e+000 +0.0000e+000 +0.0000e+000
61 +4.827139561e+003 +4.827139561e+003 +5.827139561e+003 +5.827139561e+003 -3.5296e+000 -4.4218e-001 -5.7168e-001
68 +4.182374990e+003 +4.182374990e+003 +5.182374990e+003 +5.182374990e+003 -4.1519e+000 -3.7611e-001 -9.5111e-001
76 +3.675422377e+003 +3.675422377e+003 +4.675422377e+003 +4.675422377e+003 -4.2870e+000 -2.6296e-001 -2.2532e+000
80 +3.222804284e+003 +3.222804284e+003 +4.222804284e+003 +4.222804284e+003 -3.9958e+000 -3.1483e-001 -1.2353e+000
81 +3.013965885e+003 +3.013965885e+003 +4.013965885e+003 +4.013965885e+003 -4.0116e+000 -2.4287e-001 -1.3244e+000
93 +2.826703819e+003 +2.826703819e+003 +3.826703819e+003 +3.826703819e+003 -3.8436e+000 -2.8617e-001 -2.2833e+000
105 +2.454153746e+003 +2.454153746e+003 +3.454153746e+003 +3.454153746e+003 -3.5500e+000 -3.3118e-001 -1.6309e+000
113 +1.857349301e+003 +1.857349301e+003 +2.857349301e+003 +2.857349301e+003 -3.1297e+000 -3.3448e-001 -2.0468e+000
123 +1.780010519e+003 +1.780010519e+003 +2.780010519e+003 +2.780010519e+003 -3.4221e+000 -1.6876e-001 -1.8193e+000
127 +1.531602349e+003 +1.531602349e+003 +2.531602349e+003 +2.531602349e+003 -3.2960e+000 -1.3872e-001 -2.2871e+000
130 +1.477388324e+003 +1.477388324e+003 +2.477388324e+003 +2.477388324e+003 -3.0367e+000 -2.3674e-001 -1.8958e+000
137 +1.328207371e+003 +1.328207371e+003 +2.328207371e+003 +2.328207371e+003 -3.1885e+000 -1.0897e-001 -1.9551e+000
139 +4.613933399e+002 +4.613933399e+002 +1.461393340e+003 +1.461393340e+003 -2.1984e+000 -7.7993e-003 -2.0642e+000
140 +4.056824279e+002 +4.056824279e+002 +1.405682428e+003 +1.405682428e+003 -1.2413e-001 -4.8907e-001 -1.8171e+000
153 +1.483390829e+002 +1.483390829e+002 +1.148339083e+003 +1.148339083e+003 -1.8706e+000 +1.7204e-001 -2.1526e+000
156 +2.136263912e+001 +2.136263912e+001 +1.021362639e+003 +1.021362639e+003 +6.3492e-001 -2.4025e-001 -2.3333e+000
159 +4.385409252e+000 +4.385409252e+000 +1.004385409e+003 +1.004385409e+003 +2.4690e+000 -1.8854e-001 -1.8086e+000
173 +2.021802974e+000 +2.021802974e+000 +1.002021803e+003 +1.002021803e+003 +2.1960e+000 +1.1101e-001 -1.6967e+000
468 +1.788595767e+000 +1.788595767e+000 +1.001788596e+003 +1.001788596e+003 -6.7046e-001 +7.6182e-001 -2.4883e+000
470 +1.705201623e+000 +1.705201623e+000 +1.001705202e+003 +1.001705202e+003 -6.3493e-001 +7.6199e-001 -2.4847e+000
485 +1.544808103e+000 +1.544808103e+000 +1.001544808e+003 +1.001544808e+003 -6.4187e-001 +7.6046e-001 -2.4717e+000
574 +1.410563824e+000 +1.410563824e+000 +1.001410564e+003 +1.001410564e+003 -6.4792e-001 +7.7471e-001 -2.4431e+000
% function evaluation | noise-free fitness - Fopt (1.005700000000e+002) | best noise-free fitness - Fopt | measured fitness | best measured fitness | x1 | x2...
1 +5.523931782e+003 +5.523931782e+003 +5.624501782e+003 +5.624501782e+003 +0.0000e+000 +0.0000e+000 +0.0000e+000
69 +4.477565940e+003 +4.477565940e+003 +4.578135940e+003 +4.578135940e+003 +1.3365e+000 -3.8308e+000 -5.4045e-001
77 +3.840117511e+003 +3.840117511e+003 +3.940687511e+003 +3.940687511e+003 +1.3198e+000 -3.8309e+000 -4.2986e-001
83 +2.550983362e+003 +2.550983362e+003 +2.651553362e+003 +2.651553362e+003 +1.3123e+000 -3.8309e+000 -9.3700e-002
84 +2.406676470e+003 +2.406676470e+003 +2.507246470e+003 +2.507246470e+003 +1.6040e+000 -3.8302e+000 +4.4379e-001
94 +2.126395990e+003 +2.126395990e+003 +2.226965990e+003 +2.226965990e+003 +1.2656e+000 -3.8315e+000 +6.7016e-001
108 +1.920464554e+003 +1.920464554e+003 +2.021034554e+003 +2.021034554e+003 +1.0117e+000 -3.8305e+000 +7.1965e-001
129 +1.208198143e+003 +1.208198143e+003 +1.308768143e+003 +1.308768143e+003 -1.1285e-002 -3.8309e+000 +1.3959e+000
135 +1.063915388e+003 +1.063915388e+003 +1.164485388e+003 +1.164485388e+003 -2.6075e-001 -3.8326e+000 +3.4426e-001
147 +6.586219974e+002 +6.586219974e+002 +7.591919974e+002 +7.591919974e+002 -1.0320e+000 -3.8316e+000 +5.6710e-001
152 +6.423407135e+002 +6.423407135e+002 +7.429107135e+002 +7.429107135e+002 -1.0778e+000 -3.8332e+000 +2.9040e-001
158 +5.241149154e+002 +5.241149154e+002 +6.246849154e+002 +6.246849154e+002 -1.3484e+000 -3.8328e+000 +1.4575e+000
165 +1.741350446e+002 +1.741350446e+002 +2.747050446e+002 +2.747050446e+002 -3.0111e+000 -3.8316e+000 +2.6799e-001
182 +1.604475117e+002 +1.604475117e+002 +2.610175117e+002 +2.610175117e+002 -2.9519e+000 -3.8330e+000 +6.5760e-001
198 +1.568954577e+002 +1.568954577e+002 +2.574654577e+002 +2.574654577e+002 -2.5369e+000 -3.8347e+000 +7.4300e-001
201 +1.479688820e+002 +1.479688820e+002 +2.485388820e+002 +2.485388820e+002 -2.5891e+000 -3.8342e+000 +6.4603e-001
216 +1.412086765e+002 +1.412086765e+002 +2.417786765e+002 +2.417786765e+002 -2.8248e+000 -3.8343e+000 +1.5768e+000
246 +1.378243464e+002 +1.378243464e+002 +2.383943464e+002 +2.383943464e+002 -2.7175e+000 -3.8344e+000 +1.4182e+000
520 +1.345478696e+002 +1.345478696e+002 +2.351178696e+002 +2.351178696e+002 -2.7364e+000 -3.8308e+000 +1.2679e+000
533 +1.317797749e+002 +1.317797749e+002 +2.323497749e+002 +2.323497749e+002 -2.7273e+000 -3.8271e+000 +1.2751e+000
576 +1.264582305e+002 +1.264582305e+002 +2.270282305e+002 +2.270282305e+002 -2.7732e+000 -3.8174e+000 +8.9338e-001
581 +1.251042646e+002 +1.251042646e+002 +2.256742646e+002 +2.256742646e+002 -2.7428e+000 -3.8169e+000 +1.1725e+000
596 +1.225376202e+002 +1.225376202e+002 +2.231076202e+002 +2.231076202e+002 -2.6785e+000 -3.8128e+000 +1.2728e+000
602 +1.174473376e+002 +1.174473376e+002 +2.180173376e+002 +2.180173376e+002 -2.7076e+000 -3.8059e+000 +1.2308e+000
604 +1.105148230e+002 +1.105148230e+002 +2.110848230e+002 +2.110848230e+002 -2.7345e+000 -3.7955e+000 +8.8478e-001
606 +1.090397731e+002 +1.090397731e+002 +2.096097731e+002 +2.096097731e+002 -2.6491e+000 -3.7916e+000 +1.2806e+000
622 +1.058311935e+002 +1.058311935e+002 +2.064011935e+002 +2.064011935e+002 -2.6900e+000 -3.7889e+000 +9.9021e-001
625 +9.444044612e+001 +9.444044612e+001 +1.950104461e+002 +1.950104461e+002 -2.6559e+000 -3.7716e+000 +1.6585e+000
632 +8.920973775e+001 +8.920973775e+001 +1.897797378e+002 +1.897797378e+002 -2.6706e+000 -3.7634e+000 +5.6350e-001
635 +8.527592076e+001 +8.527592076e+001 +1.858459208e+002 +1.858459208e+002 -2.6699e+000 -3.7552e+000 +1.0212e+000
638 +6.954636336e+001 +6.954636336e+001 +1.701163634e+002 +1.701163634e+002 -2.6086e+000 -3.7234e+000 +7.7478e-001
647 +6.715731612e+001 +6.715731612e+001 +1.677273161e+002 +1.677273161e+002 -2.6664e+000 -3.7216e+000 +9.3395e-001
649 +2.354660471e+001 +2.354660471e+001 +1.241166047e+002 +1.241166047e+002 -2.6906e+000 -3.5837e+000 +1.5427e+000
666 +1.916176347e+001 +1.916176347e+001 +1.197317635e+002 +1.197317635e+002 -2.6312e+000 -3.5927e+000 +8.6316e-001
667 +1.457529976e+001 +1.457529976e+001 +1.151452998e+002 +1.151452998e+002 -2.6718e+000 -3.4217e+000 +3.8539e-001
668 +9.355639867e+000 +9.355639867e+000 +1.099256399e+002 +1.099256399e+002 -2.6133e+000 -3.5092e+000 +1.5241e+000
676 +4.225841990e+000 +4.225841990e+000 +1.047958420e+002 +1.047958420e+002 -2.5086e+000 -3.4521e+000 +7.4215e-001
693 +3.107201104e+000 +3.107201104e+000 +1.036772011e+002 +1.036772011e+002 -2.5253e+000 -3.1481e+000 +9.1308e-001
702 +2.328462691e+000 +2.328462691e+000 +1.028984627e+002 +1.028984627e+002 -2.5118e+000 -3.2999e+000 +1.2885e+000
712 +1.795364653e+000 +1.795364653e+000 +1.023653647e+002 +1.023653647e+002 -2.5175e+000 -3.2676e+000 +9.5980e-001
728 +1.256061562e+000 +1.256061562e+000 +1.018260616e+002 +1.018260616e+002 -2.5305e+000 -3.3348e+000 +1.7818e+000
985 +8.872799164e-001 +8.872799164e-001 +1.014572799e+002 +1.014572799e+002 -2.5115e+000 -3.2459e+000 +1.8456e+000
1375 +8.256847751e-001 +8.256847751e-001 +1.013956848e+002 +1.013956848e+002 -2.5048e+000 -3.2515e+000 +1.8362e+000
1382 +7.807982641e-001 +7.807982641e-001 +1.013507983e+002 +1.013507983e+002 -2.5050e+000 -3.2703e+000 +1.8091e+000
1452 +7.760503957e-001 +7.760503957e-001 +1.013460504e+002 +1.013460504e+002 -2.5035e+000 -3.2541e+000 +1.8147e+000
% function evaluation | noise-free fitness - Fopt (1.149000000000e+001) | best noise-free fitness - Fopt | measured fitness | best measured fitness | x1 | x2...
1 +5.523931782e+003 +5.523931782e+003 +5.535421782e+003 +5.535421782e+003 +0.0000e+000 +0.0000e+000 +0.0000e+000
122 +5.173038688e+003 +5.173038688e+003 +5.184528688e+003 +5.184528688e+003 +3.7365e+000 +2.8796e+000 +4.6521e-001
146 +3.698494588e+003 +3.698494588e+003 +3.709984588e+003 +3.709984588e+003 +3.7600e+000 +2.3176e+000 +2.4899e-001
167 +1.301474431e+003 +1.301474431e+003 +1.312964431e+003 +1.312964431e+003 +3.8057e+000 +1.6688e+000 -3.6515e-001
168 +6.650428989e+002 +6.650428989e+002 +6.765328989e+002 +6.765328989e+002 +3.6836e+000 +1.9750e+000 -5.2261e-001
176 +5.985777603e+002 +5.985777603e+002 +6.100677603e+002 +6.100677603e+002 +3.7231e+000 +1.6776e+000 -2.1342e+000
190 +5.357400985e+002 +5.357400985e+002 +5.472300985e+002 +5.472300985e+002 +3.6554e+000 +7.6476e-001 -1.3845e+000
203 +3.045677095e+002 +3.045677095e+002 +3.160577095e+002 +3.160577095e+002 +3.3709e+000 +1.9396e+000 -2.1955e+000
215 +2.659032195e+002 +2.659032195e+002 +2.773932195e+002 +2.773932195e+002 +3.3107e+000 +1.3968e+000 -1.9309e+000
228 +2.329600043e+002 +2.329600043e+002 +2.444500043e+002 +2.444500043e+002 +3.2559e+000 +1.5092e+000 -1.5160e+000
245 +1.297303219e+002 +1.297303219e+002 +1.412203219e+002 +1.412203219e+002 +3.0567e+000 +9.4850e-001 -1.4135e+000
253 +1.117582264e+002 +1.117582264e+002 +1.232482264e+002 +1.232482264e+002 +2.6324e+000 -4.7911e-001 -1.1371e+000
258 +3.763872822e+001 +3.763872822e+001 +4.912872822e+001 +4.912872822e+001 +2.7848e+000 -1.2982e-002 -2.0669e+000
259 +2.135845164e+001 +2.135845164e+001 +3.284845164e+001 +3.284845164e+001 +2.6866e+000 -3.1383e-001 -2.5712e+000
263 +3.450918499e+000 +3.450918499e+000 +1.494091850e+001 +1.494091850e+001 +2.3778e+000 +5.5859e-001 -1.5922e+000
285 +2.981270367e+000 +2.981270367e+000 +1.447127037e+001 +1.447127037e+001 +1.7118e+000 +1.5767e-001 -1.4988e+000
288 +2.904638556e+000 +2.904638556e+000 +1.439463856e+001 +1.439463856e+001 +2.1513e+000 +4.7697e-001 -1.7607e+000
292 +2.462942913e+000 +2.462942913e+000 +1.395294291e+001 +1.395294291e+001 +2.1223e+000 +5.7636e-001 -1.6881e+000
336 +1.745858148e+000 +1.745858148e+000 +1.323585815e+001 +1.323585815e+001 +2.0887e+000 +5.8977e-001 -2.1505e+000
391 +9.104654218e-001 +9.104654218e-001 +1.240046542e+001 +1.240046542e+001 +2.0216e+000 +2.0967e+000 -1.7506e+000
688 +1.011131189e-001 +1.011131189e-001 +1.159111312e+001 +1.159111312e+001 +2.1701e+000 +2.0701e+000 -2.1219e+000
756 +5.792671616e-003 +5.792671616e-003 +1.149579267e+001 +1.149579267e+001 +2.1038e+000 +2.0953e+000 -2.1092e+000
797 +4.669480559e-003 +4.669480559e-003 +1.149466948e+001 +1.149466948e+001 +2.1127e+000 +2.1016e+000 -2.1102e+000
873 +3.372050852e-003 +3.372050852e-003 +1.149337205e+001 +1.149337205e+001 +2.1115e+000 +2.1017e+000 -2.1095e+000
906 +2.059324071e-003 +2.059324071e-003 +1.149205932e+001 +1.149205932e+001 +2.1085e+000 +2.1015e+000 -2.1087e+000
917 +1.390954832e-003 +1.390954832e-003 +1.149139095e+001 +1.149139095e+001 +2.1107e+000 +2.1010e+000 -2.1075e+000
925 +1.182229100e-003 +1.182229100e-003 +1.149118223e+001 +1.149118223e+001 +2.1095e+000 +2.1039e+000 -2.1073e+000
929 +9.258605511e-004 +9.258605511e-004 +1.149092586e+001 +1.149092586e+001 +2.1116e+000 +2.1018e+000 -2.1063e+000
934 +6.429164129e-004 +6.429164129e-004 +1.149064292e+001 +1.149064292e+001 +2.1104e+000 +2.1025e+000 -2.1061e+000
952 +4.350037342e-004 +4.350037342e-004 +1.149043500e+001 +1.149043500e+001 +2.1082e+000 +2.1040e+000 -2.1063e+000
1018 +3.763296897e-004 +3.763296897e-004 +1.149037633e+001 +1.149037633e+001 +2.1086e+000 +2.1023e+000 -2.1057e+000
1046 +2.628868967e-004 +2.628868967e-004 +1.149026289e+001 +1.149026289e+001 +2.1087e+000 +2.1034e+000 -2.1054e+000
1055 +1.410669321e-004 +1.410669321e-004 +1.149014107e+001 +1.149014107e+001 +2.1073e+000 +2.1036e+000 -2.1049e+000
1082 +7.656435112e-005 +7.656435112e-005 +1.149007656e+001 +1.149007656e+001 +2.1055e+000 +2.1046e+000 -2.1056e+000
1104 +6.640681841e-005 +6.640681841e-005 +1.149006641e+001 +1.149006641e+001 +2.1056e+000 +2.1039e+000 -2.1055e+000
1119 +6.141911014e-005 +6.141911014e-005 +1.149006142e+001 +1.149006142e+001 +2.1058e+000 +2.1043e+000 -2.1055e+000
1137 +5.981701933e-005 +5.981701933e-005 +1.149005982e+001 +1.149005982e+001 +2.1055e+000 +2.1040e+000 -2.1055e+000
1138 +5.849420359e-005 +5.849420359e-005 +1.149005849e+001 +1.149005849e+001 +2.1057e+000 +2.1041e+000 -2.1055e+000
1163 +5.419554364e-005 +5.419554364e-005 +1.149005420e+001 +1.149005420e+001 +2.1054e+000 +2.1042e+000 -2.1055e+000
1214 +4.891345801e-005 +4.891345801e-005 +1.149004891e+001 +1.149004891e+001 +2.1054e+000 +2.1041e+000 -2.1054e+000
1286 +4.755183311e-005 +4.755183311e-005 +1.149004755e+001 +1.149004755e+001 +2.1053e+000 +2.1044e+000 -2.1054e+000
1295 +4.502948259e-005 +4.502948259e-005 +1.149004503e+001 +1.149004503e+001 +2.1051e+000 +2.1044e+000 -2.1054e+000
1310 +1.158381688e-005 +1.158381688e-005 +1.149001158e+001 +1.149001158e+001 +2.1053e+000 +2.1047e+000 -2.1051e+000
1342 +6.296136407e-006 +6.296136407e-006 +1.149000630e+001 +1.149000630e+001 +2.1053e+000 +2.1049e+000 -2.1048e+000
1354 +3.777156783e-006 +3.777156783e-006 +1.149000378e+001 +1.149000378e+001 +2.1053e+000 +2.1047e+000 -2.1049e+000
1359 +3.706798191e-006 +3.706798191e-006 +1.149000371e+001 +1.149000371e+001 +2.1053e+000 +2.1047e+000 -2.1049e+000
1371 +7.456728692e-007 +7.456728692e-007 +1.149000075e+001 +1.149000075e+001 +2.1048e+000 +2.1049e+000 -2.1049e+000
1385 +5.568762074e-007 +5.568762074e-007 +1.149000056e+001 +1.149000056e+001 +2.1050e+000 +2.1047e+000 -2.1049e+000
1400 +3.815074834e-007 +3.815074834e-007 +1.149000038e+001 +1.149000038e+001 +2.1049e+000 +2.1048e+000 -2.1049e+000
1424 +3.284608745e-007 +3.284608745e-007 +1.149000033e+001 +1.149000033e+001 +2.1049e+000 +2.1049e+000 -2.1049e+000
1436 +2.754725656e-007 +2.754725656e-007 +1.149000028e+001 +1.149000028e+001 +2.1049e+000 +2.1048e+000 -2.1049e+000
1440 +5.782579393e-008 +5.782579393e-008 +1.149000006e+001 +1.149000006e+001 +2.1049e+000 +2.1048e+000 -2.1049e+000
1472 +2.119517539e-008 +2.119517539e-008 +1.149000002e+001 +1.149000002e+001 +2.1049e+000 +2.1049e+000 -2.1048e+000
1479 +4.615614557e-009 +4.615614557e-009 +1.149000000e+001 +1.149000000e+001 +2.1048e+000 +2.1048e+000 -2.1048e+000
% function evaluation | noise-free fitness - Fopt (7.731000000000e+001) | best noise-free fitness - Fopt | measured fitness | best measured fitness | x1 | x2...
1 +5.523931782e+003 +5.523931782e+003 +5.601241782e+003 +5.601241782e+003 +0.0000e+000 +0.0000e+000 +0.0000e+000
347 +4.312521310e+003 +4.312521310e+003 +4.389831310e+003 +4.389831310e+003 -1.3133e+000 -4.3708e+000 -1.0420e+000
374 +3.992670933e+003 +3.992670933e+003 +4.069980933e+003 +4.069980933e+003 -5.1348e-001 -4.3674e+000 -2.0454e+000
377 +2.545849807e+003 +2.545849807e+003 +2.623159807e+003 +2.623159807e+003 +3.8265e-001 -4.3667e+000 -1.6269e+000
378 +1.610190416e+003 +1.610190416e+003 +1.687500416e+003 +1.687500416e+003 +1.6389e+000 -4.3682e+000 -1.7833e+000
385 +8.947939028e+002 +8.947939028e+002 +9.721039028e+002 +9.721039028e+002 +3.4306e+000 -4.3668e+000 -1.0984e+000
429 +8.709044687e+002 +8.709044687e+002 +9.482144687e+002 +9.482144687e+002 +3.3255e+000 -4.3698e+000 -1.3633e+000
433 +8.372199995e+002 +8.372199995e+002 +9.145299995e+002 +9.145299995e+002 +3.1321e+000 -4.3663e+000 -1.3322e+000
558 +8.310984612e+002 +8.310984612e+002 +9.084084612e+002 +9.084084612e+002 +3.0969e+000 -4.3649e+000 -1.5487e+000
581 +7.867284964e+002 +7.867284964e+002 +8.640384964e+002 +8.640384964e+002 +3.0333e+000 -4.3409e+000 -1.5526e+000
602 +7.418308510e+002 +7.418308510e+002 +8.191408510e+002 +8.191408510e+002 +3.0597e+000 -4.3155e+000 -1.1265e+000
613 +7.168825996e+002 +7.168825996e+002 +7.941925996e+002 +7.941925996e+002 +2.8976e+000 -4.2965e+000 -1.2184e+000
619 +6.908660681e+002 +6.908660681e+002 +7.681760681e+002 +7.681760681e+002 +3.2071e+000 -4.2763e+000 -1.0925e+000
629 +6.658925890e+002 +6.658925890e+002 +7.432025890e+002 +7.432025890e+002 +2.9651e+000 -4.2713e+000 -1.2130e+000
631 +4.023898474e+002 +4.023898474e+002 +4.796998474e+002 +4.796998474e+002 +3.3000e+000 -4.0124e+000 -1.2952e+000
634 +1.379495301e+002 +1.379495301e+002 +2.152595301e+002 +2.152595301e+002 +2.5945e+000 -3.8241e+000 -1.3473e+000
647 +9.793168603e+001 +9.793168603e+001 +1.752416860e+002 +1.752416860e+002 +2.9877e+000 -3.5386e+000 -1.3265e+000
648 +7.802201736e+001 +7.802201736e+001 +1.553320174e+002 +1.553320174e+002 +2.9321e+000 -3.5851e+000 -9.9295e-001
666 +5.800720520e+001 +5.800720520e+001 +1.353172052e+002 +1.353172052e+002 +2.8753e+000 -3.4814e+000 -1.1987e+000
667 +5.125375483e+001 +5.125375483e+001 +1.285637548e+002 +1.285637548e+002 +2.8541e+000 -1.7789e+000 -1.0216e+000
683 +5.274468566e+000 +5.274468566e+000 +8.258446857e+001 +8.258446857e+001 +2.4526e+000 -8.3059e-001 -9.9558e-001
704 +4.618834784e+000 +4.618834784e+000 +8.192883478e+001 +8.192883478e+001 +2.4518e+000 -1.4069e+000 -1.7893e+000
706 +2.924948933e+000 +2.924948933e+000 +8.023494893e+001 +8.023494893e+001 +2.5076e+000 -1.7401e+000 -1.3007e+000
729 +2.525431527e+000 +2.525431527e+000 +7.983543153e+001 +7.983543153e+001 +1.5428e+000 -2.3907e+000 -1.3082e+000
787 +1.699991953e+000 +1.699991953e+000 +7.900999195e+001 +7.900999195e+001 +1.6911e+000 -1.0160e+000 -1.2417e+000
800 +1.691498755e+000 +1.691498755e+000 +7.900149875e+001 +7.900149875e+001 +1.4668e+000 -1.0368e+000 -1.2634e+000
822 +1.505908390e+000 +1.505908390e+000 +7.881590839e+001 +7.881590839e+001 +1.5932e+000 -9.4410e-001 -1.2298e+000
899 +1.436292229e+000 +1.436292229e+000 +7.874629223e+001 +7.874629223e+001 +1.5794e+000 -1.0483e+000 -1.2337e+000
907 +1.364798909e+000 +1.364798909e+000 +7.867479891e+001 +7.867479891e+001 +1.5922e+000 -1.0125e+000 -1.2154e+000
935 +1.334021706e+000 +1.334021706e+000 +7.864402171e+001 +7.864402171e+001 +1.6039e+000 -1.0111e+000 -1.2314e+000
938 +1.263080384e+000 +1.263080384e+000 +7.857308038e+001 +7.857308038e+001 +1.5427e+000 -1.0164e+000 -1.2287e+000
973 +1.221243874e+000 +1.221243874e+000 +7.853124387e+001 +7.853124387e+001 +1.5326e+000 -1.0021e+000 -1.2415e+000
1005 +1.199293066e+000 +1.199293066e+000 +7.850929307e+001 +7.850929307e+001 +1.5388e+000 -9.8786e-001 -1.2375e+000
% function evaluation | noise-free fitness - Fopt (3.207700000000e+002) | best noise-free fitness - Fopt | measured fitness | best measured fitness | x1 | x2...
1 +5.523931782e+003 +5.523931782e+003 +5.844701782e+003 +5.844701782e+003 +0.0000e+000 +0.0000e+000 +0.0000e+000
2 +3.734222962e+000 +3.734222962e+000 +3.245042230e+002 +3.245042230e+002 +1.1063e+000 -2.2596e+000 +1.1965e+000
8 +3.675226661e+000 +3.675226661e+000 +3.244452267e+002 +3.244452267e+002 +1.1067e+000 -2.2763e+000 +1.1984e+000
60 +3.625875227e+000 +3.625875227e+000 +3.243958752e+002 +3.243958752e+002 +1.1191e+000 -2.2861e+000 +1.1983e+000
62 +3.322767562e+000 +3.322767562e+000 +3.240927676e+002 +3.240927676e+002 +1.2044e+000 -2.2884e+000 +1.2028e+000
80 +2.993514312e+000 +2.993514312e+000 +3.237635143e+002 +3.237635143e+002 +1.2744e+000 -2.3055e+000 +1.2078e+000
89 +2.817238036e+000 +2.817238036e+000 +3.235872380e+002 +3.235872380e+002 +1.3079e+000 -2.3066e+000 +1.2006e+000
96 +2.706884526e+000 +2.706884526e+000 +3.234768845e+002 +3.234768845e+002 +1.3297e+000 -2.3104e+000 +1.1845e+000
112 +2.430206243e+000 +2.430206243e+000 +3.232002062e+002 +3.232002062e+002 +1.4831e+000 -2.3237e+000 +1.2099e+000
133 +2.353463864e+000 +2.353463864e+000 +3.231234639e+002 +3.231234639e+002 +1.4228e+000 -2.4226e+000 +1.1591e+000
139 +2.217473925e+000 +2.217473925e+000 +3.229874739e+002 +3.229874739e+002 +1.5446e+000 -2.3956e+000 +1.1925e+000
150 +2.174886614e+000 +2.174886614e+000 +3.229448866e+002 +3.229448866e+002 +1.5247e+000 -2.3746e+000 +1.1617e+000
163 +2.126953775e+000 +2.126953775e+000 +3.228969538e+002 +3.228969538e+002 +1.5253e+000 -2.3834e+000 +1.1703e+000
% function evaluation | noise-free fitness - Fopt (1.893000000000e+001) | best noise-free fitness - Fopt | measured fitness | best measured fitness | x1 | x2...
1 +5.523931782e+003 +5.523931782e+003 +5.542861782e+003 +5.542861782e+003 +0.0000e+000 +0.0000e+000 +0.0000e+000
2 +4.411285188e+000 +4.411285188e+000 +2.334128519e+001 +2.334128519e+001 -1.0278e+000 -2.7467e+000 -1.3353e+000
6 +3.786386713e+000 +3.786386713e+000 +2.271638671e+001 +2.271638671e+001 -1.0264e+000 -2.7956e+000 -1.3429e+000
32 +3.670436712e+000 +3.670436712e+000 +2.260043671e+001 +2.260043671e+001 -1.0232e+000 -2.7984e+000 -1.3571e+000
33 +3.461541241e+000 +3.461541241e+000 +2.239154124e+001 +2.239154124e+001 -1.0306e+000 -2.8332e+000 -1.3433e+000
35 +3.319203047e+000 +3.319203047e+000 +2.224920305e+001 +2.224920305e+001 -1.0308e+000 -2.8612e+000 -1.3410e+000
45 +3.303920643e+000 +3.303920643e+000 +2.223392064e+001 +2.223392064e+001 -1.0296e+000 -2.8627e+000 -1.3436e+000
68 +3.122749598e+000 +3.122749598e+000 +2.205274960e+001 +2.205274960e+001 -1.1373e+000 -2.8737e+000 -1.3568e+000
129 +2.931771461e+000 +2.931771461e+000 +2.186177146e+001 +2.186177146e+001 -1.1891e+000 -2.8795e+000 -1.3529e+000
145 +2.537329323e+000 +2.537329323e+000 +2.146732932e+001 +2.146732932e+001 -1.2546e+000 -2.9192e+000 -1.3529e+000
148 +2.254933308e+000 +2.254933308e+000 +2.118493331e+001 +2.118493331e+001 -1.3478e+000 -2.8984e+000 -1.3529e+000
159 +2.087349509e+000 +2.087349509e+000 +2.101734951e+001 +2.101734951e+001 -1.3563e+000 -2.9235e+000 -1.3481e+000
163 +2.024988943e+000 +2.024988943e+000 +2.095498894e+001 +2.095498894e+001 -1.4961e+000 -2.9117e+000 -1.3482e+000
168 +1.934207441e+000 +1.934207441e+000 +2.086420744e+001 +2.086420744e+001 -1.4086e+000 -2.9286e+000 -1.3490e+000
183 +1.881045415e+000 +1.881045415e+000 +2.081104541e+001 +2.081104541e+001 -1.4608e+000 -2.9278e+000 -1.3471e+000
192 +1.820044056e+000 +1.820044056e+000 +2.075004406e+001 +2.075004406e+001 -1.4247e+000 -2.9418e+000 -1.3398e+000
202 +1.790403006e+000 +1.790403006e+000 +2.072040301e+001 +2.072040301e+001 -1.4385e+000 -2.9482e+000 -1.3442e+000
226 +1.753217374e+000 +1.753217374e+000 +2.068321737e+001 +2.068321737e+001 -1.4366e+000 -2.9650e+000 -1.3439e+000
234 +1.732028367e+000 +1.732028367e+000 +2.066202837e+001 +2.066202837e+001 -1.4389e+000 -2.9578e+000 -1.3354e+000
278 +1.682318484e+000 +1.682318484e+000 +2.061231848e+001 +2.061231848e+001 -1.4584e+000 -2.9788e+000 -1.3393e+000
303 +1.652859372e+000 +1.652859372e+000 +2.058285937e+001 +2.058285937e+001 -1.5125e+000 -3.0055e+000 -1.3383e+000
337 +1.621076486e+000 +1.621076486e+000 +2.055107649e+001 +2.055107649e+001 -1.4917e+000 -3.0024e+000 -1.3325e+000
441 +1.584405591e+000 +1.584405591e+000 +2.051440559e+001 +2.051440559e+001 -1.4956e+000 -3.0040e+000 -1.3171e+000
