% function evaluation | noise-free fitness - Fopt (-5.465000000000e+002) | best noise-free fitness - Fopt | measured fitness | best measured fitness | x1 | x2...
1 +6.592654473e+003 +6.592654473e+003 +6.046154473e+003 +6.046154473e+003 +0.0000e+000 +0.0000e+000 +0.0000e+000 +0.0000e+000 +0.0000e+000
389 +6.009269030e+003 +6.009269030e+003 +5.462769030e+003 +5.462769030e+003 +1.4786e+000 -3.3583e+000 +1.1414e+000 -2.5235e+000 +1.5572e+000
402 +5.670858401e+003 +5.670858401e+003 +5.124358401e+003 +5.124358401e+003 +2.4429e-001 -3.5506e+000 +8.6468e-001 -2.8195e+000 +6.1543e-001
403 +3.525058261e+003 +3.525058261e+003 +2.978558261e+003 +2.978558261e+003 -1.7177e+000 -3.4756e+000 +2.1756e+000 -2.1993e+000 +1.2960e+000
430 +1.656392400e+003 +1.656392400e+003 +1.109892400e+003 +1.109892400e+003 -8.2186e-001 -2.5528e+000 +1.2620e+000 -1.7874e+000 +1.3930e+000
457 +1.440327531e+003 +1.440327531e+003 +8.938275315e+002 +8.938275315e+002 -2.2118e-001 -2.2940e+000 +5.4285e-001 -2.1960e+000 +2.2365e+000
469 +1.328548296e+003 +1.328548296e+003 +7.820482961e+002 +7.820482961e+002 -4.3024e+000 -2.0868e+000 +1.8968e+000 -2.1607e+000 +1.9901e+000
482 +1.024261277e+003 +1.024261277e+003 +4.777612772e+002 +4.777612772e+002 -1.4783e+000 -2.3708e+000 +2.2473e+000 -1.7281e+000 +2.4101e+000
501 +9.656204285e+002 +9.656204285e+002 +4.191204285e+002 +4.191204285e+002 -5.9830e-001 -2.1347e+000 +9.9801e-001 -1.9187e+000 +1.8677e+000
506 +7.932287849e+002 +7.932287849e+002 +2.467287849e+002 +2.467287849e+002 -2.5175e+000 -2.5048e+000 +1.2690e+000 -2.2948e+000 +8.2191e-001
529 +1.917861705e+002 +1.917861705e+002 -3.547138295e+002 -3.547138295e+002 -2.1355e+000 -1.8720e+000 +3.0491e+000 -1.9178e+000 +1.1306e+000
530 +1.359148341e+002 +1.359148341e+002 -4.105851659e+002 -4.105851659e+002 -2.1005e+000 -1.7818e+000 +1.0606e+000 -1.5586e+000 +2.2633e+000
550 +4.175757912e+001 +4.175757912e+001 -5.047424209e+002 -5.047424209e+002 -1.8534e+000 -1.5200e+000 +1.4452e+000 -1.7109e+000 +1.4018e+000
568 +1.265290264e+001 +1.265290264e+001 -5.338470974e+002 -5.338470974e+002 -2.1412e+000 -1.4764e+000 +4.9763e-001 -1.9575e+000 +1.5733e+000
580 +3.544572255e+000 +3.544572255e+000 -5.429554277e+002 -5.429554277e+002 -1.7625e+000 -1.1868e+000 +1.5285e+000 -1.7463e+000 +1.0362e+000
620 +3.149179217e+000 +3.149179217e+000 -5.433508208e+002 -5.433508208e+002 -1.8084e+000 -1.2836e+000 +1.6535e+000 -1.2422e+000 +1.1661e+000
647 +2.932743296e+000 +2.932743296e+000 -5.435672567e+002 -5.435672567e+002 -9.8105e-001 -1.0770e+000 +2.1400e+000 -1.6462e+000 +1.3368e+000
663 +2.511056338e+000 +2.511056338e+000 -5.439889437e+002 -5.439889437e+002 -2.0592e+000 -6.0663e-001 +1.7800e+000 -1.6762e+000 +1.4399e+000
720 +2.137323068e+000 +2.137323068e+000 -5.443626769e+002 -5.443626769e+002 -2.0107e+000 +1.3313e+000 +2.2448e+000 -1.9489e+000 +1.4644e+000
% function evaluation | noise-free fitness - Fopt (1.000000000000e+003) | best noise-free fitness - Fopt | measured fitness | best measured fitness | x1 | x2...
1 +6.592654473e+003 +6.592654473e+003 +7.592654473e+003 +7.592654473e+003 +0.0000e+000 +0.0000e+000 +0.0000e+000 +0.0000e+000 +0.0000e+000
128 +4.471126260e+003 +4.471126260e+003 +5.471126260e+003 +5.471126260e+003 +3.1985e+000 +2.3147e+000 +1.6327e+000 +9.1358e-003 -2.5495e+000
152 +3.301349014e+003 +3.301349014e+003 +4.301349014e+003 +4.301349014e+003 +3.2419e+000 +1.8718e+000 +1.6466e+000 -1.6552e+000 -2.8884e+000
171 +3.203105789e+003 +3.203105789e+003 +4.203105789e+003 +4.203105789e+003 +3.3307e+000 +2.4722e+000 +1.6175e+000 -2.6324e-001 -2.7177e+000
173 +1.825561233e+003 +1.825561233e+003 +2.825561233e+003 +2.825561233e+003 +3.1650e+000 +2.3327e+000 +1.6568e+000 -1.1911e+000 -2.5919e+000
206 +1.668300159e+003 +1.668300159e+003 +2.668300159e+003 +2.668300159e+003 +3.2253e+000 +2.2734e+000 +1.5993e+000 -1.3912e+000 -1.5720e+000
211 +1.485587327e+003 +1.485587327e+003 +2.485587327e+003 +2.485587327e+003 +3.1047e+000 +2.2978e+000 +1.5485e+000 -9.5524e-001 -1.6097e+000
233 +1.460181799e+003 +1.460181799e+003 +2.460181799e+003 +2.460181799e+003 +3.2006e+000 +2.4858e+000 +1.5786e+000 -1.0809e+000 -2.0087e+000
235 +1.289852183e+003 +1.289852183e+003 +2.289852183e+003 +2.289852183e+003 +3.1862e+000 +2.3186e+000 +1.4697e+000 -1.1430e+000 -2.3963e+000
236 +4.341486164e+002 +4.341486164e+002 +1.434148616e+003 +1.434148616e+003 +3.2175e+000 +2.1854e+000 +9.2471e-001 -1.8445e+000 -2.0531e+000
267 +1.669700247e+002 +1.669700247e+002 +1.166970025e+003 +1.166970025e+003 +3.1390e+000 +2.6149e+000 +5.5680e-001 -1.3408e+000 -1.6811e+000
282 +1.507983585e+002 +1.507983585e+002 +1.150798358e+003 +1.150798358e+003 +3.1062e+000 +2.5850e+000 -1.1483e-001 -1.6852e+000 -2.0813e+000
284 +1.454091345e+002 +1.454091345e+002 +1.145409135e+003 +1.145409135e+003 +3.0957e+000 +2.5355e+000 -9.1474e-001 -1.1576e+000 -1.1340e+000
302 +1.368003032e+002 +1.368003032e+002 +1.136800303e+003 +1.136800303e+003 +3.0721e+000 +2.7703e+000 +4.7743e-001 -1.0684e+000 -1.0220e+000
304 +1.197839515e+002 +1.197839515e+002 +1.119783951e+003 +1.119783951e+003 +3.0419e+000 +2.6441e+000 +1.0863e-001 -1.5033e+000 -1.4062e+000
308 +8.806574780e+001 +8.806574780e+001 +1.088065748e+003 +1.088065748e+003 +2.9571e+000 +2.3784e+000 -9.3973e-001 -7.0972e-001 -1.1639e+000
320 +8.618735117e+001 +8.618735117e+001 +1.086187351e+003 +1.086187351e+003 +2.9548e+000 +3.1171e+000 +4.0098e-001 -1.8442e+000 -9.7763e-001
322 +1.602867021e+001 +1.602867021e+001 +1.016028670e+003 +1.016028670e+003 +2.6253e+000 +2.7741e+000 +7.2417e-001 -1.3912e+000 -1.8037e+000
332 +4.482467072e+000 +4.482467072e+000 +1.004482467e+003 +1.004482467e+003 +2.4660e+000 +2.6867e+000 +1.9013e-001 -1.3576e+000 -1.4756e+000
365 +4.059628655e+000 +4.059628655e+000 +1.004059629e+003 +1.004059629e+003 +2.4240e+000 +2.8844e+000 -6.7031e-003 -1.4320e+000 -8.2235e-001
384 +3.917114113e+000 +3.917114113e+000 +1.003917114e+003 +1.003917114e+003 +2.4743e+000 +2.8813e+000 +5.2625e-002 -1.4284e+000 -1.5721e+000
390 +3.271653982e+000 +3.271653982e+000 +1.003271654e+003 +1.003271654e+003 +1.1688e+000 +3.0497e+000 -2.7554e-001 -1.8200e+000 -7.2564e-001
396 +2.348091795e+000 +2.348091795e+000 +1.002348092e+003 +1.002348092e+003 +2.4987e+000 +3.2388e+000 +7.6238e-001 -1.3619e+000 -1.5532e+000
449 +2.109028513e+000 +2.109028513e+000 +1.002109029e+003 +1.002109029e+003 +1.7059e+000 +3.0556e+000 +1.7497e-001 -1.4691e+000 -1.9516e+000
% function evaluation | noise-free fitness - Fopt (2.083800000000e+002) | best noise-free fitness - Fopt | measured fitness | best measured fitness | x1 | x2...
1 +6.592654473e+003 +6.592654473e+003 +6.801034473e+003 +6.801034473e+003 +0.0000e+000 +0.0000e+000 +0.0000e+000 +0.0000e+000 +0.0000e+000
253 +6.302454803e+003 +6.302454803e+003 +6.510834803e+003 +6.510834803e+003 -4.7295e+000 -4.4655e+000 +1.1365e+000 +2.3724e+000 +1.4111e+000
295 +3.834504583e+003 +3.834504583e+003 +4.042884583e+003 +4.042884583e+003 -4.6375e+000 -3.6594e+000 +2.0054e+000 +1.2178e+000 +1.6164e+000
297 +3.473501302e+003 +3.473501302e+003 +3.681881302e+003 +3.681881302e+003 -4.7029e+000 -3.4409e+000 +1.0009e+000 +2.6901e+000 +1.8313e+000
306 +2.563807381e+003 +2.563807381e+003 +2.772187381e+003 +2.772187381e+003 -4.7385e+000 -2.8444e+000 +9.7282e-001 +2.7056e+000 +7.0206e-001
307 +2.246658339e+003 +2.246658339e+003 +2.455038339e+003 +2.455038339e+003 -4.6838e+000 -2.0241e+000 +2.8748e+000 +2.4641e+000 +1.0242e+000
311 +2.024759297e+003 +2.024759297e+003 +2.233139297e+003 +2.233139297e+003 -4.7472e+000 -1.3732e+000 +1.7926e+000 +1.6457e+000 +1.4829e+000
390 +1.976617170e+003 +1.976617170e+003 +2.184997170e+003 +2.184997170e+003 -4.7180e+000 -1.2581e+000 +1.2494e+000 +1.2398e+000 +8.3143e-001
504 +1.938854092e+003 +1.938854092e+003 +2.147234092e+003 +2.147234092e+003 -4.6987e+000 +5.4752e-001 +2.1513e+000 +2.1561e+000 +1.0303e+000
512 +1.818554721e+003 +1.818554721e+003 +2.026934721e+003 +2.026934721e+003 -4.6291e+000 -1.0001e+000 +2.3206e+000 +1.9883e+000 +1.1488e+000
580 +1.385388329e+003 +1.385388329e+003 +1.593768329e+003 +1.593768329e+003 -4.1975e+000 -9.9628e-001 +2.7640e+000 +2.4257e+000 +1.1995e+000
618 +1.310272089e+003 +1.310272089e+003 +1.518652089e+003 +1.518652089e+003 -4.3061e+000 +1.3150e+000 +1.5288e-001 +2.4494e+000 +1.4151e+000
622 +1.202625889e+003 +1.202625889e+003 +1.411005889e+003 +1.411005889e+003 -4.1896e+000 -3.0071e-001 +9.9926e-001 +2.7030e+000 +1.8556e+000
634 +1.189164234e+003 +1.189164234e+003 +1.397544234e+003 +1.397544234e+003 -4.2197e+000 -1.5881e+000 +1.4680e+000 +6.3264e-001 +2.0030e+000
642 +1.171455119e+003 +1.171455119e+003 +1.379835119e+003 +1.379835119e+003 -4.2047e+000 -1.9515e+000 +1.8783e+000 +1.8223e+000 +1.4710e+000
643 +9.354136030e+002 +9.354136030e+002 +1.143793603e+003 +1.143793603e+003 -4.0135e+000 +2.6744e-001 +1.7823e+000 +2.4302e+000 +1.5194e+000
654 +3.153162726e+002 +3.153162726e+002 +5.236962726e+002 +5.236962726e+002 -3.3834e+000 +9.1948e-002 +2.0421e+000 +1.8375e+000 +1.6106e+000
798 +2.579945600e+002 +2.579945600e+002 +4.663745600e+002 +4.663745600e+002 -3.2976e+000 +1.0383e+000 +6.5689e-001 +1.6344e+000 +1.6265e+000
811 +4.467410311e+001 +4.467410311e+001 +2.530541031e+002 +2.530541031e+002 -2.8153e+000 -7.3595e-001 +1.9455e+000 +1.5902e+000 +1.5254e+000
858 +1.502570385e+001 +1.502570385e+001 +2.234057039e+002 +2.234057039e+002 -2.6588e+000 +6.6153e-002 +1.3720e+000 +1.5050e+000 +1.7075e+000
873 +4.231550608e+000 +4.231550608e+000 +2.126115506e+002 +2.126115506e+002 -2.4731e+000 -1.2328e-001 +7.6163e-001 +1.5162e+000 +1.7374e+000
882 +3.563278892e+000 +3.563278892e+000 +2.119432789e+002 +2.119432789e+002 -2.4327e+000 -6.5706e-001 +1.5754e+000 +1.9094e+000 +1.7996e+000
933 +2.712400780e+000 +2.712400780e+000 +2.110924008e+002 +2.110924008e+002 -2.1790e+000 +3.0482e-001 +4.3484e-001 +2.1465e+000 +1.7738e+000
950 +2.553166076e+000 +2.553166076e+000 +2.109331661e+002 +2.109331661e+002 -2.2826e+000 +8.6644e-001 +3.3955e-001 +1.4932e+000 +2.2317e+000
1003 +1.735055615e+000 +1.735055615e+000 +2.101150556e+002 +2.101150556e+002 -2.3433e+000 +2.2608e+000 +2.0348e+000 +2.1413e+000 +1.7548e+000
% function evaluation | noise-free fitness - Fopt (-1.449600000000e+002) | best noise-free fitness - Fopt | measured fitness | best measured fitness | x1 | x2...
1 +6.592654473e+003 +6.592654473e+003 +6.447694473e+003 +6.447694473e+003 +0.0000e+000 +0.0000e+000 +0.0000e+000 +0.0000e+000 +0.0000e+000
265 +4.350742099e+003 +4.350742099e+003 +4.205782099e+003 +4.205782099e+003 -1.8630e+000 -3.2789e+000 +1.9593e+000 -4.2398e+000 +1.7571e-002
285 +5.590491984e+002 +5.590491984e+002 +4.140891984e+002 +4.140891984e+002 -1.8000e+000 -3.1008e+000 +4.8540e-001 -2.7352e+000 -2.2722e-001
316 +5.127327565e+002 +5.127327565e+002 +3.677727565e+002 +3.677727565e+002 -1.7884e+000 -2.5571e+000 +8.8340e-001 -2.6198e+000 -2.0404e-001
325 +2.551589664e+002 +2.551589664e+002 +1.101989664e+002 +1.101989664e+002 -1.1173e+000 -3.0307e+000 +1.0569e+000 -2.7684e+000 -1.2277e+000
375 +5.337760530e+001 +5.337760530e+001 -9.158239470e+001 -9.158239470e+001 -1.0721e+000 -2.5582e+000 +7.9957e-001 -2.9686e+000 -7.4354e-001
379 +2.851809284e+001 +2.851809284e+001 -1.164419072e+002 -1.164419072e+002 -1.1874e+000 -1.7519e+000 +5.3915e-001 -1.8789e+000 -9.8641e-001
402 +2.323085490e+001 +2.323085490e+001 -1.217291451e+002 -1.217291451e+002 -2.0285e+000 -2.9850e-001 +1.6139e-001 -2.2718e+000 -8.2290e-001
417 +8.620098874e+000 +8.620098874e+000 -1.363399011e+002 -1.363399011e+002 -5.1769e-001 -2.8675e+000 +5.0660e-001 -2.8140e+000 -1.2901e+000
421 +4.690568230e+000 +4.690568230e+000 -1.402694318e+002 -1.402694318e+002 -1.6152e+000 -5.8230e-001 -4.9976e-002 -2.0517e+000 -2.1516e+000
435 +3.195016197e+000 +3.195016197e+000 -1.417649838e+002 -1.417649838e+002 -1.4054e-001 -1.5758e+000 +3.5177e-001 -2.3245e+000 -2.0001e+000
466 +3.013299548e+000 +3.013299548e+000 -1.419467005e+002 -1.419467005e+002 +2.5004e+000 -1.5107e+000 +3.3833e-001 -2.6378e+000 -1.4540e+000
682 +2.763316585e+000 +2.763316585e+000 -1.421966834e+002 -1.421966834e+002 -1.9806e+000 -1.9510e+000 +4.3466e-001 -2.3007e+000 -1.5736e+000
684 +2.594522465e+000 +2.594522465e+000 -1.423654775e+002 -1.423654775e+002 +1.6193e-001 -1.9200e+000 +4.4476e-001 -2.7626e+000 -1.3494e+000
792 +1.975415553e+000 +1.975415553e+000 -1.429845844e+002 -1.429845844e+002 -2.0385e+000 -1.9723e+000 -2.6186e-002 -1.4441e+000 -1.1804e+000
% function evaluation | noise-free fitness - Fopt (-6.300000000000e+000) | best noise-free fitness - Fopt | measured fitness | best measured fitness | x1 | x2...
1 +6.592654473e+003 +6.592654473e+003 +6.586354473e+003 +6.586354473e+003 +0.0000e+000 +0.0000e+000 +0.0000e+000 +0.0000e+000 +0.0000e+000
134 +1.947857314e+003 +1.947857314e+003 +1.941557314e+003 +1.941557314e+003 +3.3236e+000 -3.0545e+000 +4.3271e-001 +1.8007e+000 -2.1938e-001
151 +1.855042952e+003 +1.855042952e+003 +1.848742952e+003 +1.848742952e+003 +3.2390e+000 -2.9265e+000 -5.4228e-001 +1.9241e+000 -1.5307e-001
161 +1.336633845e+003 +1.336633845e+003 +1.330333845e+003 +1.330333845e+003 +3.2813e+000 -3.2043e+000 +1.1884e+000 +2.4599e+000 -1.2888e+000
182 +9.109487717e+002 +9.109487717e+002 +9.046487717e+002 +9.046487717e+002 +3.2087e+000 -3.1216e+000 +5.6507e-001 +2.1128e+000 -1.0362e+000
220 +8.130195932e+002 +8.130195932e+002 +8.067195932e+002 +8.067195932e+002 +2.8673e+000 -3.2173e+000 -8.0759e-001 +2.7166e+000 -1.1017e+000
226 +7.384068378e+002 +7.384068378e+002 +7.321068378e+002 +7.321068378e+002 +3.1829e+000 -3.0109e+000 -2.0774e+000 +2.0822e+000 -1.5483e+000
273 +6.920423493e+002 +6.920423493e+002 +6.857423493e+002 +6.857423493e+002 +2.7590e+000 -3.1984e+000 -9.0164e-001 +2.6123e+000 -1.3224e+000
293 +3.605768900e+002 +3.605768900e+002 +3.542768900e+002 +3.542768900e+002 +2.7635e+000 -2.9127e+000 -2.1668e+000 +1.8366e+000 -1.3491e+000
314 +2.886802093e+002 +2.886802093e+002 +2.823802093e+002 +2.823802093e+002 +2.5527e+000 -2.9220e+000 -1.7700e+000 +2.2342e+000 -1.5327e+000
352 +1.033734806e+002 +1.033734806e+002 +9.707348064e+001 +9.707348064e+001 +2.6402e+000 -2.6224e+000 -3.2210e-001 +1.7333e+000 -1.9015e+000
407 +6.682276827e+001 +6.682276827e+001 +6.052276827e+001 +6.052276827e+001 +2.8755e+000 -2.2886e+000 -7.9467e-001 +2.0418e+000 -1.3794e+000
412 +3.398210606e+001 +3.398210606e+001 +2.768210606e+001 +2.768210606e+001 +2.7594e+000 -2.2920e+000 -4.9237e-001 +2.0557e+000 -6.5887e-001
437 +1.105802057e+001 +1.105802057e+001 +4.758020569e+000 +4.758020569e+000 +2.3696e+000 -2.4193e+000 -2.1658e-001 +1.9995e+000 -8.2471e-001
460 +4.142868008e+000 +4.142868008e+000 -2.157131992e+000 -2.157131992e+000 +2.5198e+000 -6.3934e-001 -6.1752e-001 +1.7263e+000 -1.0809e+000
480 +2.820400148e+000 +2.820400148e+000 -3.479599852e+000 -3.479599852e+000 +2.5145e+000 -1.8988e+000 -2.1591e+000 +2.0482e+000 -1.1542e+000
619 +2.604974859e+000 +2.604974859e+000 -3.695025141e+000 -3.695025141e+000 +2.4311e+000 -2.0619e+000 -1.1708e+000 +1.8934e+000 -1.8181e+000
663 +2.247565209e+000 +2.247565209e+000 -4.052434791e+000 -4.052434791e+000 +2.1104e+000 -2.0886e+000 -1.0293e+000 +1.9296e+000 -1.3657e+000
677 +2.128614063e+000 +2.128614063e+000 -4.171385937e+000 -4.171385937e+000 +2.2445e+000 -1.3718e+000 -2.5861e-001 +1.6113e+000 -1.0815e+000
905 +1.951791823e+000 +1.951791823e+000 -4.348208177e+000 -4.348208177e+000 +2.0017e+000 +3.6490e-001 -7.1676e-001 +1.6999e+000 -2.2015e+000
919 +1.949630110e+000 +1.949630110e+000 -4.350369890e+000 -4.350369890e+000 +2.1282e+000 +6.3241e-001 -7.4102e-001 +1.7287e+000 -1.8015e+000
1779 +1.462591124e+000 +1.462591124e+000 -4.837408876e+000 -4.837408876e+000 +2.1420e+000 -5.0999e-002 -2.6542e+000 +1.1800e+000 -2.3537e+000
% function evaluation | noise-free fitness - Fopt (2.796000000000e+001) | best noise-free fitness - Fopt | measured fitness | best measured fitness | x1 | x2...
1 +6.592654473e+003 +6.592654473e+003 +6.620614473e+003 +6.620614473e+003 +0.0000e+000 +0.0000e+000 +0.0000e+000 +0.0000e+000 +0.0000e+000
2 +1.127619154e+003 +1.127619154e+003 +1.155579154e+003 +1.155579154e+003 +2.1618e+000 +4.2692e+000 +2.5108e+000 -9.7033e-001 -2.5409e+000
13 +1.116132638e+003 +1.116132638e+003 +1.144092638e+003 +1.144092638e+003 +2.1640e+000 +4.2693e+000 +2.5052e+000 -9.5236e-001 -2.5410e+000
16 +1.086816006e+003 +1.086816006e+003 +1.114776006e+003 +1.114776006e+003 +2.1611e+000 +4.2693e+000 +2.4883e+000 -9.5963e-001 -2.5408e+000
57 +1.056807589e+003 +1.056807589e+003 +1.084767589e+003 +1.084767589e+003 +2.1617e+000 +4.2691e+000 +2.4669e+000 -1.0618e+000 -2.5414e+000
68 +1.035811309e+003 +1.035811309e+003 +1.063771309e+003 +1.063771309e+003 +2.1613e+000 +4.2694e+000 +2.4584e+000 -9.7695e-001 -2.5411e+000
82 +1.016045691e+003 +1.016045691e+003 +1.044005691e+003 +1.044005691e+003 +2.1623e+000 +4.2685e+000 +2.4390e+000 -1.1295e+000 -2.5405e+000
88 +9.360127182e+002 +9.360127182e+002 +9.639727182e+002 +9.639727182e+002 +2.1603e+000 +4.2691e+000 +2.3995e+000 -8.9648e-001 -2.5407e+000
102 +8.120731938e+002 +8.120731938e+002 +8.400331938e+002 +8.400331938e+002 +2.2493e+000 +4.2625e+000 +2.3310e+000 -1.0667e+000 -2.5409e+000
117 +7.821086205e+002 +7.821086205e+002 +8.100686205e+002 +8.100686205e+002 +2.1540e+000 +4.2691e+000 +2.2801e+000 -1.0674e+000 -2.5411e+000
127 +5.917735978e+002 +5.917735978e+002 +6.197335978e+002 +6.197335978e+002 +2.1246e+000 +4.2675e+000 +2.0844e+000 -1.0421e+000 -2.5424e+000
152 +5.573685864e+002 +5.573685864e+002 +5.853285864e+002 +5.853285864e+002 +1.9691e+000 +4.2680e+000 +1.9032e+000 -1.1424e+000 -2.5454e+000
155 +4.372176360e+002 +4.372176360e+002 +4.651776360e+002 +4.651776360e+002 +2.2342e+000 +4.2669e+000 +1.7998e+000 -5.8070e-001 -2.5520e+000
189 +3.330769746e+002 +3.330769746e+002 +3.610369746e+002 +3.610369746e+002 +2.7712e+000 +4.2728e+000 +1.5945e+000 -2.7226e-001 -2.5403e+000
263 +3.300648438e+002 +3.300648438e+002 +3.580248438e+002 +3.580248438e+002 +2.5815e+000 +4.2485e+000 +1.1941e+000 -7.0990e-001 -2.5393e+000
312 +3.077072845e+002 +3.077072845e+002 +3.356672845e+002 +3.356672845e+002 +2.5805e+000 +4.2154e+000 +1.8006e+000 -1.7361e-001 -2.5289e+000
327 +3.012356309e+002 +3.012356309e+002 +3.291956309e+002 +3.291956309e+002 +2.7726e+000 +4.2372e+000 +1.4525e+000 -6.6463e-001 -2.5208e+000
330 +2.734827841e+002 +2.734827841e+002 +3.014427841e+002 +3.014427841e+002 +2.5890e+000 +4.1870e+000 +1.2214e+000 -6.2481e-001 -2.5539e+000
356 +2.652124956e+002 +2.652124956e+002 +2.931724956e+002 +2.931724956e+002 +2.6815e+000 +4.1900e+000 +6.5139e-001 -6.4414e-001 -2.5001e+000
381 +1.972872625e+002 +1.972872625e+002 +2.252472625e+002 +2.252472625e+002 +2.5701e+000 +4.0904e+000 +1.4220e+000 -7.0369e-001 -2.5329e+000
420 +1.662473071e+002 +1.662473071e+002 +1.942073071e+002 +1.942073071e+002 +2.8502e+000 +4.0427e+000 +1.6643e+000 -6.3638e-001 -2.5179e+000
456 +1.160679766e+002 +1.160679766e+002 +1.440279766e+002 +1.440279766e+002 +2.6540e+000 +3.9641e+000 +1.4261e+000 -6.8554e-001 -2.6120e+000
479 +2.877097456e+001 +2.877097456e+001 +5.673097456e+001 +5.673097456e+001 +2.7552e+000 +2.7196e+000 +1.7215e+000 -7.5612e-001 -2.4918e+000
500 +1.082902957e+001 +1.082902957e+001 +3.878902957e+001 +3.878902957e+001 +2.6508e+000 +3.2270e+000 +1.7334e+000 -5.6542e-001 -2.5770e+000
503 +3.735777089e+000 +3.735777089e+000 +3.169577709e+001 +3.169577709e+001 +2.3333e+000 +3.3529e+000 +1.4929e+000 -6.3926e-001 -2.5079e+000
507 +3.609663660e+000 +3.609663660e+000 +3.156966366e+001 +3.156966366e+001 +2.5367e+000 +2.6364e+000 +2.0677e+000 -7.1843e-001 -2.3675e+000
534 +2.408735976e+000 +2.408735976e+000 +3.036873598e+001 +3.036873598e+001 +2.4865e+000 +3.3723e+000 +1.2438e+000 -7.3117e-001 -2.5296e+000
584 +2.179589020e+000 +2.179589020e+000 +3.013958902e+001 +3.013958902e+001 +2.4879e+000 +3.3206e+000 +1.3607e+000 -7.0474e-001 -2.4674e+000
586 +1.904512472e+000 +1.904512472e+000 +2.986451247e+001 +2.986451247e+001 +2.4884e+000 +3.3888e+000 +1.2601e+000 -7.4979e-001 -2.4164e+000
616 +1.186704426e+000 +1.186704426e+000 +2.914670443e+001 +2.914670443e+001 +2.4766e+000 +3.3248e+000 +1.7342e+000 -7.1988e-001 -2.4386e+000
1712 +9.377201990e-001 +9.377201990e-001 +2.889772020e+001 +2.889772020e+001 +1.5643e+000 +2.9377e+000 +1.8984e+000 -1.7076e+000 -2.2376e+000
2229 +6.757553872e-001 +6.757553872e-001 +2.863575539e+001 +2.863575539e+001 +1.5352e+000 +3.0417e+000 +1.9059e+000 -6.4744e-001 -2.4333e+000
% function evaluation | noise-free fitness - Fopt (-6.338000000000e+001) | best noise-free fitness - Fopt | measured fitness | best measured fitness | x1 | x2...
1 +6.592654473e+003 +6.592654473e+003 +6.529274473e+003 +6.529274473e+003 +0.0000e+000 +0.0000e+000 +0.0000e+000 +0.0000e+000 +0.0000e+000
181 +4.883233321e+003 +4.883233321e+003 +4.819853321e+003 +4.819853321e+003 -4.3819e+000 +3.9599e+000 -1.0775e+000 +2.7845e-001 -2.1464e+000
202 +2.687791100e+003 +2.687791100e+003 +2.624411100e+003 +2.624411100e+003 -4.3975e+000 +3.9665e+000 -1.0894e+000 -2.2416e-001 -2.1770e+000
204 +1.217508337e+003 +1.217508337e+003 +1.154128337e+003 +1.154128337e+003 -3.7178e+000 +3.9668e+000 -1.2281e+000 -5.1947e-001 -2.1359e+000
238 +9.168051258e+002 +9.168051258e+002 +8.534251258e+002 +8.534251258e+002 -4.0072e+000 +3.9586e+000 -1.0028e+000 -2.2158e+000 -2.1567e+000
255 +1.702327328e+002 +1.702327328e+002 +1.068527328e+002 +1.068527328e+002 -2.7259e+000 +3.9635e+000 -1.1365e+000 -8.9478e-001 -2.1658e+000
283 +1.522534567e+002 +1.522534567e+002 +8.887345667e+001 +8.887345667e+001 -2.7727e+000 +3.9671e+000 -1.1167e+000 -1.8536e+000 -2.1683e+000
288 +1.399052618e+002 +1.399052618e+002 +7.652526182e+001 +7.652526182e+001 -2.6794e+000 +3.9664e+000 -1.0929e+000 -1.1340e+000 -2.1676e+000
303 +1.353396888e+002 +1.353396888e+002 +7.195968882e+001 +7.195968882e+001 -2.5518e+000 +3.9751e+000 -1.0466e+000 -2.3545e+000 -2.1707e+000
322 +1.308705149e+002 +1.308705149e+002 +6.749051493e+001 +6.749051493e+001 -2.7859e+000 +3.9700e+000 -1.0336e+000 -1.0599e+000 -2.1743e+000
327 +1.255869012e+002 +1.255869012e+002 +6.220690118e+001 +6.220690118e+001 -2.6882e+000 +3.9721e+000 -1.0426e+000 -1.8119e+000 -2.1778e+000
455 +1.114385086e+002 +1.114385086e+002 +4.805850859e+001 +4.805850859e+001 -2.6177e+000 +3.9618e+000 +5.5890e-001 -2.0022e+000 -2.1851e+000
462 +1.061135672e+002 +1.061135672e+002 +4.273356720e+001 +4.273356720e+001 -2.6602e+000 +3.9521e+000 -8.0542e-001 -1.9005e+000 -2.1404e+000
505 +1.027057023e+002 +1.027057023e+002 +3.932570225e+001 +3.932570225e+001 -2.6556e+000 +3.9477e+000 -4.2358e-001 -1.6505e+000 -2.1947e+000
530 +1.003689187e+002 +1.003689187e+002 +3.698891867e+001 +3.698891867e+001 -2.6752e+000 +3.9428e+000 -4.4688e-001 -1.9774e+000 -2.1259e+000
601 +9.714122724e+001 +9.714122724e+001 +3.376122724e+001 +3.376122724e+001 -2.6705e+000 +3.9321e+000 -5.9848e-001 -1.8206e+000 -2.0545e+000
616 +9.488976809e+001 +9.488976809e+001 +3.150976809e+001 +3.150976809e+001 -2.6189e+000 +3.9283e+000 -6.3196e-001 -1.6583e+000 -2.1705e+000
632 +8.986825715e+001 +8.986825715e+001 +2.648825715e+001 +2.648825715e+001 -2.6305e+000 +3.9212e+000 -4.4687e-001 -2.3305e+000 -2.0644e+000
639 +8.641954988e+001 +8.641954988e+001 +2.303954988e+001 +2.303954988e+001 -2.6420e+000 +3.9096e+000 -5.3192e-001 -9.4483e-001 -2.4748e+000
642 +5.755210767e+001 +5.755210767e+001 -5.827892330e+000 -5.827892330e+000 -2.6032e+000 +3.8415e+000 -9.0178e-001 -2.0392e+000 -2.0465e+000
664 +2.633973695e+001 +2.633973695e+001 -3.704026305e+001 -3.704026305e+001 -2.6912e+000 +3.7000e+000 -1.6053e-001 -9.6843e-001 -2.1098e+000
792 +1.096316450e+001 +1.096316450e+001 -5.241683550e+001 -5.241683550e+001 -2.6413e+000 +3.5894e+000 -4.6517e-001 -1.9338e+000 -2.1537e+000
858 +4.734167254e+000 +4.734167254e+000 -5.864583275e+001 -5.864583275e+001 -2.2924e+000 +3.4538e+000 +2.6641e-001 -1.5444e+000 -1.6122e+000
882 +3.950285798e+000 +3.950285798e+000 -5.942971420e+001 -5.942971420e+001 -2.4791e+000 +3.5311e+000 +3.3843e-001 -1.3727e+000 -1.7071e+000
917 +3.224586361e+000 +3.224586361e+000 -6.015541364e+001 -6.015541364e+001 -2.4738e+000 +3.4639e+000 +6.7812e-001 -1.3113e+000 -1.9452e+000
928 +2.966707875e+000 +2.966707875e+000 -6.041329213e+001 -6.041329213e+001 -2.4630e+000 +3.3409e+000 +1.1233e+000 -7.4867e-001 -1.9682e+000
940 +2.697516724e+000 +2.697516724e+000 -6.068248328e+001 -6.068248328e+001 -2.5078e+000 +3.3460e+000 +5.7766e-001 -1.2155e+000 -2.2899e+000
1029 +2.482874081e+000 +2.482874081e+000 -6.089712592e+001 -6.089712592e+001 -2.4968e+000 +3.3189e+000 -2.0818e-001 -2.2221e+000 -1.8408e+000
1064 +2.354447962e+000 +2.354447962e+000 -6.102555204e+001 -6.102555204e+001 -2.3875e+000 +3.2496e+000 -1.4892e-001 -2.1601e+000 -1.7506e+000
1075 +1.993254239e+000 +1.993254239e+000 -6.138674576e+001 -6.138674576e+001 -2.4956e+000 +3.1763e+000 +3.2928e-001 -2.4599e+000 -2.0788e+000
1475 +1.912756736e+000 +1.912756736e+000 -6.146724326e+001 -6.146724326e+001 -1.5372e+000 +3.0035e+000 +7.3342e-001 -1.9381e+000 -9.9530e-001
1521 +1.852966144e+000 +1.852966144e+000 -6.152703386e+001 -6.152703386e+001 -1.5270e+000 +3.1382e+000 +1.2770e+000 -2.2798e+000 -1.3459e+000
1574 +1.384973411e+000 +1.384973411e+000 -6.199502659e+001 -6.199502659e+001 -1.5252e+000 +3.0108e+000 +1.2788e+000 -7.2011e-001 -1.3061e+000
1953 +1.370308596e+000 +1.370308596e+000 -6.200969140e+001 -6.200969140e+001 -1.4205e+000 +2.9729e+000 +1.8646e+000 -2.2154e+000 -1.2801e+000
% function evaluation | noise-free fitness - Fopt (-1.337200000000e+002) | best noise-free fitness - Fopt | measured fitness | best measured fitness | x1 | x2...
1 +6.592654473e+003 +6.592654473e+003 +6.458934473e+003 +6.458934473e+003 +0.0000e+000 +0.0000e+000 +0.0000e+000 +0.0000e+000 +0.0000e+000
2 +2.348086154e+003 +2.348086154e+003 +2.214366154e+003 +2.214366154e+003 +2.5085e+000 -1.5902e+000 +2.4459e+000 +2.2372e+000 +2.9589e+000
24 +2.337480882e+003 +2.337480882e+003 +2.203760882e+003 +2.203760882e+003 +2.4918e+000 -1.6083e+000 +2.4807e+000 +2.2368e+000 +2.9561e+000
28 +2.185532985e+003 +2.185532985e+003 +2.051812985e+003 +2.051812985e+003 +2.5296e+000 -1.6049e+000 +2.4564e+000 +2.2361e+000 +2.9315e+000
31 +1.913945949e+003 +1.913945949e+003 +1.780225949e+003 +1.780225949e+003 +2.4736e+000 -1.6023e+000 +2.4136e+000 +2.2352e+000 +2.8839e+000
57 +1.430030794e+003 +1.430030794e+003 +1.296310794e+003 +1.296310794e+003 +2.6056e+000 -1.5798e+000 +2.3627e+000 +2.2373e+000 +2.7903e+000
78 +9.569525446e+002 +9.569525446e+002 +8.232325446e+002 +8.232325446e+002 +2.4285e+000 -1.6422e+000 +2.4708e+000 +2.2368e+000 +2.6748e+000
81 +7.348812652e+002 +7.348812652e+002 +6.011612652e+002 +6.011612652e+002 +2.5141e+000 -1.5879e+000 +2.3482e+000 +2.2379e+000 +2.6198e+000
83 +5.409692956e+002 +5.409692956e+002 +4.072492956e+002 +4.072492956e+002 +2.5394e+000 -1.5592e+000 +2.5240e+000 +2.2341e+000 +2.5578e+000
89 +3.858037950e+002 +3.858037950e+002 +2.520837950e+002 +2.520837950e+002 +2.5232e+000 -1.5673e+000 +2.4058e+000 +2.2410e+000 +2.4995e+000
105 +3.283515171e+002 +3.283515171e+002 +1.946315171e+002 +1.946315171e+002 +2.5085e+000 -1.4627e+000 +2.5003e+000 +2.2368e+000 +2.4774e+000
106 +2.697893593e+002 +2.697893593e+002 +1.360693593e+002 +1.360693593e+002 +2.3854e+000 -1.5737e+000 +2.1414e+000 +2.2395e+000 +2.4461e+000
112 +3.007935070e+001 +3.007935070e+001 -1.036406493e+002 -1.036406493e+002 +2.4986e+000 -1.3566e+000 +2.5568e+000 +2.2384e+000 +2.2430e+000
133 +5.939650978e+000 +5.939650978e+000 -1.277803490e+002 -1.277803490e+002 +2.5454e+000 -1.4925e+000 +2.1837e+000 +2.2490e+000 +2.0058e+000
147 +5.799480493e+000 +5.799480493e+000 -1.279205195e+002 -1.279205195e+002 +2.4823e+000 -1.4956e+000 +2.2109e+000 +2.2398e+000 +2.1279e+000
165 +4.425696252e+000 +4.425696252e+000 -1.292943037e+002 -1.292943037e+002 +2.4991e+000 -1.4726e+000 +1.9496e+000 +2.2842e+000 +1.4891e+000
166 +3.571826676e+000 +3.571826676e+000 -1.301481733e+002 -1.301481733e+002 +2.3036e+000 -1.3686e+000 +2.1559e+000 +2.2391e+000 +1.7069e+000
193 +3.175786806e+000 +3.175786806e+000 -1.305442132e+002 -1.305442132e+002 +2.4193e+000 -1.3341e+000 +1.6756e+000 +2.2384e+000 +1.7161e+000
206 +2.900333269e+000 +2.900333269e+000 -1.308196667e+002 -1.308196667e+002 +2.2584e+000 -1.3914e+000 +1.9459e+000 +2.2559e+000 +1.7911e+000
210 +2.862394374e+000 +2.862394374e+000 -1.308576056e+002 -1.308576056e+002 +2.4040e+000 -1.4396e+000 +1.8992e+000 +2.2141e+000 +1.7211e+000
221 +2.680755774e+000 +2.680755774e+000 -1.310392442e+002 -1.310392442e+002 +2.3610e+000 -1.4178e+000 +1.9068e+000 +2.2139e+000 +1.7719e+000
233 +2.507366605e+000 +2.507366605e+000 -1.312126334e+002 -1.312126334e+002 +2.3550e+000 -1.3781e+000 +1.7480e+000 +2.2092e+000 +1.7272e+000
234 +2.446360494e+000 +2.446360494e+000 -1.312736395e+002 -1.312736395e+002 +2.3569e+000 -1.4121e+000 +1.7787e+000 +2.2279e+000 +1.7160e+000
254 +2.101630606e+000 +2.101630606e+000 -1.316183694e+002 -1.316183694e+002 +2.2894e+000 -1.3349e+000 +1.6463e+000 +2.1932e+000 +2.0947e+000
309 +1.961538355e+000 +1.961538355e+000 -1.317584616e+002 -1.317584616e+002 +2.3249e+000 -1.4007e+000 +1.3756e+000 +2.2440e+000 +2.0281e+000
325 +1.691446538e+000 +1.691446538e+000 -1.320285535e+002 -1.320285535e+002 +2.3263e+000 -1.3851e+000 +1.4848e+000 +2.2638e+000 +2.0690e+000
336 +1.655462888e+000 +1.655462888e+000 -1.320645371e+002 -1.320645371e+002 +2.2870e+000 -1.3955e+000 +1.4877e+000 +2.2445e+000 +2.0231e+000
503 +1.537690858e+000 +1.537690858e+000 -1.321823091e+002 -1.321823091e+002 +2.1516e+000 -1.3735e+000 +1.7678e+000 +2.2397e+000 +2.0700e+000
% function evaluation | noise-free fitness - Fopt (-4.039900000000e+002) | best noise-free fitness - Fopt | measured fitness | best measured fitness | x1 | x2...
1 +6.592654473e+003 +6.592654473e+003 +6.188664473e+003 +6.188664473e+003 +0.0000e+000 +0.0000e+000 +0.0000e+000 +0.0000e+000 +0.0000e+000
135 +4.718711444e+003 +4.718711444e+003 +4.314721444e+003 +4.314721444e+003 -3.0473e+000 -2.3640e+000 +3.9757e+000 -6.6749e-001 -9.5925e-001
198 +4.432223178e+003 +4.432223178e+003 +4.028233178e+003 +4.028233178e+003 -2.9214e+000 -2.8274e+000 +2.0994e+000 -5.4696e-001 -3.7903e+000
200 +4.184824975e+003 +4.184824975e+003 +3.780834975e+003 +3.780834975e+003 -2.8215e+000 -1.7654e+000 +4.1214e+000 -7.8578e-001 -2.0626e+000
204 +2.591283106e+003 +2.591283106e+003 +2.187293106e+003 +2.187293106e+003 -2.8587e+000 -1.1563e+000 +3.3865e+000 -1.0226e+000 -1.7885e+000
211 +2.014634663e+003 +2.014634663e+003 +1.610644663e+003 +1.610644663e+003 -2.7928e+000 -1.9696e+000 +2.7540e+000 -8.2216e-001 -3.2173e+000
222 +1.587726799e+003 +1.587726799e+003 +1.183736799e+003 +1.183736799e+003 -2.9016e+000 -2.0214e+000 +3.1775e+000 -6.4217e-001 -2.8857e+000
228 +6.626547950e+001 +6.626547950e+001 -3.377245205e+002 -3.377245205e+002 -2.9001e+000 -5.2503e-001 +4.8475e-001 +9.7817e-001 -2.2024e+000
251 +4.700373383e+001 +4.700373383e+001 -3.569862662e+002 -3.569862662e+002 -2.8260e+000 -1.4858e+000 +5.1340e-001 +7.1277e-001 -1.0277e+000
298 +4.479982244e+001 +4.479982244e+001 -3.591901776e+002 -3.591901776e+002 -2.7957e+000 -1.2549e+000 +2.3713e+000 +2.2630e+000 -2.0353e+000
308 +4.333211059e+001 +4.333211059e+001 -3.606578894e+002 -3.606578894e+002 -2.8111e+000 -2.2095e+000 +2.3292e+000 +1.0178e+000 -2.0282e+000
359 +4.118285480e+001 +4.118285480e+001 -3.628071452e+002 -3.628071452e+002 -2.8043e+000 -1.8699e+000 +1.8279e+000 +9.1948e-001 -1.3692e+000
362 +3.319738251e+001 +3.319738251e+001 -3.707926175e+002 -3.707926175e+002 -2.7707e+000 -1.3787e+000 +1.2786e+000 +5.5883e-001 -2.0409e+000
377 +3.114979084e+001 +3.114979084e+001 -3.728402092e+002 -3.728402092e+002 -2.7620e+000 -1.4148e+000 +1.9072e+000 +1.1677e+000 -1.6779e+000
379 +2.232415382e+001 +2.232415382e+001 -3.816658462e+002 -3.816658462e+002 -2.7195e+000 -1.3824e+000 +8.1722e-001 +8.4809e-001 -1.1455e+000
385 +5.921287451e+000 +5.921287451e+000 -3.980687125e+002 -3.980687125e+002 -2.5686e+000 -1.6555e+000 +1.1658e+000 +1.0348e+000 -2.1118e+000
424 +5.768528822e+000 +5.768528822e+000 -3.982214712e+002 -3.982214712e+002 -2.5754e+000 -1.3570e+000 +1.5444e+000 +1.2194e+000 -2.2370e+000
425 +4.990398562e+000 +4.990398562e+000 -3.989996014e+002 -3.989996014e+002 -1.8078e+000 -2.1839e+000 +2.5446e-001 +7.1544e-001 -1.9644e+000
429 +3.177569579e+000 +3.177569579e+000 -4.008124304e+002 -4.008124304e+002 -2.4268e+000 -1.4397e+000 +7.9322e-001 +8.9100e-001 -2.0877e+000
437 +3.161493469e+000 +3.161493469e+000 -4.008285065e+002 -4.008285065e+002 -1.4573e+000 -1.2639e+000 +1.4089e+000 +1.8264e+000 -1.3416e+000
543 +2.999124031e+000 +2.999124031e+000 -4.009908760e+002 -4.009908760e+002 -1.4577e+000 -1.9035e+000 +2.0447e+000 +1.3181e+000 -1.9771e+000
585 +2.432486287e+000 +2.432486287e+000 -4.015575137e+002 -4.015575137e+002 -1.7163e+000 -3.0815e+000 +2.6078e-001 +1.0995e+000 -1.4674e+000
826 +2.020906572e+000 +2.020906572e+000 -4.019690934e+002 -4.019690934e+002 -1.5987e+000 -2.1770e+000 +2.0560e+000 +9.7161e-001 -1.5430e+000
929 +1.884689582e+000 +1.884689582e+000 -4.021053104e+002 -4.021053104e+002 -1.4596e+000 -1.4265e+000 +2.2911e+000 +2.0800e+000 -1.7059e+000
% function evaluation | noise-free fitness - Fopt (1.000000000000e+003) | best noise-free fitness - Fopt | measured fitness | best measured fitness | x1 | x2...
1 +6.592654473e+003 +6.592654473e+003 +7.592654473e+003 +7.592654473e+003 +0.0000e+000 +0.0000e+000 +0.0000e+000 +0.0000e+000 +0.0000e+000
128 +4.745599080e+003 +4.745599080e+003 +5.745599080e+003 +5.745599080e+003 +2.4095e+000 +1.7301e+000 -2.3080e+000 +4.5498e-001 -2.7654e-002
136 +2.344226503e+000 +2.344226503e+000 +1.002344227e+003 +1.002344227e+003 +2.4192e+000 +2.0229e+000 -2.3004e+000 +4.7274e-001 +1.3570e+000
296 +2.130028347e+000 +2.130028347e+000 +1.002130028e+003 +1.002130028e+003 +2.4938e+000 +1.9614e+000 -2.1399e+000 +4.8446e-001 +2.5655e+000
316 +2.009499617e+000 +2.009499617e+000 +1.002009500e+003 +1.002009500e+003 +2.4487e+000 +2.0631e+000 -2.1781e+000 +5.0113e-001 +2.1529e+000
332 +1.094284067e+000 +1.094284067e+000 +1.001094284e+003 +1.001094284e+003 +2.2435e+000 +2.0595e+000 -2.1617e+000 +5.3557e-001 +2.1187e+000
350 +8.458867625e-001 +8.458867625e-001 +1.000845887e+003 +1.000845887e+003 +2.2566e+000 +2.1383e+000 -2.1014e+000 +5.7529e-001 +2.4313e+000
531 +7.802835813e-001 +7.802835813e-001 +1.000780284e+003 +1.000780284e+003 +2.1026e+000 +2.1129e+000 -2.0960e+000 +5.4995e-001 +2.1277e+000
653 +3.421050551e-001 +3.421050551e-001 +1.000342105e+003 +1.000342105e+003 +2.1137e+000 +2.0295e+000 -2.1280e+000 +5.7324e-001 +2.4776e+000
875 +3.077757776e-001 +3.077757776e-001 +1.000307776e+003 +1.000307776e+003 +2.0901e+000 +2.1189e+000 -2.1040e+000 +5.8323e-001 +2.4595e+000
1460 +2.993424100e-001 +2.993424100e-001 +1.000299342e+003 +1.000299342e+003 +2.1706e+000 +2.1055e+000 -2.0924e+000 +5.9220e-001 +2.4770e+000
1640 +2.949708028e-001 +2.949708028e-001 +1.000294971e+003 +1.000294971e+003 +2.1667e+000 +2.0696e+000 -2.0954e+000 +5.7857e-001 +2.4901e+000
% function evaluation | noise-free fitness - Fopt (1.005700000000e+002) | best noise-free fitness - Fopt | measured fitness | best measured fitness | x1 | x2...
1 +6.592654473e+003 +6.592654473e+003 +6.693224473e+003 +6.693224473e+003 +0.0000e+000 +0.0000e+000 +0.0000e+000 +0.0000e+000 +0.0000e+000
227 +5.151886606e+003 +5.151886606e+003 +5.252456606e+003 +5.252456606e+003 -3.2934e+000 +2.3654e+000 +2.8012e+000 +6.4687e-001 -1.9442e+000
273 +4.864425683e+003 +4.864425683e+003 +4.964995683e+003 +4.964995683e+003 -3.3170e+000 +2.2709e+000 +2.7385e+000 +6.2735e-001 -2.6035e+000
278 +4.221323857e+003 +4.221323857e+003 +4.321893857e+003 +4.321893857e+003 -3.4252e+000 +9.4240e-001 +1.9062e+000 +9.7856e-001 -1.9135e+000
279 +3.981336770e+003 +3.981336770e+003 +4.081906770e+003 +4.081906770e+003 -3.3175e+000 +1.7997e+000 +1.6838e+000 +5.1732e-001 -2.6437e+000
282 +1.639684603e+003 +1.639684603e+003 +1.740254603e+003 +1.740254603e+003 -3.1491e+000 -3.5178e+000 +2.9225e+000 +4.2271e-001 -2.3159e+000
305 +9.930507858e+002 +9.930507858e+002 +1.093620786e+003 +1.093620786e+003 -3.3344e+000 +1.5660e-001 +2.4165e+000 +4.6819e-001 -2.5294e+000
306 +5.397237415e+002 +5.397237415e+002 +6.402937415e+002 +6.402937415e+002 -3.0621e+000 -9.0185e-001 +3.0217e+000 +3.7412e-001 -2.3198e+000
316 +3.206814015e+002 +3.206814015e+002 +4.212514015e+002 +4.212514015e+002 -3.0711e+000 -1.7785e-001 +2.1221e+000 +1.2872e-001 -2.3275e+000
357 +1.478410772e+002 +1.478410772e+002 +2.484110772e+002 +2.484110772e+002 -2.9280e+000 -6.9982e-001 +2.9142e+000 -1.9596e-001 -1.8902e+000
378 +1.063439486e+002 +1.063439486e+002 +2.069139486e+002 +2.069139486e+002 -1.8901e+000 -1.0932e+000 +2.8336e+000 +1.1538e-001 -2.1228e+000
386 +5.286560076e+000 +5.286560076e+000 +1.058565601e+002 +1.058565601e+002 -2.2743e+000 -6.0136e-002 +2.7332e+000 -2.8598e-001 -2.0159e+000
406 +3.638134806e+000 +3.638134806e+000 +1.042081348e+002 +1.042081348e+002 -5.5255e-001 -1.0711e+000 +2.3398e+000 -3.0538e-001 -2.2483e+000
414 +3.494094513e+000 +3.494094513e+000 +1.040640945e+002 +1.040640945e+002 -6.9374e-001 -1.0905e+000 +2.2570e+000 -1.0648e-001 -1.7700e+000
429 +3.028258167e+000 +3.028258167e+000 +1.035982582e+002 +1.035982582e+002 +7.8888e-001 -8.5721e-001 +2.3311e+000 -5.2969e-001 -1.7582e+000
435 +2.780799450e+000 +2.780799450e+000 +1.033507994e+002 +1.033507994e+002 -2.5126e+000 -1.2788e+000 +2.2517e+000 -6.0393e-001 -2.0135e+000
438 +2.737473941e+000 +2.737473941e+000 +1.033074739e+002 +1.033074739e+002 -1.7031e+000 -4.6132e-001 +2.6271e+000 -1.5030e+000 -1.6238e+000
467 +2.475863650e+000 +2.475863650e+000 +1.030458637e+002 +1.030458637e+002 -1.4560e+000 -1.1586e+000 +2.3267e+000 -3.7152e-001 -2.5198e+000
736 +2.250858338e+000 +2.250858338e+000 +1.028208583e+002 +1.028208583e+002 -1.2022e+000 -1.9191e-001 +1.0429e+000 -8.4723e-001 -2.4685e+000
919 +2.074440719e+000 +2.074440719e+000 +1.026444407e+002 +1.026444407e+002 -1.7796e+000 -9.8850e-001 +2.3246e+000 -2.0279e+000 -1.7630e+000
% function evaluation | noise-free fitness - Fopt (1.149000000000e+001) | best noise-free fitness - Fopt | measured fitness | best measured fitness | x1 | x2...
1 +6.592654473e+003 +6.592654473e+003 +6.604144473e+003 +6.604144473e+003 +0.0000e+000 +0.0000e+000 +0.0000e+000 +0.0000e+000 +0.0000e+000
308 +3.080764669e+003 +3.080764669e+003 +3.092254669e+003 +3.092254669e+003 +1.2907e+000 +4.3909e+000 +1.8541e+000 +1.3831e+000 +1.2400e+000
328 +1.488586482e+003 +1.488586482e+003 +1.500076482e+003 +1.500076482e+003 -8.0179e-001 +3.8112e+000 +1.8501e+000 +1.0286e+000 +8.7545e-001
430 +1.390821200e+003 +1.390821200e+003 +1.402311200e+003 +1.402311200e+003 -1.6728e+000 +3.6059e+000 +1.8890e+000 +2.3374e+000 +1.5056e+000
479 +1.324543034e+003 +1.324543034e+003 +1.336033034e+003 +1.336033034e+003 -1.3338e+000 +3.7963e+000 +1.8476e+000 +2.6653e+000 +1.8229e+000
481 +1.267271547e+003 +1.267271547e+003 +1.278761547e+003 +1.278761547e+003 -1.8150e+000 +3.7671e+000 +1.8567e+000 +2.1835e+000 +1.9581e+000
491 +9.710974399e+002 +9.710974399e+002 +9.825874399e+002 +9.825874399e+002 -9.0353e-001 +3.4623e+000 +1.6664e+000 +2.3824e+000 +1.5197e+000
564 +8.414336044e+002 +8.414336044e+002 +8.529236044e+002 +8.529236044e+002 -1.7780e+000 +3.6352e+000 +1.6556e+000 +1.8154e+000 +1.6719e+000
588 +6.797237157e+002 +6.797237157e+002 +6.912137157e+002 +6.912137157e+002 -1.7369e+000 +3.7212e+000 +1.5666e+000 +2.7905e+000 +1.5480e+000
670 +6.646895060e+002 +6.646895060e+002 +6.761795060e+002 +6.761795060e+002 -1.9664e+000 +3.6216e+000 +1.5684e+000 +2.6700e+000 +9.7035e-001
720 +6.127317782e+002 +6.127317782e+002 +6.242217782e+002 +6.242217782e+002 -1.8623e+000 +3.8119e+000 +1.5286e+000 +1.5195e+000 +1.8212e+000
770 +6.006020376e+002 +6.006020376e+002 +6.120920376e+002 +6.120920376e+002 -1.8400e+000 +3.8038e+000 +1.5191e+000 +1.7065e+000 +1.2610e+000
834 +4.438775463e+002 +4.438775463e+002 +4.553675463e+002 +4.553675463e+002 -1.5000e+000 +3.5871e+000 +1.4033e+000 +1.6279e+000 +1.5205e+000
852 +3.918548466e+002 +3.918548466e+002 +4.033448466e+002 +4.033448466e+002 -2.0283e+000 +3.4532e+000 +1.3737e+000 +2.4844e+000 +1.4546e+000
902 +3.878583693e+002 +3.878583693e+002 +3.993483693e+002 +3.993483693e+002 -2.3527e+000 +3.7045e+000 +1.4150e+000 +2.5393e+000 +1.5585e+000
921 +3.743044074e+002 +3.743044074e+002 +3.857944074e+002 +3.857944074e+002 -1.9741e+000 +3.7482e+000 +1.3750e+000 +1.7847e+000 +8.8407e-001
930 +3.514751850e+002 +3.514751850e+002 +3.629651850e+002 +3.629651850e+002 -1.7037e+000 +3.6376e+000 +1.2825e+000 +2.2132e+000 +2.3352e+000
934 +1.474767694e+002 +1.474767694e+002 +1.589667694e+002 +1.589667694e+002 -1.9680e+000 +3.8632e+000 +9.7493e-001 +2.7829e+000 +1.4235e+000
955 +1.245920564e+002 +1.245920564e+002 +1.360820564e+002 +1.360820564e+002 -2.3805e+000 +3.6175e+000 +1.1622e+000 +2.0272e+000 +1.8676e+000
997 +6.481060940e+001 +6.481060940e+001 +7.630060940e+001 +7.630060940e+001 -2.1426e+000 +3.7081e+000 +1.0024e+000 +2.2297e+000 +2.1346e+000
1087 +6.239290039e+001 +6.239290039e+001 +7.388290039e+001 +7.388290039e+001 -2.3041e+000 +3.5783e+000 +1.0592e+000 +2.0614e+000 +1.8622e+000
1102 +3.766676600e+001 +3.766676600e+001 +4.915676600e+001 +4.915676600e+001 -2.2986e+000 +3.5426e+000 +1.0037e+000 +1.8954e+000 +1.7285e+000
1133 +3.617000894e+001 +3.617000894e+001 +4.766000894e+001 +4.766000894e+001 -2.5576e+000 +3.7101e+000 +1.0002e+000 +1.9731e+000 +2.0198e+000
1135 +2.894793724e+001 +2.894793724e+001 +4.043793724e+001 +4.043793724e+001 -1.8814e+000 +3.5568e+000 +9.1891e-001 +1.9525e+000 +1.8366e+000
1138 +2.752266185e+001 +2.752266185e+001 +3.901266185e+001 +3.901266185e+001 -2.0936e+000 +3.1837e+000 +8.9340e-001 +1.9229e+000 +1.5469e+000
1157 +1.844898647e+001 +1.844898647e+001 +2.993898647e+001 +2.993898647e+001 -2.5192e+000 +3.6227e+000 +9.5990e-001 +1.9396e+000 +1.8892e+000
1171 +1.308166429e+001 +1.308166429e+001 +2.457166429e+001 +2.457166429e+001 -2.1897e+000 +3.2965e+000 +8.7149e-001 +1.9966e+000 +1.8043e+000
1215 +5.895191442e+000 +5.895191442e+000 +1.738519144e+001 +1.738519144e+001 -2.5445e+000 +3.3925e+000 +8.5264e-001 +1.8119e+000 +1.5972e+000
1249 +5.043031818e+000 +5.043031818e+000 +1.653303182e+001 +1.653303182e+001 -2.3981e+000 +3.4485e+000 +6.3760e-001 +1.8686e+000 +1.7344e+000
1267 +4.912699732e+000 +4.912699732e+000 +1.640269973e+001 +1.640269973e+001 -2.3064e+000 +3.4762e+000 +8.1888e-001 +1.6993e+000 +2.0228e+000
1269 +4.775975504e+000 +4.775975504e+000 +1.626597550e+001 +1.626597550e+001 -2.5629e+000 +3.5004e+000 +7.5846e-001 +1.6248e+000 +1.1236e+000
1270 +4.095170527e+000 +4.095170527e+000 +1.558517053e+001 +1.558517053e+001 -2.2803e+000 +3.3472e+000 +8.0402e-001 +1.9838e+000 +1.7002e+000
1277 +3.659870172e+000 +3.659870172e+000 +1.514987017e+001 +1.514987017e+001 -2.5186e+000 +3.5081e+000 +7.3140e-001 +1.8043e+000 +2.1834e+000
1281 +3.170382175e+000 +3.170382175e+000 +1.466038218e+001 +1.466038218e+001 -2.3890e+000 +3.4020e+000 +2.8698e-001 +1.5095e+000 +1.6731e+000
1327 +2.742116148e+000 +2.742116148e+000 +1.423211615e+001 +1.423211615e+001 -2.5022e+000 +3.3496e+000 +1.8636e-001 +1.3050e+000 +1.9036e+000
1421 +2.598586137e+000 +2.598586137e+000 +1.408858614e+001 +1.408858614e+001 -2.3735e+000 +3.2679e+000 -5.6579e-001 +1.3940e+000 +2.2852e+000
1436 +2.530794613e+000 +2.530794613e+000 +1.402079461e+001 +1.402079461e+001 -1.4473e+000 +2.9955e+000 -2.0066e+000 +1.4996e+000 +1.6983e+000
1554 +2.040629955e+000 +2.040629955e+000 +1.353062995e+001 +1.353062995e+001 -1.4746e+000 +3.1152e+000 -4.8094e-001 +1.3634e+000 +2.2884e+000
1739 +1.248543666e+000 +1.248543666e+000 +1.273854367e+001 +1.273854367e+001 -1.4673e+000 +3.0746e+000 -1.2702e+000 +2.3206e+000 +1.7011e+000
% function evaluation | noise-free fitness - Fopt (7.731000000000e+001) | best noise-free fitness - Fopt | measured fitness | best measured fitness | x1 | x2...
1 +6.592654473e+003 +6.592654473e+003 +6.669964473e+003 +6.669964473e+003 +0.0000e+000 +0.0000e+000 +0.0000e+000 +0.0000e+000 +0.0000e+000
255 +6.117200274e+003 +6.117200274e+003 +6.194510274e+003 +6.194510274e+003 +1.8454e-001 +3.0978e+000 +5.2565e-001 +2.2660e+000 +1.8065e+000
286 +5.500718720e+003 +5.500718720e+003 +5.578028720e+003 +5.578028720e+003 +2.5635e-001 +3.3279e+000 -4.3518e+000 +2.0352e+000 +1.6189e+000
294 +4.912951686e+003 +4.912951686e+003 +4.990261686e+003 +4.990261686e+003 +1.1666e-001 +3.2004e+000 -5.5030e-002 +2.2974e+000 +7.1898e-001
296 +2.543433682e+003 +2.543433682e+003 +2.620743682e+003 +2.620743682e+003 -2.7375e-001 +2.7747e+000 -1.6760e+000 +2.4535e+000 +1.7411e+000
318 +2.479720973e+003 +2.479720973e+003 +2.557030973e+003 +2.557030973e+003 +3.8637e-001 +2.5908e+000 -9.3604e-001 +2.4990e+000 +1.6655e+000
320 +2.198113258e+003 +2.198113258e+003 +2.275423258e+003 +2.275423258e+003 -2.2042e+000 +3.0375e+000 -3.8000e-001 +2.4577e+000 +5.3803e-001
350 +1.708134164e+003 +1.708134164e+003 +1.785444164e+003 +1.785444164e+003 -7.0176e-001 +2.5461e+000 -8.2155e-001 +1.9544e+000 +9.6387e-001
351 +8.833901264e+002 +8.833901264e+002 +9.607001264e+002 +9.607001264e+002 -8.0235e-001 +2.1347e+000 -1.3460e+000 +2.2828e+000 +1.2771e+000
355 +3.140106018e+002 +3.140106018e+002 +3.913206018e+002 +3.913206018e+002 -1.3408e+000 +1.8159e+000 -1.3630e+000 +2.3772e+000 +1.4219e+000
395 +2.839106036e+002 +2.839106036e+002 +3.612206036e+002 +3.612206036e+002 -2.5488e+000 +2.0835e+000 -7.9644e-001 +2.2954e+000 +9.0585e-001
397 +9.338904737e+001 +9.338904737e+001 +1.706990474e+002 +1.706990474e+002 -1.0067e+000 +1.4313e+000 -2.9774e+000 +2.0457e+000 +1.5994e+000
417 +6.182823910e+000 +6.182823910e+000 +8.349282391e+001 +8.349282391e+001 -1.4787e+000 +8.9587e-001 -9.1941e-001 +2.1943e+000 +1.0827e+000
463 +4.294602523e+000 +4.294602523e+000 +8.160460252e+001 +8.160460252e+001 -2.3877e+000 +1.3015e+000 -1.6987e+000 +1.4996e+000 +1.2002e+000
525 +3.526996113e+000 +3.526996113e+000 +8.083699611e+001 +8.083699611e+001 -2.2932e+000 +1.4070e+000 -1.1696e+000 +1.8631e+000 +1.1378e+000
530 +2.914935315e+000 +2.914935315e+000 +8.022493531e+001 +8.022493531e+001 -2.2405e+000 +1.2670e+000 -2.2859e+000 +1.5730e+000 +1.3674e+000
542 +2.262397017e+000 +2.262397017e+000 +7.957239702e+001 +7.957239702e+001 -2.0855e+000 +1.2899e+000 -9.1640e-001 +1.6377e+000 +1.0246e+000
594 +2.189335783e+000 +2.189335783e+000 +7.949933578e+001 +7.949933578e+001 -2.1027e+000 +1.2887e+000 -1.4241e+000 +2.2244e+000 +1.2321e+000
824 +2.143169165e+000 +2.143169165e+000 +7.945316917e+001 +7.945316917e+001 -2.2022e+000 +1.3710e+000 -3.1160e+000 +1.4142e+000 +2.1999e+000
992 +1.875235526e+000 +1.875235526e+000 +7.918523553e+001 +7.918523553e+001 -2.1835e+000 +1.3429e+000 -2.9407e+000 +1.5140e+000 +1.0634e+000
1057 +1.225448246e+000 +1.225448246e+000 +7.853544825e+001 +7.853544825e+001 -2.1195e+000 +1.3285e+000 -2.9473e+000 +1.9056e+000 +1.2961e+000
1136 +1.136061291e+000 +1.136061291e+000 +7.844606129e+001 +7.844606129e+001 -2.1014e+000 +1.3362e+000 -2.9823e+000 +3.2296e-001 +1.4248e+000
% function evaluation | noise-free fitness - Fopt (3.207700000000e+002) | best noise-free fitness - Fopt | measured fitness | best measured fitness | x1 | x2...
1 +6.592654473e+003 +6.592654473e+003 +6.913424473e+003 +6.913424473e+003 +0.0000e+000 +0.0000e+000 +0.0000e+000 +0.0000e+000 +0.0000e+000
381 +6.311793220e+003 +6.311793220e+003 +6.632563220e+003 +6.632563220e+003 -1.1380e+000 -3.4700e+000 -2.8868e+000 -9.6346e-001 +1.7669e+000
395 +5.831291379e+003 +5.831291379e+003 +6.152061379e+003 +6.152061379e+003 -1.3920e+000 -3.4463e+000 -2.8660e+000 -2.9882e+000 +1.9430e+000
406 +5.750611086e+003 +5.750611086e+003 +6.071381086e+003 +6.071381086e+003 -5.3311e-001 -3.2968e+000 -2.8808e+000 -2.3312e+000 +1.6811e+000
407 +4.537496472e+003 +4.537496472e+003 +4.858266472e+003 +4.858266472e+003 -1.1235e+000 -3.6796e+000 -2.6054e+000 -2.3976e+000 +1.5935e+000
424 +4.406326831e+003 +4.406326831e+003 +4.727096831e+003 +4.727096831e+003 -7.4687e-001 -3.9817e+000 -2.5698e+000 -2.2732e+000 +1.8551e+000
428 +1.500527008e+003 +1.500527008e+003 +1.821297008e+003 +1.821297008e+003 -5.8111e-001 -3.7610e+000 -1.7013e+000 -2.7512e+000 +1.1182e+000
464 +9.581449403e+002 +9.581449403e+002 +1.278914940e+003 +1.278914940e+003 -1.1422e+000 -3.7055e+000 +2.2314e+000 -2.3583e+000 +1.9937e+000
474 +7.062162030e+002 +7.062162030e+002 +1.026986203e+003 +1.026986203e+003 +1.5346e+000 -3.7942e+000 -1.5316e+000 -2.4930e+000 +2.2336e+000
477 +5.930852645e+002 +5.930852645e+002 +9.138552645e+002 +9.138552645e+002 +1.9169e+000 -3.4554e+000 +7.1771e-001 -2.3438e+000 +2.5534e+000
487 +1.734596830e+001 +1.734596830e+001 +3.381159683e+002 +3.381159683e+002 +2.6530e+000 -3.6662e+000 -8.7434e-001 -2.3635e+000 +1.8557e+000
537 +5.022008651e+000 +5.022008651e+000 +3.257920087e+002 +3.257920087e+002 +2.5310e+000 -3.5919e+000 -3.7745e-001 -2.0079e+000 +1.6872e+000
715 +3.367686149e+000 +3.367686149e+000 +3.241376861e+002 +3.241376861e+002 +2.4382e+000 -3.3197e+000 +9.6952e-001 -1.1938e+000 +2.0453e+000
760 +2.549685454e+000 +2.549685454e+000 +3.233196855e+002 +3.233196855e+002 +1.4982e+000 -2.3878e+000 +1.6925e-001 -1.0597e+000 +2.4087e+000
1003 +2.365165009e+000 +2.365165009e+000 +3.231351650e+002 +3.231351650e+002 +7.1021e-001 -2.7956e+000 +5.0245e-001 -1.8066e+000 +2.1825e+000
% function evaluation | noise-free fitness - Fopt (1.893000000000e+001) | best noise-free fitness - Fopt | measured fitness | best measured fitness | x1 | x2...
1 +6.592654473e+003 +6.592654473e+003 +6.611584473e+003 +6.611584473e+003 +0.0000e+000 +0.0000e+000 +0.0000e+000 +0.0000e+000 +0.0000e+000
256 +4.085862780e+001 +4.085862780e+001 +5.978862780e+001 +5.978862780e+001 +2.6462e+000 -1.9480e+000 -2.3867e+000 -2.3068e+000 +6.9022e-001
359 +2.270991576e+001 +2.270991576e+001 +4.163991576e+001 +4.163991576e+001 +2.6992e+000 -1.3481e-001 -2.8246e+000 -1.5992e+000 +9.2746e-001
378 +1.372584609e+001 +1.372584609e+001 +3.265584609e+001 +3.265584609e+001 +1.3863e+000 +1.4220e-001 -2.6991e+000 -2.0120e+000 +6.1888e-001
414 +3.371805427e+000 +3.371805427e+000 +2.230180543e+001 +2.230180543e+001 -8.2010e-001 +4.6831e-001 -2.5897e+000 -1.9150e+000 +1.0085e+000
427 +2.640389010e+000 +2.640389010e+000 +2.157038901e+001 +2.157038901e+001 -4.1756e-001 -2.0641e-001 -2.5718e+000 -2.0955e+000 +1.0093e+000
1018 +2.279461905e+000 +2.279461905e+000 +2.120946191e+001 +2.120946191e+001 -1.4194e+000 -1.9122e-001 -1.1362e+000 -2.4178e+000 +1.6502e+000
1816 +2.109606589e+000 +2.109606589e+000 +2.103960659e+001 +2.103960659e+001 -5.0986e-002 +3.7556e-002 -2.6380e+000 -1.5510e+000 +1.9266e+000
