% function evaluation | noise-free fitness - Fopt (3.590000000000e+01) | best noise-free fitness - Fopt | measured fitness | best measured fitness | x1 | x2...
1 +1.143844717e+02 +1.143844717e+02 +1.502844717e+02 +1.502844717e+02 +0.0000e+00 +0.0000e+00 +0.0000e+00
362 +1.085412907e+02 +1.085412907e+02 +1.444412907e+02 +1.444412907e+02 -1.4955e+00 +1.6078e+00 -3.3406e+00
379 +6.633412415e+01 +6.633412415e+01 +1.022341242e+02 +1.022341242e+02 -5.1860e-01 +6.6482e-01 -1.8865e+00
457 +5.384039814e+01 +5.384039814e+01 +8.974039814e+01 +8.974039814e+01 -1.1383e+00 +9.6511e-01 -1.4339e+00
520 +4.967491077e+01 +4.967491077e+01 +8.557491077e+01 +8.557491077e+01 -1.0410e+00 +1.3078e+00 -1.3713e+00
564 +4.582739577e+01 +4.582739577e+01 +8.172739577e+01 +8.172739577e+01 -7.8398e-01 +1.2415e+00 -1.1809e+00
606 +4.532071272e+01 +4.532071272e+01 +8.122071272e+01 +8.122071272e+01 -6.9969e-01 +1.2683e+00 -1.1644e+00
624 +4.448612269e+01 +4.448612269e+01 +8.038612269e+01 +8.038612269e+01 -3.2268e-01 +1.3121e+00 -1.1308e+00
645 +4.123693981e+01 +4.123693981e+01 +7.713693981e+01 +7.713693981e+01 -4.8896e-01 +1.3540e+00 -9.2675e-01
652 +3.963156029e+01 +3.963156029e+01 +7.553156029e+01 +7.553156029e+01 +2.9284e-01 +1.3148e+00 -8.0221e-01
662 +3.483372689e+01 +3.483372689e+01 +7.073372689e+01 +7.073372689e+01 +3.1013e-01 +1.2876e+00 -6.0321e-01
677 +2.331952943e+01 +2.331952943e+01 +5.921952943e+01 +5.921952943e+01 +1.5882e-01 +9.7904e-01 +1.5746e-01
708 +2.217207676e+01 +2.217207676e+01 +5.807207676e+01 +5.807207676e+01 +9.7595e-01 +8.9538e-01 +2.7012e-01
731 +1.307098691e+01 +1.307098691e+01 +4.897098691e+01 +4.897098691e+01 +1.2630e+00 +5.4486e-01 +8.2238e-01
754 +8.278106976e+00 +8.278106976e+00 +4.417810698e+01 +4.417810698e+01 +1.4180e+00 +7.9635e-01 +1.2304e+00
781 +7.409733396e+00 +7.409733396e+00 +4.330973340e+01 +4.330973340e+01 +1.8146e+00 +1.4252e+00 +1.1450e+00
785 +7.045921533e+00 +7.045921533e+00 +4.294592153e+01 +4.294592153e+01 +1.6838e+00 +7.9922e-01 +1.3260e+00
798 +6.787980554e+00 +6.787980554e+00 +4.268798055e+01 +4.268798055e+01 +1.8271e+00 +5.2420e-01 +1.4849e+00
817 +6.684870696e+00 +6.684870696e+00 +4.258487070e+01 +4.258487070e+01 +1.7249e+00 +1.0707e+00 +1.3163e+00
820 +6.586872075e+00 +6.586872075e+00 +4.248687208e+01 +4.248687208e+01 +1.8242e+00 +6.3658e-01 +1.4854e+00
822 +6.298541779e+00 +6.298541779e+00 +4.219854178e+01 +4.219854178e+01 +1.7719e+00 +7.7607e-01 +1.4844e+00
825 +5.778815797e+00 +5.778815797e+00 +4.167881580e+01 +4.167881580e+01 +1.8110e+00 +8.0994e-01 +1.5303e+00
827 +5.033878019e+00 +5.033878019e+00 +4.093387802e+01 +4.093387802e+01 +1.8794e+00 +7.4766e-01 +1.6252e+00
894 +4.556427613e+00 +4.556427613e+00 +4.045642761e+01 +4.045642761e+01 +2.1796e+00 +6.7594e-01 +1.6942e+00
% function evaluation | noise-free fitness - Fopt (3.137000000000e+01) | best noise-free fitness - Fopt | measured fitness | best measured fitness | x1 | x2...
1 +6.057820710e+01 +6.057820710e+01 +9.194820710e+01 +9.194820710e+01 +0.0000e+00 +0.0000e+00 +0.0000e+00
222 +4.552674327e+01 +4.552674327e+01 +7.689674327e+01 +7.689674327e+01 -1.6106e+00 -2.6725e-01 +6.3212e-01
269 +4.138086895e+01 +4.138086895e+01 +7.275086895e+01 +7.275086895e+01 -1.4163e+00 +1.4184e+00 +3.3143e-01
294 +3.931517660e+01 +3.931517660e+01 +7.068517660e+01 +7.068517660e+01 -1.4657e+00 -2.5750e-01 +1.2612e-01
344 +3.759938167e+01 +3.759938167e+01 +6.896938167e+01 +6.896938167e+01 -1.0400e+00 -1.8619e-01 -2.6743e-01
347 +3.533681884e+01 +3.533681884e+01 +6.670681884e+01 +6.670681884e+01 -1.3248e+00 +3.9187e-01 -5.0296e-02
408 +3.457962050e+01 +3.457962050e+01 +6.594962050e+01 +6.594962050e+01 -1.2816e+00 +8.4019e-01 -7.1044e-02
409 +3.188182968e+01 +3.188182968e+01 +6.325182968e+01 +6.325182968e+01 -1.2232e+00 +8.4587e-01 -2.0425e-01
427 +2.577415335e+01 +2.577415335e+01 +5.714415335e+01 +5.714415335e+01 -1.2630e+00 +7.8158e-01 -4.3529e-01
444 +2.348613169e+01 +2.348613169e+01 +5.485613169e+01 +5.485613169e+01 -1.1840e+00 +1.3374e-01 -8.4299e-01
517 +2.322477251e+01 +2.322477251e+01 +5.459477251e+01 +5.459477251e+01 -1.1576e+00 +4.8949e-01 -8.5826e-01
592 +2.290808863e+01 +2.290808863e+01 +5.427808863e+01 +5.427808863e+01 -1.1477e+00 +4.7168e-01 -9.2034e-01
675 +2.186341824e+01 +2.186341824e+01 +5.323341824e+01 +5.323341824e+01 -1.0689e+00 +5.8920e-01 -1.0506e+00
689 +1.896113681e+01 +1.896113681e+01 +5.033113681e+01 +5.033113681e+01 -1.0707e+00 +6.1163e-01 -1.1859e+00
703 +1.756738285e+01 +1.756738285e+01 +4.893738285e+01 +4.893738285e+01 -1.0271e+00 +5.4844e-01 -1.2826e+00
799 +1.726211746e+01 +1.726211746e+01 +4.863211746e+01 +4.863211746e+01 -1.0284e+00 +1.2063e+00 -1.2252e+00
% function evaluation | noise-free fitness - Fopt (-1.000000000000e+03) | best noise-free fitness - Fopt | measured fitness | best measured fitness | x1 | x2...
1 +6.079703817e+04 +6.079703817e+04 +5.979703817e+04 +5.979703817e+04 +0.0000e+00 +0.0000e+00 +0.0000e+00
84 +5.878540169e+04 +5.878540169e+04 +5.778540169e+04 +5.778540169e+04 -3.8677e+00 +9.0828e-01 -2.4822e+00
95 +3.880662483e+04 +3.880662483e+04 +3.780662483e+04 +3.780662483e+04 -3.8655e+00 +9.1626e-01 -9.2020e-01
100 +3.731905695e+04 +3.731905695e+04 +3.631905695e+04 +3.631905695e+04 -3.7115e+00 +9.2469e-01 -1.2931e+00
101 +3.702613279e+04 +3.702613279e+04 +3.602613279e+04 +3.602613279e+04 -3.8326e+00 +8.9571e-01 -1.0135e+00
110 +3.540733425e+04 +3.540733425e+04 +3.440733425e+04 +3.440733425e+04 -3.8452e+00 +8.9869e-01 -1.3900e+00
122 +3.394867759e+04 +3.394867759e+04 +3.294867759e+04 +3.294867759e+04 -4.3728e+00 +9.1093e-01 -1.1267e+00
144 +3.380692963e+04 +3.380692963e+04 +3.280692963e+04 +3.280692963e+04 -4.3354e+00 +9.1471e-01 -1.3847e+00
155 +3.264112825e+04 +3.264112825e+04 +3.164112825e+04 +3.164112825e+04 -5.0813e+00 +9.1530e-01 -1.9172e+00
171 +3.150811119e+04 +3.150811119e+04 +3.050811119e+04 +3.050811119e+04 -4.9187e+00 +9.1991e-01 -1.5081e+00
172 +2.913833204e+04 +2.913833204e+04 +2.813833204e+04 +2.813833204e+04 -4.9895e+00 +8.6115e-01 -1.3975e+00
182 +2.595408332e+04 +2.595408332e+04 +2.495408332e+04 +2.495408332e+04 -5.8827e+00 +9.1192e-01 -2.0210e+00
183 +1.883782849e+04 +1.883782849e+04 +1.783782849e+04 +1.783782849e+04 -6.2121e+00 +9.2766e-01 -1.4256e+00
199 +1.859030338e+04 +1.859030338e+04 +1.759030338e+04 +1.759030338e+04 -5.8519e+00 +7.6949e-01 -1.2983e+00
200 +1.146908955e+04 +1.146908955e+04 +1.046908955e+04 +1.046908955e+04 -7.2169e+00 +8.2001e-01 -1.5445e+00
212 +1.020822110e+04 +1.020822110e+04 +9.208221102e+03 +9.208221102e+03 -7.4693e+00 +8.3299e-01 -1.5111e+00
217 +9.533201042e+02 +9.533201042e+02 -4.667989578e+01 -4.667989578e+01 -1.0425e+01 +8.0894e-01 -1.7543e+00
227 +5.478982301e+02 +5.478982301e+02 -4.521017699e+02 -4.521017699e+02 -1.0287e+01 +6.3344e-01 -1.5545e+00
228 +3.626471001e+02 +3.626471001e+02 -6.373528999e+02 -6.373528999e+02 -1.2954e+01 +9.1500e-01 -1.9439e+00
245 +3.541420060e+02 +3.541420060e+02 -6.458579940e+02 -6.458579940e+02 -1.3136e+01 +6.6685e-01 -1.4002e+00
247 +3.222721340e+02 +3.222721340e+02 -6.777278660e+02 -6.777278660e+02 -1.2605e+01 +6.8715e-01 -1.3299e+00
271 +3.154285116e+02 +3.154285116e+02 -6.845714884e+02 -6.845714884e+02 -1.2135e+01 +9.3893e-01 -1.8667e+00
275 +2.785776488e+02 +2.785776488e+02 -7.214223512e+02 -7.214223512e+02 -1.1863e+01 +7.2705e-01 -1.3861e+00
333 +2.734894084e+02 +2.734894084e+02 -7.265105916e+02 -7.265105916e+02 -1.1960e+01 +2.0378e-01 -1.3376e+00
347 +2.439874746e+02 +2.439874746e+02 -7.560125254e+02 -7.560125254e+02 -1.1339e+01 +5.5239e-01 -1.2204e+00
365 +2.170741621e+02 +2.170741621e+02 -7.829258379e+02 -7.829258379e+02 -1.1056e+01 -1.0295e+00 -4.1082e-01
383 +2.128335585e+02 +2.128335585e+02 -7.871664415e+02 -7.871664415e+02 -1.1244e+01 -1.7204e+00 +1.2409e+00
411 +1.909801277e+02 +1.909801277e+02 -8.090198723e+02 -8.090198723e+02 -1.0823e+01 -1.9373e+00 +2.4570e+00
416 +1.740527784e+02 +1.740527784e+02 -8.259472216e+02 -8.259472216e+02 -1.0618e+01 -2.1366e+00 +2.8193e+00
420 +1.650792310e+02 +1.650792310e+02 -8.349207690e+02 -8.349207690e+02 -9.7253e+00 -1.3349e+00 +1.4022e+00
423 +1.148643528e+02 +1.148643528e+02 -8.851356472e+02 -8.851356472e+02 -8.4664e+00 -2.1925e+00 +2.0931e+00
471 +9.967710458e+01 +9.967710458e+01 -9.003228954e+02 -9.003228954e+02 -7.9644e+00 -2.8202e+00 +2.8208e+00
485 +4.445135743e+01 +4.445135743e+01 -9.555486426e+02 -9.555486426e+02 -5.3061e+00 -2.9206e+00 +2.9981e+00
510 +2.325376127e+01 +2.325376127e+01 -9.767462387e+02 -9.767462387e+02 -3.2365e+00 -2.8654e+00 +1.9836e+00
525 +2.274991104e+01 +2.274991104e+01 -9.772500890e+02 -9.772500890e+02 -3.4567e+00 -2.8623e+00 +2.7374e+00
535 +2.007894353e+01 +2.007894353e+01 -9.799210565e+02 -9.799210565e+02 -3.1002e+00 -2.8922e+00 +2.3299e+00
541 +1.455076879e+01 +1.455076879e+01 -9.854492312e+02 -9.854492312e+02 -2.8057e+00 -2.8846e+00 +2.3825e+00
542 +1.297724162e+01 +1.297724162e+01 -9.870227584e+02 -9.870227584e+02 -2.6151e+00 -2.8772e+00 +2.3327e+00
545 +6.912807532e+00 +6.912807532e+00 -9.930871925e+02 -9.930871925e+02 -1.7439e+00 -2.8774e+00 +2.3235e+00
624 +6.283499606e+00 +6.283499606e+00 -9.937165004e+02 -9.937165004e+02 -1.5619e+00 -2.8803e+00 +2.3176e+00
680 +6.129129708e+00 +6.129129708e+00 -9.938708703e+02 -9.938708703e+02 -1.5144e+00 -2.8380e+00 +2.3066e+00
685 +4.328340528e+00 +4.328340528e+00 -9.956716595e+02 -9.956716595e+02 -1.3118e+00 -2.9105e+00 +2.3857e+00
822 +3.883806978e+00 +3.883806978e+00 -9.961161930e+02 -9.961161930e+02 -1.3802e+00 -3.1676e+00 +2.5722e+00
841 +3.775627764e+00 +3.775627764e+00 -9.962243722e+02 -9.962243722e+02 -1.2865e+00 -4.2812e+00 +3.2896e+00
842 +3.231258683e+00 +3.231258683e+00 -9.967687413e+02 -9.967687413e+02 -1.3154e+00 -3.4960e+00 +2.7116e+00
863 +2.732226584e+00 +2.732226584e+00 -9.972677734e+02 -9.972677734e+02 -1.4325e+00 -3.5705e+00 +3.2081e+00
874 +2.675674788e+00 +2.675674788e+00 -9.973243252e+02 -9.973243252e+02 -1.3253e+00 -3.4286e+00 +2.9029e+00
% function evaluation | noise-free fitness - Fopt (1.319200000000e+02) | best noise-free fitness - Fopt | measured fitness | best measured fitness | x1 | x2...
1 +6.417320313e+04 +6.417320313e+04 +6.430512313e+04 +6.430512313e+04 +0.0000e+00 +0.0000e+00 +0.0000e+00
2 +5.651956101e+04 +5.651956101e+04 +5.665148101e+04 +5.665148101e+04 +4.1535e+00 +3.2575e-01 +4.7365e-01
3 +5.614315472e+04 +5.614315472e+04 +5.627507472e+04 +5.627507472e+04 +4.1783e+00 +3.4206e-01 +4.6982e-01
15 +5.423988549e+04 +5.423988549e+04 +5.437180549e+04 +5.437180549e+04 +4.3625e+00 +3.2782e-01 +4.7448e-01
17 +4.852903834e+04 +4.852903834e+04 +4.866095834e+04 +4.866095834e+04 +4.7703e+00 +3.3003e-01 +4.6654e-01
35 +3.806243148e+04 +3.806243148e+04 +3.819435148e+04 +3.819435148e+04 +5.7132e+00 +3.4672e-01 +4.6492e-01
50 +3.782428981e+04 +3.782428981e+04 +3.795620981e+04 +3.795620981e+04 +5.6556e+00 +2.4762e-01 +4.6294e-01
52 +3.442124281e+04 +3.442124281e+04 +3.455316281e+04 +3.455316281e+04 +6.4198e+00 +2.8286e-01 +4.6841e-01
57 +3.386136689e+04 +3.386136689e+04 +3.399328689e+04 +3.399328689e+04 +6.9397e+00 +4.4847e-01 +4.6422e-01
63 +3.311302581e+04 +3.311302581e+04 +3.324494581e+04 +3.324494581e+04 +7.3428e+00 +3.2275e-01 +4.6715e-01
66 +1.847343350e+04 +1.847343350e+04 +1.860535350e+04 +1.860535350e+04 +9.8469e+00 +1.2710e-01 +4.6770e-01
77 +1.769364890e+04 +1.769364890e+04 +1.782556890e+04 +1.782556890e+04 +1.0117e+01 +7.3052e-02 +4.7263e-01
80 +1.544976831e+04 +1.544976831e+04 +1.558168831e+04 +1.558168831e+04 +1.1033e+01 +1.9172e-01 +4.5361e-01
88 +1.340468211e+04 +1.340468211e+04 +1.353660211e+04 +1.353660211e+04 +1.2193e+01 +2.5842e-01 +4.7067e-01
92 +3.972564190e+03 +3.972564190e+03 +4.104484190e+03 +4.104484190e+03 +3.7998e+01 +1.9047e-01 +4.7805e-01
97 +3.669648458e+03 +3.669648458e+03 +3.801568458e+03 +3.801568458e+03 +2.5171e+01 -1.2394e-01 +4.5216e-01
107 +3.586989800e+03 +3.586989800e+03 +3.718909800e+03 +3.718909800e+03 +2.6918e+01 -9.7309e-02 +4.1825e-01
118 +2.851618591e+03 +2.851618591e+03 +2.983538591e+03 +2.983538591e+03 +2.1126e+01 -4.6233e-01 +4.7105e-01
124 +1.835343656e+03 +1.835343656e+03 +1.967263656e+03 +1.967263656e+03 +1.8642e+01 -1.7592e+00 +4.3971e-01
200 +1.550614684e+03 +1.550614684e+03 +1.682534684e+03 +1.682534684e+03 +1.7527e+01 -6.5172e-01 +8.0372e-02
218 +1.445297750e+03 +1.445297750e+03 +1.577217750e+03 +1.577217750e+03 +1.6296e+01 -1.6155e+00 +1.4000e-01
234 +1.294085635e+03 +1.294085635e+03 +1.426005635e+03 +1.426005635e+03 +1.5825e+01 -8.2498e-01 +1.2069e-01
275 +1.258904267e+03 +1.258904267e+03 +1.390824267e+03 +1.390824267e+03 +1.5505e+01 -8.8096e-01 +1.4779e-01
294 +1.153059179e+03 +1.153059179e+03 +1.284979179e+03 +1.284979179e+03 +1.4436e+01 -9.0081e-01 +8.3342e-02
303 +1.070714578e+03 +1.070714578e+03 +1.202634578e+03 +1.202634578e+03 +1.3342e+01 -1.0068e+00 -3.6451e-01
353 +1.006497444e+03 +1.006497444e+03 +1.138417444e+03 +1.138417444e+03 +1.3119e+01 -3.8560e-01 -7.7953e-01
369 +9.480811567e+02 +9.480811567e+02 +1.080001157e+03 +1.080001157e+03 +1.2053e+01 -7.5448e-01 -5.7343e-01
379 +7.375515555e+02 +7.375515555e+02 +8.694715555e+02 +8.694715555e+02 +9.5104e+00 -7.8178e-01 -1.0673e+00
394 +6.596353984e+02 +6.596353984e+02 +7.915553984e+02 +7.915553984e+02 +8.8059e+00 -8.2231e-01 -1.8197e+00
404 +5.635982051e+02 +5.635982051e+02 +6.955182051e+02 +6.955182051e+02 +7.6380e+00 -8.5423e-01 -1.8144e+00
410 +5.253128827e+02 +5.253128827e+02 +6.572328827e+02 +6.572328827e+02 +7.3970e+00 -7.7393e-01 -2.0400e+00
429 +4.302533069e+02 +4.302533069e+02 +5.621733069e+02 +5.621733069e+02 +6.2923e+00 -7.9018e-01 -2.4070e+00
447 +3.734121651e+02 +3.734121651e+02 +5.053321651e+02 +5.053321651e+02 +5.6498e+00 -4.2836e-01 -5.1696e+00
454 +3.630946556e+02 +3.630946556e+02 +4.950146556e+02 +4.950146556e+02 +5.2932e+00 +3.9498e-01 -2.4357e+00
468 +3.524456172e+02 +3.524456172e+02 +4.843656172e+02 +4.843656172e+02 +4.7198e+00 -4.6943e-01 -3.1850e+00
469 +3.374614198e+02 +3.374614198e+02 +4.693814198e+02 +4.693814198e+02 +5.0609e+00 +4.1063e-02 -3.4868e+00
471 +3.267276585e+02 +3.267276585e+02 +4.586476585e+02 +4.586476585e+02 +4.4777e+00 -4.8841e-01 -3.4040e+00
482 +3.132137403e+02 +3.132137403e+02 +4.451337403e+02 +4.451337403e+02 +3.8735e+00 -1.0919e+00 -3.5495e+00
488 +2.456446519e+02 +2.456446519e+02 +3.775646519e+02 +3.775646519e+02 +3.3672e+00 -7.7827e-01 -3.5940e+00
490 +2.218259818e+02 +2.218259818e+02 +3.537459818e+02 +3.537459818e+02 +4.0356e+00 +7.0232e-01 -3.4904e+00
497 +2.070729794e+02 +2.070729794e+02 +3.389929794e+02 +3.389929794e+02 +2.4931e+00 +8.5810e-02 -3.5904e+00
515 +1.982438039e+02 +1.982438039e+02 +3.301638039e+02 +3.301638039e+02 +3.0041e+00 +1.0007e+00 -3.5373e+00
521 +1.890438405e+02 +1.890438405e+02 +3.209638405e+02 +3.209638405e+02 +1.4307e+00 -7.9843e-01 -3.8177e+00
541 +1.468028411e+02 +1.468028411e+02 +2.787228411e+02 +2.787228411e+02 +2.1348e+00 +8.2591e-01 -3.6367e+00
542 +1.432252299e+02 +1.432252299e+02 +2.751452299e+02 +2.751452299e+02 +1.7531e+00 +5.2727e-01 -3.3933e+00
544 +1.275261343e+02 +1.275261343e+02 +2.594461343e+02 +2.594461343e+02 +1.6296e+00 +5.7873e-01 -3.8312e+00
545 +1.170775651e+02 +1.170775651e+02 +2.489975651e+02 +2.489975651e+02 +1.7466e+00 +1.3877e+00 -3.4746e+00
552 +1.092808643e+02 +1.092808643e+02 +2.412008643e+02 +2.412008643e+02 +3.1736e-01 +3.2385e-01 -3.3486e+00
564 +9.911154020e+01 +9.911154020e+01 +2.310315402e+02 +2.310315402e+02 +8.8488e-01 +1.2704e+00 -3.6359e+00
565 +7.924617166e+01 +7.924617166e+01 +2.111661717e+02 +2.111661717e+02 -1.0493e-01 +6.9922e-01 -3.4815e+00
571 +5.925917737e+01 +5.925917737e+01 +1.911791774e+02 +1.911791774e+02 -5.4026e-01 +1.1400e+00 -3.4007e+00
572 +5.665332872e+01 +5.665332872e+01 +1.885733287e+02 +1.885733287e+02 -8.1270e-01 +9.4135e-01 -3.3797e+00
573 +5.018720182e+01 +5.018720182e+01 +1.821072018e+02 +1.821072018e+02 -9.6931e-01 +9.5305e-01 -3.5959e+00
574 +4.141623817e+01 +4.141623817e+01 +1.733362382e+02 +1.733362382e+02 -1.0760e+00 +1.4509e+00 -3.4461e+00
589 +1.432019010e+01 +1.432019010e+01 +1.462401901e+02 +1.462401901e+02 -2.6142e+00 +1.6509e+00 -3.4133e+00
590 +4.698718187e+00 +4.698718187e+00 +1.366187182e+02 +1.366187182e+02 -3.5144e+00 +1.2046e+00 -3.9916e+00
619 +2.456002890e+00 +2.456002890e+00 +1.343760029e+02 +1.343760029e+02 -3.3716e+00 +1.7847e+00 -4.2741e+00
683 +2.060480938e+00 +2.060480938e+00 +1.339804809e+02 +1.339804809e+02 -3.2697e+00 +2.1258e+00 -4.3537e+00
719 +1.059957092e+00 +1.059957092e+00 +1.329799571e+02 +1.329799571e+02 -3.6467e+00 +1.9164e+00 -4.2119e+00
761 +9.476144843e-01 +9.476144843e-01 +1.328676145e+02 +1.328676145e+02 -3.4731e+00 +1.9908e+00 -3.9736e+00
793 +8.879231886e-01 +8.879231886e-01 +1.328079232e+02 +1.328079232e+02 -3.5379e+00 +2.1015e+00 -4.1691e+00
799 +7.481388465e-01 +7.481388465e-01 +1.326681388e+02 +1.326681388e+02 -3.4359e+00 +2.1345e+00 -3.9583e+00
819 +6.614021129e-01 +6.614021129e-01 +1.325814021e+02 +1.325814021e+02 -3.5157e+00 +2.1583e+00 -3.9912e+00
859 +2.259085219e-01 +2.259085219e-01 +1.321459085e+02 +1.321459085e+02 -3.7689e+00 +1.9890e+00 -3.8987e+00
% function evaluation | noise-free fitness - Fopt (5.908400000000e+02) | best noise-free fitness - Fopt | measured fitness | best measured fitness | x1 | x2...
1 +6.628683860e+04 +6.628683860e+04 +6.687767860e+04 +6.687767860e+04 +0.0000e+00 +0.0000e+00 +0.0000e+00
2 +6.149396228e+04 +6.149396228e+04 +6.208480228e+04 +6.208480228e+04 -7.8567e-01 -3.6131e+00 +4.4321e+00
24 +5.920432809e+04 +5.920432809e+04 +5.979516809e+04 +5.979516809e+04 -6.9881e-01 -3.6130e+00 +4.4818e+00
36 +5.707024964e+04 +5.707024964e+04 +5.766108964e+04 +5.766108964e+04 -6.5850e-01 -3.6130e+00 +4.3687e+00
40 +4.208617933e+04 +4.208617933e+04 +4.267701933e+04 +4.267701933e+04 -3.8869e-01 -3.6131e+00 +4.4164e+00
44 +4.006939667e+04 +4.006939667e+04 +4.066023667e+04 +4.066023667e+04 -3.5621e-01 -3.6130e+00 +4.3363e+00
59 +3.817020216e+04 +3.817020216e+04 +3.876104216e+04 +3.876104216e+04 -2.4280e-01 -3.6129e+00 +4.9838e+00
61 +2.606308170e+04 +2.606308170e+04 +2.665392170e+04 +2.665392170e+04 +2.6873e-01 -3.6130e+00 +4.3490e+00
70 +3.676585452e+03 +3.676585452e+03 +4.267425452e+03 +4.267425452e+03 +1.5340e+00 -3.6129e+00 +4.4618e+00
71 +2.108064085e+02 +2.108064085e+02 +8.016464085e+02 +8.016464085e+02 +2.2823e+00 -3.6140e+00 +4.6222e+00
75 +1.206891438e+02 +1.206891438e+02 +7.115291438e+02 +7.115291438e+02 +3.2892e+00 -3.6129e+00 +3.3303e+00
95 +1.175314207e+02 +1.175314207e+02 +7.083714207e+02 +7.083714207e+02 +6.8003e+00 -3.6133e+00 +2.8665e+00
108 +9.371383466e+01 +9.371383466e+01 +6.845538347e+02 +6.845538347e+02 +4.1301e+00 -3.6134e+00 +2.2930e+00
122 +7.457644218e+01 +7.457644218e+01 +6.654164422e+02 +6.654164422e+02 +4.6931e+00 -3.6135e+00 +1.7025e+00
140 +6.586398780e+01 +6.586398780e+01 +6.567039878e+02 +6.567039878e+02 +6.0196e+00 -3.6135e+00 +4.0203e-02
157 +6.201265948e+01 +6.201265948e+01 +6.528526595e+02 +6.528526595e+02 +5.0062e+00 -3.6133e+00 +8.8721e-01
170 +5.937945628e+01 +5.937945628e+01 +6.502194563e+02 +6.502194563e+02 +2.5447e+00 -3.6136e+00 +8.6868e-01
171 +2.907551263e+01 +2.907551263e+01 +6.199155126e+02 +6.199155126e+02 +3.4741e+00 -3.6146e+00 -4.5189e-01
187 +2.388536963e+01 +2.388536963e+01 +6.147253696e+02 +6.147253696e+02 +3.2689e+00 -3.6126e+00 -7.8600e-01
206 +2.317495492e+01 +2.317495492e+01 +6.140149549e+02 +6.140149549e+02 +3.6737e+00 -3.6136e+00 -1.2320e+00
219 +1.853189845e+01 +1.853189845e+01 +6.093718984e+02 +6.093718984e+02 +3.4986e+00 -3.6138e+00 -1.5787e+00
274 +1.663337637e+01 +1.663337637e+01 +6.074733764e+02 +6.074733764e+02 +3.0192e+00 -3.6139e+00 -1.3516e+00
281 +1.210201795e+01 +1.210201795e+01 +6.029420180e+02 +6.029420180e+02 +2.0106e+00 -3.6127e+00 -1.7933e+00
298 +1.159891620e+01 +1.159891620e+01 +6.024389162e+02 +6.024389162e+02 +2.4424e+00 -3.6148e+00 -1.8076e+00
306 +8.826792062e+00 +8.826792062e+00 +5.996667921e+02 +5.996667921e+02 +2.3014e+00 -3.6109e+00 -1.9710e+00
334 +7.015884362e+00 +7.015884362e+00 +5.978558844e+02 +5.978558844e+02 +2.4484e+00 -3.6092e+00 -2.1801e+00
354 +6.896028471e+00 +6.896028471e+00 +5.977360285e+02 +5.977360285e+02 +2.7601e+00 -3.6098e+00 -2.5076e+00
365 +5.089342446e+00 +5.089342446e+00 +5.959293424e+02 +5.959293424e+02 +2.3220e+00 -3.5855e+00 -2.4744e+00
388 +4.769617699e+00 +4.769617699e+00 +5.956096177e+02 +5.956096177e+02 +2.3343e+00 -3.6099e+00 -2.5384e+00
391 +4.420906913e+00 +4.420906913e+00 +5.952609069e+02 +5.952609069e+02 +2.4074e+00 -3.6065e+00 -2.6776e+00
393 +3.888972600e+00 +3.888972600e+00 +5.947289726e+02 +5.947289726e+02 +2.3339e+00 -3.5998e+00 -2.7406e+00
399 +3.726707255e+00 +3.726707255e+00 +5.945667073e+02 +5.945667073e+02 +2.0991e+00 -3.6136e+00 -2.6246e+00
410 +3.023759266e+00 +3.023759266e+00 +5.938637593e+02 +5.938637593e+02 +2.2983e+00 -3.5933e+00 -3.0004e+00
441 +2.576286341e+00 +2.576286341e+00 +5.934162863e+02 +5.934162863e+02 +2.0455e+00 -3.5855e+00 -2.8231e+00
448 +2.541055816e+00 +2.541055816e+00 +5.933810558e+02 +5.933810558e+02 +1.9700e+00 -3.6033e+00 -2.8139e+00
452 +1.711997364e+00 +1.711997364e+00 +5.925519974e+02 +5.925519974e+02 +2.0757e+00 -3.5968e+00 -3.1893e+00
469 +1.662649307e+00 +1.662649307e+00 +5.925026493e+02 +5.925026493e+02 +1.7697e+00 -3.6826e+00 -2.9856e+00
483 +4.145731944e-01 +4.145731944e-01 +5.912545732e+02 +5.912545732e+02 +1.6539e+00 -3.5852e+00 -3.3222e+00
485 +2.325699425e-01 +2.325699425e-01 +5.910725699e+02 +5.910725699e+02 +1.5899e+00 -3.5417e+00 -3.3937e+00
636 +2.184502089e-01 +2.184502089e-01 +5.910584502e+02 +5.910584502e+02 +1.6178e+00 -3.5654e+00 -3.4736e+00
650 +1.538190893e-01 +1.538190893e-01 +5.909938191e+02 +5.909938191e+02 +1.5292e+00 -3.5708e+00 -3.4575e+00
689 +1.269089917e-01 +1.269089917e-01 +5.909669090e+02 +5.909669090e+02 +1.5384e+00 -3.5506e+00 -3.4854e+00
696 +1.054971256e-01 +1.054971256e-01 +5.909454971e+02 +5.909454971e+02 +1.4839e+00 -3.4883e+00 -3.4483e+00
705 +8.738825396e-02 +8.738825396e-02 +5.909273883e+02 +5.909273883e+02 +1.5230e+00 -3.5298e+00 -3.4908e+00
728 +8.284778797e-02 +8.284778797e-02 +5.909228478e+02 +5.909228478e+02 +1.5296e+00 -3.4980e+00 -3.4695e+00
729 +7.966927725e-02 +7.966927725e-02 +5.909196693e+02 +5.909196693e+02 +1.5160e+00 -3.4715e+00 -3.4537e+00
736 +3.175541623e-02 +3.175541623e-02 +5.908717554e+02 +5.908717554e+02 +1.5057e+00 -3.3577e+00 -3.4466e+00
737 +2.225763686e-02 +2.225763686e-02 +5.908622576e+02 +5.908622576e+02 +1.4780e+00 -3.3600e+00 -3.4501e+00
785 +1.555247293e-02 +1.555247293e-02 +5.908555525e+02 +5.908555525e+02 +1.4900e+00 -3.3552e+00 -3.4735e+00
794 +1.259135531e-02 +1.259135531e-02 +5.908525914e+02 +5.908525914e+02 +1.4780e+00 -3.3313e+00 -3.4583e+00
801 +9.360941694e-03 +9.360941694e-03 +5.908493609e+02 +5.908493609e+02 +1.4670e+00 -3.3548e+00 -3.4693e+00
808 +7.573577272e-03 +7.573577272e-03 +5.908475736e+02 +5.908475736e+02 +1.4681e+00 -3.3126e+00 -3.4661e+00
817 +4.844275290e-03 +4.844275290e-03 +5.908448443e+02 +5.908448443e+02 +1.4678e+00 -3.3294e+00 -3.4750e+00
826 +4.291748152e-03 +4.291748152e-03 +5.908442917e+02 +5.908442917e+02 +1.4619e+00 -3.3193e+00 -3.4751e+00
% function evaluation | noise-free fitness - Fopt (6.231000000000e+01) | best noise-free fitness - Fopt | measured fitness | best measured fitness | x1 | x2...
1 +8.067869674e+04 +8.067869674e+04 +8.074100674e+04 +8.074100674e+04 +0.0000e+00 +0.0000e+00 +0.0000e+00
2 +6.900005072e+04 +6.900005072e+04 +6.906236072e+04 +6.906236072e+04 +1.7742e+00 -1.1909e+00 -4.1188e+00
27 +6.480554173e+04 +6.480554173e+04 +6.486785173e+04 +6.486785173e+04 +1.6565e+00 -1.1923e+00 -4.1207e+00
32 +6.317468926e+04 +6.317468926e+04 +6.323699926e+04 +6.323699926e+04 +1.5227e+00 -1.1898e+00 -4.1286e+00
48 +6.199319027e+04 +6.199319027e+04 +6.205550027e+04 +6.205550027e+04 +1.4417e+00 -1.1908e+00 -4.1636e+00
51 +6.132502384e+04 +6.132502384e+04 +6.138733384e+04 +6.138733384e+04 +1.4107e+00 -1.1907e+00 -4.1520e+00
53 +3.936870634e+04 +3.936870634e+04 +3.943101634e+04 +3.943101634e+04 +1.0359e+00 -1.1908e+00 -4.0870e+00
77 +3.736909030e+04 +3.736909030e+04 +3.743140030e+04 +3.743140030e+04 +1.0238e+00 -1.1908e+00 -4.2693e+00
80 +1.963862981e+04 +1.963862981e+04 +1.970093981e+04 +1.970093981e+04 -3.2717e-01 -1.1913e+00 -4.0902e+00
96 +1.805896267e+04 +1.805896267e+04 +1.812127267e+04 +1.812127267e+04 -4.2398e-01 -1.1907e+00 -3.9236e+00
108 +1.646091579e+04 +1.646091579e+04 +1.652322579e+04 +1.652322579e+04 -3.8833e-01 -1.1909e+00 -3.8181e+00
109 +1.611489977e+04 +1.611489977e+04 +1.617720977e+04 +1.617720977e+04 -4.0460e-01 -1.1912e+00 -3.7886e+00
124 +1.500252074e+04 +1.500252074e+04 +1.506483074e+04 +1.506483074e+04 -3.9236e-01 -1.1909e+00 -3.7163e+00
130 +1.368622066e+04 +1.368622066e+04 +1.374853066e+04 +1.374853066e+04 -2.6319e-01 -1.1912e+00 -3.5183e+00
144 +1.331530554e+04 +1.331530554e+04 +1.337761554e+04 +1.337761554e+04 -3.0775e-01 -1.1912e+00 -3.4856e+00
155 +1.193397474e+04 +1.193397474e+04 +1.199628474e+04 +1.199628474e+04 -5.4654e-01 -1.1905e+00 -3.0869e+00
197 +1.159525519e+04 +1.159525519e+04 +1.165756519e+04 +1.165756519e+04 -6.7119e-01 -1.1909e+00 -3.0384e+00
207 +1.134053910e+04 +1.134053910e+04 +1.140284910e+04 +1.140284910e+04 -6.6613e-01 -1.1914e+00 -2.8448e+00
214 +1.120843132e+04 +1.120843132e+04 +1.127074132e+04 +1.127074132e+04 -7.3553e-01 -1.1905e+00 -2.8696e+00
218 +1.047050849e+04 +1.047050849e+04 +1.053281849e+04 +1.053281849e+04 -9.7855e-01 -1.1911e+00 -2.5575e+00
236 +9.122868536e+03 +9.122868536e+03 +9.185178536e+03 +9.185178536e+03 -1.0673e+00 -1.1909e+00 -2.1044e+00
437 +9.064260073e+03 +9.064260073e+03 +9.126570073e+03 +9.126570073e+03 -1.0763e+00 -1.1909e+00 -2.0855e+00
467 +8.764277623e+03 +8.764277623e+03 +8.826587623e+03 +8.826587623e+03 -1.1174e+00 -1.1909e+00 -1.9725e+00
471 +8.642771234e+03 +8.642771234e+03 +8.705081234e+03 +8.705081234e+03 -1.1682e+00 -1.1909e+00 -1.9818e+00
515 +8.462314169e+03 +8.462314169e+03 +8.524624169e+03 +8.524624169e+03 -1.1924e+00 -1.1909e+00 -1.9193e+00
524 +8.176457489e+03 +8.176457489e+03 +8.238767489e+03 +8.238767489e+03 -1.2702e+00 -1.1909e+00 -1.8279e+00
532 +8.007590184e+03 +8.007590184e+03 +8.069900184e+03 +8.069900184e+03 -1.3047e+00 -1.1909e+00 -1.7651e+00
572 +7.888738117e+03 +7.888738117e+03 +7.951048117e+03 +7.951048117e+03 -1.3445e+00 -1.1909e+00 -1.7145e+00
574 +7.667572259e+03 +7.667572259e+03 +7.729882259e+03 +7.729882259e+03 -1.3792e+00 -1.1909e+00 -1.6243e+00
581 +7.174557730e+03 +7.174557730e+03 +7.236867730e+03 +7.236867730e+03 -1.5484e+00 -1.1909e+00 -1.3332e+00
591 +7.034749759e+03 +7.034749759e+03 +7.097059759e+03 +7.097059759e+03 -1.6163e+00 -1.1909e+00 -5.7623e-01
611 +6.874073711e+03 +6.874073711e+03 +6.936383711e+03 +6.936383711e+03 -1.5784e+00 -1.1909e+00 -9.7045e-01
612 +5.906445526e+03 +5.906445526e+03 +5.968755526e+03 +5.968755526e+03 -1.8766e+00 -1.1908e+00 -3.1700e-01
632 +5.762592010e+03 +5.762592010e+03 +5.824902010e+03 +5.824902010e+03 -1.9584e+00 -1.1908e+00 +3.0505e-03
650 +5.330875426e+03 +5.330875426e+03 +5.393185426e+03 +5.393185426e+03 -1.9650e+00 -1.1909e+00 -1.7628e-01
651 +4.093320777e+03 +4.093320777e+03 +4.155630777e+03 +4.155630777e+03 -2.4007e+00 -1.1909e+00 +1.0485e+00
665 +3.968211736e+03 +3.968211736e+03 +4.030521736e+03 +4.030521736e+03 -2.2188e+00 -1.1906e+00 +2.3964e-01
668 +3.809545927e+03 +3.809545927e+03 +3.871855927e+03 +3.871855927e+03 -2.2771e+00 -1.1907e+00 +3.7343e-01
678 +3.798237274e+03 +3.798237274e+03 +3.860547274e+03 +3.860547274e+03 -2.5213e+00 -1.1909e+00 +5.3170e-01
719 +3.680660670e+03 +3.680660670e+03 +3.742970670e+03 +3.742970670e+03 -2.4712e+00 -1.1908e+00 +6.3670e-01
726 +3.122330627e+03 +3.122330627e+03 +3.184640627e+03 +3.184640627e+03 -2.6481e+00 -1.1909e+00 +1.1028e+00
823 +2.685976979e+03 +2.685976979e+03 +2.748286979e+03 +2.748286979e+03 -2.7268e+00 -1.1902e+00 +1.3578e+00
828 +2.457348289e+03 +2.457348289e+03 +2.519658289e+03 +2.519658289e+03 -2.7809e+00 -1.1883e+00 +1.3789e+00
841 +2.050809902e+03 +2.050809902e+03 +2.113119902e+03 +2.113119902e+03 -2.9142e+00 -1.1909e+00 +1.7730e+00
898 +2.023002193e+03 +2.023002193e+03 +2.085312193e+03 +2.085312193e+03 -2.9838e+00 -1.1930e+00 +2.0051e+00
% function evaluation | noise-free fitness - Fopt (1.000000000000e+03) | best noise-free fitness - Fopt | measured fitness | best measured fitness | x1 | x2...
1 +3.178743088e+05 +3.178743088e+05 +3.188743088e+05 +3.188743088e+05 +0.0000e+00 +0.0000e+00 +0.0000e+00
2 +2.592955147e+01 +2.592955147e+01 +1.025929551e+03 +1.025929551e+03 -6.5794e-01 +4.2974e+00 -4.9446e+00
4 +2.547766627e+01 +2.547766627e+01 +1.025477666e+03 +1.025477666e+03 -6.1035e-01 +4.3027e+00 -4.9366e+00
14 +2.470532873e+01 +2.470532873e+01 +1.024705329e+03 +1.024705329e+03 -6.6350e-01 +4.2867e+00 -4.8726e+00
23 +2.251773291e+01 +2.251773291e+01 +1.022517733e+03 +1.022517733e+03 -5.5051e-01 +4.3001e+00 -4.6010e+00
47 +1.746791388e+01 +1.746791388e+01 +1.017467914e+03 +1.017467914e+03 -7.2152e-01 +4.4150e+00 -4.2222e+00
49 +1.553403654e+01 +1.553403654e+01 +1.015534037e+03 +1.015534037e+03 -5.7199e-01 +4.2232e+00 -4.3189e+00
62 +1.172005824e+01 +1.172005824e+01 +1.011720058e+03 +1.011720058e+03 -6.3135e-01 +4.3341e+00 -3.6874e+00
64 +9.362323859e+00 +9.362323859e+00 +1.009362324e+03 +1.009362324e+03 -7.8878e-01 +4.3044e+00 -3.3584e+00
78 +8.705797707e+00 +8.705797707e+00 +1.008705798e+03 +1.008705798e+03 -6.8319e-01 +4.3002e+00 -3.3474e+00
80 +7.737806698e+00 +7.737806698e+00 +1.007737807e+03 +1.007737807e+03 -6.3647e-01 +4.2413e+00 -3.2912e+00
99 +7.460208410e+00 +7.460208410e+00 +1.007460208e+03 +1.007460208e+03 -3.7464e-01 +4.2227e+00 -3.3902e+00
113 +7.207092686e+00 +7.207092686e+00 +1.007207093e+03 +1.007207093e+03 -4.6433e-01 +4.1400e+00 -3.4184e+00
121 +6.863729977e+00 +6.863729977e+00 +1.006863730e+03 +1.006863730e+03 -1.5297e-01 +4.0889e+00 -3.3425e+00
133 +6.659655894e+00 +6.659655894e+00 +1.006659656e+03 +1.006659656e+03 -3.6677e-01 +4.0335e+00 -3.1889e+00
137 +6.604386729e+00 +6.604386729e+00 +1.006604387e+03 +1.006604387e+03 -2.2809e-01 +3.9918e+00 -3.2459e+00
144 +6.397000398e+00 +6.397000398e+00 +1.006397000e+03 +1.006397000e+03 -4.8231e-01 +3.9291e+00 -3.2695e+00
160 +5.556715783e+00 +5.556715783e+00 +1.005556716e+03 +1.005556716e+03 -1.5078e-01 +3.6431e+00 -3.4386e+00
167 +5.065295450e+00 +5.065295450e+00 +1.005065295e+03 +1.005065295e+03 -8.6512e-01 +3.6059e+00 -3.2936e+00
184 +4.703756762e+00 +4.703756762e+00 +1.004703757e+03 +1.004703757e+03 -5.2295e-01 +3.6018e+00 -3.2770e+00
205 +4.222485814e+00 +4.222485814e+00 +1.004222486e+03 +1.004222486e+03 -5.6468e-01 +3.4725e+00 -3.3339e+00
217 +3.934639560e+00 +3.934639560e+00 +1.003934640e+03 +1.003934640e+03 -5.6127e-01 +3.3949e+00 -3.3095e+00
244 +3.345256931e+00 +3.345256931e+00 +1.003345257e+03 +1.003345257e+03 -4.8729e-01 +3.1883e+00 -3.2591e+00
249 +2.431037390e+00 +2.431037390e+00 +1.002431037e+03 +1.002431037e+03 -6.0800e-01 +2.8262e+00 -3.3049e+00
260 +2.360587308e+00 +2.360587308e+00 +1.002360587e+03 +1.002360587e+03 -6.0813e-01 +2.7564e+00 -3.3887e+00
284 +1.574052866e+00 +1.574052866e+00 +1.001574053e+03 +1.001574053e+03 -6.8304e-01 +2.4342e+00 -3.3459e+00
306 +1.382840056e+00 +1.382840056e+00 +1.001382840e+03 +1.001382840e+03 -7.8091e-01 +2.4041e+00 -3.3086e+00
319 +1.195371359e+00 +1.195371359e+00 +1.001195371e+03 +1.001195371e+03 -1.0466e+00 +2.4363e+00 -3.3360e+00
344 +6.364231826e-01 +6.364231826e-01 +1.000636423e+03 +1.000636423e+03 -1.3380e+00 +2.2496e+00 -3.1977e+00
408 +5.680498204e-01 +5.680498204e-01 +1.000568050e+03 +1.000568050e+03 -1.1619e+00 +2.1045e+00 -3.3094e+00
418 +3.896190464e-01 +3.896190464e-01 +1.000389619e+03 +1.000389619e+03 -1.2375e+00 +1.9845e+00 -3.3016e+00
433 +2.836243969e-01 +2.836243969e-01 +1.000283624e+03 +1.000283624e+03 -1.3933e+00 +1.9625e+00 -3.2897e+00
441 +2.442349848e-01 +2.442349848e-01 +1.000244235e+03 +1.000244235e+03 -1.3430e+00 +1.9348e+00 -3.2542e+00
469 +2.074071885e-01 +2.074071885e-01 +1.000207407e+03 +1.000207407e+03 -1.4864e+00 +1.9532e+00 -3.2211e+00
482 +1.627708021e-01 +1.627708021e-01 +1.000162771e+03 +1.000162771e+03 -1.4371e+00 +1.9064e+00 -3.2344e+00
579 +1.539727272e-01 +1.539727272e-01 +1.000153973e+03 +1.000153973e+03 -1.5642e+00 +1.7542e+00 -3.2933e+00
583 +7.800809273e-02 +7.800809273e-02 +1.000078008e+03 +1.000078008e+03 -1.5352e+00 +1.8024e+00 -3.2113e+00
650 +4.912066457e-02 +4.912066457e-02 +1.000049121e+03 +1.000049121e+03 -1.5331e+00 +1.7449e+00 -3.2252e+00
717 +4.674680218e-02 +4.674680218e-02 +1.000046747e+03 +1.000046747e+03 -1.5156e+00 +1.7407e+00 -3.2118e+00
738 +4.487078188e-02 +4.487078188e-02 +1.000044871e+03 +1.000044871e+03 -1.5219e+00 +1.7508e+00 -3.1913e+00
745 +4.300828473e-02 +4.300828473e-02 +1.000043008e+03 +1.000043008e+03 -1.5225e+00 +1.7254e+00 -3.1901e+00
751 +4.171483651e-02 +4.171483651e-02 +1.000041715e+03 +1.000041715e+03 -1.5588e+00 +1.7587e+00 -3.1782e+00
763 +4.153570204e-02 +4.153570204e-02 +1.000041536e+03 +1.000041536e+03 -1.5304e+00 +1.7199e+00 -3.1899e+00
770 +3.895598660e-02 +3.895598660e-02 +1.000038956e+03 +1.000038956e+03 -1.5532e+00 +1.7438e+00 -3.1779e+00
775 +2.517137448e-02 +2.517137448e-02 +1.000025171e+03 +1.000025171e+03 -1.5617e+00 +1.7166e+00 -3.1937e+00
777 +2.355631835e-02 +2.355631835e-02 +1.000023556e+03 +1.000023556e+03 -1.5845e+00 +1.7230e+00 -3.1897e+00
791 +2.008484392e-02 +2.008484392e-02 +1.000020085e+03 +1.000020085e+03 -1.5775e+00 +1.7059e+00 -3.1914e+00
817 +1.857741205e-02 +1.857741205e-02 +1.000018577e+03 +1.000018577e+03 -1.5723e+00 +1.6836e+00 -3.1985e+00
% function evaluation | noise-free fitness - Fopt (6.536000000000e+02) | best noise-free fitness - Fopt | measured fitness | best measured fitness | x1 | x2...
1 +3.941657896e+05 +3.941657896e+05 +3.948193896e+05 +3.948193896e+05 +0.0000e+00 +0.0000e+00 +0.0000e+00
2 +1.478718801e+05 +1.478718801e+05 +1.485254801e+05 +1.485254801e+05 -1.4311e+00 -3.2385e+00 -4.9707e-01
22 +1.439265788e+05 +1.439265788e+05 +1.445801788e+05 +1.445801788e+05 -1.4289e+00 -3.2457e+00 -5.3983e-01
52 +1.389040551e+05 +1.389040551e+05 +1.395576551e+05 +1.395576551e+05 -1.4671e+00 -3.2694e+00 -5.5661e-01
57 +1.194289018e+05 +1.194289018e+05 +1.200825018e+05 +1.200825018e+05 -1.4268e+00 -3.2457e+00 -9.0545e-01
69 +9.575575628e+04 +9.575575628e+04 +9.640935628e+04 +9.640935628e+04 -1.4240e+00 -3.2470e+00 -1.3310e+00
80 +3.504093279e+04 +3.504093279e+04 +3.569453279e+04 +3.569453279e+04 -1.4036e+00 -3.2117e+00 -2.8781e+00
94 +3.299660541e+04 +3.299660541e+04 +3.365020541e+04 +3.365020541e+04 -1.3309e+00 -3.2433e+00 -3.3637e+00
97 +2.129681150e+04 +2.129681150e+04 +2.195041150e+04 +2.195041150e+04 -1.6662e+00 -3.2251e+00 -3.1752e+00
99 +1.793612847e+04 +1.793612847e+04 +1.858972847e+04 +1.858972847e+04 -9.9357e-01 -3.2389e+00 -5.5265e+00
111 +1.237272531e+04 +1.237272531e+04 +1.302632531e+04 +1.302632531e+04 -2.3103e+00 -3.3922e+00 -5.1433e+00
114 +1.211967110e+04 +1.211967110e+04 +1.277327110e+04 +1.277327110e+04 -1.4173e+00 -3.2274e+00 -5.0336e+00
122 +1.100977053e+04 +1.100977053e+04 +1.166337053e+04 +1.166337053e+04 -1.6454e+00 -3.3981e+00 -4.4274e+00
123 +5.488996740e+03 +5.488996740e+03 +6.142596740e+03 +6.142596740e+03 -1.9757e+00 -3.0165e+00 -4.5296e+00
139 +3.841385009e+03 +3.841385009e+03 +4.494985009e+03 +4.494985009e+03 -2.4526e+00 -3.1070e+00 -4.2542e+00
143 +2.522539736e+03 +2.522539736e+03 +3.176139736e+03 +3.176139736e+03 -2.2353e+00 -2.7462e+00 -4.2490e+00
149 +2.175726859e+01 +2.175726859e+01 +6.753572686e+02 +6.753572686e+02 -2.8081e+00 -2.0168e+00 -4.2604e+00
216 +1.235869645e+01 +1.235869645e+01 +6.659586964e+02 +6.659586964e+02 -4.1725e+00 -1.9797e+00 -3.1084e+00
255 +6.938793707e+00 +6.938793707e+00 +6.605387937e+02 +6.605387937e+02 -4.6856e+00 -7.5901e-01 -1.3026e+00
265 +6.638647391e+00 +6.638647391e+00 +6.602386474e+02 +6.602386474e+02 -4.2993e+00 -1.0979e+00 -2.2298e+00
272 +3.685329259e+00 +3.685329259e+00 +6.572853293e+02 +6.572853293e+02 -3.6710e+00 -2.2406e+00 -2.6266e+00
279 +2.166956514e+00 +2.166956514e+00 +6.557669565e+02 +6.557669565e+02 -3.7978e+00 -2.8976e+00 -2.3748e+00
328 +1.892885670e+00 +1.892885670e+00 +6.554928857e+02 +6.554928857e+02 -3.6566e+00 -2.6279e+00 -2.4330e+00
349 +1.375868203e+00 +1.375868203e+00 +6.549758682e+02 +6.549758682e+02 -3.5435e+00 -2.6549e+00 -2.4012e+00
376 +1.336081042e+00 +1.336081042e+00 +6.549360810e+02 +6.549360810e+02 -3.6185e+00 -2.5485e+00 -2.2916e+00
387 +1.260232705e+00 +1.260232705e+00 +6.548602327e+02 +6.548602327e+02 -3.6718e+00 -2.6529e+00 -2.2691e+00
393 +1.061011045e+00 +1.061011045e+00 +6.546610110e+02 +6.546610110e+02 -3.6607e+00 -2.5613e+00 -2.2084e+00
395 +7.941984108e-01 +7.941984108e-01 +6.543941984e+02 +6.543941984e+02 -3.5733e+00 -2.5679e+00 -2.1957e+00
400 +7.379911299e-01 +7.379911299e-01 +6.543379911e+02 +6.543379911e+02 -3.6380e+00 -2.5694e+00 -2.1191e+00
407 +6.931365315e-01 +6.931365315e-01 +6.542931365e+02 +6.542931365e+02 -3.6085e+00 -2.6661e+00 -2.1416e+00
429 +6.406025860e-01 +6.406025860e-01 +6.542406026e+02 +6.542406026e+02 -3.6244e+00 -2.6062e+00 -2.0349e+00
430 +5.373432554e-01 +5.373432554e-01 +6.541373433e+02 +6.541373433e+02 -3.6396e+00 -2.6400e+00 -1.9507e+00
557 +5.161296981e-01 +5.161296981e-01 +6.541161297e+02 +6.541161297e+02 -3.6314e+00 -2.6470e+00 -1.9929e+00
574 +4.657865670e-01 +4.657865670e-01 +6.540657866e+02 +6.540657866e+02 -3.6513e+00 -2.6803e+00 -1.9396e+00
597 +4.445872333e-01 +4.445872333e-01 +6.540445872e+02 +6.540445872e+02 -3.6592e+00 -2.6968e+00 -1.9553e+00
604 +4.355646360e-01 +4.355646360e-01 +6.540355646e+02 +6.540355646e+02 -3.6094e+00 -2.6853e+00 -1.9863e+00
606 +4.113788342e-01 +4.113788342e-01 +6.540113788e+02 +6.540113788e+02 -3.5746e+00 -2.7027e+00 -1.9986e+00
626 +3.882169885e-01 +3.882169885e-01 +6.539882170e+02 +6.539882170e+02 -3.6054e+00 -2.7440e+00 -1.9575e+00
634 +2.855703658e-01 +2.855703658e-01 +6.538855704e+02 +6.538855704e+02 -3.5961e+00 -2.8399e+00 -1.9696e+00
674 +2.460653465e-01 +2.460653465e-01 +6.538460653e+02 +6.538460653e+02 -3.5596e+00 -2.8687e+00 -2.0299e+00
710 +1.801042203e-01 +1.801042203e-01 +6.537801042e+02 +6.537801042e+02 -3.5288e+00 -2.9240e+00 -2.0416e+00
715 +1.688063910e-01 +1.688063910e-01 +6.537688064e+02 +6.537688064e+02 -3.5398e+00 -2.9490e+00 -2.0321e+00
724 +1.518200250e-01 +1.518200250e-01 +6.537518200e+02 +6.537518200e+02 -3.5302e+00 -2.9744e+00 -2.0291e+00
760 +1.513536597e-01 +1.513536597e-01 +6.537513537e+02 +6.537513537e+02 -3.5349e+00 -2.9958e+00 -2.0372e+00
769 +1.422895532e-01 +1.422895532e-01 +6.537422896e+02 +6.537422896e+02 -3.5240e+00 -3.0052e+00 -2.0272e+00
773 +1.346554049e-01 +1.346554049e-01 +6.537346554e+02 +6.537346554e+02 -3.5076e+00 -2.9954e+00 -2.0292e+00
799 +1.231742654e-01 +1.231742654e-01 +6.537231743e+02 +6.537231743e+02 -3.4843e+00 -2.9876e+00 -2.0308e+00
817 +1.062188116e-01 +1.062188116e-01 +6.537062188e+02 +6.537062188e+02 -3.5050e+00 -3.0407e+00 -2.0288e+00
825 +9.917303295e-02 +9.917303295e-02 +6.536991730e+02 +6.536991730e+02 -3.4931e+00 -3.0263e+00 -2.0303e+00
853 +9.461577935e-02 +9.461577935e-02 +6.536946158e+02 +6.536946158e+02 -3.4953e+00 -3.0401e+00 -2.0319e+00
854 +8.880892842e-02 +8.880892842e-02 +6.536888089e+02 +6.536888089e+02 -3.4769e+00 -3.0226e+00 -2.0303e+00
869 +8.691216305e-02 +8.691216305e-02 +6.536869122e+02 +6.536869122e+02 -3.4849e+00 -3.0369e+00 -2.0310e+00
881 +8.457389620e-02 +8.457389620e-02 +6.536845739e+02 +6.536845739e+02 -3.4789e+00 -3.0346e+00 -2.0320e+00
901 +8.196207597e-02 +8.196207597e-02 +6.536819621e+02 +6.536819621e+02 -3.4450e+00 -3.0201e+00 -2.0363e+00
% function evaluation | noise-free fitness - Fopt (-7.829000000000e+01) | best noise-free fitness - Fopt | measured fitness | best measured fitness | x1 | x2...
1 +1.410935742e+05 +1.410935742e+05 +1.410152842e+05 +1.410152842e+05 +0.0000e+00 +0.0000e+00 +0.0000e+00
61 +1.269585310e+05 +1.269585310e+05 +1.268802410e+05 +1.268802410e+05 -3.3578e+00 +2.0749e+00 +3.3111e+00
64 +1.206740472e+05 +1.206740472e+05 +1.205957572e+05 +1.205957572e+05 -3.5851e+00 +2.0405e+00 +3.4042e+00
69 +1.153628392e+05 +1.153628392e+05 +1.152845492e+05 +1.152845492e+05 -3.7445e+00 +1.9614e+00 +3.4136e+00
71 +6.130503932e+04 +6.130503932e+04 +6.122674932e+04 +6.122674932e+04 -5.3009e+00 +1.8408e+00 +3.4186e+00
95 +3.281132069e+04 +3.281132069e+04 +3.273303069e+04 +3.273303069e+04 -6.0590e+00 +1.5759e+00 +3.4263e+00
100 +9.814195633e+03 +9.814195633e+03 +9.735905633e+03 +9.735905633e+03 -7.7083e+00 +1.8749e+00 +3.5878e+00
109 +2.051207680e+03 +2.051207680e+03 +1.972917680e+03 +1.972917680e+03 -6.8583e+00 +5.0135e-01 +3.3581e+00
112 +1.154539889e+02 +1.154539889e+02 +3.716398890e+01 +3.716398890e+01 -9.2795e+00 +1.7147e+00 +3.4983e+00
190 +1.071843138e+02 +1.071843138e+02 +2.889431375e+01 +2.889431375e+01 -8.8279e+00 +1.1897e+00 +2.8934e+00
267 +8.192053353e+01 +8.192053353e+01 +3.630533529e+00 +3.630533529e+00 -8.2076e+00 +8.1886e-01 +3.4259e+00
295 +6.117268058e+01 +6.117268058e+01 -1.711731942e+01 -1.711731942e+01 -7.9981e+00 -1.2999e+00 +3.5759e+00
394 +5.327123738e+01 +5.327123738e+01 -2.501876262e+01 -2.501876262e+01 -7.5611e+00 -8.8675e-01 +4.0333e+00
423 +4.732628534e+01 +4.732628534e+01 -3.096371466e+01 -3.096371466e+01 -7.2640e+00 -1.0442e+00 +3.6542e+00
437 +4.544623334e+01 +4.544623334e+01 -3.284376666e+01 -3.284376666e+01 -7.0752e+00 -1.0613e+00 +4.3120e+00
453 +4.409513312e+01 +4.409513312e+01 -3.419486688e+01 -3.419486688e+01 -6.9966e+00 -1.0502e+00 +4.0224e+00
460 +4.288660208e+01 +4.288660208e+01 -3.540339792e+01 -3.540339792e+01 -6.8892e+00 -9.3864e-01 +3.1894e+00
474 +4.227499688e+01 +4.227499688e+01 -3.601500312e+01 -3.601500312e+01 -6.8524e+00 -1.0117e+00 +3.5356e+00
478 +4.001620176e+01 +4.001620176e+01 -3.827379824e+01 -3.827379824e+01 -6.6421e+00 -9.9890e-01 +3.6393e+00
483 +3.827848770e+01 +3.827848770e+01 -4.001151230e+01 -4.001151230e+01 -6.5312e+00 -1.0504e+00 +3.5637e+00
486 +3.541573144e+01 +3.541573144e+01 -4.287426856e+01 -4.287426856e+01 -6.3481e+00 -1.0157e+00 +3.4670e+00
491 +3.320309140e+01 +3.320309140e+01 -4.508690860e+01 -4.508690860e+01 -6.2987e+00 -1.2263e+00 +3.4336e+00
500 +3.090320640e+01 +3.090320640e+01 -4.738679360e+01 -4.738679360e+01 -6.1290e+00 -1.0724e+00 +3.5095e+00
506 +2.652077354e+01 +2.652077354e+01 -5.176922646e+01 -5.176922646e+01 -5.9664e+00 -1.4837e+00 +3.5638e+00
515 +2.481391430e+01 +2.481391430e+01 -5.347608570e+01 -5.347608570e+01 -5.7604e+00 -1.2113e+00 +3.4750e+00
521 +2.394881669e+01 +2.394881669e+01 -5.434118331e+01 -5.434118331e+01 -5.6334e+00 -1.2595e+00 +3.5133e+00
607 +2.341996034e+01 +2.341996034e+01 -5.487003966e+01 -5.487003966e+01 -5.4913e+00 -1.2846e+00 +2.9260e+00
626 +2.253580783e+01 +2.253580783e+01 -5.575419217e+01 -5.575419217e+01 -5.3786e+00 -1.4706e+00 +2.8826e+00
630 +2.237096995e+01 +2.237096995e+01 -5.591903005e+01 -5.591903005e+01 -5.2846e+00 -1.3364e+00 +2.9255e+00
653 +2.157239781e+01 +2.157239781e+01 -5.671760219e+01 -5.671760219e+01 -5.2408e+00 -1.4144e+00 +3.0725e+00
663 +1.911741975e+01 +1.911741975e+01 -5.917258025e+01 -5.917258025e+01 -5.1823e+00 -1.7754e+00 +3.0789e+00
675 +1.767568427e+01 +1.767568427e+01 -6.061431573e+01 -6.061431573e+01 -5.0369e+00 -1.5120e+00 +2.8339e+00
687 +1.467902388e+01 +1.467902388e+01 -6.361097612e+01 -6.361097612e+01 -4.9063e+00 -2.0387e+00 +2.9145e+00
694 +1.427692901e+01 +1.427692901e+01 -6.401307099e+01 -6.401307099e+01 -4.8856e+00 -1.6847e+00 +2.9181e+00
723 +1.286363606e+01 +1.286363606e+01 -6.542636394e+01 -6.542636394e+01 -4.7498e+00 -1.8713e+00 +2.9708e+00
750 +1.251291680e+01 +1.251291680e+01 -6.577708320e+01 -6.577708320e+01 -4.6111e+00 -1.9863e+00 +2.9139e+00
837 +1.212235389e+01 +1.212235389e+01 -6.616764611e+01 -6.616764611e+01 -4.4653e+00 -2.0241e+00 +2.9218e+00
872 +1.180968013e+01 +1.180968013e+01 -6.648031987e+01 -6.648031987e+01 -4.4708e+00 -2.0041e+00 +2.5911e+00
888 +9.046005969e+00 +9.046005969e+00 -6.924399403e+01 -6.924399403e+01 -4.2754e+00 -2.0618e+00 +2.2595e+00
% function evaluation | noise-free fitness - Fopt (-4.164000000000e+01) | best noise-free fitness - Fopt | measured fitness | best measured fitness | x1 | x2...
1 +1.613422046e+05 +1.613422046e+05 +1.613005646e+05 +1.613005646e+05 +0.0000e+00 +0.0000e+00 +0.0000e+00
2 +3.372207606e+04 +3.372207606e+04 +3.368043606e+04 +3.368043606e+04 -2.7116e+00 +4.7702e-01 -2.6629e+00
41 +3.230719991e+04 +3.230719991e+04 +3.226555991e+04 +3.226555991e+04 -2.7482e+00 -8.0966e-01 -2.6635e+00
49 +3.151619349e+04 +3.151619349e+04 +3.147455349e+04 +3.147455349e+04 -2.7207e+00 -1.1358e+00 -2.6631e+00
50 +2.483889923e+04 +2.483889923e+04 +2.479725923e+04 +2.479725923e+04 -2.8392e+00 -2.9058e+00 -2.6643e+00
62 +1.104810217e+04 +1.104810217e+04 +1.100646217e+04 +1.100646217e+04 -2.8148e+00 -9.3432e+00 -2.6652e+00
125 +1.030040583e+04 +1.030040583e+04 +1.025876583e+04 +1.025876583e+04 -3.8009e+00 -1.1199e+01 -2.6515e+00
182 +1.000860911e+04 +1.000860911e+04 +9.966969108e+03 +9.966969108e+03 -3.3429e+00 -1.0097e+01 -2.6697e+00
190 +9.437445511e+03 +9.437445511e+03 +9.395805511e+03 +9.395805511e+03 -3.6156e+00 -1.0381e+01 -2.6793e+00
199 +5.283144197e+02 +5.283144197e+02 +4.866744197e+02 +4.866744197e+02 -3.5724e+00 -1.0555e+01 -3.4232e+00
215 +2.325018464e+02 +2.325018464e+02 +1.908618464e+02 +1.908618464e+02 -3.0490e+00 -9.8700e+00 -3.6077e+00
261 +2.101741870e+02 +2.101741870e+02 +1.685341870e+02 +1.685341870e+02 -2.0840e+00 -8.7497e+00 -3.9339e+00
278 +2.039611928e+02 +2.039611928e+02 +1.623211928e+02 +1.623211928e+02 -1.7625e+00 -7.8264e+00 -4.8639e+00
296 +6.673801661e+01 +6.673801661e+01 +2.509801661e+01 +2.509801661e+01 +1.1435e+00 -6.3527e+00 -5.6827e+00
315 +6.177734265e+01 +6.177734265e+01 +2.013734265e+01 +2.013734265e+01 +1.2789e+00 -6.1656e+00 -5.5966e+00
328 +5.694536993e+01 +5.694536993e+01 +1.530536993e+01 +1.530536993e+01 +9.3409e-01 -3.1924e+00 -4.3962e+00
374 +4.553371058e+01 +4.553371058e+01 +3.893710583e+00 +3.893710583e+00 +1.9038e+00 -1.8203e-01 -5.3954e+00
377 +3.958830673e+01 +3.958830673e+01 -2.051693273e+00 -2.051693273e+00 +1.9527e+00 -1.7151e+00 -5.2666e+00
385 +3.273762397e+01 +3.273762397e+01 -8.902376029e+00 -8.902376029e+00 +2.2032e+00 -9.3695e-02 -4.7600e+00
412 +2.909905774e+01 +2.909905774e+01 -1.254094226e+01 -1.254094226e+01 +2.4096e+00 -1.5255e+00 -5.4869e+00
418 +2.393060039e+01 +2.393060039e+01 -1.770939961e+01 -1.770939961e+01 +2.2686e+00 -2.1973e+00 -4.7778e+00
428 +2.162512178e+01 +2.162512178e+01 -2.001487822e+01 -2.001487822e+01 +2.9960e+00 -1.6323e+00 -5.5757e+00
434 +5.371920035e+00 +5.371920035e+00 -3.626807997e+01 -3.626807997e+01 +3.8037e+00 -2.8891e+00 -5.1331e+00
480 +2.289277850e+00 +2.289277850e+00 -3.935072215e+01 -3.935072215e+01 +3.7304e+00 -2.2181e+00 -4.3395e+00
506 +8.845927801e-01 +8.845927801e-01 -4.075540722e+01 -4.075540722e+01 +3.7571e+00 -2.6659e+00 -4.1650e+00
538 +8.662040359e-01 +8.662040359e-01 -4.077379596e+01 -4.077379596e+01 +3.8677e+00 -2.5394e+00 -4.2352e+00
558 +8.074099094e-01 +8.074099094e-01 -4.083259009e+01 -4.083259009e+01 +3.9328e+00 -3.3524e+00 -4.4169e+00
564 +7.258771180e-01 +7.258771180e-01 -4.091412288e+01 -4.091412288e+01 +3.9217e+00 -3.1061e+00 -4.3575e+00
570 +6.548355141e-01 +6.548355141e-01 -4.098516449e+01 -4.098516449e+01 +3.9556e+00 -3.1635e+00 -4.3392e+00
604 +5.849162721e-01 +5.849162721e-01 -4.105508373e+01 -4.105508373e+01 +3.9287e+00 -3.1934e+00 -4.3137e+00
621 +2.341875800e-01 +2.341875800e-01 -4.140581242e+01 -4.140581242e+01 +3.9209e+00 -3.1773e+00 -4.1644e+00
644 +1.930691215e-01 +1.930691215e-01 -4.144693088e+01 -4.144693088e+01 +3.9130e+00 -3.1849e+00 -4.1406e+00
655 +7.657461359e-02 +7.657461359e-02 -4.156342539e+01 -4.156342539e+01 +3.8510e+00 -3.1970e+00 -3.9736e+00
679 +3.904100247e-02 +3.904100247e-02 -4.160095900e+01 -4.160095900e+01 +3.8779e+00 -3.1980e+00 -3.9777e+00
692 +2.730437871e-02 +2.730437871e-02 -4.161269562e+01 -4.161269562e+01 +3.8716e+00 -3.1990e+00 -3.9461e+00
712 +9.441438419e-03 +9.441438419e-03 -4.163055856e+01 -4.163055856e+01 +3.9109e+00 -3.2029e+00 -3.9728e+00
737 +8.185005913e-03 +8.185005913e-03 -4.163181499e+01 -4.163181499e+01 +3.8965e+00 -3.1920e+00 -3.9465e+00
743 +4.871967042e-03 +4.871967042e-03 -4.163512803e+01 -4.163512803e+01 +3.9016e+00 -3.2011e+00 -3.9496e+00
758 +3.679741638e-03 +3.679741638e-03 -4.163632026e+01 -4.163632026e+01 +3.9053e+00 -3.1948e+00 -3.9474e+00
761 +1.478020759e-03 +1.478020759e-03 -4.163852198e+01 -4.163852198e+01 +3.9097e+00 -3.2089e+00 -3.9457e+00
773 +1.131842286e-03 +1.131842286e-03 -4.163886816e+01 -4.163886816e+01 +3.9083e+00 -3.1986e+00 -3.9390e+00
777 +1.091200396e-03 +1.091200396e-03 -4.163890880e+01 -4.163890880e+01 +3.9127e+00 -3.1986e+00 -3.9447e+00
788 +6.885652991e-04 +6.885652991e-04 -4.163931143e+01 -4.163931143e+01 +3.9133e+00 -3.1977e+00 -3.9418e+00
819 +6.478076597e-04 +6.478076597e-04 -4.163935219e+01 -4.163935219e+01 +3.9124e+00 -3.1965e+00 -3.9400e+00
844 +6.125017700e-04 +6.125017700e-04 -4.163938750e+01 -4.163938750e+01 +3.9134e+00 -3.1963e+00 -3.9405e+00
849 +4.983783709e-04 +4.983783709e-04 -4.163950162e+01 -4.163950162e+01 +3.9123e+00 -3.2033e+00 -3.9408e+00
857 +3.577229492e-04 +3.577229492e-04 -4.163964228e+01 -4.163964228e+01 +3.9132e+00 -3.2099e+00 -3.9412e+00
872 +2.717489579e-04 +2.717489579e-04 -4.163972825e+01 -4.163972825e+01 +3.9136e+00 -3.2038e+00 -3.9399e+00
874 +2.653488826e-04 +2.653488826e-04 -4.163973465e+01 -4.163973465e+01 +3.9116e+00 -3.2084e+00 -3.9383e+00
% function evaluation | noise-free fitness - Fopt (1.344400000000e+02) | best noise-free fitness - Fopt | measured fitness | best measured fitness | x1 | x2...
1 +3.086564358e+04 +3.086564358e+04 +3.100008358e+04 +3.100008358e+04 +0.0000e+00 +0.0000e+00 +0.0000e+00
119 +1.838409788e+04 +1.838409788e+04 +1.851853788e+04 +1.851853788e+04 -2.1917e+00 +2.9557e-01 +1.2688e+00
130 +1.078205226e+02 +1.078205226e+02 +2.422605226e+02 +2.422605226e+02 -2.2418e+00 +1.5757e+00 +5.9343e+00
143 +7.777057219e+01 +7.777057219e+01 +2.122105722e+02 +2.122105722e+02 -2.2439e+00 +1.9051e+00 +4.4785e+00
158 +5.520117512e+01 +5.520117512e+01 +1.896411751e+02 +1.896411751e+02 -2.2528e+00 +5.0747e+00 +3.1922e+00
161 +4.892273539e+01 +4.892273539e+01 +1.833627354e+02 +1.833627354e+02 -2.2381e+00 +3.7921e+00 +1.1279e+00
170 +4.714739738e+01 +4.714739738e+01 +1.815873974e+02 +1.815873974e+02 -2.1509e+00 +4.9409e+00 +2.3279e+00
186 +4.521849307e+01 +4.521849307e+01 +1.796584931e+02 +1.796584931e+02 -2.1337e+00 +4.3842e+00 +1.3952e+00
192 +4.374095197e+01 +4.374095197e+01 +1.781809520e+02 +1.781809520e+02 -2.0795e+00 +5.0165e+00 +8.8690e-01
197 +3.607998140e+01 +3.607998140e+01 +1.705199814e+02 +1.705199814e+02 -1.7372e+00 +5.9972e+00 +1.3340e+00
220 +2.157022417e+01 +2.157022417e+01 +1.560102242e+02 +1.560102242e+02 -1.0505e+00 +5.6441e+00 +1.2611e+00
236 +1.933999626e+01 +1.933999626e+01 +1.537799963e+02 +1.537799963e+02 -8.3629e-01 +6.1851e+00 +1.7549e+00
239 +1.229726435e+01 +1.229726435e+01 +1.467372643e+02 +1.467372643e+02 +1.4246e-01 +6.0992e+00 +2.1945e+00
301 +7.808826931e+00 +7.808826931e+00 +1.422488269e+02 +1.422488269e+02 +2.5717e-02 +5.5857e+00 +1.6825e+00
322 +7.052102395e+00 +7.052102395e+00 +1.414921024e+02 +1.414921024e+02 +2.9244e-01 +5.1677e+00 +2.0402e+00
334 +5.109106255e+00 +5.109106255e+00 +1.395491063e+02 +1.395491063e+02 -5.2460e-02 +4.2558e+00 +1.4864e+00
355 +2.509329758e+00 +2.509329758e+00 +1.369493298e+02 +1.369493298e+02 +1.2819e-01 +3.2922e+00 +4.6975e-01
454 +2.112109137e+00 +2.112109137e+00 +1.365521091e+02 +1.365521091e+02 +2.2182e-01 +3.5601e+00 +1.2155e+00
467 +1.926192357e+00 +1.926192357e+00 +1.363661924e+02 +1.363661924e+02 +1.7160e-01 +3.4560e+00 +8.6164e-01
484 +1.624685128e+00 +1.624685128e+00 +1.360646851e+02 +1.360646851e+02 +1.9446e-01 +3.2196e+00 +9.5801e-01
500 +1.498249068e+00 +1.498249068e+00 +1.359382491e+02 +1.359382491e+02 +2.6865e-01 +3.5662e+00 +1.0959e+00
503 +1.353355250e+00 +1.353355250e+00 +1.357933553e+02 +1.357933553e+02 +2.5793e-01 +3.1295e+00 +9.0741e-01
514 +1.348340139e+00 +1.348340139e+00 +1.357883401e+02 +1.357883401e+02 +2.7041e-01 +3.2538e+00 +9.5190e-01
517 +9.210766764e-01 +9.210766764e-01 +1.353610767e+02 +1.353610767e+02 +3.3448e-01 +3.2693e+00 +9.2961e-01
528 +7.345014799e-01 +7.345014799e-01 +1.351745015e+02 +1.351745015e+02 +3.5436e-01 +2.9994e+00 +8.5673e-01
558 +7.084279669e-01 +7.084279669e-01 +1.351484280e+02 +1.351484280e+02 +4.6393e-01 +3.4370e+00 +8.5288e-01
573 +4.981602790e-01 +4.981602790e-01 +1.349381603e+02 +1.349381603e+02 +4.3218e-01 +3.1291e+00 +8.9679e-01
574 +2.032621721e-01 +2.032621721e-01 +1.346432622e+02 +1.346432622e+02 +5.3254e-01 +2.6656e+00 +8.4291e-01
605 +1.450520376e-01 +1.450520376e-01 +1.345850520e+02 +1.345850520e+02 +5.5583e-01 +2.8472e+00 +8.6416e-01
621 +1.395534450e-01 +1.395534450e-01 +1.345795534e+02 +1.345795534e+02 +5.3699e-01 +2.8748e+00 +8.0026e-01
627 +1.104388223e-01 +1.104388223e-01 +1.345504388e+02 +1.345504388e+02 +5.5994e-01 +2.9202e+00 +8.1005e-01
637 +1.069834494e-01 +1.069834494e-01 +1.345469834e+02 +1.345469834e+02 +5.5005e-01 +2.8719e+00 +7.9874e-01
643 +3.042921748e-02 +3.042921748e-02 +1.344704292e+02 +1.344704292e+02 +6.1239e-01 +2.8321e+00 +7.7257e-01
697 +2.618650291e-02 +2.618650291e-02 +1.344661865e+02 +1.344661865e+02 +5.9316e-01 +2.7887e+00 +7.2579e-01
812 +2.549252968e-02 +2.549252968e-02 +1.344654925e+02 +1.344654925e+02 +5.9859e-01 +2.8125e+00 +7.3933e-01
822 +2.284016749e-02 +2.284016749e-02 +1.344628402e+02 +1.344628402e+02 +6.0801e-01 +2.6979e+00 +7.5632e-01
829 +1.524746938e-02 +1.524746938e-02 +1.344552475e+02 +1.344552475e+02 +6.1400e-01 +2.7855e+00 +7.5083e-01
843 +1.496606293e-02 +1.496606293e-02 +1.344549661e+02 +1.344549661e+02 +6.1889e-01 +2.7896e+00 +7.5402e-01
855 +9.640186602e-03 +9.640186602e-03 +1.344496402e+02 +1.344496402e+02 +6.2437e-01 +2.7857e+00 +7.4035e-01
873 +9.379234204e-03 +9.379234204e-03 +1.344493792e+02 +1.344493792e+02 +6.2842e-01 +2.7830e+00 +7.4359e-01
880 +8.793637822e-03 +8.793637822e-03 +1.344487936e+02 +1.344487936e+02 +6.2276e-01 +2.7764e+00 +7.4001e-01
893 +8.658579501e-03 +8.658579501e-03 +1.344486586e+02 +1.344486586e+02 +6.1689e-01 +2.7584e+00 +7.3719e-01
% function evaluation | noise-free fitness - Fopt (-6.396000000000e+01) | best noise-free fitness - Fopt | measured fitness | best measured fitness | x1 | x2...
1 +4.454033166e+04 +4.454033166e+04 +4.447637166e+04 +4.447637166e+04 +0.0000e+00 +0.0000e+00 +0.0000e+00
69 +7.020308041e+00 +7.020308041e+00 -5.693969196e+01 -5.693969196e+01 +3.3400e+00 -1.2046e+00 -2.3115e+00
74 +2.171412498e+00 +2.171412498e+00 -6.178858750e+01 -6.178858750e+01 +2.5565e+00 -1.1777e+00 -2.4273e+00
290 +1.368326290e+00 +1.368326290e+00 -6.259167371e+01 -6.259167371e+01 +2.5840e+00 -1.4199e+00 -2.2016e+00
322 +9.761314671e-01 +9.761314671e-01 -6.298386853e+01 -6.298386853e+01 +2.4890e+00 -1.3829e+00 -1.6665e+00
335 +6.976384056e-01 +6.976384056e-01 -6.326236159e+01 -6.326236159e+01 +2.3017e+00 -1.3296e+00 -1.6431e+00
351 +6.157407361e-01 +6.157407361e-01 -6.334425926e+01 -6.334425926e+01 +2.3836e+00 -1.4180e+00 -1.5902e+00
353 +3.929530664e-01 +3.929530664e-01 -6.356704693e+01 -6.356704693e+01 +2.4415e+00 -1.5664e+00 -1.6923e+00
360 +3.699616102e-01 +3.699616102e-01 -6.359003839e+01 -6.359003839e+01 +2.3520e+00 -1.4864e+00 -1.7515e+00
372 +1.785730670e-01 +1.785730670e-01 -6.378142693e+01 -6.378142693e+01 +2.3934e+00 -1.6544e+00 -1.5623e+00
396 +3.645419010e-02 +3.645419010e-02 -6.392354581e+01 -6.392354581e+01 +2.2995e+00 -1.6593e+00 -1.3919e+00
513 +2.255128750e-02 +2.255128750e-02 -6.393744871e+01 -6.393744871e+01 +2.2724e+00 -1.6794e+00 -1.2745e+00
625 +1.360976206e-02 +1.360976206e-02 -6.394639024e+01 -6.394639024e+01 +2.2688e+00 -1.6700e+00 -1.3202e+00
633 +8.757470434e-03 +8.757470434e-03 -6.395124253e+01 -6.395124253e+01 +2.2594e+00 -1.6631e+00 -1.3650e+00
638 +8.571009752e-03 +8.571009752e-03 -6.395142899e+01 -6.395142899e+01 +2.2506e+00 -1.6599e+00 -1.3407e+00
644 +7.151598655e-03 +7.151598655e-03 -6.395284840e+01 -6.395284840e+01 +2.2481e+00 -1.6647e+00 -1.3262e+00
658 +5.220574083e-03 +5.220574083e-03 -6.395477943e+01 -6.395477943e+01 +2.2487e+00 -1.6643e+00 -1.3446e+00
691 +4.588394430e-03 +4.588394430e-03 -6.395541161e+01 -6.395541161e+01 +2.2552e+00 -1.6721e+00 -1.3413e+00
692 +4.244014099e-03 +4.244014099e-03 -6.395575599e+01 -6.395575599e+01 +2.2553e+00 -1.6736e+00 -1.3474e+00
696 +3.298791948e-03 +3.298791948e-03 -6.395670121e+01 -6.395670121e+01 +2.2525e+00 -1.6735e+00 -1.3397e+00
711 +3.227427311e-03 +3.227427311e-03 -6.395677257e+01 -6.395677257e+01 +2.2522e+00 -1.6735e+00 -1.3448e+00
721 +2.535415224e-03 +2.535415224e-03 -6.395746458e+01 -6.395746458e+01 +2.2533e+00 -1.6766e+00 -1.3394e+00
727 +2.455985578e-03 +2.455985578e-03 -6.395754401e+01 -6.395754401e+01 +2.2518e+00 -1.6766e+00 -1.3379e+00
742 +2.421242363e-03 +2.421242363e-03 -6.395757876e+01 -6.395757876e+01 +2.2521e+00 -1.6771e+00 -1.3389e+00
761 +2.360704361e-03 +2.360704361e-03 -6.395763930e+01 -6.395763930e+01 +2.2521e+00 -1.6775e+00 -1.3350e+00
765 +2.305048781e-03 +2.305048781e-03 -6.395769495e+01 -6.395769495e+01 +2.2516e+00 -1.6775e+00 -1.3342e+00
768 +1.654766910e-03 +1.654766910e-03 -6.395834523e+01 -6.395834523e+01 +2.2523e+00 -1.6802e+00 -1.3338e+00
783 +1.573270208e-03 +1.573270208e-03 -6.395842673e+01 -6.395842673e+01 +2.2522e+00 -1.6805e+00 -1.3330e+00
784 +1.493883973e-03 +1.493883973e-03 -6.395850612e+01 -6.395850612e+01 +2.2524e+00 -1.6811e+00 -1.3334e+00
800 +1.140854096e-03 +1.140854096e-03 -6.395885915e+01 -6.395885915e+01 +2.2523e+00 -1.6832e+00 -1.3302e+00
810 +1.115092302e-03 +1.115092302e-03 -6.395888491e+01 -6.395888491e+01 +2.2512e+00 -1.6826e+00 -1.3324e+00
811 +8.631870899e-04 +8.631870899e-04 -6.395913681e+01 -6.395913681e+01 +2.2519e+00 -1.6850e+00 -1.3304e+00
837 +8.380635011e-04 +8.380635011e-04 -6.395916194e+01 -6.395916194e+01 +2.2519e+00 -1.6851e+00 -1.3294e+00
838 +7.975961859e-04 +7.975961859e-04 -6.395920240e+01 -6.395920240e+01 +2.2519e+00 -1.6856e+00 -1.3311e+00
842 +7.015805769e-04 +7.015805769e-04 -6.395929842e+01 -6.395929842e+01 +2.2520e+00 -1.6864e+00 -1.3233e+00
846 +6.902733461e-04 +6.902733461e-04 -6.395930973e+01 -6.395930973e+01 +2.2518e+00 -1.6861e+00 -1.3305e+00
858 +5.598693133e-04 +5.598693133e-04 -6.395944013e+01 -6.395944013e+01 +2.2520e+00 -1.6868e+00 -1.3281e+00
865 +4.660181103e-04 +4.660181103e-04 -6.395953398e+01 -6.395953398e+01 +2.2517e+00 -1.6884e+00 -1.3280e+00
883 +3.519018171e-04 +3.519018171e-04 -6.395964810e+01 -6.395964810e+01 +2.2515e+00 -1.6891e+00 -1.3271e+00
891 +2.719159908e-04 +2.719159908e-04 -6.395972808e+01 -6.395972808e+01 +2.2517e+00 -1.6904e+00 -1.3259e+00
% function evaluation | noise-free fitness - Fopt (1.000000000000e+03) | best noise-free fitness - Fopt | measured fitness | best measured fitness | x1 | x2...
1 +3.285187875e+05 +3.285187875e+05 +3.295187875e+05 +3.295187875e+05 +0.0000e+00 +0.0000e+00 +0.0000e+00
2 +2.492866847e+04 +2.492866847e+04 +2.592866847e+04 +2.592866847e+04 +4.7816e-01 -4.2863e+00 -2.8276e+00
10 +2.379251410e+04 +2.379251410e+04 +2.479251410e+04 +2.479251410e+04 +4.5231e-01 -4.2855e+00 -2.8306e+00
37 +2.274097701e+04 +2.274097701e+04 +2.374097701e+04 +2.374097701e+04 +4.2220e-01 -4.2851e+00 -2.8797e+00
38 +2.209768348e+04 +2.209768348e+04 +2.309768348e+04 +2.309768348e+04 +4.1076e-01 -4.2781e+00 -2.8153e+00
47 +2.132386223e+04 +2.132386223e+04 +2.232386223e+04 +2.232386223e+04 +3.8633e-01 -4.2799e+00 -2.8366e+00
51 +2.040602640e+04 +2.040602640e+04 +2.140602640e+04 +2.140602640e+04 +3.5708e-01 -4.2710e+00 -2.7974e+00
54 +1.880707794e+04 +1.880707794e+04 +1.980707794e+04 +1.980707794e+04 +2.6968e-01 -4.2790e+00 -2.8597e+00
55 +6.843102669e+03 +6.843102669e+03 +7.843102669e+03 +7.843102669e+03 -4.1885e-01 -4.2686e+00 -3.0373e+00
67 +6.309986239e+03 +6.309986239e+03 +7.309986239e+03 +7.309986239e+03 -4.6563e-01 -4.5531e+00 -2.9180e+00
77 +4.685443601e+03 +4.685443601e+03 +5.685443601e+03 +5.685443601e+03 -5.2905e-01 -4.3338e+00 -2.9254e+00
88 +9.057500228e+01 +9.057500228e+01 +1.090575002e+03 +1.090575002e+03 -5.6880e+00 -4.4106e+00 -3.1727e+00
91 +7.972098131e+00 +7.972098131e+00 +1.007972098e+03 +1.007972098e+03 -1.4351e+00 -4.4803e+00 -2.9473e+00
112 +6.547146777e+00 +6.547146777e+00 +1.006547147e+03 +1.006547147e+03 -1.2743e+00 -4.5243e+00 -2.8136e+00
147 +6.452313333e+00 +6.452313333e+00 +1.006452313e+03 +1.006452313e+03 -1.3414e+00 -4.2615e+00 -2.9351e+00
152 +5.695921956e+00 +5.695921956e+00 +1.005695922e+03 +1.005695922e+03 -1.1609e+00 -4.3722e+00 -2.7685e+00
158 +4.270736841e+00 +4.270736841e+00 +1.004270737e+03 +1.004270737e+03 -1.7526e+00 -3.3723e+00 -2.8959e+00
170 +2.500277902e+00 +2.500277902e+00 +1.002500278e+03 +1.002500278e+03 -1.1407e+00 -3.9195e+00 -2.7660e+00
184 +1.372306718e+00 +1.372306718e+00 +1.001372307e+03 +1.001372307e+03 -1.1471e+00 -3.6049e+00 -2.7675e+00
189 +1.007846312e+00 +1.007846312e+00 +1.001007846e+03 +1.001007846e+03 -1.2217e+00 -3.3084e+00 -2.8168e+00
198 +9.460080559e-01 +9.460080559e-01 +1.000946008e+03 +1.000946008e+03 -1.2576e+00 -3.2290e+00 -2.8262e+00
199 +7.322839186e-01 +7.322839186e-01 +1.000732284e+03 +1.000732284e+03 -1.3394e+00 -3.0685e+00 -2.7752e+00
202 +1.878126553e-01 +1.878126553e-01 +1.000187813e+03 +1.000187813e+03 -1.1908e+00 -2.7941e+00 -2.7983e+00
235 +1.505833741e-01 +1.505833741e-01 +1.000150583e+03 +1.000150583e+03 -1.1240e+00 -2.9128e+00 -2.8007e+00
257 +7.420146913e-02 +7.420146913e-02 +1.000074201e+03 +1.000074201e+03 -1.0902e+00 -2.9771e+00 -2.7508e+00
269 +5.377395803e-02 +5.377395803e-02 +1.000053774e+03 +1.000053774e+03 -1.1388e+00 -3.0237e+00 -2.6542e+00
282 +4.334636605e-02 +4.334636605e-02 +1.000043346e+03 +1.000043346e+03 -1.1255e+00 -2.9766e+00 -2.6955e+00
293 +3.844140126e-02 +3.844140126e-02 +1.000038441e+03 +1.000038441e+03 -1.1149e+00 -2.9904e+00 -2.6891e+00
297 +2.259027743e-02 +2.259027743e-02 +1.000022590e+03 +1.000022590e+03 -1.0966e+00 -2.9768e+00 -2.6963e+00
355 +1.230905531e-04 +1.230905531e-04 +1.000000123e+03 +1.000000123e+03 -1.0426e+00 -3.0151e+00 -2.6786e+00
738 +2.943066272e-05 +2.943066272e-05 +1.000000029e+03 +1.000000029e+03 -1.0406e+00 -3.0150e+00 -2.6789e+00
% function evaluation | noise-free fitness - Fopt (4.519100000000e+02) | best noise-free fitness - Fopt | measured fitness | best measured fitness | x1 | x2...
1 +1.773855352e+05 +1.773855352e+05 +1.778374452e+05 +1.778374452e+05 +0.0000e+00 +0.0000e+00 +0.0000e+00
127 +1.710493120e+05 +1.710493120e+05 +1.715012220e+05 +1.715012220e+05 +1.1164e+00 -8.0813e-02 +1.8791e+00
135 +1.676824292e+05 +1.676824292e+05 +1.681343392e+05 +1.681343392e+05 +1.2638e+00 -8.0668e-02 +3.7174e+00
140 +1.596662338e+05 +1.596662338e+05 +1.601181438e+05 +1.601181438e+05 +1.1527e+00 -7.6889e-02 +2.9341e+00
152 +1.558250268e+05 +1.558250268e+05 +1.562769368e+05 +1.562769368e+05 +1.0923e+00 -7.2832e-02 +3.0190e+00
155 +1.469050420e+05 +1.469050420e+05 +1.473569520e+05 +1.473569520e+05 +9.4640e-01 -8.8088e-02 +2.8497e+00
164 +1.144855176e+05 +1.144855176e+05 +1.149374276e+05 +1.149374276e+05 +1.4888e-01 -7.8850e-02 +3.0023e+00
179 +4.928642522e+04 +4.928642522e+04 +4.973833522e+04 +4.973833522e+04 -1.5527e+00 -8.0138e-02 +3.1889e+00
184 +4.157232531e+04 +4.157232531e+04 +4.202423531e+04 +4.202423531e+04 -5.3403e+00 -8.6217e-02 +3.2505e+00
193 +2.719693295e+04 +2.719693295e+04 +2.764884295e+04 +2.764884295e+04 -2.4497e+00 -7.1358e-02 +3.2750e+00
194 +1.199735144e+04 +1.199735144e+04 +1.244926144e+04 +1.244926144e+04 -3.2279e+00 -8.2836e-02 +3.1152e+00
197 +8.896743829e+03 +8.896743829e+03 +9.348653829e+03 +9.348653829e+03 -3.5889e+00 -7.8032e-02 +3.0334e+00
209 +7.104877349e+03 +7.104877349e+03 +7.556787349e+03 +7.556787349e+03 -3.3941e+00 -8.0808e-02 +2.8058e+00
215 +3.689224416e+03 +3.689224416e+03 +4.141134416e+03 +4.141134416e+03 -3.7330e+00 -7.6225e-02 +2.5804e+00
217 +3.344727059e+03 +3.344727059e+03 +3.796637059e+03 +3.796637059e+03 -3.7809e+00 -7.4521e-02 +2.3652e+00
244 +2.027772121e+03 +2.027772121e+03 +2.479682121e+03 +2.479682121e+03 -4.0767e+00 -1.0851e-01 +2.2384e+00
292 +1.991389533e+03 +1.991389533e+03 +2.443299533e+03 +2.443299533e+03 -4.0145e+00 -1.0730e-01 +2.3292e+00
423 +1.949554640e+03 +1.949554640e+03 +2.401464640e+03 +2.401464640e+03 -3.9567e+00 -1.3771e-01 +2.4097e+00
457 +1.905441825e+03 +1.905441825e+03 +2.357351825e+03 +2.357351825e+03 -3.9951e+00 -1.4549e-01 +2.3916e+00
471 +1.852456074e+03 +1.852456074e+03 +2.304366074e+03 +2.304366074e+03 -3.9596e+00 -1.5873e-01 +2.3722e+00
478 +1.816887200e+03 +1.816887200e+03 +2.268797200e+03 +2.268797200e+03 -3.9896e+00 -1.6939e-01 +2.4388e+00
481 +1.169473340e+03 +1.169473340e+03 +1.621383340e+03 +1.621383340e+03 -3.9849e+00 -2.6223e-01 +2.3620e+00
490 +1.010486012e+03 +1.010486012e+03 +1.462396012e+03 +1.462396012e+03 -3.9922e+00 -3.0627e-01 +2.3830e+00
498 +7.868208233e+02 +7.868208233e+02 +1.238730823e+03 +1.238730823e+03 -3.9879e+00 -4.0836e-01 +2.4135e+00
520 +6.708754022e+02 +6.708754022e+02 +1.122785402e+03 +1.122785402e+03 -3.9724e+00 -3.5962e-01 +2.4603e+00
545 +6.038164317e+02 +6.038164317e+02 +1.055726432e+03 +1.055726432e+03 -4.0025e+00 -3.8460e-01 +2.4529e+00
560 +1.273971378e+01 +1.273971378e+01 +4.646497138e+02 +4.646497138e+02 -4.0303e+00 -1.4070e+00 +2.6873e+00
574 +1.483838527e+00 +1.483838527e+00 +4.533938385e+02 +4.533938385e+02 -4.0659e+00 -1.2008e+00 +2.6779e+00
587 +3.504156243e-01 +3.504156243e-01 +4.522604156e+02 +4.522604156e+02 -3.8435e+00 -9.1423e-01 +2.8145e+00
624 +2.821223447e-01 +2.821223447e-01 +4.521921223e+02 +4.521921223e+02 -4.0441e+00 -8.9723e-01 +2.8424e+00
629 +2.532854819e-01 +2.532854819e-01 +4.521632855e+02 +4.521632855e+02 -3.9741e+00 -9.0106e-01 +2.8261e+00
631 +2.446964400e-01 +2.446964400e-01 +4.521546964e+02 +4.521546964e+02 -3.9566e+00 -8.7774e-01 +2.9670e+00
637 +1.531456107e-01 +1.531456107e-01 +4.520631456e+02 +4.520631456e+02 -3.9980e+00 -8.0665e-01 +2.8649e+00
678 +1.493426962e-01 +1.493426962e-01 +4.520593427e+02 +4.520593427e+02 -3.9179e+00 -8.4595e-01 +2.8561e+00
683 +1.140853273e-01 +1.140853273e-01 +4.520240853e+02 +4.520240853e+02 -3.9539e+00 -7.7225e-01 +2.8737e+00
690 +1.004011998e-01 +1.004011998e-01 +4.520104012e+02 +4.520104012e+02 -3.9188e+00 -7.7779e-01 +2.8871e+00
698 +8.398580000e-02 +8.398580000e-02 +4.519939858e+02 +4.519939858e+02 -3.9277e+00 -7.8125e-01 +2.8559e+00
702 +7.957455391e-02 +7.957455391e-02 +4.519895746e+02 +4.519895746e+02 -3.9394e+00 -7.3751e-01 +2.8512e+00
713 +7.919822455e-02 +7.919822455e-02 +4.519891982e+02 +4.519891982e+02 -3.8897e+00 -7.6242e-01 +2.8611e+00
775 +7.090570625e-02 +7.090570625e-02 +4.519809057e+02 +4.519809057e+02 -3.9024e+00 -7.3777e-01 +2.8537e+00
797 +4.494051399e-02 +4.494051399e-02 +4.519549405e+02 +4.519549405e+02 -3.8922e+00 -7.2818e-01 +2.8243e+00
872 +4.303900883e-02 +4.303900883e-02 +4.519530390e+02 +4.519530390e+02 -3.8910e+00 -7.2423e-01 +2.8125e+00
% function evaluation | noise-free fitness - Fopt (-2.415900000000e+02) | best noise-free fitness - Fopt | measured fitness | best measured fitness | x1 | x2...
1 +7.466307847e+03 +7.466307847e+03 +7.224717847e+03 +7.224717847e+03 +0.0000e+00 +0.0000e+00 +0.0000e+00
177 +1.945704756e+03 +1.945704756e+03 +1.704114756e+03 +1.704114756e+03 -2.1353e+00 +3.7544e+00 -1.3149e+00
182 +1.387271893e+03 +1.387271893e+03 +1.145681893e+03 +1.145681893e+03 -1.4518e+00 +3.7103e+00 -9.4753e-01
184 +3.148946326e+02 +3.148946326e+02 +7.330463265e+01 +7.330463265e+01 -1.5724e+00 +3.7712e+00 -1.1990e+00
186 +2.980029739e+02 +2.980029739e+02 +5.641297393e+01 +5.641297393e+01 -1.6286e+00 +3.7504e+00 -1.1149e+00
202 +5.322426093e+01 +5.322426093e+01 -1.883657391e+02 -1.883657391e+02 -1.4837e+00 +3.6192e+00 -1.2151e+00
212 +2.023730959e+01 +2.023730959e+01 -2.213526904e+02 -2.213526904e+02 -3.0491e+00 +3.6641e+00 -3.8897e+00
215 +1.212609603e+01 +1.212609603e+01 -2.294639040e+02 -2.294639040e+02 -1.5763e+00 +3.6062e+00 -1.5137e+00
217 +5.844697905e-01 +5.844697905e-01 -2.410055302e+02 -2.410055302e+02 -1.2288e+00 +3.1706e+00 -1.3197e+00
221 +4.159147951e-01 +4.159147951e-01 -2.411740852e+02 -2.411740852e+02 -1.3272e+00 +3.3998e+00 -1.4829e+00
224 +3.501535543e-01 +3.501535543e-01 -2.412398464e+02 -2.412398464e+02 -1.6519e+00 +3.5716e+00 -1.5099e+00
488 +2.554161853e-01 +2.554161853e-01 -2.413345838e+02 -2.413345838e+02 -1.3294e+00 +3.4413e+00 -1.3707e+00
507 +1.765046998e-01 +1.765046998e-01 -2.414134953e+02 -2.414134953e+02 -1.4107e+00 +3.5116e+00 -1.3767e+00
629 +1.683495392e-01 +1.683495392e-01 -2.414216505e+02 -2.414216505e+02 -1.3700e+00 +3.4204e+00 -1.2963e+00
633 +1.606642084e-01 +1.606642084e-01 -2.414293358e+02 -2.414293358e+02 -1.3918e+00 +3.4284e+00 -1.3017e+00
642 +1.511754551e-01 +1.511754551e-01 -2.414388245e+02 -2.414388245e+02 -1.5198e+00 +3.4853e+00 -1.3265e+00
647 +1.406469099e-01 +1.406469099e-01 -2.414493531e+02 -2.414493531e+02 -1.4253e+00 +3.5187e+00 -1.3418e+00
648 +8.121603167e-02 +8.121603167e-02 -2.415087840e+02 -2.415087840e+02 -1.4410e+00 +3.5230e+00 -1.2936e+00
685 +6.740496533e-02 +6.740496533e-02 -2.415225950e+02 -2.415225950e+02 -1.4655e+00 +3.5486e+00 -1.2852e+00
692 +6.583158300e-02 +6.583158300e-02 -2.415241684e+02 -2.415241684e+02 -1.4579e+00 +3.5367e+00 -1.2663e+00
711 +4.339298895e-02 +4.339298895e-02 -2.415466070e+02 -2.415466070e+02 -1.4907e+00 +3.5917e+00 -1.2860e+00
733 +4.100475158e-02 +4.100475158e-02 -2.415489952e+02 -2.415489952e+02 -1.5395e+00 +3.5878e+00 -1.2894e+00
735 +2.761187917e-02 +2.761187917e-02 -2.415623881e+02 -2.415623881e+02 -1.5354e+00 +3.6216e+00 -1.2896e+00
745 +2.740317569e-02 +2.740317569e-02 -2.415625968e+02 -2.415625968e+02 -1.5688e+00 +3.6164e+00 -1.2893e+00
761 +2.639604813e-02 +2.639604813e-02 -2.415636040e+02 -2.415636040e+02 -1.5584e+00 +3.6134e+00 -1.2878e+00
767 +2.227126897e-02 +2.227126897e-02 -2.415677287e+02 -2.415677287e+02 -1.5668e+00 +3.6284e+00 -1.2872e+00
835 +2.147256139e-02 +2.147256139e-02 -2.415685274e+02 -2.415685274e+02 -1.5700e+00 +3.6399e+00 -1.2912e+00
846 +1.871506911e-02 +1.871506911e-02 -2.415712849e+02 -2.415712849e+02 -1.5682e+00 +3.6417e+00 -1.2864e+00
856 +1.135054274e-02 +1.135054274e-02 -2.415786495e+02 -2.415786495e+02 -1.5731e+00 +3.6326e+00 -1.2539e+00
866 +8.622929950e-03 +8.622929950e-03 -2.415813771e+02 -2.415813771e+02 -1.5615e+00 +3.6461e+00 -1.2600e+00
896 +7.412244160e-03 +7.412244160e-03 -2.415825878e+02 -2.415825878e+02 -1.5717e+00 +3.6489e+00 -1.2591e+00
