% function evaluation | noise-free fitness - Fopt (4.078000000000e+01) | best noise-free fitness - Fopt | measured fitness | best measured fitness | x1 | x2...
1 +2.342962888e+01 +2.342962888e+01 +6.420962888e+01 +6.420962888e+01 +0.0000e+00 +0.0000e+00 +0.0000e+00
2 +1.649247815e+01 +1.649247815e+01 +5.727247815e+01 +5.727247815e+01 -4.3648e+00 -3.6601e+00 +4.4466e-01
3 +1.501885757e+01 +1.501885757e+01 +5.579885757e+01 +5.579885757e+01 -4.2961e+00 -3.7049e+00 +4.4968e-01
19 +1.399391524e+01 +1.399391524e+01 +5.477391524e+01 +5.477391524e+01 -4.2474e+00 -3.7276e+00 +4.5934e-01
21 +1.183379269e+01 +1.183379269e+01 +5.261379269e+01 +5.261379269e+01 -4.2233e+00 -3.6439e+00 +4.6240e-01
32 +9.890670095e+00 +9.890670095e+00 +5.067067009e+01 +5.067067009e+01 -4.1373e+00 -3.6633e+00 +4.4834e-01
38 +8.834293922e+00 +8.834293922e+00 +4.961429392e+01 +4.961429392e+01 -4.0567e+00 -3.6585e+00 +4.7768e-01
43 +8.524670131e+00 +8.524670131e+00 +4.930467013e+01 +4.930467013e+01 -4.2589e+00 -3.1823e+00 +4.8932e-01
58 +8.218981971e+00 +8.218981971e+00 +4.899898197e+01 +4.899898197e+01 -4.1379e+00 -3.4374e+00 +4.7379e-01
62 +5.074752175e+00 +5.074752175e+00 +4.585475218e+01 +4.585475218e+01 -3.9534e+00 -3.2679e+00 +4.8471e-01
82 +3.587154370e+00 +3.587154370e+00 +4.436715437e+01 +4.436715437e+01 -3.9432e+00 -3.0488e+00 +4.6503e-01
94 +3.214845863e+00 +3.214845863e+00 +4.399484586e+01 +4.399484586e+01 -3.5107e+00 -3.0698e+00 +4.7783e-01
112 +2.691606920e+00 +2.691606920e+00 +4.347160692e+01 +4.347160692e+01 -3.8161e+00 -2.9683e+00 +4.6059e-01
136 +2.652721234e+00 +2.652721234e+00 +4.343272123e+01 +4.343272123e+01 -3.6466e+00 -3.0941e+00 +4.6445e-01
164 +2.609855854e+00 +2.609855854e+00 +4.338985585e+01 +4.338985585e+01 -3.7576e+00 -2.9839e+00 +4.6434e-01
184 +2.214748255e+00 +2.214748255e+00 +4.299474825e+01 +4.299474825e+01 -3.0904e+00 -3.0721e+00 +5.6774e-01
275 +2.051001866e+00 +2.051001866e+00 +4.283100187e+01 +4.283100187e+01 -3.7519e+00 -3.0506e+00 -1.5372e-01
317 +2.040217998e+00 +2.040217998e+00 +4.282021800e+01 +4.282021800e+01 -3.7609e+00 -3.1044e+00 -2.6466e-03
372 +1.993591291e+00 +1.993591291e+00 +4.277359129e+01 +4.277359129e+01 -3.8267e+00 -2.9490e+00 -2.4878e-02
379 +1.948822762e+00 +1.948822762e+00 +4.272882276e+01 +4.272882276e+01 -3.9097e+00 -2.9755e+00 -1.4561e-01
435 +1.899498516e+00 +1.899498516e+00 +4.267949852e+01 +4.267949852e+01 -4.0181e+00 -2.9615e+00 -3.0176e-01
517 +1.859108949e+00 +1.859108949e+00 +4.263910895e+01 +4.263910895e+01 -4.0686e+00 -2.8943e+00 -3.1740e-01
591 +1.814841689e+00 +1.814841689e+00 +4.259484169e+01 +4.259484169e+01 -4.0799e+00 -2.7624e+00 -4.0970e-01
% function evaluation | noise-free fitness - Fopt (-1.600000000000e+00) | best noise-free fitness - Fopt | measured fitness | best measured fitness | x1 | x2...
1 +1.240367020e+01 +1.240367020e+01 +1.080367020e+01 +1.080367020e+01 +0.0000e+00 +0.0000e+00 +0.0000e+00
96 +8.214154569e+00 +8.214154569e+00 +6.614154569e+00 +6.614154569e+00 -1.1717e+00 -4.2463e-01 +1.9987e+00
112 +7.852441961e+00 +7.852441961e+00 +6.252441961e+00 +6.252441961e+00 -1.2127e+00 +1.7788e+00 +1.1656e-01
118 +7.044300088e+00 +7.044300088e+00 +5.444300088e+00 +5.444300088e+00 -1.1928e+00 -1.4771e+00 +3.0401e+00
168 +5.734090214e+00 +5.734090214e+00 +4.134090214e+00 +4.134090214e+00 -1.1963e+00 -1.2322e+00 +1.9660e+00
170 +4.220083565e+00 +4.220083565e+00 +2.620083565e+00 +2.620083565e+00 -1.1792e+00 -1.2569e+00 +2.3253e+00
200 +4.141144731e+00 +4.141144731e+00 +2.541144731e+00 +2.541144731e+00 -1.1601e+00 -1.5873e+00 +2.4074e+00
226 +3.794699568e+00 +3.794699568e+00 +2.194699568e+00 +2.194699568e+00 -1.1902e+00 -1.5803e+00 +2.2313e+00
246 +3.416408112e+00 +3.416408112e+00 +1.816408112e+00 +1.816408112e+00 -1.2105e+00 -1.4883e+00 +2.3428e+00
257 +3.109493932e+00 +3.109493932e+00 +1.509493932e+00 +1.509493932e+00 -1.2553e+00 -1.4770e+00 +2.2405e+00
258 +2.100328754e+00 +2.100328754e+00 +5.003287535e-01 +5.003287535e-01 -1.4529e+00 -1.6239e+00 +2.4800e+00
279 +2.043485090e+00 +2.043485090e+00 +4.434850903e-01 +4.434850903e-01 -2.2770e+00 -1.4669e+00 +2.4851e+00
285 +1.855784736e+00 +1.855784736e+00 +2.557847359e-01 +2.557847359e-01 -1.7403e+00 -1.7391e+00 +2.6432e+00
303 +1.778239678e+00 +1.778239678e+00 +1.782396783e-01 +1.782396783e-01 -1.9074e+00 -1.5416e+00 +2.4725e+00
307 +1.510054578e+00 +1.510054578e+00 -8.994542154e-02 -8.994542154e-02 -2.2081e+00 -2.0498e+00 +2.6202e+00
326 +1.353252451e+00 +1.353252451e+00 -2.467475494e-01 -2.467475494e-01 -2.1009e+00 -1.9052e+00 +2.5974e+00
422 +1.290138505e+00 +1.290138505e+00 -3.098614953e-01 -3.098614953e-01 -2.0315e+00 -1.8900e+00 +2.6168e+00
528 +1.282426572e+00 +1.282426572e+00 -3.175734279e-01 -3.175734279e-01 -2.0308e+00 -1.9002e+00 +2.6236e+00
589 +1.248243491e+00 +1.248243491e+00 -3.517565089e-01 -3.517565089e-01 -2.1048e+00 -1.9530e+00 +2.6904e+00
% function evaluation | noise-free fitness - Fopt (-3.708400000000e+02) | best noise-free fitness - Fopt | measured fitness | best measured fitness | x1 | x2...
1 +3.578233172e+01 +3.578233172e+01 -3.350576683e+02 -3.350576683e+02 +0.0000e+00 +0.0000e+00 +0.0000e+00
26 +3.306059892e+01 +3.306059892e+01 -3.377794011e+02 -3.377794011e+02 -4.2113e+00 -3.6043e+00 +2.3461e+00
34 +3.130999862e+01 +3.130999862e+01 -3.395300014e+02 -3.395300014e+02 -4.2229e+00 -3.6232e+00 +2.3310e+00
48 +2.716746619e+01 +2.716746619e+01 -3.436725338e+02 -3.436725338e+02 -4.2250e+00 -3.6213e+00 +2.2685e+00
54 +2.688553346e+01 +2.688553346e+01 -3.439544665e+02 -3.439544665e+02 -4.3542e+00 -3.6240e+00 +2.3613e+00
62 +1.765213133e+01 +1.765213133e+01 -3.531878687e+02 -3.531878687e+02 -4.4281e+00 -3.6282e+00 +2.1370e+00
82 +1.329832100e+01 +1.329832100e+01 -3.575416790e+02 -3.575416790e+02 -4.4919e+00 -3.6193e+00 +3.4697e+00
88 +6.301047271e+00 +6.301047271e+00 -3.645389527e+02 -3.645389527e+02 -4.4738e+00 -3.6281e+00 +4.5726e+00
100 +5.205934323e+00 +5.205934323e+00 -3.656340657e+02 -3.656340657e+02 -4.3654e+00 -3.6265e+00 +4.4410e+00
103 +5.064393444e+00 +5.064393444e+00 -3.657756066e+02 -3.657756066e+02 -4.4554e+00 -3.6275e+00 +4.2393e+00
118 +4.764615458e+00 +4.764615458e+00 -3.660753845e+02 -3.660753845e+02 -4.3948e+00 -3.6284e+00 +4.1892e+00
121 +4.538505851e+00 +4.538505851e+00 -3.663014941e+02 -3.663014941e+02 -4.3491e+00 -3.6348e+00 +4.1571e+00
126 +4.266495224e+00 +4.266495224e+00 -3.665735048e+02 -3.665735048e+02 -4.2446e+00 -3.6309e+00 +4.2587e+00
140 +4.232072848e+00 +4.232072848e+00 -3.666079272e+02 -3.666079272e+02 -4.2324e+00 -3.6317e+00 +4.2471e+00
173 +4.162284265e+00 +4.162284265e+00 -3.666777157e+02 -3.666777157e+02 -4.1658e+00 -3.6320e+00 +4.1799e+00
265 +4.067341946e+00 +4.067341946e+00 -3.667726581e+02 -3.667726581e+02 -4.1654e+00 -3.6430e+00 +4.1671e+00
270 +3.974784042e+00 +3.974784042e+00 -3.668652160e+02 -3.668652160e+02 -4.1809e+00 -3.6542e+00 +4.1819e+00
305 +3.884165562e+00 +3.884165562e+00 -3.669558344e+02 -3.669558344e+02 -4.1495e+00 -3.6686e+00 +4.1695e+00
312 +3.721025365e+00 +3.721025365e+00 -3.671189746e+02 -3.671189746e+02 -4.1574e+00 -3.6908e+00 +4.1860e+00
317 +3.477370506e+00 +3.477370506e+00 -3.673626295e+02 -3.673626295e+02 -4.1636e+00 -3.7242e+00 +4.1350e+00
318 +3.372467162e+00 +3.372467162e+00 -3.674675328e+02 -3.674675328e+02 -4.2527e+00 -3.8226e+00 +4.3876e+00
330 +3.118009701e+00 +3.118009701e+00 -3.677219903e+02 -3.677219903e+02 -4.2845e+00 -3.8024e+00 +4.1222e+00
333 +3.056129288e+00 +3.056129288e+00 -3.677838707e+02 -3.677838707e+02 -4.2380e+00 -3.8093e+00 +4.2820e+00
341 +2.906999956e+00 +2.906999956e+00 -3.679330000e+02 -3.679330000e+02 -4.2397e+00 -3.8273e+00 +4.1259e+00
342 +2.345984186e+00 +2.345984186e+00 -3.684940158e+02 -3.684940158e+02 -4.2297e+00 -3.9830e+00 +4.1276e+00
348 +2.139870000e+00 +2.139870000e+00 -3.687001300e+02 -3.687001300e+02 -4.2995e+00 -4.1252e+00 +4.1240e+00
363 +2.064184465e+00 +2.064184465e+00 -3.687758155e+02 -3.687758155e+02 -4.2645e+00 -4.2297e+00 +4.2904e+00
367 +1.998084128e+00 +1.998084128e+00 -3.688419159e+02 -3.688419159e+02 -4.3173e+00 -5.0276e+00 +4.1530e+00
373 +1.985461446e+00 +1.985461446e+00 -3.688545386e+02 -3.688545386e+02 -4.4213e+00 -4.4901e+00 +4.2486e+00
394 +1.948627762e+00 +1.948627762e+00 -3.688913722e+02 -3.688913722e+02 -4.3664e+00 -4.7881e+00 +4.1793e+00
% function evaluation | noise-free fitness - Fopt (-3.256000000000e+01) | best noise-free fitness - Fopt | measured fitness | best measured fitness | x1 | x2...
1 +5.303999905e+01 +5.303999905e+01 +2.047999905e+01 +2.047999905e+01 +0.0000e+00 +0.0000e+00 +0.0000e+00
2 +1.674243390e+01 +1.674243390e+01 -1.581756610e+01 -1.581756610e+01 -4.2588e+00 -2.7512e-01 -3.7489e+00
10 +1.596627317e+01 +1.596627317e+01 -1.659372683e+01 -1.659372683e+01 -4.2775e+00 -2.7584e-01 -3.7467e+00
16 +1.464796464e+01 +1.464796464e+01 -1.791203536e+01 -1.791203536e+01 -4.2741e+00 -3.1954e-01 -3.7465e+00
17 +1.341685913e+01 +1.341685913e+01 -1.914314087e+01 -1.914314087e+01 -4.2705e+00 -3.6143e-01 -3.7480e+00
19 +1.147413539e+01 +1.147413539e+01 -2.108586461e+01 -2.108586461e+01 -4.2660e+00 -4.4273e-01 -3.7175e+00
33 +1.066879458e+01 +1.066879458e+01 -2.189120542e+01 -2.189120542e+01 -4.2831e+00 -4.4269e-01 -3.7544e+00
35 +8.731426383e+00 +8.731426383e+00 -2.382857362e+01 -2.382857362e+01 -4.2607e+00 -5.2318e-01 -4.0279e+00
49 +7.769312267e+00 +7.769312267e+00 -2.479068773e+01 -2.479068773e+01 -4.2794e+00 -5.9996e-01 -3.9538e+00
50 +3.592237634e+00 +3.592237634e+00 -2.896776237e+01 -2.896776237e+01 -4.2753e+00 -9.6926e-01 -3.7622e+00
62 +2.538611149e+00 +2.538611149e+00 -3.002138885e+01 -3.002138885e+01 -4.3207e+00 -1.3424e+00 -3.8768e+00
93 +2.378186164e+00 +2.378186164e+00 -3.018181384e+01 -3.018181384e+01 -4.3232e+00 -1.3281e+00 -3.7951e+00
109 +2.221215000e+00 +2.221215000e+00 -3.033878500e+01 -3.033878500e+01 -4.2499e+00 -1.2893e+00 -3.6735e+00
148 +2.167095483e+00 +2.167095483e+00 -3.039290452e+01 -3.039290452e+01 -4.0704e+00 -1.3935e+00 -3.8036e+00
152 +2.120604890e+00 +2.120604890e+00 -3.043939511e+01 -3.043939511e+01 -4.2120e+00 -1.4097e+00 -3.6885e+00
279 +2.085362615e+00 +2.085362615e+00 -3.047463739e+01 -3.047463739e+01 -4.1617e+00 -1.4679e+00 -3.6471e+00
364 +2.040816870e+00 +2.040816870e+00 -3.051918313e+01 -3.051918313e+01 -4.0791e+00 -1.5599e+00 -3.6803e+00
538 +1.992949602e+00 +1.992949602e+00 -3.056705040e+01 -3.056705040e+01 -3.9531e+00 -1.8361e+00 -3.6643e+00
% function evaluation | noise-free fitness - Fopt (5.154000000000e+02) | best noise-free fitness - Fopt | measured fitness | best measured fitness | x1 | x2...
1 +2.054857278e+01 +2.054857278e+01 +5.359485728e+02 +5.359485728e+02 +0.0000e+00 +0.0000e+00 +0.0000e+00
122 +9.996451735e+00 +9.996451735e+00 +5.253964517e+02 +5.253964517e+02 -4.1696e+00 -1.8822e+00 -4.1474e+00
141 +9.224623078e+00 +9.224623078e+00 +5.246246231e+02 +5.246246231e+02 -4.2859e+00 -2.0122e+00 -4.1397e+00
142 +6.408223537e+00 +6.408223537e+00 +5.218082235e+02 +5.218082235e+02 -4.4551e+00 -1.5642e+00 -4.1417e+00
160 +6.157427063e+00 +6.157427063e+00 +5.215574271e+02 +5.215574271e+02 -4.7900e+00 -1.6873e+00 -4.1273e+00
168 +5.885238269e+00 +5.885238269e+00 +5.212852383e+02 +5.212852383e+02 -4.4983e+00 -1.5736e+00 -4.1260e+00
178 +4.307583120e+00 +4.307583120e+00 +5.197075831e+02 +5.197075831e+02 -4.6265e+00 -1.5134e+00 -4.2011e+00
182 +3.969182504e+00 +3.969182504e+00 +5.193691825e+02 +5.193691825e+02 -4.7339e+00 -1.5380e+00 -4.1561e+00
189 +3.320606503e+00 +3.320606503e+00 +5.187206065e+02 +5.187206065e+02 -4.6847e+00 -1.2483e+00 -3.9869e+00
201 +2.861611064e+00 +2.861611064e+00 +5.182616111e+02 +5.182616111e+02 -4.7717e+00 -1.2468e+00 -4.0768e+00
228 +2.624540024e+00 +2.624540024e+00 +5.180245400e+02 +5.180245400e+02 -4.8559e+00 -9.3597e-01 -3.8864e+00
257 +2.495699994e+00 +2.495699994e+00 +5.178957000e+02 +5.178957000e+02 -4.9328e+00 -1.0749e+00 -4.0182e+00
% function evaluation | noise-free fitness - Fopt (-1.000000000000e+03) | best noise-free fitness - Fopt | measured fitness | best measured fitness | x1 | x2...
1 +2.932008469e+01 +2.932008469e+01 -9.706799153e+02 -9.706799153e+02 +0.0000e+00 +0.0000e+00 +0.0000e+00
2 +1.887646395e+01 +1.887646395e+01 -9.811235361e+02 -9.811235361e+02 -3.7949e-01 +5.8468e-01 -4.2391e+00
20 +1.845642984e+01 +1.845642984e+01 -9.815435702e+02 -9.815435702e+02 -3.8019e-01 +6.0052e-01 -4.2391e+00
46 +1.803286132e+01 +1.803286132e+01 -9.819671387e+02 -9.819671387e+02 -3.8504e-01 +6.1699e-01 -4.2391e+00
49 +1.746335009e+01 +1.746335009e+01 -9.825366499e+02 -9.825366499e+02 -3.8167e-01 +6.3759e-01 -4.2391e+00
58 +1.517548034e+01 +1.517548034e+01 -9.848245197e+02 -9.848245197e+02 -3.7786e-01 +7.2132e-01 -4.2391e+00
65 +1.491051200e+01 +1.491051200e+01 -9.850894880e+02 -9.850894880e+02 -3.7727e-01 +7.3119e-01 -4.2390e+00
72 +1.470903120e+01 +1.470903120e+01 -9.852909688e+02 -9.852909688e+02 -3.7155e-01 +7.3805e-01 -4.2391e+00
76 +1.076566560e+01 +1.076566560e+01 -9.892343344e+02 -9.892343344e+02 -3.8339e-01 +9.0785e-01 -4.2397e+00
79 +1.043782089e+01 +1.043782089e+01 -9.895621791e+02 -9.895621791e+02 -3.7096e-01 +9.2597e-01 -4.2384e+00
100 +9.500414562e+00 +9.500414562e+00 -9.904995854e+02 -9.904995854e+02 -3.7519e-01 +9.8618e-01 -4.2391e+00
105 +3.944128633e+00 +3.944128633e+00 -9.960558714e+02 -9.960558714e+02 -3.7239e-01 +1.8623e+00 -4.2392e+00
114 +3.829570281e+00 +3.829570281e+00 -9.961704297e+02 -9.961704297e+02 -3.8778e-01 +1.7957e+00 -4.2390e+00
168 +2.368770637e+00 +2.368770637e+00 -9.976312294e+02 -9.976312294e+02 -3.1992e-01 +3.6049e+00 -4.2382e+00
197 +2.183330578e+00 +2.183330578e+00 -9.978166694e+02 -9.978166694e+02 -3.5720e-01 +3.7430e+00 -4.2380e+00
% function evaluation | noise-free fitness - Fopt (9.190000000000e+01) | best noise-free fitness - Fopt | measured fitness | best measured fitness | x1 | x2...
1 +9.343703334e+00 +9.343703334e+00 +1.012437033e+02 +1.012437033e+02 +0.0000e+00 +0.0000e+00 +0.0000e+00
196 +8.878802553e+00 +8.878802553e+00 +1.007788026e+02 +1.007788026e+02 +2.0336e-02 +4.1233e+00 +3.6139e-01
199 +8.394521984e+00 +8.394521984e+00 +1.002945220e+02 +1.002945220e+02 +1.6945e-01 +3.9925e+00 +3.5732e-01
214 +8.035101014e+00 +8.035101014e+00 +9.993510101e+01 +9.993510101e+01 +6.1399e-02 +4.0581e+00 -1.6981e+00
234 +7.920480879e+00 +7.920480879e+00 +9.982048088e+01 +9.982048088e+01 -1.3392e-01 +4.0377e+00 -1.3570e+00
241 +7.327954168e+00 +7.327954168e+00 +9.922795417e+01 +9.922795417e+01 -1.9006e+00 +3.9780e+00 -7.4457e-02
243 +2.393495193e+00 +2.393495193e+00 +9.429349519e+01 +9.429349519e+01 -1.1889e+00 +4.0142e+00 -1.6364e+00
250 +2.299320176e+00 +2.299320176e+00 +9.419932018e+01 +9.419932018e+01 -1.3051e+00 +4.0088e+00 -6.9358e-01
253 +2.032984342e+00 +2.032984342e+00 +9.393298434e+01 +9.393298434e+01 -1.8300e+00 +4.0381e+00 -8.4794e-01
257 +1.869429162e+00 +1.869429162e+00 +9.376942916e+01 +9.376942916e+01 -1.6362e+00 +4.0139e+00 -1.0035e+00
287 +1.844749574e+00 +1.844749574e+00 +9.374474957e+01 +9.374474957e+01 -1.5800e+00 +4.0222e+00 -1.1097e+00
351 +1.814574417e+00 +1.814574417e+00 +9.371457442e+01 +9.371457442e+01 -1.5761e+00 +4.0120e+00 -1.1129e+00
399 +1.296029534e+00 +1.296029534e+00 +9.319602953e+01 +9.319602953e+01 -1.5595e+00 +3.8775e+00 -1.1407e+00
427 +1.095788905e+00 +1.095788905e+00 +9.299578890e+01 +9.299578890e+01 -1.4543e+00 +3.7142e+00 -1.2887e+00
433 +9.992995141e-01 +9.992995141e-01 +9.289929951e+01 +9.289929951e+01 -1.3325e+00 +3.6577e+00 -1.1569e+00
437 +8.067067409e-01 +8.067067409e-01 +9.270670674e+01 +9.270670674e+01 -1.4412e+00 +3.6337e+00 -1.1533e+00
443 +7.548063293e-01 +7.548063293e-01 +9.265480633e+01 +9.265480633e+01 -1.5284e+00 +3.5809e+00 -1.1560e+00
476 +7.114755214e-01 +7.114755214e-01 +9.261147552e+01 +9.261147552e+01 -1.5231e+00 +3.5659e+00 -1.0975e+00
517 +6.928510635e-01 +6.928510635e-01 +9.259285106e+01 +9.259285106e+01 -1.5398e+00 +3.5424e+00 -1.0385e+00
% function evaluation | noise-free fitness - Fopt (-7.597000000000e+01) | best noise-free fitness - Fopt | measured fitness | best measured fitness | x1 | x2...
1 +1.601181186e+01 +1.601181186e+01 -5.995818814e+01 -5.995818814e+01 +0.0000e+00 +0.0000e+00 +0.0000e+00
204 +1.009787551e+01 +1.009787551e+01 -6.587212449e+01 -6.587212449e+01 -5.5733e-01 -8.7551e-01 -1.7328e+00
287 +6.976265446e+00 +6.976265446e+00 -6.899373455e+01 -6.899373455e+01 -4.8702e-01 -2.0469e+00 +8.8161e-01
330 +6.770115834e+00 +6.770115834e+00 -6.919988417e+01 -6.919988417e+01 -4.4075e-01 -3.6751e+00 +4.3207e-01
337 +6.188089097e+00 +6.188089097e+00 -6.978191090e+01 -6.978191090e+01 -4.3560e-01 -2.5423e+00 +1.1468e+00
339 +6.122022603e+00 +6.122022603e+00 -6.984797740e+01 -6.984797740e+01 -4.2328e-01 -2.3614e+00 +1.0373e+00
560 +5.937592007e+00 +5.937592007e+00 -7.003240799e+01 -7.003240799e+01 -2.4644e-01 -2.9350e+00 +5.2095e+00
% function evaluation | noise-free fitness - Fopt (-1.699000000000e+01) | best noise-free fitness - Fopt | measured fitness | best measured fitness | x1 | x2...
1 +3.863615797e+01 +3.863615797e+01 +2.164615797e+01 +2.164615797e+01 +0.0000e+00 +0.0000e+00 +0.0000e+00
2 +2.415282859e+01 +2.415282859e+01 +7.162828586e+00 +7.162828586e+00 -3.6336e+00 +2.0609e+00 +7.6230e-01
3 +2.113863337e+01 +2.113863337e+01 +4.148633375e+00 +4.148633375e+00 -3.5954e+00 +2.1774e+00 +7.5524e-01
25 +1.978899537e+01 +1.978899537e+01 +2.798995367e+00 +2.798995367e+00 -3.5576e+00 +2.2284e+00 +7.4721e-01
55 +1.846138590e+01 +1.846138590e+01 +1.471385899e+00 +1.471385899e+00 -3.4457e+00 +2.2214e+00 +7.0971e-01
63 +1.778334426e+01 +1.778334426e+01 +7.933442628e-01 +7.933442628e-01 -3.4604e+00 +2.2697e+00 +7.1260e-01
65 +1.609056541e+01 +1.609056541e+01 -8.994345896e-01 -8.994345896e-01 -3.4439e+00 +2.7898e+00 +7.1185e-01
68 +1.525768883e+01 +1.525768883e+01 -1.732311172e+00 -1.732311172e+00 -3.4120e+00 +2.4545e+00 +6.9947e-01
70 +1.501547611e+01 +1.501547611e+01 -1.974523891e+00 -1.974523891e+00 -3.0513e+00 +2.5015e+00 +6.7213e-01
78 +8.508828081e+00 +8.508828081e+00 -8.481171919e+00 -8.481171919e+00 -1.9508e+00 +3.0634e+00 +7.6487e-01
131 +5.143540326e+00 +5.143540326e+00 -1.184645967e+01 -1.184645967e+01 -3.6052e+00 +4.7812e+00 +1.4147e+00
210 +2.978175611e+00 +2.978175611e+00 -1.401182439e+01 -1.401182439e+01 -4.0344e-01 +3.0368e+00 +2.4689e+00
271 +2.929491781e+00 +2.929491781e+00 -1.406050822e+01 -1.406050822e+01 -5.4691e-01 +3.1258e+00 +2.6917e+00
290 +2.864779139e+00 +2.864779139e+00 -1.412522086e+01 -1.412522086e+01 -5.5395e-01 +3.1368e+00 +2.5771e+00
338 +2.814735506e+00 +2.814735506e+00 -1.417526449e+01 -1.417526449e+01 -5.1547e-01 +3.0791e+00 +2.5706e+00
% function evaluation | noise-free fitness - Fopt (2.740000000000e+00) | best noise-free fitness - Fopt | measured fitness | best measured fitness | x1 | x2...
1 +1.695646853e+01 +1.695646853e+01 +1.969646853e+01 +1.969646853e+01 +0.0000e+00 +0.0000e+00 +0.0000e+00
48 +1.292476965e+01 +1.292476965e+01 +1.566476965e+01 +1.566476965e+01 -2.9051e+00 -4.4302e+00 +5.3330e-01
63 +1.174094268e+01 +1.174094268e+01 +1.448094268e+01 +1.448094268e+01 -2.9328e+00 -4.6921e+00 +1.2629e+00
78 +9.580259296e+00 +9.580259296e+00 +1.232025930e+01 +1.232025930e+01 -2.8750e+00 -4.5809e+00 +1.2392e+00
81 +5.263805338e+00 +5.263805338e+00 +8.003805338e+00 +8.003805338e+00 -2.8915e+00 -3.9425e+00 +9.0696e-01
83 +2.635075534e+00 +2.635075534e+00 +5.375075534e+00 +5.375075534e+00 -2.8586e+00 -4.3984e+00 -5.0580e+00
93 +2.469943859e+00 +2.469943859e+00 +5.209943859e+00 +5.209943859e+00 -2.8590e+00 -3.8640e+00 -5.0240e+00
139 +2.111862896e+00 +2.111862896e+00 +4.851862896e+00 +4.851862896e+00 -2.8304e+00 -3.7855e+00 -4.6738e+00
148 +2.032440375e+00 +2.032440375e+00 +4.772440375e+00 +4.772440375e+00 -2.6933e+00 -3.9920e+00 -4.7828e+00
352 +1.981773752e+00 +1.981773752e+00 +4.721773752e+00 +4.721773752e+00 -2.6451e+00 -3.5010e+00 +1.2997e+00
407 +1.941710634e+00 +1.941710634e+00 +4.681710634e+00 +4.681710634e+00 -2.4704e+00 -3.4268e+00 +1.3878e+00
% function evaluation | noise-free fitness - Fopt (-3.564000000000e+01) | best noise-free fitness - Fopt | measured fitness | best measured fitness | x1 | x2...
1 +5.323604944e+01 +5.323604944e+01 +1.759604944e+01 +1.759604944e+01 +0.0000e+00 +0.0000e+00 +0.0000e+00
51 +5.055728716e+01 +5.055728716e+01 +1.491728716e+01 +1.491728716e+01 +4.2896e+00 +3.9397e-01 -2.7621e-01
64 +4.983761282e+01 +4.983761282e+01 +1.419761282e+01 +1.419761282e+01 +4.2862e+00 +3.9719e-01 -2.5463e-01
71 +4.473038217e+01 +4.473038217e+01 +9.090382169e+00 +9.090382169e+00 +4.0822e+00 +3.2872e-01 -2.7579e-01
78 +4.422000208e+01 +4.422000208e+01 +8.580002076e+00 +8.580002076e+00 +4.1210e+00 +3.7337e-01 -2.1741e-01
79 +3.667963902e+01 +3.667963902e+01 +1.039639023e+00 +1.039639023e+00 +4.0081e+00 +1.4947e-01 -3.2320e-02
95 +3.483827596e+01 +3.483827596e+01 -8.017240431e-01 -8.017240431e-01 +3.7435e+00 +3.8161e-01 -1.3489e-01
107 +3.412086107e+01 +3.412086107e+01 -1.519138926e+00 -1.519138926e+00 +3.7250e+00 +3.9382e-01 -1.0178e-01
109 +3.224397655e+01 +3.224397655e+01 -3.396023452e+00 -3.396023452e+00 +3.5898e+00 -1.5562e-01 -1.0489e-01
124 +1.566578464e+01 +1.566578464e+01 -1.997421536e+01 -1.997421536e+01 -2.7319e+00 +3.0156e-01 -1.0545e-01
176 +5.532993286e+00 +5.532993286e+00 -3.010700671e+01 -3.010700671e+01 -5.5863e-01 +1.5896e+00 -5.6289e-01
222 +4.340688338e+00 +4.340688338e+00 -3.129931166e+01 -3.129931166e+01 -1.2807e+00 +2.0515e-01 -2.4041e+00
248 +2.802289769e+00 +2.802289769e+00 -3.283771023e+01 -3.283771023e+01 -1.4661e+00 +1.1035e+00 -1.9520e+00
257 +2.056498331e+00 +2.056498331e+00 -3.358350167e+01 -3.358350167e+01 -3.8701e+00 +7.2040e-01 -2.6328e+00
523 +8.911055838e-01 +8.911055838e-01 -3.474889442e+01 -3.474889442e+01 -1.6489e+00 +1.2085e+00 -2.1287e+00
572 +8.244215243e-01 +8.244215243e-01 -3.481557848e+01 -3.481557848e+01 -1.7948e+00 +1.2017e+00 -1.8881e+00
580 +8.015701247e-01 +8.015701247e-01 -3.483842988e+01 -3.483842988e+01 -1.9511e+00 +1.1490e+00 -2.2276e+00
593 +7.900569736e-01 +7.900569736e-01 -3.484994303e+01 -3.484994303e+01 -1.8277e+00 +1.1817e+00 -1.9790e+00
596 +7.397616802e-01 +7.397616802e-01 -3.490023832e+01 -3.490023832e+01 -1.8304e+00 +1.2032e+00 -1.9616e+00
% function evaluation | noise-free fitness - Fopt (-4.590900000000e+02) | best noise-free fitness - Fopt | measured fitness | best measured fitness | x1 | x2...
1 +4.725826888e+01 +4.725826888e+01 -4.118317311e+02 -4.118317311e+02 +0.0000e+00 +0.0000e+00 +0.0000e+00
2 +4.065404597e+01 +4.065404597e+01 -4.184359540e+02 -4.184359540e+02 -2.2814e+00 -2.3616e+00 +4.2058e+00
22 +3.875343622e+01 +3.875343622e+01 -4.203365638e+02 -4.203365638e+02 -2.3052e+00 -2.3746e+00 +4.0744e+00
32 +3.789905764e+01 +3.789905764e+01 -4.211909424e+02 -4.211909424e+02 -2.2686e+00 -2.3926e+00 +4.1112e+00
35 +3.687447748e+01 +3.687447748e+01 -4.222155225e+02 -4.222155225e+02 -2.2359e+00 -2.4620e+00 +4.1414e+00
43 +3.155021448e+01 +3.155021448e+01 -4.275397855e+02 -4.275397855e+02 -2.0258e+00 -2.3727e+00 +4.2133e+00
55 +3.016365719e+01 +3.016365719e+01 -4.289263428e+02 -4.289263428e+02 -1.8415e+00 -2.3951e+00 +4.0044e+00
60 +2.937510641e+01 +2.937510641e+01 -4.297148936e+02 -4.297148936e+02 -1.9309e+00 -2.4331e+00 +4.1465e+00
63 +2.457334678e+01 +2.457334678e+01 -4.345166532e+02 -4.345166532e+02 -1.7717e+00 -2.4732e+00 +4.0993e+00
64 +2.352140262e+01 +2.352140262e+01 -4.355685974e+02 -4.355685974e+02 -1.7837e+00 -2.4064e+00 +4.1615e+00
69 +2.161720715e+01 +2.161720715e+01 -4.374727929e+02 -4.374727929e+02 -1.6341e+00 -2.4241e+00 +4.0295e+00
71 +1.902131758e+01 +1.902131758e+01 -4.400686824e+02 -4.400686824e+02 -1.5936e+00 -2.4496e+00 +4.1034e+00
77 +1.281461352e+01 +1.281461352e+01 -4.462753865e+02 -4.462753865e+02 -1.1884e+00 -2.4260e+00 +3.7958e+00
83 +7.296419577e+00 +7.296419577e+00 -4.517935804e+02 -4.517935804e+02 -9.8511e-01 -2.4245e+00 +4.0937e+00
98 +2.032443049e+00 +2.032443049e+00 -4.570575570e+02 -4.570575570e+02 +8.0735e-01 -2.2938e+00 +4.0644e+00
126 +1.908150596e+00 +1.908150596e+00 -4.571818494e+02 -4.571818494e+02 +5.8292e-01 -2.1813e+00 +3.8620e+00
142 +1.876499545e+00 +1.876499545e+00 -4.572135005e+02 -4.572135005e+02 +4.9935e-01 -2.3346e+00 +3.8732e+00
143 +1.850305104e+00 +1.850305104e+00 -4.572396949e+02 -4.572396949e+02 +4.4555e-01 -2.3004e+00 +3.9725e+00
161 +1.798096194e+00 +1.798096194e+00 -4.572919038e+02 -4.572919038e+02 +5.5128e-01 -2.3446e+00 +3.8838e+00
163 +1.624186807e+00 +1.624186807e+00 -4.574658132e+02 -4.574658132e+02 +4.8329e-01 -2.2439e+00 +3.8950e+00
164 +1.594995414e+00 +1.594995414e+00 -4.574950046e+02 -4.574950046e+02 +5.6661e-01 -2.2889e+00 +3.9303e+00
203 +1.534738732e+00 +1.534738732e+00 -4.575552613e+02 -4.575552613e+02 +4.0658e-01 -2.1574e+00 +3.9641e+00
218 +1.508257607e+00 +1.508257607e+00 -4.575817424e+02 -4.575817424e+02 +4.7934e-01 -2.1921e+00 +3.9426e+00
227 +1.396703696e+00 +1.396703696e+00 -4.576932963e+02 -4.576932963e+02 +4.6720e-01 -2.1879e+00 +4.3528e+00
238 +1.289952340e+00 +1.289952340e+00 -4.578000477e+02 -4.578000477e+02 +5.1389e-01 -2.1809e+00 +4.1925e+00
244 +1.275105390e+00 +1.275105390e+00 -4.578148946e+02 -4.578148946e+02 +4.9651e-01 -2.1852e+00 +4.2533e+00
267 +1.254644014e+00 +1.254644014e+00 -4.578353560e+02 -4.578353560e+02 +5.1175e-01 -2.1923e+00 +4.2377e+00
328 +1.216793248e+00 +1.216793248e+00 -4.578732068e+02 -4.578732068e+02 +5.4927e-01 -2.2175e+00 +4.2299e+00
347 +1.130619043e+00 +1.130619043e+00 -4.579593810e+02 -4.579593810e+02 +5.8415e-01 -2.2552e+00 +4.3323e+00
414 +1.120167166e+00 +1.120167166e+00 -4.579698328e+02 -4.579698328e+02 +5.8609e-01 -2.2662e+00 +4.3854e+00
473 +1.043880709e+00 +1.043880709e+00 -4.580461193e+02 -4.580461193e+02 +7.3294e-01 -2.3445e+00 +4.5203e+00
572 +1.016413061e+00 +1.016413061e+00 -4.580735869e+02 -4.580735869e+02 +6.7351e-01 -2.3449e+00 +4.4370e+00
% function evaluation | noise-free fitness - Fopt (6.085000000000e+01) | best noise-free fitness - Fopt | measured fitness | best measured fitness | x1 | x2...
1 +1.470620621e+01 +1.470620621e+01 +7.555620621e+01 +7.555620621e+01 +0.0000e+00 +0.0000e+00 +0.0000e+00
320 +1.435272765e+01 +1.435272765e+01 +7.520272765e+01 +7.520272765e+01 -5.9806e-01 -1.5026e+00 +1.2223e+00
347 +1.386838916e+01 +1.386838916e+01 +7.471838916e+01 +7.471838916e+01 -5.1040e-01 -1.4581e+00 +1.0523e+00
366 +1.321260412e+01 +1.321260412e+01 +7.406260412e+01 +7.406260412e+01 -5.0720e-01 -1.6049e+00 +1.1003e+00
377 +1.293340293e+01 +1.293340293e+01 +7.378340293e+01 +7.378340293e+01 -5.4806e-01 -1.6806e+00 +1.0628e+00
379 +1.276879749e+01 +1.276879749e+01 +7.361879749e+01 +7.361879749e+01 -5.3875e-01 -1.9559e+00 +1.0953e+00
396 +1.214368486e+01 +1.214368486e+01 +7.299368486e+01 +7.299368486e+01 -4.9556e-01 -1.8069e+00 +9.7411e-01
415 +1.200239716e+01 +1.200239716e+01 +7.285239716e+01 +7.285239716e+01 -5.2181e-01 -1.8691e+00 +9.7579e-01
430 +1.025196287e+01 +1.025196287e+01 +7.110196287e+01 +7.110196287e+01 -5.0354e-01 -2.4881e+00 +7.4698e-01
447 +1.001835115e+01 +1.001835115e+01 +7.086835115e+01 +7.086835115e+01 -5.3793e-01 -2.6096e+00 +7.1813e-01
475 +9.943787960e+00 +9.943787960e+00 +7.079378796e+01 +7.079378796e+01 -5.5134e-01 -2.7877e+00 +4.9380e-01
504 +9.477903533e+00 +9.477903533e+00 +7.032790353e+01 +7.032790353e+01 -5.6284e-01 -2.9712e+00 +4.9431e-01
525 +9.220458809e+00 +9.220458809e+00 +7.007045881e+01 +7.007045881e+01 -5.3546e-01 -3.2159e+00 +4.0332e-01
% function evaluation | noise-free fitness - Fopt (-1.435000000000e+02) | best noise-free fitness - Fopt | measured fitness | best measured fitness | x1 | x2...
1 +3.054000602e+01 +3.054000602e+01 -1.129599940e+02 -1.129599940e+02 +0.0000e+00 +0.0000e+00 +0.0000e+00
2 +1.346745050e+01 +1.346745050e+01 -1.300325495e+02 -1.300325495e+02 -3.5459e+00 +2.0029e+00 -2.3272e+00
4 +1.289404122e+01 +1.289404122e+01 -1.306059588e+02 -1.306059588e+02 -3.5449e+00 +2.0143e+00 -2.3307e+00
18 +1.286977861e+01 +1.286977861e+01 -1.306302214e+02 -1.306302214e+02 -3.5104e+00 +2.0059e+00 -2.3510e+00
22 +1.228456066e+01 +1.228456066e+01 -1.312154393e+02 -1.312154393e+02 -3.5282e+00 +2.0224e+00 -2.3430e+00
23 +9.911171393e+00 +9.911171393e+00 -1.335888286e+02 -1.335888286e+02 -3.5446e+00 +2.0756e+00 -2.3119e+00
35 +7.614295273e+00 +7.614295273e+00 -1.358857047e+02 -1.358857047e+02 -3.5174e+00 +2.1430e+00 -2.2506e+00
41 +1.784603564e+00 +1.784603564e+00 -1.417153964e+02 -1.417153964e+02 -3.5485e+00 +2.6420e+00 -2.2916e+00
69 +1.385206364e+00 +1.385206364e+00 -1.421147936e+02 -1.421147936e+02 -3.5280e+00 +2.7199e+00 -2.3710e+00
81 +1.085963839e+00 +1.085963839e+00 -1.424140362e+02 -1.424140362e+02 -3.5145e+00 +2.7519e+00 -2.4337e+00
98 +6.390218438e-01 +6.390218438e-01 -1.428609782e+02 -1.428609782e+02 -3.4756e+00 +2.7368e+00 -2.6214e+00
113 +5.259006058e-01 +5.259006058e-01 -1.429740994e+02 -1.429740994e+02 -3.3964e+00 +2.7238e+00 -2.5315e+00
139 +2.261287616e-01 +2.261287616e-01 -1.432738712e+02 -1.432738712e+02 -3.1368e+00 +2.6528e+00 -2.5454e+00
154 +1.996959451e-01 +1.996959451e-01 -1.433003041e+02 -1.433003041e+02 -3.1026e+00 +2.7169e+00 -2.5545e+00
165 +8.900147842e-02 +8.900147842e-02 -1.434109985e+02 -1.434109985e+02 -2.8921e+00 +2.5616e+00 -2.5156e+00
182 +4.490010674e-02 +4.490010674e-02 -1.434550999e+02 -1.434550999e+02 -2.7473e+00 +2.5607e+00 -2.5394e+00
234 +4.447353285e-02 +4.447353285e-02 -1.434555265e+02 -1.434555265e+02 -2.6134e+00 +2.6130e+00 -2.5219e+00
235 +4.350112380e-02 +4.350112380e-02 -1.434564989e+02 -1.434564989e+02 -2.6735e+00 +2.6086e+00 -2.4929e+00
237 +3.750748256e-02 +3.750748256e-02 -1.434624925e+02 -1.434624925e+02 -2.7190e+00 +2.5303e+00 -2.5093e+00
243 +3.527613667e-02 +3.527613667e-02 -1.434647239e+02 -1.434647239e+02 -2.6992e+00 +2.5770e+00 -2.4988e+00
245 +2.563119637e-02 +2.563119637e-02 -1.434743688e+02 -1.434743688e+02 -2.6524e+00 +2.5584e+00 -2.4720e+00
271 +2.496598755e-02 +2.496598755e-02 -1.434750340e+02 -1.434750340e+02 -2.6553e+00 +2.5462e+00 -2.4914e+00
272 +2.341065630e-02 +2.341065630e-02 -1.434765893e+02 -1.434765893e+02 -2.6511e+00 +2.5457e+00 -2.4778e+00
277 +2.099167910e-02 +2.099167910e-02 -1.434790083e+02 -1.434790083e+02 -2.6115e+00 +2.5456e+00 -2.4847e+00
283 +1.872968730e-02 +1.872968730e-02 -1.434812703e+02 -1.434812703e+02 -2.6273e+00 +2.5283e+00 -2.4634e+00
295 +1.725852314e-02 +1.725852314e-02 -1.434827415e+02 -1.434827415e+02 -2.5919e+00 +2.5248e+00 -2.4747e+00
306 +1.684524666e-02 +1.684524666e-02 -1.434831548e+02 -1.434831548e+02 -2.6236e+00 +2.4831e+00 -2.4438e+00
308 +1.561637479e-02 +1.561637479e-02 -1.434843836e+02 -1.434843836e+02 -2.5617e+00 +2.4902e+00 -2.4759e+00
324 +1.543656080e-02 +1.543656080e-02 -1.434845634e+02 -1.434845634e+02 -2.5460e+00 +2.5056e+00 -2.4786e+00
325 +1.260717778e-02 +1.260717778e-02 -1.434873928e+02 -1.434873928e+02 -2.4809e+00 +2.4852e+00 -2.4470e+00
332 +1.254498808e-02 +1.254498808e-02 -1.434874550e+02 -1.434874550e+02 -2.5070e+00 +2.4799e+00 -2.4434e+00
347 +1.135800036e-02 +1.135800036e-02 -1.434886420e+02 -1.434886420e+02 -2.4678e+00 +2.4864e+00 -2.4240e+00
352 +1.111908576e-02 +1.111908576e-02 -1.434888809e+02 -1.434888809e+02 -2.4764e+00 +2.4840e+00 -2.4247e+00
353 +1.086196609e-02 +1.086196609e-02 -1.434891380e+02 -1.434891380e+02 -2.4765e+00 +2.4832e+00 -2.4219e+00
357 +1.017050476e-02 +1.017050476e-02 -1.434898295e+02 -1.434898295e+02 -2.4671e+00 +2.4444e+00 -2.4336e+00
362 +9.317472753e-03 +9.317472753e-03 -1.434906825e+02 -1.434906825e+02 -2.4522e+00 +2.4676e+00 -2.4262e+00
366 +9.013505202e-03 +9.013505202e-03 -1.434909865e+02 -1.434909865e+02 -2.4456e+00 +2.4640e+00 -2.4267e+00
367 +7.747433944e-03 +7.747433944e-03 -1.434922526e+02 -1.434922526e+02 -2.4553e+00 +2.4734e+00 -2.3872e+00
378 +3.788029226e-03 +3.788029226e-03 -1.434962120e+02 -1.434962120e+02 -2.4513e+00 +2.4372e+00 -2.3299e+00
394 +3.666796467e-03 +3.666796467e-03 -1.434963332e+02 -1.434963332e+02 -2.3018e+00 +2.3120e+00 -2.0613e+00
395 +3.588813735e-03 +3.588813735e-03 -1.434964112e+02 -1.434964112e+02 -2.3249e+00 +2.4171e+00 -2.3386e+00
408 +1.349595389e-03 +1.349595389e-03 -1.434986504e+02 -1.434986504e+02 -2.3541e+00 +2.3899e+00 -2.2931e+00
415 +1.239897449e-03 +1.239897449e-03 -1.434987601e+02 -1.434987601e+02 -2.3636e+00 +2.3793e+00 -2.2354e+00
422 +8.686816343e-04 +8.686816343e-04 -1.434991313e+02 -1.434991313e+02 -2.3253e+00 +2.3657e+00 -2.2547e+00
440 +5.807586054e-04 +5.807586054e-04 -1.434994192e+02 -1.434994192e+02 -2.2683e+00 +2.3489e+00 -2.2284e+00
451 +5.164130590e-04 +5.164130590e-04 -1.434994836e+02 -1.434994836e+02 -2.2887e+00 +2.3442e+00 -2.2558e+00
452 +4.088389449e-04 +4.088389449e-04 -1.434995912e+02 -1.434995912e+02 -2.2834e+00 +2.3416e+00 -2.2466e+00
459 +1.827552621e-04 +1.827552621e-04 -1.434998172e+02 -1.434998172e+02 -2.2344e+00 +2.3176e+00 -2.2175e+00
507 +1.720871133e-04 +1.720871133e-04 -1.434998279e+02 -1.434998279e+02 -2.2709e+00 +2.2706e+00 -2.1613e+00
510 +1.012443423e-04 +1.012443423e-04 -1.434998988e+02 -1.434998988e+02 -2.2516e+00 +2.2888e+00 -2.1938e+00
528 +8.946024431e-05 +8.946024431e-05 -1.434999105e+02 -1.434999105e+02 -2.2545e+00 +2.2857e+00 -2.1471e+00
547 +8.366283680e-05 +8.366283680e-05 -1.434999163e+02 -1.434999163e+02 -2.2576e+00 +2.2886e+00 -2.1704e+00
561 +7.039546895e-05 +7.039546895e-05 -1.434999296e+02 -1.434999296e+02 -2.2517e+00 +2.2808e+00 -2.1618e+00
563 +5.322211834e-05 +5.322211834e-05 -1.434999468e+02 -1.434999468e+02 -2.2444e+00 +2.2815e+00 -2.1639e+00
566 +4.706085181e-05 +4.706085181e-05 -1.434999529e+02 -1.434999529e+02 -2.2373e+00 +2.2875e+00 -2.1623e+00
572 +3.341700000e-05 +3.341700000e-05 -1.434999666e+02 -1.434999666e+02 -2.2276e+00 +2.2806e+00 -2.1477e+00
588 +2.938626841e-05 +2.938626841e-05 -1.434999706e+02 -1.434999706e+02 -2.2217e+00 +2.2841e+00 -2.1620e+00
% function evaluation | noise-free fitness - Fopt (9.465100000000e+02) | best noise-free fitness - Fopt | measured fitness | best measured fitness | x1 | x2...
1 +3.694690528e+01 +3.694690528e+01 +9.834569053e+02 +9.834569053e+02 +0.0000e+00 +0.0000e+00 +0.0000e+00
48 +2.051623087e+01 +2.051623087e+01 +9.670262309e+02 +9.670262309e+02 +4.8061e+00 +1.2937e+00 +3.8147e+00
69 +1.245884064e+01 +1.245884064e+01 +9.589688406e+02 +9.589688406e+02 +4.8314e+00 -7.0892e-01 +3.8151e+00
70 +1.221110218e+01 +1.221110218e+01 +9.587211022e+02 +9.587211022e+02 +4.8663e+00 -5.7215e-01 +3.8163e+00
91 +8.735290448e+00 +8.735290448e+00 +9.552452904e+02 +9.552452904e+02 +5.0648e+00 +1.5419e+00 +3.8223e+00
121 +7.989545049e+00 +7.989545049e+00 +9.544995450e+02 +9.544995450e+02 +5.2420e+00 +1.5531e+00 +3.8403e+00
138 +7.914839175e+00 +7.914839175e+00 +9.544248392e+02 +9.544248392e+02 +5.1737e+00 +1.3706e+00 +3.7870e+00
139 +7.658631025e+00 +7.658631025e+00 +9.541686310e+02 +9.541686310e+02 +5.3362e+00 +1.3282e+00 +3.8093e+00
218 +7.546548912e+00 +7.546548912e+00 +9.540565489e+02 +9.540565489e+02 +5.2933e+00 +1.2935e+00 +3.7598e+00
273 +7.368486814e+00 +7.368486814e+00 +9.538784868e+02 +9.538784868e+02 +5.2514e+00 +1.2229e+00 +3.6717e+00
282 +7.228331429e+00 +7.228331429e+00 +9.537383314e+02 +9.537383314e+02 +5.2066e+00 +1.1648e+00 +3.5380e+00
337 +7.078344724e+00 +7.078344724e+00 +9.535883447e+02 +9.535883447e+02 +5.1719e+00 +1.0286e+00 +3.4713e+00
509 +6.902573587e+00 +6.902573587e+00 +9.534125736e+02 +9.534125736e+02 +5.0510e+00 +1.1319e+00 +3.3865e+00
