% function evaluation | noise-free fitness - Fopt (7.948000000000e+01) | best noise-free fitness - Fopt | measured fitness | best measured fitness | x1 | x2...
1 +1.282397568e+01 +1.282397568e+01 +9.230397568e+01 +9.230397568e+01 +0.0000e+00 +0.0000e+00 +0.0000e+00 +0.0000e+00 +0.0000e+00
141 +1.218692088e+01 +1.218692088e+01 +9.166692088e+01 +9.166692088e+01 +6.1958e-01 -8.1321e-02 -3.9328e+00 +1.8781e+00 -1.9080e+00
165 +1.192543172e+01 +1.192543172e+01 +9.140543172e+01 +9.140543172e+01 +1.2347e-01 +5.9348e-03 -3.8797e+00 +1.8638e+00 -1.9096e+00
178 +9.192505337e+00 +9.192505337e+00 +8.867250534e+01 +8.867250534e+01 +2.5923e-01 +7.4447e-01 -2.9790e+00 +1.8485e+00 -1.9832e+00
183 +7.710503105e+00 +7.710503105e+00 +8.719050311e+01 +8.719050311e+01 +8.3481e-03 -9.2382e-02 -3.2003e+00 +1.8795e+00 -2.0614e+00
188 +6.528287484e+00 +6.528287484e+00 +8.600828748e+01 +8.600828748e+01 +3.8500e-01 -2.1261e+00 -2.9715e+00 +1.7796e+00 -1.9746e+00
193 +6.379143242e+00 +6.379143242e+00 +8.585914324e+01 +8.585914324e+01 -3.7099e-01 +2.9005e-01 -2.5424e+00 +1.8193e+00 -1.9201e+00
205 +1.833543400e+00 +1.833543400e+00 +8.131354340e+01 +8.131354340e+01 +2.7356e-02 -8.5614e-02 -4.2141e-01 +1.8402e+00 -1.9485e+00
227 +1.260241517e+00 +1.260241517e+00 +8.074024152e+01 +8.074024152e+01 +3.6641e-01 -1.6594e+00 -1.4287e+00 +1.8114e+00 -1.9844e+00
265 +1.116488508e+00 +1.116488508e+00 +8.059648851e+01 +8.059648851e+01 -3.9027e-01 -1.2981e+00 -1.2585e+00 +1.7668e+00 -2.0710e+00
282 +4.863103036e-01 +4.863103036e-01 +7.996631030e+01 +7.996631030e+01 +4.6708e-01 -1.0951e+00 -7.2213e-01 +1.7495e+00 -2.0442e+00
309 +2.439821783e-01 +2.439821783e-01 +7.972398218e+01 +7.972398218e+01 +1.0216e-01 -1.4297e+00 -5.9818e-01 +1.6059e+00 -2.8488e+00
417 +1.005596168e-01 +1.005596168e-01 +7.958055962e+01 +7.958055962e+01 +2.4667e-01 -1.2545e+00 -8.1758e-01 +1.7610e+00 -2.9150e+00
444 +6.050994756e-02 +6.050994756e-02 +7.954050995e+01 +7.954050995e+01 +2.4481e-01 -1.0979e+00 -7.0635e-01 +1.7646e+00 -2.8554e+00
457 +2.840558236e-02 +2.840558236e-02 +7.950840558e+01 +7.950840558e+01 +2.0440e-01 -1.2503e+00 -7.8095e-01 +1.9073e+00 -2.5637e+00
485 +2.118914187e-02 +2.118914187e-02 +7.950118914e+01 +7.950118914e+01 +1.6473e-01 -1.1367e+00 -7.1092e-01 +1.9125e+00 -2.5683e+00
500 +1.152869375e-02 +1.152869375e-02 +7.949152869e+01 +7.949152869e+01 +2.4369e-01 -1.2480e+00 -7.3392e-01 +1.9401e+00 -2.7341e+00
556 +8.290396347e-03 +8.290396347e-03 +7.948829040e+01 +7.948829040e+01 +2.3493e-01 -1.2248e+00 -7.1276e-01 +1.9525e+00 -2.6304e+00
637 +5.983509362e-03 +5.983509362e-03 +7.948598351e+01 +7.948598351e+01 +2.6269e-01 -1.2108e+00 -7.1970e-01 +1.9614e+00 -2.7223e+00
668 +5.491181199e-03 +5.491181199e-03 +7.948549118e+01 +7.948549118e+01 +2.7171e-01 -1.1658e+00 -7.2553e-01 +1.9640e+00 -2.7411e+00
714 +2.934835128e-03 +2.934835128e-03 +7.948293484e+01 +7.948293484e+01 +2.5631e-01 -1.2077e+00 -7.3894e-01 +1.9362e+00 -2.6839e+00
774 +2.602427761e-03 +2.602427761e-03 +7.948260243e+01 +7.948260243e+01 +2.7572e-01 -1.1792e+00 -7.4457e-01 +1.8994e+00 -2.6602e+00
795 +2.239849638e-03 +2.239849638e-03 +7.948223985e+01 +7.948223985e+01 +2.4062e-01 -1.1955e+00 -7.0329e-01 +1.9202e+00 -2.6694e+00
831 +1.844511481e-03 +1.844511481e-03 +7.948184451e+01 +7.948184451e+01 +2.2245e-01 -1.1828e+00 -7.3107e-01 +1.9171e+00 -2.6704e+00
860 +1.564356416e-03 +1.564356416e-03 +7.948156436e+01 +7.948156436e+01 +2.2836e-01 -1.1803e+00 -7.1424e-01 +1.9121e+00 -2.6702e+00
867 +1.447662830e-03 +1.447662830e-03 +7.948144766e+01 +7.948144766e+01 +2.3428e-01 -1.1433e+00 -7.4903e-01 +1.9109e+00 -2.6733e+00
889 +3.992377114e-04 +3.992377114e-04 +7.948039924e+01 +7.948039924e+01 +2.5033e-01 -1.1713e+00 -7.2362e-01 +1.9154e+00 -2.6728e+00
1001 +2.966972668e-04 +2.966972668e-04 +7.948029670e+01 +7.948029670e+01 +2.3928e-01 -1.1547e+00 -7.3017e-01 +1.9319e+00 -2.6872e+00
% function evaluation | noise-free fitness - Fopt (3.944800000000e+02) | best noise-free fitness - Fopt | measured fitness | best measured fitness | x1 | x2...
1 +5.400211648e+01 +5.400211648e+01 +4.484821165e+02 +4.484821165e+02 +0.0000e+00 +0.0000e+00 +0.0000e+00 +0.0000e+00 +0.0000e+00
112 +3.833189665e+01 +3.833189665e+01 +4.328118967e+02 +4.328118967e+02 -1.2979e-01 -2.6617e+00 +4.7113e-01 +1.5484e+00 +3.5174e-01
147 +3.760933836e+01 +3.760933836e+01 +4.320893384e+02 +4.320893384e+02 -9.9433e-01 -2.6794e+00 +7.8349e-01 +1.1461e+00 +1.6217e-01
148 +3.494668517e+01 +3.494668517e+01 +4.294266852e+02 +4.294266852e+02 -3.7797e-01 -2.6227e+00 +5.2298e-01 +2.0512e+00 +2.8151e-01
152 +3.341793950e+01 +3.341793950e+01 +4.278979395e+02 +4.278979395e+02 -4.9989e-01 -2.7250e+00 +5.1717e-01 +2.1226e+00 +8.0413e-01
157 +2.630438958e+01 +2.630438958e+01 +4.207843896e+02 +4.207843896e+02 -9.9224e-01 -2.6591e+00 +1.6061e-01 +3.4631e+00 -5.2061e-01
191 +1.975093918e+01 +1.975093918e+01 +4.142309392e+02 +4.142309392e+02 -1.9810e+00 -2.7991e+00 -2.0056e-01 +5.5451e+00 +2.2297e-01
213 +1.553420384e+01 +1.553420384e+01 +4.100142038e+02 +4.100142038e+02 -5.1199e-01 -2.5062e+00 -2.4967e+00 +2.4898e+00 +4.0141e-01
216 +1.397282180e+01 +1.397282180e+01 +4.084528218e+02 +4.084528218e+02 -1.7521e+00 -2.8106e+00 -8.1895e-01 +4.4401e+00 +4.4317e-01
224 +8.684495753e+00 +8.684495753e+00 +4.031644958e+02 +4.031644958e+02 -1.1019e+00 -2.8905e+00 -3.0765e+00 +3.4963e+00 +4.4742e-01
245 +3.724038207e+00 +3.724038207e+00 +3.982040382e+02 +3.982040382e+02 -2.4214e+00 -2.7747e+00 -3.1791e+00 +4.9699e+00 +7.7031e-01
255 +3.103790619e+00 +3.103790619e+00 +3.975837906e+02 +3.975837906e+02 -3.9639e+00 -3.4754e+00 -2.3730e+00 +4.7306e+00 +6.7646e-01
260 +2.181653171e+00 +2.181653171e+00 +3.966616532e+02 +3.966616532e+02 -2.6287e+00 -2.4949e+00 -4.3800e+00 +3.8791e+00 +1.1401e+00
284 +1.384093748e+00 +1.384093748e+00 +3.958640937e+02 +3.958640937e+02 -3.0045e+00 -2.9906e+00 -3.2395e+00 +3.4407e+00 +6.5443e-01
316 +6.118290513e-01 +6.118290513e-01 +3.950918291e+02 +3.950918291e+02 -3.1911e+00 -2.9018e+00 -3.9710e+00 +4.1368e+00 +6.8721e-01
355 +1.287948833e-01 +1.287948833e-01 +3.946087949e+02 +3.946087949e+02 -3.9790e+00 -2.9545e+00 -3.6544e+00 +3.8076e+00 +5.6478e-01
427 +1.204954193e-01 +1.204954193e-01 +3.946004954e+02 +3.946004954e+02 -3.8013e+00 -2.7677e+00 -3.6011e+00 +3.8953e+00 +6.2382e-01
429 +8.717362788e-02 +8.717362788e-02 +3.945671736e+02 +3.945671736e+02 -3.7359e+00 -2.7143e+00 -3.6714e+00 +3.8273e+00 +7.7876e-01
463 +7.980890953e-02 +7.980890953e-02 +3.945598089e+02 +3.945598089e+02 -3.7675e+00 -2.7706e+00 -3.9777e+00 +3.8375e+00 +7.4544e-01
479 +1.076355921e-02 +1.076355921e-02 +3.944907636e+02 +3.944907636e+02 -3.8797e+00 -2.8976e+00 -3.8356e+00 +3.9238e+00 +9.5370e-01
554 +8.865715914e-03 +8.865715914e-03 +3.944888657e+02 +3.944888657e+02 -3.8302e+00 -2.8601e+00 -3.7725e+00 +3.9487e+00 +8.8255e-01
658 +6.157499046e-03 +6.157499046e-03 +3.944861575e+02 +3.944861575e+02 -3.8932e+00 -2.8268e+00 -3.7596e+00 +3.9088e+00 +8.7463e-01
668 +6.002623112e-03 +6.002623112e-03 +3.944860026e+02 +3.944860026e+02 -3.9666e+00 -2.8764e+00 -3.7693e+00 +3.8988e+00 +8.6409e-01
669 +2.434442266e-03 +2.434442266e-03 +3.944824344e+02 +3.944824344e+02 -3.9115e+00 -2.8488e+00 -3.8226e+00 +3.9167e+00 +8.6183e-01
742 +2.154353667e-03 +2.154353667e-03 +3.944821544e+02 +3.944821544e+02 -3.8778e+00 -2.9056e+00 -3.8041e+00 +3.9076e+00 +8.9782e-01
744 +1.390981043e-03 +1.390981043e-03 +3.944813910e+02 +3.944813910e+02 -3.9026e+00 -2.9151e+00 -3.8253e+00 +3.9109e+00 +8.7369e-01
794 +1.158203487e-03 +1.158203487e-03 +3.944811582e+02 +3.944811582e+02 -3.9156e+00 -2.8947e+00 -3.7748e+00 +3.9014e+00 +8.6725e-01
814 +9.866853034e-04 +9.866853034e-04 +3.944809867e+02 +3.944809867e+02 -3.9248e+00 -2.8967e+00 -3.8044e+00 +3.8901e+00 +8.5738e-01
831 +9.494005697e-04 +9.494005697e-04 +3.944809494e+02 +3.944809494e+02 -3.9172e+00 -2.8933e+00 -3.8126e+00 +3.8847e+00 +8.5239e-01
853 +8.076368533e-04 +8.076368533e-04 +3.944808076e+02 +3.944808076e+02 -3.9148e+00 -2.9071e+00 -3.7987e+00 +3.8900e+00 +8.5838e-01
871 +5.058305095e-04 +5.058305095e-04 +3.944805058e+02 +3.944805058e+02 -3.9078e+00 -2.8996e+00 -3.8090e+00 +3.9137e+00 +8.4424e-01
888 +4.159032279e-04 +4.159032279e-04 +3.944804159e+02 +3.944804159e+02 -3.9126e+00 -2.8874e+00 -3.8045e+00 +3.8927e+00 +8.5314e-01
928 +1.205407720e-04 +1.205407720e-04 +3.944801205e+02 +3.944801205e+02 -3.8998e+00 -2.8874e+00 -3.7988e+00 +3.9090e+00 +8.4996e-01
985 +1.141549129e-04 +1.141549129e-04 +3.944801142e+02 +3.944801142e+02 -3.9069e+00 -2.8940e+00 -3.8052e+00 +3.9028e+00 +8.5557e-01
% function evaluation | noise-free fitness - Fopt (-2.471100000000e+02) | best noise-free fitness - Fopt | measured fitness | best measured fitness | x1 | x2...
1 +3.817688832e+01 +3.817688832e+01 -2.089331117e+02 -2.089331117e+02 +0.0000e+00 +0.0000e+00 +0.0000e+00 +0.0000e+00 +0.0000e+00
180 +3.202375020e+01 +3.202375020e+01 -2.150862498e+02 -2.150862498e+02 +5.4418e-01 +2.4462e+00 -8.6063e-01 -1.8103e+00 -9.6185e-01
191 +1.696911996e+01 +1.696911996e+01 -2.301408800e+02 -2.301408800e+02 -3.2420e+00 +2.9315e+00 -7.6276e-02 -1.7485e+00 -8.4895e-01
209 +1.331586428e+01 +1.331586428e+01 -2.337941357e+02 -2.337941357e+02 -1.9555e+00 +1.6761e+00 -5.3100e-01 -1.8105e+00 -1.0529e+00
212 +1.137437219e+01 +1.137437219e+01 -2.357356278e+02 -2.357356278e+02 -4.1430e+00 +1.9803e+00 -9.1135e-01 -1.8230e+00 -9.6402e-01
227 +1.105077679e+01 +1.105077679e+01 -2.360592232e+02 -2.360592232e+02 -4.7448e+00 +1.9963e+00 -7.3089e-01 -1.8192e+00 -1.2462e+00
235 +9.955108116e+00 +9.955108116e+00 -2.371548919e+02 -2.371548919e+02 -3.3654e+00 -7.7010e-01 -2.1213e+00 -1.8054e+00 -1.3051e+00
249 +8.407290984e+00 +8.407290984e+00 -2.387027090e+02 -2.387027090e+02 -3.8666e+00 +1.2198e+00 -1.3496e+00 -1.8136e+00 -1.2524e+00
259 +6.052842862e+00 +6.052842862e+00 -2.410571571e+02 -2.410571571e+02 -3.2547e+00 -2.3002e-01 -1.2867e+00 -1.7365e+00 -1.9184e+00
378 +5.063561218e+00 +5.063561218e+00 -2.420464388e+02 -2.420464388e+02 -3.8188e+00 +6.8326e-01 -1.0035e+00 -1.8775e+00 -1.8968e+00
384 +4.832738452e+00 +4.832738452e+00 -2.422772615e+02 -2.422772615e+02 -3.0800e+00 +1.4299e-01 -3.2377e-01 -1.8432e+00 -2.2256e+00
401 +4.430717432e+00 +4.430717432e+00 -2.426792826e+02 -2.426792826e+02 -2.9490e+00 +6.8322e-01 -1.0962e+00 -1.8726e+00 -3.0133e+00
404 +4.044976962e+00 +4.044976962e+00 -2.430650230e+02 -2.430650230e+02 -3.9068e+00 -1.1290e-02 -1.0266e+00 -1.8610e+00 -2.3745e+00
440 +3.899850476e+00 +3.899850476e+00 -2.432101495e+02 -2.432101495e+02 -4.0612e+00 +1.0386e+00 -5.4843e-01 -1.9441e+00 -3.3444e+00
445 +3.723748154e+00 +3.723748154e+00 -2.433862518e+02 -2.433862518e+02 -3.7381e+00 +4.8765e-01 -3.0410e-01 -2.0276e+00 -3.9488e+00
446 +3.549301408e+00 +3.549301408e+00 -2.435606986e+02 -2.435606986e+02 -3.9904e+00 +1.3574e-01 -1.0175e+00 -1.9353e+00 -2.5350e+00
457 +3.331158377e+00 +3.331158377e+00 -2.437788416e+02 -2.437788416e+02 -4.1076e+00 +4.4644e-01 -6.7226e-01 -1.9379e+00 -2.7799e+00
459 +3.135882085e+00 +3.135882085e+00 -2.439741179e+02 -2.439741179e+02 -4.0623e+00 +4.7683e-01 -8.0079e-01 -1.9654e+00 -3.1304e+00
466 +2.695240902e+00 +2.695240902e+00 -2.444147591e+02 -2.444147591e+02 -4.7314e+00 +4.7463e-01 -4.2225e-01 -2.3988e+00 -3.0078e+00
505 +1.460655100e+00 +1.460655100e+00 -2.456493449e+02 -2.456493449e+02 -3.9076e+00 +1.5068e-01 -1.0795e+00 -2.6820e+00 -3.6253e+00
528 +1.075341936e+00 +1.075341936e+00 -2.460346581e+02 -2.460346581e+02 -3.2593e+00 -5.6841e-01 -9.9645e-01 -3.4446e+00 -2.9114e+00
534 +8.102081778e-01 +8.102081778e-01 -2.462997918e+02 -2.462997918e+02 -3.7317e+00 +2.1096e-01 -3.4180e-02 -3.1225e+00 -2.8742e+00
580 +6.385892450e-01 +6.385892450e-01 -2.464714108e+02 -2.464714108e+02 -3.8862e+00 -4.3485e-01 -4.9836e-01 -3.3911e+00 -3.4099e+00
598 +4.747392378e-01 +4.747392378e-01 -2.466352608e+02 -2.466352608e+02 -3.6109e+00 +4.8059e-01 -4.5067e-01 -3.1393e+00 -3.0856e+00
599 +1.629849420e-01 +1.629849420e-01 -2.469470151e+02 -2.469470151e+02 -3.5308e+00 +7.6074e-02 -8.0784e-01 -3.4569e+00 -3.0174e+00
698 +7.301187083e-02 +7.301187083e-02 -2.470369881e+02 -2.470369881e+02 -3.6680e+00 +2.7182e-01 -5.6023e-01 -3.5990e+00 -3.2593e+00
758 +4.953742895e-02 +4.953742895e-02 -2.470604626e+02 -2.470604626e+02 -3.7928e+00 +2.6742e-01 -5.1272e-01 -3.7951e+00 -3.0468e+00
796 +3.789507131e-02 +3.789507131e-02 -2.470721049e+02 -2.470721049e+02 -3.7660e+00 +6.7110e-02 -5.5993e-01 -3.7198e+00 -3.0826e+00
819 +3.319720602e-02 +3.319720602e-02 -2.470768028e+02 -2.470768028e+02 -3.8949e+00 +1.5847e-01 -5.4707e-01 -3.6842e+00 -3.0665e+00
831 +3.005849860e-02 +3.005849860e-02 -2.470799415e+02 -2.470799415e+02 -3.8074e+00 +1.7808e-01 -5.2664e-01 -3.6447e+00 -3.1096e+00
877 +2.540924578e-02 +2.540924578e-02 -2.470845908e+02 -2.470845908e+02 -3.7606e+00 +1.9518e-01 -5.4702e-01 -3.6878e+00 -3.0434e+00
902 +7.932246748e-03 +7.932246748e-03 -2.471020678e+02 -2.471020678e+02 -3.7633e+00 +1.9840e-01 -6.1422e-01 -3.7114e+00 -3.0807e+00
948 +6.062154225e-03 +6.062154225e-03 -2.471039378e+02 -2.471039378e+02 -3.7658e+00 +1.7869e-01 -6.5701e-01 -3.6864e+00 -3.1558e+00
994 +5.631544220e-03 +5.631544220e-03 -2.471043685e+02 -2.471043685e+02 -3.8388e+00 +1.9606e-01 -6.4862e-01 -3.7370e+00 -3.1055e+00
% function evaluation | noise-free fitness - Fopt (-1.520400000000e+02) | best noise-free fitness - Fopt | measured fitness | best measured fitness | x1 | x2...
1 +3.422464576e+01 +3.422464576e+01 -1.178153542e+02 -1.178153542e+02 +0.0000e+00 +0.0000e+00 +0.0000e+00 +0.0000e+00 +0.0000e+00
338 +2.884419795e+01 +2.884419795e+01 -1.231958021e+02 -1.231958021e+02 +5.8820e-02 +1.5752e+00 +1.0382e+00 +3.0280e+00 +4.4222e+00
369 +1.714036515e+01 +1.714036515e+01 -1.348996349e+02 -1.348996349e+02 -4.3920e-02 +1.3699e+00 -4.9634e-01 +4.4867e+00 +4.3984e+00
374 +1.686475605e+01 +1.686475605e+01 -1.351752440e+02 -1.351752440e+02 -3.0631e-01 +6.6348e-01 -1.9218e+00 +3.6558e-01 +4.3378e+00
391 +1.586194089e+01 +1.586194089e+01 -1.361780591e+02 -1.361780591e+02 +2.6959e-01 +3.5273e+00 -2.0796e+00 +1.4400e+00 +4.4922e+00
392 +1.463202014e+01 +1.463202014e+01 -1.374079799e+02 -1.374079799e+02 -1.0288e-01 +1.6594e+00 -1.0187e+00 +1.4693e+00 +4.0818e+00
403 +7.382401538e+00 +7.382401538e+00 -1.446575985e+02 -1.446575985e+02 -6.5703e-02 +6.5123e-01 -3.8847e+00 +1.4462e+00 +4.2408e+00
427 +6.726450774e+00 +6.726450774e+00 -1.453135492e+02 -1.453135492e+02 -4.3007e-03 +1.4846e+00 -3.2293e+00 +1.5744e+00 +4.2090e+00
446 +6.573773296e+00 +6.573773296e+00 -1.454662267e+02 -1.454662267e+02 -3.1629e-02 +1.6521e+00 -4.6438e+00 +1.4398e+00 +4.0006e+00
453 +4.934971848e+00 +4.934971848e+00 -1.471050282e+02 -1.471050282e+02 +5.4067e-02 +1.2927e+00 -2.9614e+00 +2.4364e+00 +4.1929e+00
466 +4.038731926e+00 +4.038731926e+00 -1.480012681e+02 -1.480012681e+02 -8.3547e-03 +1.2655e+00 -3.1412e+00 +3.0548e+00 +4.2286e+00
533 +3.590254067e+00 +3.590254067e+00 -1.484497459e+02 -1.484497459e+02 -1.0939e-01 +1.6431e+00 -3.9267e+00 +3.0183e+00 +4.2739e+00
566 +2.070911281e+00 +2.070911281e+00 -1.499690887e+02 -1.499690887e+02 -8.1544e-02 +1.5555e+00 -4.7890e+00 +2.7059e+00 +3.3800e+00
594 +1.776359404e+00 +1.776359404e+00 -1.502636406e+02 -1.502636406e+02 -7.8087e-02 +1.4674e+00 -3.7959e+00 +3.2099e+00 +3.7286e+00
615 +1.098046729e+00 +1.098046729e+00 -1.509419533e+02 -1.509419533e+02 -1.5089e-01 +1.5010e+00 -4.8589e+00 +3.0865e+00 +2.8215e+00
630 +7.667051118e-01 +7.667051118e-01 -1.512732949e+02 -1.512732949e+02 -3.1215e-01 +1.5549e+00 -4.2785e+00 +3.3194e+00 +3.2079e+00
657 +6.607102323e-01 +6.607102323e-01 -1.513792898e+02 -1.513792898e+02 -2.0522e-01 +1.6038e+00 -4.2561e+00 +3.2904e+00 +3.1367e+00
674 +5.645144702e-01 +5.645144702e-01 -1.514754855e+02 -1.514754855e+02 -3.7583e-01 +1.1864e+00 -3.6545e+00 +2.7944e+00 +2.8325e+00
682 +3.163794546e-01 +3.163794546e-01 -1.517236205e+02 -1.517236205e+02 -5.3746e-01 +1.3358e+00 -3.6822e+00 +3.3606e+00 +2.8347e+00
688 +3.076584281e-01 +3.076584281e-01 -1.517323416e+02 -1.517323416e+02 -1.3594e-01 +1.1684e+00 -3.7333e+00 +3.3172e+00 +1.9856e+00
716 +2.893284367e-01 +2.893284367e-01 -1.517506716e+02 -1.517506716e+02 -3.2573e-01 +1.4427e+00 -3.6443e+00 +3.3058e+00 +2.8740e+00
724 +2.766620800e-01 +2.766620800e-01 -1.517633379e+02 -1.517633379e+02 -2.1721e-01 +1.2640e+00 -4.0653e+00 +2.9217e+00 +2.7161e+00
728 +1.445608073e-01 +1.445608073e-01 -1.518954392e+02 -1.518954392e+02 -1.2311e-01 +1.3760e+00 -3.8450e+00 +3.2051e+00 +2.7459e+00
730 +1.313457673e-01 +1.313457673e-01 -1.519086542e+02 -1.519086542e+02 -2.0145e-01 +1.3356e+00 -4.0393e+00 +3.3109e+00 +2.7446e+00
757 +1.285310137e-01 +1.285310137e-01 -1.519114690e+02 -1.519114690e+02 -1.4193e-01 +1.4103e+00 -3.9845e+00 +3.3883e+00 +2.7366e+00
771 +7.981599999e-02 +7.981599999e-02 -1.519601840e+02 -1.519601840e+02 -3.1045e-01 +1.1776e+00 -3.9847e+00 +3.3272e+00 +2.5319e+00
777 +5.589585699e-02 +5.589585699e-02 -1.519841041e+02 -1.519841041e+02 -1.7473e-01 +1.4070e+00 -3.9955e+00 +3.3594e+00 +2.6145e+00
807 +2.287359743e-02 +2.287359743e-02 -1.520171264e+02 -1.520171264e+02 -2.9303e-01 +1.4306e+00 -3.9868e+00 +3.2734e+00 +2.5525e+00
826 +2.173343786e-02 +2.173343786e-02 -1.520182666e+02 -1.520182666e+02 -2.2941e-01 +1.4365e+00 -3.8807e+00 +3.2165e+00 +2.3108e+00
830 +1.593840798e-02 +1.593840798e-02 -1.520240616e+02 -1.520240616e+02 -2.2719e-01 +1.4107e+00 -3.9096e+00 +3.3004e+00 +2.5372e+00
855 +1.510310095e-02 +1.510310095e-02 -1.520248969e+02 -1.520248969e+02 -2.9084e-01 +1.3753e+00 -3.9949e+00 +3.3513e+00 +2.3537e+00
867 +1.236031925e-02 +1.236031925e-02 -1.520276397e+02 -1.520276397e+02 -2.5259e-01 +1.4179e+00 -4.0087e+00 +3.3679e+00 +2.4153e+00
868 +9.395541859e-03 +9.395541859e-03 -1.520306045e+02 -1.520306045e+02 -2.0200e-01 +1.4464e+00 -3.9104e+00 +3.3160e+00 +2.4830e+00
920 +4.743596362e-03 +4.743596362e-03 -1.520352564e+02 -1.520352564e+02 -2.5733e-01 +1.4015e+00 -3.9153e+00 +3.3132e+00 +2.3577e+00
927 +3.988270183e-03 +3.988270183e-03 -1.520360117e+02 -1.520360117e+02 -2.6268e-01 +1.4229e+00 -3.9665e+00 +3.3362e+00 +2.3932e+00
933 +3.505532416e-03 +3.505532416e-03 -1.520364945e+02 -1.520364945e+02 -2.6200e-01 +1.4115e+00 -3.9008e+00 +3.3372e+00 +2.3858e+00
976 +2.294436240e-03 +2.294436240e-03 -1.520377056e+02 -1.520377056e+02 -2.5576e-01 +1.4362e+00 -3.9584e+00 +3.2897e+00 +2.3903e+00
% function evaluation | noise-free fitness - Fopt (-2.525000000000e+01) | best noise-free fitness - Fopt | measured fitness | best measured fitness | x1 | x2...
1 +3.099175104e+01 +3.099175104e+01 +5.741751040e+00 +5.741751040e+00 +0.0000e+00 +0.0000e+00 +0.0000e+00 +0.0000e+00 +0.0000e+00
362 +2.772344584e+01 +2.772344584e+01 +2.473445843e+00 +2.473445843e+00 +4.2843e+00 -7.8378e-01 +5.0097e-01 +2.0530e+00 +1.3280e+00
369 +2.419103197e+01 +2.419103197e+01 -1.058968033e+00 -1.058968033e+00 +2.5588e+00 +2.1892e-01 -6.2872e-01 +1.1267e+00 -9.7265e-02
403 +2.158488427e+01 +2.158488427e+01 -3.665115728e+00 -3.665115728e+00 +2.4718e+00 -7.2515e-01 -8.0735e-01 +2.0917e+00 +3.4870e+00
434 +2.003236047e+01 +2.003236047e+01 -5.217639534e+00 -5.217639534e+00 +2.3980e+00 -2.6870e-01 -9.7286e-01 +1.9555e+00 +2.4867e+00
435 +1.883123307e+01 +1.883123307e+01 -6.418766928e+00 -6.418766928e+00 +2.7992e+00 +6.0386e-01 -8.2362e-01 +2.0152e+00 +2.6367e+00
485 +1.681513701e+01 +1.681513701e+01 -8.434862989e+00 -8.434862989e+00 +4.0174e+00 +8.3376e-01 -1.6646e+00 +1.9064e+00 +3.5739e+00
604 +1.614999134e+01 +1.614999134e+01 -9.100008662e+00 -9.100008662e+00 +3.7824e+00 +6.5512e-01 -1.6746e+00 +1.7984e+00 +2.6296e+00
609 +1.559883821e+01 +1.559883821e+01 -9.651161785e+00 -9.651161785e+00 +3.4662e+00 +1.0160e+00 -1.3804e+00 +1.7748e+00 +3.2298e+00
638 +1.439069922e+01 +1.439069922e+01 -1.085930078e+01 -1.085930078e+01 +3.4875e+00 +7.6548e-01 -1.2397e+00 +1.6096e+00 +2.8857e+00
652 +1.398477237e+01 +1.398477237e+01 -1.126522763e+01 -1.126522763e+01 +3.5188e+00 +6.3765e-01 -6.9837e-01 +1.4882e+00 +2.8548e+00
657 +1.153445954e+01 +1.153445954e+01 -1.371554046e+01 -1.371554046e+01 +3.4864e+00 +7.9840e-01 -1.5436e+00 +1.2196e+00 +2.9748e+00
678 +1.058919036e+01 +1.058919036e+01 -1.466080964e+01 -1.466080964e+01 +3.5125e+00 +8.1515e-01 -1.6172e+00 +1.0865e+00 +3.4194e+00
689 +8.086758731e+00 +8.086758731e+00 -1.716324127e+01 -1.716324127e+01 +3.2061e+00 +8.8317e-01 -1.8861e+00 +5.8029e-01 +2.8809e+00
704 +7.183873435e+00 +7.183873435e+00 -1.806612657e+01 -1.806612657e+01 +3.4406e+00 +9.4217e-01 -1.6650e+00 +4.8696e-01 +3.1183e+00
705 +5.194039174e+00 +5.194039174e+00 -2.005596083e+01 -2.005596083e+01 +3.5783e+00 +8.6565e-01 -1.4787e+00 +8.6981e-02 +2.9508e+00
727 +4.939301957e+00 +4.939301957e+00 -2.031069804e+01 -2.031069804e+01 +3.0311e+00 +9.8578e-01 -1.5506e+00 -5.3966e-02 +3.5301e+00
729 +2.502488435e+00 +2.502488435e+00 -2.274751157e+01 -2.274751157e+01 +3.0400e+00 +1.4811e-01 -1.7321e+00 -7.9759e-01 +3.2484e+00
730 +1.330170163e+00 +1.330170163e+00 -2.391982984e+01 -2.391982984e+01 +2.4845e+00 +5.7642e-01 -1.3056e+00 -1.9774e+00 +3.3724e+00
744 +1.037375247e+00 +1.037375247e+00 -2.421262475e+01 -2.421262475e+01 +3.2584e+00 +1.1708e+00 -2.1112e+00 -1.8464e+00 +3.0636e+00
784 +5.670892394e-01 +5.670892394e-01 -2.468291076e+01 -2.468291076e+01 +3.3217e+00 +7.0664e-01 -1.2512e+00 -1.5330e+00 +3.0456e+00
803 +4.731738541e-01 +4.731738541e-01 -2.477682615e+01 -2.477682615e+01 +3.2707e+00 +3.7451e-01 -1.5659e+00 -2.6688e+00 +3.2948e+00
829 +2.693369426e-01 +2.693369426e-01 -2.498066306e+01 -2.498066306e+01 +3.8452e+00 +9.0025e-01 -1.3980e+00 -2.4664e+00 +3.0803e+00
857 +1.148844165e-01 +1.148844165e-01 -2.513511558e+01 -2.513511558e+01 +3.3482e+00 +5.6103e-01 -1.3027e+00 -2.1088e+00 +3.1469e+00
904 +3.817237945e-02 +3.817237945e-02 -2.521182762e+01 -2.521182762e+01 +3.5964e+00 +6.3661e-01 -1.4578e+00 -2.2896e+00 +3.1633e+00
% function evaluation | noise-free fitness - Fopt (8.790000000000e+01) | best noise-free fitness - Fopt | measured fitness | best measured fitness | x1 | x2...
1 +1.576494400e+01 +1.576494400e+01 +1.036649440e+02 +1.036649440e+02 +0.0000e+00 +0.0000e+00 +0.0000e+00 +0.0000e+00 +0.0000e+00
161 +1.374402401e+01 +1.374402401e+01 +1.016440240e+02 +1.016440240e+02 -3.9544e+00 -1.5968e-01 -1.6246e+00 +3.1491e+00 +1.0434e+00
195 +1.122311357e+01 +1.122311357e+01 +9.912311357e+01 +9.912311357e+01 -3.4596e+00 -4.2447e-01 +3.6994e-01 +3.4202e+00 +1.3231e+00
222 +1.045393521e+01 +1.045393521e+01 +9.835393521e+01 +9.835393521e+01 -2.5975e+00 -1.8278e-01 -1.2491e-01 +3.1750e+00 +1.1395e+00
233 +5.600597306e+00 +5.600597306e+00 +9.350059731e+01 +9.350059731e+01 -2.7572e+00 -1.2272e-01 -9.4098e-02 +2.5537e+00 +2.9043e-01
270 +5.254915940e+00 +5.254915940e+00 +9.315491594e+01 +9.315491594e+01 -4.1881e+00 -1.3926e-01 -1.0694e-01 +2.8224e+00 -1.1368e+00
310 +4.211852800e+00 +4.211852800e+00 +9.211185280e+01 +9.211185280e+01 -3.3489e+00 -2.5022e-01 +4.3788e-02 +1.6904e+00 +4.3115e-01
348 +3.912271630e+00 +3.912271630e+00 +9.181227163e+01 +9.181227163e+01 -2.7917e+00 -3.4686e-01 +1.4121e-01 +2.7180e+00 -3.5012e-01
352 +3.291587622e+00 +3.291587622e+00 +9.119158762e+01 +9.119158762e+01 -2.9255e+00 -2.1138e-01 -1.7563e-01 +2.4794e+00 -9.3339e-01
380 +3.061525940e+00 +3.061525940e+00 +9.096152594e+01 +9.096152594e+01 -3.5036e+00 -2.6385e-01 -1.9255e-02 +2.1443e+00 -3.0782e-01
382 +2.863755714e+00 +2.863755714e+00 +9.076375571e+01 +9.076375571e+01 -3.1488e+00 -2.0109e-01 +2.4328e-01 +2.1591e+00 -4.4508e-01
401 +2.763826145e+00 +2.763826145e+00 +9.066382614e+01 +9.066382614e+01 -3.2080e+00 -3.0522e-01 -3.1111e-02 +2.1437e+00 -3.6475e-01
423 +2.569622842e+00 +2.569622842e+00 +9.046962284e+01 +9.046962284e+01 -3.4572e+00 -2.5011e-01 +2.4866e-02 +2.1536e+00 -7.5621e-01
425 +2.235224017e+00 +2.235224017e+00 +9.013522402e+01 +9.013522402e+01 -3.2968e+00 -2.9394e-01 +2.4313e-01 +2.1306e+00 -1.2882e+00
461 +2.122895302e+00 +2.122895302e+00 +9.002289530e+01 +9.002289530e+01 -3.3262e+00 -2.5439e-01 -6.3029e-02 +1.8667e+00 -9.4343e-01
473 +1.980886686e+00 +1.980886686e+00 +8.988088669e+01 +8.988088669e+01 -3.2216e+00 -2.6074e-01 +5.9109e-03 +1.6832e+00 -7.7957e-01
510 +1.861158867e+00 +1.861158867e+00 +8.976115887e+01 +8.976115887e+01 -3.4515e+00 -2.7925e-01 +3.6263e-01 +1.6567e+00 -1.1979e+00
527 +1.759908156e+00 +1.759908156e+00 +8.965990816e+01 +8.965990816e+01 -3.1947e+00 -2.6587e-01 +3.4158e-01 +1.5295e+00 -1.1644e+00
554 +1.726823392e+00 +1.726823392e+00 +8.962682339e+01 +8.962682339e+01 -3.3346e+00 -2.9204e-01 +1.5290e-01 +1.5507e+00 -1.0440e+00
578 +1.687799829e+00 +1.687799829e+00 +8.958779983e+01 +8.958779983e+01 -3.1667e+00 -2.9944e-01 +1.7354e-01 +1.3479e+00 -9.1026e-01
597 +1.592372832e+00 +1.592372832e+00 +8.949237283e+01 +8.949237283e+01 -3.0468e+00 -3.7878e-01 +4.6711e-01 +1.1265e+00 -9.8950e-01
620 +1.575789862e+00 +1.575789862e+00 +8.947578986e+01 +8.947578986e+01 -3.0807e+00 -3.3138e-01 +2.1343e-01 +1.4100e+00 -1.0656e+00
675 +1.418908109e+00 +1.418908109e+00 +8.931890811e+01 +8.931890811e+01 -3.3182e+00 -4.1429e-01 +1.5143e-01 +1.3465e+00 -9.6526e-01
688 +1.355611733e+00 +1.355611733e+00 +8.925561173e+01 +8.925561173e+01 -3.3061e+00 -4.3231e-01 +2.5888e-01 +1.4685e+00 -9.7599e-01
721 +1.223990645e+00 +1.223990645e+00 +8.912399064e+01 +8.912399064e+01 -3.0761e+00 -5.2192e-01 +2.3668e-01 +1.5203e+00 -7.9677e-01
761 +7.177402571e-01 +7.177402571e-01 +8.861774026e+01 +8.861774026e+01 -3.1329e+00 -7.4783e-01 +2.3208e-01 +1.3205e+00 -9.7842e-01
952 +7.002046048e-01 +7.002046048e-01 +8.860020460e+01 +8.860020460e+01 -3.2075e+00 -7.6637e-01 +1.5889e-01 +1.5249e+00 -9.8835e-01
960 +5.752954432e-01 +5.752954432e-01 +8.847529544e+01 +8.847529544e+01 -3.0963e+00 -1.1331e+00 +5.0031e-01 +1.5532e+00 -1.6220e+00
967 +9.706355909e-02 +9.706355909e-02 +8.799706356e+01 +8.799706356e+01 -2.9759e+00 -1.6299e+00 +1.5379e-01 +1.3201e+00 -8.8786e-01
% function evaluation | noise-free fitness - Fopt (2.199800000000e+02) | best noise-free fitness - Fopt | measured fitness | best measured fitness | x1 | x2...
1 +1.530337472e+01 +1.530337472e+01 +2.352833747e+02 +2.352833747e+02 +0.0000e+00 +0.0000e+00 +0.0000e+00 +0.0000e+00 +0.0000e+00
312 +1.104488612e+01 +1.104488612e+01 +2.310248861e+02 +2.310248861e+02 +2.8699e+00 -3.7558e+00 -4.5191e-01 -1.1337e+00 -2.6876e+00
331 +1.071775675e+01 +1.071775675e+01 +2.306977567e+02 +2.306977567e+02 +2.5566e+00 -3.3123e+00 -5.2858e-01 -5.7025e-02 -2.9086e+00
337 +7.303304774e+00 +7.303304774e+00 +2.272833048e+02 +2.272833048e+02 +2.1657e+00 -3.9599e+00 -5.8077e-01 -9.3066e-01 -2.3923e+00
347 +7.066023975e+00 +7.066023975e+00 +2.270460240e+02 +2.270460240e+02 +3.3474e+00 -4.1703e+00 -9.2781e-01 -1.2693e+00 -1.3583e-01
359 +6.613979677e+00 +6.613979677e+00 +2.265939797e+02 +2.265939797e+02 +1.2145e+00 -3.4680e+00 -6.6177e-01 -1.0721e+00 -2.4434e+00
360 +3.109058129e+00 +3.109058129e+00 +2.230890581e+02 +2.230890581e+02 +1.0797e+00 -4.0275e+00 -6.4986e-01 +1.4209e+00 +4.2106e-02
389 +2.172976695e+00 +2.172976695e+00 +2.221529767e+02 +2.221529767e+02 +2.3903e+00 -3.9180e+00 -4.0669e-01 -6.4465e-01 +2.7422e-01
393 +5.771048754e-01 +5.771048754e-01 +2.205571049e+02 +2.205571049e+02 +1.6549e+00 -3.6598e+00 +1.2904e-01 -4.5528e-01 -2.4459e-01
553 +3.261112317e-01 +3.261112317e-01 +2.203061112e+02 +2.203061112e+02 +1.0783e+00 -3.5826e+00 -2.6450e-01 +2.6522e-02 -5.2659e-01
578 +2.417678217e-01 +2.417678217e-01 +2.202217678e+02 +2.202217678e+02 +1.0991e+00 -3.4294e+00 -1.3816e-01 -9.6654e-02 -3.8396e-01
592 +2.172750089e-01 +2.172750089e-01 +2.201972750e+02 +2.201972750e+02 +1.1131e+00 -3.4990e+00 -2.0384e-01 -3.6252e-01 -4.3589e-01
607 +1.494751843e-01 +1.494751843e-01 +2.201294752e+02 +2.201294752e+02 +1.2378e+00 -3.6142e+00 -8.7241e-02 -1.0082e-01 -2.8832e-01
613 +9.663446684e-02 +9.663446684e-02 +2.200766345e+02 +2.200766345e+02 +1.0523e+00 -3.5184e+00 -2.0435e-01 -2.1312e-01 -2.6243e-01
639 +7.733651853e-02 +7.733651853e-02 +2.200573365e+02 +2.200573365e+02 +8.8610e-01 -3.8105e+00 -1.2756e-01 -1.5489e-01 -2.5854e-01
663 +6.649769832e-02 +6.649769832e-02 +2.200464977e+02 +2.200464977e+02 +1.0256e+00 -3.7538e+00 -2.6286e-01 -1.4705e-01 -2.9526e-01
667 +2.545672706e-02 +2.545672706e-02 +2.200054567e+02 +2.200054567e+02 +1.1297e+00 -3.7344e+00 -2.2982e-01 -3.7766e-01 -1.0681e-01
799 +1.661106404e-02 +1.661106404e-02 +2.199966111e+02 +2.199966111e+02 +1.1175e+00 -3.8368e+00 -1.7082e-01 -2.3457e-01 -1.0676e-01
805 +9.773541479e-03 +9.773541479e-03 +2.199897735e+02 +2.199897735e+02 +1.1036e+00 -3.7715e+00 -1.6761e-01 -2.1557e-01 -3.6675e-02
854 +6.778064403e-03 +6.778064403e-03 +2.199867781e+02 +2.199867781e+02 +1.1069e+00 -3.7595e+00 -1.8281e-01 -2.4974e-01 -4.4021e-02
935 +5.582823323e-03 +5.582823323e-03 +2.199855828e+02 +2.199855828e+02 +1.1072e+00 -3.7578e+00 -2.0392e-01 -2.4804e-01 -7.3204e-02
954 +4.213854364e-03 +4.213854364e-03 +2.199842139e+02 +2.199842139e+02 +1.0949e+00 -3.7546e+00 -2.1061e-01 -2.7143e-01 -8.7836e-02
981 +2.960800505e-03 +2.960800505e-03 +2.199829608e+02 +2.199829608e+02 +1.0854e+00 -3.7525e+00 -2.2045e-01 -2.5173e-01 -7.2409e-02
% function evaluation | noise-free fitness - Fopt (-2.784000000000e+01) | best noise-free fitness - Fopt | measured fitness | best measured fitness | x1 | x2...
1 +7.475564800e+00 +7.475564800e+00 -2.036443520e+01 -2.036443520e+01 +0.0000e+00 +0.0000e+00 +0.0000e+00 +0.0000e+00 +0.0000e+00
260 +5.066444479e+00 +5.066444479e+00 -2.277355552e+01 -2.277355552e+01 +6.2174e-01 +2.4440e+00 -4.9216e-01 +8.6666e-01 +5.7335e-01
289 +1.017190941e+00 +1.017190941e+00 -2.682280906e+01 -2.682280906e+01 +1.2440e-01 +2.4820e+00 +1.0276e+00 +5.0199e-01 +9.6730e-01
387 +5.170061536e-01 +5.170061536e-01 -2.732299385e+01 -2.732299385e+01 -4.4027e-01 +2.1083e+00 +3.9153e-01 -4.1810e-01 +8.9089e-01
399 +2.646314976e-01 +2.646314976e-01 -2.757536850e+01 -2.757536850e+01 -1.8452e-01 +2.2979e+00 +5.7980e-01 -2.3539e-01 +1.1210e+00
450 +1.523379366e-01 +1.523379366e-01 -2.768766206e+01 -2.768766206e+01 -3.6354e-01 +2.1056e+00 +8.7244e-01 -6.6233e-01 +1.1984e+00
504 +8.469346542e-02 +8.469346542e-02 -2.775530653e+01 -2.775530653e+01 -1.5013e-01 +2.1875e+00 +8.8850e-01 -3.1259e-01 +1.2523e+00
509 +5.869675681e-02 +5.869675681e-02 -2.778130324e+01 -2.778130324e+01 -1.8312e-01 +2.3444e+00 +9.2666e-01 -4.2828e-01 +1.2013e+00
528 +2.665214453e-02 +2.665214453e-02 -2.781334786e+01 -2.781334786e+01 -1.9335e-01 +2.1726e+00 +1.0520e+00 -4.1462e-01 +1.1895e+00
623 +2.607415948e-02 +2.607415948e-02 -2.781392584e+01 -2.781392584e+01 -2.9592e-01 +2.2823e+00 +1.1307e+00 -4.9542e-01 +1.1389e+00
631 +1.907973559e-02 +1.907973559e-02 -2.782092026e+01 -2.782092026e+01 -2.0715e-01 +2.2137e+00 +1.1068e+00 -4.7886e-01 +1.0844e+00
644 +1.883741794e-02 +1.883741794e-02 -2.782116258e+01 -2.782116258e+01 -2.8221e-01 +2.2085e+00 +1.0133e+00 -5.0610e-01 +1.0647e+00
679 +1.755913709e-02 +1.755913709e-02 -2.782244086e+01 -2.782244086e+01 -2.6429e-01 +2.2281e+00 +1.0097e+00 -4.8940e-01 +1.1245e+00
686 +1.319972921e-02 +1.319972921e-02 -2.782680027e+01 -2.782680027e+01 -3.1568e-01 +2.2311e+00 +1.0412e+00 -4.8057e-01 +1.1131e+00
706 +6.608910647e-03 +6.608910647e-03 -2.783339109e+01 -2.783339109e+01 -2.3353e-01 +2.2429e+00 +1.0532e+00 -4.1720e-01 +1.0252e+00
775 +4.320820904e-03 +4.320820904e-03 -2.783567918e+01 -2.783567918e+01 -2.8350e-01 +2.2088e+00 +1.0211e+00 -4.1609e-01 +1.1066e+00
813 +2.014132949e-03 +2.014132949e-03 -2.783798587e+01 -2.783798587e+01 -2.7005e-01 +2.2290e+00 +1.0533e+00 -4.1848e-01 +1.0866e+00
835 +1.977323042e-03 +1.977323042e-03 -2.783802268e+01 -2.783802268e+01 -2.5607e-01 +2.2164e+00 +1.0531e+00 -4.0819e-01 +1.0710e+00
917 +4.336973974e-04 +4.336973974e-04 -2.783956630e+01 -2.783956630e+01 -2.9621e-01 +2.2358e+00 +1.0415e+00 -3.7670e-01 +1.0809e+00
928 +1.455739758e-04 +1.455739758e-04 -2.783985443e+01 -2.783985443e+01 -2.7772e-01 +2.2311e+00 +1.0608e+00 -3.8717e-01 +1.0750e+00
% function evaluation | noise-free fitness - Fopt (2.027000000000e+01) | best noise-free fitness - Fopt | measured fitness | best measured fitness | x1 | x2...
1 +3.139960960e+01 +3.139960960e+01 +5.166960960e+01 +5.166960960e+01 +0.0000e+00 +0.0000e+00 +0.0000e+00 +0.0000e+00 +0.0000e+00
989 +1.698147234e+01 +1.698147234e+01 +3.725147234e+01 +3.725147234e+01 -1.0619e+00 -1.5501e+00 -3.6173e+00 -5.7620e-01 -2.9722e+00
% function evaluation | noise-free fitness - Fopt (9.302900000000e+02) | best noise-free fitness - Fopt | measured fitness | best measured fitness | x1 | x2...
1 +1.996927040e+01 +1.996927040e+01 +9.502592704e+02 +9.502592704e+02 +0.0000e+00 +0.0000e+00 +0.0000e+00 +0.0000e+00 +0.0000e+00
338 +1.686215461e+01 +1.686215461e+01 +9.471521546e+02 +9.471521546e+02 -2.9276e+00 -2.1303e+00 -3.0390e+00 +4.1385e+00 +1.8676e+00
388 +1.402488760e+01 +1.402488760e+01 +9.443148876e+02 +9.443148876e+02 -2.7840e+00 -1.5940e+00 -2.8404e+00 +3.8750e+00 +1.7314e+00
427 +1.218152614e+01 +1.218152614e+01 +9.424715261e+02 +9.424715261e+02 -3.0837e+00 -1.5438e+00 -3.0191e+00 +3.4089e+00 +1.1228e+00
437 +1.127438843e+01 +1.127438843e+01 +9.415643884e+02 +9.415643884e+02 -3.3955e+00 -1.5812e+00 -3.4381e+00 +2.9835e+00 +3.0810e+00
457 +6.600401656e+00 +6.600401656e+00 +9.368904017e+02 +9.368904017e+02 -2.3057e+00 -1.0499e+00 -3.9129e+00 +2.8646e+00 +1.8630e+00
461 +6.269798640e+00 +6.269798640e+00 +9.365597986e+02 +9.365597986e+02 -2.4094e+00 -1.0532e+00 -3.1747e+00 +2.5564e+00 +2.9366e+00
482 +3.271957921e+00 +3.271957921e+00 +9.335619579e+02 +9.335619579e+02 -2.1879e+00 -1.3186e+00 -3.4239e+00 +2.0024e+00 +1.3171e+00
485 +3.075880091e+00 +3.075880091e+00 +9.333658801e+02 +9.333658801e+02 -2.6480e+00 -1.5203e+00 -3.7469e+00 +1.7424e+00 +2.0610e+00
531 +1.258031551e+00 +1.258031551e+00 +9.315480316e+02 +9.315480316e+02 -1.9190e+00 -7.9184e-01 -4.0156e+00 +1.1644e+00 +2.4724e+00
559 +1.134195132e+00 +1.134195132e+00 +9.314241951e+02 +9.314241951e+02 -1.8566e+00 -9.1279e-01 -4.0224e+00 +1.3097e+00 +1.9097e+00
579 +1.099446406e+00 +1.099446406e+00 +9.313894464e+02 +9.313894464e+02 -1.9494e+00 -1.1418e+00 -3.9673e+00 +1.0054e+00 +2.5967e+00
582 +1.021401066e+00 +1.021401066e+00 +9.313114011e+02 +9.313114011e+02 -1.1722e+00 -1.5631e+00 -4.0477e+00 +9.3936e-01 +2.0302e+00
595 +4.441032760e-01 +4.441032760e-01 +9.307341033e+02 +9.307341033e+02 -1.6528e+00 -1.2209e+00 -4.0468e+00 +7.7099e-01 +1.9817e+00
606 +3.820158563e-01 +3.820158563e-01 +9.306720159e+02 +9.306720159e+02 -1.7267e+00 -1.3381e+00 -3.9710e+00 +6.8351e-01 +2.0337e+00
628 +3.561882030e-01 +3.561882030e-01 +9.306461882e+02 +9.306461882e+02 -1.3497e+00 -1.3144e+00 -3.9292e+00 +6.0350e-01 +1.8651e+00
632 +2.843275869e-01 +2.843275869e-01 +9.305743276e+02 +9.305743276e+02 -1.7175e+00 -1.2395e+00 -3.8369e+00 +6.9862e-01 +1.7016e+00
633 +2.077096853e-01 +2.077096853e-01 +9.304977097e+02 +9.304977097e+02 -1.7505e+00 -9.4521e-01 -3.7472e+00 +4.0348e-01 +1.5987e+00
652 +8.668488242e-02 +8.668488242e-02 +9.303766849e+02 +9.303766849e+02 -1.6803e+00 -1.1742e+00 -3.7324e+00 +4.6476e-01 +1.8118e+00
713 +6.022683928e-02 +6.022683928e-02 +9.303502268e+02 +9.303502268e+02 -1.7329e+00 -1.0538e+00 -3.6750e+00 +4.2189e-01 +1.8067e+00
782 +5.159489498e-02 +5.159489498e-02 +9.303415949e+02 +9.303415949e+02 -1.6153e+00 -1.0969e+00 -3.7209e+00 +3.8138e-01 +1.9700e+00
789 +4.491494120e-02 +4.491494120e-02 +9.303349149e+02 +9.303349149e+02 -1.6862e+00 -1.0550e+00 -3.6287e+00 +3.9915e-01 +1.7852e+00
794 +2.919220897e-02 +2.919220897e-02 +9.303191922e+02 +9.303191922e+02 -1.7163e+00 -1.0830e+00 -3.4720e+00 +4.8947e-01 +1.8196e+00
795 +1.396897810e-02 +1.396897810e-02 +9.303039690e+02 +9.303039690e+02 -1.6030e+00 -1.0674e+00 -3.5697e+00 +5.1679e-01 +1.9175e+00
841 +9.487049625e-03 +9.487049625e-03 +9.302994870e+02 +9.302994870e+02 -1.6369e+00 -1.0467e+00 -3.5713e+00 +4.8658e-01 +1.9235e+00
852 +6.368724505e-03 +6.368724505e-03 +9.302963687e+02 +9.302963687e+02 -1.6399e+00 -1.0804e+00 -3.5770e+00 +4.1209e-01 +1.9459e+00
866 +2.811657266e-03 +2.811657266e-03 +9.302928117e+02 +9.302928117e+02 -1.6059e+00 -1.0699e+00 -3.5383e+00 +3.9279e-01 +1.9572e+00
876 +1.390847169e-03 +1.390847169e-03 +9.302913908e+02 +9.302913908e+02 -1.6367e+00 -1.0840e+00 -3.5248e+00 +4.3946e-01 +1.9399e+00
922 +5.894979138e-04 +5.894979138e-04 +9.302905895e+02 +9.302905895e+02 -1.6425e+00 -1.0581e+00 -3.5046e+00 +4.3041e-01 +1.9461e+00
990 +4.087685526e-04 +4.087685526e-04 +9.302904088e+02 +9.302904088e+02 -1.6284e+00 -1.0640e+00 -3.4883e+00 +4.2674e-01 +1.9521e+00
999 +3.978633048e-04 +3.978633048e-04 +9.302903979e+02 +9.302903979e+02 -1.6205e+00 -1.0524e+00 -3.4882e+00 +4.2509e-01 +1.9322e+00
% function evaluation | noise-free fitness - Fopt (7.786100000000e+02) | best noise-free fitness - Fopt | measured fitness | best measured fitness | x1 | x2...
1 +3.986452096e+01 +3.986452096e+01 +8.184745210e+02 +8.184745210e+02 +0.0000e+00 +0.0000e+00 +0.0000e+00 +0.0000e+00 +0.0000e+00
102 +3.375770466e+01 +3.375770466e+01 +8.123677047e+02 +8.123677047e+02 +1.8230e+00 -3.2339e+00 -1.9296e+00 +5.6419e-01 -2.0113e+00
129 +3.110215779e+01 +3.110215779e+01 +8.097121578e+02 +8.097121578e+02 +1.6082e+00 -3.5177e+00 -1.9352e+00 +1.5851e-01 -2.2805e+00
141 +2.908404487e+01 +2.908404487e+01 +8.076940449e+02 +8.076940449e+02 +1.4047e+00 -3.3604e+00 -1.9265e+00 -2.8984e-01 -2.2796e+00
168 +2.338577375e+01 +2.338577375e+01 +8.019957738e+02 +8.019957738e+02 +3.9073e-01 -5.4127e+00 -1.9737e+00 +1.1756e+00 -2.4205e+00
180 +4.854415272e+00 +4.854415272e+00 +7.834644153e+02 +7.834644153e+02 -2.5768e+00 -2.7829e+00 -1.9320e+00 +8.2724e-01 -2.3338e+00
219 +4.617519258e+00 +4.617519258e+00 +7.832275193e+02 +7.832275193e+02 -3.3265e+00 -5.2100e+00 -2.0778e+00 -1.2405e+00 -2.1737e+00
241 +3.110061771e+00 +3.110061771e+00 +7.817200618e+02 +7.817200618e+02 -5.0267e+00 -4.2762e+00 -2.0057e+00 +3.1866e-01 -2.3477e+00
252 +2.592915375e+00 +2.592915375e+00 +7.812029154e+02 +7.812029154e+02 -3.4065e+00 -3.0739e+00 -2.2242e+00 +5.9384e-01 -2.5884e+00
254 +1.534834223e+00 +1.534834223e+00 +7.801448342e+02 +7.801448342e+02 -3.8046e+00 -4.0624e+00 -1.9941e+00 -4.5139e-01 -2.3101e+00
272 +1.379527391e+00 +1.379527391e+00 +7.799895274e+02 +7.799895274e+02 -3.3641e+00 -3.2345e+00 -1.9836e+00 +4.7764e-02 -1.7827e+00
349 +1.211369064e+00 +1.211369064e+00 +7.798213691e+02 +7.798213691e+02 -4.2913e+00 -3.7584e+00 -2.0240e+00 -1.4276e-01 -2.1026e+00
358 +1.043460286e+00 +1.043460286e+00 +7.796534603e+02 +7.796534603e+02 -3.9373e+00 -3.9805e+00 -2.0071e+00 -2.0625e-01 -2.0668e+00
363 +1.017680582e+00 +1.017680582e+00 +7.796276806e+02 +7.796276806e+02 -3.9382e+00 -3.4527e+00 -2.0323e+00 +3.5280e-02 -1.1293e+00
407 +7.870721784e-01 +7.870721784e-01 +7.793970722e+02 +7.793970722e+02 -3.9798e+00 -3.9686e+00 -2.0062e+00 -1.5480e-01 -1.6304e+00
409 +7.546515340e-01 +7.546515340e-01 +7.793646515e+02 +7.793646515e+02 -3.9501e+00 -3.9137e+00 -2.0031e+00 -6.0196e-02 -1.5935e+00
419 +7.367423101e-01 +7.367423101e-01 +7.793467423e+02 +7.793467423e+02 -3.8356e+00 -3.6659e+00 -2.0316e+00 -1.4046e-01 -1.4136e+00
482 +6.700983261e-01 +6.700983261e-01 +7.792800983e+02 +7.792800983e+02 -3.7659e+00 -3.6305e+00 -2.1157e+00 +2.0680e-01 -1.4243e+00
504 +6.436693024e-01 +6.436693024e-01 +7.792536693e+02 +7.792536693e+02 -3.7549e+00 -3.7094e+00 -2.0701e+00 -3.5038e-02 -1.6379e+00
508 +3.576099939e-01 +3.576099939e-01 +7.789676100e+02 +7.789676100e+02 -3.7094e+00 -3.8023e+00 -2.2751e+00 -6.5139e-02 -1.6100e+00
530 +2.573942473e-01 +2.573942473e-01 +7.788673942e+02 +7.788673942e+02 -3.7300e+00 -3.7991e+00 -2.3619e+00 -1.5694e-02 -1.5495e+00
604 +2.225596572e-01 +2.225596572e-01 +7.788325597e+02 +7.788325597e+02 -3.7876e+00 -3.7441e+00 -2.4454e+00 -1.4641e-01 -1.7469e+00
609 +1.590097798e-01 +1.590097798e-01 +7.787690098e+02 +7.787690098e+02 -3.7325e+00 -4.1308e+00 -3.0767e+00 -4.5179e-02 -1.6100e+00
625 +9.418643185e-02 +9.418643185e-02 +7.787041864e+02 +7.787041864e+02 -3.7335e+00 -3.6613e+00 -2.6543e+00 -5.0073e-03 -1.6938e+00
636 +7.626546075e-02 +7.626546075e-02 +7.786862655e+02 +7.786862655e+02 -3.7909e+00 -3.7781e+00 -2.5884e+00 -4.7456e-02 -1.5848e+00
637 +5.087592274e-02 +5.087592274e-02 +7.786608759e+02 +7.786608759e+02 -3.7924e+00 -3.8056e+00 -2.6462e+00 -6.4387e-02 -1.6240e+00
638 +2.513675006e-02 +2.513675006e-02 +7.786351368e+02 +7.786351368e+02 -3.7732e+00 -3.8124e+00 -2.7203e+00 -5.5466e-02 -1.5113e+00
641 +2.206264469e-02 +2.206264469e-02 +7.786320626e+02 +7.786320626e+02 -3.8003e+00 -3.7810e+00 -2.9837e+00 -1.4745e-02 -1.5060e+00
685 +1.767134731e-02 +1.767134731e-02 +7.786276713e+02 +7.786276713e+02 -3.8682e+00 -3.7741e+00 -2.7933e+00 -1.4312e-01 -1.5741e+00
688 +1.117632611e-02 +1.117632611e-02 +7.786211763e+02 +7.786211763e+02 -3.7932e+00 -3.8237e+00 -2.8806e+00 -1.1422e-01 -1.6229e+00
716 +2.678379506e-03 +2.678379506e-03 +7.786126784e+02 +7.786126784e+02 -3.8651e+00 -3.7947e+00 -2.8710e+00 -6.8309e-02 -1.5776e+00
752 +1.318371839e-03 +1.318371839e-03 +7.786113184e+02 +7.786113184e+02 -3.8426e+00 -3.7839e+00 -2.8533e+00 -3.0700e-02 -1.5638e+00
773 +1.006916162e-03 +1.006916162e-03 +7.786110069e+02 +7.786110069e+02 -3.8340e+00 -3.7920e+00 -2.8527e+00 -2.9119e-02 -1.5472e+00
802 +9.960001070e-04 +9.960001070e-04 +7.786109960e+02 +7.786109960e+02 -3.8201e+00 -3.7904e+00 -2.8590e+00 -5.1962e-02 -1.5671e+00
804 +2.492006530e-04 +2.492006530e-04 +7.786102492e+02 +7.786102492e+02 -3.8209e+00 -3.8210e+00 -2.8489e+00 -4.0724e-02 -1.5651e+00
849 +2.073463692e-04 +2.073463692e-04 +7.786102073e+02 +7.786102073e+02 -3.8289e+00 -3.8107e+00 -2.8455e+00 -4.4282e-02 -1.5620e+00
865 +1.142328707e-04 +1.142328707e-04 +7.786101142e+02 +7.786101142e+02 -3.8354e+00 -3.8111e+00 -2.8543e+00 -4.4027e-02 -1.5692e+00
886 +9.137781558e-05 +9.137781558e-05 +7.786100914e+02 +7.786100914e+02 -3.8301e+00 -3.8110e+00 -2.8526e+00 -4.2954e-02 -1.5664e+00
924 +4.332777655e-05 +4.332777655e-05 +7.786100433e+02 +7.786100433e+02 -3.8288e+00 -3.8142e+00 -2.8606e+00 -3.8287e-02 -1.5624e+00
960 +2.292647741e-05 +2.292647741e-05 +7.786100229e+02 +7.786100229e+02 -3.8297e+00 -3.8157e+00 -2.8586e+00 -4.2240e-02 -1.5584e+00
999 +1.661781266e-05 +1.661781266e-05 +7.786100166e+02 +7.786100166e+02 -3.8338e+00 -3.8134e+00 -2.8568e+00 -4.0553e-02 -1.5602e+00
% function evaluation | noise-free fitness - Fopt (-2.051000000000e+01) | best noise-free fitness - Fopt | measured fitness | best measured fitness | x1 | x2...
1 +3.703388032e+01 +3.703388032e+01 +1.652388032e+01 +1.652388032e+01 +0.0000e+00 +0.0000e+00 +0.0000e+00 +0.0000e+00 +0.0000e+00
283 +2.560022857e+01 +2.560022857e+01 +5.090228573e+00 +5.090228573e+00 -2.7643e+00 -2.1313e+00 +1.6746e+00 -1.8392e+00 -1.3263e-02
306 +1.905365607e+01 +1.905365607e+01 -1.456343930e+00 -1.456343930e+00 -6.7870e-01 +1.9280e+00 -3.2663e-01 -1.7505e+00 +1.2172e+00
342 +1.702150392e+01 +1.702150392e+01 -3.488496084e+00 -3.488496084e+00 -4.7056e-01 +5.4669e-01 +1.7462e+00 -2.0953e+00 +3.3027e-01
357 +1.630111989e+01 +1.630111989e+01 -4.208880115e+00 -4.208880115e+00 -3.9481e-01 +2.9603e-01 +1.9738e+00 -2.1423e+00 +6.7111e-01
364 +1.490462660e+01 +1.490462660e+01 -5.605373398e+00 -5.605373398e+00 -4.7194e+00 +1.6083e+00 -2.5956e-01 -2.1334e+00 +5.8477e-01
366 +1.348477401e+01 +1.348477401e+01 -7.025225991e+00 -7.025225991e+00 -7.0796e-01 +1.6299e+00 +3.3687e+00 -2.3037e+00 +3.7978e-01
375 +1.189865035e+01 +1.189865035e+01 -8.611349649e+00 -8.611349649e+00 -1.4881e+00 +7.0453e-02 +2.4262e+00 -2.3817e+00 +4.9050e-01
385 +1.106524975e+01 +1.106524975e+01 -9.444750250e+00 -9.444750250e+00 -1.3623e+00 +5.3918e-01 +1.1460e+00 -2.4125e+00 +9.4726e-01
386 +3.289423687e+00 +3.289423687e+00 -1.722057631e+01 -1.722057631e+01 -2.9666e+00 +2.4266e-01 +2.4047e+00 -2.2651e+00 +2.4404e+00
509 +3.010867102e+00 +3.010867102e+00 -1.749913290e+01 -1.749913290e+01 -1.6927e+00 +1.8033e+00 +2.6020e+00 -2.4520e+00 +2.8135e+00
603 +2.617284918e+00 +2.617284918e+00 -1.789271508e+01 -1.789271508e+01 -1.8094e+00 +1.8275e+00 +2.8420e+00 -2.5516e+00 +2.7205e+00
645 +2.343793373e+00 +2.343793373e+00 -1.816620663e+01 -1.816620663e+01 -1.9705e+00 +1.5990e+00 +2.6936e+00 -2.4412e+00 +3.0190e+00
662 +1.763183202e+00 +1.763183202e+00 -1.874681680e+01 -1.874681680e+01 -2.0968e+00 +1.6850e+00 +2.3283e+00 -2.6311e+00 +2.7125e+00
695 +1.735640777e+00 +1.735640777e+00 -1.877435922e+01 -1.877435922e+01 -2.0652e+00 +1.9783e+00 +2.7327e+00 -2.9932e+00 +2.7052e+00
709 +1.180116120e+00 +1.180116120e+00 -1.932988388e+01 -1.932988388e+01 -2.3464e+00 +1.8944e+00 +2.5596e+00 -2.5195e+00 +2.6702e+00
710 +4.324075014e-01 +4.324075014e-01 -2.007759250e+01 -2.007759250e+01 -2.9092e+00 +1.6014e+00 +2.2673e+00 -2.7485e+00 +2.9136e+00
728 +4.995463481e-02 +4.995463481e-02 -2.046004537e+01 -2.046004537e+01 -3.2117e+00 +1.8240e+00 +2.5896e+00 -2.7511e+00 +2.6512e+00
828 +1.518445435e-02 +1.518445435e-02 -2.049481555e+01 -2.049481555e+01 -3.3470e+00 +1.8711e+00 +2.4539e+00 -2.8874e+00 +2.7559e+00
852 +1.434040369e-02 +1.434040369e-02 -2.049565960e+01 -2.049565960e+01 -3.3379e+00 +1.8557e+00 +2.5539e+00 -2.8936e+00 +2.5806e+00
870 +1.223642889e-02 +1.223642889e-02 -2.049776357e+01 -2.049776357e+01 -3.4557e+00 +1.8891e+00 +2.5301e+00 -2.8528e+00 +2.6886e+00
914 +4.303066785e-03 +4.303066785e-03 -2.050569693e+01 -2.050569693e+01 -3.3747e+00 +1.8697e+00 +2.5605e+00 -2.9645e+00 +2.6943e+00
952 +1.937959067e-03 +1.937959067e-03 -2.050806204e+01 -2.050806204e+01 -3.3878e+00 +1.8595e+00 +2.5853e+00 -2.9174e+00 +2.7150e+00
990 +1.807314431e-03 +1.807314431e-03 -2.050819269e+01 -2.050819269e+01 -3.3809e+00 +1.8995e+00 +2.5754e+00 -2.8876e+00 +2.7043e+00
% function evaluation | noise-free fitness - Fopt (-1.000000000000e+03) | best noise-free fitness - Fopt | measured fitness | best measured fitness | x1 | x2...
1 +3.079493120e+01 +3.079493120e+01 -9.692050688e+02 -9.692050688e+02 +0.0000e+00 +0.0000e+00 +0.0000e+00 +0.0000e+00 +0.0000e+00
103 +2.973668319e+01 +2.973668319e+01 -9.702633168e+02 -9.702633168e+02 -1.5529e+00 -2.2600e-01 -2.0105e+00 -4.5617e+00 -3.7341e+00
110 +2.876991345e+01 +2.876991345e+01 -9.712300866e+02 -9.712300866e+02 -1.4679e+00 -2.5416e-01 -2.0177e+00 -4.5870e+00 -3.5518e+00
133 +2.151728596e+01 +2.151728596e+01 -9.784827140e+02 -9.784827140e+02 -1.4237e+00 +1.2945e+00 -2.0106e+00 -4.5771e+00 -1.2338e+00
151 +1.478159829e+01 +1.478159829e+01 -9.852184017e+02 -9.852184017e+02 -6.3137e-01 +1.8802e+00 -2.0242e+00 -4.5711e+00 -2.9366e+00
171 +1.302256649e+01 +1.302256649e+01 -9.869774335e+02 -9.869774335e+02 -2.9083e-01 +2.3142e+00 -2.0580e+00 -4.6183e+00 -3.1254e+00
193 +1.266571907e+01 +1.266571907e+01 -9.873342809e+02 -9.873342809e+02 -3.0366e-01 +2.3621e+00 -2.0368e+00 -4.7246e+00 -2.3018e+00
201 +9.755768384e+00 +9.755768384e+00 -9.902442316e+02 -9.902442316e+02 +4.9579e-01 +1.5707e+00 -2.0505e+00 -4.7018e+00 -2.6556e+00
231 +7.534373963e+00 +7.534373963e+00 -9.924656260e+02 -9.924656260e+02 +1.8816e+00 +2.4836e+00 -2.0245e+00 -4.7772e+00 -3.4839e+00
245 +6.493219549e+00 +6.493219549e+00 -9.935067805e+02 -9.935067805e+02 +1.7872e+00 +1.4296e+00 -2.0262e+00 -4.5923e+00 -2.8190e+00
258 +5.755564041e+00 +5.755564041e+00 -9.942444360e+02 -9.942444360e+02 +1.4955e+00 +2.2265e+00 -2.0336e+00 -4.5687e+00 -2.6797e+00
279 +5.383455769e+00 +5.383455769e+00 -9.946165442e+02 -9.946165442e+02 +1.9151e+00 +2.2520e+00 -2.0212e+00 -4.6722e+00 -2.3873e+00
283 +5.245406625e+00 +5.245406625e+00 -9.947545934e+02 -9.947545934e+02 +1.9647e+00 +2.4787e+00 -2.0321e+00 -4.6570e+00 -2.4046e+00
297 +5.122150817e+00 +5.122150817e+00 -9.948778492e+02 -9.948778492e+02 +2.5062e+00 +2.0951e+00 -2.0581e+00 -4.6699e+00 -2.0218e+00
321 +4.507751063e+00 +4.507751063e+00 -9.954922489e+02 -9.954922489e+02 +2.2890e+00 +3.0957e+00 -2.0544e+00 -4.3748e+00 -2.5767e+00
333 +4.358886432e+00 +4.358886432e+00 -9.956411136e+02 -9.956411136e+02 +1.9323e+00 +2.2398e+00 -2.0509e+00 -4.4107e+00 -2.5082e+00
358 +4.256214618e+00 +4.256214618e+00 -9.957437854e+02 -9.957437854e+02 +1.8656e+00 +2.5471e+00 -2.0192e+00 -4.3835e+00 -2.1172e+00
373 +3.601618090e+00 +3.601618090e+00 -9.963983819e+02 -9.963983819e+02 +2.0516e+00 +2.3982e+00 -2.0411e+00 -4.2582e+00 -2.2730e+00
391 +3.486333153e+00 +3.486333153e+00 -9.965136668e+02 -9.965136668e+02 +2.1781e+00 +2.8795e+00 -2.0365e+00 -4.1494e+00 -2.4768e+00
406 +3.071900198e+00 +3.071900198e+00 -9.969280998e+02 -9.969280998e+02 +2.2021e+00 +2.5581e+00 -2.0169e+00 -4.1030e+00 -2.0780e+00
411 +2.660115770e+00 +2.660115770e+00 -9.973398842e+02 -9.973398842e+02 +2.0994e+00 +2.8488e+00 -2.0269e+00 -3.8802e+00 -2.3077e+00
431 +2.138918578e+00 +2.138918578e+00 -9.978610814e+02 -9.978610814e+02 +2.5541e+00 +1.2875e+00 -1.9906e+00 -2.9873e+00 -2.3022e+00
452 +1.922049817e+00 +1.922049817e+00 -9.980779502e+02 -9.980779502e+02 +1.8977e+00 +2.0817e+00 -2.0413e+00 -3.5315e+00 -2.3239e+00
468 +1.595701577e+00 +1.595701577e+00 -9.984042984e+02 -9.984042984e+02 +2.3268e+00 +1.9369e+00 -1.9189e+00 -3.3205e+00 -2.2100e+00
488 +1.115645097e+00 +1.115645097e+00 -9.988843549e+02 -9.988843549e+02 +1.7890e+00 +2.3597e+00 -2.2072e+00 -3.0008e+00 -2.5774e+00
529 +9.879049083e-01 +9.879049083e-01 -9.990120951e+02 -9.990120951e+02 +2.1777e+00 +2.4162e+00 -2.0769e+00 -3.1903e+00 -2.1278e+00
536 +9.209548427e-01 +9.209548427e-01 -9.990790452e+02 -9.990790452e+02 +2.0655e+00 +2.2570e+00 -2.0953e+00 -3.0783e+00 -2.2035e+00
545 +7.409782689e-01 +7.409782689e-01 -9.992590217e+02 -9.992590217e+02 +2.4353e+00 +1.9862e+00 -2.2186e+00 -2.6587e+00 -2.6193e+00
559 +6.819049891e-01 +6.819049891e-01 -9.993180950e+02 -9.993180950e+02 +2.1741e+00 +2.3701e+00 -2.1139e+00 -2.7608e+00 -2.4799e+00
568 +6.419344100e-01 +6.419344100e-01 -9.993580656e+02 -9.993580656e+02 +2.2204e+00 +2.3907e+00 -2.0940e+00 -2.3878e+00 -2.4066e+00
574 +5.721318996e-01 +5.721318996e-01 -9.994278681e+02 -9.994278681e+02 +2.5243e+00 +2.1953e+00 -2.1073e+00 -2.7039e+00 -2.1830e+00
595 +5.532272277e-01 +5.532272277e-01 -9.994467728e+02 -9.994467728e+02 +2.2334e+00 +2.4795e+00 -2.1313e+00 -2.6590e+00 -2.3747e+00
604 +5.253094677e-01 +5.253094677e-01 -9.994746905e+02 -9.994746905e+02 +2.4005e+00 +2.2412e+00 -2.1258e+00 -2.4978e+00 -2.3186e+00
605 +5.090649640e-01 +5.090649640e-01 -9.994909350e+02 -9.994909350e+02 +2.3964e+00 +2.3653e+00 -2.1187e+00 -2.5287e+00 -2.3260e+00
654 +5.000773591e-01 +5.000773591e-01 -9.994999226e+02 -9.994999226e+02 +2.3246e+00 +2.3496e+00 -2.1161e+00 -2.5125e+00 -2.1218e+00
672 +4.849678151e-01 +4.849678151e-01 -9.995150322e+02 -9.995150322e+02 +2.3417e+00 +2.2697e+00 -2.1552e+00 -2.3923e+00 -2.1538e+00
702 +4.731587585e-01 +4.731587585e-01 -9.995268412e+02 -9.995268412e+02 +2.3334e+00 +2.2971e+00 -2.1375e+00 -2.5626e+00 -2.1793e+00
709 +4.618837913e-01 +4.618837913e-01 -9.995381162e+02 -9.995381162e+02 +2.3478e+00 +2.3304e+00 -2.1400e+00 -2.5449e+00 -2.1624e+00
715 +4.260121497e-01 +4.260121497e-01 -9.995739879e+02 -9.995739879e+02 +2.3983e+00 +2.3551e+00 -2.1633e+00 -2.5698e+00 -2.2165e+00
722 +4.121312260e-01 +4.121312260e-01 -9.995878688e+02 -9.995878688e+02 +2.3370e+00 +2.4228e+00 -2.1760e+00 -2.5369e+00 -2.1930e+00
942 +3.889588288e-01 +3.889588288e-01 -9.996110412e+02 -9.996110412e+02 +2.3567e+00 +2.4254e+00 -2.2039e+00 -2.6837e+00 -2.2065e+00
985 +3.278030131e-01 +3.278030131e-01 -9.996721970e+02 -9.996721970e+02 +2.3049e+00 +2.4320e+00 -2.2562e+00 -2.4932e+00 -2.1999e+00
% function evaluation | noise-free fitness - Fopt (-1.730800000000e+02) | best noise-free fitness - Fopt | measured fitness | best measured fitness | x1 | x2...
1 +4.298789888e+01 +4.298789888e+01 -1.300921011e+02 -1.300921011e+02 +0.0000e+00 +0.0000e+00 +0.0000e+00 +0.0000e+00 +0.0000e+00
328 +2.822347272e+01 +2.822347272e+01 -1.448565273e+02 -1.448565273e+02 -2.6952e+00 -5.8428e+00 -7.4942e-01 -1.0627e-01 -1.1247e+00
355 +2.369531984e+01 +2.369531984e+01 -1.493846802e+02 -1.493846802e+02 -2.6803e+00 -5.0096e+00 -6.4387e-01 -6.4906e-02 -8.5001e-01
369 +1.552428143e+01 +1.552428143e+01 -1.575557186e+02 -1.575557186e+02 -2.2794e+00 -4.9423e+00 +3.8058e+00 +5.8474e+00 -7.2316e-01
383 +1.216148017e+01 +1.216148017e+01 -1.609185198e+02 -1.609185198e+02 -2.8757e+00 -3.6602e+00 +1.4249e+00 +7.7818e-01 -8.8997e-01
409 +1.027147677e+01 +1.027147677e+01 -1.628085232e+02 -1.628085232e+02 -2.4339e+00 -5.4826e+00 +2.6634e+00 +2.3836e+00 -5.1989e-01
432 +8.590299366e+00 +8.590299366e+00 -1.644897006e+02 -1.644897006e+02 -3.8277e+00 -4.5600e+00 +2.9166e+00 +2.1943e+00 -8.8894e-01
445 +2.854457653e+00 +2.854457653e+00 -1.702255423e+02 -1.702255423e+02 -4.3394e+00 -3.8621e+00 +1.6700e+00 +2.5394e+00 -5.3968e-04
479 +1.182451344e+00 +1.182451344e+00 -1.718975487e+02 -1.718975487e+02 -2.9845e+00 -4.1392e+00 +1.7398e+00 +3.4285e+00 +3.8332e-01
513 +8.882975172e-01 +8.882975172e-01 -1.721917025e+02 -1.721917025e+02 -3.3680e+00 -4.2606e+00 +1.1854e+00 +4.4683e+00 +1.9286e-01
522 +8.432916300e-01 +8.432916300e-01 -1.722367084e+02 -1.722367084e+02 -3.4258e+00 -3.2999e+00 +1.9016e+00 +4.0131e+00 +9.3739e-01
531 +4.914378502e-01 +4.914378502e-01 -1.725885621e+02 -1.725885621e+02 -3.3874e+00 -3.4614e+00 +1.4397e+00 +4.4850e+00 +5.9634e-01
539 +2.167847905e-01 +2.167847905e-01 -1.728632152e+02 -1.728632152e+02 -3.3335e+00 -3.5499e+00 +1.4611e+00 +4.1541e+00 +4.1308e-01
579 +1.779332040e-01 +1.779332040e-01 -1.729020668e+02 -1.729020668e+02 -3.2967e+00 -3.7937e+00 +1.3963e+00 +3.8168e+00 +5.1450e-01
586 +9.987352956e-02 +9.987352956e-02 -1.729801265e+02 -1.729801265e+02 -3.4349e+00 -3.3907e+00 +1.2102e+00 +3.7802e+00 +4.0167e-01
606 +7.895870587e-02 +7.895870587e-02 -1.730010413e+02 -1.730010413e+02 -3.3383e+00 -3.5875e+00 +1.2226e+00 +3.9180e+00 +4.5858e-01
625 +6.378794480e-02 +6.378794480e-02 -1.730162121e+02 -1.730162121e+02 -3.4125e+00 -3.5600e+00 +1.0847e+00 +3.9523e+00 +4.7744e-01
639 +1.054897443e-02 +1.054897443e-02 -1.730694510e+02 -1.730694510e+02 -3.5904e+00 -3.6005e+00 +1.3035e+00 +3.8821e+00 +4.3751e-01
690 +8.162306269e-03 +8.162306269e-03 -1.730718377e+02 -1.730718377e+02 -3.5885e+00 -3.5501e+00 +1.2284e+00 +3.8384e+00 +4.7398e-01
729 +6.652831843e-03 +6.652831843e-03 -1.730733472e+02 -1.730733472e+02 -3.6443e+00 -3.5735e+00 +1.1912e+00 +3.8949e+00 +5.3296e-01
739 +6.362894092e-03 +6.362894092e-03 -1.730736371e+02 -1.730736371e+02 -3.6437e+00 -3.5612e+00 +1.1636e+00 +3.9233e+00 +4.7095e-01
748 +5.172890139e-03 +5.172890139e-03 -1.730748271e+02 -1.730748271e+02 -3.6429e+00 -3.5879e+00 +1.1541e+00 +3.8874e+00 +4.9378e-01
763 +6.278932124e-04 +6.278932124e-04 -1.730793721e+02 -1.730793721e+02 -3.6292e+00 -3.6168e+00 +1.1915e+00 +3.9010e+00 +4.7518e-01
884 +3.552031017e-04 +3.552031017e-04 -1.730796448e+02 -1.730796448e+02 -3.6257e+00 -3.6170e+00 +1.2042e+00 +3.9094e+00 +4.6867e-01
977 +1.992209734e-04 +1.992209734e-04 -1.730798008e+02 -1.730798008e+02 -3.6193e+00 -3.6226e+00 +1.2131e+00 +3.8938e+00 +4.6093e-01
996 +5.828162958e-05 +5.828162958e-05 -1.730799417e+02 -1.730799417e+02 -3.6205e+00 -3.6163e+00 +1.2086e+00 +3.8931e+00 +4.7354e-01
% function evaluation | noise-free fitness - Fopt (5.309000000000e+01) | best noise-free fitness - Fopt | measured fitness | best measured fitness | x1 | x2...
1 +2.976110016e+01 +2.976110016e+01 +8.285110016e+01 +8.285110016e+01 +0.0000e+00 +0.0000e+00 +0.0000e+00 +0.0000e+00 +0.0000e+00
207 +1.624152718e+01 +1.624152718e+01 +6.933152718e+01 +6.933152718e+01 +1.0797e+00 -4.0280e+00 -2.4798e+00 -3.5648e+00 +2.9724e+00
283 +1.596102496e+01 +1.596102496e+01 +6.905102496e+01 +6.905102496e+01 +5.9608e-01 -4.1777e+00 -1.7449e+00 -2.3034e+00 +3.3242e+00
285 +1.494414634e+01 +1.494414634e+01 +6.803414634e+01 +6.803414634e+01 +1.0801e+00 -4.2782e+00 -1.5249e+00 -3.9676e+00 +3.1791e+00
290 +1.272973888e+01 +1.272973888e+01 +6.581973888e+01 +6.581973888e+01 +4.9401e-02 -4.1526e+00 -2.1072e+00 -3.0117e+00 +3.2211e+00
305 +1.134803721e+01 +1.134803721e+01 +6.443803721e+01 +6.443803721e+01 +1.7592e-01 -2.8777e+00 -1.2043e+00 -2.4225e+00 +2.9789e+00
307 +9.725035496e+00 +9.725035496e+00 +6.281503550e+01 +6.281503550e+01 -4.3141e-01 -3.9335e+00 -1.9210e+00 -3.6482e+00 +3.1388e+00
311 +8.025812967e+00 +8.025812967e+00 +6.111581297e+01 +6.111581297e+01 -2.1741e-01 -3.3515e+00 -2.4056e+00 -4.5724e+00 +2.1485e+00
332 +7.196283430e+00 +7.196283430e+00 +6.028628343e+01 +6.028628343e+01 -1.5779e+00 -3.8960e+00 -6.4386e-01 -4.7922e+00 +3.0017e+00
340 +6.804999345e+00 +6.804999345e+00 +5.989499935e+01 +5.989499935e+01 -2.2042e+00 -3.7200e+00 -1.5018e+00 -3.5478e+00 +2.8707e+00
353 +5.586606786e+00 +5.586606786e+00 +5.867660679e+01 +5.867660679e+01 -1.7273e+00 -3.9961e+00 -1.3276e+00 -3.6351e+00 +2.7317e+00
379 +5.106711763e+00 +5.106711763e+00 +5.819671176e+01 +5.819671176e+01 -1.9712e+00 -4.6341e+00 -1.1786e+00 -3.8783e+00 +2.3724e+00
413 +4.944875758e+00 +4.944875758e+00 +5.803487576e+01 +5.803487576e+01 -1.4769e+00 -4.3419e+00 -6.9559e-01 -3.8142e+00 +2.6133e+00
463 +4.828358397e+00 +4.828358397e+00 +5.791835840e+01 +5.791835840e+01 -1.5198e+00 -4.1115e+00 -9.8839e-01 -3.7051e+00 +2.6288e+00
478 +4.360085002e+00 +4.360085002e+00 +5.745008500e+01 +5.745008500e+01 -1.4114e+00 -4.2913e+00 -1.5031e+00 -4.0844e+00 +2.2510e+00
532 +4.089784853e+00 +4.089784853e+00 +5.717978485e+01 +5.717978485e+01 -1.6419e+00 -3.8889e+00 -8.6435e-01 -4.0002e+00 +2.5009e+00
548 +2.958746178e+00 +2.958746178e+00 +5.604874618e+01 +5.604874618e+01 -1.0699e+00 -4.0621e+00 -5.8358e-01 -3.5164e+00 +2.1017e+00
561 +2.640789680e+00 +2.640789680e+00 +5.573078968e+01 +5.573078968e+01 -1.2681e+00 -3.7814e+00 -5.7180e-01 -3.8216e+00 +2.1321e+00
583 +2.474167744e+00 +2.474167744e+00 +5.556416774e+01 +5.556416774e+01 -2.6865e+00 -3.9747e+00 -6.8252e-01 -3.7632e+00 +1.4583e+00
610 +9.701915277e-01 +9.701915277e-01 +5.406019153e+01 +5.406019153e+01 -1.4106e+00 -3.6934e+00 -9.4204e-01 -3.5813e+00 +1.4328e+00
683 +9.071581638e-01 +9.071581638e-01 +5.399715816e+01 +5.399715816e+01 -1.3808e+00 -3.5257e+00 -8.6007e-01 -3.8619e+00 +1.4545e+00
684 +6.321798212e-01 +6.321798212e-01 +5.372217982e+01 +5.372217982e+01 -2.2452e+00 -3.5392e+00 -6.4753e-01 -4.0103e+00 +6.3027e-01
700 +1.549478884e-01 +1.549478884e-01 +5.324494789e+01 +5.324494789e+01 -1.4705e+00 -3.3799e+00 -6.7334e-01 -3.5902e+00 +2.4547e-01
724 +8.981305402e-02 +8.981305402e-02 +5.317981305e+01 +5.317981305e+01 -1.6575e+00 -3.3243e+00 -5.2751e-01 -3.8690e+00 +5.4816e-01
749 +7.514841646e-02 +7.514841646e-02 +5.316514842e+01 +5.316514842e+01 -1.5440e+00 -3.2798e+00 -5.5958e-01 -3.8041e+00 +5.7896e-01
781 +5.738919489e-02 +5.738919489e-02 +5.314738919e+01 +5.314738919e+01 -1.6545e+00 -3.4388e+00 -6.8922e-01 -3.7014e+00 +6.2779e-01
809 +3.069699435e-02 +3.069699435e-02 +5.312069699e+01 +5.312069699e+01 -1.5343e+00 -3.4372e+00 -5.3522e-01 -3.7626e+00 +6.4285e-01
837 +2.435419428e-02 +2.435419428e-02 +5.311435419e+01 +5.311435419e+01 -1.6134e+00 -3.4493e+00 -6.0126e-01 -3.7843e+00 +5.5530e-01
892 +1.882534749e-02 +1.882534749e-02 +5.310882535e+01 +5.310882535e+01 -1.3886e+00 -3.5344e+00 -6.4505e-01 -3.7122e+00 +4.8986e-01
905 +1.846915491e-02 +1.846915491e-02 +5.310846915e+01 +5.310846915e+01 -1.4215e+00 -3.4628e+00 -5.6050e-01 -3.7206e+00 +5.5437e-01
928 +1.203410714e-02 +1.203410714e-02 +5.310203411e+01 +5.310203411e+01 -1.4561e+00 -3.5015e+00 -7.0382e-01 -3.7391e+00 +5.6481e-01
955 +1.123433201e-02 +1.123433201e-02 +5.310123433e+01 +5.310123433e+01 -1.4571e+00 -3.4576e+00 -6.0012e-01 -3.7415e+00 +5.0642e-01
966 +7.030862187e-03 +7.030862187e-03 +5.309703086e+01 +5.309703086e+01 -1.4327e+00 -3.4928e+00 -6.1007e-01 -3.7931e+00 +5.8531e-01
