% function evaluation | noise-free fitness - Fopt (7.948000000000e+01) | best noise-free fitness - Fopt | measured fitness | best measured fitness | x1 | x2...
1 +1.402094080e+00 +1.402094080e+00 +8.088209408e+01 +8.088209408e+01 +0.0000e+00 +0.0000e+00
84 +2.173523395e-01 +2.173523395e-01 +7.969735234e+01 +7.969735234e+01 -2.1112e-02 -1.5341e+00
144 +2.950307483e-02 +2.950307483e-02 +7.950950307e+01 +7.950950307e+01 +4.2150e-01 -1.1245e+00
180 +2.592413404e-02 +2.592413404e-02 +7.950592413e+01 +7.950592413e+01 +4.1124e-01 -1.1281e+00
193 +2.544245698e-02 +2.544245698e-02 +7.950544246e+01 +7.950544246e+01 +3.9170e-01 -1.2352e+00
196 +2.415682161e-02 +2.415682161e-02 +7.950415682e+01 +7.950415682e+01 +4.0818e-01 -1.1531e+00
206 +6.440909370e-03 +6.440909370e-03 +7.948644091e+01 +7.948644091e+01 +3.3225e-01 -1.1455e+00
215 +3.450476653e-03 +3.450476653e-03 +7.948345048e+01 +7.948345048e+01 +1.9926e-01 -1.1326e+00
231 +8.233718555e-04 +8.233718555e-04 +7.948082337e+01 +7.948082337e+01 +2.7849e-01 -1.1440e+00
237 +4.881210443e-04 +4.881210443e-04 +7.948048812e+01 +7.948048812e+01 +2.4438e-01 -1.1364e+00
252 +4.032289071e-04 +4.032289071e-04 +7.948040323e+01 +7.948040323e+01 +2.3486e-01 -1.1478e+00
262 +3.403691862e-04 +3.403691862e-04 +7.948034037e+01 +7.948034037e+01 +2.3735e-01 -1.1669e+00
266 +2.515252620e-04 +2.515252620e-04 +7.948025153e+01 +7.948025153e+01 +2.3704e-01 -1.1550e+00
268 +1.850819078e-04 +1.850819078e-04 +7.948018508e+01 +7.948018508e+01 +2.3999e-01 -1.1614e+00
276 +4.229312911e-05 +4.229312911e-05 +7.948004229e+01 +7.948004229e+01 +2.5003e-01 -1.1509e+00
314 +5.631232654e-07 +5.631232654e-07 +7.948000056e+01 +7.948000056e+01 +2.5311e-01 -1.1561e+00
376 +3.196586533e-07 +3.196586533e-07 +7.948000032e+01 +7.948000032e+01 +2.5332e-01 -1.1566e+00
382 +2.489145885e-07 +2.489145885e-07 +7.948000025e+01 +7.948000025e+01 +2.5330e-01 -1.1568e+00
384 +2.065646498e-07 +2.065646498e-07 +7.948000021e+01 +7.948000021e+01 +2.5281e-01 -1.1563e+00
386 +9.116521937e-08 +9.116521937e-08 +7.948000009e+01 +7.948000009e+01 +2.5274e-01 -1.1565e+00
392 +1.672381700e-08 +1.672381700e-08 +7.948000002e+01 +7.948000002e+01 +2.5278e-01 -1.1567e+00
% function evaluation | noise-free fitness - Fopt (3.944800000000e+02) | best noise-free fitness - Fopt | measured fitness | best measured fitness | x1 | x2...
1 +2.355193472e+01 +2.355193472e+01 +4.180319347e+02 +4.180319347e+02 +0.0000e+00 +0.0000e+00
103 +1.367856325e+01 +1.367856325e+01 +4.081585632e+02 +4.081585632e+02 -2.0163e-01 -2.7787e+00
107 +1.222634203e+01 +1.222634203e+01 +4.067063420e+02 +4.067063420e+02 -8.8178e-01 -4.6585e+00
113 +1.980704399e+00 +1.980704399e+00 +3.964607044e+02 +3.964607044e+02 -2.4915e+00 -2.8558e+00
124 +7.317178878e-01 +7.317178878e-01 +3.952117179e+02 +3.952117179e+02 -3.1950e+00 -2.4037e+00
129 +2.104284829e-01 +2.104284829e-01 +3.946904285e+02 +3.946904285e+02 -4.1253e+00 -2.4917e+00
135 +1.090369318e-01 +1.090369318e-01 +3.945890369e+02 +3.945890369e+02 -3.7279e+00 -3.1732e+00
143 +4.017913185e-02 +4.017913185e-02 +3.945201791e+02 +3.945201791e+02 -4.0555e+00 -3.0148e+00
150 +1.457375037e-02 +1.457375037e-02 +3.944945738e+02 +3.944945738e+02 -3.8453e+00 -2.9988e+00
152 +4.860514555e-03 +4.860514555e-03 +3.944848605e+02 +3.944848605e+02 -3.9391e+00 -2.9470e+00
169 +2.971645770e-03 +2.971645770e-03 +3.944829716e+02 +3.944829716e+02 -3.9333e+00 -2.9323e+00
250 +2.587609388e-03 +2.587609388e-03 +3.944825876e+02 +3.944825876e+02 -3.9491e+00 -2.8862e+00
252 +1.551722125e-03 +1.551722125e-03 +3.944815517e+02 +3.944815517e+02 -3.9374e+00 -2.8849e+00
265 +1.444179217e-03 +1.444179217e-03 +3.944814442e+02 +3.944814442e+02 -3.9327e+00 -2.8740e+00
266 +3.176846019e-04 +3.176846019e-04 +3.944803177e+02 +3.944803177e+02 -3.8807e+00 -2.8924e+00
284 +2.086507964e-04 +2.086507964e-04 +3.944802087e+02 +3.944802087e+02 -3.8872e+00 -2.8813e+00
292 +1.643086758e-04 +1.643086758e-04 +3.944801643e+02 +3.944801643e+02 -3.8872e+00 -2.8965e+00
293 +1.323857577e-04 +1.323857577e-04 +3.944801324e+02 +3.944801324e+02 -3.9021e+00 -2.9013e+00
298 +4.818319837e-06 +4.818319837e-06 +3.944800048e+02 +3.944800048e+02 -3.8963e+00 -2.8896e+00
% function evaluation | noise-free fitness - Fopt (-2.471100000000e+02) | best noise-free fitness - Fopt | measured fitness | best measured fitness | x1 | x2...
1 +1.446913280e+01 +1.446913280e+01 -2.326408672e+02 -2.326408672e+02 +0.0000e+00 +0.0000e+00
56 +1.261476686e+01 +1.261476686e+01 -2.344952331e+02 -2.344952331e+02 -2.2252e+00 +3.3875e+00
66 +1.184882395e+01 +1.184882395e+01 -2.352611761e+02 -2.352611761e+02 -2.3696e+00 +3.3348e+00
75 +1.102317276e+01 +1.102317276e+01 -2.360868272e+02 -2.360868272e+02 -1.9374e+00 +2.9527e+00
79 +9.650693423e+00 +9.650693423e+00 -2.374593066e+02 -2.374593066e+02 -5.0312e+00 +3.0547e+00
86 +5.690881742e+00 +5.690881742e+00 -2.414191183e+02 -2.414191183e+02 -3.1838e+00 +2.5082e+00
94 +6.592182478e-02 +6.592182478e-02 -2.470440782e+02 -2.470440782e+02 -3.9743e+00 +1.6194e-02
120 +2.817385608e-02 +2.817385608e-02 -2.470818261e+02 -2.470818261e+02 -3.7549e+00 +4.1091e-02
125 +2.098097754e-02 +2.098097754e-02 -2.470890190e+02 -2.470890190e+02 -3.8771e+00 +3.2482e-01
128 +1.106123835e-02 +1.106123835e-02 -2.470989388e+02 -2.470989388e+02 -3.7455e+00 +1.1232e-01
139 +3.208034089e-03 +3.208034089e-03 -2.471067920e+02 -2.471067920e+02 -3.8485e+00 +1.7672e-01
142 +2.640451848e-03 +2.640451848e-03 -2.471073595e+02 -2.471073595e+02 -3.7935e+00 +1.5205e-01
147 +1.493307251e-03 +1.493307251e-03 -2.471085067e+02 -2.471085067e+02 -3.7778e+00 +1.7049e-01
157 +3.969601411e-04 +3.969601411e-04 -2.471096030e+02 -2.471096030e+02 -3.7881e+00 +1.8614e-01
160 +2.873021447e-05 +2.873021447e-05 -2.471099713e+02 -2.471099713e+02 -3.8037e+00 +2.0243e-01
190 +9.883206531e-06 +9.883206531e-06 -2.471099901e+02 -2.471099901e+02 -3.7955e+00 +2.0188e-01
220 +1.391828391e-06 +1.391828391e-06 -2.471099986e+02 -2.471099986e+02 -3.7978e+00 +2.0422e-01
257 +5.932702152e-07 +5.932702152e-07 -2.471099994e+02 -2.471099994e+02 -3.7976e+00 +2.0334e-01
262 +5.405680668e-07 +5.405680668e-07 -2.471099995e+02 -2.471099995e+02 -3.7991e+00 +2.0325e-01
265 +3.532850030e-07 +3.532850030e-07 -2.471099996e+02 -2.471099996e+02 -3.7978e+00 +2.0334e-01
267 +3.209898694e-07 +3.209898694e-07 -2.471099997e+02 -2.471099997e+02 -3.7982e+00 +2.0374e-01
274 +1.013247015e-07 +1.013247015e-07 -2.471099999e+02 -2.471099999e+02 -3.7983e+00 +2.0351e-01
282 +3.595636144e-08 +3.595636144e-08 -2.471100000e+02 -2.471100000e+02 -3.7983e+00 +2.0308e-01
292 +2.552019396e-08 +2.552019396e-08 -2.471100000e+02 -2.471100000e+02 -3.7982e+00 +2.0323e-01
306 +2.505072416e-08 +2.505072416e-08 -2.471100000e+02 -2.471100000e+02 -3.7982e+00 +2.0316e-01
337 +2.396748755e-08 +2.396748755e-08 -2.471100000e+02 -2.471100000e+02 -3.7983e+00 +2.0310e-01
342 +2.270672894e-08 +2.270672894e-08 -2.471100000e+02 -2.471100000e+02 -3.7983e+00 +2.0314e-01
343 +3.222908163e-09 +3.222908163e-09 -2.471100000e+02 -2.471100000e+02 -3.7984e+00 +2.0315e-01
% function evaluation | noise-free fitness - Fopt (-1.520400000000e+02) | best noise-free fitness - Fopt | measured fitness | best measured fitness | x1 | x2...
1 +2.099171840e+00 +2.099171840e+00 -1.499408282e+02 -1.499408282e+02 +0.0000e+00 +0.0000e+00
86 +1.857130802e+00 +1.857130802e+00 -1.501828692e+02 -1.501828692e+02 +2.4923e-01 +1.6288e-01
101 +1.777590455e+00 +1.777590455e+00 -1.502624095e+02 -1.502624095e+02 +4.6163e-01 +3.0758e-01
103 +8.011670457e-01 +8.011670457e-01 -1.512388330e+02 -1.512388330e+02 +5.1143e-01 +1.8655e+00
112 +5.848360275e-01 +5.848360275e-01 -1.514551640e+02 -1.514551640e+02 -1.0305e+00 +1.3776e+00
119 +4.811783885e-01 +4.811783885e-01 -1.515588216e+02 -1.515588216e+02 +1.0161e-01 +8.3650e-01
126 +2.497384248e-01 +2.497384248e-01 -1.517902616e+02 -1.517902616e+02 -3.0503e-01 +9.2570e-01
140 +2.828489998e-02 +2.828489998e-02 -1.520117151e+02 -1.520117151e+02 -3.5866e-01 +1.5651e+00
152 +1.816132542e-02 +1.816132542e-02 -1.520218387e+02 -1.520218387e+02 -2.7835e-01 +1.5583e+00
154 +1.031260430e-02 +1.031260430e-02 -1.520296874e+02 -1.520296874e+02 -3.5630e-01 +1.3753e+00
192 +9.015784598e-03 +9.015784598e-03 -1.520309842e+02 -1.520309842e+02 -3.6020e-01 +1.4432e+00
193 +7.089073834e-03 +7.089073834e-03 -1.520329109e+02 -1.520329109e+02 -3.1578e-01 +1.4928e+00
197 +2.887321971e-03 +2.887321971e-03 -1.520371127e+02 -1.520371127e+02 -3.2079e-01 +1.4279e+00
215 +2.199962118e-03 +2.199962118e-03 -1.520378000e+02 -1.520378000e+02 -2.5455e-01 +1.4692e+00
221 +1.538091887e-04 +1.538091887e-04 -1.520398462e+02 -1.520398462e+02 -2.5538e-01 +1.4203e+00
233 +2.832828523e-05 +2.832828523e-05 -1.520399717e+02 -1.520399717e+02 -2.6395e-01 +1.4282e+00
238 +1.268136018e-05 +1.268136018e-05 -1.520399873e+02 -1.520399873e+02 -2.6638e-01 +1.4275e+00
240 +5.352894448e-07 +5.352894448e-07 -1.520399995e+02 -1.520399995e+02 -2.6693e-01 +1.4233e+00
289 +2.308839555e-07 +2.308839555e-07 -1.520399998e+02 -1.520399998e+02 -2.6722e-01 +1.4245e+00
305 +1.328555754e-07 +1.328555754e-07 -1.520399999e+02 -1.520399999e+02 -2.6756e-01 +1.4241e+00
315 +8.156817444e-08 +8.156817444e-08 -1.520399999e+02 -1.520399999e+02 -2.6748e-01 +1.4240e+00
319 +6.134374075e-08 +6.134374075e-08 -1.520399999e+02 -1.520399999e+02 -2.6732e-01 +1.4242e+00
322 +2.468570415e-08 +2.468570415e-08 -1.520400000e+02 -1.520400000e+02 -2.6732e-01 +1.4241e+00
332 +2.129985432e-08 +2.129985432e-08 -1.520400000e+02 -1.520400000e+02 -2.6732e-01 +1.4241e+00
336 +1.444689701e-08 +1.444689701e-08 -1.520400000e+02 -1.520400000e+02 -2.6732e-01 +1.4240e+00
337 +2.272741995e-09 +2.272741995e-09 -1.520400000e+02 -1.520400000e+02 -2.6721e-01 +1.4240e+00
% function evaluation | noise-free fitness - Fopt (-2.525000000000e+01) | best noise-free fitness - Fopt | measured fitness | best measured fitness | x1 | x2...
1 +1.346736640e+01 +1.346736640e+01 -1.178263360e+01 -1.178263360e+01 +0.0000e+00 +0.0000e+00
114 +1.184823689e+01 +1.184823689e+01 -1.340176311e+01 -1.340176311e+01 +2.8018e+00 -2.7096e+00
117 +1.106468110e+01 +1.106468110e+01 -1.418531890e+01 -1.418531890e+01 +2.8021e+00 -2.5905e+00
127 +1.017897810e+01 +1.017897810e+01 -1.507102190e+01 -1.507102190e+01 +2.8004e+00 -2.4497e+00
138 +5.457860742e+00 +5.457860742e+00 -1.979213926e+01 -1.979213926e+01 +2.8041e+00 -1.5560e+00
141 +1.500135764e+00 +1.500135764e+00 -2.374986424e+01 -2.374986424e+01 +2.8119e+00 -2.9010e-01
148 +6.787985818e-01 +6.787985818e-01 -2.457120142e+01 -2.457120142e+01 +2.8021e+00 +4.9761e-01
156 +6.729338402e-01 +6.729338402e-01 -2.457706616e+01 -2.457706616e+01 +2.8058e+00 +7.7338e-01
178 +5.900084964e-01 +5.900084964e-01 -2.465999150e+01 -2.465999150e+01 +2.8472e+00 +5.9791e-01
186 +5.673914243e-01 +5.673914243e-01 -2.468260858e+01 -2.468260858e+01 +2.8658e+00 +7.1849e-01
203 +5.041728107e-01 +5.041728107e-01 -2.474582719e+01 -2.474582719e+01 +2.9047e+00 +6.5873e-01
206 +4.082576174e-01 +4.082576174e-01 -2.484174238e+01 -2.484174238e+01 +2.9844e+00 +7.4173e-01
213 +4.065325807e-01 +4.065325807e-01 -2.484346742e+01 -2.484346742e+01 +2.9934e+00 +4.9080e-01
222 +2.999484340e-01 +2.999484340e-01 -2.495005157e+01 -2.495005157e+01 +3.0698e+00 +6.9271e-01
244 +2.367999384e-01 +2.367999384e-01 -2.501320006e+01 -2.501320006e+01 +3.2326e+00 +3.3355e-01
259 +2.295362524e-01 +2.295362524e-01 -2.502046375e+01 -2.502046375e+01 +3.1370e+00 +5.9457e-01
260 +2.203177026e-01 +2.203177026e-01 -2.502968230e+01 -2.502968230e+01 +3.3955e+00 +2.1996e-01
261 +2.115281329e-01 +2.115281329e-01 -2.503847187e+01 -2.503847187e+01 +3.1723e+00 +5.0844e-01
262 +1.093404089e-01 +1.093404089e-01 -2.514065959e+01 -2.514065959e+01 +3.4043e+00 +3.7983e-01
264 +7.435461797e-02 +7.435461797e-02 -2.517564538e+01 -2.517564538e+01 +3.3574e+00 +5.4413e-01
276 +8.113454080e-03 +8.113454080e-03 -2.524188655e+01 -2.524188655e+01 +3.5298e+00 +6.6607e-01
324 +7.871048676e-03 +7.871048676e-03 -2.524212895e+01 -2.524212895e+01 +3.5390e+00 +5.8840e-01
335 +7.199778009e-03 +7.199778009e-03 -2.524280022e+01 -2.524280022e+01 +3.5310e+00 +6.1969e-01
338 +5.845835422e-03 +5.845835422e-03 -2.524415416e+01 -2.524415416e+01 +3.5383e+00 +6.2786e-01
343 +5.293778982e-03 +5.293778982e-03 -2.524470622e+01 -2.524470622e+01 +3.5420e+00 +6.4241e-01
352 +4.526986248e-03 +4.526986248e-03 -2.524547301e+01 -2.524547301e+01 +3.5477e+00 +6.4378e-01
360 +3.541053694e-03 +3.541053694e-03 -2.524645895e+01 -2.524645895e+01 +3.5549e+00 +6.3766e-01
365 +2.842551044e-03 +2.842551044e-03 -2.524715745e+01 -2.524715745e+01 +3.5611e+00 +6.3350e-01
389 +2.669589261e-03 +2.669589261e-03 -2.524733041e+01 -2.524733041e+01 +3.5631e+00 +6.4174e-01
390 +1.967400824e-03 +1.967400824e-03 -2.524803260e+01 -2.524803260e+01 +3.5711e+00 +6.2553e-01
395 +1.497875686e-03 +1.497875686e-03 -2.524850212e+01 -2.524850212e+01 +3.5758e+00 +6.3294e-01
396 +1.077710660e-03 +1.077710660e-03 -2.524892229e+01 -2.524892229e+01 +3.5816e+00 +6.3552e-01
% function evaluation | noise-free fitness - Fopt (8.790000000000e+01) | best noise-free fitness - Fopt | measured fitness | best measured fitness | x1 | x2...
1 +1.253007872e+01 +1.253007872e+01 +1.004300787e+02 +1.004300787e+02 +0.0000e+00 +0.0000e+00
2 +1.086145938e+01 +1.086145938e+01 +9.876145938e+01 +9.876145938e+01 -7.7606e-02 -4.3314e-01
12 +1.064534962e+01 +1.064534962e+01 +9.854534962e+01 +9.854534962e+01 -1.1725e-01 -4.2135e-01
14 +1.043575063e+01 +1.043575063e+01 +9.833575063e+01 +9.833575063e+01 -1.4028e-01 -4.5175e-01
19 +1.022168528e+01 +1.022168528e+01 +9.812168528e+01 +9.812168528e+01 -1.8688e-01 -4.2303e-01
32 +9.596506552e+00 +9.596506552e+00 +9.749650655e+01 +9.749650655e+01 -2.8401e-01 -4.4735e-01
33 +2.350809949e+00 +2.350809949e+00 +9.025080995e+01 +9.025080995e+01 -2.0784e+00 -5.0208e-01
52 +1.934431161e+00 +1.934431161e+00 +8.983443116e+01 +8.983443116e+01 -2.4331e+00 -4.0057e-01
60 +1.451881595e+00 +1.451881595e+00 +8.935188160e+01 +8.935188160e+01 -2.6116e+00 -5.1280e-01
62 +1.416575227e+00 +1.416575227e+00 +8.931657523e+01 +8.931657523e+01 -3.3010e+00 -3.9983e-01
63 +1.264651957e+00 +1.264651957e+00 +8.916465196e+01 +8.916465196e+01 -3.1862e+00 -4.5801e-01
72 +1.220028127e+00 +1.220028127e+00 +8.912002813e+01 +8.912002813e+01 -2.8175e+00 -5.3442e-01
74 +1.159405510e+00 +1.159405510e+00 +8.905940551e+01 +8.905940551e+01 -3.3415e+00 -5.1997e-01
77 +1.116260076e+00 +1.116260076e+00 +8.901626008e+01 +8.901626008e+01 -3.1423e+00 -5.2614e-01
81 +1.027440751e+00 +1.027440751e+00 +8.892744075e+01 +8.892744075e+01 -2.5696e+00 -7.6311e-01
88 +6.347147277e-01 +6.347147277e-01 +8.853471473e+01 +8.853471473e+01 -2.5856e+00 -1.0371e+00
94 +4.253340268e-01 +4.253340268e-01 +8.832533403e+01 +8.832533403e+01 -3.0652e+00 -9.3812e-01
107 +3.968615977e-01 +3.968615977e-01 +8.829686160e+01 +8.829686160e+01 -3.3082e+00 -9.6859e-01
111 +3.839056496e-01 +3.839056496e-01 +8.828390565e+01 +8.828390565e+01 -3.0567e+00 -9.7259e-01
113 +3.592220737e-01 +3.592220737e-01 +8.825922207e+01 +8.825922207e+01 -3.3526e+00 -1.0127e+00
116 +1.975716318e-01 +1.975716318e-01 +8.809757163e+01 +8.809757163e+01 -2.9904e+00 -1.1742e+00
124 +5.337291347e-02 +5.337291347e-02 +8.795337291e+01 +8.795337291e+01 -2.9376e+00 -1.6145e+00
131 +2.436501517e-02 +2.436501517e-02 +8.792436502e+01 +8.792436502e+01 -3.0295e+00 -1.5075e+00
187 +1.679228913e-02 +1.679228913e-02 +8.791679229e+01 +8.791679229e+01 -3.0444e+00 -1.5386e+00
190 +1.486988992e-02 +1.486988992e-02 +8.791486989e+01 +8.791486989e+01 -3.0644e+00 -1.6492e+00
192 +8.870280268e-03 +8.870280268e-03 +8.790887028e+01 +8.790887028e+01 -3.0917e+00 -1.5250e+00
204 +8.651423733e-03 +8.651423733e-03 +8.790865142e+01 +8.790865142e+01 -3.0749e+00 -1.5991e+00
207 +7.066037639e-03 +7.066037639e-03 +8.790706604e+01 +8.790706604e+01 -3.0976e+00 -1.5340e+00
214 +3.044664691e-03 +3.044664691e-03 +8.790304466e+01 +8.790304466e+01 -3.1115e+00 -1.5882e+00
215 +2.039294161e-03 +2.039294161e-03 +8.790203929e+01 +8.790203929e+01 -3.1411e+00 -1.5450e+00
221 +2.281096609e-04 +2.281096609e-04 +8.790022811e+01 +8.790022811e+01 -3.1513e+00 -1.5812e+00
268 +1.351456721e-04 +1.351456721e-04 +8.790013515e+01 +8.790013515e+01 -3.1726e+00 -1.5725e+00
278 +6.293984764e-05 +6.293984764e-05 +8.790006294e+01 +8.790006294e+01 -3.1612e+00 -1.5764e+00
303 +4.139317767e-06 +4.139317767e-06 +8.790000414e+01 +8.790000414e+01 -3.1670e+00 -1.5843e+00
357 +2.781794308e-06 +2.781794308e-06 +8.790000278e+01 +8.790000278e+01 -3.1657e+00 -1.5809e+00
371 +1.334049401e-06 +1.334049401e-06 +8.790000133e+01 +8.790000133e+01 -3.1653e+00 -1.5821e+00
382 +1.231287428e-07 +1.231287428e-07 +8.790000012e+01 +8.790000012e+01 -3.1666e+00 -1.5827e+00
% function evaluation | noise-free fitness - Fopt (2.199800000000e+02) | best noise-free fitness - Fopt | measured fitness | best measured fitness | x1 | x2...
1 +1.518788672e+01 +1.518788672e+01 +2.351678867e+02 +2.351678867e+02 +0.0000e+00 +0.0000e+00
65 +1.067588823e+01 +1.067588823e+01 +2.306558882e+02 +2.306558882e+02 +7.6433e-01 -5.0132e-01
73 +9.674771040e+00 +9.674771040e+00 +2.296547710e+02 +2.296547710e+02 -8.3463e-01 -1.2707e+00
74 +7.335578592e+00 +7.335578592e+00 +2.273155786e+02 +2.273155786e+02 +1.9221e+00 -1.1991e+00
77 +6.734339684e+00 +6.734339684e+00 +2.267143397e+02 +2.267143397e+02 +6.4594e-01 -1.1917e+00
83 +6.367344297e+00 +6.367344297e+00 +2.263473443e+02 +2.263473443e+02 +8.4077e-01 -1.2416e+00
92 +5.674225809e+00 +5.674225809e+00 +2.256542258e+02 +2.256542258e+02 +5.0881e-01 -1.4341e+00
93 +2.967534916e+00 +2.967534916e+00 +2.229475349e+02 +2.229475349e+02 +1.9711e-01 -5.2635e+00
101 +2.349513092e+00 +2.349513092e+00 +2.223295131e+02 +2.223295131e+02 +1.3672e+00 -2.2615e+00
104 +1.979122860e+00 +1.979122860e+00 +2.219591229e+02 +2.219591229e+02 +5.0960e-01 -2.4520e+00
105 +1.223040591e-01 +1.223040591e-01 +2.201023041e+02 +2.201023041e+02 +1.0891e+00 -3.4123e+00
114 +1.306672742e-02 +1.306672742e-02 +2.199930667e+02 +2.199930667e+02 +9.2253e-01 -3.7306e+00
160 +3.939695634e-03 +3.939695634e-03 +2.199839397e+02 +2.199839397e+02 +9.9983e-01 -3.8105e+00
191 +2.511992605e-05 +2.511992605e-05 +2.199800251e+02 +2.199800251e+02 +1.0382e+00 -3.7596e+00
231 +1.852651468e-05 +1.852651468e-05 +2.199800185e+02 +2.199800185e+02 +1.0333e+00 -3.7533e+00
233 +1.101071933e-05 +1.101071933e-05 +2.199800110e+02 +2.199800110e+02 +1.0304e+00 -3.7569e+00
237 +7.755531271e-06 +7.755531271e-06 +2.199800078e+02 +2.199800078e+02 +1.0309e+00 -3.7581e+00
245 +8.471166950e-07 +8.471166950e-07 +2.199800008e+02 +2.199800008e+02 +1.0344e+00 -3.7581e+00
246 +8.242348883e-07 +8.242348883e-07 +2.199800008e+02 +2.199800008e+02 +1.0331e+00 -3.7584e+00
259 +2.957370384e-07 +2.957370384e-07 +2.199800003e+02 +2.199800003e+02 +1.0339e+00 -3.7580e+00
265 +2.559816892e-07 +2.559816892e-07 +2.199800003e+02 +2.199800003e+02 +1.0332e+00 -3.7572e+00
270 +1.000495331e-07 +1.000495331e-07 +2.199800001e+02 +2.199800001e+02 +1.0333e+00 -3.7574e+00
283 +3.984018804e-08 +3.984018804e-08 +2.199800000e+02 +2.199800000e+02 +1.0335e+00 -3.7574e+00
294 +3.035196983e-08 +3.035196983e-08 +2.199800000e+02 +2.199800000e+02 +1.0334e+00 -3.7577e+00
303 +5.089646038e-09 +5.089646038e-09 +2.199800000e+02 +2.199800000e+02 +1.0336e+00 -3.7575e+00
% function evaluation | noise-free fitness - Fopt (-2.784000000000e+01) | best noise-free fitness - Fopt | measured fitness | best measured fitness | x1 | x2...
1 +5.062935040e+00 +5.062935040e+00 -2.277706496e+01 -2.277706496e+01 +0.0000e+00 +0.0000e+00
44 +4.700296365e+00 +4.700296365e+00 -2.313970363e+01 -2.313970363e+01 +3.6558e-01 +4.3002e+00
50 +1.739690700e-01 +1.739690700e-01 -2.766603093e+01 -2.766603093e+01 -5.2669e-01 +1.8922e+00
73 +5.648282448e-02 +5.648282448e-02 -2.778351718e+01 -2.778351718e+01 -7.5336e-02 +2.3443e+00
77 +2.850581033e-02 +2.850581033e-02 -2.781149419e+01 -2.781149419e+01 -2.4235e-01 +2.3954e+00
88 +2.278178697e-02 +2.278178697e-02 -2.781721821e+01 -2.781721821e+01 -1.9246e-01 +2.3514e+00
89 +8.392802972e-03 +8.392802972e-03 -2.783160720e+01 -2.783160720e+01 -2.2813e-01 +2.3040e+00
100 +3.793776772e-03 +3.793776772e-03 -2.783620622e+01 -2.783620622e+01 -2.5804e-01 +2.2875e+00
102 +2.640923369e-03 +2.640923369e-03 -2.783735908e+01 -2.783735908e+01 -2.6577e-01 +2.2797e+00
111 +1.994534193e-03 +1.994534193e-03 -2.783800547e+01 -2.783800547e+01 -2.5284e-01 +2.2632e+00
112 +1.645937679e-03 +1.645937679e-03 -2.783835406e+01 -2.783835406e+01 -2.6030e-01 +2.2643e+00
114 +2.929776182e-04 +2.929776182e-04 -2.783970702e+01 -2.783970702e+01 -2.7569e-01 +2.2465e+00
133 +1.992050492e-04 +1.992050492e-04 -2.783980079e+01 -2.783980079e+01 -2.9284e-01 +2.2436e+00
136 +1.139716218e-04 +1.139716218e-04 -2.783988603e+01 -2.783988603e+01 -2.8271e-01 +2.2425e+00
147 +1.003620108e-04 +1.003620108e-04 -2.783989964e+01 -2.783989964e+01 -2.9076e-01 +2.2401e+00
160 +2.629966408e-05 +2.629966408e-05 -2.783997370e+01 -2.783997370e+01 -2.8533e-01 +2.2371e+00
165 +1.644418159e-05 +1.644418159e-05 -2.783998356e+01 -2.783998356e+01 -2.8313e-01 +2.2357e+00
177 +6.928978650e-06 +6.928978650e-06 -2.783999307e+01 -2.783999307e+01 -2.8243e-01 +2.2331e+00
188 +3.811146300e-06 +3.811146300e-06 -2.783999619e+01 -2.783999619e+01 -2.8480e-01 +2.2340e+00
191 +2.139041811e-06 +2.139041811e-06 -2.783999786e+01 -2.783999786e+01 -2.8610e-01 +2.2313e+00
196 +3.714642354e-07 +3.714642354e-07 -2.783999963e+01 -2.783999963e+01 -2.8527e-01 +2.2324e+00
215 +1.423061562e-07 +1.423061562e-07 -2.783999986e+01 -2.783999986e+01 -2.8451e-01 +2.2322e+00
268 +1.204545477e-07 +1.204545477e-07 -2.783999988e+01 -2.783999988e+01 -2.8477e-01 +2.2323e+00
274 +2.974762126e-08 +2.974762126e-08 -2.783999997e+01 -2.783999997e+01 -2.8494e-01 +2.2319e+00
275 +2.129651833e-08 +2.129651833e-08 -2.783999998e+01 -2.783999998e+01 -2.8493e-01 +2.2321e+00
281 +1.089546942e-08 +1.089546942e-08 -2.783999999e+01 -2.783999999e+01 -2.8483e-01 +2.2319e+00
282 +8.782247818e-09 +8.782247818e-09 -2.783999999e+01 -2.783999999e+01 -2.8488e-01 +2.2320e+00
% function evaluation | noise-free fitness - Fopt (2.027000000000e+01) | best noise-free fitness - Fopt | measured fitness | best measured fitness | x1 | x2...
1 +1.044205376e+01 +1.044205376e+01 +3.071205376e+01 +3.071205376e+01 +0.0000e+00 +0.0000e+00
64 +1.031922068e+00 +1.031922068e+00 +2.130192207e+01 +2.130192207e+01 +2.3401e+00 -1.8613e+00
83 +6.956129350e-01 +6.956129350e-01 +2.096561293e+01 +2.096561293e+01 +2.2202e+00 -9.2648e-01
103 +3.978985002e-01 +3.978985002e-01 +2.066789850e+01 +2.066789850e+01 +2.4141e+00 -1.2443e+00
118 +3.395413175e-03 +3.395413175e-03 +2.027339541e+01 +2.027339541e+01 +2.9809e+00 -1.0897e+00
173 +2.637369703e-03 +2.637369703e-03 +2.027263737e+01 +2.027263737e+01 +3.0021e+00 -1.1593e+00
178 +9.547129974e-04 +9.547129974e-04 +2.027095471e+01 +2.027095471e+01 +3.0013e+00 -1.1146e+00
185 +2.109948920e-04 +2.109948920e-04 +2.027021099e+01 +2.027021099e+01 +3.0271e+00 -1.1313e+00
193 +1.873014354e-04 +1.873014354e-04 +2.027018730e+01 +2.027018730e+01 +3.0413e+00 -1.1276e+00
196 +8.683116542e-05 +8.683116542e-05 +2.027008683e+01 +2.027008683e+01 +3.0281e+00 -1.1091e+00
205 +7.190595217e-05 +7.190595217e-05 +2.027007191e+01 +2.027007191e+01 +3.0239e+00 -1.1200e+00
275 +7.018277618e-05 +7.018277618e-05 +2.027007018e+01 +2.027007018e+01 +3.0306e+00 -1.1093e+00
282 +6.806782622e-05 +6.806782622e-05 +2.027006807e+01 +2.027006807e+01 +3.0279e+00 -1.1104e+00
284 +4.715855444e-05 +4.715855444e-05 +2.027004716e+01 +2.027004716e+01 +3.0268e+00 -1.1132e+00
299 +3.293448180e-05 +3.293448180e-05 +2.027003293e+01 +2.027003293e+01 +3.0326e+00 -1.1119e+00
302 +9.646641544e-06 +9.646641544e-06 +2.027000965e+01 +2.027000965e+01 +3.0305e+00 -1.1149e+00
304 +5.359053031e-06 +5.359053031e-06 +2.027000536e+01 +2.027000536e+01 +3.0303e+00 -1.1161e+00
320 +1.168868124e-06 +1.168868124e-06 +2.027000117e+01 +2.027000117e+01 +3.0318e+00 -1.1165e+00
322 +6.233391545e-07 +6.233391545e-07 +2.027000062e+01 +2.027000062e+01 +3.0313e+00 -1.1180e+00
324 +3.638539425e-08 +3.638539425e-08 +2.027000004e+01 +2.027000004e+01 +3.0321e+00 -1.1178e+00
341 +1.519524417e-08 +1.519524417e-08 +2.027000002e+01 +2.027000002e+01 +3.0320e+00 -1.1175e+00
352 +2.374296315e-09 +2.374296315e-09 +2.027000000e+01 +2.027000000e+01 +3.0320e+00 -1.1176e+00
% function evaluation | noise-free fitness - Fopt (9.302900000000e+02) | best noise-free fitness - Fopt | measured fitness | best measured fitness | x1 | x2...
1 +3.759088640e+00 +3.759088640e+00 +9.340490886e+02 +9.340490886e+02 +0.0000e+00 +0.0000e+00
90 +4.400450325e-01 +4.400450325e-01 +9.307300450e+02 +9.307300450e+02 -9.6994e-01 -1.1922e+00
113 +1.453293828e-01 +1.453293828e-01 +9.304353294e+02 +9.304353294e+02 -1.3423e+00 -1.3243e+00
127 +7.280673118e-02 +7.280673118e-02 +9.303628067e+02 +9.303628067e+02 -1.8122e+00 -1.2542e+00
133 +2.893099245e-02 +2.893099245e-02 +9.303189310e+02 +9.303189310e+02 -1.4653e+00 -9.9511e-01
140 +2.993578862e-03 +2.993578862e-03 +9.302929936e+02 +9.302929936e+02 -1.5662e+00 -1.0609e+00
164 +1.377266103e-03 +1.377266103e-03 +9.302913773e+02 +9.302913773e+02 -1.5861e+00 -1.0772e+00
175 +9.842776485e-04 +9.842776485e-04 +9.302909843e+02 +9.302909843e+02 -1.5894e+00 -1.0634e+00
193 +3.740431315e-04 +3.740431315e-04 +9.302903740e+02 +9.302903740e+02 -1.6104e+00 -1.0803e+00
202 +1.910758705e-04 +1.910758705e-04 +9.302901911e+02 +9.302901911e+02 -1.6070e+00 -1.0652e+00
208 +1.899581283e-04 +1.899581283e-04 +9.302901900e+02 +9.302901900e+02 -1.6088e+00 -1.0708e+00
216 +8.984559702e-05 +8.984559702e-05 +9.302900898e+02 +9.302900898e+02 -1.6160e+00 -1.0558e+00
218 +2.396951083e-05 +2.396951083e-05 +9.302900240e+02 +9.302900240e+02 -1.6175e+00 -1.0677e+00
236 +1.598572578e-05 +1.598572578e-05 +9.302900160e+02 +9.302900160e+02 -1.6168e+00 -1.0641e+00
256 +1.532348938e-05 +1.532348938e-05 +9.302900153e+02 +9.302900153e+02 -1.6190e+00 -1.0675e+00
264 +9.734019045e-06 +9.734019045e-06 +9.302900097e+02 +9.302900097e+02 -1.6192e+00 -1.0667e+00
268 +2.957225433e-06 +2.957225433e-06 +9.302900030e+02 +9.302900030e+02 -1.6191e+00 -1.0642e+00
274 +2.585271886e-06 +2.585271886e-06 +9.302900026e+02 +9.302900026e+02 -1.6198e+00 -1.0653e+00
287 +2.519313398e-06 +2.519313398e-06 +9.302900025e+02 +9.302900025e+02 -1.6200e+00 -1.0654e+00
294 +2.194629246e-06 +2.194629246e-06 +9.302900022e+02 +9.302900022e+02 -1.6201e+00 -1.0653e+00
301 +1.560564669e-06 +1.560564669e-06 +9.302900016e+02 +9.302900016e+02 -1.6206e+00 -1.0652e+00
305 +3.553557235e-07 +3.553557235e-07 +9.302900004e+02 +9.302900004e+02 -1.6205e+00 -1.0645e+00
306 +2.482529453e-07 +2.482529453e-07 +9.302900002e+02 +9.302900002e+02 -1.6205e+00 -1.0644e+00
327 +2.333512157e-07 +2.333512157e-07 +9.302900002e+02 +9.302900002e+02 -1.6203e+00 -1.0639e+00
340 +6.973505151e-08 +6.973505151e-08 +9.302900001e+02 +9.302900001e+02 -1.6206e+00 -1.0639e+00
342 +6.109928563e-08 +6.109928563e-08 +9.302900001e+02 +9.302900001e+02 -1.6207e+00 -1.0638e+00
344 +1.619105205e-08 +1.619105205e-08 +9.302900000e+02 +9.302900000e+02 -1.6209e+00 -1.0640e+00
359 +2.771116669e-09 +2.771116669e-09 +9.302900000e+02 +9.302900000e+02 -1.6208e+00 -1.0639e+00
% function evaluation | noise-free fitness - Fopt (7.786100000000e+02) | best noise-free fitness - Fopt | measured fitness | best measured fitness | x1 | x2...
1 +2.925831808e+01 +2.925831808e+01 +8.078683181e+02 +8.078683181e+02 +0.0000e+00 +0.0000e+00
2 +9.431932734e+00 +9.431932734e+00 +7.880419327e+02 +7.880419327e+02 -3.1960e+00 -8.1240e-01
13 +8.948852666e+00 +8.948852666e+00 +7.875588527e+02 +7.875588527e+02 -3.2063e+00 -8.9167e-01
26 +8.513210129e+00 +8.513210129e+00 +7.871232101e+02 +7.871232101e+02 -3.2030e+00 -9.6785e-01
32 +7.729360485e+00 +7.729360485e+00 +7.863393605e+02 +7.863393605e+02 -3.1979e+00 -1.1101e+00
33 +6.882364872e+00 +6.882364872e+00 +7.854923649e+02 +7.854923649e+02 -3.1985e+00 -1.2712e+00
46 +5.243636962e+00 +5.243636962e+00 +7.838536370e+02 +7.838536370e+02 -3.2051e+00 -1.6146e+00
49 +8.544757953e-01 +8.544757953e-01 +7.794644758e+02 +7.794644758e+02 -3.1986e+00 -3.1443e+00
61 +4.823307891e-01 +4.823307891e-01 +7.790923308e+02 +7.790923308e+02 -3.1976e+00 -3.5359e+00
72 +4.525466591e-01 +4.525466591e-01 +7.790625467e+02 +7.790625467e+02 -3.2018e+00 -3.5837e+00
79 +2.650671289e-01 +2.650671289e-01 +7.788750671e+02 +7.788750671e+02 -3.3636e+00 -3.6049e+00
107 +2.176455268e-01 +2.176455268e-01 +7.788276455e+02 +7.788276455e+02 -3.3916e+00 -3.6651e+00
112 +1.032179779e-01 +1.032179779e-01 +7.787132180e+02 +7.787132180e+02 -4.1444e+00 -3.7385e+00
119 +9.386112331e-02 +9.386112331e-02 +7.787038611e+02 +7.787038611e+02 -3.5514e+00 -3.6958e+00
125 +5.264667474e-02 +5.264667474e-02 +7.786626467e+02 +7.786626467e+02 -4.0261e+00 -3.6931e+00
126 +5.568789519e-03 +5.568789519e-03 +7.786155688e+02 +7.786155688e+02 -3.8194e+00 -3.7434e+00
184 +1.457538318e-03 +1.457538318e-03 +7.786114575e+02 +7.786114575e+02 -3.8170e+00 -3.8515e+00
199 +6.348164152e-04 +6.348164152e-04 +7.786106348e+02 +7.786106348e+02 -3.8078e+00 -3.8135e+00
202 +2.382230250e-04 +2.382230250e-04 +7.786102382e+02 +7.786102382e+02 -3.8386e+00 -3.8311e+00
208 +2.094451058e-04 +2.094451058e-04 +7.786102094e+02 +7.786102094e+02 -3.8432e+00 -3.8268e+00
220 +6.383696802e-05 +6.383696802e-05 +7.786100638e+02 +7.786100638e+02 -3.8407e+00 -3.8153e+00
239 +4.925336259e-05 +4.925336259e-05 +7.786100493e+02 +7.786100493e+02 -3.8380e+00 -3.8216e+00
241 +4.179747702e-05 +4.179747702e-05 +7.786100418e+02 +7.786100418e+02 -3.8390e+00 -3.8185e+00
259 +4.124101224e-05 +4.124101224e-05 +7.786100412e+02 +7.786100412e+02 -3.8386e+00 -3.8195e+00
283 +3.817406878e-05 +3.817406878e-05 +7.786100382e+02 +7.786100382e+02 -3.8388e+00 -3.8183e+00
289 +2.344683651e-05 +2.344683651e-05 +7.786100234e+02 +7.786100234e+02 -3.8376e+00 -3.8164e+00
303 +1.578206036e-05 +1.578206036e-05 +7.786100158e+02 +7.786100158e+02 -3.8367e+00 -3.8176e+00
304 +5.652891332e-06 +5.652891332e-06 +7.786100057e+02 +7.786100057e+02 -3.8311e+00 -3.8184e+00
312 +8.475002460e-07 +8.475002460e-07 +7.786100008e+02 +7.786100008e+02 -3.8326e+00 -3.8159e+00
325 +5.096992481e-07 +5.096992481e-07 +7.786100005e+02 +7.786100005e+02 -3.8323e+00 -3.8163e+00
332 +4.081215366e-07 +4.081215366e-07 +7.786100004e+02 +7.786100004e+02 -3.8325e+00 -3.8162e+00
336 +3.907131259e-07 +3.907131259e-07 +7.786100004e+02 +7.786100004e+02 -3.8328e+00 -3.8162e+00
339 +2.626613878e-07 +2.626613878e-07 +7.786100003e+02 +7.786100003e+02 -3.8323e+00 -3.8170e+00
342 +2.563657517e-07 +2.563657517e-07 +7.786100003e+02 +7.786100003e+02 -3.8325e+00 -3.8172e+00
352 +1.850899025e-07 +1.850899025e-07 +7.786100002e+02 +7.786100002e+02 -3.8324e+00 -3.8169e+00
357 +1.328922963e-07 +1.328922963e-07 +7.786100001e+02 +7.786100001e+02 -3.8324e+00 -3.8168e+00
361 +1.198906148e-07 +1.198906148e-07 +7.786100001e+02 +7.786100001e+02 -3.8325e+00 -3.8169e+00
369 +5.656045232e-08 +5.656045232e-08 +7.786100001e+02 +7.786100001e+02 -3.8326e+00 -3.8168e+00
379 +3.969705631e-08 +3.969705631e-08 +7.786100000e+02 +7.786100000e+02 -3.8326e+00 -3.8169e+00
381 +3.610330168e-08 +3.610330168e-08 +7.786100000e+02 +7.786100000e+02 -3.8326e+00 -3.8169e+00
388 +3.054958597e-08 +3.054958597e-08 +7.786100000e+02 +7.786100000e+02 -3.8327e+00 -3.8169e+00
390 +2.528042842e-08 +2.528042842e-08 +7.786100000e+02 +7.786100000e+02 -3.8326e+00 -3.8168e+00
392 +2.473507266e-08 +2.473507266e-08 +7.786100000e+02 +7.786100000e+02 -3.8327e+00 -3.8169e+00
395 +2.686761036e-09 +2.686761036e-09 +7.786100000e+02 +7.786100000e+02 -3.8328e+00 -3.8168e+00
% function evaluation | noise-free fitness - Fopt (-2.051000000000e+01) | best noise-free fitness - Fopt | measured fitness | best measured fitness | x1 | x2...
1 +1.479755008e+01 +1.479755008e+01 -5.712449920e+00 -5.712449920e+00 +0.0000e+00 +0.0000e+00
102 +1.149572581e+01 +1.149572581e+01 -9.014274192e+00 -9.014274192e+00 -2.8439e+00 -1.4833e+00
114 +1.826603667e+00 +1.826603667e+00 -1.868339633e+01 -1.868339633e+01 -3.0500e+00 +5.5248e-01
122 +2.190739374e-01 +2.190739374e-01 -2.029092606e+01 -2.029092606e+01 -2.9904e+00 +1.5841e+00
128 +5.103934277e-02 +5.103934277e-02 -2.045896066e+01 -2.045896066e+01 -3.1475e+00 +1.9345e+00
135 +4.454356662e-02 +4.454356662e-02 -2.046545643e+01 -2.046545643e+01 -3.1557e+00 +1.9057e+00
136 +2.505512698e-02 +2.505512698e-02 -2.048494487e+01 -2.048494487e+01 -3.2908e+00 +1.7264e+00
137 +1.230979512e-02 +1.230979512e-02 -2.049769020e+01 -2.049769020e+01 -3.2757e+00 +1.7990e+00
141 +1.004084236e-02 +1.004084236e-02 -2.049995916e+01 -2.049995916e+01 -3.2696e+00 +1.8314e+00
142 +7.871592590e-03 +7.871592590e-03 -2.050212841e+01 -2.050212841e+01 -3.2750e+00 +1.8575e+00
158 +5.222233887e-03 +5.222233887e-03 -2.050477777e+01 -2.050477777e+01 -3.2954e+00 +1.8421e+00
169 +7.678068597e-04 +7.678068597e-04 -2.050923219e+01 -2.050923219e+01 -3.3583e+00 +1.8399e+00
188 +5.359181445e-04 +5.359181445e-04 -2.050946408e+01 -2.050946408e+01 -3.3402e+00 +1.8649e+00
193 +4.815903764e-04 +4.815903764e-04 -2.050951841e+01 -2.050951841e+01 -3.3437e+00 +1.8571e+00
204 +1.682162212e-04 +1.682162212e-04 -2.050983178e+01 -2.050983178e+01 -3.3734e+00 +1.8592e+00
213 +2.813141813e-05 +2.813141813e-05 -2.050997187e+01 -2.050997187e+01 -3.3604e+00 +1.8627e+00
223 +1.845314677e-05 +1.845314677e-05 -2.050998155e+01 -2.050998155e+01 -3.3621e+00 +1.8631e+00
226 +9.063399609e-06 +9.063399609e-06 -2.050999094e+01 -2.050999094e+01 -3.3633e+00 +1.8702e+00
234 +7.339347263e-06 +7.339347263e-06 -2.050999266e+01 -2.050999266e+01 -3.3605e+00 +1.8669e+00
239 +6.829365731e-06 +6.829365731e-06 -2.050999317e+01 -2.050999317e+01 -3.3627e+00 +1.8698e+00
252 +2.825565673e-06 +2.825565673e-06 -2.050999717e+01 -2.050999717e+01 -3.3648e+00 +1.8665e+00
255 +1.093429809e-07 +1.093429809e-07 -2.050999989e+01 -2.050999989e+01 -3.3633e+00 +1.8669e+00
362 +7.625674669e-08 +7.625674669e-08 -2.050999992e+01 -2.050999992e+01 -3.3629e+00 +1.8672e+00
373 +2.297040425e-08 +2.297040425e-08 -2.050999998e+01 -2.050999998e+01 -3.3631e+00 +1.8672e+00
382 +1.491405044e-08 +1.491405044e-08 -2.050999999e+01 -2.050999999e+01 -3.3631e+00 +1.8672e+00
383 +3.196333864e-09 +3.196333864e-09 -2.051000000e+01 -2.051000000e+01 -3.3632e+00 +1.8672e+00
% function evaluation | noise-free fitness - Fopt (-1.000000000000e+03) | best noise-free fitness - Fopt | measured fitness | best measured fitness | x1 | x2...
1 +1.160852800e+01 +1.160852800e+01 -9.883914720e+02 -9.883914720e+02 +0.0000e+00 +0.0000e+00
83 +1.049214839e+01 +1.049214839e+01 -9.895078516e+02 -9.895078516e+02 +4.4987e+00 -7.4047e-02
84 +8.235669745e+00 +8.235669745e+00 -9.917643303e+02 -9.917643303e+02 +3.9487e+00 -1.9905e-02
88 +2.475020078e-01 +2.475020078e-01 -9.997524980e+02 -9.997524980e+02 +2.0490e+00 +2.7433e+00
96 +2.239910260e-01 +2.239910260e-01 -9.997760090e+02 -9.997760090e+02 +2.7587e+00 +2.0809e+00
241 +1.794621582e-01 +1.794621582e-01 -9.998205378e+02 -9.998205378e+02 +2.8371e+00 +2.3948e+00
242 +1.428076784e-01 +1.428076784e-01 -9.998571923e+02 -9.998571923e+02 +2.7521e+00 +2.5727e+00
248 +9.090250453e-02 +9.090250453e-02 -9.999090975e+02 -9.999090975e+02 +2.6214e+00 +2.6232e+00
251 +1.483963600e-02 +1.483963600e-02 -9.999851604e+02 -9.999851604e+02 +2.2949e+00 +2.4321e+00
257 +7.497697464e-03 +7.497697464e-03 -9.999925023e+02 -9.999925023e+02 +2.3454e+00 +2.4582e+00
289 +1.643322884e-03 +1.643322884e-03 -9.999983567e+02 -9.999983567e+02 +2.3856e+00 +2.4342e+00
297 +1.428295167e-03 +1.428295167e-03 -9.999985717e+02 -9.999985717e+02 +2.4212e+00 +2.4418e+00
332 +4.679334103e-04 +4.679334103e-04 -9.999995321e+02 -9.999995321e+02 +2.4328e+00 +2.4148e+00
343 +1.974173297e-04 +1.974173297e-04 -9.999998026e+02 -9.999998026e+02 +2.4102e+00 +2.4184e+00
379 +1.676467434e-04 +1.676467434e-04 -9.999998324e+02 -9.999998324e+02 +2.4159e+00 +2.4175e+00
384 +1.605389878e-04 +1.605389878e-04 -9.999998395e+02 -9.999998395e+02 +2.4169e+00 +2.4170e+00
387 +1.236773198e-04 +1.236773198e-04 -9.999998763e+02 -9.999998763e+02 +2.4119e+00 +2.4158e+00
399 +8.248044753e-05 +8.248044753e-05 -9.999999175e+02 -9.999999175e+02 +2.4144e+00 +2.4138e+00
% function evaluation | noise-free fitness - Fopt (-1.730800000000e+02) | best noise-free fitness - Fopt | measured fitness | best measured fitness | x1 | x2...
1 +2.612778624e+01 +2.612778624e+01 -1.469522138e+02 -1.469522138e+02 +0.0000e+00 +0.0000e+00
2 +9.982692267e+00 +9.982692267e+00 -1.630973077e+02 -1.630973077e+02 -4.7810e-01 -3.9743e+00
27 +9.196056016e+00 +9.196056016e+00 -1.638839440e+02 -1.638839440e+02 -5.8976e-01 -3.7939e+00
34 +8.609429118e+00 +8.609429118e+00 -1.644705709e+02 -1.644705709e+02 -6.8981e-01 -3.8173e+00
38 +8.111109029e+00 +8.111109029e+00 -1.649688910e+02 -1.649688910e+02 -7.8286e-01 -3.8946e+00
39 +6.283518212e+00 +6.283518212e+00 -1.667964818e+02 -1.667964818e+02 -1.1109e+00 -3.5506e+00
52 +1.083128714e+00 +1.083128714e+00 -1.719968713e+02 -1.719968713e+02 -4.6554e+00 -3.6782e+00
57 +9.636072959e-01 +9.636072959e-01 -1.721163927e+02 -1.721163927e+02 -2.7346e+00 -4.0425e+00
66 +1.444548438e-01 +1.444548438e-01 -1.729355452e+02 -1.729355452e+02 -3.3145e+00 -3.8423e+00
73 +8.077984678e-02 +8.077984678e-02 -1.729992202e+02 -1.729992202e+02 -3.5074e+00 -3.8743e+00
133 +5.549144839e-02 +5.549144839e-02 -1.730245086e+02 -1.730245086e+02 -3.6273e+00 -3.8473e+00
143 +3.046655197e-03 +3.046655197e-03 -1.730769533e+02 -1.730769533e+02 -3.5676e+00 -3.6371e+00
175 +2.943891994e-03 +2.943891994e-03 -1.730770561e+02 -1.730770561e+02 -3.6669e+00 -3.5911e+00
180 +1.975584481e-04 +1.975584481e-04 -1.730798024e+02 -1.730798024e+02 -3.6295e+00 -3.6060e+00
217 +8.696457562e-05 +8.696457562e-05 -1.730799130e+02 -1.730799130e+02 -3.6241e+00 -3.6062e+00
224 +6.997386419e-05 +6.997386419e-05 -1.730799300e+02 -1.730799300e+02 -3.6182e+00 -3.6037e+00
235 +4.496592624e-05 +4.496592624e-05 -1.730799550e+02 -1.730799550e+02 -3.6183e+00 -3.6055e+00
246 +3.127470802e-05 +3.127470802e-05 -1.730799687e+02 -1.730799687e+02 -3.6181e+00 -3.6066e+00
250 +3.087376902e-05 +3.087376902e-05 -1.730799691e+02 -1.730799691e+02 -3.6172e+00 -3.6065e+00
251 +9.757183648e-07 +9.757183648e-07 -1.730799990e+02 -1.730799990e+02 -3.6178e+00 -3.6122e+00
279 +5.724510288e-08 +5.724510288e-08 -1.730799999e+02 -1.730799999e+02 -3.6167e+00 -3.6122e+00
314 +6.409152320e-09 +6.409152320e-09 -1.730800000e+02 -1.730800000e+02 -3.6167e+00 -3.6120e+00
% function evaluation | noise-free fitness - Fopt (5.309000000000e+01) | best noise-free fitness - Fopt | measured fitness | best measured fitness | x1 | x2...
1 +1.472637760e+01 +1.472637760e+01 +6.781637760e+01 +6.781637760e+01 +0.0000e+00 +0.0000e+00
62 +5.252386839e+00 +5.252386839e+00 +5.834238684e+01 +5.834238684e+01 -3.4701e+00 -4.6868e+00
74 +5.102325922e+00 +5.102325922e+00 +5.819232592e+01 +5.819232592e+01 -3.4954e+00 -4.5717e+00
78 +3.820961318e+00 +3.820961318e+00 +5.691096132e+01 +5.691096132e+01 -3.2818e+00 -2.7628e+00
81 +3.585832971e+00 +3.585832971e+00 +5.667583297e+01 +5.667583297e+01 -3.3798e+00 -3.4758e+00
86 +2.056573309e+00 +2.056573309e+00 +5.514657331e+01 +5.514657331e+01 -2.9212e+00 -3.5490e+00
87 +5.366306532e-02 +5.366306532e-02 +5.314366307e+01 +5.314366307e+01 -1.7025e+00 -3.6232e+00
142 +2.556468243e-02 +2.556468243e-02 +5.311556468e+01 +5.311556468e+01 -1.6447e+00 -3.5100e+00
144 +2.138808678e-02 +2.138808678e-02 +5.311138809e+01 +5.311138809e+01 -1.6012e+00 -3.4460e+00
151 +1.315567819e-02 +1.315567819e-02 +5.310315568e+01 +5.310315568e+01 -1.5965e+00 -3.5723e+00
155 +1.079375965e-02 +1.079375965e-02 +5.310079376e+01 +5.310079376e+01 -1.5876e+00 -3.5108e+00
163 +7.491678971e-03 +7.491678971e-03 +5.309749168e+01 +5.309749168e+01 -1.5733e+00 -3.5291e+00
165 +7.002365034e-05 +7.002365034e-05 +5.309007002e+01 +5.309007002e+01 -1.4954e+00 -3.5392e+00
203 +3.663273880e-06 +3.663273880e-06 +5.309000366e+01 +5.309000366e+01 -1.4891e+00 -3.5381e+00
232 +2.880963891e-06 +2.880963891e-06 +5.309000288e+01 +5.309000288e+01 -1.4859e+00 -3.5387e+00
244 +9.090203292e-07 +9.090203292e-07 +5.309000091e+01 +5.309000091e+01 -1.4864e+00 -3.5381e+00
248 +7.841131833e-07 +7.841131833e-07 +5.309000078e+01 +5.309000078e+01 -1.4877e+00 -3.5369e+00
255 +5.024331529e-07 +5.024331529e-07 +5.309000050e+01 +5.309000050e+01 -1.4865e+00 -3.5374e+00
257 +4.009708547e-07 +4.009708547e-07 +5.309000040e+01 +5.309000040e+01 -1.4868e+00 -3.5372e+00
261 +2.386857929e-07 +2.386857929e-07 +5.309000024e+01 +5.309000024e+01 -1.4871e+00 -3.5381e+00
269 +1.971546908e-07 +1.971546908e-07 +5.309000020e+01 +5.309000020e+01 -1.4868e+00 -3.5374e+00
270 +7.469773777e-08 +7.469773777e-08 +5.309000007e+01 +5.309000007e+01 -1.4869e+00 -3.5377e+00
289 +2.799788490e-08 +2.799788490e-08 +5.309000003e+01 +5.309000003e+01 -1.4870e+00 -3.5376e+00
304 +1.208798039e-08 +1.208798039e-08 +5.309000001e+01 +5.309000001e+01 -1.4873e+00 -3.5376e+00
318 +1.024918816e-08 +1.024918816e-08 +5.309000001e+01 +5.309000001e+01 -1.4872e+00 -3.5375e+00
319 +3.864265352e-09 +3.864265352e-09 +5.309000000e+01 +5.309000000e+01 -1.4872e+00 -3.5375e+00
