% function evaluation | noise-free fitness - Fopt (-6.211100000000e+02) | best noise-free fitness - Fopt | measured fitness | best measured fitness | x1 | x2...
1 +2.538036525e+08 +2.538036525e+08 +2.538030314e+08 +2.538030314e+08 +0.0000e+00 +0.0000e+00
103 +1.927252583e+08 +1.927252583e+08 +1.927246372e+08 +1.927246372e+08 -4.3715e+00 +1.8969e-01
112 +9.584254373e+06 +9.584254373e+06 +9.583633263e+06 +9.583633263e+06 -4.5481e+00 +2.0332e+00
123 +5.033021252e+06 +5.033021252e+06 +5.032400142e+06 +5.032400142e+06 -4.7262e+00 +2.3409e+00
125 +5.554297827e+05 +5.554297827e+05 +5.548086727e+05 +5.548086727e+05 -4.5457e+00 +4.7183e+00
132 +8.212312461e+04 +8.212312461e+04 +8.150201461e+04 +8.150201461e+04 -4.5819e+00 +3.5862e+00
139 +7.877315418e+04 +7.877315418e+04 +7.815204418e+04 +7.815204418e+04 -4.6042e+00 +3.5929e+00
140 +3.525465368e+03 +3.525465368e+03 +2.904355368e+03 +2.904355368e+03 -4.5618e+00 +3.8837e+00
153 +2.799294788e+02 +2.799294788e+02 -3.411805212e+02 -3.411805212e+02 -4.0009e+00 +3.9922e+00
158 +1.732869453e+01 +1.732869453e+01 -6.037813055e+02 -6.037813055e+02 -4.9769e+00 +3.9691e+00
162 +9.990503096e+00 +9.990503096e+00 -6.111194969e+02 -6.111194969e+02 -2.6939e+00 +3.9779e+00
173 +8.647930481e+00 +8.647930481e+00 -6.124620695e+02 -6.124620695e+02 -3.2321e+00 +3.9759e+00
184 +6.607225873e+00 +6.607225873e+00 -6.145027741e+02 -6.145027741e+02 -3.4109e+00 +3.9779e+00
193 +5.880005032e+00 +5.880005032e+00 -6.152299950e+02 -6.152299950e+02 -3.0058e+00 +3.9811e+00
211 +5.217288489e+00 +5.217288489e+00 -6.158927115e+02 -6.158927115e+02 -2.8451e+00 +3.9789e+00
213 +4.420072353e+00 +4.420072353e+00 -6.166899276e+02 -6.166899276e+02 -2.9230e+00 +3.9793e+00
222 +4.250432060e+00 +4.250432060e+00 -6.168595679e+02 -6.168595679e+02 -2.9097e+00 +3.9795e+00
229 +4.063952945e+00 +4.063952945e+00 -6.170460471e+02 -6.170460471e+02 -2.8462e+00 +3.9798e+00
250 +3.936762257e+00 +3.936762257e+00 -6.171732377e+02 -6.171732377e+02 -2.8759e+00 +3.9803e+00
262 +3.877991387e+00 +3.877991387e+00 -6.172320086e+02 -6.172320086e+02 -2.8544e+00 +3.9802e+00
269 +3.748911839e+00 +3.748911839e+00 -6.173610882e+02 -6.173610882e+02 -2.8090e+00 +3.9803e+00
286 +3.696036831e+00 +3.696036831e+00 -6.174139632e+02 -6.174139632e+02 -2.8122e+00 +3.9805e+00
294 +3.620474974e+00 +3.620474974e+00 -6.174895250e+02 -6.174895250e+02 -2.7783e+00 +3.9805e+00
302 +3.530659703e+00 +3.530659703e+00 -6.175793403e+02 -6.175793403e+02 -2.7677e+00 +3.9807e+00
343 +3.411853182e+00 +3.411853182e+00 -6.176981468e+02 -6.176981468e+02 -2.7064e+00 +3.9808e+00
347 +3.387016971e+00 +3.387016971e+00 -6.177229830e+02 -6.177229830e+02 -2.7004e+00 +3.9808e+00
372 +3.296782580e+00 +3.296782580e+00 -6.178132174e+02 -6.178132174e+02 -2.7076e+00 +3.9812e+00
408 +3.235527016e+00 +3.235527016e+00 -6.178744730e+02 -6.178744730e+02 -2.6642e+00 +3.9811e+00
443 +3.140349728e+00 +3.140349728e+00 -6.179696503e+02 -6.179696503e+02 -2.6546e+00 +3.9813e+00
459 +3.030807213e+00 +3.030807213e+00 -6.180791928e+02 -6.180791928e+02 -2.6321e+00 +3.9816e+00
466 +2.843334729e+00 +2.843334729e+00 -6.182666653e+02 -6.182666653e+02 -2.5564e+00 +3.9817e+00
503 +2.764188236e+00 +2.764188236e+00 -6.183458118e+02 -6.183458118e+02 -2.5479e+00 +3.9819e+00
507 +2.746169919e+00 +2.746169919e+00 -6.183638301e+02 -6.183638301e+02 -2.5453e+00 +3.9820e+00
510 +2.593792409e+00 +2.593792409e+00 -6.185162076e+02 -6.185162076e+02 -2.3826e+00 +3.9823e+00
514 +2.515616060e+00 +2.515616060e+00 -6.185943839e+02 -6.185943839e+02 -2.4694e+00 +3.9824e+00
518 +2.420300155e+00 +2.420300155e+00 -6.186896998e+02 -6.186896998e+02 -2.4356e+00 +3.9825e+00
532 +2.305568418e+00 +2.305568418e+00 -6.188044316e+02 -6.188044316e+02 -2.3995e+00 +3.9827e+00
545 +2.264240307e+00 +2.264240307e+00 -6.188457597e+02 -6.188457597e+02 -2.3383e+00 +3.9828e+00
548 +1.902173699e+00 +1.902173699e+00 -6.192078263e+02 -6.192078263e+02 -2.0282e+00 +3.9841e+00
556 +1.702283953e+00 +1.702283953e+00 -6.194077160e+02 -6.194077160e+02 -2.1948e+00 +3.9842e+00
574 +1.638533601e+00 +1.638533601e+00 -6.194714664e+02 -6.194714664e+02 -2.1596e+00 +3.9841e+00
589 +1.596890359e+00 +1.596890359e+00 -6.195131096e+02 -6.195131096e+02 -2.1527e+00 +3.9842e+00
614 +1.582362596e+00 +1.582362596e+00 -6.195276374e+02 -6.195276374e+02 -2.1469e+00 +3.9843e+00
623 +1.521342823e+00 +1.521342823e+00 -6.195886572e+02 -6.195886572e+02 -2.1114e+00 +3.9844e+00
633 +1.484816193e+00 +1.484816193e+00 -6.196251838e+02 -6.196251838e+02 -2.0973e+00 +3.9844e+00
653 +1.456161736e+00 +1.456161736e+00 -6.196538383e+02 -6.196538383e+02 -2.0981e+00 +3.9846e+00
671 +1.429906156e+00 +1.429906156e+00 -6.196800938e+02 -6.196800938e+02 -2.0877e+00 +3.9847e+00
722 +1.411775760e+00 +1.411775760e+00 -6.196982242e+02 -6.196982242e+02 -2.0801e+00 +3.9848e+00
751 +1.180208190e+00 +1.180208190e+00 -6.199297918e+02 -6.199297918e+02 -1.9616e+00 +3.9852e+00
766 +1.164542769e+00 +1.164542769e+00 -6.199454572e+02 -6.199454572e+02 -1.9660e+00 +3.9853e+00
773 +1.140917961e+00 +1.140917961e+00 -6.199690820e+02 -6.199690820e+02 -1.9599e+00 +3.9854e+00
783 +1.088869843e+00 +1.088869843e+00 -6.200211302e+02 -6.200211302e+02 -1.9338e+00 +3.9855e+00
784 +1.023199095e+00 +1.023199095e+00 -6.200868009e+02 -6.200868009e+02 -1.8961e+00 +3.9856e+00
792 +9.991866645e-01 +9.991866645e-01 -6.201108133e+02 -6.201108133e+02 -1.8916e+00 +3.9858e+00
801 +9.670968286e-01 +9.670968286e-01 -6.201429032e+02 -6.201429032e+02 -1.8605e+00 +3.9858e+00
809 +8.577207151e-01 +8.577207151e-01 -6.202522793e+02 -6.202522793e+02 -1.8153e+00 +3.9861e+00
835 +8.434737826e-01 +8.434737826e-01 -6.202665262e+02 -6.202665262e+02 -1.8104e+00 +3.9863e+00
844 +8.080516938e-01 +8.080516938e-01 -6.203019483e+02 -6.203019483e+02 -1.7228e+00 +3.9872e+00
857 +7.139335209e-01 +7.139335209e-01 -6.203960665e+02 -6.203960665e+02 -1.7334e+00 +3.9866e+00
866 +6.874614609e-01 +6.874614609e-01 -6.204225385e+02 -6.204225385e+02 -1.7105e+00 +3.9866e+00
881 +5.579934655e-01 +5.579934655e-01 -6.205520065e+02 -6.205520065e+02 -1.6163e+00 +3.9875e+00
993 +5.411200496e-01 +5.411200496e-01 -6.205688800e+02 -6.205688800e+02 -1.6132e+00 +3.9872e+00
1003 +5.331897641e-01 +5.331897641e-01 -6.205768102e+02 -6.205768102e+02 -1.6096e+00 +3.9872e+00
1013 +5.204187033e-01 +5.204187033e-01 -6.205895813e+02 -6.205895813e+02 -1.6122e+00 +3.9873e+00
1027 +5.111701803e-01 +5.111701803e-01 -6.205988298e+02 -6.205988298e+02 -1.6022e+00 +3.9873e+00
1077 +4.872434134e-01 +4.872434134e-01 -6.206227566e+02 -6.206227566e+02 -1.5499e+00 +3.9874e+00
1084 +4.776730397e-01 +4.776730397e-01 -6.206323270e+02 -6.206323270e+02 -1.5689e+00 +3.9878e+00
1086 +4.671162444e-01 +4.671162444e-01 -6.206428838e+02 -6.206428838e+02 -1.5699e+00 +3.9875e+00
1089 +4.509713312e-01 +4.509713312e-01 -6.206590287e+02 -6.206590287e+02 -1.5475e+00 +3.9875e+00
1093 +4.422971222e-01 +4.422971222e-01 -6.206677029e+02 -6.206677029e+02 -1.5566e+00 +3.9877e+00
1103 +4.268968720e-01 +4.268968720e-01 -6.206831031e+02 -6.206831031e+02 -1.5450e+00 +3.9877e+00
1107 +4.017020881e-01 +4.017020881e-01 -6.207082979e+02 -6.207082979e+02 -1.5222e+00 +3.9879e+00
1132 +3.849970995e-01 +3.849970995e-01 -6.207250029e+02 -6.207250029e+02 -1.5107e+00 +3.9879e+00
1142 +3.668709006e-01 +3.668709006e-01 -6.207431291e+02 -6.207431291e+02 -1.4870e+00 +3.9879e+00
1156 +3.580306358e-01 +3.580306358e-01 -6.207519694e+02 -6.207519694e+02 -1.4375e+00 +3.9886e+00
1163 +2.990413872e-01 +2.990413872e-01 -6.208109586e+02 -6.208109586e+02 -1.4302e+00 +3.9882e+00
1184 +2.902514143e-01 +2.902514143e-01 -6.208197486e+02 -6.208197486e+02 -1.4216e+00 +3.9885e+00
1192 +2.780164131e-01 +2.780164131e-01 -6.208319836e+02 -6.208319836e+02 -1.4181e+00 +3.9884e+00
1200 +2.684237722e-01 +2.684237722e-01 -6.208415762e+02 -6.208415762e+02 -1.4097e+00 +3.9885e+00
1264 +2.293340312e-01 +2.293340312e-01 -6.208806660e+02 -6.208806660e+02 -1.3697e+00 +3.9886e+00
1352 +2.289843429e-01 +2.289843429e-01 -6.208810157e+02 -6.208810157e+02 -1.3515e+00 +3.9886e+00
1375 +2.204609705e-01 +2.204609705e-01 -6.208895390e+02 -6.208895390e+02 -1.3527e+00 +3.9887e+00
1384 +2.139266547e-01 +2.139266547e-01 -6.208960733e+02 -6.208960733e+02 -1.3526e+00 +3.9888e+00
1400 +2.124829931e-01 +2.124829931e-01 -6.208975170e+02 -6.208975170e+02 -1.3520e+00 +3.9887e+00
1423 +2.080686889e-01 +2.080686889e-01 -6.209019313e+02 -6.209019313e+02 -1.3480e+00 +3.9888e+00
1427 +2.026382434e-01 +2.026382434e-01 -6.209073618e+02 -6.209073618e+02 -1.3418e+00 +3.9888e+00
1448 +1.994993283e-01 +1.994993283e-01 -6.209105007e+02 -6.209105007e+02 -1.3109e+00 +3.9888e+00
1480 +1.885039088e-01 +1.885039088e-01 -6.209214961e+02 -6.209214961e+02 -1.3110e+00 +3.9889e+00
1515 +1.848276422e-01 +1.848276422e-01 -6.209251724e+02 -6.209251724e+02 -1.3145e+00 +3.9889e+00
1544 +1.811705229e-01 +1.811705229e-01 -6.209288295e+02 -6.209288295e+02 -1.3127e+00 +3.9889e+00
1562 +1.568158159e-01 +1.568158159e-01 -6.209531842e+02 -6.209531842e+02 -1.2876e+00 +3.9891e+00
1585 +1.517929620e-01 +1.517929620e-01 -6.209582070e+02 -6.209582070e+02 -1.2807e+00 +3.9891e+00
1588 +1.485733065e-01 +1.485733065e-01 -6.209614267e+02 -6.209614267e+02 -1.2695e+00 +3.9891e+00
1615 +1.444791544e-01 +1.444791544e-01 -6.209655208e+02 -6.209655208e+02 -1.2721e+00 +3.9892e+00
1640 +1.381679748e-01 +1.381679748e-01 -6.209718320e+02 -6.209718320e+02 -1.2580e+00 +3.9892e+00
1641 +1.268401519e-01 +1.268401519e-01 -6.209831598e+02 -6.209831598e+02 -1.2456e+00 +3.9894e+00
1646 +1.251420971e-01 +1.251420971e-01 -6.209848579e+02 -6.209848579e+02 -1.2236e+00 +3.9896e+00
1651 +1.221002024e-01 +1.221002024e-01 -6.209878998e+02 -6.209878998e+02 -1.2413e+00 +3.9894e+00
1657 +1.095125783e-01 +1.095125783e-01 -6.210004874e+02 -6.210004874e+02 -1.2222e+00 +3.9895e+00
1666 +9.311601632e-02 +9.311601632e-02 -6.210168840e+02 -6.210168840e+02 -1.1966e+00 +3.9896e+00
1675 +8.608530578e-02 +8.608530578e-02 -6.210239147e+02 -6.210239147e+02 -1.1854e+00 +3.9897e+00
1678 +4.828109833e-02 +4.828109833e-02 -6.210617189e+02 -6.210617189e+02 -1.0588e+00 +3.9902e+00
1694 +4.403827667e-02 +4.403827667e-02 -6.210659617e+02 -6.210659617e+02 -1.0801e+00 +3.9901e+00
1754 +4.274642169e-02 +4.274642169e-02 -6.210672536e+02 -6.210672536e+02 -1.0958e+00 +3.9901e+00
1764 +3.488398814e-02 +3.488398814e-02 -6.210751160e+02 -6.210751160e+02 -1.0758e+00 +3.9902e+00
1797 +3.459869743e-02 +3.459869743e-02 -6.210754013e+02 -6.210754013e+02 -1.0755e+00 +3.9903e+00
1802 +3.231879279e-02 +3.231879279e-02 -6.210776812e+02 -6.210776812e+02 -1.0716e+00 +3.9903e+00
1819 +3.053233283e-02 +3.053233283e-02 -6.210794677e+02 -6.210794677e+02 -1.0651e+00 +3.9903e+00
1876 +2.971321708e-02 +2.971321708e-02 -6.210802868e+02 -6.210802868e+02 -1.0644e+00 +3.9903e+00
1885 +2.779459810e-02 +2.779459810e-02 -6.210822054e+02 -6.210822054e+02 -1.0561e+00 +3.9903e+00
1907 +2.655847584e-02 +2.655847584e-02 -6.210834415e+02 -6.210834415e+02 -1.0542e+00 +3.9903e+00
1927 +2.619044226e-02 +2.619044226e-02 -6.210838096e+02 -6.210838096e+02 -1.0492e+00 +3.9903e+00
1949 +2.541960212e-02 +2.541960212e-02 -6.210845804e+02 -6.210845804e+02 -1.0501e+00 +3.9904e+00
1972 +2.486312388e-02 +2.486312388e-02 -6.210851369e+02 -6.210851369e+02 -1.0497e+00 +3.9904e+00
1982 +2.420992661e-02 +2.420992661e-02 -6.210857901e+02 -6.210857901e+02 -1.0462e+00 +3.9904e+00
1988 +2.324639336e-02 +2.324639336e-02 -6.210867536e+02 -6.210867536e+02 -1.0360e+00 +3.9904e+00
2008 +2.279022755e-02 +2.279022755e-02 -6.210872098e+02 -6.210872098e+02 -1.0429e+00 +3.9904e+00
2016 +2.185005570e-02 +2.185005570e-02 -6.210881499e+02 -6.210881499e+02 -1.0398e+00 +3.9904e+00
2032 +2.130867509e-02 +2.130867509e-02 -6.210886913e+02 -6.210886913e+02 -1.0375e+00 +3.9904e+00
2037 +1.960575563e-02 +1.960575563e-02 -6.210903942e+02 -6.210903942e+02 -1.0286e+00 +3.9905e+00
2049 +1.897388359e-02 +1.897388359e-02 -6.210910261e+02 -6.210910261e+02 -1.0187e+00 +3.9905e+00
2050 +1.631959460e-02 +1.631959460e-02 -6.210936804e+02 -6.210936804e+02 -1.0197e+00 +3.9905e+00
2060 +1.585100321e-02 +1.585100321e-02 -6.210941490e+02 -6.210941490e+02 -1.0175e+00 +3.9905e+00
2070 +1.486486946e-02 +1.486486946e-02 -6.210951351e+02 -6.210951351e+02 -1.0139e+00 +3.9906e+00
2074 +1.452063940e-02 +1.452063940e-02 -6.210954794e+02 -6.210954794e+02 -1.0100e+00 +3.9906e+00
2076 +1.349234988e-02 +1.349234988e-02 -6.210965077e+02 -6.210965077e+02 -1.0081e+00 +3.9906e+00
2097 +1.264667313e-02 +1.264667313e-02 -6.210973533e+02 -6.210973533e+02 -1.0037e+00 +3.9906e+00
2111 +1.253018031e-02 +1.253018031e-02 -6.210974698e+02 -6.210974698e+02 -1.0000e+00 +3.9906e+00
2114 +1.068897814e-02 +1.068897814e-02 -6.210993110e+02 -6.210993110e+02 -9.8604e-01 +3.9907e+00
2146 +1.044739715e-02 +1.044739715e-02 -6.210995526e+02 -6.210995526e+02 -9.9254e-01 +3.9907e+00
2162 +1.018495990e-02 +1.018495990e-02 -6.210998150e+02 -6.210998150e+02 -9.9282e-01 +3.9907e+00
2177 +9.878274035e-03 +9.878274035e-03 -6.211001217e+02 -6.211001217e+02 -9.8942e-01 +3.9907e+00
2184 +8.040730131e-03 +8.040730131e-03 -6.211019593e+02 -6.211019593e+02 -9.8167e-01 +3.9907e+00
2274 +7.934153384e-03 +7.934153384e-03 -6.211020658e+02 -6.211020658e+02 -9.8100e-01 +3.9907e+00
2299 +7.598978286e-03 +7.598978286e-03 -6.211024010e+02 -6.211024010e+02 -9.7917e-01 +3.9908e+00
2300 +7.306232327e-03 +7.306232327e-03 -6.211026938e+02 -6.211026938e+02 -9.7712e-01 +3.9908e+00
2306 +7.231273551e-03 +7.231273551e-03 -6.211027687e+02 -6.211027687e+02 -9.6579e-01 +3.9908e+00
2314 +6.967098255e-03 +6.967098255e-03 -6.211030329e+02 -6.211030329e+02 -9.7172e-01 +3.9908e+00
2349 +6.878442910e-03 +6.878442910e-03 -6.211031216e+02 -6.211031216e+02 -9.7439e-01 +3.9908e+00
2422 +6.759735988e-03 +6.759735988e-03 -6.211032403e+02 -6.211032403e+02 -9.7322e-01 +3.9908e+00
2433 +6.395021604e-03 +6.395021604e-03 -6.211036050e+02 -6.211036050e+02 -9.7127e-01 +3.9908e+00
2452 +6.015401439e-03 +6.015401439e-03 -6.211039846e+02 -6.211039846e+02 -9.6705e-01 +3.9908e+00
2480 +5.702752689e-03 +5.702752689e-03 -6.211042972e+02 -6.211042972e+02 -9.6730e-01 +3.9908e+00
2492 +5.535935123e-03 +5.535935123e-03 -6.211044641e+02 -6.211044641e+02 -9.6632e-01 +3.9908e+00
2522 +5.334142285e-03 +5.334142285e-03 -6.211046659e+02 -6.211046659e+02 -9.6454e-01 +3.9908e+00
2537 +4.930256466e-03 +4.930256466e-03 -6.211050697e+02 -6.211050697e+02 -9.6196e-01 +3.9908e+00
2541 +4.732101147e-03 +4.732101147e-03 -6.211052679e+02 -6.211052679e+02 -9.6075e-01 +3.9908e+00
2561 +4.620536349e-03 +4.620536349e-03 -6.211053795e+02 -6.211053795e+02 -9.5986e-01 +3.9908e+00
2571 +4.566015244e-03 +4.566015244e-03 -6.211054340e+02 -6.211054340e+02 -9.5682e-01 +3.9908e+00
2583 +4.282265839e-03 +4.282265839e-03 -6.211057177e+02 -6.211057177e+02 -9.5365e-01 +3.9909e+00
2593 +4.260191283e-03 +4.260191283e-03 -6.211057398e+02 -6.211057398e+02 -9.5717e-01 +3.9909e+00
2605 +4.138756109e-03 +4.138756109e-03 -6.211058612e+02 -6.211058612e+02 -9.5599e-01 +3.9909e+00
2647 +3.968629249e-03 +3.968629249e-03 -6.211060314e+02 -6.211060314e+02 -9.5349e-01 +3.9909e+00
2670 +3.791061482e-03 +3.791061482e-03 -6.211062089e+02 -6.211062089e+02 -9.5354e-01 +3.9909e+00
2680 +3.701605142e-03 +3.701605142e-03 -6.211062984e+02 -6.211062984e+02 -9.5242e-01 +3.9909e+00
2698 +3.569829337e-03 +3.569829337e-03 -6.211064302e+02 -6.211064302e+02 -9.5156e-01 +3.9909e+00
2712 +3.418171458e-03 +3.418171458e-03 -6.211065818e+02 -6.211065818e+02 -9.4971e-01 +3.9909e+00
2723 +3.360164802e-03 +3.360164802e-03 -6.211066398e+02 -6.211066398e+02 -9.4970e-01 +3.9909e+00
2729 +3.274691987e-03 +3.274691987e-03 -6.211067253e+02 -6.211067253e+02 -9.4701e-01 +3.9909e+00
2733 +3.221141088e-03 +3.221141088e-03 -6.211067789e+02 -6.211067789e+02 -9.4825e-01 +3.9909e+00
2735 +3.036938363e-03 +3.036938363e-03 -6.211069631e+02 -6.211069631e+02 -9.4457e-01 +3.9909e+00
2743 +2.634611782e-03 +2.634611782e-03 -6.211073654e+02 -6.211073654e+02 -9.4287e-01 +3.9909e+00
2802 +2.567703869e-03 +2.567703869e-03 -6.211074323e+02 -6.211074323e+02 -9.4212e-01 +3.9909e+00
2868 +2.498489490e-03 +2.498489490e-03 -6.211075015e+02 -6.211075015e+02 -9.4159e-01 +3.9909e+00
2988 +2.441538335e-03 +2.441538335e-03 -6.211075585e+02 -6.211075585e+02 -9.4135e-01 +3.9909e+00
3003 +2.371046588e-03 +2.371046588e-03 -6.211076290e+02 -6.211076290e+02 -9.4059e-01 +3.9909e+00
3013 +2.251520921e-03 +2.251520921e-03 -6.211077485e+02 -6.211077485e+02 -9.3869e-01 +3.9910e+00
3025 +2.192544087e-03 +2.192544087e-03 -6.211078075e+02 -6.211078075e+02 -9.3882e-01 +3.9910e+00
3030 +2.181560816e-03 +2.181560816e-03 -6.211078184e+02 -6.211078184e+02 -9.3815e-01 +3.9910e+00
3036 +2.119552307e-03 +2.119552307e-03 -6.211078804e+02 -6.211078804e+02 -9.3785e-01 +3.9910e+00
3047 +2.030326444e-03 +2.030326444e-03 -6.211079697e+02 -6.211079697e+02 -9.3663e-01 +3.9910e+00
3059 +1.866745495e-03 +1.866745495e-03 -6.211081333e+02 -6.211081333e+02 -9.3480e-01 +3.9910e+00
3173 +1.857533336e-03 +1.857533336e-03 -6.211081425e+02 -6.211081425e+02 -9.3483e-01 +3.9910e+00
3247 +1.809579306e-03 +1.809579306e-03 -6.211081904e+02 -6.211081904e+02 -9.3450e-01 +3.9910e+00
3263 +1.778134250e-03 +1.778134250e-03 -6.211082219e+02 -6.211082219e+02 -9.3398e-01 +3.9910e+00
3298 +1.718737874e-03 +1.718737874e-03 -6.211082813e+02 -6.211082813e+02 -9.3344e-01 +3.9910e+00
3323 +1.685731016e-03 +1.685731016e-03 -6.211083143e+02 -6.211083143e+02 -9.3295e-01 +3.9910e+00
3334 +1.654736584e-03 +1.654736584e-03 -6.211083453e+02 -6.211083453e+02 -9.3261e-01 +3.9910e+00
3387 +1.597820514e-03 +1.597820514e-03 -6.211084022e+02 -6.211084022e+02 -9.3190e-01 +3.9910e+00
3396 +1.567873359e-03 +1.567873359e-03 -6.211084321e+02 -6.211084321e+02 -9.3128e-01 +3.9910e+00
3402 +1.540150167e-03 +1.540150167e-03 -6.211084598e+02 -6.211084598e+02 -9.3117e-01 +3.9910e+00
3410 +1.501842054e-03 +1.501842054e-03 -6.211084982e+02 -6.211084982e+02 -9.3068e-01 +3.9910e+00
3417 +1.405543608e-03 +1.405543608e-03 -6.211085945e+02 -6.211085945e+02 -9.2934e-01 +3.9910e+00
3454 +1.336641371e-03 +1.336641371e-03 -6.211086634e+02 -6.211086634e+02 -9.2755e-01 +3.9910e+00
3503 +1.275113876e-03 +1.275113876e-03 -6.211087249e+02 -6.211087249e+02 -9.2494e-01 +3.9910e+00
3512 +1.173101034e-03 +1.173101034e-03 -6.211088269e+02 -6.211088269e+02 -9.2581e-01 +3.9910e+00
3535 +1.123686779e-03 +1.123686779e-03 -6.211088763e+02 -6.211088763e+02 -9.2529e-01 +3.9910e+00
3539 +1.111973998e-03 +1.111973998e-03 -6.211088880e+02 -6.211088880e+02 -9.2534e-01 +3.9910e+00
3564 +1.081076656e-03 +1.081076656e-03 -6.211089189e+02 -6.211089189e+02 -9.2463e-01 +3.9910e+00
3577 +1.062890630e-03 +1.062890630e-03 -6.211089371e+02 -6.211089371e+02 -9.2419e-01 +3.9910e+00
3583 +1.040572948e-03 +1.040572948e-03 -6.211089594e+02 -6.211089594e+02 -9.2390e-01 +3.9910e+00
3595 +1.013964060e-03 +1.013964060e-03 -6.211089860e+02 -6.211089860e+02 -9.2381e-01 +3.9910e+00
3605 +9.980303240e-04 +9.980303240e-04 -6.211090020e+02 -6.211090020e+02 -9.2351e-01 +3.9910e+00
3625 +9.653093172e-04 +9.653093172e-04 -6.211090347e+02 -6.211090347e+02 -9.2187e-01 +3.9910e+00
3627 +8.714353373e-04 +8.714353373e-04 -6.211091286e+02 -6.211091286e+02 -9.2032e-01 +3.9910e+00
3632 +7.954254105e-04 +7.954254105e-04 -6.211092046e+02 -6.211092046e+02 -9.1870e-01 +3.9911e+00
3645 +7.930609672e-04 +7.930609672e-04 -6.211092069e+02 -6.211092069e+02 -9.2015e-01 +3.9911e+00
3654 +7.275944577e-04 +7.275944577e-04 -6.211092724e+02 -6.211092724e+02 -9.1863e-01 +3.9911e+00
3671 +6.976102226e-04 +6.976102226e-04 -6.211093024e+02 -6.211093024e+02 -9.1803e-01 +3.9911e+00
3677 +6.910846162e-04 +6.910846162e-04 -6.211093089e+02 -6.211093089e+02 -9.1809e-01 +3.9911e+00
3717 +6.748170873e-04 +6.748170873e-04 -6.211093252e+02 -6.211093252e+02 -9.1791e-01 +3.9911e+00
3859 +6.561579847e-04 +6.561579847e-04 -6.211093438e+02 -6.211093438e+02 -9.1761e-01 +3.9911e+00
3874 +6.446286304e-04 +6.446286304e-04 -6.211093554e+02 -6.211093554e+02 -9.1715e-01 +3.9911e+00
3963 +5.062593865e-04 +5.062593865e-04 -6.211094937e+02 -6.211094937e+02 -9.1311e-01 +3.9911e+00
3983 +4.850376249e-04 +4.850376249e-04 -6.211095150e+02 -6.211095150e+02 -9.1402e-01 +3.9911e+00
4003 +4.684237076e-04 +4.684237076e-04 -6.211095316e+02 -6.211095316e+02 -9.1364e-01 +3.9911e+00
4015 +4.640536313e-04 +4.640536313e-04 -6.211095359e+02 -6.211095359e+02 -9.1299e-01 +3.9911e+00
4025 +4.557678661e-04 +4.557678661e-04 -6.211095442e+02 -6.211095442e+02 -9.1276e-01 +3.9911e+00
4029 +3.938248971e-04 +3.938248971e-04 -6.211096062e+02 -6.211096062e+02 -9.1182e-01 +3.9911e+00
4077 +3.775430259e-04 +3.775430259e-04 -6.211096225e+02 -6.211096225e+02 -9.1077e-01 +3.9911e+00
4085 +3.702998871e-04 +3.702998871e-04 -6.211096297e+02 -6.211096297e+02 -9.1117e-01 +3.9911e+00
4094 +3.574590112e-04 +3.574590112e-04 -6.211096425e+02 -6.211096425e+02 -9.1053e-01 +3.9911e+00
4095 +3.494765605e-04 +3.494765605e-04 -6.211096505e+02 -6.211096505e+02 -9.0924e-01 +3.9911e+00
4112 +3.189864274e-04 +3.189864274e-04 -6.211096810e+02 -6.211096810e+02 -9.0973e-01 +3.9911e+00
4122 +3.133986542e-04 +3.133986542e-04 -6.211096866e+02 -6.211096866e+02 -9.0956e-01 +3.9911e+00
4134 +3.083938691e-04 +3.083938691e-04 -6.211096916e+02 -6.211096916e+02 -9.0925e-01 +3.9911e+00
4139 +2.995707358e-04 +2.995707358e-04 -6.211097004e+02 -6.211097004e+02 -9.0925e-01 +3.9911e+00
4166 +2.927493658e-04 +2.927493658e-04 -6.211097073e+02 -6.211097073e+02 -9.0910e-01 +3.9911e+00
4176 +2.884022679e-04 +2.884022679e-04 -6.211097116e+02 -6.211097116e+02 -9.0898e-01 +3.9911e+00
4185 +2.799588566e-04 +2.799588566e-04 -6.211097200e+02 -6.211097200e+02 -9.0869e-01 +3.9911e+00
4208 +2.663008297e-04 +2.663008297e-04 -6.211097337e+02 -6.211097337e+02 -9.0831e-01 +3.9911e+00
4212 +2.590835328e-04 +2.590835328e-04 -6.211097409e+02 -6.211097409e+02 -9.0809e-01 +3.9911e+00
4218 +2.421679213e-04 +2.421679213e-04 -6.211097578e+02 -6.211097578e+02 -9.0714e-01 +3.9911e+00
4221 +2.331490929e-04 +2.331490929e-04 -6.211097669e+02 -6.211097669e+02 -9.0719e-01 +3.9911e+00
4226 +2.262986204e-04 +2.262986204e-04 -6.211097737e+02 -6.211097737e+02 -9.0694e-01 +3.9911e+00
4227 +2.114131013e-04 +2.114131013e-04 -6.211097886e+02 -6.211097886e+02 -9.0639e-01 +3.9911e+00
4233 +1.984828125e-04 +1.984828125e-04 -6.211098015e+02 -6.211098015e+02 -9.0589e-01 +3.9911e+00
4241 +1.743929324e-04 +1.743929324e-04 -6.211098256e+02 -6.211098256e+02 -9.0520e-01 +3.9911e+00
4261 +1.646577972e-04 +1.646577972e-04 -6.211098353e+02 -6.211098353e+02 -9.0340e-01 +3.9911e+00
4273 +1.561050925e-04 +1.561050925e-04 -6.211098439e+02 -6.211098439e+02 -9.0445e-01 +3.9911e+00
4274 +1.417014552e-04 +1.417014552e-04 -6.211098583e+02 -6.211098583e+02 -9.0385e-01 +3.9911e+00
4295 +1.409274981e-04 +1.409274981e-04 -6.211098591e+02 -6.211098591e+02 -9.0374e-01 +3.9911e+00
4331 +1.329195396e-04 +1.329195396e-04 -6.211098671e+02 -6.211098671e+02 -9.0351e-01 +3.9911e+00
4340 +1.250679384e-04 +1.250679384e-04 -6.211098749e+02 -6.211098749e+02 -9.0317e-01 +3.9911e+00
4391 +1.227851061e-04 +1.227851061e-04 -6.211098772e+02 -6.211098772e+02 -9.0253e-01 +3.9911e+00
4418 +1.201897272e-04 +1.201897272e-04 -6.211098798e+02 -6.211098798e+02 -9.0287e-01 +3.9911e+00
4424 +1.153833057e-04 +1.153833057e-04 -6.211098846e+02 -6.211098846e+02 -9.0269e-01 +3.9911e+00
4447 +1.109043905e-04 +1.109043905e-04 -6.211098891e+02 -6.211098891e+02 -9.0236e-01 +3.9911e+00
4462 +1.035978265e-04 +1.035978265e-04 -6.211098964e+02 -6.211098964e+02 -9.0215e-01 +3.9911e+00
4500 +1.013191189e-04 +1.013191189e-04 -6.211098987e+02 -6.211098987e+02 -9.0185e-01 +3.9911e+00
4537 +9.932610749e-05 +9.932610749e-05 -6.211099007e+02 -6.211099007e+02 -9.0181e-01 +3.9911e+00
4550 +9.698044755e-05 +9.698044755e-05 -6.211099030e+02 -6.211099030e+02 -9.0182e-01 +3.9912e+00
4563 +9.494860137e-05 +9.494860137e-05 -6.211099051e+02 -6.211099051e+02 -9.0174e-01 +3.9912e+00
4597 +9.250141034e-05 +9.250141034e-05 -6.211099075e+02 -6.211099075e+02 -9.0162e-01 +3.9912e+00
4609 +9.078543030e-05 +9.078543030e-05 -6.211099092e+02 -6.211099092e+02 -9.0150e-01 +3.9912e+00
4613 +8.888347008e-05 +8.888347008e-05 -6.211099111e+02 -6.211099111e+02 -9.0143e-01 +3.9912e+00
4633 +8.347077335e-05 +8.347077335e-05 -6.211099165e+02 -6.211099165e+02 -9.0109e-01 +3.9912e+00
4642 +7.251506577e-05 +7.251506577e-05 -6.211099275e+02 -6.211099275e+02 -9.0049e-01 +3.9912e+00
4653 +6.741019843e-05 +6.741019843e-05 -6.211099326e+02 -6.211099326e+02 -9.0006e-01 +3.9912e+00
4663 +6.372208429e-05 +6.372208429e-05 -6.211099363e+02 -6.211099363e+02 -8.9949e-01 +3.9912e+00
4672 +6.281034018e-05 +6.281034018e-05 -6.211099372e+02 -6.211099372e+02 -8.9982e-01 +3.9912e+00
4690 +6.054300241e-05 +6.054300241e-05 -6.211099395e+02 -6.211099395e+02 -8.9973e-01 +3.9912e+00
4695 +5.562856029e-05 +5.562856029e-05 -6.211099444e+02 -6.211099444e+02 -8.9901e-01 +3.9912e+00
4706 +4.613584133e-05 +4.613584133e-05 -6.211099539e+02 -6.211099539e+02 -8.9879e-01 +3.9912e+00
4730 +3.574561629e-05 +3.574561629e-05 -6.211099643e+02 -6.211099643e+02 -8.9798e-01 +3.9912e+00
4804 +3.530857566e-05 +3.530857566e-05 -6.211099647e+02 -6.211099647e+02 -8.9790e-01 +3.9912e+00
4845 +3.465544762e-05 +3.465544762e-05 -6.211099653e+02 -6.211099653e+02 -8.9789e-01 +3.9912e+00
4846 +3.382169211e-05 +3.382169211e-05 -6.211099662e+02 -6.211099662e+02 -8.9781e-01 +3.9912e+00
4847 +3.249265876e-05 +3.249265876e-05 -6.211099675e+02 -6.211099675e+02 -8.9767e-01 +3.9912e+00
4858 +2.923674106e-05 +2.923674106e-05 -6.211099708e+02 -6.211099708e+02 -8.9718e-01 +3.9912e+00
4864 +2.802200163e-05 +2.802200163e-05 -6.211099720e+02 -6.211099720e+02 -8.9723e-01 +3.9912e+00
4872 +2.680837940e-05 +2.680837940e-05 -6.211099732e+02 -6.211099732e+02 -8.9718e-01 +3.9912e+00
4882 +2.313578159e-05 +2.313578159e-05 -6.211099769e+02 -6.211099769e+02 -8.9633e-01 +3.9912e+00
4893 +2.278422608e-05 +2.278422608e-05 -6.211099772e+02 -6.211099772e+02 -8.9670e-01 +3.9912e+00
4895 +2.148271597e-05 +2.148271597e-05 -6.211099785e+02 -6.211099785e+02 -8.9660e-01 +3.9912e+00
4902 +2.047253315e-05 +2.047253315e-05 -6.211099795e+02 -6.211099795e+02 -8.9651e-01 +3.9912e+00
4964 +2.036378453e-05 +2.036378453e-05 -6.211099796e+02 -6.211099796e+02 -8.9644e-01 +3.9912e+00
4966 +1.963221848e-05 +1.963221848e-05 -6.211099804e+02 -6.211099804e+02 -8.9634e-01 +3.9912e+00
4972 +1.936234366e-05 +1.936234366e-05 -6.211099806e+02 -6.211099806e+02 -8.9640e-01 +3.9912e+00
5002 +1.902906558e-05 +1.902906558e-05 -6.211099810e+02 -6.211099810e+02 -8.9636e-01 +3.9912e+00
5014 +1.788741281e-05 +1.788741281e-05 -6.211099821e+02 -6.211099821e+02 -8.9620e-01 +3.9912e+00
5022 +1.579603020e-05 +1.579603020e-05 -6.211099842e+02 -6.211099842e+02 -8.9597e-01 +3.9912e+00
5073 +1.547689851e-05 +1.547689851e-05 -6.211099845e+02 -6.211099845e+02 -8.9588e-01 +3.9912e+00
5091 +1.511359210e-05 +1.511359210e-05 -6.211099849e+02 -6.211099849e+02 -8.9576e-01 +3.9912e+00
5105 +1.443656379e-05 +1.443656379e-05 -6.211099856e+02 -6.211099856e+02 -8.9580e-01 +3.9912e+00
5122 +1.406899094e-05 +1.406899094e-05 -6.211099859e+02 -6.211099859e+02 -8.9570e-01 +3.9912e+00
5133 +1.349654212e-05 +1.349654212e-05 -6.211099865e+02 -6.211099865e+02 -8.9562e-01 +3.9912e+00
5142 +1.296360438e-05 +1.296360438e-05 -6.211099870e+02 -6.211099870e+02 -8.9543e-01 +3.9912e+00
5149 +1.276958631e-05 +1.276958631e-05 -6.211099872e+02 -6.211099872e+02 -8.9546e-01 +3.9912e+00
5152 +1.214591452e-05 +1.214591452e-05 -6.211099879e+02 -6.211099879e+02 -8.9545e-01 +3.9912e+00
5155 +1.194876575e-05 +1.194876575e-05 -6.211099881e+02 -6.211099881e+02 -8.9546e-01 +3.9912e+00
5170 +1.149626894e-05 +1.149626894e-05 -6.211099885e+02 -6.211099885e+02 -8.9538e-01 +3.9912e+00
5171 +1.076275282e-05 +1.076275282e-05 -6.211099892e+02 -6.211099892e+02 -8.9528e-01 +3.9912e+00
5179 +9.922371646e-06 +9.922371646e-06 -6.211099901e+02 -6.211099901e+02 -8.9507e-01 +3.9912e+00
5194 +9.712455153e-06 +9.712455153e-06 -6.211099903e+02 -6.211099903e+02 -8.9480e-01 +3.9912e+00
5203 +8.949713447e-06 +8.949713447e-06 -6.211099911e+02 -6.211099911e+02 -8.9490e-01 +3.9912e+00
5210 +8.080495149e-06 +8.080495149e-06 -6.211099919e+02 -6.211099919e+02 -8.9484e-01 +3.9912e+00
5283 +7.847192933e-06 +7.847192933e-06 -6.211099922e+02 -6.211099922e+02 -8.9480e-01 +3.9912e+00
5297 +7.665668250e-06 +7.665668250e-06 -6.211099923e+02 -6.211099923e+02 -8.9462e-01 +3.9912e+00
5304 +7.474055337e-06 +7.474055337e-06 -6.211099925e+02 -6.211099925e+02 -8.9470e-01 +3.9912e+00
5312 +7.388595236e-06 +7.388595236e-06 -6.211099926e+02 -6.211099926e+02 -8.9466e-01 +3.9912e+00
5313 +7.114369737e-06 +7.114369737e-06 -6.211099929e+02 -6.211099929e+02 -8.9467e-01 +3.9912e+00
5317 +6.962456837e-06 +6.962456837e-06 -6.211099930e+02 -6.211099930e+02 -8.9463e-01 +3.9912e+00
5393 +6.853690024e-06 +6.853690024e-06 -6.211099931e+02 -6.211099931e+02 -8.9461e-01 +3.9912e+00
5412 +6.717650535e-06 +6.717650535e-06 -6.211099933e+02 -6.211099933e+02 -8.9459e-01 +3.9912e+00
5424 +6.555911455e-06 +6.555911455e-06 -6.211099934e+02 -6.211099934e+02 -8.9449e-01 +3.9912e+00
5434 +6.360092129e-06 +6.360092129e-06 -6.211099936e+02 -6.211099936e+02 -8.9451e-01 +3.9912e+00
5447 +6.303930149e-06 +6.303930149e-06 -6.211099937e+02 -6.211099937e+02 -8.9450e-01 +3.9912e+00
5462 +6.122357831e-06 +6.122357831e-06 -6.211099939e+02 -6.211099939e+02 -8.9447e-01 +3.9912e+00
5470 +5.972103963e-06 +5.972103963e-06 -6.211099940e+02 -6.211099940e+02 -8.9444e-01 +3.9912e+00
5499 +5.824729215e-06 +5.824729215e-06 -6.211099942e+02 -6.211099942e+02 -8.9441e-01 +3.9912e+00
5501 +5.748878266e-06 +5.748878266e-06 -6.211099943e+02 -6.211099943e+02 -8.9434e-01 +3.9912e+00
5508 +5.617766988e-06 +5.617766988e-06 -6.211099944e+02 -6.211099944e+02 -8.9435e-01 +3.9912e+00
5530 +5.489165801e-06 +5.489165801e-06 -6.211099945e+02 -6.211099945e+02 -8.9428e-01 +3.9912e+00
5565 +5.357198347e-06 +5.357198347e-06 -6.211099946e+02 -6.211099946e+02 -8.9427e-01 +3.9912e+00
5570 +5.029510135e-06 +5.029510135e-06 -6.211099950e+02 -6.211099950e+02 -8.9423e-01 +3.9912e+00
5591 +4.749982622e-06 +4.749982622e-06 -6.211099953e+02 -6.211099953e+02 -8.9418e-01 +3.9912e+00
5621 +4.634227821e-06 +4.634227821e-06 -6.211099954e+02 -6.211099954e+02 -8.9412e-01 +3.9912e+00
5633 +4.477474477e-06 +4.477474477e-06 -6.211099955e+02 -6.211099955e+02 -8.9412e-01 +3.9912e+00
5654 +4.350465474e-06 +4.350465474e-06 -6.211099956e+02 -6.211099956e+02 -8.9406e-01 +3.9912e+00
5681 +4.246451454e-06 +4.246451454e-06 -6.211099958e+02 -6.211099958e+02 -8.9404e-01 +3.9912e+00
5696 +4.157779244e-06 +4.157779244e-06 -6.211099958e+02 -6.211099958e+02 -8.9403e-01 +3.9912e+00
5699 +4.039882015e-06 +4.039882015e-06 -6.211099960e+02 -6.211099960e+02 -8.9399e-01 +3.9912e+00
5712 +3.965753422e-06 +3.965753422e-06 -6.211099960e+02 -6.211099960e+02 -8.9399e-01 +3.9912e+00
5775 +3.562714937e-06 +3.562714937e-06 -6.211099964e+02 -6.211099964e+02 -8.9388e-01 +3.9912e+00
5794 +2.617173891e-06 +2.617173891e-06 -6.211099974e+02 -6.211099974e+02 -8.9362e-01 +3.9912e+00
5900 +2.482965101e-06 +2.482965101e-06 -6.211099975e+02 -6.211099975e+02 -8.9356e-01 +3.9912e+00
5908 +2.445113978e-06 +2.445113978e-06 -6.211099976e+02 -6.211099976e+02 -8.9356e-01 +3.9912e+00
5914 +2.365117325e-06 +2.365117325e-06 -6.211099976e+02 -6.211099976e+02 -8.9353e-01 +3.9912e+00
5930 +2.230719019e-06 +2.230719019e-06 -6.211099978e+02 -6.211099978e+02 -8.9339e-01 +3.9912e+00
5943 +1.975105306e-06 +1.975105306e-06 -6.211099980e+02 -6.211099980e+02 -8.9340e-01 +3.9912e+00
5957 +1.942453423e-06 +1.942453423e-06 -6.211099981e+02 -6.211099981e+02 -8.9334e-01 +3.9912e+00
5963 +1.641458425e-06 +1.641458425e-06 -6.211099984e+02 -6.211099984e+02 -8.9320e-01 +3.9912e+00
5981 +1.261787247e-06 +1.261787247e-06 -6.211099987e+02 -6.211099987e+02 -8.9311e-01 +3.9912e+00
6047 +1.239897756e-06 +1.239897756e-06 -6.211099988e+02 -6.211099988e+02 -8.9308e-01 +3.9912e+00
6052 +1.215505790e-06 +1.215505790e-06 -6.211099988e+02 -6.211099988e+02 -8.9310e-01 +3.9912e+00
6059 +1.143285203e-06 +1.143285203e-06 -6.211099989e+02 -6.211099989e+02 -8.9306e-01 +3.9912e+00
6066 +1.116848125e-06 +1.116848125e-06 -6.211099989e+02 -6.211099989e+02 -8.9304e-01 +3.9912e+00
6089 +9.696608458e-07 +9.696608458e-07 -6.211099990e+02 -6.211099990e+02 -8.9298e-01 +3.9912e+00
6105 +9.375988839e-07 +9.375988839e-07 -6.211099991e+02 -6.211099991e+02 -8.9296e-01 +3.9912e+00
6121 +9.283518239e-07 +9.283518239e-07 -6.211099991e+02 -6.211099991e+02 -8.9295e-01 +3.9912e+00
6125 +9.068745612e-07 +9.068745612e-07 -6.211099991e+02 -6.211099991e+02 -8.9295e-01 +3.9912e+00
6183 +8.898828128e-07 +8.898828128e-07 -6.211099991e+02 -6.211099991e+02 -8.9294e-01 +3.9912e+00
6212 +8.705885648e-07 +8.705885648e-07 -6.211099991e+02 -6.211099991e+02 -8.9293e-01 +3.9912e+00
6234 +8.500070408e-07 +8.500070408e-07 -6.211099991e+02 -6.211099991e+02 -8.9292e-01 +3.9912e+00
6245 +8.205419135e-07 +8.205419135e-07 -6.211099992e+02 -6.211099992e+02 -8.9290e-01 +3.9912e+00
6253 +7.851573400e-07 +7.851573400e-07 -6.211099992e+02 -6.211099992e+02 -8.9289e-01 +3.9912e+00
6265 +7.636054988e-07 +7.636054988e-07 -6.211099992e+02 -6.211099992e+02 -8.9287e-01 +3.9912e+00
6283 +7.402785513e-07 +7.402785513e-07 -6.211099993e+02 -6.211099993e+02 -8.9285e-01 +3.9912e+00
6294 +7.207789849e-07 +7.207789849e-07 -6.211099993e+02 -6.211099993e+02 -8.9285e-01 +3.9912e+00
6329 +6.928293033e-07 +6.928293033e-07 -6.211099993e+02 -6.211099993e+02 -8.9283e-01 +3.9912e+00
6335 +6.681976856e-07 +6.681976856e-07 -6.211099993e+02 -6.211099993e+02 -8.9280e-01 +3.9912e+00
6352 +6.131674581e-07 +6.131674581e-07 -6.211099994e+02 -6.211099994e+02 -8.9278e-01 +3.9912e+00
6356 +5.453580343e-07 +5.453580343e-07 -6.211099995e+02 -6.211099995e+02 -8.9274e-01 +3.9912e+00
6363 +4.898593033e-07 +4.898593033e-07 -6.211099995e+02 -6.211099995e+02 -8.9270e-01 +3.9912e+00
6379 +3.486122750e-07 +3.486122750e-07 -6.211099997e+02 -6.211099997e+02 -8.9257e-01 +3.9912e+00
6385 +3.319446478e-07 +3.319446478e-07 -6.211099997e+02 -6.211099997e+02 -8.9253e-01 +3.9912e+00
6389 +2.947484745e-07 +2.947484745e-07 -6.211099997e+02 -6.211099997e+02 -8.9252e-01 +3.9912e+00
6398 +2.713580898e-07 +2.713580898e-07 -6.211099997e+02 -6.211099997e+02 -8.9252e-01 +3.9912e+00
6412 +2.655085609e-07 +2.655085609e-07 -6.211099997e+02 -6.211099997e+02 -8.9251e-01 +3.9912e+00
6424 +2.389498377e-07 +2.389498377e-07 -6.211099998e+02 -6.211099998e+02 -8.9249e-01 +3.9912e+00
6433 +2.332049007e-07 +2.332049007e-07 -6.211099998e+02 -6.211099998e+02 -8.9248e-01 +3.9912e+00
6449 +2.115123152e-07 +2.115123152e-07 -6.211099998e+02 -6.211099998e+02 -8.9246e-01 +3.9912e+00
6452 +1.915668690e-07 +1.915668690e-07 -6.211099998e+02 -6.211099998e+02 -8.9244e-01 +3.9912e+00
6493 +1.903886186e-07 +1.903886186e-07 -6.211099998e+02 -6.211099998e+02 -8.9239e-01 +3.9912e+00
6503 +1.859913255e-07 +1.859913255e-07 -6.211099998e+02 -6.211099998e+02 -8.9243e-01 +3.9912e+00
6505 +1.726737082e-07 +1.726737082e-07 -6.211099998e+02 -6.211099998e+02 -8.9242e-01 +3.9912e+00
6540 +1.448748890e-07 +1.448748890e-07 -6.211099999e+02 -6.211099999e+02 -8.9237e-01 +3.9912e+00
6549 +1.041663609e-07 +1.041663609e-07 -6.211099999e+02 -6.211099999e+02 -8.9232e-01 +3.9912e+00
6619 +9.470386431e-08 +9.470386431e-08 -6.211099999e+02 -6.211099999e+02 -8.9231e-01 +3.9912e+00
6661 +7.765561350e-08 +7.765561350e-08 -6.211099999e+02 -6.211099999e+02 -8.9227e-01 +3.9912e+00
6743 +7.188259588e-08 +7.188259588e-08 -6.211099999e+02 -6.211099999e+02 -8.9226e-01 +3.9912e+00
6759 +7.077562714e-08 +7.077562714e-08 -6.211099999e+02 -6.211099999e+02 -8.9226e-01 +3.9912e+00
6765 +6.734751423e-08 +6.734751423e-08 -6.211099999e+02 -6.211099999e+02 -8.9225e-01 +3.9912e+00
6777 +6.514608231e-08 +6.514608231e-08 -6.211099999e+02 -6.211099999e+02 -8.9225e-01 +3.9912e+00
6789 +6.365496574e-08 +6.365496574e-08 -6.211099999e+02 -6.211099999e+02 -8.9225e-01 +3.9912e+00
6807 +6.194466096e-08 +6.194466096e-08 -6.211099999e+02 -6.211099999e+02 -8.9225e-01 +3.9912e+00
6822 +6.126185781e-08 +6.126185781e-08 -6.211099999e+02 -6.211099999e+02 -8.9224e-01 +3.9912e+00
6848 +5.777906154e-08 +5.777906154e-08 -6.211099999e+02 -6.211099999e+02 -8.9224e-01 +3.9912e+00
6866 +5.663684988e-08 +5.663684988e-08 -6.211099999e+02 -6.211099999e+02 -8.9224e-01 +3.9912e+00
6871 +5.360584510e-08 +5.360584510e-08 -6.211099999e+02 -6.211099999e+02 -8.9223e-01 +3.9912e+00
6872 +5.196727670e-08 +5.196727670e-08 -6.211099999e+02 -6.211099999e+02 -8.9223e-01 +3.9912e+00
6896 +5.069398412e-08 +5.069398412e-08 -6.211099999e+02 -6.211099999e+02 -8.9222e-01 +3.9912e+00
6922 +4.803337106e-08 +4.803337106e-08 -6.211100000e+02 -6.211100000e+02 -8.9222e-01 +3.9912e+00
6939 +4.771857220e-08 +4.771857220e-08 -6.211100000e+02 -6.211100000e+02 -8.9222e-01 +3.9912e+00
6957 +4.657545105e-08 +4.657545105e-08 -6.211100000e+02 -6.211100000e+02 -8.9222e-01 +3.9912e+00
6965 +4.565845302e-08 +4.565845302e-08 -6.211100000e+02 -6.211100000e+02 -8.9221e-01 +3.9912e+00
6968 +4.299329248e-08 +4.299329248e-08 -6.211100000e+02 -6.211100000e+02 -8.9221e-01 +3.9912e+00
6973 +4.007301868e-08 +4.007301868e-08 -6.211100000e+02 -6.211100000e+02 -8.9220e-01 +3.9912e+00
6994 +3.887328148e-08 +3.887328148e-08 -6.211100000e+02 -6.211100000e+02 -8.9217e-01 +3.9912e+00
6998 +3.668651516e-08 +3.668651516e-08 -6.211100000e+02 -6.211100000e+02 -8.9219e-01 +3.9912e+00
7003 +3.589832431e-08 +3.589832431e-08 -6.211100000e+02 -6.211100000e+02 -8.9219e-01 +3.9912e+00
7020 +3.260970516e-08 +3.260970516e-08 -6.211100000e+02 -6.211100000e+02 -8.9218e-01 +3.9912e+00
7024 +2.877186489e-08 +2.877186489e-08 -6.211100000e+02 -6.211100000e+02 -8.9216e-01 +3.9912e+00
7038 +2.631873031e-08 +2.631873031e-08 -6.211100000e+02 -6.211100000e+02 -8.9216e-01 +3.9912e+00
7043 +2.597153070e-08 +2.597153070e-08 -6.211100000e+02 -6.211100000e+02 -8.9216e-01 +3.9912e+00
7047 +2.442595815e-08 +2.442595815e-08 -6.211100000e+02 -6.211100000e+02 -8.9215e-01 +3.9912e+00
7058 +2.356796358e-08 +2.356796358e-08 -6.211100000e+02 -6.211100000e+02 -8.9215e-01 +3.9912e+00
7066 +2.284889433e-08 +2.284889433e-08 -6.211100000e+02 -6.211100000e+02 -8.9215e-01 +3.9912e+00
7087 +2.133231192e-08 +2.133231192e-08 -6.211100000e+02 -6.211100000e+02 -8.9214e-01 +3.9912e+00
7099 +2.003685040e-08 +2.003685040e-08 -6.211100000e+02 -6.211100000e+02 -8.9214e-01 +3.9912e+00
7102 +1.904129476e-08 +1.904129476e-08 -6.211100000e+02 -6.211100000e+02 -8.9213e-01 +3.9912e+00
7112 +1.841283392e-08 +1.841283392e-08 -6.211100000e+02 -6.211100000e+02 -8.9213e-01 +3.9912e+00
7123 +1.777107173e-08 +1.777107173e-08 -6.211100000e+02 -6.211100000e+02 -8.9213e-01 +3.9912e+00
7132 +1.609373612e-08 +1.609373612e-08 -6.211100000e+02 -6.211100000e+02 -8.9213e-01 +3.9912e+00
7149 +1.571061148e-08 +1.571061148e-08 -6.211100000e+02 -6.211100000e+02 -8.9212e-01 +3.9912e+00
7152 +1.479850198e-08 +1.479850198e-08 -6.211100000e+02 -6.211100000e+02 -8.9212e-01 +3.9912e+00
7164 +1.448722742e-08 +1.448722742e-08 -6.211100000e+02 -6.211100000e+02 -8.9212e-01 +3.9912e+00
7173 +1.419539331e-08 +1.419539331e-08 -6.211100000e+02 -6.211100000e+02 -8.9212e-01 +3.9912e+00
7177 +1.371199687e-08 +1.371199687e-08 -6.211100000e+02 -6.211100000e+02 -8.9212e-01 +3.9912e+00
7179 +1.268404048e-08 +1.268404048e-08 -6.211100000e+02 -6.211100000e+02 -8.9211e-01 +3.9912e+00
7183 +1.116245585e-08 +1.116245585e-08 -6.211100000e+02 -6.211100000e+02 -8.9210e-01 +3.9912e+00
7200 +9.096766007e-09 +9.096766007e-09 -6.211100000e+02 -6.211100000e+02 -8.9209e-01 +3.9912e+00
% function evaluation | noise-free fitness - Fopt (-2.548200000000e+02) | best noise-free fitness - Fopt | measured fitness | best measured fitness | x1 | x2...
1 +2.881702870e+08 +2.881702870e+08 +2.881700322e+08 +2.881700322e+08 +0.0000e+00 +0.0000e+00
2 +1.362549515e+07 +1.362549515e+07 +1.362524033e+07 +1.362524033e+07 +2.3909e+00 +1.2304e+00
14 +1.324445301e+07 +1.324445301e+07 +1.324419819e+07 +1.324419819e+07 +2.4287e+00 +1.2310e+00
38 +1.308031112e+07 +1.308031112e+07 +1.308005630e+07 +1.308005630e+07 +2.4465e+00 +1.2305e+00
55 +1.261521226e+07 +1.261521226e+07 +1.261495744e+07 +1.261495744e+07 +2.4961e+00 +1.2311e+00
57 +1.228028790e+07 +1.228028790e+07 +1.228003308e+07 +1.228003308e+07 +2.5324e+00 +1.2325e+00
63 +1.021465364e+07 +1.021465364e+07 +1.021439882e+07 +1.021439882e+07 +2.8262e+00 +1.2243e+00
80 +6.566011723e+06 +6.566011723e+06 +6.565756903e+06 +6.565756903e+06 +3.9117e+00 +1.2233e+00
82 +6.391936519e+06 +6.391936519e+06 +6.391681699e+06 +6.391681699e+06 +5.1147e+00 +1.2272e+00
92 +6.270469045e+06 +6.270469045e+06 +6.270214225e+06 +6.270214225e+06 +4.5364e+00 +1.2033e+00
106 +5.652337075e+06 +5.652337075e+06 +5.652082255e+06 +5.652082255e+06 +7.7105e+00 +1.3833e+00
115 +2.786778735e+06 +2.786778735e+06 +2.786523915e+06 +2.786523915e+06 +3.3611e+01 +2.0917e+00
122 +9.671711616e+05 +9.671711616e+05 +9.669163416e+05 +9.669163416e+05 +2.2123e+01 +2.7775e+00
130 +4.861174469e+05 +4.861174469e+05 +4.858626269e+05 +4.858626269e+05 +5.1352e+01 +3.0652e+00
132 +8.292592669e+03 +8.292592669e+03 +8.037772669e+03 +8.037772669e+03 +3.8447e+01 +3.6766e+00
163 +9.622433806e+02 +9.622433806e+02 +7.074233806e+02 +7.074233806e+02 +3.4358e+01 +3.7658e+00
192 +6.807899337e+02 +6.807899337e+02 +4.259699337e+02 +4.259699337e+02 +1.9852e+01 +3.7403e+00
203 +6.741772787e+02 +6.741772787e+02 +4.193572787e+02 +4.193572787e+02 +2.5343e+01 +3.7752e+00
207 +4.397232995e+02 +4.397232995e+02 +1.849032995e+02 +1.849032995e+02 +2.1518e+01 +3.7497e+00
236 +3.868212936e+02 +3.868212936e+02 +1.320012936e+02 +1.320012936e+02 +2.3290e+01 +3.7630e+00
242 +3.192810724e+02 +3.192810724e+02 +6.446107236e+01 +6.446107236e+01 +2.1299e+01 +3.7575e+00
252 +2.952518447e+02 +2.952518447e+02 +4.043184470e+01 +4.043184470e+01 +2.0453e+01 +3.7568e+00
263 +2.385548228e+02 +2.385548228e+02 -1.626517725e+01 -1.626517725e+01 +1.9184e+01 +3.7611e+00
288 +2.191188261e+02 +2.191188261e+02 -3.570117392e+01 -3.570117392e+01 +6.8730e+00 +3.7753e+00
291 +9.342089085e+01 +9.342089085e+01 -1.613991092e+02 -1.613991092e+02 +1.0592e+01 +3.7540e+00
299 +6.267189178e+00 +6.267189178e+00 -2.485528108e+02 -2.485528108e+02 +5.3620e+00 +3.7627e+00
323 +1.814937311e+00 +1.814937311e+00 -2.530050627e+02 -2.530050627e+02 +4.4882e+00 +3.7619e+00
335 +1.305548411e+00 +1.305548411e+00 -2.535144516e+02 -2.535144516e+02 +4.4120e+00 +3.7599e+00
345 +9.924709056e-01 +9.924709056e-01 -2.538275291e+02 -2.538275291e+02 +4.0454e+00 +3.7599e+00
351 +5.237228028e-01 +5.237228028e-01 -2.542962772e+02 -2.542962772e+02 +4.1007e+00 +3.7602e+00
355 +1.558807909e-01 +1.558807909e-01 -2.546641192e+02 -2.546641192e+02 +4.0383e+00 +3.7605e+00
362 +1.426717505e-01 +1.426717505e-01 -2.546773282e+02 -2.546773282e+02 +4.0994e+00 +3.7607e+00
375 +5.502896495e-02 +5.502896495e-02 -2.547649710e+02 -2.547649710e+02 +3.7725e+00 +3.7606e+00
385 +2.719319830e-02 +2.719319830e-02 -2.547928068e+02 -2.547928068e+02 +3.8994e+00 +3.7608e+00
423 +3.296238167e-03 +3.296238167e-03 -2.548167038e+02 -2.548167038e+02 +3.7981e+00 +3.7608e+00
424 +4.975862715e-04 +4.975862715e-04 -2.548195024e+02 -2.548195024e+02 +3.7396e+00 +3.7608e+00
539 +4.702638722e-04 +4.702638722e-04 -2.548195297e+02 -2.548195297e+02 +3.7624e+00 +3.7608e+00
542 +3.604048126e-04 +3.604048126e-04 -2.548196396e+02 -2.548196396e+02 +3.7594e+00 +3.7608e+00
546 +1.650324362e-04 +1.650324362e-04 -2.548198350e+02 -2.548198350e+02 +3.7514e+00 +3.7608e+00
551 +5.809213238e-05 +5.809213238e-05 -2.548199419e+02 -2.548199419e+02 +3.7454e+00 +3.7608e+00
559 +3.243717711e-05 +3.243717711e-05 -2.548199676e+02 -2.548199676e+02 +3.7415e+00 +3.7608e+00
567 +1.109180417e-05 +1.109180417e-05 -2.548199889e+02 -2.548199889e+02 +3.7404e+00 +3.7608e+00
586 +7.808201389e-06 +7.808201389e-06 -2.548199922e+02 -2.548199922e+02 +3.7403e+00 +3.7608e+00
598 +6.053858414e-06 +6.053858414e-06 -2.548199939e+02 -2.548199939e+02 +3.7405e+00 +3.7608e+00
644 +5.287157450e-06 +5.287157450e-06 -2.548199947e+02 -2.548199947e+02 +3.7431e+00 +3.7608e+00
662 +3.247450792e-06 +3.247450792e-06 -2.548199968e+02 -2.548199968e+02 +3.7426e+00 +3.7608e+00
672 +7.626742615e-07 +7.626742615e-07 -2.548199992e+02 -2.548199992e+02 +3.7417e+00 +3.7608e+00
675 +1.673790848e-07 +1.673790848e-07 -2.548199998e+02 -2.548199998e+02 +3.7412e+00 +3.7608e+00
678 +3.369393653e-08 +3.369393653e-08 -2.548200000e+02 -2.548200000e+02 +3.7409e+00 +3.7608e+00
710 +2.528310006e-08 +2.528310006e-08 -2.548200000e+02 -2.548200000e+02 +3.7408e+00 +3.7608e+00
712 +2.451474757e-08 +2.451474757e-08 -2.548200000e+02 -2.548200000e+02 +3.7409e+00 +3.7608e+00
722 +2.073491601e-08 +2.073491601e-08 -2.548200000e+02 -2.548200000e+02 +3.7409e+00 +3.7608e+00
753 +4.975390766e-09 +4.975390766e-09 -2.548200000e+02 -2.548200000e+02 +3.7408e+00 +3.7608e+00
983 +0.000000000e+00 +0.000000000e+00 -2.548200000e+02 -2.548200000e+02 +3.7408e+00 +3.7608e+00
% function evaluation | noise-free fitness - Fopt (5.661000000000e+01) | best noise-free fitness - Fopt | measured fitness | best measured fitness | x1 | x2...
1 +1.170257328e+08 +1.170257328e+08 +1.170257894e+08 +1.170257894e+08 +0.0000e+00 +0.0000e+00
2 +1.048608199e+06 +1.048608199e+06 +1.048664809e+06 +1.048664809e+06 -3.2206e+00 -4.0450e+00
5 +1.039436835e+06 +1.039436835e+06 +1.039493445e+06 +1.039493445e+06 -3.2144e+00 -4.0441e+00
8 +1.005949575e+06 +1.005949575e+06 +1.006006185e+06 +1.006006185e+06 -3.1872e+00 -4.0439e+00
14 +9.937541803e+05 +9.937541803e+05 +9.938107903e+05 +9.938107903e+05 -3.1757e+00 -4.0450e+00
20 +8.953689349e+05 +8.953689349e+05 +8.954255449e+05 +8.954255449e+05 -3.0939e+00 -4.0435e+00
23 +8.812372170e+05 +8.812372170e+05 +8.812938270e+05 +8.812938270e+05 -3.0822e+00 -4.0429e+00
31 +8.078247635e+05 +8.078247635e+05 +8.078813735e+05 +8.078813735e+05 -3.0169e+00 -4.0424e+00
38 +6.355484047e+05 +6.355484047e+05 +6.356050147e+05 +6.356050147e+05 -2.8563e+00 -4.0367e+00
42 +5.242790280e+05 +5.242790280e+05 +5.243356380e+05 +5.243356380e+05 -2.7356e+00 -4.0366e+00
53 +4.933709194e+05 +4.933709194e+05 +4.934275294e+05 +4.934275294e+05 -2.6630e+00 -4.0644e+00
55 +4.282858383e+05 +4.282858383e+05 +4.283424483e+05 +4.283424483e+05 -2.6981e+00 -3.9776e+00
60 +2.134158078e+05 +2.134158078e+05 +2.134724178e+05 +2.134724178e+05 -2.2994e+00 -4.0386e+00
80 +1.453863769e+05 +1.453863769e+05 +1.454429869e+05 +1.454429869e+05 -2.2212e+00 -3.9966e+00
90 +4.946135833e+04 +4.946135833e+04 +4.951796833e+04 +4.951796833e+04 -1.9744e+00 -3.9844e+00
97 +5.253186906e+03 +5.253186906e+03 +5.309796906e+03 +5.309796906e+03 -1.7282e+00 -3.9831e+00
102 +2.760294904e+03 +2.760294904e+03 +2.816904904e+03 +2.816904904e+03 -1.6493e+00 -4.0179e+00
118 +7.918163341e+02 +7.918163341e+02 +8.484263341e+02 +8.484263341e+02 -1.5148e+00 -4.0190e+00
125 +4.727852517e+02 +4.727852517e+02 +5.293952517e+02 +5.293952517e+02 -1.5384e+00 -4.0091e+00
149 +8.370063701e+00 +8.370063701e+00 +6.498006370e+01 +6.498006370e+01 -1.5982e+00 -3.9900e+00
176 +8.139255251e+00 +8.139255251e+00 +6.474925525e+01 +6.474925525e+01 -1.5974e+00 -3.9909e+00
193 +8.069970535e+00 +8.069970535e+00 +6.467997054e+01 +6.467997054e+01 -1.6023e+00 -3.9881e+00
10927 +7.942982478e+00 +7.942982478e+00 +6.455298248e+01 +6.455298248e+01 -1.6063e+00 -3.9847e+00
78299 +7.762355534e+00 +7.762355534e+00 +6.437235553e+01 +6.437235553e+01 -1.6320e+00 -3.9652e+00
% function evaluation | noise-free fitness - Fopt (-1.810000000000e+01) | best noise-free fitness - Fopt | measured fitness | best measured fitness | x1 | x2...
1 +3.264899073e+05 +3.264899073e+05 +3.264718073e+05 +3.264718073e+05 +0.0000e+00 +0.0000e+00
2 +9.667662076e+04 +9.667662076e+04 +9.665852076e+04 +9.665852076e+04 -2.2122e+00 +8.1088e-01
12 +7.993474240e+04 +7.993474240e+04 +7.991664240e+04 +7.991664240e+04 -2.2940e+00 +8.7188e-01
17 +3.535292752e+04 +3.535292752e+04 +3.533482752e+04 +3.533482752e+04 -2.1819e+00 +9.2741e-01
24 +2.967364221e+04 +2.967364221e+04 +2.965554221e+04 +2.965554221e+04 -2.2677e+00 +9.7668e-01
25 +2.899100606e+04 +2.899100606e+04 +2.897290606e+04 +2.897290606e+04 -2.1816e+00 +9.4574e-01
26 +2.178047539e+04 +2.178047539e+04 +2.176237539e+04 +2.176237539e+04 -2.0489e+00 +9.2145e-01
30 +1.175707814e+04 +1.175707814e+04 +1.173897814e+04 +1.173897814e+04 -2.1964e+00 +1.0157e+00
32 +3.558631777e+03 +3.558631777e+03 +3.540531777e+03 +3.540531777e+03 -1.8834e+00 +9.5737e-01
43 +3.736098451e+02 +3.736098451e+02 +3.555098451e+02 +3.555098451e+02 -2.4573e+00 +1.2557e+00
47 +1.896265284e+02 +1.896265284e+02 +1.715265284e+02 +1.715265284e+02 -1.8522e+00 +9.9500e-01
64 +1.611370489e+02 +1.611370489e+02 +1.430370489e+02 +1.430370489e+02 -2.3966e-01 +6.5027e-01
69 +4.947151868e+00 +4.947151868e+00 -1.315284813e+01 -1.315284813e+01 -1.9842e+00 +1.0538e+00
107 +6.169631502e-01 +6.169631502e-01 -1.748303685e+01 -1.748303685e+01 -2.8517e-01 +6.4795e-01
132 +5.686622044e-01 +5.686622044e-01 -1.753133780e+01 -1.753133780e+01 -2.1857e-02 +5.8921e-01
142 +4.444351675e-01 +4.444351675e-01 -1.765556483e+01 -1.765556483e+01 -4.8822e-03 +5.8619e-01
86809 +4.364615157e-01 +4.364615157e-01 -1.766353848e+01 -1.766353848e+01 +3.0976e-02 +5.7811e-01
96483 +4.265443087e-01 +4.265443087e-01 -1.767345569e+01 -1.767345569e+01 +2.3632e-02 +5.7972e-01
% function evaluation | noise-free fitness - Fopt (3.777000000000e+01) | best noise-free fitness - Fopt | measured fitness | best measured fitness | x1 | x2...
1 +4.240305599e+06 +4.240305599e+06 +4.240343369e+06 +4.240343369e+06 +0.0000e+00 +0.0000e+00
64 +3.781302545e+06 +3.781302545e+06 +3.781340315e+06 +3.781340315e+06 -4.5742e+00 +4.0038e+00
71 +3.291660384e+06 +3.291660384e+06 +3.291698154e+06 +3.291698154e+06 -4.4426e+00 +2.4491e-01
75 +1.089567937e+06 +1.089567937e+06 +1.089605707e+06 +1.089605707e+06 -4.4537e+00 +3.1030e+00
76 +1.534267729e+03 +1.534267729e+03 +1.572037729e+03 +1.572037729e+03 -4.4543e+00 +2.0202e+00
133 +5.070595077e+01 +5.070595077e+01 +8.847595077e+01 +8.847595077e+01 -4.1153e+00 +2.0528e+00
161 +9.536945251e+00 +9.536945251e+00 +4.730694525e+01 +4.730694525e+01 -3.4505e+00 +2.0573e+00
179 +2.938988621e+00 +2.938988621e+00 +4.070898862e+01 +4.070898862e+01 -2.2974e+00 +2.0581e+00
215 +2.499655360e+00 +2.499655360e+00 +4.026965536e+01 +4.026965536e+01 -1.7506e+00 +2.0606e+00
221 +1.850314139e+00 +1.850314139e+00 +3.962031414e+01 +3.962031414e+01 -1.5025e+00 +2.0605e+00
223 +1.720674551e+00 +1.720674551e+00 +3.949067455e+01 +3.949067455e+01 -1.6484e+00 +2.0603e+00
225 +4.109526414e-01 +4.109526414e-01 +3.818095264e+01 +3.818095264e+01 -1.1879e+00 +2.0598e+00
232 +8.566232837e-02 +8.566232837e-02 +3.785566233e+01 +3.785566233e+01 -1.1787e+00 +2.0594e+00
245 +3.108885599e-02 +3.108885599e-02 +3.780108886e+01 +3.780108886e+01 -1.1467e+00 +2.0591e+00
342 +3.032634925e-02 +3.032634925e-02 +3.780032635e+01 +3.780032635e+01 -1.0747e+00 +2.0591e+00
357 +2.845740149e-02 +2.845740149e-02 +3.779845740e+01 +3.779845740e+01 -1.0143e+00 +2.0590e+00
367 +2.184324733e-02 +2.184324733e-02 +3.779184325e+01 +3.779184325e+01 -1.0422e+00 +2.0591e+00
376 +9.299553859e-03 +9.299553859e-03 +3.777929955e+01 +3.777929955e+01 -1.0549e+00 +2.0591e+00
396 +8.156880974e-03 +8.156880974e-03 +3.777815688e+01 +3.777815688e+01 -1.0430e+00 +2.0591e+00
399 +6.891608363e-03 +6.891608363e-03 +3.777689161e+01 +3.777689161e+01 -1.0430e+00 +2.0591e+00
406 +6.554466050e-03 +6.554466050e-03 +3.777655447e+01 +3.777655447e+01 -1.0320e+00 +2.0591e+00
412 +3.103988786e-03 +3.103988786e-03 +3.777310399e+01 +3.777310399e+01 -1.0301e+00 +2.0592e+00
423 +3.015772822e-03 +3.015772822e-03 +3.777301577e+01 +3.777301577e+01 -1.0304e+00 +2.0592e+00
426 +1.622206984e-03 +1.622206984e-03 +3.777162221e+01 +3.777162221e+01 -1.0172e+00 +2.0592e+00
452 +1.483457729e-03 +1.483457729e-03 +3.777148346e+01 +3.777148346e+01 -1.0112e+00 +2.0592e+00
454 +1.448336233e-03 +1.448336233e-03 +3.777144834e+01 +3.777144834e+01 -1.0170e+00 +2.0592e+00
462 +1.237499809e-03 +1.237499809e-03 +3.777123750e+01 +3.777123750e+01 -1.0131e+00 +2.0592e+00
465 +1.030921630e-03 +1.030921630e-03 +3.777103092e+01 +3.777103092e+01 -1.0113e+00 +2.0592e+00
468 +2.136968201e-05 +2.136968201e-05 +3.777002137e+01 +3.777002137e+01 -9.8382e-01 +2.0592e+00
510 +5.571783319e-06 +5.571783319e-06 +3.777000557e+01 +3.777000557e+01 -9.8084e-01 +2.0592e+00
523 +4.859263676e-06 +4.859263676e-06 +3.777000486e+01 +3.777000486e+01 -9.8048e-01 +2.0592e+00
539 +2.587499608e-06 +2.587499608e-06 +3.777000259e+01 +3.777000259e+01 -9.8053e-01 +2.0592e+00
544 +2.176200269e-06 +2.176200269e-06 +3.777000218e+01 +3.777000218e+01 -9.8066e-01 +2.0592e+00
545 +2.002912382e-06 +2.002912382e-06 +3.777000200e+01 +3.777000200e+01 -9.8059e-01 +2.0592e+00
551 +6.165901851e-07 +6.165901851e-07 +3.777000062e+01 +3.777000062e+01 -9.7981e-01 +2.0592e+00
604 +5.780104786e-07 +5.780104786e-07 +3.777000058e+01 +3.777000058e+01 -9.7995e-01 +2.0592e+00
613 +5.508101140e-07 +5.508101140e-07 +3.777000055e+01 +3.777000055e+01 -9.7994e-01 +2.0592e+00
617 +4.876205750e-07 +4.876205750e-07 +3.777000049e+01 +3.777000049e+01 -9.7989e-01 +2.0592e+00
629 +4.684207795e-07 +4.684207795e-07 +3.777000047e+01 +3.777000047e+01 -9.7987e-01 +2.0592e+00
631 +2.832222066e-07 +2.832222066e-07 +3.777000028e+01 +3.777000028e+01 -9.7971e-01 +2.0592e+00
634 +2.086066857e-07 +2.086066857e-07 +3.777000021e+01 +3.777000021e+01 -9.7963e-01 +2.0592e+00
643 +1.759655532e-08 +1.759655532e-08 +3.777000002e+01 +3.777000002e+01 -9.7924e-01 +2.0592e+00
666 +9.450218386e-09 +9.450218386e-09 +3.777000001e+01 +3.777000001e+01 -9.7926e-01 +2.0592e+00
% function evaluation | noise-free fitness - Fopt (6.054000000000e+01) | best noise-free fitness - Fopt | measured fitness | best measured fitness | x1 | x2...
1 +1.071762351e+06 +1.071762351e+06 +1.071822891e+06 +1.071822891e+06 +0.0000e+00 +0.0000e+00
147 +1.592441639e+04 +1.592441639e+04 +1.598495639e+04 +1.598495639e+04 +1.1800e+01 -3.3966e+00
154 +8.496479035e+03 +8.496479035e+03 +8.557019035e+03 +8.557019035e+03 +1.1219e+01 -3.4018e+00
176 +3.896777142e+03 +3.896777142e+03 +3.957317142e+03 +3.957317142e+03 +1.1290e+01 -3.3972e+00
196 +1.685368696e+02 +1.685368696e+02 +2.290768696e+02 +2.290768696e+02 +1.1438e+01 -3.3966e+00
208 +1.270681493e+02 +1.270681493e+02 +1.876081493e+02 +1.876081493e+02 +1.1469e+01 -3.3991e+00
214 +1.225719506e+02 +1.225719506e+02 +1.831119506e+02 +1.831119506e+02 +1.1466e+01 -3.4011e+00
20404 +1.202264043e+02 +1.202264043e+02 +1.807664043e+02 +1.807664043e+02 +1.1389e+01 -3.3702e+00
54128 +1.174897298e+02 +1.174897298e+02 +1.780297298e+02 +1.780297298e+02 +1.1273e+01 -3.3243e+00
85905 +1.148121085e+02 +1.148121085e+02 +1.753521085e+02 +1.753521085e+02 +1.1157e+01 -3.2788e+00
% function evaluation | noise-free fitness - Fopt (7.079600000000e+02) | best noise-free fitness - Fopt | measured fitness | best measured fitness | x1 | x2...
1 +2.032583151e+05 +2.032583151e+05 +2.039662751e+05 +2.039662751e+05 +0.0000e+00 +0.0000e+00
42 +1.566674289e+05 +1.566674289e+05 +1.573753889e+05 +1.573753889e+05 +3.5847e+00 -2.8577e+00
60 +1.480372276e+05 +1.480372276e+05 +1.487451876e+05 +1.487451876e+05 +3.5738e+00 -2.8633e+00
64 +1.249503646e+05 +1.249503646e+05 +1.256583246e+05 +1.256583246e+05 +3.5561e+00 -2.8891e+00
68 +7.163572163e+04 +7.163572163e+04 +7.234368163e+04 +7.234368163e+04 +3.5804e+00 -3.0168e+00
75 +3.894356363e+04 +3.894356363e+04 +3.965152363e+04 +3.965152363e+04 +3.2434e+00 -2.8437e+00
82 +3.035288408e+04 +3.035288408e+04 +3.106084408e+04 +3.106084408e+04 +3.1066e+00 -2.7667e+00
88 +1.735740583e+02 +1.735740583e+02 +8.815340583e+02 +8.815340583e+02 +3.1929e+00 -3.0396e+00
107 +6.640957842e+01 +6.640957842e+01 +7.743695784e+02 +7.743695784e+02 +3.0273e+00 -2.9185e+00
124 +3.634036619e+01 +3.634036619e+01 +7.443003662e+02 +7.443003662e+02 +3.0031e+00 -2.9086e+00
139 +3.489884331e+01 +3.489884331e+01 +7.428588433e+02 +7.428588433e+02 +3.0112e+00 -2.9122e+00
165 +3.443478965e+01 +3.443478965e+01 +7.423947897e+02 +7.423947897e+02 +3.0067e+00 -2.9099e+00
48071 +3.388440469e+01 +3.388440469e+01 +7.418444047e+02 +7.418444047e+02 +2.9749e+00 -2.8849e+00
% function evaluation | noise-free fitness - Fopt (1.118000000000e+01) | best noise-free fitness - Fopt | measured fitness | best measured fitness | x1 | x2...
1 +2.122183351e+07 +2.122183351e+07 +2.122184469e+07 +2.122184469e+07 +0.0000e+00 +0.0000e+00
2 +1.861776193e+07 +1.861776193e+07 +1.861777311e+07 +1.861777311e+07 -3.1477e+00 +5.0443e-01
6 +1.806990114e+07 +1.806990114e+07 +1.806991232e+07 +1.806991232e+07 -3.1262e+00 +4.4047e-01
12 +1.726952950e+07 +1.726952950e+07 +1.726954068e+07 +1.726954068e+07 -3.1721e+00 +3.4526e-01
33 +1.697408734e+07 +1.697408734e+07 +1.697409852e+07 +1.697409852e+07 -3.1784e+00 +3.0956e-01
36 +1.243220305e+07 +1.243220305e+07 +1.243221423e+07 +1.243221423e+07 -3.1457e+00 -2.8447e-01
42 +9.031370930e+06 +9.031370930e+06 +9.031382110e+06 +9.031382110e+06 -3.2676e+00 -8.0518e-01
50 +8.334481697e+06 +8.334481697e+06 +8.334492877e+06 +8.334492877e+06 -3.7233e+00 -9.2345e-01
53 +6.975047984e+06 +6.975047984e+06 +6.975059164e+06 +6.975059164e+06 -3.4021e+00 -1.1694e+00
54 +1.927457563e+06 +1.927457563e+06 +1.927468743e+06 +1.927468743e+06 -3.1258e+00 -2.4221e+00
59 +2.976575938e+05 +2.976575938e+05 +2.976687738e+05 +2.976687738e+05 -3.5808e+00 -4.3560e+00
62 +2.552486574e+04 +2.552486574e+04 +2.553604574e+04 +2.553604574e+04 -3.3654e+00 -3.9702e+00
67 +9.679332488e+03 +9.679332488e+03 +9.690512488e+03 +9.690512488e+03 -3.3944e+00 -3.7120e+00
84 +2.611781121e+03 +2.611781121e+03 +2.622961121e+03 +2.622961121e+03 -3.2671e+00 -3.8615e+00
96 +2.745708285e+02 +2.745708285e+02 +2.857508285e+02 +2.857508285e+02 -3.4040e+00 -3.7940e+00
140 +1.347455127e+02 +1.347455127e+02 +1.459255127e+02 +1.459255127e+02 -3.3816e+00 -3.8218e+00
176 +7.987179423e+00 +7.987179423e+00 +1.916717942e+01 +1.916717942e+01 -3.4555e+00 -3.8085e+00
182 +4.399175338e+00 +4.399175338e+00 +1.557917534e+01 +1.557917534e+01 -3.4428e+00 -3.8105e+00
270 +1.877244253e+00 +1.877244253e+00 +1.305724425e+01 +1.305724425e+01 -2.7030e+00 -3.8102e+00
297 +6.293147479e-01 +6.293147479e-01 +1.180931475e+01 +1.180931475e+01 -1.9052e+00 -3.8098e+00
307 +3.445007726e-01 +3.445007726e-01 +1.152450077e+01 +1.152450077e+01 -1.9373e+00 -3.8104e+00
323 +3.112147268e-01 +3.112147268e-01 +1.149121473e+01 +1.149121473e+01 -1.8594e+00 -3.8106e+00
329 +1.901647215e-01 +1.901647215e-01 +1.137016472e+01 +1.137016472e+01 -1.6540e+00 -3.8107e+00
353 +1.722443494e-01 +1.722443494e-01 +1.135224435e+01 +1.135224435e+01 -1.7314e+00 -3.8106e+00
355 +1.050004183e-01 +1.050004183e-01 +1.128500042e+01 +1.128500042e+01 -1.6253e+00 -3.8106e+00
357 +6.025634230e-02 +6.025634230e-02 +1.124025634e+01 +1.124025634e+01 -1.4844e+00 -3.8106e+00
376 +1.920860267e-02 +1.920860267e-02 +1.119920860e+01 +1.119920860e+01 -1.4282e+00 -3.8105e+00
391 +1.424586019e-02 +1.424586019e-02 +1.119424586e+01 +1.119424586e+01 -1.4689e+00 -3.8104e+00
405 +1.329543213e-02 +1.329543213e-02 +1.119329543e+01 +1.119329543e+01 -1.4656e+00 -3.8104e+00
412 +9.109214860e-03 +9.109214860e-03 +1.118910921e+01 +1.118910921e+01 -1.4449e+00 -3.8104e+00
418 +6.988272764e-03 +6.988272764e-03 +1.118698827e+01 +1.118698827e+01 -1.4014e+00 -3.8105e+00
428 +6.529579936e-03 +6.529579936e-03 +1.118652958e+01 +1.118652958e+01 -1.4297e+00 -3.8104e+00
441 +5.854509852e-03 +5.854509852e-03 +1.118585451e+01 +1.118585451e+01 -1.4256e+00 -3.8104e+00
442 +5.438157250e-03 +5.438157250e-03 +1.118543816e+01 +1.118543816e+01 -1.4239e+00 -3.8104e+00
444 +5.052907436e-03 +5.052907436e-03 +1.118505291e+01 +1.118505291e+01 -1.4214e+00 -3.8104e+00
450 +4.482769516e-03 +4.482769516e-03 +1.118448277e+01 +1.118448277e+01 -1.4173e+00 -3.8104e+00
453 +2.100475065e-03 +2.100475065e-03 +1.118210048e+01 +1.118210048e+01 -1.3846e+00 -3.8104e+00
465 +8.272803538e-04 +8.272803538e-04 +1.118082728e+01 +1.118082728e+01 -1.3736e+00 -3.8104e+00
477 +7.536499992e-04 +7.536499992e-04 +1.118075365e+01 +1.118075365e+01 -1.3776e+00 -3.8104e+00
481 +5.683938771e-04 +5.683938771e-04 +1.118056839e+01 +1.118056839e+01 -1.3741e+00 -3.8104e+00
484 +5.180310805e-04 +5.180310805e-04 +1.118051803e+01 +1.118051803e+01 -1.3730e+00 -3.8104e+00
493 +3.783850368e-04 +3.783850368e-04 +1.118037839e+01 +1.118037839e+01 -1.3698e+00 -3.8104e+00
497 +2.566480032e-04 +2.566480032e-04 +1.118025665e+01 +1.118025665e+01 -1.3664e+00 -3.8104e+00
502 +2.457034072e-04 +2.457034072e-04 +1.118024570e+01 +1.118024570e+01 -1.3652e+00 -3.8104e+00
503 +1.768787983e-04 +1.768787983e-04 +1.118017688e+01 +1.118017688e+01 -1.3632e+00 -3.8104e+00
506 +1.378489390e-04 +1.378489390e-04 +1.118013785e+01 +1.118013785e+01 -1.3619e+00 -3.8104e+00
509 +6.951427789e-05 +6.951427789e-05 +1.118006951e+01 +1.118006951e+01 -1.3517e+00 -3.8104e+00
512 +6.252232876e-05 +6.252232876e-05 +1.118006252e+01 +1.118006252e+01 -1.3555e+00 -3.8104e+00
514 +6.122018994e-05 +6.122018994e-05 +1.118006122e+01 +1.118006122e+01 -1.3522e+00 -3.8104e+00
517 +6.013786384e-06 +6.013786384e-06 +1.118000601e+01 +1.118000601e+01 -1.3509e+00 -3.8104e+00
518 +2.954245367e-06 +2.954245367e-06 +1.118000295e+01 +1.118000295e+01 -1.3521e+00 -3.8104e+00
573 +2.439118616e-06 +2.439118616e-06 +1.118000244e+01 +1.118000244e+01 -1.3520e+00 -3.8104e+00
581 +2.184892923e-06 +2.184892923e-06 +1.118000218e+01 +1.118000218e+01 -1.3519e+00 -3.8104e+00
585 +1.001410396e-06 +1.001410396e-06 +1.118000100e+01 +1.118000100e+01 -1.3514e+00 -3.8104e+00
597 +5.740220796e-07 +5.740220796e-07 +1.118000057e+01 +1.118000057e+01 -1.3511e+00 -3.8104e+00
607 +3.710509890e-07 +3.710509890e-07 +1.118000037e+01 +1.118000037e+01 -1.3505e+00 -3.8104e+00
613 +2.851926268e-07 +2.851926268e-07 +1.118000029e+01 +1.118000029e+01 -1.3506e+00 -3.8104e+00
620 +2.645100707e-07 +2.645100707e-07 +1.118000026e+01 +1.118000026e+01 -1.3509e+00 -3.8104e+00
623 +1.532132661e-07 +1.532132661e-07 +1.118000015e+01 +1.118000015e+01 -1.3507e+00 -3.8104e+00
628 +7.899088317e-08 +7.899088317e-08 +1.118000008e+01 +1.118000008e+01 -1.3507e+00 -3.8104e+00
642 +6.129088526e-08 +6.129088526e-08 +1.118000006e+01 +1.118000006e+01 -1.3506e+00 -3.8104e+00
654 +6.890745752e-09 +6.890745752e-09 +1.118000001e+01 +1.118000001e+01 -1.3505e+00 -3.8104e+00
% function evaluation | noise-free fitness - Fopt (1.818000000000e+01) | best noise-free fitness - Fopt | measured fitness | best measured fitness | x1 | x2...
1 +7.797650304e+06 +7.797650304e+06 +7.797668484e+06 +7.797668484e+06 +0.0000e+00 +0.0000e+00
85 +2.232145827e+06 +2.232145827e+06 +2.232164007e+06 +2.232164007e+06 +2.3362e+00 -4.4135e+00
101 +1.012805322e+06 +1.012805322e+06 +1.012823502e+06 +1.012823502e+06 +2.1224e+00 -4.4194e+00
104 +1.716968269e+05 +1.716968269e+05 +1.717150069e+05 +1.717150069e+05 +1.8853e+00 -4.4044e+00
105 +4.951941898e+04 +4.951941898e+04 +4.953759898e+04 +4.953759898e+04 +1.6561e+00 -4.3960e+00
133 +2.968102581e+03 +2.968102581e+03 +2.986282581e+03 +2.986282581e+03 +1.7207e+00 -4.4296e+00
165 +6.334187643e+01 +6.334187643e+01 +8.152187643e+01 +8.152187643e+01 +1.7009e+00 -4.2240e+00
24354 +6.309142043e+01 +6.309142043e+01 +8.127142043e+01 +8.127142043e+01 +1.7005e+00 -4.2209e+00
41069 +6.165769950e+01 +6.165769950e+01 +7.983769950e+01 +7.983769950e+01 +1.6925e+00 -4.1761e+00
54697 +6.025587198e+01 +6.025587198e+01 +7.843587198e+01 +7.843587198e+01 +1.6846e+00 -4.1317e+00
69434 +5.887512714e+01 +5.887512714e+01 +7.705512714e+01 +7.705512714e+01 +1.6769e+00 -4.0873e+00
84217 +5.754293137e+01 +5.754293137e+01 +7.572293137e+01 +7.572293137e+01 +1.6695e+00 -4.0439e+00
98266 +5.623346884e+01 +5.623346884e+01 +7.441346884e+01 +7.441346884e+01 +1.6622e+00 -4.0008e+00
% function evaluation | noise-free fitness - Fopt (1.089300000000e+02) | best noise-free fitness - Fopt | measured fitness | best measured fitness | x1 | x2...
1 +4.892025262e+06 +4.892025262e+06 +4.892134192e+06 +4.892134192e+06 +0.0000e+00 +0.0000e+00
2 +3.873866001e+06 +3.873866001e+06 +3.873974931e+06 +3.873974931e+06 +6.8123e-01 -4.2766e+00
12 +3.754269951e+06 +3.754269951e+06 +3.754378881e+06 +3.754378881e+06 +6.5795e-01 -4.2433e+00
21 +3.648249859e+06 +3.648249859e+06 +3.648358789e+06 +3.648358789e+06 +6.5652e-01 -4.2154e+00
25 +3.262145628e+06 +3.262145628e+06 +3.262254558e+06 +3.262254558e+06 +6.6247e-01 -4.1116e+00
37 +3.404354725e+05 +3.404354725e+05 +3.405444025e+05 +3.405444025e+05 +5.9707e-01 -2.8749e+00
57 +1.713001787e+04 +1.713001787e+04 +1.723894787e+04 +1.723894787e+04 +6.1293e-01 -2.1582e+00
67 +1.683006124e+04 +1.683006124e+04 +1.693899124e+04 +1.693899124e+04 +6.5326e-01 -2.4246e+00
72 +4.567418132e+00 +4.567418132e+00 +1.134974181e+02 +1.134974181e+02 +6.0799e-01 -2.2898e+00
154 +4.405024269e+00 +4.405024269e+00 +1.133350243e+02 +1.133350243e+02 +8.3931e-01 -2.3131e+00
185 +4.255435375e+00 +4.255435375e+00 +1.131854354e+02 +1.131854354e+02 +8.2754e-01 -2.3119e+00
200 +3.837683211e+00 +3.837683211e+00 +1.127676832e+02 +1.127676832e+02 +8.1970e-01 -2.3125e+00
214 +3.786507195e+00 +3.786507195e+00 +1.127165072e+02 +1.127165072e+02 +7.9434e-01 -2.3097e+00
231 +3.689675035e+00 +3.689675035e+00 +1.126196750e+02 +1.126196750e+02 +7.9505e-01 -2.3096e+00
253 +3.602793665e+00 +3.602793665e+00 +1.125327937e+02 +1.125327937e+02 +7.9780e-01 -2.3096e+00
2234 +3.546708659e+00 +3.546708659e+00 +1.124767087e+02 +1.124767087e+02 +8.1221e-01 -2.3111e+00
6148 +3.466294317e+00 +3.466294317e+00 +1.123962943e+02 +1.123962943e+02 +8.3358e-01 -2.3134e+00
10820 +3.388420576e+00 +3.388420576e+00 +1.123184206e+02 +1.123184206e+02 +8.5446e-01 -2.3157e+00
13737 +3.310928196e+00 +3.310928196e+00 +1.122409282e+02 +1.122409282e+02 +8.7551e-01 -2.3179e+00
17532 +3.233255155e+00 +3.233255155e+00 +1.121632552e+02 +1.121632552e+02 +8.9908e-01 -2.3203e+00
21373 +3.161842289e+00 +3.161842289e+00 +1.120918423e+02 +1.120918423e+02 +9.1695e-01 -2.3224e+00
24261 +3.087466142e+00 +3.087466142e+00 +1.120174661e+02 +1.120174661e+02 +9.3818e-01 -2.3246e+00
27380 +3.019736521e+00 +3.019736521e+00 +1.119497365e+02 +1.119497365e+02 +9.5702e-01 -2.3266e+00
30202 +2.951208705e+00 +2.951208705e+00 +1.118812087e+02 +1.118812087e+02 +9.7662e-01 -2.3287e+00
33602 +2.877418293e+00 +2.877418293e+00 +1.118074183e+02 +1.118074183e+02 +9.9862e-01 -2.3311e+00
37624 +2.818371460e+00 +2.818371460e+00 +1.117483715e+02 +1.117483715e+02 +1.0155e+00 -2.3329e+00
41832 +2.753858093e+00 +2.753858093e+00 +1.116838581e+02 +1.116838581e+02 +1.0347e+00 -2.3349e+00
44043 +2.689738985e+00 +2.689738985e+00 +1.116197390e+02 +1.116197390e+02 +1.0541e+00 -2.3370e+00
47725 +2.629524281e+00 +2.629524281e+00 +1.115595243e+02 +1.115595243e+02 +1.0725e+00 -2.3389e+00
50493 +2.570155680e+00 +2.570155680e+00 +1.115001557e+02 +1.115001557e+02 +1.0908e+00 -2.3409e+00
54908 +2.500543238e+00 +2.500543238e+00 +1.114305432e+02 +1.114305432e+02 +1.1125e+00 -2.3432e+00
56787 +2.454428312e+00 +2.454428312e+00 +1.113844283e+02 +1.113844283e+02 +1.1270e+00 -2.3448e+00
61109 +2.398759761e+00 +2.398759761e+00 +1.113287598e+02 +1.113287598e+02 +1.1448e+00 -2.3467e+00
65675 +2.343957283e+00 +2.343957283e+00 +1.112739573e+02 +1.112739573e+02 +1.1625e+00 -2.3486e+00
69644 +2.290793868e+00 +2.290793868e+00 +1.112207939e+02 +1.112207939e+02 +1.1798e+00 -2.3504e+00
72772 +2.238567221e+00 +2.238567221e+00 +1.111685672e+02 +1.111685672e+02 +1.1972e+00 -2.3523e+00
76889 +2.187744978e+00 +2.187744978e+00 +1.111177450e+02 +1.111177450e+02 +1.2141e+00 -2.3541e+00
77796 +2.128844945e+00 +2.128844945e+00 +1.110588449e+02 +1.110588449e+02 +1.2342e+00 -2.3562e+00
80562 +2.088812398e+00 +2.088812398e+00 +1.110188124e+02 +1.110188124e+02 +1.2477e+00 -2.3577e+00
82228 +2.036310605e+00 +2.036310605e+00 +1.109663106e+02 +1.109663106e+02 +1.2669e+00 -2.3597e+00
85221 +1.995034574e+00 +1.995034574e+00 +1.109250346e+02 +1.109250346e+02 +1.2803e+00 -2.3612e+00
86548 +1.949739410e+00 +1.949739410e+00 +1.108797394e+02 +1.108797394e+02 +1.2964e+00 -2.3629e+00
88559 +1.896533074e+00 +1.896533074e+00 +1.108265331e+02 +1.108265331e+02 +1.3162e+00 -2.3649e+00
91572 +1.861946230e+00 +1.861946230e+00 +1.107919462e+02 +1.107919462e+02 +1.3281e+00 -2.3662e+00
94272 +1.819663244e+00 +1.819663244e+00 +1.107496632e+02 +1.107496632e+02 +1.3435e+00 -2.3679e+00
97028 +1.778174690e+00 +1.778174690e+00 +1.107081747e+02 +1.107081747e+02 +1.3589e+00 -2.3695e+00
% function evaluation | noise-free fitness - Fopt (1.966000000000e+01) | best noise-free fitness - Fopt | measured fitness | best measured fitness | x1 | x2...
1 +1.128110807e+07 +1.128110807e+07 +1.128112773e+07 +1.128112773e+07 +0.0000e+00 +0.0000e+00
24 +1.100727169e+07 +1.100727169e+07 +1.100729135e+07 +1.100729135e+07 -1.6716e+00 +2.7909e-02
36 +1.092916641e+07 +1.092916641e+07 +1.092918607e+07 +1.092918607e+07 -1.6658e+00 +1.6151e-02
39 +9.852780123e+06 +9.852780123e+06 +9.852799783e+06 +9.852799783e+06 -1.6570e+00 -1.5086e-01
41 +3.945889434e+06 +3.945889434e+06 +3.945909094e+06 +3.945909094e+06 -1.6806e+00 -1.3039e+00
45 +2.943788388e+06 +2.943788388e+06 +2.943808048e+06 +2.943808048e+06 -1.6893e+00 -1.5748e+00
54 +2.673223215e+05 +2.673223215e+05 +2.673419815e+05 +2.673419815e+05 -1.6304e+00 -2.7735e+00
61 +2.442024020e+05 +2.442024020e+05 +2.442220620e+05 +2.442220620e+05 -1.6891e+00 -2.7970e+00
65 +1.336341003e+05 +1.336341003e+05 +1.336537603e+05 +1.336537603e+05 -1.6887e+00 -2.9257e+00
71 +1.497559349e+03 +1.497559349e+03 +1.517219349e+03 +1.517219349e+03 -1.6582e+00 -3.3298e+00
82 +3.059727348e+02 +3.059727348e+02 +3.256327348e+02 +3.256327348e+02 -1.7547e+00 -3.2748e+00
102 +1.423666780e+02 +1.423666780e+02 +1.620266780e+02 +1.620266780e+02 -1.6670e+00 -3.3031e+00
107 +4.472609693e+00 +4.472609693e+00 +2.413260969e+01 +2.413260969e+01 -1.6931e+00 -3.2894e+00
178 +1.497418346e-01 +1.497418346e-01 +1.980974183e+01 +1.980974183e+01 -1.7520e+00 -3.2919e+00
231 +2.440281450e-02 +2.440281450e-02 +1.968440281e+01 +1.968440281e+01 -2.0242e+00 -3.2943e+00
241 +2.249217140e-02 +2.249217140e-02 +1.968249217e+01 +1.968249217e+01 -2.0155e+00 -3.2945e+00
244 +2.052882563e-02 +2.052882563e-02 +1.968052883e+01 +1.968052883e+01 -2.0376e+00 -3.2944e+00
247 +2.338608817e-03 +2.338608817e-03 +1.966233861e+01 +1.966233861e+01 -1.9460e+00 -3.2944e+00
263 +7.851627490e-04 +7.851627490e-04 +1.966078516e+01 +1.966078516e+01 -1.9243e+00 -3.2944e+00
316 +4.551123818e-04 +4.551123818e-04 +1.966045511e+01 +1.966045511e+01 -1.9105e+00 -3.2944e+00
323 +8.845561517e-05 +8.845561517e-05 +1.966008846e+01 +1.966008846e+01 -1.8971e+00 -3.2944e+00
336 +1.179309221e-05 +1.179309221e-05 +1.966001179e+01 +1.966001179e+01 -1.8973e+00 -3.2944e+00
342 +2.856202080e-06 +2.856202080e-06 +1.966000286e+01 +1.966000286e+01 -1.8984e+00 -3.2944e+00
348 +8.682849639e-07 +8.682849639e-07 +1.966000087e+01 +1.966000087e+01 -1.8984e+00 -3.2944e+00
370 +7.452261457e-07 +7.452261457e-07 +1.966000075e+01 +1.966000075e+01 -1.8975e+00 -3.2944e+00
383 +3.140422962e-07 +3.140422962e-07 +1.966000031e+01 +1.966000031e+01 -1.8979e+00 -3.2944e+00
399 +4.622628680e-08 +4.622628680e-08 +1.966000005e+01 +1.966000005e+01 -1.8974e+00 -3.2944e+00
508 +3.545036975e-08 +3.545036975e-08 +1.966000004e+01 +1.966000004e+01 -1.8974e+00 -3.2944e+00
516 +2.887937001e-08 +2.887937001e-08 +1.966000003e+01 +1.966000003e+01 -1.8974e+00 -3.2944e+00
543 +2.690060441e-08 +2.690060441e-08 +1.966000003e+01 +1.966000003e+01 -1.8974e+00 -3.2944e+00
549 +2.592033610e-08 +2.592033610e-08 +1.966000003e+01 +1.966000003e+01 -1.8974e+00 -3.2944e+00
564 +2.567690771e-08 +2.567690771e-08 +1.966000003e+01 +1.966000003e+01 -1.8974e+00 -3.2944e+00
565 +2.500140184e-08 +2.500140184e-08 +1.966000003e+01 +1.966000003e+01 -1.8974e+00 -3.2944e+00
573 +2.247519859e-08 +2.247519859e-08 +1.966000002e+01 +1.966000002e+01 -1.8974e+00 -3.2944e+00
589 +2.117601383e-08 +2.117601383e-08 +1.966000002e+01 +1.966000002e+01 -1.8975e+00 -3.2944e+00
590 +1.789752346e-08 +1.789752346e-08 +1.966000002e+01 +1.966000002e+01 -1.8975e+00 -3.2944e+00
600 +1.634278490e-08 +1.634278490e-08 +1.966000002e+01 +1.966000002e+01 -1.8975e+00 -3.2944e+00
602 +1.342655764e-08 +1.342655764e-08 +1.966000001e+01 +1.966000001e+01 -1.8975e+00 -3.2944e+00
604 +2.141369748e-09 +2.141369748e-09 +1.966000000e+01 +1.966000000e+01 -1.8976e+00 -3.2944e+00
831 +0.000000000e+00 +0.000000000e+00 +1.966000000e+01 +1.966000000e+01 -1.8976e+00 -3.2944e+00
% function evaluation | noise-free fitness - Fopt (-3.538000000000e+02) | best noise-free fitness - Fopt | measured fitness | best measured fitness | x1 | x2...
1 +3.587091875e+07 +3.587091875e+07 +3.587056495e+07 +3.587056495e+07 +0.0000e+00 +0.0000e+00
34 +1.238027291e+07 +1.238027291e+07 +1.237991911e+07 +1.237991911e+07 -1.0049e+00 +6.3809e-02
42 +3.492385947e+06 +3.492385947e+06 +3.492032147e+06 +3.492032147e+06 -1.9212e+00 +1.0713e-01
48 +1.564449407e+06 +1.564449407e+06 +1.564095607e+06 +1.564095607e+06 -4.9287e+00 +7.5204e-02
52 +2.510288922e+05 +2.510288922e+05 +2.506750922e+05 +2.506750922e+05 -3.9618e+00 +1.3477e-01
53 +1.865980943e+04 +1.865980943e+04 +1.830600943e+04 +1.830600943e+04 -3.5754e+00 +1.1461e-01
69 +1.750921141e+04 +1.750921141e+04 +1.715541141e+04 +1.715541141e+04 -3.3272e+00 +8.3608e-02
76 +1.255750666e+02 +1.255750666e+02 -2.282249334e+02 -2.282249334e+02 -3.4614e+00 +9.2864e-02
86 +1.112702052e+02 +1.112702052e+02 -2.425297948e+02 -2.425297948e+02 -3.4510e+00 +1.0807e-01
87 +3.402834879e+01 +3.402834879e+01 -3.197716512e+02 -3.197716512e+02 -3.4493e+00 +1.0321e-01
99 +3.051695879e+00 +3.051695879e+00 -3.507483041e+02 -3.507483041e+02 -3.4428e+00 +1.0629e-01
129 +2.036633636e+00 +2.036633636e+00 -3.517633664e+02 -3.517633664e+02 -3.4464e+00 +9.9489e-02
144 +1.889321629e+00 +1.889321629e+00 -3.519106784e+02 -3.519106784e+02 -3.4437e+00 +1.0316e-01
43086 +1.862083602e+00 +1.862083602e+00 -3.519379164e+02 -3.519379164e+02 -3.4391e+00 +1.1038e-01
% function evaluation | noise-free fitness - Fopt (-5.925000000000e+01) | best noise-free fitness - Fopt | measured fitness | best measured fitness | x1 | x2...
1 +7.052153728e+06 +7.052153728e+06 +7.052094478e+06 +7.052094478e+06 +0.0000e+00 +0.0000e+00
92 +4.392098853e+06 +4.392098853e+06 +4.392039603e+06 +4.392039603e+06 +2.2830e-01 +5.8762e+00
93 +4.311283745e+06 +4.311283745e+06 +4.311224495e+06 +4.311224495e+06 +4.4137e+00 +5.7587e+00
94 +3.985538246e+03 +3.985538246e+03 +3.926288246e+03 +3.926288246e+03 +2.3743e+00 +6.1564e+00
111 +2.820127815e+03 +2.820127815e+03 +2.760877815e+03 +2.760877815e+03 +2.2686e+00 +5.9842e+00
123 +8.024190244e+01 +8.024190244e+01 +2.099190244e+01 +2.099190244e+01 +2.3103e+00 +6.2653e+00
134 +5.884769436e+01 +5.884769436e+01 -4.023056351e-01 -4.023056351e-01 +2.3130e+00 +6.1668e+00
149 +5.726281034e+01 +5.726281034e+01 -1.987189658e+00 -1.987189658e+00 +2.3128e+00 +6.1642e+00
156 +5.465265476e+01 +5.465265476e+01 -4.597345244e+00 -4.597345244e+00 +2.3116e+00 +6.1626e+00
634 +5.365754123e+01 +5.365754123e+01 -5.592458765e+00 -5.592458765e+00 +2.3144e+00 +6.0981e+00
1242 +5.247994749e+01 +5.247994749e+01 -6.770052510e+00 -6.770052510e+00 +2.3187e+00 +6.0271e+00
2462 +5.128536398e+01 +5.128536398e+01 -7.964636020e+00 -7.964636020e+00 +2.3234e+00 +5.9451e+00
3686 +5.011742333e+01 +5.011742333e+01 -9.132576668e+00 -9.132576668e+00 +2.3281e+00 +5.8633e+00
4920 +4.855525747e+01 +4.855525747e+01 -1.069474253e+01 -1.069474253e+01 +2.3351e+00 +5.7292e+00
5034 +4.785792838e+01 +4.785792838e+01 -1.139207162e+01 -1.139207162e+01 +2.3372e+00 +5.7021e+00
5784 +4.665679220e+01 +4.665679220e+01 -1.259320780e+01 -1.259320780e+01 +2.3427e+00 +5.6101e+00
6274 +4.531895112e+01 +4.531895112e+01 -1.393104888e+01 -1.393104888e+01 +2.3481e+00 +5.5135e+00
6762 +4.466721139e+01 +4.466721139e+01 -1.458278861e+01 -1.458278861e+01 +2.3505e+00 +5.4679e+00
8015 +4.363691492e+01 +4.363691492e+01 -1.561308508e+01 -1.561308508e+01 +2.3548e+00 +5.3898e+00
9755 +4.265464093e+01 +4.265464093e+01 -1.659535907e+01 -1.659535907e+01 +2.3590e+00 +5.3152e+00
10878 +4.168408710e+01 +4.168408710e+01 -1.756591290e+01 -1.756591290e+01 +2.3632e+00 +5.2404e+00
12208 +4.073713292e+01 +4.073713292e+01 -1.851286708e+01 -1.851286708e+01 +2.3674e+00 +5.1672e+00
14034 +3.980814376e+01 +3.980814376e+01 -1.944185624e+01 -1.944185624e+01 +2.3716e+00 +5.0942e+00
15097 +3.888872214e+01 +3.888872214e+01 -2.036127786e+01 -2.036127786e+01 +2.3757e+00 +5.0213e+00
15677 +3.779003116e+01 +3.779003116e+01 -2.145996884e+01 -2.145996884e+01 +2.3810e+00 +4.9207e+00
15723 +3.682348525e+01 +3.682348525e+01 -2.242651475e+01 -2.242651475e+01 +2.4599e+00 +3.5994e+00
15748 +3.606108242e+01 +3.606108242e+01 -2.318891758e+01 -2.318891758e+01 +2.4160e+00 +4.2659e+00
15753 +3.202209871e+01 +3.202209871e+01 -2.722790129e+01 -2.722790129e+01 +2.4196e+00 +4.2188e+00
15755 +2.993837832e+01 +2.993837832e+01 -2.931162168e+01 -2.931162168e+01 +2.4207e+00 +4.2135e+00
15762 +2.930719076e+01 +2.930719076e+01 -2.994280924e+01 -2.994280924e+01 +2.4232e+00 +4.1881e+00
15939 +2.883651112e+01 +2.883651112e+01 -3.041348888e+01 -3.041348888e+01 +2.4246e+00 +4.1544e+00
16591 +2.816131885e+01 +2.816131885e+01 -3.108868115e+01 -3.108868115e+01 +2.4283e+00 +4.0931e+00
17128 +2.754161873e+01 +2.754161873e+01 -3.170838127e+01 -3.170838127e+01 +2.4315e+00 +4.0348e+00
17992 +2.685465994e+01 +2.685465994e+01 -3.239534006e+01 -3.239534006e+01 +2.4353e+00 +3.9656e+00
18509 +2.629685321e+01 +2.629685321e+01 -3.295314679e+01 -3.295314679e+01 +2.4383e+00 +3.9151e+00
19632 +2.502580957e+01 +2.502580957e+01 -3.422419043e+01 -3.422419043e+01 +2.4472e+00 +3.7459e+00
20159 +2.454558598e+01 +2.454558598e+01 -3.470441402e+01 -3.470441402e+01 +2.4481e+00 +3.7410e+00
21232 +2.396886165e+01 +2.396886165e+01 -3.528113835e+01 -3.528113835e+01 +2.4514e+00 +3.6828e+00
22165 +2.344125763e+01 +2.344125763e+01 -3.580874237e+01 -3.580874237e+01 +2.4545e+00 +3.6282e+00
23359 +2.289839784e+01 +2.289839784e+01 -3.635160216e+01 -3.635160216e+01 +2.4577e+00 +3.5726e+00
24341 +2.238591843e+01 +2.238591843e+01 -3.686408157e+01 -3.686408157e+01 +2.4607e+00 +3.5187e+00
25004 +2.185750770e+01 +2.185750770e+01 -3.739249230e+01 -3.739249230e+01 +2.4639e+00 +3.4628e+00
25960 +2.137768829e+01 +2.137768829e+01 -3.787231171e+01 -3.787231171e+01 +2.4668e+00 +3.4114e+00
26893 +2.088384476e+01 +2.088384476e+01 -3.836615524e+01 -3.836615524e+01 +2.4698e+00 +3.3576e+00
28280 +2.041280970e+01 +2.041280970e+01 -3.883719030e+01 -3.883719030e+01 +2.4728e+00 +3.3048e+00
29200 +1.954948092e+01 +1.954948092e+01 -3.970051908e+01 -3.970051908e+01 +2.4792e+00 +3.1846e+00
29247 +1.944815810e+01 +1.944815810e+01 -3.980184190e+01 -3.980184190e+01 +2.4793e+00 +3.1948e+00
30075 +1.905400345e+01 +1.905400345e+01 -4.019599655e+01 -4.019599655e+01 +2.4814e+00 +3.1528e+00
31180 +1.861942998e+01 +1.861942998e+01 -4.063057002e+01 -4.063057002e+01 +2.4842e+00 +3.1027e+00
32289 +1.819208472e+01 +1.819208472e+01 -4.105791528e+01 -4.105791528e+01 +2.4871e+00 +3.0534e+00
33818 +1.778235264e+01 +1.778235264e+01 -4.146764736e+01 -4.146764736e+01 +2.4898e+00 +3.0054e+00
34879 +1.737531067e+01 +1.737531067e+01 -4.187468933e+01 -4.187468933e+01 +2.4925e+00 +2.9553e+00
35683 +1.697069692e+01 +1.697069692e+01 -4.227930308e+01 -4.227930308e+01 +2.4953e+00 +2.9080e+00
36223 +1.645304295e+01 +1.645304295e+01 -4.279695705e+01 -4.279695705e+01 +2.4988e+00 +2.8443e+00
37160 +1.621704667e+01 +1.621704667e+01 -4.303295333e+01 -4.303295333e+01 +2.5006e+00 +2.8155e+00
38114 +1.584130729e+01 +1.584130729e+01 -4.340869271e+01 -4.340869271e+01 +2.5032e+00 +2.7690e+00
38806 +1.548573084e+01 +1.548573084e+01 -4.376426916e+01 -4.376426916e+01 +2.5057e+00 +2.7238e+00
39506 +1.508894478e+01 +1.508894478e+01 -4.416105522e+01 -4.416105522e+01 +2.5089e+00 +2.6620e+00
40825 +1.477827583e+01 +1.477827583e+01 -4.447172417e+01 -4.447172417e+01 +2.5108e+00 +2.6333e+00
41682 +1.444108988e+01 +1.444108988e+01 -4.480891012e+01 -4.480891012e+01 +2.5133e+00 +2.5892e+00
41935 +1.402541565e+01 +1.402541565e+01 -4.522458435e+01 -4.522458435e+01 +2.5166e+00 +2.5334e+00
42993 +1.379741356e+01 +1.379741356e+01 -4.545258644e+01 -4.545258644e+01 +2.5182e+00 +2.5036e+00
44413 +1.348562495e+01 +1.348562495e+01 -4.576437505e+01 -4.576437505e+01 +2.5206e+00 +2.4616e+00
45515 +1.290432785e+01 +1.290432785e+01 -4.634567215e+01 -4.634567215e+01 +2.5251e+00 +2.3789e+00
45587 +1.282094192e+01 +1.282094192e+01 -4.642905808e+01 -4.642905808e+01 +2.5260e+00 +2.3677e+00
46404 +1.256327783e+01 +1.256327783e+01 -4.668672217e+01 -4.668672217e+01 +2.5278e+00 +2.3338e+00
47256 +1.229801525e+01 +1.229801525e+01 -4.695198475e+01 -4.695198475e+01 +2.5299e+00 +2.2958e+00
48055 +1.201810668e+01 +1.201810668e+01 -4.723189332e+01 -4.723189332e+01 +2.5322e+00 +2.2561e+00
49301 +1.174874061e+01 +1.174874061e+01 -4.750125939e+01 -4.750125939e+01 +2.5344e+00 +2.2169e+00
50210 +1.144957085e+01 +1.144957085e+01 -4.780042915e+01 -4.780042915e+01 +2.5370e+00 +2.1682e+00
51026 +1.121477165e+01 +1.121477165e+01 -4.803522835e+01 -4.803522835e+01 +2.5388e+00 +2.1387e+00
52111 +1.094720118e+01 +1.094720118e+01 -4.830279882e+01 -4.830279882e+01 +2.5412e+00 +2.0980e+00
53221 +1.070899014e+01 +1.070899014e+01 -4.854100986e+01 -4.854100986e+01 +2.5431e+00 +2.0611e+00
54387 +1.046774245e+01 +1.046774245e+01 -4.878225755e+01 -4.878225755e+01 +2.5452e+00 +2.0245e+00
55232 +1.021956455e+01 +1.021956455e+01 -4.903043545e+01 -4.903043545e+01 +2.5475e+00 +1.9834e+00
56657 +9.993904782e+00 +9.993904782e+00 -4.925609522e+01 -4.925609522e+01 +2.5494e+00 +1.9515e+00
57740 +9.772273595e+00 +9.772273595e+00 -4.947772641e+01 -4.947772641e+01 +2.5514e+00 +1.9141e+00
58279 +9.547117189e+00 +9.547117189e+00 -4.970288281e+01 -4.970288281e+01 +2.5536e+00 +1.8794e+00
59392 +9.325068861e+00 +9.325068861e+00 -4.992493114e+01 -4.992493114e+01 +2.5555e+00 +1.8437e+00
60475 +9.119567917e+00 +9.119567917e+00 -5.013043208e+01 -5.013043208e+01 +2.5574e+00 +1.8100e+00
61417 +8.911252174e+00 +8.911252174e+00 -5.033874783e+01 -5.033874783e+01 +2.5594e+00 +1.7754e+00
62345 +8.695423760e+00 +8.695423760e+00 -5.055457624e+01 -5.055457624e+01 +2.5614e+00 +1.7387e+00
63136 +8.510805385e+00 +8.510805385e+00 -5.073919461e+01 -5.073919461e+01 +2.5632e+00 +1.7050e+00
63559 +8.308267089e+00 +8.308267089e+00 -5.094173291e+01 -5.094173291e+01 +2.5653e+00 +1.6726e+00
64363 +8.127164839e+00 +8.127164839e+00 -5.112283516e+01 -5.112283516e+01 +2.5669e+00 +1.6414e+00
65732 +7.942829266e+00 +7.942829266e+00 -5.130717073e+01 -5.130717073e+01 +2.5688e+00 +1.6075e+00
66555 +7.747440540e+00 +7.747440540e+00 -5.150255946e+01 -5.150255946e+01 +2.5708e+00 +1.5722e+00
66982 +7.585546651e+00 +7.585546651e+00 -5.166445335e+01 -5.166445335e+01 +2.5724e+00 +1.5437e+00
67821 +7.409778124e+00 +7.409778124e+00 -5.184022188e+01 -5.184022188e+01 +2.5742e+00 +1.5127e+00
68952 +7.243323445e+00 +7.243323445e+00 -5.200667656e+01 -5.200667656e+01 +2.5760e+00 +1.4802e+00
68976 +7.073016259e+00 +7.073016259e+00 -5.217698374e+01 -5.217698374e+01 +2.5777e+00 +1.4501e+00
70378 +6.917791772e+00 +6.917791772e+00 -5.233220823e+01 -5.233220823e+01 +2.5794e+00 +1.4209e+00
71122 +6.757321595e+00 +6.757321595e+00 -5.249267840e+01 -5.249267840e+01 +2.5811e+00 +1.3899e+00
71713 +6.534781639e+00 +6.534781639e+00 -5.271521836e+01 -5.271521836e+01 +2.5836e+00 +1.3473e+00
72535 +6.456136329e+00 +6.456136329e+00 -5.279386367e+01 -5.279386367e+01 +2.5845e+00 +1.3318e+00
73372 +6.296025548e+00 +6.296025548e+00 -5.295397445e+01 -5.295397445e+01 +2.5863e+00 +1.2992e+00
74054 +6.161951789e+00 +6.161951789e+00 -5.308804821e+01 -5.308804821e+01 +2.5878e+00 +1.2733e+00
75185 +6.025225552e+00 +6.025225552e+00 -5.322477445e+01 -5.322477445e+01 +2.5893e+00 +1.2456e+00
76223 +5.888387878e+00 +5.888387878e+00 -5.336161212e+01 -5.336161212e+01 +2.5909e+00 +1.2179e+00
77651 +5.748106238e+00 +5.748106238e+00 -5.350189376e+01 -5.350189376e+01 +2.5926e+00 +1.1888e+00
79188 +5.623372096e+00 +5.623372096e+00 -5.362662790e+01 -5.362662790e+01 +2.5940e+00 +1.1618e+00
79612 +5.491497251e+00 +5.491497251e+00 -5.375850275e+01 -5.375850275e+01 +2.5956e+00 +1.1342e+00
80804 +5.368467046e+00 +5.368467046e+00 -5.388153295e+01 -5.388153295e+01 +2.5971e+00 +1.1085e+00
81489 +5.246705541e+00 +5.246705541e+00 -5.400329446e+01 -5.400329446e+01 +2.5986e+00 +1.0821e+00
82662 +5.124968556e+00 +5.124968556e+00 -5.412503144e+01 -5.412503144e+01 +2.6001e+00 +1.0554e+00
83526 +5.011544419e+00 +5.011544419e+00 -5.423845558e+01 -5.423845558e+01 +2.6015e+00 +1.0301e+00
84564 +4.893062772e+00 +4.893062772e+00 -5.435693723e+01 -5.435693723e+01 +2.6030e+00 +1.0037e+00
84983 +4.785945875e+00 +4.785945875e+00 -5.446405412e+01 -5.446405412e+01 +2.6044e+00 +9.7916e-01
86058 +4.677324307e+00 +4.677324307e+00 -5.457267569e+01 -5.457267569e+01 +2.6058e+00 +9.5427e-01
86963 +4.560334748e+00 +4.560334748e+00 -5.468966525e+01 -5.468966525e+01 +2.6074e+00 +9.2725e-01
87106 +4.458801447e+00 +4.458801447e+00 -5.479119855e+01 -5.479119855e+01 +2.6089e+00 +9.0217e-01
88216 +4.364214069e+00 +4.364214069e+00 -5.488578593e+01 -5.488578593e+01 +2.6100e+00 +8.8092e-01
88777 +4.056819878e+00 +4.056819878e+00 -5.519318012e+01 -5.519318012e+01 +2.6145e+00 +7.9745e-01
88819 +3.955356705e+00 +3.955356705e+00 -5.529464329e+01 -5.529464329e+01 +2.6156e+00 +7.8076e-01
88923 +3.516528804e+00 +3.516528804e+00 -5.573347120e+01 -5.573347120e+01 +2.6228e+00 +6.4954e-01
90764 +3.466935795e+00 +3.466935795e+00 -5.578306421e+01 -5.578306421e+01 +2.6228e+00 +6.5415e-01
91522 +3.386622253e+00 +3.386622253e+00 -5.586337775e+01 -5.586337775e+01 +2.6243e+00 +6.2575e-01
92301 +3.310873041e+00 +3.310873041e+00 -5.593912696e+01 -5.593912696e+01 +2.6252e+00 +6.1110e-01
93214 +3.235933897e+00 +3.235933897e+00 -5.601406610e+01 -5.601406610e+01 +2.6264e+00 +5.9097e-01
93742 +3.160925327e+00 +3.160925327e+00 -5.608907467e+01 -5.608907467e+01 +2.6276e+00 +5.7021e-01
94231 +3.045943743e+00 +3.045943743e+00 -5.620405626e+01 -5.620405626e+01 +2.6294e+00 +5.3756e-01
94303 +3.018454983e+00 +3.018454983e+00 -5.623154502e+01 -5.623154502e+01 +2.6299e+00 +5.2978e-01
94738 +2.949842578e+00 +2.949842578e+00 -5.630015742e+01 -5.630015742e+01 +2.6310e+00 +5.0964e-01
95633 +2.883047860e+00 +2.883047860e+00 -5.636695214e+01 -5.636695214e+01 +2.6321e+00 +4.9044e-01
96438 +2.816888509e+00 +2.816888509e+00 -5.643311149e+01 -5.643311149e+01 +2.6332e+00 +4.7081e-01
97225 +2.752439324e+00 +2.752439324e+00 -5.649756068e+01 -5.649756068e+01 +2.6343e+00 +4.5160e-01
97745 +2.690974985e+00 +2.690974985e+00 -5.655902502e+01 -5.655902502e+01 +2.6353e+00 +4.3226e-01
98419 +2.629826162e+00 +2.629826162e+00 -5.662017384e+01 -5.662017384e+01 +2.6365e+00 +4.1378e-01
98926 +2.562203257e+00 +2.562203257e+00 -5.668779674e+01 -5.668779674e+01 +2.6376e+00 +3.9241e-01
% function evaluation | noise-free fitness - Fopt (-2.707000000000e+01) | best noise-free fitness - Fopt | measured fitness | best measured fitness | x1 | x2...
1 +5.965960596e+06 +5.965960596e+06 +5.965933526e+06 +5.965933526e+06 +0.0000e+00 +0.0000e+00
56 +3.691828061e+06 +3.691828061e+06 +3.691800991e+06 +3.691800991e+06 +8.4508e-02 -2.1749e+00
65 +9.897222545e+05 +9.897222545e+05 +9.896951845e+05 +9.896951845e+05 +7.8443e-01 -3.3708e+00
81 +5.650853536e+05 +5.650853536e+05 +5.650582836e+05 +5.650582836e+05 +2.4225e-01 -7.2122e+00
92 +7.669881300e+03 +7.669881300e+03 +7.642811300e+03 +7.642811300e+03 +2.1437e+00 -2.1347e+00
97 +1.778685972e+02 +1.778685972e+02 +1.507985972e+02 +1.507985972e+02 +1.9340e+00 -2.6589e+00
99 +1.033579458e+02 +1.033579458e+02 +7.628794579e+01 +7.628794579e+01 +2.0356e+00 -2.1812e+00
110 +2.398806253e+01 +2.398806253e+01 -3.081937471e+00 -3.081937471e+00 +1.9928e+00 -2.4318e+00
89601 +2.344223201e+01 +2.344223201e+01 -3.627767988e+00 -3.627767988e+00 +1.9994e+00 -2.4024e+00
99486 +2.290843418e+01 +2.290843418e+01 -4.161565825e+00 -4.161565825e+00 +2.0105e+00 -2.3480e+00
% function evaluation | noise-free fitness - Fopt (-5.279000000000e+01) | best noise-free fitness - Fopt | measured fitness | best measured fitness | x1 | x2...
1 +3.772933139e+06 +3.772933139e+06 +3.772880349e+06 +3.772880349e+06 +0.0000e+00 +0.0000e+00
2 +1.824502621e+06 +1.824502621e+06 +1.824449831e+06 +1.824449831e+06 +4.7956e+00 -3.2931e+00
4 +1.819569614e+06 +1.819569614e+06 +1.819516824e+06 +1.819516824e+06 +4.7530e+00 -3.2913e+00
7 +1.748586786e+06 +1.748586786e+06 +1.748533996e+06 +1.748533996e+06 +4.7977e+00 -3.2647e+00
16 +1.737577584e+06 +1.737577584e+06 +1.737524794e+06 +1.737524794e+06 +4.8001e+00 -3.2605e+00
37 +1.682899580e+06 +1.682899580e+06 +1.682846790e+06 +1.682846790e+06 +4.8082e+00 -3.2396e+00
41 +1.493090433e+06 +1.493090433e+06 +1.493037643e+06 +1.493037643e+06 +4.7487e+00 -3.1643e+00
53 +1.474752975e+06 +1.474752975e+06 +1.474700185e+06 +1.474700185e+06 +4.8023e+00 -3.1568e+00
54 +1.419053176e+06 +1.419053176e+06 +1.419000386e+06 +1.419000386e+06 +4.8026e+00 -3.1336e+00
55 +1.241883713e+06 +1.241883713e+06 +1.241830923e+06 +1.241830923e+06 +4.7848e+00 -3.0568e+00
62 +1.015090475e+06 +1.015090475e+06 +1.015037685e+06 +1.015037685e+06 +4.8399e+00 -2.9499e+00
74 +9.666854048e+05 +9.666854048e+05 +9.666326148e+05 +9.666326148e+05 +4.7686e+00 -2.9256e+00
76 +8.312102009e+05 +8.312102009e+05 +8.311574109e+05 +8.311574109e+05 +4.7284e+00 -2.8541e+00
81 +2.595331555e+05 +2.595331555e+05 +2.594803655e+05 +2.594803655e+05 +4.7069e+00 -2.4518e+00
83 +3.393397226e+04 +3.393397226e+04 +3.388118226e+04 +3.388118226e+04 +3.8667e+00 -1.7584e+00
89 +2.882788841e+02 +2.882788841e+02 +2.354888841e+02 +2.354888841e+02 +4.7002e+00 -1.9570e+00
106 +2.246260651e+02 +2.246260651e+02 +1.718360651e+02 +1.718360651e+02 +3.8583e+00 -1.9552e+00
123 +1.672070479e+02 +1.672070479e+02 +1.144170479e+02 +1.144170479e+02 +3.8139e+00 -1.9528e+00
135 +9.310057496e+01 +9.310057496e+01 +4.031057496e+01 +4.031057496e+01 +3.9111e+00 -1.9480e+00
148 +6.764762609e+01 +6.764762609e+01 +1.485762609e+01 +1.485762609e+01 +3.8319e+00 -1.9451e+00
150 +6.189515574e+01 +6.189515574e+01 +9.105155737e+00 +9.105155737e+00 +3.5873e+00 -1.9401e+00
162 +5.613742150e+01 +5.613742150e+01 +3.347421498e+00 +3.347421498e+00 +3.5436e+00 -1.9418e+00
193 +5.485569788e+01 +5.485569788e+01 +2.065697882e+00 +2.065697882e+00 +3.4710e+00 -1.9429e+00
199 +5.229049657e+01 +5.229049657e+01 -4.995034330e-01 -4.995034330e-01 +3.2420e+00 -1.9434e+00
220 +5.081139569e+01 +5.081139569e+01 -1.978604312e+00 -1.978604312e+00 +3.1987e+00 -1.9421e+00
221 +4.392638137e+01 +4.392638137e+01 -8.863618629e+00 -8.863618629e+00 +1.9275e+00 -1.9393e+00
227 +3.973512954e+01 +3.973512954e+01 -1.305487046e+01 -1.305487046e+01 +2.2460e+00 -1.9411e+00
233 +3.771758883e+01 +3.771758883e+01 -1.507241117e+01 -1.507241117e+01 +2.1296e+00 -1.9414e+00
242 +3.062270530e+01 +3.062270530e+01 -2.216729470e+01 -2.216729470e+01 +1.4864e+00 -1.9412e+00
252 +2.499329850e+01 +2.499329850e+01 -2.779670150e+01 -2.779670150e+01 +1.0268e+00 -1.9431e+00
266 +2.345606980e+01 +2.345606980e+01 -2.933393020e+01 -2.933393020e+01 +9.1971e-01 -1.9423e+00
268 +1.281647905e+01 +1.281647905e+01 -3.997352095e+01 -3.997352095e+01 -1.0487e+00 -1.9403e+00
281 +3.455332410e+00 +3.455332410e+00 -4.933466759e+01 -4.933466759e+01 -3.8210e+00 -1.9405e+00
290 +2.673792013e+00 +2.673792013e+00 -5.011620799e+01 -5.011620799e+01 -2.7101e+00 -1.9413e+00
295 +1.485656925e+00 +1.485656925e+00 -5.130434307e+01 -5.130434307e+01 -2.7330e+00 -1.9421e+00
302 +5.796261973e-01 +5.796261973e-01 -5.221037380e+01 -5.221037380e+01 -3.1821e+00 -1.9422e+00
312 +3.508161498e-01 +3.508161498e-01 -5.243918385e+01 -5.243918385e+01 -3.3500e+00 -1.9426e+00
323 +6.178100755e-02 +6.178100755e-02 -5.272821899e+01 -5.272821899e+01 -3.8025e+00 -1.9422e+00
416 +3.781415898e-02 +3.781415898e-02 -5.275218584e+01 -5.275218584e+01 -3.7505e+00 -1.9425e+00
436 +3.313325462e-02 +3.313325462e-02 -5.275686675e+01 -5.275686675e+01 -3.7453e+00 -1.9424e+00
463 +3.148100998e-02 +3.148100998e-02 -5.275851899e+01 -5.275851899e+01 -3.7472e+00 -1.9424e+00
474 +3.058746360e-02 +3.058746360e-02 -5.275941254e+01 -5.275941254e+01 -3.7509e+00 -1.9424e+00
475 +2.831016518e-02 +2.831016518e-02 -5.276168983e+01 -5.276168983e+01 -3.7607e+00 -1.9424e+00
482 +2.318039192e-02 +2.318039192e-02 -5.276681961e+01 -5.276681961e+01 -3.7792e+00 -1.9425e+00
487 +1.962969378e-03 +1.962969378e-03 -5.278803703e+01 -5.278803703e+01 -3.9184e+00 -1.9424e+00
514 +8.047559918e-04 +8.047559918e-04 -5.278919524e+01 -5.278919524e+01 -3.8934e+00 -1.9424e+00
532 +7.565613961e-04 +7.565613961e-04 -5.278924344e+01 -5.278924344e+01 -3.8950e+00 -1.9424e+00
555 +4.626795839e-04 +4.626795839e-04 -5.278953732e+01 -5.278953732e+01 -3.9001e+00 -1.9424e+00
569 +4.325584521e-04 +4.325584521e-04 -5.278956744e+01 -5.278956744e+01 -3.9011e+00 -1.9424e+00
573 +9.807482855e-05 +9.807482855e-05 -5.278990193e+01 -5.278990193e+01 -3.9120e+00 -1.9424e+00
575 +6.401871847e-05 +6.401871847e-05 -5.278993598e+01 -5.278993598e+01 -3.9137e+00 -1.9424e+00
590 +6.152609897e-05 +6.152609897e-05 -5.278993847e+01 -5.278993847e+01 -3.9141e+00 -1.9424e+00
592 +3.985673293e-05 +3.985673293e-05 -5.278996014e+01 -5.278996014e+01 -3.9157e+00 -1.9424e+00
593 +1.971878012e-05 +1.971878012e-05 -5.278998028e+01 -5.278998028e+01 -3.9181e+00 -1.9424e+00
614 +7.824526641e-06 +7.824526641e-06 -5.278999218e+01 -5.278999218e+01 -3.9190e+00 -1.9424e+00
623 +2.469490326e-06 +2.469490326e-06 -5.278999753e+01 -5.278999753e+01 -3.9212e+00 -1.9424e+00
643 +4.917335445e-07 +4.917335445e-07 -5.278999951e+01 -5.278999951e+01 -3.9217e+00 -1.9424e+00
671 +5.142592840e-08 +5.142592840e-08 -5.278999995e+01 -5.278999995e+01 -3.9214e+00 -1.9424e+00
764 +1.597337018e-08 +1.597337018e-08 -5.278999998e+01 -5.278999998e+01 -3.9216e+00 -1.9424e+00
777 +9.261718503e-09 +9.261718503e-09 -5.278999999e+01 -5.278999999e+01 -3.9216e+00 -1.9424e+00
