% function evaluation | noise-free fitness - Fopt (7.948000000000e+001) | best noise-free fitness - Fopt | measured fitness | best measured fitness | x1 | x2...
1 +1.926270080e+000 +1.926270080e+000 +8.140627008e+001 +8.140627008e+001 +0.0000e+000 +0.0000e+000 +0.0000e+000
171 +1.026575940e+000 +1.026575940e+000 +8.050657594e+001 +8.050657594e+001 -7.1834e-001 -1.4330e+000 -6.3928e-001
184 +5.317436663e-001 +5.317436663e-001 +8.001174367e+001 +8.001174367e+001 -1.7621e-002 -1.4509e+000 -1.1400e-001
198 +5.152507798e-001 +5.152507798e-001 +7.999525078e+001 +7.999525078e+001 +2.8625e-001 -1.6115e+000 -1.6960e-001
204 +4.355627425e-001 +4.355627425e-001 +7.991556274e+001 +7.991556274e+001 -1.3217e-001 -1.6907e+000 -6.7556e-001
210 +3.183595665e-001 +3.183595665e-001 +7.979835957e+001 +7.979835957e+001 +6.5467e-001 -1.5495e+000 -7.7550e-001
214 +5.269200591e-002 +5.269200591e-002 +7.953269201e+001 +7.953269201e+001 +2.3715e-001 -1.3802e+000 -6.7363e-001
265 +1.329098921e-002 +1.329098921e-002 +7.949329099e+001 +7.949329099e+001 +3.1858e-001 -1.2016e+000 -8.0740e-001
305 +1.053969206e-002 +1.053969206e-002 +7.949053969e+001 +7.949053969e+001 +2.5960e-001 -1.2590e+000 -7.1673e-001
310 +7.494967067e-003 +7.494967067e-003 +7.948749497e+001 +7.948749497e+001 +2.4945e-001 -1.1166e+000 -8.0059e-001
319 +5.851070797e-003 +5.851070797e-003 +7.948585107e+001 +7.948585107e+001 +2.1971e-001 -1.2258e+000 -7.2436e-001
322 +2.210932191e-003 +2.210932191e-003 +7.948221093e+001 +7.948221093e+001 +2.4057e-001 -1.2017e+000 -7.1758e-001
347 +1.751716768e-003 +1.751716768e-003 +7.948175172e+001 +7.948175172e+001 +2.1553e-001 -1.1747e+000 -7.3051e-001
348 +1.725356447e-003 +1.725356447e-003 +7.948172536e+001 +7.948172536e+001 +2.1211e-001 -1.1516e+000 -7.3049e-001
359 +8.558947292e-004 +8.558947292e-004 +7.948085589e+001 +7.948085589e+001 +2.3656e-001 -1.1573e+000 -7.4833e-001
360 +7.412706127e-004 +7.412706127e-004 +7.948074127e+001 +7.948074127e+001 +2.2780e-001 -1.1649e+000 -7.3110e-001
364 +3.958368005e-004 +3.958368005e-004 +7.948039584e+001 +7.948039584e+001 +2.4377e-001 -1.1680e+000 -7.3773e-001
410 +2.474081148e-004 +2.474081148e-004 +7.948024741e+001 +7.948024741e+001 +2.6573e-001 -1.1523e+000 -7.3174e-001
429 +1.640481386e-004 +1.640481386e-004 +7.948016405e+001 +7.948016405e+001 +2.5431e-001 -1.1501e+000 -7.3482e-001
451 +1.130585564e-004 +1.130585564e-004 +7.948011306e+001 +7.948011306e+001 +2.5674e-001 -1.1650e+000 -7.1842e-001
455 +5.815562291e-005 +5.815562291e-005 +7.948005816e+001 +7.948005816e+001 +2.5791e-001 -1.1568e+000 -7.2966e-001
460 +5.049334986e-005 +5.049334986e-005 +7.948005049e+001 +7.948005049e+001 +2.5862e-001 -1.1607e+000 -7.2514e-001
467 +3.807862034e-005 +3.807862034e-005 +7.948003808e+001 +7.948003808e+001 +2.5521e-001 -1.1512e+000 -7.2308e-001
468 +1.847419104e-005 +1.847419104e-005 +7.948001847e+001 +7.948001847e+001 +2.5641e-001 -1.1559e+000 -7.2185e-001
470 +1.418672096e-005 +1.418672096e-005 +7.948001419e+001 +7.948001419e+001 +2.4933e-001 -1.1559e+000 -7.2511e-001
477 +6.777889396e-006 +6.777889396e-006 +7.948000678e+001 +7.948000678e+001 +2.5512e-001 -1.1561e+000 -7.2301e-001
535 +6.374347990e-006 +6.374347990e-006 +7.948000637e+001 +7.948000637e+001 +2.5330e-001 -1.1544e+000 -7.2336e-001
550 +6.154585449e-006 +6.154585449e-006 +7.948000615e+001 +7.948000615e+001 +2.5263e-001 -1.1593e+000 -7.2396e-001
554 +4.157425252e-006 +4.157425252e-006 +7.948000416e+001 +7.948000416e+001 +2.5321e-001 -1.1552e+000 -7.2276e-001
558 +2.271874521e-006 +2.271874521e-006 +7.948000227e+001 +7.948000227e+001 +2.5129e-001 -1.1568e+000 -7.2395e-001
562 +1.269370415e-006 +1.269370415e-006 +7.948000127e+001 +7.948000127e+001 +2.5236e-001 -1.1574e+000 -7.2315e-001
700 +1.241818921e-006 +1.241818921e-006 +7.948000124e+001 +7.948000124e+001 +2.5301e-001 -1.1572e+000 -7.2298e-001
706 +3.966587769e-008 +3.966587769e-008 +7.948000004e+001 +7.948000004e+001 +2.5296e-001 -1.1569e+000 -7.2403e-001
754 +6.119975637e-009 +6.119975637e-009 +7.948000001e+001 +7.948000001e+001 +2.5273e-001 -1.1568e+000 -7.2397e-001
1129 +0.000000000e+000 +0.000000000e+000 +7.948000000e+001 +7.948000000e+001 +2.5280e-001 -1.1568e+000 -7.2400e-001
% function evaluation | noise-free fitness - Fopt (3.944800000000e+002) | best noise-free fitness - Fopt | measured fitness | best measured fitness | x1 | x2...
1 +3.801018048e+001 +3.801018048e+001 +4.324901805e+002 +4.324901805e+002 +0.0000e+000 +0.0000e+000 +0.0000e+000
2 +3.394579937e+001 +3.394579937e+001 +4.284257994e+002 +4.284257994e+002 -3.8479e+000 +2.9174e+000 -4.2640e+000
4 +3.383523176e+001 +3.383523176e+001 +4.283152318e+002 +4.283152318e+002 -3.8503e+000 +2.9079e+000 -4.2641e+000
44 +3.299554034e+001 +3.299554034e+001 +4.274755403e+002 +4.274755403e+002 -3.8441e+000 +2.8347e+000 -4.2671e+000
70 +3.152807262e+001 +3.152807262e+001 +4.260080726e+002 +4.260080726e+002 -3.8487e+000 +2.7062e+000 -4.2542e+000
82 +2.846324262e+001 +2.846324262e+001 +4.229432426e+002 +4.229432426e+002 -3.8467e+000 +2.4244e+000 -4.2646e+000
94 +2.622503859e+001 +2.622503859e+001 +4.207050386e+002 +4.207050386e+002 -3.8612e+000 +2.2090e+000 -4.2716e+000
108 +2.314440803e+001 +2.314440803e+001 +4.176244080e+002 +4.176244080e+002 -3.8739e+000 +1.8982e+000 -4.2640e+000
110 +2.226708150e+001 +2.226708150e+001 +4.167470815e+002 +4.167470815e+002 -3.8304e+000 +1.8032e+000 -4.2847e+000
117 +2.072041359e+001 +2.072041359e+001 +4.152004136e+002 +4.152004136e+002 -3.8371e+000 +1.6344e+000 -4.2948e+000
124 +1.139623314e+001 +1.139623314e+001 +4.058762331e+002 +4.058762331e+002 -3.7922e+000 +4.4927e-001 -4.2836e+000
131 +4.007146245e+000 +4.007146245e+000 +3.984871462e+002 +3.984871462e+002 -3.8218e+000 -9.2167e-001 -4.1565e+000
149 +1.666194475e+000 +1.666194475e+000 +3.961461945e+002 +3.961461945e+002 -3.6096e+000 -1.7112e+000 -4.2409e+000
172 +1.646028277e+000 +1.646028277e+000 +3.961260283e+002 +3.961260283e+002 -3.1793e+000 -1.9139e+000 -4.2213e+000
174 +1.619333931e+000 +1.619333931e+000 +3.960993339e+002 +3.960993339e+002 -3.0743e+000 -2.0222e+000 -4.2343e+000
175 +2.979155500e-001 +2.979155500e-001 +3.947779156e+002 +3.947779156e+002 -4.0226e+000 -3.1381e+000 -4.2726e+000
182 +6.527800106e-002 +6.527800106e-002 +3.945452780e+002 +3.945452780e+002 -3.7243e+000 -2.7239e+000 -3.7174e+000
239 +3.313219948e-002 +3.313219948e-002 +3.945131322e+002 +3.945131322e+002 -3.8903e+000 -2.8616e+000 -3.9820e+000
257 +3.296288926e-002 +3.296288926e-002 +3.945129629e+002 +3.945129629e+002 -3.9223e+000 -2.7497e+000 -3.9147e+000
264 +4.689955289e-003 +4.689955289e-003 +3.944846900e+002 +3.944846900e+002 -3.9116e+000 -2.8494e+000 -3.8556e+000
285 +4.658756712e-003 +4.658756712e-003 +3.944846588e+002 +3.944846588e+002 -3.8892e+000 -2.8620e+000 -3.8638e+000
288 +3.889133761e-003 +3.889133761e-003 +3.944838891e+002 +3.944838891e+002 -3.8859e+000 -2.8675e+000 -3.8590e+000
317 +1.878341837e-003 +1.878341837e-003 +3.944818783e+002 +3.944818783e+002 -3.8693e+000 -2.8649e+000 -3.8219e+000
320 +1.712215311e-003 +1.712215311e-003 +3.944817122e+002 +3.944817122e+002 -3.8790e+000 -2.8626e+000 -3.8261e+000
322 +1.665755006e-003 +1.665755006e-003 +3.944816658e+002 +3.944816658e+002 -3.8940e+000 -2.9231e+000 -3.8264e+000
324 +6.902752925e-004 +6.902752925e-004 +3.944806903e+002 +3.944806903e+002 -3.8881e+000 -2.8673e+000 -3.7951e+000
349 +2.060804779e-004 +2.060804779e-004 +3.944802061e+002 +3.944802061e+002 -3.8913e+000 -2.8819e+000 -3.8115e+000
353 +1.111445598e-004 +1.111445598e-004 +3.944801111e+002 +3.944801111e+002 -3.8980e+000 -2.8799e+000 -3.8034e+000
362 +5.508114879e-005 +5.508114879e-005 +3.944800551e+002 +3.944800551e+002 -3.8917e+000 -2.8878e+000 -3.8044e+000
366 +4.845092701e-005 +4.845092701e-005 +3.944800485e+002 +3.944800485e+002 -3.8976e+000 -2.8859e+000 -3.7971e+000
388 +2.717087256e-005 +2.717087256e-005 +3.944800272e+002 +3.944800272e+002 -3.8977e+000 -2.8875e+000 -3.7981e+000
398 +1.419126517e-005 +1.419126517e-005 +3.944800142e+002 +3.944800142e+002 -3.8966e+000 -2.8888e+000 -3.7995e+000
441 +9.151409245e-006 +9.151409245e-006 +3.944800092e+002 +3.944800092e+002 -3.8973e+000 -2.8917e+000 -3.8049e+000
467 +6.374722943e-006 +6.374722943e-006 +3.944800064e+002 +3.944800064e+002 -3.8966e+000 -2.8910e+000 -3.8008e+000
488 +1.307942455e-006 +1.307942455e-006 +3.944800013e+002 +3.944800013e+002 -3.8982e+000 -2.8913e+000 -3.8017e+000
531 +9.024930705e-007 +9.024930705e-007 +3.944800009e+002 +3.944800009e+002 -3.8981e+000 -2.8902e+000 -3.8033e+000
539 +4.186481419e-007 +4.186481419e-007 +3.944800004e+002 +3.944800004e+002 -3.8989e+000 -2.8908e+000 -3.8025e+000
549 +3.233604389e-007 +3.233604389e-007 +3.944800003e+002 +3.944800003e+002 -3.8988e+000 -2.8908e+000 -3.8022e+000
607 +1.360818374e-007 +1.360818374e-007 +3.944800001e+002 +3.944800001e+002 -3.8984e+000 -2.8907e+000 -3.8026e+000
651 +9.704177728e-008 +9.704177728e-008 +3.944800001e+002 +3.944800001e+002 -3.8983e+000 -2.8903e+000 -3.8021e+000
717 +3.367813406e-008 +3.367813406e-008 +3.944800000e+002 +3.944800000e+002 -3.8982e+000 -2.8904e+000 -3.8024e+000
755 +1.257700433e-008 +1.257700433e-008 +3.944800000e+002 +3.944800000e+002 -3.8984e+000 -2.8905e+000 -3.8025e+000
775 +1.164539754e-008 +1.164539754e-008 +3.944800000e+002 +3.944800000e+002 -3.8984e+000 -2.8903e+000 -3.8024e+000
833 +6.488392046e-009 +6.488392046e-009 +3.944800000e+002 +3.944800000e+002 -3.8983e+000 -2.8903e+000 -3.8024e+000
1282 +0.000000000e+000 +0.000000000e+000 +3.944800000e+002 +3.944800000e+002 -3.8984e+000 -2.8904e+000 -3.8024e+000
% function evaluation | noise-free fitness - Fopt (-2.471100000000e+002) | best noise-free fitness - Fopt | measured fitness | best measured fitness | x1 | x2...
1 +1.494689024e+001 +1.494689024e+001 -2.321631098e+002 -2.321631098e+002 +0.0000e+000 +0.0000e+000 +0.0000e+000
171 +9.551207739e+000 +9.551207739e+000 -2.375587923e+002 -2.375587923e+002 -3.7010e+000 +3.2892e+000 -8.2764e-001
188 +8.671100265e+000 +8.671100265e+000 -2.384388997e+002 -2.384388997e+002 -3.0428e+000 +2.8452e+000 +3.6707e-001
198 +8.211376420e+000 +8.211376420e+000 -2.388986236e+002 -2.388986236e+002 -4.5184e+000 +2.9146e+000 -1.2756e+000
199 +8.085123299e+000 +8.085123299e+000 -2.390248767e+002 -2.390248767e+002 -3.5853e+000 +2.8260e+000 +3.8615e-001
213 +4.904670335e+000 +4.904670335e+000 -2.422053297e+002 -2.422053297e+002 -4.0734e+000 +2.3463e+000 -2.0514e-001
235 +3.842211843e+000 +3.842211843e+000 -2.432677882e+002 -2.432677882e+002 -3.5757e+000 +1.8502e+000 +3.4809e-001
243 +3.566550493e+000 +3.566550493e+000 -2.435434495e+002 -2.435434495e+002 -4.8264e+000 +1.6188e+000 +2.0040e-002
248 +3.411800212e+000 +3.411800212e+000 -2.436981998e+002 -2.436981998e+002 -3.7944e+000 +1.9643e+000 -1.3422e-001
249 +2.300318380e+000 +2.300318380e+000 -2.448096816e+002 -2.448096816e+002 -3.7685e+000 +1.6077e+000 -1.1945e-001
255 +1.635333216e+000 +1.635333216e+000 -2.454746668e+002 -2.454746668e+002 -2.8521e+000 +5.2673e-001 +1.0578e-001
257 +1.001522921e+000 +1.001522921e+000 -2.461084771e+002 -2.461084771e+002 -4.3574e+000 +4.5483e-001 +9.9806e-002
275 +9.979060982e-001 +9.979060982e-001 -2.461120939e+002 -2.461120939e+002 -3.5923e+000 +1.0648e+000 -2.2969e-001
286 +8.777677035e-001 +8.777677035e-001 -2.462322323e+002 -2.462322323e+002 -3.7856e+000 +1.0342e+000 -2.5866e-001
287 +4.109221048e-001 +4.109221048e-001 -2.466990779e+002 -2.466990779e+002 -3.6707e+000 +5.2959e-001 -1.5446e-001
314 +9.428649241e-002 +9.428649241e-002 -2.470157135e+002 -2.470157135e+002 -3.5287e+000 +3.4721e-001 -6.6277e-001
618 +7.608375005e-002 +7.608375005e-002 -2.470339162e+002 -2.470339162e+002 -3.6944e+000 +4.4783e-001 -6.1755e-001
641 +6.317437417e-002 +6.317437417e-002 -2.470468256e+002 -2.470468256e+002 -3.8333e+000 +4.5061e-001 -6.6388e-001
654 +5.525652643e-002 +5.525652643e-002 -2.470547435e+002 -2.470547435e+002 -3.8198e+000 +4.3571e-001 -7.1833e-001
662 +2.969753705e-002 +2.969753705e-002 -2.470803025e+002 -2.470803025e+002 -3.6566e+000 +3.0069e-001 -7.0099e-001
676 +1.585020725e-002 +1.585020725e-002 -2.470941498e+002 -2.470941498e+002 -3.7512e+000 +3.1657e-001 -7.1890e-001
677 +1.517539945e-002 +1.517539945e-002 -2.470948246e+002 -2.470948246e+002 -3.7858e+000 +8.0741e-002 -6.9572e-001
682 +8.886832038e-003 +8.886832038e-003 -2.471011132e+002 -2.471011132e+002 -3.7757e+000 +2.8599e-001 -6.5225e-001
683 +7.248018628e-003 +7.248018628e-003 -2.471027520e+002 -2.471027520e+002 -3.7531e+000 +2.7206e-001 -6.6986e-001
805 +5.209468729e-003 +5.209468729e-003 -2.471047905e+002 -2.471047905e+002 -3.7804e+000 +1.5850e-001 -7.4492e-001
834 +4.956580984e-003 +4.956580984e-003 -2.471050434e+002 -2.471050434e+002 -3.8078e+000 +2.6096e-001 -7.3035e-001
843 +4.512031702e-003 +4.512031702e-003 -2.471054880e+002 -2.471054880e+002 -3.7840e+000 +2.4727e-001 -7.3982e-001
844 +1.601714215e-003 +1.601714215e-003 -2.471083983e+002 -2.471083983e+002 -3.7934e+000 +2.0754e-001 -7.3067e-001
852 +6.673487885e-004 +6.673487885e-004 -2.471093327e+002 -2.471093327e+002 -3.7890e+000 +1.9542e-001 -7.1396e-001
858 +5.387921930e-004 +5.387921930e-004 -2.471094612e+002 -2.471094612e+002 -3.7948e+000 +1.9937e-001 -7.1380e-001
922 +4.571482604e-004 +4.571482604e-004 -2.471095429e+002 -2.471095429e+002 -3.7925e+000 +2.0674e-001 -7.1144e-001
935 +4.549391505e-004 +4.549391505e-004 -2.471095451e+002 -2.471095451e+002 -3.7982e+000 +2.0232e-001 -7.1251e-001
939 +3.268960165e-005 +3.268960165e-005 -2.471099673e+002 -2.471099673e+002 -3.8004e+000 +2.0742e-001 -6.8792e-001
1037 +2.016520264e-005 +2.016520264e-005 -2.471099798e+002 -2.471099798e+002 -3.7984e+000 +1.9871e-001 -6.9107e-001
1060 +8.991002147e-006 +8.991002147e-006 -2.471099910e+002 -2.471099910e+002 -3.8009e+000 +2.0421e-001 -6.8987e-001
1076 +4.346872487e-006 +4.346872487e-006 -2.471099957e+002 -2.471099957e+002 -3.7986e+000 +2.0451e-001 -6.8959e-001
1089 +2.986641476e-006 +2.986641476e-006 -2.471099970e+002 -2.471099970e+002 -3.7975e+000 +2.0393e-001 -6.9249e-001
1102 +1.973259486e-006 +1.973259486e-006 -2.471099980e+002 -2.471099980e+002 -3.7994e+000 +2.0271e-001 -6.9032e-001
1106 +1.470509574e-006 +1.470509574e-006 -2.471099985e+002 -2.471099985e+002 -3.7995e+000 +2.0355e-001 -6.9156e-001
1118 +1.282206853e-006 +1.282206853e-006 -2.471099987e+002 -2.471099987e+002 -3.7995e+000 +2.0340e-001 -6.9098e-001
1151 +1.060524056e-006 +1.060524056e-006 -2.471099989e+002 -2.471099989e+002 -3.7983e+000 +2.0253e-001 -6.9198e-001
1157 +9.079029724e-007 +9.079029724e-007 -2.471099991e+002 -2.471099991e+002 -3.7982e+000 +2.0353e-001 -6.9207e-001
1158 +3.215824336e-007 +3.215824336e-007 -2.471099997e+002 -2.471099997e+002 -3.7981e+000 +2.0333e-001 -6.9167e-001
1172 +1.213626888e-007 +1.213626888e-007 -2.471099999e+002 -2.471099999e+002 -3.7984e+000 +2.0344e-001 -6.9145e-001
1187 +1.012406017e-007 +1.012406017e-007 -2.471099999e+002 -2.471099999e+002 -3.7982e+000 +2.0338e-001 -6.9105e-001
1208 +8.234448501e-008 +8.234448501e-008 -2.471099999e+002 -2.471099999e+002 -3.7985e+000 +2.0344e-001 -6.9114e-001
1214 +6.537968034e-008 +6.537968034e-008 -2.471099999e+002 -2.471099999e+002 -3.7985e+000 +2.0342e-001 -6.9110e-001
1221 +4.933400533e-008 +4.933400533e-008 -2.471100000e+002 -2.471100000e+002 -3.7984e+000 +2.0339e-001 -6.9131e-001
1236 +3.379963687e-008 +3.379963687e-008 -2.471100000e+002 -2.471100000e+002 -3.7984e+000 +2.0331e-001 -6.9106e-001
1246 +1.915856274e-008 +1.915856274e-008 -2.471100000e+002 -2.471100000e+002 -3.7984e+000 +2.0333e-001 -6.9115e-001
1253 +1.449768661e-008 +1.449768661e-008 -2.471100000e+002 -2.471100000e+002 -3.7984e+000 +2.0332e-001 -6.9123e-001
1256 +6.766697425e-009 +6.766697425e-009 -2.471100000e+002 -2.471100000e+002 -3.7984e+000 +2.0327e-001 -6.9121e-001
1550 +0.000000000e+000 +0.000000000e+000 -2.471100000e+002 -2.471100000e+002 -3.7984e+000 +2.0320e-001 -6.9120e-001
% function evaluation | noise-free fitness - Fopt (-1.520400000000e+002) | best noise-free fitness - Fopt | measured fitness | best measured fitness | x1 | x2...
1 +1.750322688e+001 +1.750322688e+001 -1.345367731e+002 -1.345367731e+002 +0.0000e+000 +0.0000e+000 +0.0000e+000
2 +1.551795295e+001 +1.551795295e+001 -1.365220470e+002 -1.365220470e+002 -1.5692e+000 +5.9656e-001 -3.0014e-001
3 +1.547107163e+001 +1.547107163e+001 -1.365689284e+002 -1.365689284e+002 -1.5592e+000 +6.0944e-001 -3.0012e-001
33 +1.481023614e+001 +1.481023614e+001 -1.372297639e+002 -1.372297639e+002 -1.3779e+000 +7.6108e-001 -3.0029e-001
34 +1.425199723e+001 +1.425199723e+001 -1.377880028e+002 -1.377880028e+002 -1.0480e+000 +7.1055e-001 -3.0081e-001
65 +1.399133938e+001 +1.399133938e+001 -1.380486606e+002 -1.380486606e+002 -9.1402e-001 +7.6219e-001 -3.0058e-001
78 +1.353143552e+001 +1.353143552e+001 -1.385085645e+002 -1.385085645e+002 -7.3686e-001 +1.0134e+000 -2.9957e-001
93 +1.325951511e+001 +1.325951511e+001 -1.387804849e+002 -1.387804849e+002 -4.2286e-001 +1.1111e+000 -3.0025e-001
130 +1.318120228e+001 +1.318120228e+001 -1.388587977e+002 -1.388587977e+002 -2.5225e-001 +1.2272e+000 -2.9957e-001
267 +1.253287476e+001 +1.253287476e+001 -1.395071252e+002 -1.395071252e+002 -2.8022e-001 +1.4088e+000 -3.8468e-001
288 +1.159680269e+001 +1.159680269e+001 -1.404431973e+002 -1.404431973e+002 -7.9541e-001 +1.6934e+000 -5.7141e-001
335 +1.112338082e+001 +1.112338082e+001 -1.409166192e+002 -1.409166192e+002 -2.6775e-001 +1.9572e+000 -6.3252e-001
347 +1.062946929e+001 +1.062946929e+001 -1.414105307e+002 -1.414105307e+002 -3.6198e-001 +1.3675e+000 -6.6638e-001
348 +5.978441411e+000 +5.978441411e+000 -1.460615586e+002 -1.460615586e+002 +7.5718e-002 +2.3466e+000 -1.6866e+000
364 +4.541025249e+000 +4.541025249e+000 -1.474989748e+002 -1.474989748e+002 -5.1463e-002 +1.3592e+000 -1.8058e+000
382 +7.223142976e-001 +7.223142976e-001 -1.513176857e+002 -1.513176857e+002 +1.6175e-001 +1.4375e+000 -3.1912e+000
396 +3.446661422e-002 +3.446661422e-002 -1.520055334e+002 -1.520055334e+002 -3.4764e-001 +1.5229e+000 -3.7898e+000
432 +2.190694253e-002 +2.190694253e-002 -1.520180931e+002 -1.520180931e+002 -1.7209e-001 +1.4893e+000 -3.8321e+000
433 +1.175164060e-002 +1.175164060e-002 -1.520282484e+002 -1.520282484e+002 -1.8977e-001 +1.4620e+000 -3.8591e+000
472 +9.128939025e-003 +9.128939025e-003 -1.520308711e+002 -1.520308711e+002 -3.5584e-001 +1.4582e+000 -3.9348e+000
484 +3.760817984e-003 +3.760817984e-003 -1.520362392e+002 -1.520362392e+002 -3.1384e-001 +1.4592e+000 -3.9061e+000
568 +3.583452551e-003 +3.583452551e-003 -1.520364165e+002 -1.520364165e+002 -2.7159e-001 +1.4801e+000 -3.9045e+000
573 +2.804817163e-003 +2.804817163e-003 -1.520371952e+002 -1.520371952e+002 -2.7538e-001 +1.4756e+000 -3.9163e+000
586 +1.789565345e-003 +1.789565345e-003 -1.520382104e+002 -1.520382104e+002 -2.5887e-001 +1.3997e+000 -3.9584e+000
587 +6.863515000e-004 +6.863515000e-004 -1.520393136e+002 -1.520393136e+002 -2.7210e-001 +1.4367e+000 -3.9472e+000
595 +2.230956695e-004 +2.230956695e-004 -1.520397769e+002 -1.520397769e+002 -2.7200e-001 +1.4317e+000 -3.9367e+000
608 +2.184170982e-004 +2.184170982e-004 -1.520397816e+002 -1.520397816e+002 -2.7230e-001 +1.4259e+000 -3.9111e+000
620 +1.275027758e-004 +1.275027758e-004 -1.520398725e+002 -1.520398725e+002 -2.7611e-001 +1.4298e+000 -3.9286e+000
626 +1.226111785e-004 +1.226111785e-004 -1.520398774e+002 -1.520398774e+002 -2.6186e-001 +1.4178e+000 -3.9173e+000
713 +7.334750390e-005 +7.334750390e-005 -1.520399267e+002 -1.520399267e+002 -2.6825e-001 +1.4186e+000 -3.9182e+000
734 +3.467189285e-005 +3.467189285e-005 -1.520399653e+002 -1.520399653e+002 -2.6593e-001 +1.4204e+000 -3.9203e+000
757 +3.358755598e-005 +3.358755598e-005 -1.520399664e+002 -1.520399664e+002 -2.6910e-001 +1.4219e+000 -3.9198e+000
761 +2.682371516e-005 +2.682371516e-005 -1.520399732e+002 -1.520399732e+002 -2.6618e-001 +1.4227e+000 -3.9199e+000
771 +1.301200120e-005 +1.301200120e-005 -1.520399870e+002 -1.520399870e+002 -2.6697e-001 +1.4232e+000 -3.9213e+000
911 +7.676695958e-006 +7.676695958e-006 -1.520399923e+002 -1.520399923e+002 -2.6630e-001 +1.4247e+000 -3.9223e+000
922 +6.288829269e-006 +6.288829269e-006 -1.520399937e+002 -1.520399937e+002 -2.6559e-001 +1.4251e+000 -3.9232e+000
926 +5.663893205e-006 +5.663893205e-006 -1.520399943e+002 -1.520399943e+002 -2.6605e-001 +1.4250e+000 -3.9230e+000
930 +5.381289839e-006 +5.381289839e-006 -1.520399946e+002 -1.520399946e+002 -2.6623e-001 +1.4252e+000 -3.9231e+000
933 +3.278662177e-006 +3.278662177e-006 -1.520399967e+002 -1.520399967e+002 -2.6593e-001 +1.4251e+000 -3.9241e+000
948 +2.927373771e-006 +2.927373771e-006 -1.520399971e+002 -1.520399971e+002 -2.6586e-001 +1.4248e+000 -3.9241e+000
961 +2.717091149e-006 +2.717091149e-006 -1.520399973e+002 -1.520399973e+002 -2.6600e-001 +1.4251e+000 -3.9246e+000
962 +2.162280481e-006 +2.162280481e-006 -1.520399978e+002 -1.520399978e+002 -2.6616e-001 +1.4250e+000 -3.9247e+000
964 +2.008659862e-006 +2.008659862e-006 -1.520399980e+002 -1.520399980e+002 -2.6613e-001 +1.4249e+000 -3.9251e+000
966 +1.531632563e-006 +1.531632563e-006 -1.520399985e+002 -1.520399985e+002 -2.6678e-001 +1.4251e+000 -3.9244e+000
969 +1.188837388e-006 +1.188837388e-006 -1.520399988e+002 -1.520399988e+002 -2.6630e-001 +1.4243e+000 -3.9253e+000
1010 +1.764124704e-007 +1.764124704e-007 -1.520399998e+002 -1.520399998e+002 -2.6706e-001 +1.4236e+000 -3.9249e+000
1025 +1.257463680e-007 +1.257463680e-007 -1.520399999e+002 -1.520399999e+002 -2.6688e-001 +1.4241e+000 -3.9247e+000
1042 +6.774024541e-008 +6.774024541e-008 -1.520399999e+002 -1.520399999e+002 -2.6709e-001 +1.4242e+000 -3.9249e+000
1043 +6.685471021e-008 +6.685471021e-008 -1.520399999e+002 -1.520399999e+002 -2.6712e-001 +1.4241e+000 -3.9246e+000
1053 +4.316922286e-008 +4.316922286e-008 -1.520400000e+002 -1.520400000e+002 -2.6712e-001 +1.4241e+000 -3.9247e+000
1067 +2.209338845e-008 +2.209338845e-008 -1.520400000e+002 -1.520400000e+002 -2.6714e-001 +1.4241e+000 -3.9248e+000
1068 +1.638332492e-008 +1.638332492e-008 -1.520400000e+002 -1.520400000e+002 -2.6718e-001 +1.4240e+000 -3.9249e+000
1092 +1.561505769e-008 +1.561505769e-008 -1.520400000e+002 -1.520400000e+002 -2.6721e-001 +1.4240e+000 -3.9249e+000
1098 +7.302617178e-009 +7.302617178e-009 -1.520400000e+002 -1.520400000e+002 -2.6719e-001 +1.4241e+000 -3.9248e+000
1450 +0.000000000e+000 +0.000000000e+000 -1.520400000e+002 -1.520400000e+002 -2.6720e-001 +1.4240e+000 -3.9248e+000
% function evaluation | noise-free fitness - Fopt (-2.525000000000e+001) | best noise-free fitness - Fopt | measured fitness | best measured fitness | x1 | x2...
1 +1.548831296e+001 +1.548831296e+001 -9.761687040e+000 -9.761687040e+000 +0.0000e+000 +0.0000e+000 +0.0000e+000
80 +1.098175285e+001 +1.098175285e+001 -1.426824715e+001 -1.426824715e+001 +5.3127e+000 -1.2503e+000 +7.0974e-001
88 +7.196268884e+000 +7.196268884e+000 -1.805373112e+001 -1.805373112e+001 +2.8745e+000 -1.2265e+000 +3.6247e-001
113 +6.985084846e+000 +6.985084846e+000 -1.826491515e+001 -1.826491515e+001 +3.9917e+000 -1.2240e+000 +4.1858e-001
123 +6.381527612e+000 +6.381527612e+000 -1.886847239e+001 -1.886847239e+001 +3.8255e+000 -1.2324e+000 +2.6626e-001
124 +5.420497861e+000 +5.420497861e+000 -1.982950214e+001 -1.982950214e+001 +3.8712e+000 -1.1747e+000 +2.0155e-002
133 +4.783846719e+000 +4.783846719e+000 -2.046615328e+001 -2.046615328e+001 +3.0620e+000 -1.2324e+000 -4.2624e-001
146 +3.787170161e+000 +3.787170161e+000 -2.146282984e+001 -2.146282984e+001 +3.2322e+000 -1.2119e+000 -9.4257e-001
159 +3.465565962e+000 +3.465565962e+000 -2.178443404e+001 -2.178443404e+001 +3.7113e+000 -1.2162e+000 -1.2524e+000
162 +3.067235733e+000 +3.067235733e+000 -2.218276427e+001 -2.218276427e+001 +3.3213e+000 -1.0849e+000 -1.2714e+000
194 +2.774375537e+000 +2.774375537e+000 -2.247562446e+001 -2.247562446e+001 +3.7728e+000 -1.0204e+000 -1.5119e+000
243 +2.149412058e+000 +2.149412058e+000 -2.310058794e+001 -2.310058794e+001 +3.2688e+000 -6.8083e-001 -8.7566e-001
250 +1.505115078e+000 +1.505115078e+000 -2.374488492e+001 -2.374488492e+001 +3.3950e+000 -4.3296e-001 -8.5947e-001
258 +1.452232101e+000 +1.452232101e+000 -2.379776790e+001 -2.379776790e+001 +3.4209e+000 -5.5249e-001 -1.4861e+000
259 +9.273540603e-001 +9.273540603e-001 -2.432264594e+001 -2.432264594e+001 +3.2666e+000 +5.7083e-001 -5.2593e-001
272 +8.052850815e-001 +8.052850815e-001 -2.444471492e+001 -2.444471492e+001 +3.4467e+000 -9.1048e-002 -9.2189e-001
273 +2.537082050e-001 +2.537082050e-001 -2.499629180e+001 -2.499629180e+001 +3.3807e+000 +1.0209e+000 -1.1972e+000
288 +1.837837217e-001 +1.837837217e-001 -2.506621628e+001 -2.506621628e+001 +3.3842e+000 +3.5196e-001 -1.1967e+000
296 +7.280601150e-002 +7.280601150e-002 -2.517719399e+001 -2.517719399e+001 +3.4364e+000 +8.2633e-001 -1.3538e+000
302 +6.118450079e-002 +6.118450079e-002 -2.518881550e+001 -2.518881550e+001 +3.4112e+000 +5.7663e-001 -1.2932e+000
323 +5.821681113e-002 +5.821681113e-002 -2.519178319e+001 -2.519178319e+001 +3.4223e+000 +7.4493e-001 -1.3253e+000
349 +5.745139502e-002 +5.745139502e-002 -2.519254860e+001 -2.519254860e+001 +3.4113e+000 +5.0887e-001 -1.4066e+000
350 +5.078933791e-002 +5.078933791e-002 -2.519921066e+001 -2.519921066e+001 +3.4334e+000 +6.2865e-001 -1.2875e+000
352 +4.732962822e-002 +4.732962822e-002 -2.520267037e+001 -2.520267037e+001 +3.4112e+000 +7.0048e-001 -1.3797e+000
356 +4.578237960e-002 +4.578237960e-002 -2.520421762e+001 -2.520421762e+001 +3.4341e+000 +7.0992e-001 -1.3338e+000
357 +4.231567327e-002 +4.231567327e-002 -2.520768433e+001 -2.520768433e+001 +3.4119e+000 +6.3024e-001 -1.3855e+000
360 +1.011305776e-002 +1.011305776e-002 -2.523988694e+001 -2.523988694e+001 +3.5752e+000 +6.8734e-001 -1.3451e+000
381 +7.236431426e-003 +7.236431426e-003 -2.524276357e+001 -2.524276357e+001 +3.5379e+000 +6.6221e-001 -1.3961e+000
407 +2.239319705e-003 +2.239319705e-003 -2.524776068e+001 -2.524776068e+001 +3.6389e+000 +6.7369e-001 -1.4091e+000
413 +2.208954639e-003 +2.208954639e-003 -2.524779105e+001 -2.524779105e+001 +3.6230e+000 +6.7858e-001 -1.4057e+000
417 +9.720935405e-004 +9.720935405e-004 -2.524902791e+001 -2.524902791e+001 +3.5945e+000 +6.5907e-001 -1.4189e+000
443 +6.819399989e-004 +6.819399989e-004 -2.524931806e+001 -2.524931806e+001 +3.6194e+000 +6.6007e-001 -1.4154e+000
467 +6.954619727e-005 +6.954619727e-005 -2.524993045e+001 -2.524993045e+001 +3.6122e+000 +6.4253e-001 -1.4183e+000
525 +6.488651154e-005 +6.488651154e-005 -2.524993511e+001 -2.524993511e+001 +3.6120e+000 +6.3822e-001 -1.4145e+000
529 +5.517982000e-005 +5.517982000e-005 -2.524994482e+001 -2.524994482e+001 +3.6132e+000 +6.3504e-001 -1.4143e+000
537 +4.382937758e-005 +4.382937758e-005 -2.524995617e+001 -2.524995617e+001 +3.6157e+000 +6.3360e-001 -1.4153e+000
556 +4.002620759e-005 +4.002620759e-005 -2.524995997e+001 -2.524995997e+001 +3.6135e+000 +6.3894e-001 -1.4166e+000
557 +3.808237685e-005 +3.808237685e-005 -2.524996192e+001 -2.524996192e+001 +3.6144e+000 +6.3478e-001 -1.4154e+000
568 +3.714760394e-005 +3.714760394e-005 -2.524996285e+001 -2.524996285e+001 +3.6139e+000 +6.3543e-001 -1.4155e+000
570 +3.560563526e-005 +3.560563526e-005 -2.524996439e+001 -2.524996439e+001 +3.6142e+000 +6.3511e-001 -1.4156e+000
579 +3.370999286e-005 +3.370999286e-005 -2.524996629e+001 -2.524996629e+001 +3.6149e+000 +6.3449e-001 -1.4159e+000
592 +2.503109212e-005 +2.503109212e-005 -2.524997497e+001 -2.524997497e+001 +3.6151e+000 +6.3450e-001 -1.4167e+000
610 +2.175293409e-005 +2.175293409e-005 -2.524997825e+001 -2.524997825e+001 +3.6155e+000 +6.3574e-001 -1.4171e+000
619 +1.983127244e-005 +1.983127244e-005 -2.524998017e+001 -2.524998017e+001 +3.6140e+000 +6.3564e-001 -1.4172e+000
621 +1.222893870e-005 +1.222893870e-005 -2.524998777e+001 -2.524998777e+001 +3.6146e+000 +6.3329e-001 -1.4187e+000
624 +3.228740876e-006 +3.228740876e-006 -2.524999677e+001 -2.524999677e+001 +3.6130e+000 +6.3500e-001 -1.4227e+000
631 +1.546586837e-006 +1.546586837e-006 -2.524999845e+001 -2.524999845e+001 +3.6152e+000 +6.3432e-001 -1.4212e+000
635 +1.966942271e-007 +1.966942271e-007 -2.524999980e+001 -2.524999980e+001 +3.6147e+000 +6.3539e-001 -1.4218e+000
636 +1.921106616e-007 +1.921106616e-007 -2.524999981e+001 -2.524999981e+001 +3.6140e+000 +6.3514e-001 -1.4215e+000
667 +1.262829485e-007 +1.262829485e-007 -2.524999987e+001 -2.524999987e+001 +3.6147e+000 +6.3511e-001 -1.4215e+000
694 +8.379928573e-008 +8.379928573e-008 -2.524999992e+001 -2.524999992e+001 +3.6146e+000 +6.3519e-001 -1.4218e+000
718 +7.111325928e-008 +7.111325928e-008 -2.524999993e+001 -2.524999993e+001 +3.6144e+000 +6.3513e-001 -1.4219e+000
724 +1.435908459e-008 +1.435908459e-008 -2.524999999e+001 -2.524999999e+001 +3.6145e+000 +6.3518e-001 -1.4216e+000
738 +1.197426869e-008 +1.197426869e-008 -2.524999999e+001 -2.524999999e+001 +3.6144e+000 +6.3526e-001 -1.4215e+000
758 +8.362178505e-009 +8.362178505e-009 -2.524999999e+001 -2.524999999e+001 +3.6144e+000 +6.3513e-001 -1.4217e+000
1157 +0.000000000e+000 +0.000000000e+000 -2.525000000e+001 -2.525000000e+001 +3.6144e+000 +6.3520e-001 -1.4216e+000
% function evaluation | noise-free fitness - Fopt (8.790000000000e+001) | best noise-free fitness - Fopt | measured fitness | best measured fitness | x1 | x2...
1 +1.260319488e+001 +1.260319488e+001 +1.005031949e+002 +1.005031949e+002 +0.0000e+000 +0.0000e+000 +0.0000e+000
135 +8.566808563e+000 +8.566808563e+000 +9.646680856e+001 +9.646680856e+001 -1.5247e+000 -2.5941e+000 +2.4722e+000
150 +8.268600361e+000 +8.268600361e+000 +9.616860036e+001 +9.616860036e+001 -3.2533e+000 -3.3292e+000 +2.5529e+000
156 +5.356720868e+000 +5.356720868e+000 +9.325672087e+001 +9.325672087e+001 -2.9725e+000 -1.8632e+000 +2.5596e+000
160 +4.881731631e+000 +4.881731631e+000 +9.278173163e+001 +9.278173163e+001 -2.9420e+000 -2.5880e+000 +2.2249e+000
199 +4.652153487e+000 +4.652153487e+000 +9.255215349e+001 +9.255215349e+001 -3.1392e+000 -1.7162e+000 +2.4230e+000
204 +4.435220784e+000 +4.435220784e+000 +9.233522078e+001 +9.233522078e+001 -2.5705e+000 -1.9239e+000 +2.2612e+000
214 +4.167764559e+000 +4.167764559e+000 +9.206776456e+001 +9.206776456e+001 -3.0494e+000 -1.7822e+000 +2.2987e+000
216 +3.556346129e+000 +3.556346129e+000 +9.145634613e+001 +9.145634613e+001 -5.0123e+000 -1.3330e+000 -2.4117e-002
217 +3.032314872e+000 +3.032314872e+000 +9.093231487e+001 +9.093231487e+001 -3.2136e+000 -1.4332e+000 +2.0047e+000
227 +4.904772865e-001 +4.904772865e-001 +8.839047729e+001 +8.839047729e+001 -3.3634e+000 -1.4908e+000 +9.3621e-001
243 +4.552102749e-001 +4.552102749e-001 +8.835521027e+001 +8.835521027e+001 -3.4357e+000 -1.5161e+000 +8.8547e-001
247 +1.537063438e-001 +1.537063438e-001 +8.805370634e+001 +8.805370634e+001 -2.9924e+000 -1.5950e+000 +6.2148e-001
274 +1.224835398e-001 +1.224835398e-001 +8.802248354e+001 +8.802248354e+001 -3.1224e+000 -1.4736e+000 +6.0012e-001
275 +8.288355634e-003 +8.288355634e-003 +8.790828836e+001 +8.790828836e+001 -3.1934e+000 -1.4955e+000 +2.6862e-001
344 +6.692785759e-003 +6.692785759e-003 +8.790669279e+001 +8.790669279e+001 -3.1925e+000 -1.5607e+000 +3.4486e-001
354 +6.500649640e-003 +6.500649640e-003 +8.790650065e+001 +8.790650065e+001 -3.1897e+000 -1.5071e+000 +2.8754e-001
359 +5.790450035e-003 +5.790450035e-003 +8.790579045e+001 +8.790579045e+001 -3.2017e+000 -1.5184e+000 +2.9165e-001
382 +1.401262539e-003 +1.401262539e-003 +8.790140126e+001 +8.790140126e+001 -3.1790e+000 -1.5934e+000 +3.0388e-001
415 +1.365978294e-003 +1.365978294e-003 +8.790136598e+001 +8.790136598e+001 -3.1352e+000 -1.5629e+000 +2.7419e-001
424 +3.843077404e-004 +3.843077404e-004 +8.790038431e+001 +8.790038431e+001 -3.1562e+000 -1.5658e+000 +2.7257e-001
437 +2.990150987e-004 +2.990150987e-004 +8.790029902e+001 +8.790029902e+001 -3.1702e+000 -1.5657e+000 +2.7251e-001
453 +2.510765953e-004 +2.510765953e-004 +8.790025108e+001 +8.790025108e+001 -3.1702e+000 -1.5671e+000 +2.6905e-001
467 +2.312726809e-004 +2.312726809e-004 +8.790023127e+001 +8.790023127e+001 -3.1636e+000 -1.5676e+000 +2.7264e-001
481 +2.267039634e-004 +2.267039634e-004 +8.790022670e+001 +8.790022670e+001 -3.1646e+000 -1.5677e+000 +2.7285e-001
490 +2.125741621e-004 +2.125741621e-004 +8.790021257e+001 +8.790021257e+001 -3.1656e+000 -1.5678e+000 +2.7037e-001
498 +1.961884921e-004 +1.961884921e-004 +8.790019619e+001 +8.790019619e+001 -3.1650e+000 -1.5687e+000 +2.7271e-001
509 +1.761818003e-004 +1.761818003e-004 +8.790017618e+001 +8.790017618e+001 -3.1686e+000 -1.5694e+000 +2.7149e-001
512 +1.350004932e-004 +1.350004932e-004 +8.790013500e+001 +8.790013500e+001 -3.1633e+000 -1.5712e+000 +2.6968e-001
515 +3.726273228e-005 +3.726273228e-005 +8.790003726e+001 +8.790003726e+001 -3.1646e+000 -1.5767e+000 +2.7189e-001
537 +3.100780582e-005 +3.100780582e-005 +8.790003101e+001 +8.790003101e+001 -3.1667e+000 -1.5788e+000 +2.6613e-001
559 +1.380319135e-005 +1.380319135e-005 +8.790001380e+001 +8.790001380e+001 -3.1643e+000 -1.5853e+000 +2.7118e-001
573 +9.489109686e-006 +9.489109686e-006 +8.790000949e+001 +8.790000949e+001 -3.1643e+000 -1.5846e+000 +2.6983e-001
578 +7.387820972e-006 +7.387820972e-006 +8.790000739e+001 +8.790000739e+001 -3.1639e+000 -1.5813e+000 +2.7051e-001
586 +5.545227239e-006 +5.545227239e-006 +8.790000555e+001 +8.790000555e+001 -3.1648e+000 -1.5808e+000 +2.6986e-001
598 +3.990197683e-006 +3.990197683e-006 +8.790000399e+001 +8.790000399e+001 -3.1666e+000 -1.5809e+000 +2.6913e-001
600 +2.922124409e-006 +2.922124409e-006 +8.790000292e+001 +8.790000292e+001 -3.1648e+000 -1.5827e+000 +2.6980e-001
603 +2.090589589e-006 +2.090589589e-006 +8.790000209e+001 +8.790000209e+001 -3.1660e+000 -1.5810e+000 +2.7027e-001
609 +1.613144661e-006 +1.613144661e-006 +8.790000161e+001 +8.790000161e+001 -3.1651e+000 -1.5824e+000 +2.7061e-001
619 +4.767625938e-007 +4.767625938e-007 +8.790000048e+001 +8.790000048e+001 -3.1668e+000 -1.5819e+000 +2.7014e-001
644 +3.275426650e-007 +3.275426650e-007 +8.790000033e+001 +8.790000033e+001 -3.1660e+000 -1.5825e+000 +2.7076e-001
657 +3.005005738e-007 +3.005005738e-007 +8.790000030e+001 +8.790000030e+001 -3.1661e+000 -1.5820e+000 +2.7054e-001
662 +1.697594030e-007 +1.697594030e-007 +8.790000017e+001 +8.790000017e+001 -3.1663e+000 -1.5820e+000 +2.7054e-001
671 +1.262005753e-007 +1.262005753e-007 +8.790000013e+001 +8.790000013e+001 -3.1664e+000 -1.5821e+000 +2.7058e-001
679 +6.023327614e-008 +6.023327614e-008 +8.790000006e+001 +8.790000006e+001 -3.1663e+000 -1.5824e+000 +2.7064e-001
687 +3.980034080e-008 +3.980034080e-008 +8.790000004e+001 +8.790000004e+001 -3.1664e+000 -1.5825e+000 +2.7056e-001
701 +5.749470233e-009 +5.749470233e-009 +8.790000001e+001 +8.790000001e+001 -3.1663e+000 -1.5824e+000 +2.7040e-001
1007 +0.000000000e+000 +0.000000000e+000 +8.790000000e+001 +8.790000000e+001 -3.1664e+000 -1.5824e+000 +2.7040e-001
% function evaluation | noise-free fitness - Fopt (2.199800000000e+002) | best noise-free fitness - Fopt | measured fitness | best measured fitness | x1 | x2...
1 +1.523081856e+001 +1.523081856e+001 +2.352108186e+002 +2.352108186e+002 +0.0000e+000 +0.0000e+000 +0.0000e+000
64 +1.339510774e+001 +1.339510774e+001 +2.333751077e+002 +2.333751077e+002 +3.8618e+000 -2.2071e+000 +1.5227e+000
82 +1.275527022e+001 +1.275527022e+001 +2.327352702e+002 +2.327352702e+002 +3.8658e+000 -2.3209e+000 +1.4267e+000
89 +1.250063063e+001 +1.250063063e+001 +2.324806306e+002 +2.324806306e+002 +3.8398e+000 -2.1537e+000 +1.2257e+000
91 +1.152226732e+001 +1.152226732e+001 +2.315022673e+002 +2.315022673e+002 +3.7787e+000 -2.1952e+000 +1.0360e+000
95 +1.022821562e+001 +1.022821562e+001 +2.302082156e+002 +2.302082156e+002 +3.8180e+000 -2.2559e+000 +2.6186e-001
113 +9.745083388e+000 +9.745083388e+000 +2.297250834e+002 +2.297250834e+002 +3.7484e+000 -2.2176e+000 -1.4920e-001
123 +9.530852038e+000 +9.530852038e+000 +2.295108520e+002 +2.295108520e+002 +3.6995e+000 -2.2363e+000 +1.2371e-001
125 +9.076733641e+000 +9.076733641e+000 +2.290567336e+002 +2.290567336e+002 +3.6229e+000 -2.2835e+000 -6.5329e-001
130 +8.314014013e+000 +8.314014013e+000 +2.282940140e+002 +2.282940140e+002 +3.4871e+000 -2.3029e+000 +2.1493e-001
141 +7.907094165e+000 +7.907094165e+000 +2.278870942e+002 +2.278870942e+002 +3.3953e+000 -2.2507e+000 +3.5203e-002
152 +6.663131391e+000 +6.663131391e+000 +2.266431314e+002 +2.266431314e+002 +3.2759e+000 -2.4853e+000 -7.8260e-002
167 +6.415004314e+000 +6.415004314e+000 +2.263950043e+002 +2.263950043e+002 +3.1899e+000 -2.4434e+000 -4.0283e-001
178 +6.179059842e+000 +6.179059842e+000 +2.261590598e+002 +2.261590598e+002 +3.2918e+000 -2.7825e+000 +1.5173e-001
184 +5.263529888e+000 +5.263529888e+000 +2.252435299e+002 +2.252435299e+002 +2.7648e+000 -2.5858e+000 -1.1523e+000
189 +3.985292496e+000 +3.985292496e+000 +2.239652925e+002 +2.239652925e+002 +1.1736e+000 -2.1593e+000 +9.8074e-001
192 +2.736263176e+000 +2.736263176e+000 +2.227162632e+002 +2.227162632e+002 +2.0924e+000 -2.5377e+000 -5.6346e-001
210 +2.385340854e+000 +2.385340854e+000 +2.223653409e+002 +2.223653409e+002 +1.8039e+000 -2.5422e+000 -7.6819e-001
213 +1.899361760e+000 +1.899361760e+000 +2.218793618e+002 +2.218793618e+002 +1.3496e+000 -2.4165e+000 -2.3881e-001
241 +1.670192439e+000 +1.670192439e+000 +2.216501924e+002 +2.216501924e+002 +8.7183e-001 -2.4788e+000 -1.1414e-001
257 +1.903354267e-001 +1.903354267e-001 +2.201703354e+002 +2.201703354e+002 +1.0332e+000 -3.3445e+000 -6.6853e-002
259 +1.241698913e-001 +1.241698913e-001 +2.201041699e+002 +2.201041699e+002 +1.2797e+000 -3.9250e+000 -3.9576e-001
272 +8.034057379e-002 +8.034057379e-002 +2.200603406e+002 +2.200603406e+002 +1.1652e+000 -3.5449e+000 -3.4061e-001
290 +7.874537779e-002 +7.874537779e-002 +2.200587454e+002 +2.200587454e+002 +1.2266e+000 -3.5834e+000 -3.1278e-001
294 +2.995011686e-002 +2.995011686e-002 +2.200099501e+002 +2.200099501e+002 +9.7702e-001 -3.6095e+000 -1.3781e-001
301 +1.017441999e-002 +1.017441999e-002 +2.199901744e+002 +2.199901744e+002 +1.0413e+000 -3.8448e+000 -1.5704e-001
320 +7.057038450e-003 +7.057038450e-003 +2.199870570e+002 +2.199870570e+002 +1.0416e+000 -3.6744e+000 -2.1591e-001
348 +2.879643989e-003 +2.879643989e-003 +2.199828796e+002 +2.199828796e+002 +1.0246e+000 -3.7602e+000 -2.6004e-001
364 +2.624878341e-003 +2.624878341e-003 +2.199826249e+002 +2.199826249e+002 +1.0634e+000 -3.7303e+000 -2.3866e-001
383 +2.339918770e-003 +2.339918770e-003 +2.199823399e+002 +2.199823399e+002 +1.0369e+000 -3.7138e+000 -2.2740e-001
384 +1.722475333e-003 +1.722475333e-003 +2.199817225e+002 +2.199817225e+002 +1.0534e+000 -3.7641e+000 -2.4310e-001
396 +1.454269036e-003 +1.454269036e-003 +2.199814543e+002 +2.199814543e+002 +1.0309e+000 -3.7727e+000 -2.4211e-001
401 +8.413860743e-004 +8.413860743e-004 +2.199808414e+002 +2.199808414e+002 +1.0282e+000 -3.7541e+000 -2.3549e-001
407 +3.522218429e-004 +3.522218429e-004 +2.199803522e+002 +2.199803522e+002 +1.0433e+000 -3.7612e+000 -2.2287e-001
427 +1.958160405e-004 +1.958160405e-004 +2.199801958e+002 +2.199801958e+002 +1.0287e+000 -3.7482e+000 -2.1634e-001
445 +1.801838482e-005 +1.801838482e-005 +2.199800180e+002 +2.199800180e+002 +1.0360e+000 -3.7594e+000 -2.1019e-001
501 +1.604217604e-005 +1.604217604e-005 +2.199800160e+002 +2.199800160e+002 +1.0310e+000 -3.7596e+000 -2.0947e-001
505 +1.400040804e-005 +1.400040804e-005 +2.199800140e+002 +2.199800140e+002 +1.0303e+000 -3.7591e+000 -2.0615e-001
511 +5.176926379e-006 +5.176926379e-006 +2.199800052e+002 +2.199800052e+002 +1.0337e+000 -3.7580e+000 -2.0943e-001
542 +3.772539912e-006 +3.772539912e-006 +2.199800038e+002 +2.199800038e+002 +1.0333e+000 -3.7581e+000 -2.0905e-001
548 +2.834612928e-006 +2.834612928e-006 +2.199800028e+002 +2.199800028e+002 +1.0329e+000 -3.7576e+000 -2.0874e-001
568 +2.529010146e-006 +2.529010146e-006 +2.199800025e+002 +2.199800025e+002 +1.0332e+000 -3.7582e+000 -2.0861e-001
575 +2.428735968e-006 +2.428735968e-006 +2.199800024e+002 +2.199800024e+002 +1.0335e+000 -3.7579e+000 -2.0873e-001
589 +1.328798618e-006 +1.328798618e-006 +2.199800013e+002 +2.199800013e+002 +1.0331e+000 -3.7583e+000 -2.0793e-001
602 +1.289460585e-006 +1.289460585e-006 +2.199800013e+002 +2.199800013e+002 +1.0327e+000 -3.7579e+000 -2.0787e-001
605 +1.279792741e-006 +1.279792741e-006 +2.199800013e+002 +2.199800013e+002 +1.0333e+000 -3.7583e+000 -2.0803e-001
617 +9.574642093e-007 +9.574642093e-007 +2.199800010e+002 +2.199800010e+002 +1.0331e+000 -3.7569e+000 -2.0762e-001
620 +9.502701062e-007 +9.502701062e-007 +2.199800010e+002 +2.199800010e+002 +1.0331e+000 -3.7578e+000 -2.0802e-001
627 +8.434284666e-007 +8.434284666e-007 +2.199800008e+002 +2.199800008e+002 +1.0331e+000 -3.7576e+000 -2.0798e-001
634 +7.130860809e-007 +7.130860809e-007 +2.199800007e+002 +2.199800007e+002 +1.0332e+000 -3.7576e+000 -2.0792e-001
635 +3.112795355e-007 +3.112795355e-007 +2.199800003e+002 +2.199800003e+002 +1.0339e+000 -3.7576e+000 -2.0764e-001
636 +1.009020423e-007 +1.009020423e-007 +2.199800001e+002 +2.199800001e+002 +1.0334e+000 -3.7578e+000 -2.0706e-001
647 +8.035200949e-008 +8.035200949e-008 +2.199800001e+002 +2.199800001e+002 +1.0338e+000 -3.7577e+000 -2.0740e-001
650 +2.727674087e-008 +2.727674087e-008 +2.199800000e+002 +2.199800000e+002 +1.0336e+000 -3.7576e+000 -2.0736e-001
682 +2.180041747e-008 +2.180041747e-008 +2.199800000e+002 +2.199800000e+002 +1.0336e+000 -3.7576e+000 -2.0734e-001
696 +3.364050372e-009 +3.364050372e-009 +2.199800000e+002 +2.199800000e+002 +1.0336e+000 -3.7576e+000 -2.0724e-001
1069 +0.000000000e+000 +0.000000000e+000 +2.199800000e+002 +2.199800000e+002 +1.0336e+000 -3.7576e+000 -2.0720e-001
% function evaluation | noise-free fitness - Fopt (-2.784000000000e+001) | best noise-free fitness - Fopt | measured fitness | best measured fitness | x1 | x2...
1 +6.179761280e+000 +6.179761280e+000 -2.166023872e+001 -2.166023872e+001 +0.0000e+000 +0.0000e+000 +0.0000e+000
2 +1.668931399e+000 +1.668931399e+000 -2.617106860e+001 -2.617106860e+001 +2.1313e-001 +1.0437e+000 +9.6196e-001
3 +1.653077230e+000 +1.653077230e+000 -2.618692277e+001 -2.618692277e+001 +2.1155e-001 +1.0493e+000 +9.6800e-001
8 +1.611685157e+000 +1.611685157e+000 -2.622831484e+001 -2.622831484e+001 +2.1304e-001 +1.0688e+000 +9.5286e-001
12 +1.535665027e+000 +1.535665027e+000 -2.630433497e+001 -2.630433497e+001 +1.8107e-001 +1.0873e+000 +9.6540e-001
19 +1.459533868e+000 +1.459533868e+000 -2.638046613e+001 -2.638046613e+001 +2.0765e-001 +1.1337e+000 +9.5305e-001
30 +1.221515802e+000 +1.221515802e+000 -2.661848420e+001 -2.661848420e+001 +2.0302e-001 +1.2508e+000 +9.1283e-001
33 +1.079401503e+000 +1.079401503e+000 -2.676059850e+001 -2.676059850e+001 +2.3931e-001 +1.3442e+000 +9.2817e-001
49 +4.594483119e-001 +4.594483119e-001 -2.738055169e+001 -2.738055169e+001 +2.1293e-001 +1.7912e+000 +9.2489e-001
68 +2.882083900e-001 +2.882083900e-001 -2.755179161e+001 -2.755179161e+001 +2.1037e-001 +2.0572e+000 +9.4524e-001
80 +2.443795737e-001 +2.443795737e-001 -2.759562043e+001 -2.759562043e+001 +1.5382e-001 +2.0456e+000 +1.1881e+000
90 +1.655105197e-001 +1.655105197e-001 -2.767448948e+001 -2.767448948e+001 +6.9175e-002 +2.3003e+000 +8.6826e-001
98 +1.467663606e-001 +1.467663606e-001 -2.769323364e+001 -2.769323364e+001 +8.7842e-002 +2.3206e+000 +1.0647e+000
100 +1.015385644e-001 +1.015385644e-001 -2.773846144e+001 -2.773846144e+001 -7.3076e-002 +2.0745e+000 +8.7819e-001
111 +7.771653143e-002 +7.771653143e-002 -2.776228347e+001 -2.776228347e+001 -7.1119e-003 +2.2525e+000 +1.0431e+000
125 +4.462165624e-002 +4.462165624e-002 -2.779537834e+001 -2.779537834e+001 -2.3778e-001 +2.3958e+000 +1.1816e+000
138 +1.899121447e-002 +1.899121447e-002 -2.782100879e+001 -2.782100879e+001 -1.6097e-001 +2.1807e+000 +1.0889e+000
151 +7.218924052e-003 +7.218924052e-003 -2.783278108e+001 -2.783278108e+001 -2.6401e-001 +2.2974e+000 +1.0067e+000
159 +5.803848766e-003 +5.803848766e-003 -2.783419615e+001 -2.783419615e+001 -3.3802e-001 +2.2750e+000 +1.0903e+000
168 +1.002160471e-003 +1.002160471e-003 -2.783899784e+001 -2.783899784e+001 -2.5352e-001 +2.2368e+000 +1.0559e+000
188 +5.813576927e-004 +5.813576927e-004 -2.783941864e+001 -2.783941864e+001 -2.9126e-001 +2.2104e+000 +1.0654e+000
192 +4.776318664e-004 +4.776318664e-004 -2.783952237e+001 -2.783952237e+001 -2.7131e-001 +2.2235e+000 +1.0419e+000
197 +2.349062513e-004 +2.349062513e-004 -2.783976509e+001 -2.783976509e+001 -2.6977e-001 +2.2350e+000 +1.0571e+000
199 +2.154793303e-004 +2.154793303e-004 -2.783978452e+001 -2.783978452e+001 -2.8838e-001 +2.2266e+000 +1.0436e+000
206 +6.425832910e-005 +6.425832910e-005 -2.783993574e+001 -2.783993574e+001 -2.9086e-001 +2.2366e+000 +1.0593e+000
245 +5.047622844e-005 +5.047622844e-005 -2.783994952e+001 -2.783994952e+001 -2.8116e-001 +2.2343e+000 +1.0624e+000
265 +1.842332189e-005 +1.842332189e-005 -2.783998158e+001 -2.783998158e+001 -2.8868e-001 +2.2316e+000 +1.0586e+000
278 +7.452555099e-006 +7.452555099e-006 -2.783999255e+001 -2.783999255e+001 -2.8375e-001 +2.2320e+000 +1.0543e+000
287 +6.659330062e-006 +6.659330062e-006 -2.783999334e+001 -2.783999334e+001 -2.8451e-001 +2.2307e+000 +1.0590e+000
288 +5.169113763e-006 +5.169113763e-006 -2.783999483e+001 -2.783999483e+001 -2.8401e-001 +2.2312e+000 +1.0588e+000
289 +2.189881929e-006 +2.189881929e-006 -2.783999781e+001 -2.783999781e+001 -2.8353e-001 +2.2326e+000 +1.0563e+000
339 +1.016291908e-006 +1.016291908e-006 -2.783999898e+001 -2.783999898e+001 -2.8462e-001 +2.2311e+000 +1.0563e+000
366 +7.460403317e-007 +7.460403317e-007 -2.783999925e+001 -2.783999925e+001 -2.8491e-001 +2.2312e+000 +1.0564e+000
380 +6.330634292e-007 +6.330634292e-007 -2.783999937e+001 -2.783999937e+001 -2.8505e-001 +2.2313e+000 +1.0564e+000
425 +5.728595696e-007 +5.728595696e-007 -2.783999943e+001 -2.783999943e+001 -2.8513e-001 +2.2313e+000 +1.0567e+000
428 +3.019425456e-007 +3.019425456e-007 -2.783999970e+001 -2.783999970e+001 -2.8495e-001 +2.2317e+000 +1.0572e+000
437 +2.720336418e-007 +2.720336418e-007 -2.783999973e+001 -2.783999973e+001 -2.8523e-001 +2.2320e+000 +1.0571e+000
439 +2.165539179e-007 +2.165539179e-007 -2.783999978e+001 -2.783999978e+001 -2.8493e-001 +2.2317e+000 +1.0571e+000
453 +1.113980090e-007 +1.113980090e-007 -2.783999989e+001 -2.783999989e+001 -2.8486e-001 +2.2320e+000 +1.0571e+000
458 +5.490147714e-008 +5.490147714e-008 -2.783999995e+001 -2.783999995e+001 -2.8497e-001 +2.2318e+000 +1.0568e+000
462 +2.248984288e-008 +2.248984288e-008 -2.783999998e+001 -2.783999998e+001 -2.8495e-001 +2.2320e+000 +1.0568e+000
483 +1.356130497e-008 +1.356130497e-008 -2.783999999e+001 -2.783999999e+001 -2.8489e-001 +2.2320e+000 +1.0567e+000
505 +9.695138914e-009 +9.695138914e-009 -2.783999999e+001 -2.783999999e+001 -2.8472e-001 +2.2320e+000 +1.0569e+000
895 +0.000000000e+000 +0.000000000e+000 -2.784000000e+001 -2.784000000e+001 -2.8480e-001 +2.2320e+000 +1.0568e+000
% function evaluation | noise-free fitness - Fopt (2.027000000000e+001) | best noise-free fitness - Fopt | measured fitness | best measured fitness | x1 | x2...
1 +2.235283520e+001 +2.235283520e+001 +4.262283520e+001 +4.262283520e+001 +0.0000e+000 +0.0000e+000 +0.0000e+000
79 +2.072960705e+001 +2.072960705e+001 +4.099960705e+001 +4.099960705e+001 +2.2759e+000 +3.3025e+000 -2.6631e+000
81 +1.204902145e+001 +1.204902145e+001 +3.231902145e+001 +3.231902145e+001 +3.7160e+000 +1.9410e+000 -1.9592e+000
93 +1.059596560e+001 +1.059596560e+001 +3.086596560e+001 +3.086596560e+001 +2.9469e+000 +1.8004e+000 -4.8914e+000
113 +1.023948711e+001 +1.023948711e+001 +3.050948711e+001 +3.050948711e+001 +3.5305e+000 -2.6253e+000 -6.7309e-001
117 +8.317475879e+000 +8.317475879e+000 +2.858747588e+001 +2.858747588e+001 +2.8539e+000 +1.4731e+000 -4.7057e+000
119 +7.712560353e+000 +7.712560353e+000 +2.798256035e+001 +2.798256035e+001 +2.0959e+000 +1.4927e+000 -3.3010e+000
129 +2.308718723e+000 +2.308718723e+000 +2.257871872e+001 +2.257871872e+001 +3.1878e+000 +2.0779e-001 -2.7247e+000
149 +5.956374117e-001 +5.956374117e-001 +2.086563741e+001 +2.086563741e+001 +2.7811e+000 -9.5796e-001 -2.7390e+000
187 +3.899378592e-001 +3.899378592e-001 +2.065993786e+001 +2.065993786e+001 +2.4277e+000 -9.7652e-001 -3.5210e+000
217 +2.617637767e-001 +2.617637767e-001 +2.053176378e+001 +2.053176378e+001 +2.9794e+000 -1.1756e+000 -3.9568e+000
219 +1.357576116e-001 +1.357576116e-001 +2.040575761e+001 +2.040575761e+001 +3.2123e+000 -1.2277e+000 -3.7531e+000
231 +5.763223052e-002 +5.763223052e-002 +2.032763223e+001 +2.032763223e+001 +2.8454e+000 -1.1543e+000 -3.5977e+000
248 +5.700243223e-002 +5.700243223e-002 +2.032700243e+001 +2.032700243e+001 +3.1377e+000 -1.1942e+000 -3.6511e+000
260 +2.655452507e-002 +2.655452507e-002 +2.029655453e+001 +2.029655453e+001 +3.0314e+000 -1.0354e+000 -3.5919e+000
262 +1.845861518e-002 +1.845861518e-002 +2.028845862e+001 +2.028845862e+001 +2.9588e+000 -1.2181e+000 -3.5059e+000
271 +9.492962991e-003 +9.492962991e-003 +2.027949296e+001 +2.027949296e+001 +2.9703e+000 -1.0447e+000 -3.4703e+000
287 +4.206002791e-003 +4.206002791e-003 +2.027420600e+001 +2.027420600e+001 +2.9996e+000 -1.1584e+000 -3.4898e+000
307 +1.284466241e-003 +1.284466241e-003 +2.027128447e+001 +2.027128447e+001 +3.0033e+000 -1.1178e+000 -3.4297e+000
370 +8.386351836e-004 +8.386351836e-004 +2.027083864e+001 +2.027083864e+001 +3.0074e+000 -1.1317e+000 -3.4572e+000
387 +1.706664952e-004 +1.706664952e-004 +2.027017067e+001 +2.027017067e+001 +3.0286e+000 -1.1064e+000 -3.4570e+000
503 +6.886202513e-005 +6.886202513e-005 +2.027006886e+001 +2.027006886e+001 +3.0266e+000 -1.1153e+000 -3.4570e+000
570 +4.107738826e-005 +4.107738826e-005 +2.027004108e+001 +2.027004108e+001 +3.0270e+000 -1.1200e+000 -3.4544e+000
588 +2.940726128e-005 +2.940726128e-005 +2.027002941e+001 +2.027002941e+001 +3.0270e+000 -1.1191e+000 -3.4499e+000
602 +2.210342359e-006 +2.210342359e-006 +2.027000221e+001 +2.027000221e+001 +3.0317e+000 -1.1166e+000 -3.4501e+000
654 +2.881980699e-007 +2.881980699e-007 +2.027000029e+001 +2.027000029e+001 +3.0318e+000 -1.1180e+000 -3.4509e+000
668 +3.088723588e-008 +3.088723588e-008 +2.027000003e+001 +2.027000003e+001 +3.0320e+000 -1.1175e+000 -3.4511e+000
686 +1.140011818e-008 +1.140011818e-008 +2.027000001e+001 +2.027000001e+001 +3.0320e+000 -1.1177e+000 -3.4512e+000
692 +3.221273914e-009 +3.221273914e-009 +2.027000000e+001 +2.027000000e+001 +3.0320e+000 -1.1177e+000 -3.4512e+000
966 +0.000000000e+000 +0.000000000e+000 +2.027000000e+001 +2.027000000e+001 +3.0320e+000 -1.1176e+000 -3.4512e+000
% function evaluation | noise-free fitness - Fopt (9.302900000000e+002) | best noise-free fitness - Fopt | measured fitness | best measured fitness | x1 | x2...
1 +1.602589440e+001 +1.602589440e+001 +9.463158944e+002 +9.463158944e+002 +0.0000e+000 +0.0000e+000 +0.0000e+000
64 +1.264091232e+001 +1.264091232e+001 +9.429309123e+002 +9.429309123e+002 -3.4122e+000 -1.3243e+000 -4.4230e-001
95 +1.241626850e+001 +1.241626850e+001 +9.427062685e+002 +9.427062685e+002 -3.6292e+000 -7.9349e-001 -6.1979e-001
109 +4.536425917e+000 +4.536425917e+000 +9.348264259e+002 +9.348264259e+002 -3.5712e+000 -1.5587e+000 -2.8041e+000
144 +3.912038838e+000 +3.912038838e+000 +9.342020388e+002 +9.342020388e+002 -3.5837e+000 -9.3311e-001 -3.2973e+000
146 +3.381384968e+000 +3.381384968e+000 +9.336713850e+002 +9.336713850e+002 -3.0725e+000 -1.1655e+000 -2.3783e+000
152 +1.662235955e+000 +1.662235955e+000 +9.319522360e+002 +9.319522360e+002 -2.8303e+000 -1.4991e+000 -3.6032e+000
173 +1.594462220e+000 +1.594462220e+000 +9.318844622e+002 +9.318844622e+002 -2.5220e+000 -1.0345e+000 -4.3864e+000
186 +1.482222075e+000 +1.482222075e+000 +9.317722221e+002 +9.317722221e+002 -2.7443e+000 -1.5018e+000 -3.3345e+000
198 +9.094226278e-001 +9.094226278e-001 +9.311994226e+002 +9.311994226e+002 -2.2458e+000 -1.5192e+000 -4.0606e+000
211 +2.941774944e-001 +2.941774944e-001 +9.305841775e+002 +9.305841775e+002 -1.1052e+000 -9.0383e-001 -3.4504e+000
216 +6.507605788e-002 +6.507605788e-002 +9.303550761e+002 +9.303550761e+002 -1.8024e+000 -1.2231e+000 -3.5849e+000
243 +1.115320589e-002 +1.115320589e-002 +9.303011532e+002 +9.303011532e+002 -1.6794e+000 -1.0927e+000 -3.4194e+000
257 +2.572173052e-003 +2.572173052e-003 +9.302925722e+002 +9.302925722e+002 -1.6043e+000 -1.0361e+000 -3.4634e+000
263 +4.747216552e-004 +4.747216552e-004 +9.302904747e+002 +9.302904747e+002 -1.6024e+000 -1.0630e+000 -3.5140e+000
306 +3.703958115e-004 +3.703958115e-004 +9.302903704e+002 +9.302903704e+002 -1.6111e+000 -1.0482e+000 -3.4972e+000
343 +2.656798407e-004 +2.656798407e-004 +9.302902657e+002 +9.302902657e+002 -1.6301e+000 -1.0507e+000 -3.5008e+000
345 +1.551373168e-004 +1.551373168e-004 +9.302901551e+002 +9.302901551e+002 -1.6201e+000 -1.0535e+000 -3.4958e+000
348 +1.215430715e-004 +1.215430715e-004 +9.302901215e+002 +9.302901215e+002 -1.6208e+000 -1.0725e+000 -3.5094e+000
378 +7.766248575e-005 +7.766248575e-005 +9.302900777e+002 +9.302900777e+002 -1.6233e+000 -1.0560e+000 -3.4997e+000
380 +3.613582919e-005 +3.613582919e-005 +9.302900361e+002 +9.302900361e+002 -1.6233e+000 -1.0635e+000 -3.5078e+000
395 +3.082104047e-005 +3.082104047e-005 +9.302900308e+002 +9.302900308e+002 -1.6220e+000 -1.0639e+000 -3.4970e+000
396 +2.252361594e-005 +2.252361594e-005 +9.302900225e+002 +9.302900225e+002 -1.6219e+000 -1.0685e+000 -3.5033e+000
410 +2.056992048e-005 +2.056992048e-005 +9.302900206e+002 +9.302900206e+002 -1.6217e+000 -1.0683e+000 -3.5033e+000
424 +9.772298995e-006 +9.772298995e-006 +9.302900098e+002 +9.302900098e+002 -1.6223e+000 -1.0665e+000 -3.5035e+000
425 +5.677042054e-006 +5.677042054e-006 +9.302900057e+002 +9.302900057e+002 -1.6214e+000 -1.0659e+000 -3.5037e+000
437 +4.526258408e-006 +4.526258408e-006 +9.302900045e+002 +9.302900045e+002 -1.6221e+000 -1.0646e+000 -3.5040e+000
439 +2.067044875e-006 +2.067044875e-006 +9.302900021e+002 +9.302900021e+002 -1.6211e+000 -1.0654e+000 -3.5027e+000
471 +1.026499717e-006 +1.026499717e-006 +9.302900010e+002 +9.302900010e+002 -1.6212e+000 -1.0642e+000 -3.5033e+000
499 +1.013974611e-006 +1.013974611e-006 +9.302900010e+002 +9.302900010e+002 -1.6212e+000 -1.0638e+000 -3.5033e+000
502 +9.242069154e-007 +9.242069154e-007 +9.302900009e+002 +9.302900009e+002 -1.6208e+000 -1.0644e+000 -3.5033e+000
512 +9.015781188e-007 +9.015781188e-007 +9.302900009e+002 +9.302900009e+002 -1.6212e+000 -1.0640e+000 -3.5033e+000
513 +8.515946774e-007 +8.515946774e-007 +9.302900009e+002 +9.302900009e+002 -1.6210e+000 -1.0642e+000 -3.5033e+000
518 +6.778840316e-007 +6.778840316e-007 +9.302900007e+002 +9.302900007e+002 -1.6207e+000 -1.0640e+000 -3.5032e+000
520 +6.426395203e-007 +6.426395203e-007 +9.302900006e+002 +9.302900006e+002 -1.6204e+000 -1.0643e+000 -3.5030e+000
531 +5.157755822e-007 +5.157755822e-007 +9.302900005e+002 +9.302900005e+002 -1.6205e+000 -1.0641e+000 -3.5031e+000
533 +4.994673191e-007 +4.994673191e-007 +9.302900005e+002 +9.302900005e+002 -1.6207e+000 -1.0642e+000 -3.5031e+000
545 +4.454088867e-007 +4.454088867e-007 +9.302900004e+002 +9.302900004e+002 -1.6206e+000 -1.0642e+000 -3.5030e+000
557 +2.834818815e-007 +2.834818815e-007 +9.302900003e+002 +9.302900003e+002 -1.6207e+000 -1.0642e+000 -3.5029e+000
612 +2.640836101e-007 +2.640836101e-007 +9.302900003e+002 +9.302900003e+002 -1.6207e+000 -1.0640e+000 -3.5029e+000
619 +1.909971843e-007 +1.909971843e-007 +9.302900002e+002 +9.302900002e+002 -1.6208e+000 -1.0640e+000 -3.5028e+000
631 +1.412673782e-007 +1.412673782e-007 +9.302900001e+002 +9.302900001e+002 -1.6208e+000 -1.0641e+000 -3.5028e+000
637 +9.202881301e-008 +9.202881301e-008 +9.302900001e+002 +9.302900001e+002 -1.6208e+000 -1.0641e+000 -3.5027e+000
647 +9.025211511e-008 +9.025211511e-008 +9.302900001e+002 +9.302900001e+002 -1.6208e+000 -1.0641e+000 -3.5027e+000
659 +3.415527772e-008 +3.415527772e-008 +9.302900000e+002 +9.302900000e+002 -1.6208e+000 -1.0642e+000 -3.5024e+000
663 +2.066190063e-008 +2.066190063e-008 +9.302900000e+002 +9.302900000e+002 -1.6207e+000 -1.0641e+000 -3.5024e+000
689 +1.242517556e-008 +1.242517556e-008 +9.302900000e+002 +9.302900000e+002 -1.6208e+000 -1.0641e+000 -3.5024e+000
693 +9.550262803e-009 +9.550262803e-009 +9.302900000e+002 +9.302900000e+002 -1.6209e+000 -1.0640e+000 -3.5025e+000
949 +0.000000000e+000 +0.000000000e+000 +9.302900000e+002 +9.302900000e+002 -1.6208e+000 -1.0640e+000 -3.5024e+000
% function evaluation | noise-free fitness - Fopt (7.786100000000e+002) | best noise-free fitness - Fopt | measured fitness | best measured fitness | x1 | x2...
1 +3.742419584e+001 +3.742419584e+001 +8.160341958e+002 +8.160341958e+002 +0.0000e+000 +0.0000e+000 +0.0000e+000
200 +3.633934615e+001 +3.633934615e+001 +8.149493462e+002 +8.149493462e+002 +2.0905e+000 -3.4674e+000 -1.7936e+000
202 +3.561579696e+001 +3.561579696e+001 +8.142257970e+002 +8.142257970e+002 +2.0894e+000 -3.5071e+000 -2.1885e+000
215 +3.534790400e+001 +3.534790400e+001 +8.139579040e+002 +8.139579040e+002 +2.0938e+000 -3.6527e+000 -2.4142e+000
461 +3.463084341e+001 +3.463084341e+001 +8.132408434e+002 +8.132408434e+002 +2.0512e+000 -3.7255e+000 -2.8875e+000
463 +2.639258148e+001 +2.639258148e+001 +8.050025815e+002 +8.050025815e+002 +1.3039e+000 -3.7579e+000 -2.9196e+000
482 +2.017495763e+001 +2.017495763e+001 +7.987849576e+002 +7.987849576e+002 +6.5819e-001 -3.7439e+000 -2.8829e+000
499 +1.831526566e+001 +1.831526566e+001 +7.969252657e+002 +7.969252657e+002 +4.3938e-001 -3.7359e+000 -3.0968e+000
501 +1.729815712e+001 +1.729815712e+001 +7.959081571e+002 +7.959081571e+002 +3.2420e-001 -3.7486e+000 -2.9710e+000
513 +1.568892837e+001 +1.568892837e+001 +7.942989284e+002 +7.942989284e+002 +1.2578e-001 -3.7336e+000 -2.7496e+000
514 +1.255096687e+001 +1.255096687e+001 +7.911609669e+002 +7.911609669e+002 -2.9103e-001 -3.7370e+000 -2.8792e+000
527 +1.153186991e+001 +1.153186991e+001 +7.901418699e+002 +7.901418699e+002 -4.3943e-001 -3.7344e+000 -2.9581e+000
533 +9.932944024e+000 +9.932944024e+000 +7.885429440e+002 +7.885429440e+002 -6.9427e-001 -3.6737e+000 -3.1068e+000
535 +6.317140170e+000 +6.317140170e+000 +7.849271402e+002 +7.849271402e+002 -1.3787e+000 -3.7190e+000 -2.3236e+000
536 +1.123969187e-001 +1.123969187e-001 +7.787223969e+002 +7.787223969e+002 -3.5451e+000 -3.8145e+000 -2.6856e+000
564 +9.747483743e-002 +9.747483743e-002 +7.787074748e+002 +7.787074748e+002 -3.6297e+000 -3.7566e+000 -3.0870e+000
572 +2.986812258e-002 +2.986812258e-002 +7.786398681e+002 +7.786398681e+002 -3.7446e+000 -3.8109e+000 -3.0061e+000
582 +2.629540017e-002 +2.629540017e-002 +7.786362954e+002 +7.786362954e+002 -3.6723e+000 -3.8068e+000 -2.8366e+000
590 +2.397150816e-002 +2.397150816e-002 +7.786339715e+002 +7.786339715e+002 -3.6819e+000 -3.7891e+000 -2.8367e+000
601 +7.025827064e-003 +7.025827064e-003 +7.786170258e+002 +7.786170258e+002 -3.7700e+000 -3.8268e+000 -2.9122e+000
641 +6.892246388e-003 +6.892246388e-003 +7.786168922e+002 +7.786168922e+002 -3.7499e+000 -3.8125e+000 -2.8598e+000
685 +6.266707677e-003 +6.266707677e-003 +7.786162667e+002 +7.786162667e+002 -3.8000e+000 -3.7584e+000 -2.8998e+000
686 +5.372752875e-003 +5.372752875e-003 +7.786153728e+002 +7.786153728e+002 -3.8014e+000 -3.7735e+000 -2.9077e+000
690 +4.837811025e-003 +4.837811025e-003 +7.786148378e+002 +7.786148378e+002 -3.7897e+000 -3.7623e+000 -2.8557e+000
693 +4.333204988e-003 +4.333204988e-003 +7.786143332e+002 +7.786143332e+002 -3.8022e+000 -3.7593e+000 -2.8482e+000
705 +2.603289380e-003 +2.603289380e-003 +7.786126033e+002 +7.786126033e+002 -3.7962e+000 -3.7909e+000 -2.8332e+000
738 +2.141815644e-003 +2.141815644e-003 +7.786121418e+002 +7.786121418e+002 -3.7952e+000 -3.8218e+000 -2.8311e+000
741 +1.387043521e-003 +1.387043521e-003 +7.786113870e+002 +7.786113870e+002 -3.8408e+000 -3.7832e+000 -2.8715e+000
746 +1.091433195e-003 +1.091433195e-003 +7.786110914e+002 +7.786110914e+002 -3.8029e+000 -3.8050e+000 -2.8653e+000
755 +1.049967181e-003 +1.049967181e-003 +7.786110500e+002 +7.786110500e+002 -3.8221e+000 -3.7961e+000 -2.8801e+000
757 +1.038287384e-003 +1.038287384e-003 +7.786110383e+002 +7.786110383e+002 -3.8258e+000 -3.7888e+000 -2.8719e+000
762 +7.437254568e-004 +7.437254568e-004 +7.786107437e+002 +7.786107437e+002 -3.8144e+000 -3.8364e+000 -2.8621e+000
763 +7.114366751e-004 +7.114366751e-004 +7.786107114e+002 +7.786107114e+002 -3.8183e+000 -3.7953e+000 -2.8515e+000
771 +1.686772288e-004 +1.686772288e-004 +7.786101687e+002 +7.786101687e+002 -3.8205e+000 -3.8128e+000 -2.8592e+000
773 +9.338094640e-005 +9.338094640e-005 +7.786100934e+002 +7.786100934e+002 -3.8269e+000 -3.8155e+000 -2.8500e+000
782 +4.128449871e-005 +4.128449871e-005 +7.786100413e+002 +7.786100413e+002 -3.8331e+000 -3.8115e+000 -2.8613e+000
799 +1.329507370e-005 +1.329507370e-005 +7.786100133e+002 +7.786100133e+002 -3.8294e+000 -3.8154e+000 -2.8575e+000
812 +5.217410944e-006 +5.217410944e-006 +7.786100052e+002 +7.786100052e+002 -3.8325e+000 -3.8190e+000 -2.8571e+000
834 +2.168767878e-006 +2.168767878e-006 +7.786100022e+002 +7.786100022e+002 -3.8342e+000 -3.8166e+000 -2.8579e+000
839 +5.101597935e-007 +5.101597935e-007 +7.786100005e+002 +7.786100005e+002 -3.8327e+000 -3.8164e+000 -2.8570e+000
853 +2.662541192e-007 +2.662541192e-007 +7.786100003e+002 +7.786100003e+002 -3.8329e+000 -3.8169e+000 -2.8581e+000
952 +2.350075192e-007 +2.350075192e-007 +7.786100002e+002 +7.786100002e+002 -3.8324e+000 -3.8167e+000 -2.8573e+000
955 +1.255008328e-007 +1.255008328e-007 +7.786100001e+002 +7.786100001e+002 -3.8325e+000 -3.8167e+000 -2.8575e+000
966 +1.190790044e-007 +1.190790044e-007 +7.786100001e+002 +7.786100001e+002 -3.8325e+000 -3.8168e+000 -2.8574e+000
980 +3.625098088e-008 +3.625098088e-008 +7.786100000e+002 +7.786100000e+002 -3.8330e+000 -3.8167e+000 -2.8576e+000
994 +3.517925506e-009 +3.517925506e-009 +7.786100000e+002 +7.786100000e+002 -3.8327e+000 -3.8168e+000 -2.8576e+000
1325 +0.000000000e+000 +0.000000000e+000 +7.786100000e+002 +7.786100000e+002 -3.8328e+000 -3.8168e+000 -2.8576e+000
% function evaluation | noise-free fitness - Fopt (-2.051000000000e+001) | best noise-free fitness - Fopt | measured fitness | best measured fitness | x1 | x2...
1 +2.135115008e+001 +2.135115008e+001 +8.411500800e-001 +8.411500800e-001 +0.0000e+000 +0.0000e+000 +0.0000e+000
72 +2.083554661e+001 +2.083554661e+001 +3.255466120e-001 +3.255466120e-001 -5.4473e-001 +7.0534e-001 -8.3733e-001
75 +1.965156691e+001 +1.965156691e+001 -8.584330932e-001 -8.584330932e-001 -5.5898e-001 +5.6852e-001 -6.1826e-001
81 +1.649112466e+001 +1.649112466e+001 -4.018875337e+000 -4.018875337e+000 -1.2879e+000 +6.8941e-001 -7.2586e-001
89 +1.303710253e+001 +1.303710253e+001 -7.472897469e+000 -7.472897469e+000 -1.6869e+000 +6.3125e-001 -3.8953e-001
92 +1.203501694e+001 +1.203501694e+001 -8.474983061e+000 -8.474983061e+000 -3.1484e+000 +5.9522e-001 -6.6040e-001
111 +8.980006538e+000 +8.980006538e+000 -1.152999346e+001 -1.152999346e+001 -4.0792e+000 +7.6621e-001 -1.3354e-001
149 +6.331497274e+000 +6.331497274e+000 -1.417850273e+001 -1.417850273e+001 -3.6297e+000 +1.3973e+000 +1.0241e-001
180 +3.973582456e+000 +3.973582456e+000 -1.653641754e+001 -1.653641754e+001 -3.8015e+000 +1.8054e+000 +6.1637e-001
188 +1.026561603e+000 +1.026561603e+000 -1.948343840e+001 -1.948343840e+001 -2.4894e+000 +1.6098e+000 +2.1164e+000
202 +3.942839611e-001 +3.942839611e-001 -2.011571604e+001 -2.011571604e+001 -2.8914e+000 +1.9456e+000 +2.1531e+000
239 +4.935842788e-002 +4.935842788e-002 -2.046064157e+001 -2.046064157e+001 -3.4482e+000 +1.9111e+000 +2.3595e+000
275 +3.604284229e-002 +3.604284229e-002 -2.047395716e+001 -2.047395716e+001 -3.4488e+000 +1.8026e+000 +2.7167e+000
279 +3.073826989e-002 +3.073826989e-002 -2.047926173e+001 -2.047926173e+001 -3.5338e+000 +1.8572e+000 +2.5993e+000
282 +1.763442902e-002 +1.763442902e-002 -2.049236557e+001 -2.049236557e+001 -3.4667e+000 +1.9137e+000 +2.6290e+000
302 +5.154223015e-003 +5.154223015e-003 -2.050484578e+001 -2.050484578e+001 -3.4176e+000 +1.8591e+000 +2.5138e+000
318 +1.853828579e-003 +1.853828579e-003 -2.050814617e+001 -2.050814617e+001 -3.3382e+000 +1.8372e+000 +2.5419e+000
352 +8.200894603e-004 +8.200894603e-004 -2.050917991e+001 -2.050917991e+001 -3.3488e+000 +1.8426e+000 +2.5574e+000
366 +3.004719535e-004 +3.004719535e-004 -2.050969953e+001 -2.050969953e+001 -3.3488e+000 +1.8579e+000 +2.5624e+000
371 +1.155015765e-004 +1.155015765e-004 -2.050988450e+001 -2.050988450e+001 -3.3702e+000 +1.8729e+000 +2.5542e+000
403 +2.844691582e-005 +2.844691582e-005 -2.050997155e+001 -2.050997155e+001 -3.3680e+000 +1.8654e+000 +2.5584e+000
412 +1.717740717e-005 +1.717740717e-005 -2.050998282e+001 -2.050998282e+001 -3.3639e+000 +1.8704e+000 +2.5574e+000
419 +5.339338461e-006 +5.339338461e-006 -2.050999466e+001 -2.050999466e+001 -3.3632e+000 +1.8694e+000 +2.5607e+000
439 +5.236336285e-006 +5.236336285e-006 -2.050999476e+001 -2.050999476e+001 -3.3611e+000 +1.8671e+000 +2.5592e+000
466 +3.688436657e-006 +3.688436657e-006 -2.050999631e+001 -2.050999631e+001 -3.3622e+000 +1.8669e+000 +2.5584e+000
467 +1.959127072e-006 +1.959127072e-006 -2.050999804e+001 -2.050999804e+001 -3.3628e+000 +1.8660e+000 +2.5594e+000
516 +5.680476605e-007 +5.680476605e-007 -2.050999943e+001 -2.050999943e+001 -3.3627e+000 +1.8669e+000 +2.5595e+000
552 +1.268991916e-007 +1.268991916e-007 -2.050999987e+001 -2.050999987e+001 -3.3634e+000 +1.8670e+000 +2.5597e+000
577 +4.561047362e-008 +4.561047362e-008 -2.050999995e+001 -2.050999995e+001 -3.3632e+000 +1.8670e+000 +2.5599e+000
685 +3.668326087e-008 +3.668326087e-008 -2.050999996e+001 -2.050999996e+001 -3.3632e+000 +1.8670e+000 +2.5600e+000
698 +3.288403150e-008 +3.288403150e-008 -2.050999997e+001 -2.050999997e+001 -3.3632e+000 +1.8670e+000 +2.5601e+000
699 +3.435211227e-009 +3.435211227e-009 -2.051000000e+001 -2.051000000e+001 -3.3632e+000 +1.8672e+000 +2.5600e+000
1043 +0.000000000e+000 +0.000000000e+000 -2.051000000e+001 -2.051000000e+001 -3.3632e+000 +1.8672e+000 +2.5600e+000
% function evaluation | noise-free fitness - Fopt (-1.000000000000e+003) | best noise-free fitness - Fopt | measured fitness | best measured fitness | x1 | x2...
1 +1.951587200e+001 +1.951587200e+001 -9.804841280e+002 -9.804841280e+002 +0.0000e+000 +0.0000e+000 +0.0000e+000
77 +1.880202098e+001 +1.880202098e+001 -9.811979790e+002 -9.811979790e+002 +4.0246e+000 -1.4090e+000 -1.5232e+000
84 +1.589650007e+001 +1.589650007e+001 -9.841034999e+002 -9.841034999e+002 +4.0249e+000 -9.2083e-001 -1.3152e+000
86 +1.449820218e+001 +1.449820218e+001 -9.855017978e+002 -9.855017978e+002 +4.0256e+000 -5.6846e-001 -1.0629e+000
94 +4.565706120e+000 +4.565706120e+000 -9.954342939e+002 -9.954342939e+002 +4.0255e+000 +1.9011e+000 -1.5029e+000
109 +4.115754168e+000 +4.115754168e+000 -9.958842458e+002 -9.958842458e+002 +4.0252e+000 +1.7797e+000 -1.7500e+000
124 +3.507358613e+000 +3.507358613e+000 -9.964926414e+002 -9.964926414e+002 +4.0248e+000 +2.2284e+000 -1.8737e+000
141 +3.393768397e+000 +3.393768397e+000 -9.966062316e+002 -9.966062316e+002 +4.0253e+000 +2.4445e+000 -1.9206e+000
142 +3.119721354e+000 +3.119721354e+000 -9.968802786e+002 -9.968802786e+002 +4.0251e+000 +2.5143e+000 -2.0972e+000
152 +2.782415900e+000 +2.782415900e+000 -9.972175841e+002 -9.972175841e+002 +4.0261e+000 +2.5262e+000 -2.4027e+000
170 +2.659203660e+000 +2.659203660e+000 -9.973407963e+002 -9.973407963e+002 +4.0259e+000 +2.4099e+000 -2.5679e+000
176 +2.605125680e+000 +2.605125680e+000 -9.973948743e+002 -9.973948743e+002 +4.0260e+000 +2.4699e+000 -2.8438e+000
361 +2.570353480e+000 +2.570353480e+000 -9.974296465e+002 -9.974296465e+002 +4.0134e+000 +2.4185e+000 -2.7080e+000
393 +2.468710079e+000 +2.468710079e+000 -9.975312899e+002 -9.975312899e+002 +3.9742e+000 +2.4390e+000 -2.6325e+000
396 +2.334991612e+000 +2.334991612e+000 -9.976650084e+002 -9.976650084e+002 +3.9408e+000 +2.4061e+000 -2.7612e+000
412 +1.943626149e+000 +1.943626149e+000 -9.980563739e+002 -9.980563739e+002 +3.8061e+000 +2.4716e+000 -2.8025e+000
429 +1.881677112e+000 +1.881677112e+000 -9.981183229e+002 -9.981183229e+002 +3.7730e+000 +2.4047e+000 -2.6283e+000
431 +6.881951668e-001 +6.881951668e-001 -9.993118048e+002 -9.993118048e+002 +3.1985e+000 +2.4938e+000 -3.0655e+000
445 +6.611972300e-001 +6.611972300e-001 -9.993388028e+002 -9.993388028e+002 +2.8209e+000 +3.0673e+000 -2.5746e+000
449 +2.316776858e-002 +2.316776858e-002 -9.999768322e+002 -9.999768322e+002 +2.5533e+000 +2.3689e+000 -2.7634e+000
532 +1.899683563e-002 +1.899683563e-002 -9.999810032e+002 -9.999810032e+002 +2.3759e+000 +2.4843e+000 -2.7060e+000
559 +1.246869059e-002 +1.246869059e-002 -9.999875313e+002 -9.999875313e+002 +2.3533e+000 +2.4533e+000 -2.7315e+000
561 +5.761058541e-003 +5.761058541e-003 -9.999942389e+002 -9.999942389e+002 +2.4597e+000 +2.3989e+000 -2.7520e+000
573 +1.592960377e-003 +1.592960377e-003 -9.999984070e+002 -9.999984070e+002 +2.4174e+000 +2.3665e+000 -2.8227e+000
589 +1.112375865e-003 +1.112375865e-003 -9.999988876e+002 -9.999988876e+002 +2.4011e+000 +2.4131e+000 -2.7822e+000
615 +1.046531980e-003 +1.046531980e-003 -9.999989535e+002 -9.999989535e+002 +2.4146e+000 +2.4198e+000 -2.7834e+000
616 +4.047041485e-004 +4.047041485e-004 -9.999995953e+002 -9.999995953e+002 +2.4095e+000 +2.4211e+000 -2.8010e+000
627 +1.342781060e-004 +1.342781060e-004 -9.999998657e+002 -9.999998657e+002 +2.4232e+000 +2.4083e+000 -2.8175e+000
656 +1.240469002e-004 +1.240469002e-004 -9.999998760e+002 -9.999998760e+002 +2.4150e+000 +2.4043e+000 -2.8010e+000
660 +9.628115140e-005 +9.628115140e-005 -9.999999037e+002 -9.999999037e+002 +2.4063e+000 +2.4106e+000 -2.8088e+000
664 +5.395283677e-005 +5.395283677e-005 -9.999999460e+002 -9.999999460e+002 +2.4128e+000 +2.4075e+000 -2.8052e+000
710 +4.918564946e-005 +4.918564946e-005 -9.999999508e+002 -9.999999508e+002 +2.4129e+000 +2.4033e+000 -2.8052e+000
733 +4.307624511e-005 +4.307624511e-005 -9.999999569e+002 -9.999999569e+002 +2.4165e+000 +2.4016e+000 -2.8071e+000
736 +2.596263084e-005 +2.596263084e-005 -9.999999740e+002 -9.999999740e+002 +2.4127e+000 +2.4026e+000 -2.8075e+000
737 +1.766708999e-005 +1.766708999e-005 -9.999999823e+002 -9.999999823e+002 +2.4168e+000 +2.4052e+000 -2.8093e+000
740 +1.545180021e-005 +1.545180021e-005 -9.999999845e+002 -9.999999845e+002 +2.4159e+000 +2.4023e+000 -2.8100e+000
743 +1.143363625e-005 +1.143363625e-005 -9.999999886e+002 -9.999999886e+002 +2.4145e+000 +2.4036e+000 -2.8090e+000
744 +7.928718901e-006 +7.928718901e-006 -9.999999921e+002 -9.999999921e+002 +2.4121e+000 +2.4057e+000 -2.8098e+000
752 +3.337304861e-006 +3.337304861e-006 -9.999999967e+002 -9.999999967e+002 +2.4139e+000 +2.4030e+000 -2.8122e+000
769 +2.757517677e-006 +2.757517677e-006 -9.999999972e+002 -9.999999972e+002 +2.4143e+000 +2.4037e+000 -2.8130e+000
781 +5.563064178e-007 +5.563064178e-007 -9.999999994e+002 -9.999999994e+002 +2.4137e+000 +2.4041e+000 -2.8121e+000
809 +5.045314992e-007 +5.045314992e-007 -9.999999995e+002 -9.999999995e+002 +2.4129e+000 +2.4049e+000 -2.8119e+000
810 +1.081211849e-007 +1.081211849e-007 -9.999999999e+002 -9.999999999e+002 +2.4137e+000 +2.4051e+000 -2.8118e+000
823 +4.515766250e-008 +4.515766250e-008 -1.000000000e+003 -1.000000000e+003 +2.4137e+000 +2.4047e+000 -2.8122e+000
855 +1.708917807e-008 +1.708917807e-008 -1.000000000e+003 -1.000000000e+003 +2.4137e+000 +2.4047e+000 -2.8120e+000
885 +6.087589099e-009 +6.087589099e-009 -1.000000000e+003 -1.000000000e+003 +2.4135e+000 +2.4048e+000 -2.8120e+000
1509 +0.000000000e+000 +0.000000000e+000 -1.000000000e+003 -1.000000000e+003 +2.4136e+000 +2.4048e+000 -2.8120e+000
% function evaluation | noise-free fitness - Fopt (-1.730800000000e+002) | best noise-free fitness - Fopt | measured fitness | best measured fitness | x1 | x2...
1 +2.759479168e+001 +2.759479168e+001 -1.454852083e+002 -1.454852083e+002 +0.0000e+000 +0.0000e+000 +0.0000e+000
134 +2.595424654e+001 +2.595424654e+001 -1.471257535e+002 -1.471257535e+002 +7.3809e-001 -3.6755e+000 -1.4317e+000
142 +2.076149205e+001 +2.076149205e+001 -1.523185080e+002 -1.523185080e+002 +1.0413e-001 -3.6896e+000 -1.4175e+000
144 +1.110691056e+001 +1.110691056e+001 -1.619730894e+002 -1.619730894e+002 -1.2301e+000 -3.6382e+000 -1.1148e+000
153 +1.048971365e+001 +1.048971365e+001 -1.625902863e+002 -1.625902863e+002 -1.4568e+000 -3.6859e+000 -1.2010e+000
154 +5.059277271e+000 +5.059277271e+000 -1.680207227e+002 -1.680207227e+002 -3.3326e+000 -3.6075e+000 -1.0201e+000
192 +4.077693993e+000 +4.077693993e+000 -1.690023060e+002 -1.690023060e+002 -3.5024e+000 -3.8935e+000 -7.8514e-001
214 +3.072786871e-001 +3.072786871e-001 -1.727727213e+002 -1.727727213e+002 -3.7973e+000 -4.0338e+000 +9.0014e-001
226 +2.710978028e-001 +2.710978028e-001 -1.728089022e+002 -1.728089022e+002 -3.8676e+000 -3.1738e+000 +1.3385e+000
249 +1.214055090e-001 +1.214055090e-001 -1.729585945e+002 -1.729585945e+002 -3.9406e+000 -3.5917e+000 +1.0840e+000
276 +1.847607632e-002 +1.847607632e-002 -1.730615239e+002 -1.730615239e+002 -3.6579e+000 -3.4859e+000 +1.2409e+000
303 +1.330893233e-002 +1.330893233e-002 -1.730666911e+002 -1.730666911e+002 -3.7169e+000 -3.5641e+000 +1.2427e+000
328 +2.287311699e-003 +2.287311699e-003 -1.730777127e+002 -1.730777127e+002 -3.6449e+000 -3.5923e+000 +1.1779e+000
384 +4.497747246e-004 +4.497747246e-004 -1.730795502e+002 -1.730795502e+002 -3.6068e+000 -3.5965e+000 +1.2216e+000
411 +3.419778401e-004 +3.419778401e-004 -1.730796580e+002 -1.730796580e+002 -3.6072e+000 -3.5964e+000 +1.2139e+000
448 +3.030465598e-004 +3.030465598e-004 -1.730796970e+002 -1.730796970e+002 -3.6190e+000 -3.6046e+000 +1.2268e+000
458 +2.574006245e-004 +2.574006245e-004 -1.730797426e+002 -1.730797426e+002 -3.6014e+000 -3.6124e+000 +1.2158e+000
468 +1.068242838e-004 +1.068242838e-004 -1.730798932e+002 -1.730798932e+002 -3.6119e+000 -3.6035e+000 +1.2146e+000
482 +7.570724992e-005 +7.570724992e-005 -1.730799243e+002 -1.730799243e+002 -3.6242e+000 -3.6144e+000 +1.2151e+000
493 +4.768715726e-005 +4.768715726e-005 -1.730799523e+002 -1.730799523e+002 -3.6158e+000 -3.6053e+000 +1.2126e+000
497 +3.910934083e-006 +3.910934083e-006 -1.730799961e+002 -1.730799961e+002 -3.6171e+000 -3.6122e+000 +1.2131e+000
557 +3.829440971e-006 +3.829440971e-006 -1.730799962e+002 -1.730799962e+002 -3.6187e+000 -3.6119e+000 +1.2106e+000
560 +4.616725278e-007 +4.616725278e-007 -1.730799995e+002 -1.730799995e+002 -3.6170e+000 -3.6116e+000 +1.2107e+000
572 +2.895206990e-007 +2.895206990e-007 -1.730799997e+002 -1.730799997e+002 -3.6172e+000 -3.6121e+000 +1.2109e+000
588 +2.498578908e-007 +2.498578908e-007 -1.730799998e+002 -1.730799998e+002 -3.6169e+000 -3.6118e+000 +1.2108e+000
604 +1.887684675e-007 +1.887684675e-007 -1.730799998e+002 -1.730799998e+002 -3.6165e+000 -3.6120e+000 +1.2109e+000
605 +1.856693075e-007 +1.856693075e-007 -1.730799998e+002 -1.730799998e+002 -3.6165e+000 -3.6121e+000 +1.2109e+000
619 +1.738381741e-007 +1.738381741e-007 -1.730799998e+002 -1.730799998e+002 -3.6166e+000 -3.6120e+000 +1.2108e+000
621 +1.479472758e-007 +1.479472758e-007 -1.730799999e+002 -1.730799999e+002 -3.6167e+000 -3.6120e+000 +1.2108e+000
622 +1.347664522e-007 +1.347664522e-007 -1.730799999e+002 -1.730799999e+002 -3.6167e+000 -3.6121e+000 +1.2109e+000
626 +1.173912949e-007 +1.173912949e-007 -1.730799999e+002 -1.730799999e+002 -3.6165e+000 -3.6120e+000 +1.2113e+000
628 +6.830234156e-008 +6.830234156e-008 -1.730799999e+002 -1.730799999e+002 -3.6166e+000 -3.6121e+000 +1.2110e+000
637 +5.643582313e-008 +5.643582313e-008 -1.730799999e+002 -1.730799999e+002 -3.6166e+000 -3.6121e+000 +1.2110e+000
639 +4.166355438e-008 +4.166355438e-008 -1.730800000e+002 -1.730800000e+002 -3.6167e+000 -3.6119e+000 +1.2110e+000
640 +2.595237447e-008 +2.595237447e-008 -1.730800000e+002 -1.730800000e+002 -3.6167e+000 -3.6121e+000 +1.2112e+000
650 +1.671355676e-008 +1.671355676e-008 -1.730800000e+002 -1.730800000e+002 -3.6168e+000 -3.6120e+000 +1.2113e+000
655 +8.131166851e-009 +8.131166851e-009 -1.730800000e+002 -1.730800000e+002 -3.6167e+000 -3.6120e+000 +1.2112e+000
1051 +0.000000000e+000 +0.000000000e+000 -1.730800000e+002 -1.730800000e+002 -3.6168e+000 -3.6120e+000 +1.2112e+000
% function evaluation | noise-free fitness - Fopt (5.309000000000e+001) | best noise-free fitness - Fopt | measured fitness | best measured fitness | x1 | x2...
1 +1.511276416e+001 +1.511276416e+001 +6.820276416e+001 +6.820276416e+001 +0.0000e+000 +0.0000e+000 +0.0000e+000
107 +6.645534313e+000 +6.645534313e+000 +5.973553431e+001 +5.973553431e+001 -7.7194e-001 -4.6006e+000 -2.8586e+000
128 +1.638679047e+000 +1.638679047e+000 +5.472867905e+001 +5.472867905e+001 -2.1424e+000 -3.3114e+000 -1.6978e+000
157 +1.433688412e+000 +1.433688412e+000 +5.452368841e+001 +5.452368841e+001 -2.0034e+000 -3.5933e+000 -1.7005e+000
185 +1.035856138e+000 +1.035856138e+000 +5.412585614e+001 +5.412585614e+001 -1.3779e+000 -2.8511e+000 -1.3650e+000
190 +2.598028512e-001 +2.598028512e-001 +5.334980285e+001 +5.334980285e+001 -1.3101e+000 -3.2742e+000 -1.0204e+000
221 +2.228182133e-001 +2.228182133e-001 +5.331281821e+001 +5.331281821e+001 -1.1399e+000 -3.8279e+000 -7.5559e-001
230 +1.231306553e-001 +1.231306553e-001 +5.321313066e+001 +5.321313066e+001 -1.1884e+000 -3.4452e+000 -7.8070e-001
241 +2.815897546e-002 +2.815897546e-002 +5.311815898e+001 +5.311815898e+001 -1.4862e+000 -3.6129e+000 -7.7156e-001
253 +2.094731699e-002 +2.094731699e-002 +5.311094732e+001 +5.311094732e+001 -1.5596e+000 -3.5415e+000 -4.9632e-001
262 +1.670667237e-002 +1.670667237e-002 +5.310670667e+001 +5.310670667e+001 -1.3968e+000 -3.4891e+000 -5.4303e-001
263 +5.383750153e-003 +5.383750153e-003 +5.309538375e+001 +5.309538375e+001 -1.5165e+000 -3.4703e+000 -6.1985e-001
270 +1.265922970e-003 +1.265922970e-003 +5.309126592e+001 +5.309126592e+001 -1.4817e+000 -3.5025e+000 -6.2179e-001
300 +1.010725561e-003 +1.010725561e-003 +5.309101073e+001 +5.309101073e+001 -1.4558e+000 -3.5326e+000 -6.2244e-001
311 +5.584686688e-004 +5.584686688e-004 +5.309055847e+001 +5.309055847e+001 -1.4700e+000 -3.5537e+000 -6.2089e-001
334 +1.009005166e-004 +1.009005166e-004 +5.309010090e+001 +5.309010090e+001 -1.4817e+000 -3.5319e+000 -6.1543e-001
439 +8.286108580e-005 +8.286108580e-005 +5.309008286e+001 +5.309008286e+001 -1.4886e+000 -3.5292e+000 -6.2478e-001
452 +3.557465135e-005 +3.557465135e-005 +5.309003557e+001 +5.309003557e+001 -1.4856e+000 -3.5334e+000 -6.2559e-001
467 +2.680580692e-005 +2.680580692e-005 +5.309002681e+001 +5.309002681e+001 -1.4849e+000 -3.5340e+000 -6.2451e-001
476 +1.797203123e-005 +1.797203123e-005 +5.309001797e+001 +5.309001797e+001 -1.4887e+000 -3.5350e+000 -6.2458e-001
482 +1.514826768e-005 +1.514826768e-005 +5.309001515e+001 +5.309001515e+001 -1.4877e+000 -3.5343e+000 -6.2358e-001
490 +6.555277373e-006 +6.555277373e-006 +5.309000656e+001 +5.309000656e+001 -1.4878e+000 -3.5400e+000 -6.2105e-001
498 +3.908695078e-006 +3.908695078e-006 +5.309000391e+001 +5.309000391e+001 -1.4879e+000 -3.5380e+000 -6.2340e-001
506 +2.652024186e-006 +2.652024186e-006 +5.309000265e+001 +5.309000265e+001 -1.4873e+000 -3.5376e+000 -6.2323e-001
520 +1.419334090e-006 +1.419334090e-006 +5.309000142e+001 +5.309000142e+001 -1.4877e+000 -3.5384e+000 -6.2230e-001
531 +1.278424648e-006 +1.278424648e-006 +5.309000128e+001 +5.309000128e+001 -1.4872e+000 -3.5379e+000 -6.2270e-001
547 +8.397664857e-007 +8.397664857e-007 +5.309000084e+001 +5.309000084e+001 -1.4875e+000 -3.5382e+000 -6.2223e-001
632 +8.248191818e-007 +8.248191818e-007 +5.309000082e+001 +5.309000082e+001 -1.4873e+000 -3.5375e+000 -6.2250e-001
633 +7.610999759e-007 +7.610999759e-007 +5.309000076e+001 +5.309000076e+001 -1.4873e+000 -3.5376e+000 -6.2247e-001
651 +7.452964468e-007 +7.452964468e-007 +5.309000075e+001 +5.309000075e+001 -1.4872e+000 -3.5376e+000 -6.2246e-001
652 +6.494286566e-007 +6.494286566e-007 +5.309000065e+001 +5.309000065e+001 -1.4871e+000 -3.5376e+000 -6.2240e-001
673 +5.545885529e-007 +5.545885529e-007 +5.309000055e+001 +5.309000055e+001 -1.4872e+000 -3.5375e+000 -6.2234e-001
686 +5.411025441e-007 +5.411025441e-007 +5.309000054e+001 +5.309000054e+001 -1.4872e+000 -3.5376e+000 -6.2233e-001
704 +2.281448772e-007 +2.281448772e-007 +5.309000023e+001 +5.309000023e+001 -1.4871e+000 -3.5376e+000 -6.2207e-001
713 +1.250162356e-007 +1.250162356e-007 +5.309000013e+001 +5.309000013e+001 -1.4871e+000 -3.5376e+000 -6.2195e-001
756 +1.065266204e-007 +1.065266204e-007 +5.309000011e+001 +5.309000011e+001 -1.4871e+000 -3.5376e+000 -6.2191e-001
769 +2.794527632e-008 +2.794527632e-008 +5.309000003e+001 +5.309000003e+001 -1.4872e+000 -3.5376e+000 -6.2176e-001
770 +2.682249090e-008 +2.682249090e-008 +5.309000003e+001 +5.309000003e+001 -1.4871e+000 -3.5376e+000 -6.2154e-001
782 +1.127479266e-008 +1.127479266e-008 +5.309000001e+001 +5.309000001e+001 -1.4872e+000 -3.5375e+000 -6.2168e-001
793 +4.145562116e-009 +4.145562116e-009 +5.309000000e+001 +5.309000000e+001 -1.4872e+000 -3.5375e+000 -6.2164e-001
1313 +0.000000000e+000 +0.000000000e+000 +5.309000000e+001 +5.309000000e+001 -1.4872e+000 -3.5376e+000 -6.2160e-001
