% function evaluation | noise-free fitness - Fopt (3.590000000000e+01) | best noise-free fitness - Fopt | measured fitness | best measured fitness | x1 | x2...
1 +5.506600110e+04 +5.506600110e+04 +5.510190110e+04 +5.510190110e+04 +0.0000e+00 +0.0000e+00 +0.0000e+00 +0.0000e+00 +0.0000e+00
239 +5.449223422e+04 +5.449223422e+04 +5.452813422e+04 +5.452813422e+04 +1.7628e+00 -2.7210e+00 -2.2667e+00 +3.6256e+00 -3.5891e+00
279 +5.283800907e+04 +5.283800907e+04 +5.287390907e+04 +5.287390907e+04 +1.7526e+00 -2.9100e+00 -2.0012e+00 +3.1346e+00 -3.5946e+00
318 +4.077019940e+04 +4.077019940e+04 +4.080609940e+04 +4.080609940e+04 +1.7543e+00 -2.8705e+00 -1.5056e+00 +2.9084e+00 -3.6347e+00
385 +3.667324374e+04 +3.667324374e+04 +3.670914374e+04 +3.670914374e+04 +1.7440e+00 -2.7283e+00 -1.5884e+00 +3.2422e+00 -3.6968e+00
393 +3.452415434e+04 +3.452415434e+04 +3.456005434e+04 +3.456005434e+04 +1.7533e+00 -2.7226e+00 -1.0941e+00 +2.8266e+00 -3.4852e+00
403 +3.253528526e+04 +3.253528526e+04 +3.257118526e+04 +3.257118526e+04 +1.7467e+00 -2.8828e+00 +5.0095e-01 +2.9430e+00 -3.6466e+00
416 +1.262811673e+04 +1.262811673e+04 +1.266401673e+04 +1.266401673e+04 +1.7759e+00 +5.7721e-01 -1.2908e+00 +3.7805e+00 -3.4496e+00
448 +1.229787089e+04 +1.229787089e+04 +1.233377089e+04 +1.233377089e+04 +1.6932e+00 -1.8702e+00 +7.2681e-01 +3.1804e+00 -4.1040e+00
465 +1.117757088e+04 +1.117757088e+04 +1.121347088e+04 +1.121347088e+04 +1.6765e+00 -6.5789e-01 +2.5702e+00 +4.3547e+00 -3.5075e+00
469 +3.599760955e+03 +3.599760955e+03 +3.635660955e+03 +3.635660955e+03 +1.7289e+00 -1.0464e+00 +1.5151e+00 +2.8910e+00 -3.6039e+00
501 +1.072090773e+03 +1.072090773e+03 +1.107990773e+03 +1.107990773e+03 +1.7122e+00 -1.7328e-01 +2.5558e-02 +4.1088e+00 -3.9988e+00
% function evaluation | noise-free fitness - Fopt (3.137000000000e+01) | best noise-free fitness - Fopt | measured fitness | best measured fitness | x1 | x2...
1 +4.394714990e+04 +4.394714990e+04 +4.397851990e+04 +4.397851990e+04 +0.0000e+00 +0.0000e+00 +0.0000e+00 +0.0000e+00 +0.0000e+00
155 +1.123308745e+04 +1.123308745e+04 +1.126445745e+04 +1.126445745e+04 +3.7348e+00 +4.8263e+00 -3.9803e+00 -1.6844e+01 +4.0119e+00
159 +7.062043598e+03 +7.062043598e+03 +7.093413598e+03 +7.093413598e+03 +3.8047e+00 +4.9469e+00 -4.2794e+00 -1.8901e+01 +3.8802e+00
186 +9.127157147e+02 +9.127157147e+02 +9.440857147e+02 +9.440857147e+02 +3.7066e+00 +4.8834e+00 -5.2137e+00 -2.0871e+01 +3.9257e+00
230 +6.687702389e+02 +6.687702389e+02 +7.001402389e+02 +7.001402389e+02 +3.6676e+00 +4.9331e+00 -4.8628e+00 -1.6491e+01 +4.4290e+00
263 +5.127386635e+02 +5.127386635e+02 +5.441086635e+02 +5.441086635e+02 +3.5043e+00 +4.7792e+00 -5.0209e+00 -1.4052e+01 +4.2933e+00
285 +4.636592866e+02 +4.636592866e+02 +4.950292866e+02 +4.950292866e+02 +3.0555e+00 +4.7933e+00 -5.3074e+00 -1.2952e+01 +5.1190e+00
303 +2.660950486e+02 +2.660950486e+02 +2.974650486e+02 +2.974650486e+02 +3.5878e+00 +4.8029e+00 -8.2624e+00 -7.7337e+00 +4.6429e+00
329 +2.176871696e+02 +2.176871696e+02 +2.490571696e+02 +2.490571696e+02 +2.9314e+00 +4.7286e+00 -7.8133e+00 -6.9148e+00 +3.2773e+00
419 +2.117485294e+02 +2.117485294e+02 +2.431185294e+02 +2.431185294e+02 +4.1044e+00 +4.6733e+00 -7.5151e+00 -6.3266e+00 +2.6077e+00
% function evaluation | noise-free fitness - Fopt (-1.000000000000e+03) | best noise-free fitness - Fopt | measured fitness | best measured fitness | x1 | x2...
1 +1.614676113e+05 +1.614676113e+05 +1.604676113e+05 +1.604676113e+05 +0.0000e+00 +0.0000e+00 +0.0000e+00 +0.0000e+00 +0.0000e+00
113 +1.180894922e+05 +1.180894922e+05 +1.170894922e+05 +1.170894922e+05 +1.2107e+00 +6.2096e-01 +2.2400e+00 -6.3308e-01 +1.9531e+00
148 +6.258408768e+04 +6.258408768e+04 +6.158408768e+04 +6.158408768e+04 -1.4007e+00 +1.4137e+00 +2.4663e+00 +2.3428e+00 +3.0644e+00
153 +5.825857408e+04 +5.825857408e+04 +5.725857408e+04 +5.725857408e+04 -6.2298e-01 +5.0700e-01 +1.9592e+00 -1.1078e-03 +2.3801e+00
159 +3.830685520e+04 +3.830685520e+04 +3.730685520e+04 +3.730685520e+04 -5.4850e-01 +7.6614e-01 +2.3710e+00 +2.1884e+00 +1.9949e+00
163 +3.239923855e+04 +3.239923855e+04 +3.139923855e+04 +3.139923855e+04 -5.9362e-01 +9.0633e-01 +2.9862e+00 +4.3394e-01 +3.2171e+00
166 +9.712593394e+03 +9.712593394e+03 +8.712593394e+03 +8.712593394e+03 -7.0148e+00 +1.5070e+00 +2.4873e+00 -2.3016e+00 +2.7635e+00
179 +1.039968375e+03 +1.039968375e+03 +3.996837477e+01 +3.996837477e+01 -6.8265e+00 +9.0195e-01 +2.4684e+00 +2.8138e+00 -7.8138e-01
205 +2.117125705e+02 +2.117125705e+02 -7.882874295e+02 -7.882874295e+02 -7.9915e+00 +1.7023e+00 +2.7225e+00 +8.8142e-01 -1.0893e-02
207 +1.762020977e+02 +1.762020977e+02 -8.237979023e+02 -8.237979023e+02 -7.5375e+00 +9.5730e-01 +3.1468e+00 +4.7925e-01 +1.0024e+00
230 +1.649115016e+02 +1.649115016e+02 -8.350884984e+02 -8.350884984e+02 -6.6167e+00 +1.1538e+00 +4.2910e+00 +1.8628e+00 +1.6672e+00
322 +4.681931469e+01 +4.681931469e+01 -9.531806853e+02 -9.531806853e+02 -9.5448e-01 +6.5945e-01 +5.0299e+00 +5.3815e+00 -8.5689e-01
% function evaluation | noise-free fitness - Fopt (1.319200000000e+02) | best noise-free fitness - Fopt | measured fitness | best measured fitness | x1 | x2...
1 +5.786648243e+05 +5.786648243e+05 +5.787967443e+05 +5.787967443e+05 +0.0000e+00 +0.0000e+00 +0.0000e+00 +0.0000e+00 +0.0000e+00
2 +2.275373210e+05 +2.275373210e+05 +2.276692410e+05 +2.276692410e+05 -2.5357e+00 +1.9963e-01 -1.5188e+00 +1.2274e+00 +3.1251e+00
44 +2.236674421e+05 +2.236674421e+05 +2.237993621e+05 +2.237993621e+05 -2.5881e+00 +1.9556e-01 -1.4841e+00 +1.2218e+00 +3.1213e+00
52 +2.154470043e+05 +2.154470043e+05 +2.155789243e+05 +2.155789243e+05 -2.5801e+00 +1.9749e-01 -1.7318e+00 +1.1603e+00 +3.1025e+00
77 +2.098460703e+05 +2.098460703e+05 +2.099779903e+05 +2.099779903e+05 -2.6574e+00 +1.8888e-01 -1.6849e+00 +1.1325e+00 +3.1150e+00
88 +1.888067735e+05 +1.888067735e+05 +1.889386935e+05 +1.889386935e+05 -3.0218e+00 +1.9513e-01 -1.7821e+00 +1.1349e+00 +3.1349e+00
116 +1.815984422e+05 +1.815984422e+05 +1.817303622e+05 +1.817303622e+05 -2.8166e+00 +1.8677e-01 -1.5409e+00 +6.4108e-01 +3.1329e+00
128 +1.203409702e+05 +1.203409702e+05 +1.204728902e+05 +1.204728902e+05 -3.9477e+00 +1.8696e-01 -1.3638e+00 +6.3283e-01 +3.1173e+00
160 +1.179686406e+05 +1.179686406e+05 +1.181005606e+05 +1.181005606e+05 -3.1996e+00 +1.5154e-01 -2.1993e+00 -6.3198e-01 +3.0788e+00
173 +6.035303004e+04 +6.035303004e+04 +6.048495004e+04 +6.048495004e+04 -4.6083e+00 +2.2187e-01 -1.5403e+00 -1.0637e+00 +3.1220e+00
207 +5.897759648e+04 +5.897759648e+04 +5.910951648e+04 +5.910951648e+04 -6.4621e+00 +3.0426e-01 -1.7591e+00 +3.2608e-01 +3.1443e+00
226 +3.336246609e+04 +3.336246609e+04 +3.349438609e+04 +3.349438609e+04 -5.6235e+00 +3.0975e-01 -1.6561e+00 -2.0569e+00 +3.1132e+00
232 +1.181134633e+04 +1.181134633e+04 +1.194326633e+04 +1.194326633e+04 -7.9703e+00 -1.2106e-02 -1.2482e+00 -6.7790e-01 +3.1164e+00
255 +1.326961621e+03 +1.326961621e+03 +1.458881621e+03 +1.458881621e+03 -9.4142e+00 +1.1464e-01 -1.0544e+00 -1.3106e+00 +3.1255e+00
276 +9.185648592e+02 +9.185648592e+02 +1.050484859e+03 +1.050484859e+03 -8.3040e+00 +5.3159e-02 -2.0279e+00 -1.7468e+00 +3.1077e+00
285 +4.182022460e+02 +4.182022460e+02 +5.501222460e+02 +5.501222460e+02 -8.6053e+00 +3.9879e-01 -1.0913e+00 -1.6594e+00 +3.1388e+00
292 +1.017138453e+02 +1.017138453e+02 +2.336338453e+02 +2.336338453e+02 -1.0156e+01 -2.5520e-01 -2.0795e+00 -3.5793e+00 +3.0724e+00
328 +8.933843832e+01 +8.933843832e+01 +2.212584383e+02 +2.212584383e+02 -1.0550e+01 +2.8725e-01 -1.1373e+00 -2.8429e+00 +3.1141e+00
337 +5.963649732e+01 +5.963649732e+01 +1.915564973e+02 +1.915564973e+02 -9.3730e+00 +5.9824e-01 -8.9781e-01 -2.4473e+00 +3.1145e+00
399 +4.992762778e+01 +4.992762778e+01 +1.818476278e+02 +1.818476278e+02 -8.7507e+00 +1.6508e+00 -1.2167e+00 -1.3008e+00 +3.1121e+00
425 +4.350405362e+01 +4.350405362e+01 +1.754240536e+02 +1.754240536e+02 -8.6256e+00 +1.0436e+00 -5.9908e-01 -1.3678e+00 +3.0683e+00
447 +4.241295213e+01 +4.241295213e+01 +1.743329521e+02 +1.743329521e+02 -8.4089e+00 +1.3275e+00 -8.4151e-01 -9.7726e-01 +3.0860e+00
% function evaluation | noise-free fitness - Fopt (5.908400000000e+02) | best noise-free fitness - Fopt | measured fitness | best measured fitness | x1 | x2...
1 +4.352378007e+05 +4.352378007e+05 +4.358286407e+05 +4.358286407e+05 +0.0000e+00 +0.0000e+00 +0.0000e+00 +0.0000e+00 +0.0000e+00
286 +2.776592025e+05 +2.776592025e+05 +2.782500425e+05 +2.782500425e+05 +2.0818e+00 -1.8332e+00 +4.4741e+00 -5.8670e+00 -2.8130e+00
308 +2.300287951e+05 +2.300287951e+05 +2.306196351e+05 +2.306196351e+05 -5.4889e-01 -9.2830e+00 -7.2740e-01 -8.9326e-01 -1.1493e+00
315 +1.130532818e+05 +1.130532818e+05 +1.136441218e+05 +1.136441218e+05 -5.3955e-01 -6.4173e+00 +2.1904e+00 -4.4903e+00 -4.6487e+00
319 +1.704261304e+03 +1.704261304e+03 +2.295101304e+03 +2.295101304e+03 +2.9602e-01 -4.1672e+00 +4.9051e+00 -1.0862e+01 -9.3601e+00
344 +1.472575292e+02 +1.472575292e+02 +7.380975292e+02 +7.380975292e+02 +4.8589e-01 -4.4830e+00 +1.9668e+00 -1.0223e+01 -5.9565e+00
% function evaluation | noise-free fitness - Fopt (6.231000000000e+01) | best noise-free fitness - Fopt | measured fitness | best measured fitness | x1 | x2...
1 +1.123728724e+05 +1.123728724e+05 +1.124351824e+05 +1.124351824e+05 +0.0000e+00 +0.0000e+00 +0.0000e+00 +0.0000e+00 +0.0000e+00
156 +1.042084182e+05 +1.042084182e+05 +1.042707282e+05 +1.042707282e+05 +1.0249e+00 -9.2181e-01 -3.3243e+00 -7.8446e-01 -3.0217e-01
178 +8.890289377e+04 +8.890289377e+04 +8.896520377e+04 +8.896520377e+04 +9.1957e-01 -5.3703e-01 -2.2503e+00 -8.2784e-01 -5.0192e-01
181 +7.770756799e+04 +7.770756799e+04 +7.776987799e+04 +7.776987799e+04 +9.6870e-01 -1.8507e+00 -3.3847e+00 -7.0428e-01 -4.5382e-01
194 +6.611442519e+04 +6.611442519e+04 +6.617673519e+04 +6.617673519e+04 +9.6984e-01 -1.2455e+00 -2.6329e+00 -9.2610e-01 -4.2709e-01
201 +4.289739122e+04 +4.289739122e+04 +4.295970122e+04 +4.295970122e+04 +9.8085e-01 -5.7300e+00 -3.9246e+00 -8.1004e-01 -3.8640e-01
203 +3.629376794e+04 +3.629376794e+04 +3.635607794e+04 +3.635607794e+04 +1.0297e+00 -3.6376e+00 -2.9741e+00 -8.2019e-01 -2.0310e-01
205 +2.965696439e+04 +2.965696439e+04 +2.971927439e+04 +2.971927439e+04 +1.0517e+00 -6.7152e+00 -3.1300e+00 -9.2402e-01 -4.3106e-01
220 +1.676235568e+04 +1.676235568e+04 +1.682466568e+04 +1.682466568e+04 +3.5171e-01 -5.5954e+00 -2.8720e+00 -7.9399e-01 -9.0398e-02
244 +1.249680599e+04 +1.249680599e+04 +1.255911599e+04 +1.255911599e+04 +2.2341e-01 -2.0833e+01 -3.1375e+00 -8.3594e-01 -2.5857e-01
263 +2.024999095e+03 +2.024999095e+03 +2.087309095e+03 +2.087309095e+03 -9.0286e-01 -8.1835e+00 -3.4478e+00 -8.3387e-01 +3.1954e-02
273 +4.083153813e+02 +4.083153813e+02 +4.706253813e+02 +4.706253813e+02 +2.6196e-01 -1.1711e+01 -5.0767e+00 -7.4745e-01 +1.2033e+00
288 +1.037613454e+02 +1.037613454e+02 +1.660713454e+02 +1.660713454e+02 -1.4537e+00 -9.9540e+00 -3.2849e+00 -8.0852e-01 +7.1145e-01
346 +4.734163021e+01 +4.734163021e+01 +1.096516302e+02 +1.096516302e+02 -1.0208e+00 -4.2166e+00 -2.4104e+00 -7.4260e-01 +1.2860e+00
483 +2.196819538e+01 +2.196819538e+01 +8.427819538e+01 +8.427819538e+01 -4.8363e-01 -3.1335e+00 -2.6032e+00 -1.2303e+00 +2.0175e+00
% function evaluation | noise-free fitness - Fopt (1.000000000000e+03) | best noise-free fitness - Fopt | measured fitness | best measured fitness | x1 | x2...
1 +1.124749815e+05 +1.124749815e+05 +1.134749815e+05 +1.134749815e+05 +0.0000e+00 +0.0000e+00 +0.0000e+00 +0.0000e+00 +0.0000e+00
85 +9.935438125e+04 +9.935438125e+04 +1.003543812e+05 +1.003543812e+05 -1.7283e+00 -3.2969e+00 +2.4316e+00 +1.9551e+00 -4.0039e+00
106 +9.217550798e+04 +9.217550798e+04 +9.317550798e+04 +9.317550798e+04 -1.7259e+00 -3.1822e+00 +2.0856e+00 +1.9930e+00 -3.7944e+00
109 +6.839615149e+04 +6.839615149e+04 +6.939615149e+04 +6.939615149e+04 -1.7084e+00 -3.8648e+00 +2.4550e+00 +1.9111e+00 -3.8114e+00
118 +6.687746883e+04 +6.687746883e+04 +6.787746883e+04 +6.787746883e+04 -1.6978e+00 -4.2045e+00 +2.4757e+00 +1.3849e+00 -3.5154e+00
120 +6.578218839e+04 +6.578218839e+04 +6.678218839e+04 +6.678218839e+04 -1.7160e+00 -4.1014e+00 +2.4784e+00 +1.9713e+00 -3.8429e+00
127 +6.419067233e+04 +6.419067233e+04 +6.519067233e+04 +6.519067233e+04 -1.6554e+00 -4.5907e+00 +2.5196e+00 +1.9436e+00 -3.8266e+00
131 +1.872885813e+04 +1.872885813e+04 +1.972885813e+04 +1.972885813e+04 -1.7331e+00 -3.6931e+00 +2.4625e+00 +1.8968e+00 -1.5310e+00
186 +1.390497395e+04 +1.390497395e+04 +1.490497395e+04 +1.490497395e+04 -1.8567e+00 -3.6162e+00 +2.5909e+00 +2.8918e+00 -1.6401e+00
193 +1.043775035e+04 +1.043775035e+04 +1.143775035e+04 +1.143775035e+04 -1.7476e+00 -3.6573e+00 +2.8127e+00 +3.0474e+00 +1.7385e+00
196 +3.609541688e+03 +3.609541688e+03 +4.609541688e+03 +4.609541688e+03 -1.7827e+00 -4.0596e+00 +2.5583e+00 +2.6812e+00 -1.0026e+00
206 +1.614303337e+03 +1.614303337e+03 +2.614303337e+03 +2.614303337e+03 -1.7960e+00 -3.9431e+00 +2.2560e+00 +3.2204e+00 +1.3920e+00
213 +6.959461495e+02 +6.959461495e+02 +1.695946150e+03 +1.695946150e+03 -1.7583e+00 -4.7907e+00 +2.2816e+00 +3.8262e+00 -5.0750e-01
231 +2.648174551e+02 +2.648174551e+02 +1.264817455e+03 +1.264817455e+03 -1.7996e+00 -4.5295e+00 +2.4945e+00 +3.3734e+00 +6.6464e-02
233 +1.189310290e+02 +1.189310290e+02 +1.118931029e+03 +1.118931029e+03 -1.8860e+00 -4.1838e+00 +2.6693e+00 +3.2677e+00 -7.8277e-01
239 +1.070294604e+02 +1.070294604e+02 +1.107029460e+03 +1.107029460e+03 -1.7680e+00 -4.0698e+00 +2.3853e+00 +3.1823e+00 +2.5308e-01
374 +9.589984121e+01 +9.589984121e+01 +1.095899841e+03 +1.095899841e+03 -8.0613e+00 -3.5831e+00 +2.8512e+00 +4.2142e+00 +1.4258e+00
383 +8.273875950e+01 +8.273875950e+01 +1.082738760e+03 +1.082738760e+03 -3.3186e+00 -4.1736e+00 +2.7822e+00 +4.8724e+00 +2.6055e+00
449 +7.689436451e+01 +7.689436451e+01 +1.076894365e+03 +1.076894365e+03 -3.5899e+00 -3.6871e+00 +2.5331e+00 +3.8963e+00 +1.3396e+00
462 +7.145715856e+01 +7.145715856e+01 +1.071457159e+03 +1.071457159e+03 -3.9798e+00 -3.7352e+00 +2.5874e+00 +3.8857e+00 +1.8925e+00
% function evaluation | noise-free fitness - Fopt (6.536000000000e+02) | best noise-free fitness - Fopt | measured fitness | best measured fitness | x1 | x2...
1 +8.218532147e+04 +8.218532147e+04 +8.283892147e+04 +8.283892147e+04 +0.0000e+00 +0.0000e+00 +0.0000e+00 +0.0000e+00 +0.0000e+00
162 +7.760953772e+04 +7.760953772e+04 +7.826313772e+04 +7.826313772e+04 -4.0126e+00 -9.9541e-02 -3.6603e+00 +8.5943e-01 -1.2268e+00
198 +7.451643732e+04 +7.451643732e+04 +7.517003732e+04 +7.517003732e+04 -4.0320e+00 -9.3687e-02 -3.6453e+00 +8.6878e-01 -1.0570e+00
207 +7.266201678e+04 +7.266201678e+04 +7.331561678e+04 +7.331561678e+04 -3.7644e+00 -9.0445e-02 -3.5553e+00 +8.4916e-01 -1.3634e+00
214 +6.316981074e+04 +6.316981074e+04 +6.382341074e+04 +6.382341074e+04 -3.3951e+00 -1.0364e-01 -3.5598e+00 +8.6797e-01 -1.0081e+00
245 +5.322231649e+04 +5.322231649e+04 +5.387591649e+04 +5.387591649e+04 -2.9582e+00 -9.8746e-02 -3.7230e+00 +9.1094e-01 -6.5543e-01
252 +4.086362317e+04 +4.086362317e+04 +4.151722317e+04 +4.151722317e+04 -2.1005e+00 -9.4532e-02 -3.6321e+00 +1.0523e+00 -1.0541e+00
269 +2.919552001e+04 +2.919552001e+04 +2.984912001e+04 +2.984912001e+04 -1.4892e-02 -1.3119e-01 -4.8624e+00 +9.4849e-01 -8.7212e-02
272 +1.814234443e+04 +1.814234443e+04 +1.879594443e+04 +1.879594443e+04 -1.2413e+00 -8.9521e-02 -3.2963e+00 +8.9358e-01 +3.4920e-01
300 +3.689227141e+03 +3.689227141e+03 +4.342827141e+03 +4.342827141e+03 -1.0163e+00 -7.6561e-02 -4.0112e+00 +7.8772e-01 +3.1862e+00
302 +2.135362926e+03 +2.135362926e+03 +2.788962926e+03 +2.788962926e+03 +2.6290e+00 -1.4267e-01 -2.2175e+00 +7.6704e-01 -4.2239e-01
324 +2.375998415e+02 +2.375998415e+02 +8.911998415e+02 +8.911998415e+02 +1.6634e+00 -1.4721e-01 -4.9512e+00 +1.1050e+00 +7.2135e+00
329 +1.230752629e+02 +1.230752629e+02 +7.766752629e+02 +7.766752629e+02 +3.0269e+00 -8.9206e-02 -3.8848e+00 +8.6972e-01 +4.9789e+00
337 +5.316398430e+01 +5.316398430e+01 +7.067639843e+02 +7.067639843e+02 +1.4628e+00 -4.0169e-01 -3.6099e+00 +1.0540e+00 +2.0127e+00
346 +4.829391155e+01 +4.829391155e+01 +7.018939116e+02 +7.018939116e+02 +2.2754e+00 -8.1337e-02 -3.1396e+00 +1.4137e+00 +1.6770e+00
352 +4.631081109e+01 +4.631081109e+01 +6.999108111e+02 +6.999108111e+02 +5.0846e-01 -1.6681e-01 -2.2463e+00 +1.1002e+00 +3.2377e+00
373 +3.474162026e+01 +3.474162026e+01 +6.883416203e+02 +6.883416203e+02 -5.4830e-02 -1.6412e-01 -1.7468e+00 +1.0793e+00 +2.4898e+00
401 +2.253424948e+01 +2.253424948e+01 +6.761342495e+02 +6.761342495e+02 +3.1327e-01 -1.4988e+00 -2.2926e+00 +1.1863e+00 +1.6044e+00
478 +1.709997328e+01 +1.709997328e+01 +6.706999733e+02 +6.706999733e+02 +7.7753e-02 -1.4132e+00 -2.5821e+00 +1.3541e+00 +1.0408e+00
% function evaluation | noise-free fitness - Fopt (-7.829000000000e+01) | best noise-free fitness - Fopt | measured fitness | best measured fitness | x1 | x2...
1 +3.831823428e+05 +3.831823428e+05 +3.831040528e+05 +3.831040528e+05 +0.0000e+00 +0.0000e+00 +0.0000e+00 +0.0000e+00 +0.0000e+00
2 +3.425857782e+05 +3.425857782e+05 +3.425074882e+05 +3.425074882e+05 +1.4378e+00 -3.5561e+00 +3.0042e+00 +1.2673e+00 -2.0621e+00
25 +3.370442469e+05 +3.370442469e+05 +3.369659569e+05 +3.369659569e+05 +1.4541e+00 -3.5703e+00 +2.8840e+00 +1.2465e+00 -2.0614e+00
34 +3.311305107e+05 +3.311305107e+05 +3.310522207e+05 +3.310522207e+05 +1.4393e+00 -3.5591e+00 +2.8074e+00 +1.2667e+00 -2.0614e+00
54 +3.148273124e+05 +3.148273124e+05 +3.147490224e+05 +3.147490224e+05 +1.3958e+00 -3.5986e+00 +2.4490e+00 +1.2530e+00 -2.0315e+00
69 +2.742758029e+05 +2.742758029e+05 +2.741975129e+05 +2.741975129e+05 +1.4486e+00 -3.6402e+00 +1.2073e+00 +1.2622e+00 -2.0566e+00
77 +2.503026958e+05 +2.503026958e+05 +2.502244058e+05 +2.502244058e+05 +1.4635e+00 -4.2806e+00 +1.1959e+00 +1.2747e+00 -2.0905e+00
86 +2.384762902e+05 +2.384762902e+05 +2.383980002e+05 +2.383980002e+05 +1.4221e+00 -3.6341e+00 +2.5090e-01 +1.2766e+00 -2.0510e+00
94 +2.310154313e+05 +2.310154313e+05 +2.309371413e+05 +2.309371413e+05 +1.4456e+00 -3.7000e+00 -6.2997e-02 +1.2660e+00 -1.9812e+00
115 +2.269327237e+05 +2.269327237e+05 +2.268544337e+05 +2.268544337e+05 +1.4656e+00 -3.9519e+00 -3.1318e-02 +1.2710e+00 -2.0470e+00
130 +2.189912853e+05 +2.189912853e+05 +2.189129953e+05 +2.189129953e+05 +1.4277e+00 -4.1942e+00 -6.6154e-01 +1.2618e+00 -2.0202e+00
203 +2.140978973e+05 +2.140978973e+05 +2.140196073e+05 +2.140196073e+05 +1.2595e+00 -4.0024e+00 +8.4810e-02 +1.2293e+00 -1.9587e+00
210 +2.124130952e+05 +2.124130952e+05 +2.123348052e+05 +2.123348052e+05 +1.2053e+00 -3.8789e+00 -9.4173e-01 +1.1741e+00 -1.7348e+00
248 +2.082401227e+05 +2.082401227e+05 +2.081618327e+05 +2.081618327e+05 +1.2259e+00 -3.9089e+00 -3.6602e-01 +1.2223e+00 -1.8231e+00
269 +1.957114679e+05 +1.957114679e+05 +1.956331779e+05 +1.956331779e+05 +1.2943e+00 -3.9436e+00 -2.5640e-01 +1.4464e+00 -1.8523e+00
277 +1.749248085e+05 +1.749248085e+05 +1.748465185e+05 +1.748465185e+05 +5.8176e-01 -3.9344e+00 -2.4525e-01 +1.2983e+00 -1.8632e+00
284 +1.729163126e+05 +1.729163126e+05 +1.728380226e+05 +1.728380226e+05 +6.8650e-01 -3.8262e+00 -2.8009e-01 +1.4163e+00 -1.8947e+00
300 +1.377648018e+05 +1.377648018e+05 +1.376865118e+05 +1.376865118e+05 +2.7409e-02 -3.8754e+00 -2.9028e-01 +1.2683e+00 -1.2280e+00
324 +1.292853372e+05 +1.292853372e+05 +1.292070472e+05 +1.292070472e+05 -1.4533e-01 -3.6858e+00 -2.8892e-01 +1.4632e+00 -1.6729e+00
327 +1.283913757e+05 +1.283913757e+05 +1.283130857e+05 +1.283130857e+05 +4.2725e-01 -3.7843e+00 -1.0054e+00 +1.8982e+00 -1.6177e+00
339 +1.194599197e+05 +1.194599197e+05 +1.193816297e+05 +1.193816297e+05 -2.5035e-01 -3.7925e+00 +1.1548e-01 +1.5044e+00 -1.4871e+00
352 +1.068511691e+05 +1.068511691e+05 +1.067728791e+05 +1.067728791e+05 -6.5202e-01 -3.8351e+00 -4.8295e-01 +2.0182e+00 -2.1330e+00
358 +9.184418786e+04 +9.184418786e+04 +9.176589786e+04 +9.176589786e+04 -1.7245e+00 -3.8089e+00 -7.3821e-01 +1.7569e+00 -1.0244e+00
378 +6.559572153e+04 +6.559572153e+04 +6.551743153e+04 +6.551743153e+04 -2.2894e+00 -3.8558e+00 -1.3925e-01 +1.7431e+00 -3.8831e-01
387 +6.316424107e+04 +6.316424107e+04 +6.308595107e+04 +6.308595107e+04 -1.7226e+00 -3.7716e+00 +1.6620e-01 +1.9412e+00 -1.1767e+00
402 +5.313458497e+03 +5.313458497e+03 +5.235168497e+03 +5.235168497e+03 -2.1881e+00 -3.6367e+00 +2.9530e-01 +3.4333e+00 -2.8665e-01
% function evaluation | noise-free fitness - Fopt (-4.164000000000e+01) | best noise-free fitness - Fopt | measured fitness | best measured fitness | x1 | x2...
1 +1.426262801e+05 +1.426262801e+05 +1.425846401e+05 +1.425846401e+05 +0.0000e+00 +0.0000e+00 +0.0000e+00 +0.0000e+00 +0.0000e+00
187 +3.844049095e+04 +3.844049095e+04 +3.839885095e+04 +3.839885095e+04 -1.2569e+00 +4.5116e+00 -9.2297e+00 +1.1313e+00 +5.1320e-01
218 +3.342099672e+04 +3.342099672e+04 +3.337935672e+04 +3.337935672e+04 +1.8861e+00 +4.4938e+00 -9.1771e+00 +1.0962e+00 +5.2696e-01
221 +1.994867232e+04 +1.994867232e+04 +1.990703232e+04 +1.990703232e+04 -3.1341e-01 +4.5110e+00 -1.0210e+01 +1.1308e+00 +5.5170e-01
236 +2.339444458e+02 +2.339444458e+02 +1.923044458e+02 +1.923044458e+02 +2.8235e+00 +4.5047e+00 -1.1768e+01 +1.0186e+00 +6.0697e-01
251 +1.698464795e+02 +1.698464795e+02 +1.282064795e+02 +1.282064795e+02 +2.5509e+00 +4.4669e+00 -1.2019e+01 +1.0086e+00 +5.2571e-01
336 +1.302847029e+02 +1.302847029e+02 +8.864470291e+01 +8.864470291e+01 +9.6831e-01 +4.3158e+00 -8.8205e+00 -6.7689e-01 +4.9582e-01
395 +1.156126257e+02 +1.156126257e+02 +7.397262567e+01 +7.397262567e+01 +2.1622e+00 +4.4599e+00 -7.9329e+00 -6.7196e-01 +7.0765e-01
420 +8.542503157e+01 +8.542503157e+01 +4.378503157e+01 +4.378503157e+01 +2.6183e+00 +2.3002e+00 -9.2416e+00 -1.2426e-01 +7.7447e-01
489 +8.474280859e+01 +8.474280859e+01 +4.310280859e+01 +4.310280859e+01 +2.8684e+00 +2.8427e+00 -8.5025e+00 -4.2056e-01 +9.8965e-01
% function evaluation | noise-free fitness - Fopt (1.344400000000e+02) | best noise-free fitness - Fopt | measured fitness | best measured fitness | x1 | x2...
1 +6.273346787e+04 +6.273346787e+04 +6.286790787e+04 +6.286790787e+04 +0.0000e+00 +0.0000e+00 +0.0000e+00 +0.0000e+00 +0.0000e+00
456 +5.530052497e+04 +5.530052497e+04 +5.543496497e+04 +5.543496497e+04 -1.3957e+00 +3.3947e+00 -3.0621e+00 -1.6258e+00 +2.3855e+00
461 +4.510281860e+04 +4.510281860e+04 +4.523725860e+04 +4.523725860e+04 -7.2751e-01 +4.5577e+00 -2.5202e+00 -1.5454e+00 +2.1902e+00
471 +3.929096781e+04 +3.929096781e+04 +3.942540781e+04 +3.942540781e+04 -8.5330e-01 +3.8856e+00 -4.0930e+00 -1.9486e+00 +2.8175e+00
488 +3.875952204e+04 +3.875952204e+04 +3.889396204e+04 +3.889396204e+04 -5.2564e-01 +3.1018e+00 -3.8245e+00 -1.7133e+00 +2.3112e+00
497 +3.275643260e+04 +3.275643260e+04 +3.289087260e+04 +3.289087260e+04 -8.7387e-01 +3.0870e+00 -1.3682e+00 -1.8566e+00 +1.8718e+00
% function evaluation | noise-free fitness - Fopt (-6.396000000000e+01) | best noise-free fitness - Fopt | measured fitness | best measured fitness | x1 | x2...
1 +5.540004181e+04 +5.540004181e+04 +5.533608181e+04 +5.533608181e+04 +0.0000e+00 +0.0000e+00 +0.0000e+00 +0.0000e+00 +0.0000e+00
284 +2.553817134e+04 +2.553817134e+04 +2.547421134e+04 +2.547421134e+04 +2.3537e+00 -8.8909e-01 -3.4563e-01 +1.2773e+00 -4.5159e-01
330 +2.367174279e+04 +2.367174279e+04 +2.360778279e+04 +2.360778279e+04 +1.6121e+00 -2.1977e+00 -5.8565e-01 +3.3675e+00 +1.5813e+00
340 +3.782850817e+03 +3.782850817e+03 +3.718890817e+03 +3.718890817e+03 +1.1154e+00 -2.0530e+00 -5.3655e-01 +1.5914e+00 +4.5746e-01
377 +2.089818184e+03 +2.089818184e+03 +2.025858184e+03 +2.025858184e+03 +8.2584e-01 -2.1283e+00 -7.2593e-01 +2.2959e+00 +1.2645e+00
402 +3.981489705e+00 +3.981489705e+00 -5.997851029e+01 -5.997851029e+01 +1.2963e+00 -1.5791e+00 -6.6202e-01 +2.4505e+00 -1.5596e+00
% function evaluation | noise-free fitness - Fopt (1.000000000000e+03) | best noise-free fitness - Fopt | measured fitness | best measured fitness | x1 | x2...
1 +6.959366791e+04 +6.959366791e+04 +7.059366791e+04 +7.059366791e+04 +0.0000e+00 +0.0000e+00 +0.0000e+00 +0.0000e+00 +0.0000e+00
177 +1.461363436e+04 +1.461363436e+04 +1.561363436e+04 +1.561363436e+04 -6.9745e-01 -5.8313e-01 -7.4025e+00 +2.8818e+00 +1.3409e+00
190 +4.015854552e+03 +4.015854552e+03 +5.015854552e+03 +5.015854552e+03 -1.5016e+00 -5.3102e-01 -3.5789e+00 +2.5028e+00 +1.1451e+00
202 +6.024167021e+01 +6.024167021e+01 +1.060241670e+03 +1.060241670e+03 -4.5160e+00 -5.6662e-01 -2.4614e+00 +2.8787e+00 +1.0373e+00
236 +4.312867308e+01 +4.312867308e+01 +1.043128673e+03 +1.043128673e+03 -2.0861e+00 -5.9595e-01 -3.8911e+00 +2.6397e+00 -5.5491e-01
302 +4.208580696e+01 +4.208580696e+01 +1.042085807e+03 +1.042085807e+03 -3.6537e+00 -6.5478e-01 -2.6087e+00 +2.7033e+00 -9.5009e-02
326 +3.968033482e+01 +3.968033482e+01 +1.039680335e+03 +1.039680335e+03 -3.0878e+00 -6.0941e-01 -2.6099e+00 +1.6190e+00 -1.7198e-01
336 +3.621833696e+01 +3.621833696e+01 +1.036218337e+03 +1.036218337e+03 -2.9803e+00 -5.9978e-01 -2.3260e+00 +2.2483e+00 +5.1603e-01
378 +3.340529177e+01 +3.340529177e+01 +1.033405292e+03 +1.033405292e+03 -3.2460e+00 -6.2927e-01 -2.2012e+00 +2.5184e+00 -4.5162e-01
403 +3.228691446e+01 +3.228691446e+01 +1.032286914e+03 +1.032286914e+03 -3.0967e+00 -8.0020e-01 -2.6906e+00 +2.6734e+00 -4.0169e-01
404 +3.135211193e+01 +3.135211193e+01 +1.031352112e+03 +1.031352112e+03 -2.6481e+00 -4.3762e-01 -2.5642e+00 +2.9200e+00 -8.7488e-01
410 +2.609337148e+01 +2.609337148e+01 +1.026093371e+03 +1.026093371e+03 -2.9641e+00 -7.4941e-01 -2.2257e+00 +2.8173e+00 -5.9400e-01
431 +2.450878741e+01 +2.450878741e+01 +1.024508787e+03 +1.024508787e+03 -2.3003e+00 -7.8789e-01 -2.7247e+00 +2.9922e+00 -1.4077e-01
453 +2.356927087e+01 +2.356927087e+01 +1.023569271e+03 +1.023569271e+03 -2.5036e+00 -8.3399e-01 -2.4680e+00 +2.9042e+00 -7.1750e-01
459 +1.981344888e+01 +1.981344888e+01 +1.019813449e+03 +1.019813449e+03 -1.6058e+00 -8.5214e-01 -2.4577e+00 +2.0272e+00 -1.7643e-01
461 +1.935309655e+01 +1.935309655e+01 +1.019353097e+03 +1.019353097e+03 -2.2335e+00 -1.2472e+00 -2.8257e+00 +3.2410e+00 -5.0916e-01
463 +1.651424365e+01 +1.651424365e+01 +1.016514244e+03 +1.016514244e+03 -1.9617e+00 -1.0510e+00 -2.4284e+00 +2.6469e+00 -4.3595e-01
487 +1.379906134e+01 +1.379906134e+01 +1.013799061e+03 +1.013799061e+03 -2.5440e+00 -1.7032e+00 -2.7369e+00 +2.8370e+00 -3.3796e-01
501 +1.269669763e+01 +1.269669763e+01 +1.012696698e+03 +1.012696698e+03 -2.2054e+00 -1.7458e+00 -2.8362e+00 +2.7288e+00 -8.3914e-01
% function evaluation | noise-free fitness - Fopt (4.519100000000e+02) | best noise-free fitness - Fopt | measured fitness | best measured fitness | x1 | x2...
1 +2.309940082e+05 +2.309940082e+05 +2.314459182e+05 +2.314459182e+05 +0.0000e+00 +0.0000e+00 +0.0000e+00 +0.0000e+00 +0.0000e+00
148 +1.794697978e+05 +1.794697978e+05 +1.799217078e+05 +1.799217078e+05 +4.6267e-01 +3.6888e+00 +3.3213e+00 -9.6213e-01 -1.8482e+00
160 +1.560930132e+05 +1.560930132e+05 +1.565449232e+05 +1.565449232e+05 +4.5090e-01 +3.7001e+00 +8.3940e-01 +6.9067e-01 -1.9888e+00
166 +1.400048258e+05 +1.400048258e+05 +1.404567358e+05 +1.404567358e+05 +4.6575e-01 +3.7250e+00 +5.6138e+00 -7.1416e-01 -1.8248e+00
180 +1.245206727e+05 +1.245206727e+05 +1.249725827e+05 +1.249725827e+05 +4.7711e-01 +3.7362e+00 +4.9362e+00 -2.7658e-01 -1.9764e+00
186 +1.129724445e+05 +1.129724445e+05 +1.134243545e+05 +1.134243545e+05 +4.9769e-01 +3.7079e+00 +8.8669e+00 -9.8718e-03 -1.8827e+00
193 +1.087286941e+05 +1.087286941e+05 +1.091806041e+05 +1.091806041e+05 +3.7922e-01 +3.7393e+00 +1.2514e+01 +1.2048e+00 -1.9553e+00
202 +1.004295202e+05 +1.004295202e+05 +1.008814302e+05 +1.008814302e+05 +5.1038e-01 +3.7926e+00 +4.9195e+00 +4.4588e-01 -1.8004e+00
203 +1.781765389e+04 +1.781765389e+04 +1.826956389e+04 +1.826956389e+04 +4.6078e-01 +3.7079e+00 +9.7709e+00 +2.7931e+00 -1.8850e+00
230 +3.417449197e+02 +3.417449197e+02 +7.936549197e+02 +7.936549197e+02 +4.3826e-01 +7.0781e+00 -1.9107e+00 +1.2295e+01 -1.7692e+00
250 +2.149487467e+02 +2.149487467e+02 +6.668587467e+02 +6.668587467e+02 +4.4461e-01 +4.9563e+00 +7.3415e+00 +6.7250e+00 -1.8223e+00
256 +1.127068519e+02 +1.127068519e+02 +5.646168519e+02 +5.646168519e+02 +4.5093e-01 +2.1128e+00 +8.0302e+00 +4.5453e+00 -2.1693e+00
281 +9.392312194e+01 +9.392312194e+01 +5.458331219e+02 +5.458331219e+02 +4.7128e-01 +2.3499e+00 +6.5631e+00 +4.6743e+00 -1.8816e+00
354 +8.525692532e+01 +8.525692532e+01 +5.371669253e+02 +5.371669253e+02 +4.4319e-01 +2.3618e+00 +1.9411e+00 +6.6324e+00 -1.8847e+00
371 +7.973645153e+01 +7.973645153e+01 +5.316464515e+02 +5.316464515e+02 +4.6983e-01 +2.1571e+00 +6.1715e+00 +4.5856e+00 -1.9169e+00
387 +6.457850333e+01 +6.457850333e+01 +5.164885033e+02 +5.164885033e+02 +4.5033e-01 +9.3029e-01 +4.8207e+00 +5.1817e+00 -1.9539e+00
453 +6.250188979e+01 +6.250188979e+01 +5.144118898e+02 +5.144118898e+02 +5.1852e-01 +1.3349e+00 +4.0213e+00 +5.3835e+00 -1.7341e+00
488 +4.971932877e+01 +4.971932877e+01 +5.016293288e+02 +5.016293288e+02 +1.2959e-01 +6.7039e-01 +5.0568e+00 +4.4515e+00 -1.8738e+00
495 +4.715765851e+01 +4.715765851e+01 +4.990676585e+02 +4.990676585e+02 -4.8539e-01 +9.8995e-01 +4.4672e+00 +4.7569e+00 -1.7457e+00
% function evaluation | noise-free fitness - Fopt (-2.415900000000e+02) | best noise-free fitness - Fopt | measured fitness | best measured fitness | x1 | x2...
1 +9.725301735e+04 +9.725301735e+04 +9.701142735e+04 +9.701142735e+04 +0.0000e+00 +0.0000e+00 +0.0000e+00 +0.0000e+00 +0.0000e+00
127 +8.827491414e+04 +8.827491414e+04 +8.803332414e+04 +8.803332414e+04 -4.4675e-01 -8.8205e-01 +2.3496e+00 +4.0743e-01 -3.1037e-01
129 +7.960729169e+04 +7.960729169e+04 +7.936570169e+04 +7.936570169e+04 -2.6646e-01 -9.2119e-01 +2.3769e+00 +1.4267e+00 -2.9991e-01
134 +7.076217467e+04 +7.076217467e+04 +7.052058467e+04 +7.052058467e+04 -6.4563e-01 -6.7510e-01 +2.3036e+00 +3.4860e+00 -2.7771e-01
153 +6.242175472e+04 +6.242175472e+04 +6.218016472e+04 +6.218016472e+04 -1.2922e+00 -8.2752e-01 +2.3055e+00 +4.3268e+00 -3.7235e-01
158 +7.621658227e+03 +7.621658227e+03 +7.380068227e+03 +7.380068227e+03 -2.0003e+01 -5.7389e-01 +2.2480e+00 +4.5094e+00 -3.1308e-01
204 +6.611234591e+03 +6.611234591e+03 +6.369644591e+03 +6.369644591e+03 -1.4499e+01 -1.0689e+00 +2.1579e+00 +8.1845e+00 -2.1616e-01
210 +5.638634092e+03 +5.638634092e+03 +5.397044092e+03 +5.397044092e+03 -1.1185e+01 -3.3808e+00 +2.1977e+00 +2.0199e+00 -1.0225e-01
213 +6.643704571e+02 +6.643704571e+02 +4.227804571e+02 +4.227804571e+02 -1.4675e+01 -7.0548e-01 +3.2409e+00 +8.4695e+00 -6.9587e-02
218 +5.404582185e+02 +5.404582185e+02 +2.988682185e+02 +2.988682185e+02 -1.4567e+01 -3.6976e+00 +2.5455e+00 +4.9849e+00 +2.4015e-01
377 +3.592514722e+02 +3.592514722e+02 +1.176614722e+02 +1.176614722e+02 -9.7704e+00 -4.6994e+00 +3.2629e+00 +3.9969e+00 +6.3412e-01
424 +2.385403470e+02 +2.385403470e+02 -3.049652970e+00 -3.049652970e+00 -8.1963e+00 -3.6665e+00 +3.1140e+00 +3.4454e+00 +4.7800e-01
