% function evaluation | noise-free fitness - Fopt (7.627000000000e+01) | best noise-free fitness - Fopt | measured fitness | best measured fitness | x1 | x2...
1 +1.130412458e+07 +1.130412458e+07 +1.130420085e+07 +1.130420085e+07 +0.0000e+00 +0.0000e+00 +0.0000e+00
2 +7.451150857e+06 +7.451150857e+06 +7.451227127e+06 +7.451227127e+06 -4.8441e+00 -4.3587e+00 -3.5823e+00
3 +7.228362966e+06 +7.228362966e+06 +7.228439236e+06 +7.228439236e+06 -4.8265e+00 -4.2794e+00 -3.5915e+00
14 +7.045763361e+06 +7.045763361e+06 +7.045839631e+06 +7.045839631e+06 -4.8458e+00 -4.2256e+00 -3.5834e+00
52 +6.904330303e+06 +6.904330303e+06 +6.904406573e+06 +6.904406573e+06 -4.8378e+00 -4.2675e+00 -3.4566e+00
72 +6.194518143e+06 +6.194518143e+06 +6.194594413e+06 +6.194594413e+06 -4.8340e+00 -3.9051e+00 -3.7474e+00
77 +5.943056222e+06 +5.943056222e+06 +5.943132492e+06 +5.943132492e+06 -4.8123e+00 -3.9924e+00 -3.5350e+00
86 +5.824433958e+06 +5.824433958e+06 +5.824510228e+06 +5.824510228e+06 -4.8475e+00 -3.9330e+00 -3.5842e+00
91 +5.159456708e+06 +5.159456708e+06 +5.159532978e+06 +5.159532978e+06 -4.8317e+00 -3.9169e+00 -3.4208e+00
94 +4.572293418e+06 +4.572293418e+06 +4.572369688e+06 +4.572369688e+06 -4.8232e+00 -3.9153e+00 -3.2659e+00
99 +3.717891660e+06 +3.717891660e+06 +3.717967930e+06 +3.717967930e+06 -4.8374e+00 -3.9528e+00 -2.9687e+00
108 +2.097644998e+06 +2.097644998e+06 +2.097721268e+06 +2.097721268e+06 -4.8385e+00 -3.9646e+00 -2.1471e+00
124 +1.097939682e+06 +1.097939682e+06 +1.098015952e+06 +1.098015952e+06 -4.8031e+00 -2.8927e+00 -2.8786e+00
128 +2.305229391e+05 +2.305229391e+05 +2.305992091e+05 +2.305992091e+05 -4.7887e+00 -3.5516e+00 -8.6682e-01
138 +1.093392769e+05 +1.093392769e+05 +1.094155469e+05 +1.094155469e+05 -4.8427e+00 -3.0438e+00 -1.3408e+00
139 +4.326678483e+04 +4.326678483e+04 +4.334305483e+04 +4.334305483e+04 -4.9225e+00 -2.0304e+00 -2.6767e+00
% function evaluation | noise-free fitness - Fopt (-2.255000000000e+01) | best noise-free fitness - Fopt | measured fitness | best measured fitness | x1 | x2...
1 +6.575630449e+06 +6.575630449e+06 +6.575607899e+06 +6.575607899e+06 +0.0000e+00 +0.0000e+00 +0.0000e+00
66 +5.117977484e+06 +5.117977484e+06 +5.117954934e+06 +5.117954934e+06 +3.2772e-01 -1.8847e+00 -2.7980e+00
77 +2.419500134e+06 +2.419500134e+06 +2.419477584e+06 +2.419477584e+06 +1.2319e+00 -1.7997e+00 -2.7930e+00
93 +1.894227281e+06 +1.894227281e+06 +1.894204731e+06 +1.894204731e+06 +1.2949e+00 -1.3310e+00 -2.7928e+00
94 +1.739274827e+06 +1.739274827e+06 +1.739252277e+06 +1.739252277e+06 +1.3501e+00 -1.3779e+00 -2.7895e+00
95 +2.541239626e+05 +2.541239626e+05 +2.541014126e+05 +2.541014126e+05 +2.0929e+00 -1.4414e+00 -2.8151e+00
110 +1.643010098e+05 +1.643010098e+05 +1.642784598e+05 +1.642784598e+05 +2.2335e+00 -1.5112e+00 -2.8035e+00
119 +5.605954853e+04 +5.605954853e+04 +5.603699853e+04 +5.603699853e+04 +2.6339e+00 -2.8072e-01 -2.8034e+00
123 +1.120626691e+03 +1.120626691e+03 +1.098076691e+03 +1.098076691e+03 +2.5464e+00 -1.2183e+00 -2.7996e+00
% function evaluation | noise-free fitness - Fopt (1.366000000000e+01) | best noise-free fitness - Fopt | measured fitness | best measured fitness | x1 | x2...
1 +1.490355618e+05 +1.490355618e+05 +1.490492218e+05 +1.490492218e+05 +0.0000e+00 +0.0000e+00 +0.0000e+00
2 +6.047274266e+03 +6.047274266e+03 +6.060934266e+03 +6.060934266e+03 +3.3574e+00 -2.5185e+00 -4.9241e+00
4 +5.373749517e+03 +5.373749517e+03 +5.387409517e+03 +5.387409517e+03 +3.3636e+00 -2.5180e+00 -4.9239e+00
6 +2.852068260e+03 +2.852068260e+03 +2.865728260e+03 +2.865728260e+03 +3.4238e+00 -2.5175e+00 -4.9245e+00
13 +1.001604036e+03 +1.001604036e+03 +1.015264036e+03 +1.015264036e+03 +3.4555e+00 -2.5179e+00 -4.9239e+00
29 +1.803232102e+02 +1.803232102e+02 +1.939832102e+02 +1.939832102e+02 +3.5069e+00 -2.5166e+00 -4.9293e+00
36 +8.284551680e+01 +8.284551680e+01 +9.650551680e+01 +9.650551680e+01 +3.5228e+00 -2.5177e+00 -4.9258e+00
% function evaluation | noise-free fitness - Fopt (9.378400000000e+02) | best noise-free fitness - Fopt | measured fitness | best measured fitness | x1 | x2...
1 +3.788682144e+06 +3.788682144e+06 +3.789619984e+06 +3.789619984e+06 +0.0000e+00 +0.0000e+00 +0.0000e+00
113 +3.415404932e+06 +3.415404932e+06 +3.416342772e+06 +3.416342772e+06 +9.7971e-02 -6.7138e+00 -1.8545e+00
124 +3.243355460e+06 +3.243355460e+06 +3.244293300e+06 +3.244293300e+06 +3.3666e-01 -4.3017e+00 -1.2893e+00
125 +1.804280213e+05 +1.804280213e+05 +1.813658613e+05 +1.813658613e+05 +5.0962e-01 -7.1926e+00 -4.9310e-01
126 +4.087731089e+04 +4.087731089e+04 +4.181515089e+04 +4.181515089e+04 +1.9641e-01 -1.5676e+01 -1.8105e+00
139 +4.206386744e+02 +4.206386744e+02 +1.358478674e+03 +1.358478674e+03 +1.6108e+00 -8.7049e+00 -1.3695e+00
% function evaluation | noise-free fitness - Fopt (-7.872000000000e+01) | best noise-free fitness - Fopt | measured fitness | best measured fitness | x1 | x2...
1 +2.260504906e+06 +2.260504906e+06 +2.260426186e+06 +2.260426186e+06 +0.0000e+00 +0.0000e+00 +0.0000e+00
2 +1.989334900e+06 +1.989334900e+06 +1.989256180e+06 +1.989256180e+06 -9.2684e-02 -4.4288e+00 +3.3390e+00
17 +1.819564128e+06 +1.819564128e+06 +1.819485408e+06 +1.819485408e+06 -1.0715e-01 -4.4174e+00 +3.1520e+00
34 +1.431464552e+06 +1.431464552e+06 +1.431385832e+06 +1.431385832e+06 -9.7667e-02 -4.4354e+00 +2.9998e+00
49 +6.268233980e+05 +6.268233980e+05 +6.267446780e+05 +6.267446780e+05 -9.7831e-02 -4.3041e+00 +2.5723e+00
66 +5.234947921e+05 +5.234947921e+05 +5.234160721e+05 +5.234160721e+05 -9.7352e-02 -4.4033e+00 +2.5363e+00
73 +2.657048539e+05 +2.657048539e+05 +2.656261339e+05 +2.656261339e+05 -1.0608e-01 -4.4848e+00 +8.5832e-01
75 +1.876694110e+03 +1.876694110e+03 +1.797974110e+03 +1.797974110e+03 -1.0406e-01 -4.4349e+00 +1.4706e+00
85 +8.704201492e+02 +8.704201492e+02 +7.917001492e+02 +7.917001492e+02 -1.1153e-01 -4.4018e+00 +1.5355e+00
104 +3.289008901e+02 +3.289008901e+02 +2.501808901e+02 +2.501808901e+02 -9.6892e-02 -4.4275e+00 +1.5396e+00
122 +7.655109365e+01 +7.655109365e+01 -2.168906350e+00 -2.168906350e+00 -1.0597e-01 -4.4150e+00 +1.5172e+00
137 +3.367374759e+01 +3.367374759e+01 -4.504625241e+01 -4.504625241e+01 -1.1821e-01 -4.4239e+00 +1.5185e+00
% function evaluation | noise-free fitness - Fopt (-6.949000000000e+01) | best noise-free fitness - Fopt | measured fitness | best measured fitness | x1 | x2...
1 +6.512029389e+05 +6.512029389e+05 +6.511334489e+05 +6.511334489e+05 +0.0000e+00 +0.0000e+00 +0.0000e+00
62 +1.853238488e+02 +1.853238488e+02 +1.158338488e+02 +1.158338488e+02 +4.4166e+00 +1.9357e+00 -2.4509e+00
139 +1.730359149e+01 +1.730359149e+01 -5.218640851e+01 -5.218640851e+01 +4.4960e+00 +1.9204e+00 -2.4257e+00
% function evaluation | noise-free fitness - Fopt (-2.718000000000e+01) | best noise-free fitness - Fopt | measured fitness | best measured fitness | x1 | x2...
1 +4.952140422e+06 +4.952140422e+06 +4.952113242e+06 +4.952113242e+06 +0.0000e+00 +0.0000e+00 +0.0000e+00
80 +3.549162006e+06 +3.549162006e+06 +3.549134826e+06 +3.549134826e+06 -1.9341e-01 -4.5111e-01 +2.2069e+00
93 +3.136344561e+06 +3.136344561e+06 +3.136317381e+06 +3.136317381e+06 -6.6837e-01 -8.1648e-01 +1.2113e+00
100 +4.743308352e+05 +4.743308352e+05 +4.743036552e+05 +4.743036552e+05 -7.4086e-01 -1.6735e-01 +7.3758e+00
103 +1.742609719e+04 +1.742609719e+04 +1.739891719e+04 +1.739891719e+04 -2.2247e+00 -2.4598e-01 +2.1288e+00
126 +6.234811909e+02 +6.234811909e+02 +5.963011909e+02 +5.963011909e+02 -1.9295e+00 -1.4329e-01 +4.8398e+00
136 +1.564748206e+02 +1.564748206e+02 +1.292948206e+02 +1.292948206e+02 -2.2356e+00 -4.1594e-01 +3.8947e+00
% function evaluation | noise-free fitness - Fopt (-6.968800000000e+02) | best noise-free fitness - Fopt | measured fitness | best measured fitness | x1 | x2...
1 +2.260389733e+06 +2.260389733e+06 +2.259692853e+06 +2.259692853e+06 +0.0000e+00 +0.0000e+00 +0.0000e+00
2 +1.220562194e+06 +1.220562194e+06 +1.219865314e+06 +1.219865314e+06 +1.5290e+00 +4.1984e+00 +1.5631e+00
3 +1.189594987e+06 +1.189594987e+06 +1.188898107e+06 +1.188898107e+06 +1.5276e+00 +4.1931e+00 +1.5725e+00
9 +1.169649265e+06 +1.169649265e+06 +1.168952385e+06 +1.168952385e+06 +1.5093e+00 +4.1989e+00 +1.5629e+00
18 +1.146973290e+06 +1.146973290e+06 +1.146276410e+06 +1.146276410e+06 +1.5068e+00 +4.2125e+00 +1.5665e+00
34 +1.108625980e+06 +1.108625980e+06 +1.107929100e+06 +1.107929100e+06 +1.5126e+00 +4.2385e+00 +1.5811e+00
37 +1.092380008e+06 +1.092380008e+06 +1.091683128e+06 +1.091683128e+06 +1.5159e+00 +4.6572e+00 +1.5418e+00
48 +1.038978631e+06 +1.038978631e+06 +1.038281751e+06 +1.038281751e+06 +1.5122e+00 +4.4785e+00 +1.5768e+00
53 +7.946338760e+05 +7.946338760e+05 +7.939369960e+05 +7.939369960e+05 +1.5030e+00 +4.3040e+00 +1.6821e+00
55 +6.783104043e+05 +6.783104043e+05 +6.776135243e+05 +6.776135243e+05 +1.5223e+00 +6.0167e+00 +1.5637e+00
59 +5.682279544e+05 +5.682279544e+05 +5.675310744e+05 +5.675310744e+05 +1.2434e+00 +4.4251e+00 +1.5940e+00
71 +5.587170139e+05 +5.587170139e+05 +5.580201339e+05 +5.580201339e+05 +1.4169e+00 +5.7959e+00 +1.5955e+00
77 +5.281961078e+05 +5.281961078e+05 +5.274992278e+05 +5.274992278e+05 +1.2885e+00 +5.2703e+00 +1.5917e+00
81 +3.539819738e+05 +3.539819738e+05 +3.532850938e+05 +3.532850938e+05 +8.3563e-01 +5.6248e+00 +1.4744e+00
92 +2.127472405e+05 +2.127472405e+05 +2.120503605e+05 +2.120503605e+05 +9.4223e-01 +4.8680e+00 +1.7569e+00
109 +1.420036380e+05 +1.420036380e+05 +1.413067580e+05 +1.413067580e+05 +4.5843e-01 +3.7345e+00 +1.5803e+00
120 +1.390599297e+05 +1.390599297e+05 +1.383630497e+05 +1.383630497e+05 +7.3535e-01 +5.5456e+00 +1.6161e+00
122 +2.010304493e+03 +2.010304493e+03 +1.313424493e+03 +1.313424493e+03 +7.4206e-01 +8.8306e+00 +1.8142e+00
130 +1.653811759e+02 +1.653811759e+02 -5.314988241e+02 -5.314988241e+02 +7.4241e-01 +8.6322e+00 +1.7863e+00
% function evaluation | noise-free fitness - Fopt (-4.895300000000e+02) | best noise-free fitness - Fopt | measured fitness | best measured fitness | x1 | x2...
1 +3.541643192e+05 +3.541643192e+05 +3.536747892e+05 +3.536747892e+05 +0.0000e+00 +0.0000e+00 +0.0000e+00
97 +3.370955767e+05 +3.370955767e+05 +3.366060467e+05 +3.366060467e+05 -9.2450e-01 -1.8062e+00 -4.3727e+00
99 +2.803722371e+05 +2.803722371e+05 +2.798827071e+05 +2.798827071e+05 -9.4473e-01 -1.6919e+00 -4.0421e+00
109 +1.091248004e+05 +1.091248004e+05 +1.086352704e+05 +1.086352704e+05 -1.1773e+00 +8.8526e-02 -3.9166e+00
111 +2.512325361e+04 +2.512325361e+04 +2.463372361e+04 +2.463372361e+04 -1.3708e+00 -1.6700e+00 -4.0810e+00
122 +1.744792261e+04 +1.744792261e+04 +1.695839261e+04 +1.695839261e+04 -1.0686e+00 -9.2682e-01 -3.3279e+00
125 +6.524395997e+03 +6.524395997e+03 +6.034865997e+03 +6.034865997e+03 -1.1504e+00 -9.8428e-01 -3.7151e+00
150 +3.691037114e+03 +3.691037114e+03 +3.201507114e+03 +3.201507114e+03 -9.7000e-01 -1.0737e-01 -3.8206e+00
% function evaluation | noise-free fitness - Fopt (-4.004000000000e+01) | best noise-free fitness - Fopt | measured fitness | best measured fitness | x1 | x2...
1 +1.038400130e+07 +1.038400130e+07 +1.038396126e+07 +1.038396126e+07 +0.0000e+00 +0.0000e+00 +0.0000e+00
2 +9.863818085e+06 +9.863818085e+06 +9.863778045e+06 +9.863778045e+06 -2.0823e-01 -2.8633e+00 +3.4401e+00
44 +9.768876994e+06 +9.768876994e+06 +9.768836954e+06 +9.768836954e+06 -2.1416e-01 -2.8830e+00 +3.4374e+00
51 +9.202531257e+06 +9.202531257e+06 +9.202491217e+06 +9.202491217e+06 -2.2529e-01 -3.0596e+00 +3.4400e+00
64 +8.556643040e+06 +8.556643040e+06 +8.556603000e+06 +8.556603000e+06 -2.4809e-01 -3.2954e+00 +3.4454e+00
67 +8.182766095e+06 +8.182766095e+06 +8.182726055e+06 +8.182726055e+06 -2.5592e-01 -3.4512e+00 +3.4309e+00
81 +7.348262440e+06 +7.348262440e+06 +7.348222400e+06 +7.348222400e+06 -2.9576e-01 -3.8193e+00 +3.4054e+00
83 +8.880846703e+05 +8.880846703e+05 +8.880446303e+05 +8.880446303e+05 -3.0125e-01 -6.5424e+00 +3.2843e+00
92 +1.150874979e+05 +1.150874979e+05 +1.150474579e+05 +1.150474579e+05 -3.9880e-01 -7.5717e+00 +3.3316e+00
96 +5.901235134e+04 +5.901235134e+04 +5.897231134e+04 +5.897231134e+04 -1.1340e-01 -8.1188e+00 +3.4121e+00
114 +8.147169351e+03 +8.147169351e+03 +8.107129351e+03 +8.107129351e+03 -3.8364e-01 -8.4069e+00 +3.7894e+00
116 +1.092138618e+02 +1.092138618e+02 +6.917386177e+01 +6.917386177e+01 -3.7819e-01 -8.1509e+00 +3.3206e+00
% function evaluation | noise-free fitness - Fopt (-1.038100000000e+02) | best noise-free fitness - Fopt | measured fitness | best measured fitness | x1 | x2...
1 +1.084439411e+07 +1.084439411e+07 +1.084429030e+07 +1.084429030e+07 +0.0000e+00 +0.0000e+00 +0.0000e+00
94 +1.640586122e+05 +1.640586122e+05 +1.639548022e+05 +1.639548022e+05 -2.2305e+00 +3.7875e+01 +3.8704e+00
151 +1.537719515e+05 +1.537719515e+05 +1.536681415e+05 +1.536681415e+05 -2.0740e+00 +3.6710e+01 +3.5810e+00
% function evaluation | noise-free fitness - Fopt (-2.380000000000e+01) | best noise-free fitness - Fopt | measured fitness | best measured fitness | x1 | x2...
1 +1.176265893e+07 +1.176265893e+07 +1.176263513e+07 +1.176263513e+07 +0.0000e+00 +0.0000e+00 +0.0000e+00
98 +1.131998218e+07 +1.131998218e+07 +1.131995838e+07 +1.131995838e+07 -8.2196e-01 +2.7838e+00 -5.7561e-01
100 +4.688150910e+05 +4.688150910e+05 +4.687912910e+05 +4.687912910e+05 +2.4646e+00 +2.5085e+00 +5.2214e+00
114 +1.110835564e+05 +1.110835564e+05 +1.110597564e+05 +1.110597564e+05 +1.0809e+00 +2.5771e+00 +3.5340e+00
116 +4.274637451e+03 +4.274637451e+03 +4.250837451e+03 +4.250837451e+03 -3.0354e-01 +2.6291e+00 +3.2772e+00
% function evaluation | noise-free fitness - Fopt (7.459000000000e+01) | best noise-free fitness - Fopt | measured fitness | best measured fitness | x1 | x2...
1 +7.734875671e+06 +7.734875671e+06 +7.734950261e+06 +7.734950261e+06 +0.0000e+00 +0.0000e+00 +0.0000e+00
136 +6.334489616e+06 +6.334489616e+06 +6.334564206e+06 +6.334564206e+06 +1.3472e+00 -9.4211e-02 -2.6562e+00
139 +1.881325152e+06 +1.881325152e+06 +1.881399742e+06 +1.881399742e+06 +1.3378e+00 -1.1974e+00 -1.6262e+00
140 +1.552199115e+04 +1.552199115e+04 +1.559658115e+04 +1.559658115e+04 +1.3528e+00 -2.5264e+00 -2.5005e+00
% function evaluation | noise-free fitness - Fopt (2.225900000000e+02) | best noise-free fitness - Fopt | measured fitness | best measured fitness | x1 | x2...
1 +3.036163999e+06 +3.036163999e+06 +3.036386589e+06 +3.036386589e+06 +0.0000e+00 +0.0000e+00 +0.0000e+00
2 +1.771319756e+05 +1.771319756e+05 +1.773545656e+05 +1.773545656e+05 +3.7716e+00 -1.9216e+00 -1.1856e-01
5 +1.709458455e+05 +1.709458455e+05 +1.711684355e+05 +1.711684355e+05 +3.7460e+00 -1.8967e+00 -1.6214e-01
12 +1.626120534e+05 +1.626120534e+05 +1.628346434e+05 +1.628346434e+05 +3.7969e+00 -1.9181e+00 -1.0945e-01
21 +1.617810598e+05 +1.617810598e+05 +1.620036498e+05 +1.620036498e+05 +3.7728e+00 -1.9045e+00 -1.5437e-01
22 +1.490437683e+05 +1.490437683e+05 +1.492663583e+05 +1.492663583e+05 +3.7828e+00 -1.8974e+00 -1.7656e-01
35 +1.398189938e+05 +1.398189938e+05 +1.400415838e+05 +1.400415838e+05 +3.7776e+00 -1.8730e+00 -1.6178e-01
37 +1.345192469e+05 +1.345192469e+05 +1.347418369e+05 +1.347418369e+05 +3.7752e+00 -1.8749e+00 -2.1743e-01
39 +1.063206826e+05 +1.063206826e+05 +1.065432726e+05 +1.065432726e+05 +3.8488e+00 -1.8755e+00 -1.3709e-01
47 +9.790612556e+04 +9.790612556e+04 +9.812871556e+04 +9.812871556e+04 +3.8203e+00 -1.8432e+00 -1.8275e-01
53 +5.255250527e+04 +5.255250527e+04 +5.277509527e+04 +5.277509527e+04 +3.7846e+00 -1.7164e+00 -2.6016e-01
67 +5.226007314e+04 +5.226007314e+04 +5.248266314e+04 +5.248266314e+04 +3.8363e+00 -1.7527e+00 -2.0980e-01
70 +3.749158711e+04 +3.749158711e+04 +3.771417711e+04 +3.771417711e+04 +3.9408e+00 -1.7765e+00 -1.3287e-01
79 +3.358253686e+04 +3.358253686e+04 +3.380512686e+04 +3.380512686e+04 +3.8711e+00 -1.6906e+00 -1.2311e-01
81 +8.794144777e+03 +8.794144777e+03 +9.016734777e+03 +9.016734777e+03 +3.9805e+00 -1.6982e+00 -1.6905e-01
94 +8.423386161e+01 +8.423386161e+01 +3.068238616e+02 +3.068238616e+02 +4.0716e+00 -1.6722e+00 -2.1846e-01
112 +3.412585177e+01 +3.412585177e+01 +2.567158518e+02 +2.567158518e+02 +4.1580e+00 -1.7356e+00 -2.2435e-01
% function evaluation | noise-free fitness - Fopt (-2.977700000000e+02) | best noise-free fitness - Fopt | measured fitness | best measured fitness | x1 | x2...
1 +8.334212857e+06 +8.334212857e+06 +8.333915087e+06 +8.333915087e+06 +0.0000e+00 +0.0000e+00 +0.0000e+00
76 +2.386682021e+06 +2.386682021e+06 +2.386384251e+06 +2.386384251e+06 +7.3812e+00 -2.9347e+00 -1.4853e+00
77 +4.861767786e+05 +4.861767786e+05 +4.858790086e+05 +4.858790086e+05 +1.2805e+00 -2.9445e+00 -3.7216e+00
98 +3.583398953e+04 +3.583398953e+04 +3.553621953e+04 +3.553621953e+04 +1.6529e+01 -2.9171e+00 -1.9305e+00
102 +3.231595526e+03 +3.231595526e+03 +2.933825526e+03 +2.933825526e+03 +7.5272e+00 -2.9226e+00 -3.2897e+00
