% function evaluation | noise-free fitness - Fopt (1.238300000000e+002) | best noise-free fitness - Fopt | measured fitness | best measured fitness | x1 | x2...
1 +2.600000000e+001 +2.600000000e+001 +1.498300000e+002 +1.498300000e+002 +0.0000e+000 +0.0000e+000 +0.0000e+000 +0.0000e+000 +0.0000e+000
678 +1.680538679e+001 +1.680538679e+001 +1.406353868e+002 +1.406353868e+002 -4.0471e-001 +8.4292e-001 -7.1506e-001 +1.2883e-001 -5.4815e-001
728 +6.828214105e+000 +6.828214105e+000 +1.306582141e+002 +1.306582141e+002 -3.1488e-001 +6.5847e-001 -6.6855e-001 +1.7402e-001 -4.1108e-001
783 +4.912187923e+000 +4.912187923e+000 +1.287421879e+002 +1.287421879e+002 -1.6778e-001 +6.6076e-001 -5.3102e-001 +6.0598e-002 -3.7633e-001
817 +3.651668356e+000 +3.651668356e+000 +1.274816684e+002 +1.274816684e+002 -3.0416e-001 +6.3238e-001 -4.5032e-001 +1.1402e-001 -3.2046e-001
898 +3.560356437e+000 +3.560356437e+000 +1.273903564e+002 +1.273903564e+002 -3.3169e-001 +6.1195e-001 -5.6396e-001 +9.0818e-002 -2.7623e-001
924 +3.424505424e+000 +3.424505424e+000 +1.272545054e+002 +1.272545054e+002 -2.5796e-001 +6.4844e-001 -5.2852e-001 +1.2035e-001 -2.9162e-001
931 +3.374214016e+000 +3.374214016e+000 +1.272042140e+002 +1.272042140e+002 -2.8806e-001 +6.8250e-001 -5.1626e-001 +6.2681e-002 -2.7540e-001
982 +3.273204283e+000 +3.273204283e+000 +1.271032043e+002 +1.271032043e+002 -2.7503e-001 +6.7692e-001 -5.4699e-001 +8.7783e-002 -2.9156e-001
1020 +3.206128930e+000 +3.206128930e+000 +1.270361289e+002 +1.270361289e+002 -2.8661e-001 +6.6681e-001 -5.3081e-001 +8.7380e-002 -2.9646e-001
1124 +3.143839065e+000 +3.143839065e+000 +1.269738391e+002 +1.269738391e+002 -2.7778e-001 +6.7617e-001 -5.0802e-001 +9.7821e-002 -2.8762e-001
1194 +3.089045094e+000 +3.089045094e+000 +1.269190451e+002 +1.269190451e+002 -2.5162e-001 +6.8118e-001 -4.9196e-001 +1.0136e-001 -2.9190e-001
1388 +3.016306647e+000 +3.016306647e+000 +1.268463066e+002 +1.268463066e+002 -2.5134e-001 +6.7985e-001 -4.5512e-001 +1.0770e-001 -2.8877e-001
1529 +2.950551665e+000 +2.950551665e+000 +1.267805517e+002 +1.267805517e+002 -2.3009e-001 +6.8098e-001 -4.3431e-001 +1.1273e-001 -2.9057e-001
1623 +2.867182527e+000 +2.867182527e+000 +1.266971825e+002 +1.266971825e+002 -2.0372e-001 +6.8100e-001 -4.1153e-001 +1.2956e-001 -2.8426e-001
1680 +2.809278252e+000 +2.809278252e+000 +1.266392783e+002 +1.266392783e+002 -2.0150e-001 +6.8146e-001 -3.9302e-001 +1.4004e-001 -2.8669e-001
1787 +2.735381826e+000 +2.735381826e+000 +1.265653818e+002 +1.265653818e+002 -2.0281e-001 +6.9227e-001 -3.5235e-001 +1.6295e-001 -2.8613e-001
1846 +2.664948064e+000 +2.664948064e+000 +1.264949481e+002 +1.264949481e+002 -1.8623e-001 +6.8312e-001 -3.3646e-001 +1.6482e-001 -2.6846e-001
1967 +2.628933777e+000 +2.628933777e+000 +1.264589338e+002 +1.264589338e+002 -1.6953e-001 +6.9153e-001 -3.1369e-001 +1.6177e-001 -2.7662e-001
2098 +2.569898114e+000 +2.569898114e+000 +1.263998981e+002 +1.263998981e+002 -1.4923e-001 +6.8986e-001 -3.0392e-001 +1.7229e-001 -2.6450e-001
2165 +2.477997944e+000 +2.477997944e+000 +1.263079979e+002 +1.263079979e+002 -1.5784e-001 +6.8923e-001 -2.6122e-001 +1.9864e-001 -2.7677e-001
2196 +2.452691757e+000 +2.452691757e+000 +1.262826918e+002 +1.262826918e+002 -1.4813e-001 +6.8982e-001 -2.5444e-001 +1.9173e-001 -2.5998e-001
2302 +2.396699635e+000 +2.396699635e+000 +1.262266996e+002 +1.262266996e+002 -1.4485e-001 +6.8784e-001 -2.4859e-001 +2.0536e-001 -2.6066e-001
2428 +2.343744394e+000 +2.343744394e+000 +1.261737444e+002 +1.261737444e+002 -1.3827e-001 +6.8517e-001 -2.2862e-001 +2.1547e-001 -2.6116e-001
% function evaluation | noise-free fitness - Fopt (4.751000000000e+001) | best noise-free fitness - Fopt | measured fitness | best measured fitness | x1 | x2...
1 +2.600000000e+001 +2.600000000e+001 +7.351000000e+001 +7.351000000e+001 +0.0000e+000 +0.0000e+000 +0.0000e+000 +0.0000e+000 +0.0000e+000
778 +2.505033259e+001 +2.505033259e+001 +7.256033259e+001 +7.256033259e+001 -3.4943e-002 -4.5011e-001 +4.3609e-001 +1.8470e-001 +4.6417e-002
812 +1.760231170e+001 +1.760231170e+001 +6.511231170e+001 +6.511231170e+001 -2.1079e-001 -3.0354e-001 +4.6933e-001 +1.8819e-001 +9.0768e-002
862 +6.402974858e+000 +6.402974858e+000 +5.391297486e+001 +5.391297486e+001 -5.0372e-001 -1.9010e-001 +6.4341e-001 +4.4425e-001 +3.9625e-002
952 +6.243816888e+000 +6.243816888e+000 +5.375381689e+001 +5.375381689e+001 -4.1966e-001 -2.9501e-001 +6.0045e-001 +2.3585e-001 -6.1200e-002
980 +4.840252324e+000 +4.840252324e+000 +5.235025232e+001 +5.235025232e+001 -4.2273e-001 -3.2500e-001 +6.4679e-001 +4.1732e-001 -4.7795e-002
1004 +4.426130243e+000 +4.426130243e+000 +5.193613024e+001 +5.193613024e+001 -5.0067e-001 -3.3873e-001 +6.4750e-001 +3.2408e-001 -1.0383e-001
1014 +4.095100974e+000 +4.095100974e+000 +5.160510097e+001 +5.160510097e+001 -5.0303e-001 -3.1860e-001 +6.4831e-001 +3.3088e-001 -9.2474e-002
1087 +3.317951599e+000 +3.317951599e+000 +5.082795160e+001 +5.082795160e+001 -5.0757e-001 -1.9120e-001 +6.5668e-001 +3.0494e-001 -1.0513e-001
1457 +3.299283737e+000 +3.299283737e+000 +5.080928374e+001 +5.080928374e+001 -4.9226e-001 -2.1464e-001 +6.9372e-001 +3.6114e-001 -1.0750e-001
1566 +3.192284894e+000 +3.192284894e+000 +5.070228489e+001 +5.070228489e+001 -5.1349e-001 -2.1324e-001 +6.7189e-001 +3.5603e-001 -9.9748e-002
1733 +3.157006651e+000 +3.157006651e+000 +5.066700665e+001 +5.066700665e+001 -5.1544e-001 -1.9714e-001 +6.6440e-001 +3.5466e-001 -9.5042e-002
1918 +3.089108666e+000 +3.089108666e+000 +5.059910867e+001 +5.059910867e+001 -5.2407e-001 -1.5703e-001 +6.5157e-001 +3.4090e-001 -8.3015e-002
2001 +3.017975496e+000 +3.017975496e+000 +5.052797550e+001 +5.052797550e+001 -5.3384e-001 -1.4088e-001 +6.3247e-001 +3.3743e-001 -8.2920e-002
2182 +2.907492451e+000 +2.907492451e+000 +5.041749245e+001 +5.041749245e+001 -5.5671e-001 -1.2258e-001 +6.0474e-001 +3.2688e-001 -7.8746e-002
2236 +2.871790291e+000 +2.871790291e+000 +5.038179029e+001 +5.038179029e+001 -5.6284e-001 -1.1608e-001 +5.9953e-001 +3.1983e-001 -7.5223e-002
2404 +2.807554157e+000 +2.807554157e+000 +5.031755416e+001 +5.031755416e+001 -5.6811e-001 -9.7707e-002 +5.8257e-001 +3.1730e-001 -6.5316e-002
2487 +2.732575089e+000 +2.732575089e+000 +5.024257509e+001 +5.024257509e+001 -5.6566e-001 -7.4483e-002 +5.4577e-001 +3.0520e-001 -5.6956e-002
% function evaluation | noise-free fitness - Fopt (5.534000000000e+001) | best noise-free fitness - Fopt | measured fitness | best measured fitness | x1 | x2...
1 +2.600000000e+001 +2.600000000e+001 +8.134000000e+001 +8.134000000e+001 +0.0000e+000 +0.0000e+000 +0.0000e+000 +0.0000e+000 +0.0000e+000
1382 +2.138469716e+001 +2.138469716e+001 +7.672469716e+001 +7.672469716e+001 +2.6677e-001 -7.6265e-001 +5.4073e-001 +2.9360e-001 +3.9267e-002
1406 +1.890352726e+001 +1.890352726e+001 +7.424352726e+001 +7.424352726e+001 +2.1095e-002 -9.0307e-001 +3.6593e-001 +3.5389e-001 +1.0013e-001
1425 +1.799970942e+001 +1.799970942e+001 +7.333970942e+001 +7.333970942e+001 -3.6372e-001 -8.3386e-001 +3.7582e-001 +2.7518e-001 +6.0475e-002
1432 +1.516742581e+001 +1.516742581e+001 +7.050742581e+001 +7.050742581e+001 +6.3977e-002 -8.9887e-001 +4.8474e-001 +2.6335e-001 +7.5057e-002
1445 +5.481267542e+000 +5.481267542e+000 +6.082126754e+001 +6.082126754e+001 -2.8163e-001 -7.8954e-001 +7.3686e-001 +4.1544e-001 +6.5364e-002
1553 +5.229569951e+000 +5.229569951e+000 +6.056956995e+001 +6.056956995e+001 -1.4841e-001 -8.3259e-001 +6.5584e-001 +2.3689e-001 -1.0402e-001
1579 +5.126991035e+000 +5.126991035e+000 +6.046699104e+001 +6.046699104e+001 -9.8881e-002 -8.3287e-001 +7.6930e-001 +1.9375e-001 -1.6782e-001
1586 +4.626152810e+000 +4.626152810e+000 +5.996615281e+001 +5.996615281e+001 -7.4781e-002 -8.3290e-001 +7.0718e-001 +2.5462e-001 -1.2662e-001
1678 +4.492489205e+000 +4.492489205e+000 +5.983248921e+001 +5.983248921e+001 -6.7387e-002 -8.1053e-001 +7.5561e-001 +2.5367e-001 -1.6696e-001
1730 +4.438229494e+000 +4.438229494e+000 +5.977822949e+001 +5.977822949e+001 -4.1735e-002 -7.3841e-001 +7.8558e-001 +2.1103e-001 -2.3100e-001
1757 +4.321016094e+000 +4.321016094e+000 +5.966101609e+001 +5.966101609e+001 -3.7404e-002 -6.3866e-001 +6.8467e-001 +1.9794e-001 -1.4362e-001
1763 +3.918629715e+000 +3.918629715e+000 +5.925862971e+001 +5.925862971e+001 -7.8785e-002 -7.1601e-001 +7.4875e-001 +2.2122e-001 -2.0016e-001
1790 +3.793267244e+000 +3.793267244e+000 +5.913326724e+001 +5.913326724e+001 -6.1264e-002 -7.0068e-001 +7.2730e-001 +2.1766e-001 -2.1572e-001
1927 +3.700237073e+000 +3.700237073e+000 +5.904023707e+001 +5.904023707e+001 -4.2425e-002 -6.9396e-001 +7.2561e-001 +2.1497e-001 -1.8833e-001
2104 +3.628482273e+000 +3.628482273e+000 +5.896848227e+001 +5.896848227e+001 -2.8297e-002 -6.7498e-001 +7.2188e-001 +2.0724e-001 -2.0765e-001
2244 +3.509628061e+000 +3.509628061e+000 +5.884962806e+001 +5.884962806e+001 -4.0743e-003 -6.3457e-001 +7.1816e-001 +2.0160e-001 -2.4394e-001
2485 +3.457647441e+000 +3.457647441e+000 +5.879764744e+001 +5.879764744e+001 -6.5353e-004 -6.1343e-001 +7.1450e-001 +1.9063e-001 -2.4741e-001
% function evaluation | noise-free fitness - Fopt (-9.033000000000e+001) | best noise-free fitness - Fopt | measured fitness | best measured fitness | x1 | x2...
1 +2.600000000e+001 +2.600000000e+001 -6.433000000e+001 -6.433000000e+001 +0.0000e+000 +0.0000e+000 +0.0000e+000 +0.0000e+000 +0.0000e+000
705 +1.899844931e+001 +1.899844931e+001 -7.133155069e+001 -7.133155069e+001 -6.9115e-001 -8.3634e-001 -8.2941e-001 +3.7931e-001 +4.8178e-003
760 +7.383389101e+000 +7.383389101e+000 -8.294661090e+001 -8.294661090e+001 -5.8172e-001 -5.3719e-001 -7.2718e-001 +2.0097e-001 -1.7245e-001
908 +6.782285829e+000 +6.782285829e+000 -8.354771417e+001 -8.354771417e+001 -3.6948e-001 -6.8155e-001 -7.5378e-001 +2.5059e-001 -7.3151e-002
909 +5.267359200e+000 +5.267359200e+000 -8.506264080e+001 -8.506264080e+001 -4.8218e-001 -6.5486e-001 -7.3073e-001 +2.2956e-001 +9.6705e-002
1014 +5.026681371e+000 +5.026681371e+000 -8.530331863e+001 -8.530331863e+001 -6.2561e-001 -5.9978e-001 -6.5197e-001 +2.7020e-001 -4.2565e-002
1046 +4.871609304e+000 +4.871609304e+000 -8.545839070e+001 -8.545839070e+001 -4.8785e-001 -5.6050e-001 -6.2732e-001 +1.9365e-001 -6.2764e-002
1067 +4.695157381e+000 +4.695157381e+000 -8.563484262e+001 -8.563484262e+001 -6.0220e-001 -5.3248e-001 -6.2495e-001 +3.6456e-001 -2.6717e-002
1079 +4.662879012e+000 +4.662879012e+000 -8.566712099e+001 -8.566712099e+001 -5.1498e-001 -6.4849e-001 -6.6020e-001 +2.9181e-001 +1.5577e-002
1108 +4.162322895e+000 +4.162322895e+000 -8.616767711e+001 -8.616767711e+001 -5.6292e-001 -5.6654e-001 -6.6427e-001 +2.8130e-001 +2.5917e-002
1182 +3.719136122e+000 +3.719136122e+000 -8.661086388e+001 -8.661086388e+001 -3.0878e-001 -6.1259e-001 -6.7687e-001 +1.4792e-001 -6.7027e-003
1232 +3.714069648e+000 +3.714069648e+000 -8.661593035e+001 -8.661593035e+001 -4.1865e-001 -6.0457e-001 -6.7474e-001 +2.2514e-001 -1.3268e-002
1320 +3.563101694e+000 +3.563101694e+000 -8.676689831e+001 -8.676689831e+001 -4.0624e-001 -5.7409e-001 -6.6533e-001 +2.0337e-001 +1.4414e-002
1327 +3.454636150e+000 +3.454636150e+000 -8.687536385e+001 -8.687536385e+001 -3.7665e-001 -5.9172e-001 -6.7104e-001 +1.9127e-001 +3.0096e-002
1447 +3.385996036e+000 +3.385996036e+000 -8.694400396e+001 -8.694400396e+001 -3.4951e-001 -5.8950e-001 -6.5128e-001 +1.9500e-001 +2.9550e-002
1557 +3.308434543e+000 +3.308434543e+000 -8.702156546e+001 -8.702156546e+001 -3.2862e-001 -6.0632e-001 -6.3963e-001 +1.8074e-001 +2.6481e-002
1764 +3.233853857e+000 +3.233853857e+000 -8.709614614e+001 -8.709614614e+001 -2.9204e-001 -6.1434e-001 -6.4436e-001 +1.8269e-001 +3.6143e-002
1861 +3.161242410e+000 +3.161242410e+000 -8.716875759e+001 -8.716875759e+001 -2.5681e-001 -6.2400e-001 -6.3799e-001 +1.6609e-001 +3.7658e-002
1961 +3.063404483e+000 +3.063404483e+000 -8.726659552e+001 -8.726659552e+001 -2.3829e-001 -6.3470e-001 -6.0830e-001 +1.6855e-001 +3.9304e-002
2010 +3.000380249e+000 +3.000380249e+000 -8.732961975e+001 -8.732961975e+001 -2.0053e-001 -6.3436e-001 -6.0755e-001 +1.4823e-001 +4.0489e-002
2047 +2.944236525e+000 +2.944236525e+000 -8.738576348e+001 -8.738576348e+001 -1.9666e-001 -6.3520e-001 -5.8026e-001 +1.5676e-001 +4.9826e-002
2135 +2.879581310e+000 +2.879581310e+000 -8.745041869e+001 -8.745041869e+001 -1.7365e-001 -6.3891e-001 -5.7250e-001 +1.5483e-001 +4.5379e-002
2185 +2.817143547e+000 +2.817143547e+000 -8.751285645e+001 -8.751285645e+001 -1.4365e-001 -6.3341e-001 -5.6262e-001 +1.4632e-001 +4.7231e-002
2218 +2.747497297e+000 +2.747497297e+000 -8.758250270e+001 -8.758250270e+001 -1.1811e-001 -6.4034e-001 -5.4074e-001 +1.5274e-001 +4.3799e-002
2279 +2.689255133e+000 +2.689255133e+000 -8.764074487e+001 -8.764074487e+001 -9.7272e-002 -6.3706e-001 -5.2586e-001 +1.4686e-001 +4.5116e-002
2364 +2.621806095e+000 +2.621806095e+000 -8.770819391e+001 -8.770819391e+001 -7.8546e-002 -6.4975e-001 -4.9829e-001 +1.5110e-001 +4.9985e-002
2405 +2.555368550e+000 +2.555368550e+000 -8.777463145e+001 -8.777463145e+001 -4.6246e-002 -6.7135e-001 -4.9300e-001 +1.4904e-001 +5.0168e-002
2440 +2.500894529e+000 +2.500894529e+000 -8.782910547e+001 -8.782910547e+001 -3.8675e-002 -6.5850e-001 -4.8274e-001 +1.4719e-001 +5.1897e-002
% function evaluation | noise-free fitness - Fopt (6.561000000000e+001) | best noise-free fitness - Fopt | measured fitness | best measured fitness | x1 | x2...
1 +2.600000000e+001 +2.600000000e+001 +9.161000000e+001 +9.161000000e+001 +0.0000e+000 +0.0000e+000 +0.0000e+000 +0.0000e+000 +0.0000e+000
570 +1.823448283e+001 +1.823448283e+001 +8.384448283e+001 +8.384448283e+001 +7.7905e-001 +1.3424e-001 +8.1801e-001 +6.3955e-001 +1.7982e-001
584 +1.817645144e+001 +1.817645144e+001 +8.378645144e+001 +8.378645144e+001 +8.9327e-001 +2.7032e-002 +7.9811e-001 +5.7373e-001 +1.1106e-001
600 +1.520869367e+001 +1.520869367e+001 +8.081869367e+001 +8.081869367e+001 +7.9318e-001 +9.7291e-002 +8.0498e-001 +2.2866e-001 -1.8528e-001
613 +6.345698228e+000 +6.345698228e+000 +7.195569823e+001 +7.195569823e+001 +5.7713e-002 +1.0141e-001 +7.3922e-001 +4.9755e-001 +1.2390e-002
653 +6.135884144e+000 +6.135884144e+000 +7.174588414e+001 +7.174588414e+001 +6.2700e-001 +7.8886e-002 +8.2811e-001 +6.1837e-001 -1.0410e-001
682 +5.847972394e+000 +5.847972394e+000 +7.145797239e+001 +7.145797239e+001 +4.0800e-001 +2.2403e-001 +8.8587e-001 +6.4398e-001 -3.0397e-002
685 +5.504786064e+000 +5.504786064e+000 +7.111478606e+001 +7.111478606e+001 +4.7697e-001 +9.9353e-002 +8.8871e-001 +6.1476e-001 -7.1591e-002
695 +4.632189125e+000 +4.632189125e+000 +7.024218913e+001 +7.024218913e+001 +3.5340e-001 +2.0220e-001 +8.5786e-001 +5.2713e-001 -1.3638e-001
705 +4.297267958e+000 +4.297267958e+000 +6.990726796e+001 +6.990726796e+001 +4.7217e-001 +1.7181e-001 +8.7218e-001 +5.7182e-001 -7.5539e-002
721 +4.182964142e+000 +4.182964142e+000 +6.979296414e+001 +6.979296414e+001 +5.1116e-001 +1.9074e-001 +8.4649e-001 +5.5203e-001 -1.0140e-001
742 +4.160287778e+000 +4.160287778e+000 +6.977028778e+001 +6.977028778e+001 +2.9827e-001 +1.8080e-001 +8.5575e-001 +4.7171e-001 -8.0553e-002
781 +4.007090696e+000 +4.007090696e+000 +6.961709070e+001 +6.961709070e+001 +4.0030e-001 +1.7351e-001 +8.5994e-001 +5.5879e-001 -6.7606e-002
786 +3.943140887e+000 +3.943140887e+000 +6.955314089e+001 +6.955314089e+001 +4.0549e-001 +1.7598e-001 +8.4753e-001 +5.4270e-001 -8.1414e-002
860 +3.864202783e+000 +3.864202783e+000 +6.947420278e+001 +6.947420278e+001 +3.7406e-001 +1.6244e-001 +8.3903e-001 +5.5191e-001 -7.3242e-002
996 +3.778832140e+000 +3.778832140e+000 +6.938883214e+001 +6.938883214e+001 +3.2792e-001 +1.5234e-001 +8.3242e-001 +5.3976e-001 -4.8723e-002
1178 +3.714533207e+000 +3.714533207e+000 +6.932453321e+001 +6.932453321e+001 +3.1019e-001 +1.3521e-001 +8.3737e-001 +5.3518e-001 -6.6205e-002
1363 +3.626507795e+000 +3.626507795e+000 +6.923650780e+001 +6.923650780e+001 +2.8160e-001 +1.3533e-001 +8.3852e-001 +5.1167e-001 -6.2955e-002
1409 +3.501124047e+000 +3.501124047e+000 +6.911112405e+001 +6.911112405e+001 +2.3080e-001 +1.1690e-001 +8.2685e-001 +4.8347e-001 -5.9701e-002
1556 +3.415931416e+000 +3.415931416e+000 +6.902593142e+001 +6.902593142e+001 +2.0510e-001 +6.9550e-002 +8.2739e-001 +4.6620e-001 -6.2303e-002
1623 +3.365859491e+000 +3.365859491e+000 +6.897585949e+001 +6.897585949e+001 +1.8022e-001 +8.3233e-002 +8.4092e-001 +4.7286e-001 -5.8282e-002
1764 +3.310956437e+000 +3.310956437e+000 +6.892095644e+001 +6.892095644e+001 +1.6713e-001 +7.3391e-002 +8.3687e-001 +4.6240e-001 -5.9928e-002
1869 +3.222322745e+000 +3.222322745e+000 +6.883232275e+001 +6.883232275e+001 +1.3897e-001 +6.2857e-002 +8.3309e-001 +4.3883e-001 -6.0390e-002
1993 +3.156321126e+000 +3.156321126e+000 +6.876632113e+001 +6.876632113e+001 +1.2558e-001 +4.5641e-002 +8.3256e-001 +4.2190e-001 -6.2639e-002
2064 +3.081924108e+000 +3.081924108e+000 +6.869192411e+001 +6.869192411e+001 +1.0025e-001 +3.0603e-002 +8.0599e-001 +3.8641e-001 -6.6804e-002
2154 +3.011229946e+000 +3.011229946e+000 +6.862122995e+001 +6.862122995e+001 +8.2325e-002 +6.9589e-003 +8.1500e-001 +3.8389e-001 -6.5002e-002
2368 +2.947129033e+000 +2.947129033e+000 +6.855712903e+001 +6.855712903e+001 +6.4379e-002 +2.5800e-003 +8.1247e-001 +3.6444e-001 -6.3738e-002
% function evaluation | noise-free fitness - Fopt (-2.259500000000e+002) | best noise-free fitness - Fopt | measured fitness | best measured fitness | x1 | x2...
1 +2.600000000e+001 +2.600000000e+001 -1.999500000e+002 -1.999500000e+002 +0.0000e+000 +0.0000e+000 +0.0000e+000 +0.0000e+000 +0.0000e+000
826 +1.879133628e+001 +1.879133628e+001 -2.071586637e+002 -2.071586637e+002 +1.0821e+000 +5.5691e-002 +3.3594e-001 -5.3830e-001 -2.8289e-001
858 +1.788027313e+001 +1.788027313e+001 -2.080697269e+002 -2.080697269e+002 +1.1205e+000 +5.4912e-002 +2.6919e-001 -6.6922e-001 -3.9391e-001
861 +1.481142302e+001 +1.481142302e+001 -2.111385770e+002 -2.111385770e+002 +1.0995e+000 -2.0361e-001 +2.4716e-001 -1.2243e-001 -4.2604e-001
882 +1.401535987e+001 +1.401535987e+001 -2.119346401e+002 -2.119346401e+002 +1.0099e+000 +1.4526e-002 +2.4350e-001 -6.3129e-001 -5.2108e-001
887 +1.043739338e+001 +1.043739338e+001 -2.155126066e+002 -2.155126066e+002 +9.3808e-001 -1.8645e-002 +3.9930e-001 -5.3078e-001 -4.2945e-001
912 +7.515128912e+000 +7.515128912e+000 -2.184348711e+002 -2.184348711e+002 +1.0627e+000 -1.2718e-001 +2.7952e-001 -5.0938e-001 -4.5923e-001
949 +7.251086953e+000 +7.251086953e+000 -2.186989130e+002 -2.186989130e+002 +9.7275e-001 -8.3013e-002 +2.8708e-001 -4.5411e-001 -5.5036e-001
962 +6.600094710e+000 +6.600094710e+000 -2.193499053e+002 -2.193499053e+002 +1.1590e+000 -1.1322e-001 +2.5316e-001 -3.6330e-001 -6.2372e-001
969 +5.112398085e+000 +5.112398085e+000 -2.208376019e+002 -2.208376019e+002 +9.9723e-001 -1.5739e-001 +2.9872e-001 -4.2022e-001 -5.6253e-001
1086 +4.946816036e+000 +4.946816036e+000 -2.210031840e+002 -2.210031840e+002 +1.0549e+000 -1.4119e-001 +1.9097e-001 -3.7390e-001 -5.8950e-001
1111 +4.883082353e+000 +4.883082353e+000 -2.210669176e+002 -2.210669176e+002 +1.0306e+000 -1.5311e-001 +2.5852e-001 -3.7434e-001 -5.6694e-001
1126 +4.675559835e+000 +4.675559835e+000 -2.212744402e+002 -2.212744402e+002 +1.0510e+000 -1.9189e-001 +2.4051e-001 -3.9150e-001 -5.8192e-001
% function evaluation | noise-free fitness - Fopt (1.306000000000e+001) | best noise-free fitness - Fopt | measured fitness | best measured fitness | x1 | x2...
1 +2.600000000e+001 +2.600000000e+001 +3.906000000e+001 +3.906000000e+001 +0.0000e+000 +0.0000e+000 +0.0000e+000 +0.0000e+000 +0.0000e+000
248 +7.261274526e+000 +7.261274526e+000 +2.032127453e+001 +2.032127453e+001 -5.2490e-001 +2.1883e-001 -5.1324e-001 +4.4483e-001 -1.0352e-001
305 +5.889680614e+000 +5.889680614e+000 +1.894968061e+001 +1.894968061e+001 -4.7667e-001 +6.7941e-001 -1.4165e-001 +4.7162e-001 -1.1996e-003
329 +4.587993827e+000 +4.587993827e+000 +1.764799383e+001 +1.764799383e+001 -4.1085e-001 +2.9178e-001 -1.7468e-001 +4.4207e-001 -1.2726e-002
365 +4.192826226e+000 +4.192826226e+000 +1.725282623e+001 +1.725282623e+001 -5.2579e-001 +2.2589e-001 -2.1174e-001 +2.8615e-001 -9.9819e-002
377 +3.926190261e+000 +3.926190261e+000 +1.698619026e+001 +1.698619026e+001 -4.0426e-001 +3.9855e-001 -1.7632e-001 +3.7649e-001 +6.0269e-003
423 +3.041256196e+000 +3.041256196e+000 +1.610125620e+001 +1.610125620e+001 -4.5926e-001 +3.4019e-001 -2.1269e-001 +3.3922e-001 -2.6333e-002
430 +2.491052248e+000 +2.491052248e+000 +1.555105225e+001 +1.555105225e+001 -4.5592e-001 +2.9034e-001 -2.1047e-001 +3.4145e-001 -5.2375e-002
492 +2.398601643e+000 +2.398601643e+000 +1.545860164e+001 +1.545860164e+001 -4.3545e-001 +2.7419e-001 -2.1240e-001 +3.4602e-001 -5.8028e-002
527 +2.138310327e+000 +2.138310327e+000 +1.519831033e+001 +1.519831033e+001 -4.5290e-001 +3.0969e-001 -2.2328e-001 +3.7082e-001 -6.0466e-002
544 +2.031151081e+000 +2.031151081e+000 +1.509115108e+001 +1.509115108e+001 -4.4300e-001 +2.3489e-001 -2.4418e-001 +3.3804e-001 -8.8204e-002
647 +1.945834018e+000 +1.945834018e+000 +1.500583402e+001 +1.500583402e+001 -4.6030e-001 +1.6262e-001 -2.7536e-001 +3.5448e-001 -1.1801e-001
652 +1.894368242e+000 +1.894368242e+000 +1.495436824e+001 +1.495436824e+001 -4.6756e-001 +2.9808e-001 -2.2806e-001 +3.6971e-001 -9.2974e-002
655 +1.845216789e+000 +1.845216789e+000 +1.490521679e+001 +1.490521679e+001 -4.6515e-001 +2.8092e-001 -2.6369e-001 +3.9069e-001 -8.3790e-002
712 +1.746883956e+000 +1.746883956e+000 +1.480688396e+001 +1.480688396e+001 -4.7920e-001 +2.5321e-001 -2.9389e-001 +3.6839e-001 -9.6694e-002
801 +1.736004999e+000 +1.736004999e+000 +1.479600500e+001 +1.479600500e+001 -4.7260e-001 +2.7766e-001 -2.6415e-001 +3.7755e-001 -9.8325e-002
841 +1.688897704e+000 +1.688897704e+000 +1.474889770e+001 +1.474889770e+001 -4.7379e-001 +2.6008e-001 -2.8902e-001 +3.7882e-001 -1.0020e-001
893 +1.560423088e+000 +1.560423088e+000 +1.462042309e+001 +1.462042309e+001 -4.5092e-001 +2.1333e-001 -3.1553e-001 +3.7458e-001 -1.0264e-001
1003 +1.515219499e+000 +1.515219499e+000 +1.457521950e+001 +1.457521950e+001 -4.4978e-001 +2.0009e-001 -3.1560e-001 +3.6621e-001 -1.0988e-001
1044 +1.504437351e+000 +1.504437351e+000 +1.456443735e+001 +1.456443735e+001 -4.4941e-001 +1.7960e-001 -3.2922e-001 +3.5631e-001 -1.0750e-001
1169 +1.479041759e+000 +1.479041759e+000 +1.453904176e+001 +1.453904176e+001 -4.4624e-001 +1.8322e-001 -3.2764e-001 +3.6390e-001 -1.0817e-001
1241 +1.442100988e+000 +1.442100988e+000 +1.450210099e+001 +1.450210099e+001 -4.3660e-001 +1.6100e-001 -3.3527e-001 +3.6628e-001 -1.0946e-001
1322 +1.409996004e+000 +1.409996004e+000 +1.446999600e+001 +1.446999600e+001 -4.3327e-001 +1.6690e-001 -3.4900e-001 +3.5814e-001 -1.1073e-001
1402 +1.374033757e+000 +1.374033757e+000 +1.443403376e+001 +1.443403376e+001 -4.2444e-001 +1.4990e-001 -3.5341e-001 +3.6320e-001 -1.1449e-001
1484 +1.345947760e+000 +1.345947760e+000 +1.440594776e+001 +1.440594776e+001 -4.2256e-001 +1.4540e-001 -3.6021e-001 +3.5650e-001 -1.1388e-001
1598 +1.311798538e+000 +1.311798538e+000 +1.437179854e+001 +1.437179854e+001 -4.1887e-001 +1.2634e-001 -3.6458e-001 +3.5445e-001 -1.1603e-001
1701 +1.271182425e+000 +1.271182425e+000 +1.433118242e+001 +1.433118242e+001 -4.1092e-001 +1.1003e-001 -3.8725e-001 +3.4500e-001 -1.1557e-001
1778 +1.249293042e+000 +1.249293042e+000 +1.430929304e+001 +1.430929304e+001 -4.0728e-001 +1.0435e-001 -3.8522e-001 +3.5114e-001 -1.1557e-001
1851 +1.228512395e+000 +1.228512395e+000 +1.428851240e+001 +1.428851240e+001 -3.9790e-001 +9.2956e-002 -3.8228e-001 +3.4956e-001 -1.1547e-001
1939 +1.200961643e+000 +1.200961643e+000 +1.426096164e+001 +1.426096164e+001 -3.9408e-001 +9.0255e-002 -3.9239e-001 +3.4649e-001 -1.1563e-001
2012 +1.171519071e+000 +1.171519071e+000 +1.423151907e+001 +1.423151907e+001 -3.8799e-001 +7.4219e-002 -3.9227e-001 +3.3972e-001 -1.1536e-001
2102 +1.147557028e+000 +1.147557028e+000 +1.420755703e+001 +1.420755703e+001 -3.8285e-001 +7.1210e-002 -4.0342e-001 +3.4012e-001 -1.1625e-001
2256 +1.113461310e+000 +1.113461310e+000 +1.417346131e+001 +1.417346131e+001 -3.7604e-001 +5.6867e-002 -4.0825e-001 +3.3398e-001 -1.1859e-001
2406 +1.091196887e+000 +1.091196887e+000 +1.415119689e+001 +1.415119689e+001 -3.6898e-001 +4.9737e-002 -4.1714e-001 +3.3501e-001 -1.1679e-001
2491 +1.071301645e+000 +1.071301645e+000 +1.413130165e+001 +1.413130165e+001 -3.6499e-001 +4.1615e-002 -4.2084e-001 +3.3239e-001 -1.1623e-001
% function evaluation | noise-free fitness - Fopt (-3.270100000000e+002) | best noise-free fitness - Fopt | measured fitness | best measured fitness | x1 | x2...
1 +2.600000000e+001 +2.600000000e+001 -3.010100000e+002 -3.010100000e+002 +0.0000e+000 +0.0000e+000 +0.0000e+000 +0.0000e+000 +0.0000e+000
340 +8.526860653e+000 +8.526860653e+000 -3.184831393e+002 -3.184831393e+002 +1.8089e-001 -9.3520e-001 +1.2582e-001 -5.2083e-002 +8.3207e-001
471 +8.474078587e+000 +8.474078587e+000 -3.185359214e+002 -3.185359214e+002 +5.8241e-002 -1.1730e-001 +3.9411e-002 -6.9604e-001 +9.3340e-002
561 +5.372246556e+000 +5.372246556e+000 -3.216377534e+002 -3.216377534e+002 +4.1606e-002 -1.1986e-001 -2.6946e-001 -5.6836e-001 +1.3212e-001
575 +5.237505560e+000 +5.237505560e+000 -3.217724944e+002 -3.217724944e+002 -1.5206e-003 -1.0647e-001 -2.3608e-001 -5.8845e-001 +1.5609e-001
599 +3.292595192e+000 +3.292595192e+000 -3.237174048e+002 -3.237174048e+002 +2.9970e-002 -5.2973e-002 -2.7190e-001 -6.4474e-001 +1.6398e-001
655 +2.891018567e+000 +2.891018567e+000 -3.241189814e+002 -3.241189814e+002 +4.6515e-002 -2.9028e-002 -2.1172e-001 -6.7214e-001 +1.1457e-001
660 +2.666963106e+000 +2.666963106e+000 -3.243430369e+002 -3.243430369e+002 +2.5131e-002 -5.0769e-003 -2.2469e-001 -7.1151e-001 +1.8601e-001
687 +2.493076730e+000 +2.493076730e+000 -3.245169233e+002 -3.245169233e+002 +4.2983e-002 +1.3842e-002 -1.2115e-001 -6.9695e-001 +1.4210e-001
751 +2.322573118e+000 +2.322573118e+000 -3.246874269e+002 -3.246874269e+002 +5.1033e-002 +8.2814e-003 -2.1873e-001 -7.1534e-001 +1.3958e-001
778 +2.182334675e+000 +2.182334675e+000 -3.248276653e+002 -3.248276653e+002 +7.2114e-002 +3.9376e-002 -2.1371e-001 -7.4093e-001 +1.5035e-001
790 +2.095915895e+000 +2.095915895e+000 -3.249140841e+002 -3.249140841e+002 +6.3766e-002 +5.6437e-002 -1.7071e-001 -7.2229e-001 +1.5349e-001
849 +2.075026681e+000 +2.075026681e+000 -3.249349733e+002 -3.249349733e+002 +6.3497e-002 +4.6336e-002 -1.3295e-001 -7.2868e-001 +1.4385e-001
853 +1.911922833e+000 +1.911922833e+000 -3.250980772e+002 -3.250980772e+002 +7.1995e-002 +6.7943e-002 -4.0779e-002 -7.2581e-001 +9.3319e-002
961 +1.898778663e+000 +1.898778663e+000 -3.251112213e+002 -3.251112213e+002 +6.8744e-002 +6.1853e-002 -1.1443e-001 -7.1001e-001 +1.0407e-001
1028 +1.844535560e+000 +1.844535560e+000 -3.251654644e+002 -3.251654644e+002 +7.0747e-002 +8.7547e-002 -1.0030e-001 -7.1164e-001 +1.0559e-001
1052 +1.819378897e+000 +1.819378897e+000 -3.251906211e+002 -3.251906211e+002 +6.8232e-002 +7.8438e-002 -8.2890e-002 -7.1471e-001 +1.0662e-001
1127 +1.768208842e+000 +1.768208842e+000 -3.252417912e+002 -3.252417912e+002 +6.6398e-002 +8.8334e-002 -7.3727e-002 -7.1347e-001 +9.5155e-002
1186 +1.730120004e+000 +1.730120004e+000 -3.252798800e+002 -3.252798800e+002 +6.5736e-002 +9.9356e-002 -5.2169e-002 -7.1752e-001 +9.1680e-002
1229 +1.689115060e+000 +1.689115060e+000 -3.253208849e+002 -3.253208849e+002 +6.6707e-002 +1.0448e-001 -3.8086e-002 -7.1555e-001 +8.1563e-002
1275 +1.647844763e+000 +1.647844763e+000 -3.253621552e+002 -3.253621552e+002 +6.4641e-002 +1.1150e-001 -1.0653e-002 -7.1162e-001 +7.7286e-002
1381 +1.620032567e+000 +1.620032567e+000 -3.253899674e+002 -3.253899674e+002 +6.3646e-002 +1.1007e-001 -1.6652e-002 -6.9571e-001 +7.2974e-002
1513 +1.581632160e+000 +1.581632160e+000 -3.254283678e+002 -3.254283678e+002 +6.3147e-002 +1.1160e-001 +5.8890e-003 -6.9859e-001 +6.5111e-002
1574 +1.524872073e+000 +1.524872073e+000 -3.254851279e+002 -3.254851279e+002 +6.2764e-002 +1.1404e-001 +2.5449e-002 -6.9231e-001 +5.0882e-002
1708 +1.508890777e+000 +1.508890777e+000 -3.255011092e+002 -3.255011092e+002 +6.1732e-002 +1.2354e-001 +3.4508e-002 -6.9206e-001 +5.1335e-002
1799 +1.478297723e+000 +1.478297723e+000 -3.255317023e+002 -3.255317023e+002 +6.2591e-002 +1.2576e-001 +4.4866e-002 -6.9219e-001 +4.1276e-002
1884 +1.424379649e+000 +1.424379649e+000 -3.255856204e+002 -3.255856204e+002 +6.3649e-002 +1.3334e-001 +5.5203e-002 -6.7373e-001 +3.5062e-002
1910 +1.400906421e+000 +1.400906421e+000 -3.256090936e+002 -3.256090936e+002 +6.4086e-002 +1.3616e-001 +8.3146e-002 -6.8238e-001 +1.0852e-002
2127 +1.379460904e+000 +1.379460904e+000 -3.256305391e+002 -3.256305391e+002 +6.7148e-002 +1.3275e-001 +7.5443e-002 -6.7231e-001 +1.5870e-002
2213 +1.348260321e+000 +1.348260321e+000 -3.256617397e+002 -3.256617397e+002 +6.1722e-002 +1.3664e-001 +8.9464e-002 -6.6898e-001 +1.5777e-002
2328 +1.297967859e+000 +1.297967859e+000 -3.257120321e+002 -3.257120321e+002 +5.9464e-002 +1.4296e-001 +1.1067e-001 -6.5922e-001 +6.1725e-003
2446 +1.274693130e+000 +1.274693130e+000 -3.257353069e+002 -3.257353069e+002 +6.2025e-002 +1.4848e-001 +1.0809e-001 -6.4981e-001 +1.5050e-003
2491 +1.256899008e+000 +1.256899008e+000 -3.257531010e+002 -3.257531010e+002 +5.9933e-002 +1.4915e-001 +1.1281e-001 -6.4501e-001 -3.5585e-003
% function evaluation | noise-free fitness - Fopt (2.100000000000e-001) | best noise-free fitness - Fopt | measured fitness | best measured fitness | x1 | x2...
1 +2.600000000e+001 +2.600000000e+001 +2.621000000e+001 +2.621000000e+001 +0.0000e+000 +0.0000e+000 +0.0000e+000 +0.0000e+000 +0.0000e+000
1377 +2.363585135e+001 +2.363585135e+001 +2.384585135e+001 +2.384585135e+001 -1.0797e-001 +4.0671e-001 -1.5405e-001 +3.7782e-001 -3.3037e-001
1402 +1.691634611e+001 +1.691634611e+001 +1.712634611e+001 +1.712634611e+001 -1.0271e-001 +4.4602e-001 +7.2612e-003 +1.6303e-001 -1.4759e-001
1437 +1.104861854e+001 +1.104861854e+001 +1.125861854e+001 +1.125861854e+001 +5.2196e-002 +4.4934e-001 +5.0510e-003 +3.7742e-001 -1.6427e-001
1442 +8.419821713e+000 +8.419821713e+000 +8.629821713e+000 +8.629821713e+000 -5.2182e-002 +4.3695e-001 -2.0800e-001 +4.0690e-001 -4.2319e-002
1516 +6.824874857e+000 +6.824874857e+000 +7.034874857e+000 +7.034874857e+000 +1.2938e-001 +4.8348e-001 -1.2124e-001 +4.8275e-001 -1.6873e-001
1518 +5.608007286e+000 +5.608007286e+000 +5.818007286e+000 +5.818007286e+000 +2.8344e-002 +5.6631e-001 -3.8683e-003 +6.7135e-001 -1.6523e-001
1552 +5.027240969e+000 +5.027240969e+000 +5.237240969e+000 +5.237240969e+000 +3.0835e-002 +5.3757e-001 -7.1917e-002 +5.6141e-001 -1.0314e-001
1562 +4.501156033e+000 +4.501156033e+000 +4.711156033e+000 +4.711156033e+000 +1.2484e-001 +6.1875e-001 -6.5279e-002 +5.2026e-001 -1.0004e-001
1588 +4.189908682e+000 +4.189908682e+000 +4.399908682e+000 +4.399908682e+000 +8.2664e-002 +6.9221e-001 -8.5916e-002 +4.5635e-001 -1.3339e-001
1604 +3.814955107e+000 +3.814955107e+000 +4.024955107e+000 +4.024955107e+000 +3.3343e-002 +6.2114e-001 -9.0759e-002 +5.8218e-001 -1.2981e-001
1635 +3.591415704e+000 +3.591415704e+000 +3.801415704e+000 +3.801415704e+000 +7.8351e-002 +6.5618e-001 -8.9887e-002 +6.6338e-001 -1.2288e-001
1661 +3.304791799e+000 +3.304791799e+000 +3.514791799e+000 +3.514791799e+000 +7.6549e-002 +5.9750e-001 -1.1215e-001 +6.5254e-001 -1.2865e-001
1675 +3.202271327e+000 +3.202271327e+000 +3.412271327e+000 +3.412271327e+000 +6.6184e-002 +6.2007e-001 -1.1843e-001 +5.6039e-001 -1.0142e-001
1779 +3.094845006e+000 +3.094845006e+000 +3.304845006e+000 +3.304845006e+000 +7.2920e-002 +6.4243e-001 -1.2081e-001 +5.6070e-001 -9.1381e-002
1792 +3.040500535e+000 +3.040500535e+000 +3.250500535e+000 +3.250500535e+000 +9.4509e-002 +6.4763e-001 -1.3457e-001 +5.9741e-001 -8.8993e-002
1805 +2.986286114e+000 +2.986286114e+000 +3.196286114e+000 +3.196286114e+000 +7.2353e-002 +6.3842e-001 -1.4452e-001 +5.7452e-001 -1.1371e-001
1821 +2.945286971e+000 +2.945286971e+000 +3.155286971e+000 +3.155286971e+000 +1.0184e-001 +6.4490e-001 -1.4409e-001 +5.9319e-001 -1.1084e-001
1851 +2.855164448e+000 +2.855164448e+000 +3.065164448e+000 +3.065164448e+000 +9.1183e-002 +6.5919e-001 -1.5585e-001 +5.2208e-001 -1.0469e-001
1854 +2.797348851e+000 +2.797348851e+000 +3.007348851e+000 +3.007348851e+000 +8.6348e-002 +6.7078e-001 -1.9257e-001 +5.1539e-001 -7.6662e-002
1901 +2.750266475e+000 +2.750266475e+000 +2.960266475e+000 +2.960266475e+000 +9.0563e-002 +6.5772e-001 -1.6434e-001 +5.2621e-001 -8.2326e-002
2059 +2.668507371e+000 +2.668507371e+000 +2.878507371e+000 +2.878507371e+000 +9.9642e-002 +6.6464e-001 -1.6978e-001 +4.8397e-001 -6.5235e-002
2154 +2.612950342e+000 +2.612950342e+000 +2.822950342e+000 +2.822950342e+000 +8.1469e-002 +6.6991e-001 -1.7194e-001 +4.6955e-001 -5.8331e-002
2176 +2.565115088e+000 +2.565115088e+000 +2.775115088e+000 +2.775115088e+000 +9.8641e-002 +6.7441e-001 -1.8352e-001 +4.5119e-001 -4.3698e-002
2354 +2.496276848e+000 +2.496276848e+000 +2.706276848e+000 +2.706276848e+000 +8.4737e-002 +6.6957e-001 -1.8984e-001 +4.3550e-001 -3.5014e-002
2446 +2.452999643e+000 +2.452999643e+000 +2.662999643e+000 +2.662999643e+000 +8.2248e-002 +6.7319e-001 -1.9741e-001 +4.1681e-001 -2.9016e-002
% function evaluation | noise-free fitness - Fopt (-1.000000000000e+003) | best noise-free fitness - Fopt | measured fitness | best measured fitness | x1 | x2...
1 +2.600000000e+001 +2.600000000e+001 -9.740000000e+002 -9.740000000e+002 +0.0000e+000 +0.0000e+000 +0.0000e+000 +0.0000e+000 +0.0000e+000
554 +2.468883740e+001 +2.468883740e+001 -9.753111626e+002 -9.753111626e+002 +2.7698e-003 -2.1199e-002 -1.4740e-001 +2.4453e-002 -1.3590e-002
624 +2.380315078e+001 +2.380315078e+001 -9.761968492e+002 -9.761968492e+002 -3.7818e-002 -6.2606e-002 -1.7988e-001 -1.2794e-002 -6.1200e-002
630 +1.926714504e+001 +1.926714504e+001 -9.807328550e+002 -9.807328550e+002 -6.0691e-002 -1.4958e-001 -2.0501e-001 +1.8373e-001 -8.0152e-002
664 +1.826166725e+001 +1.826166725e+001 -9.817383327e+002 -9.817383327e+002 -3.5393e-002 -1.5346e-001 -1.1964e-001 +1.5597e-001 -1.7539e-002
665 +1.557284016e+001 +1.557284016e+001 -9.844271598e+002 -9.844271598e+002 +6.1937e-002 -6.9103e-001 -2.3007e-002 +1.8048e-003 -3.3263e-001
704 +1.527335300e+001 +1.527335300e+001 -9.847266470e+002 -9.847266470e+002 -7.0455e-002 -3.2834e-001 -1.0904e-001 +6.8241e-002 -9.8904e-002
705 +1.074402454e+001 +1.074402454e+001 -9.892559755e+002 -9.892559755e+002 +1.1630e-001 -2.3701e-001 -1.8398e-001 +1.5826e-001 -4.4867e-001
738 +4.365208366e+000 +4.365208366e+000 -9.956347916e+002 -9.956347916e+002 +2.0482e-002 -6.3307e-001 -1.5120e-001 +5.6037e-002 -6.2471e-001
827 +4.168506547e+000 +4.168506547e+000 -9.958314935e+002 -9.958314935e+002 +3.1541e-002 -4.4714e-001 -5.9225e-002 +2.9898e-001 -3.5307e-001
829 +3.238506400e+000 +3.238506400e+000 -9.967614936e+002 -9.967614936e+002 +4.7839e-002 -5.1563e-001 -2.2046e-001 +9.9457e-002 -4.5280e-001
847 +2.898894964e+000 +2.898894964e+000 -9.971011050e+002 -9.971011050e+002 +1.1856e-002 -4.9364e-001 -1.6583e-001 +2.0092e-001 -4.3428e-001
882 +2.685980066e+000 +2.685980066e+000 -9.973140199e+002 -9.973140199e+002 +3.3891e-002 -4.5294e-001 -1.2232e-001 +1.5767e-001 -4.3196e-001
885 +2.358431056e+000 +2.358431056e+000 -9.976415689e+002 -9.976415689e+002 +1.3647e-002 -5.1230e-001 -1.4763e-001 +1.1775e-001 -4.9882e-001
903 +2.251802021e+000 +2.251802021e+000 -9.977481980e+002 -9.977481980e+002 +6.0698e-002 -4.7527e-001 -1.3344e-001 +1.7493e-001 -5.0924e-001
924 +2.043156094e+000 +2.043156094e+000 -9.979568439e+002 -9.979568439e+002 +3.1786e-002 -4.9145e-001 -1.3138e-001 +1.8033e-001 -5.0298e-001
1000 +2.020994599e+000 +2.020994599e+000 -9.979790054e+002 -9.979790054e+002 +4.1768e-002 -5.1878e-001 -1.1896e-001 +1.6580e-001 -5.1266e-001
1052 +1.953230196e+000 +1.953230196e+000 -9.980467698e+002 -9.980467698e+002 +2.9245e-002 -5.1272e-001 -1.1827e-001 +1.7853e-001 -5.0679e-001
1084 +1.945413708e+000 +1.945413708e+000 -9.980545863e+002 -9.980545863e+002 +3.2197e-002 -4.9921e-001 -1.1054e-001 +1.8297e-001 -5.0780e-001
1172 +1.896451412e+000 +1.896451412e+000 -9.981035486e+002 -9.981035486e+002 +2.2246e-002 -4.9548e-001 -9.4009e-002 +1.9611e-001 -5.0008e-001
1249 +1.848763353e+000 +1.848763353e+000 -9.981512366e+002 -9.981512366e+002 +1.5129e-002 -5.0565e-001 -9.1087e-002 +2.2005e-001 -4.8690e-001
1402 +1.816740411e+000 +1.816740411e+000 -9.981832596e+002 -9.981832596e+002 +9.4008e-003 -4.9474e-001 -9.4184e-002 +2.2436e-001 -4.8659e-001
1626 +1.770950650e+000 +1.770950650e+000 -9.982290494e+002 -9.982290494e+002 -2.3271e-003 -4.9542e-001 -7.8793e-002 +2.3966e-001 -4.8458e-001
1734 +1.736841209e+000 +1.736841209e+000 -9.982631588e+002 -9.982631588e+002 +3.5394e-003 -4.8292e-001 -7.4702e-002 +2.5292e-001 -4.8063e-001
1917 +1.698227014e+000 +1.698227014e+000 -9.983017730e+002 -9.983017730e+002 -3.0951e-004 -4.7429e-001 -6.3175e-002 +2.6213e-001 -4.6192e-001
2027 +1.651490937e+000 +1.651490937e+000 -9.983485091e+002 -9.983485091e+002 -8.3727e-003 -4.7150e-001 -5.6086e-002 +2.6924e-001 -4.6335e-001
2118 +1.621702519e+000 +1.621702519e+000 -9.983782975e+002 -9.983782975e+002 -1.8025e-002 -4.6427e-001 -5.0683e-002 +2.7399e-001 -4.4535e-001
2243 +1.583921106e+000 +1.583921106e+000 -9.984160789e+002 -9.984160789e+002 -2.6732e-002 -4.6761e-001 -4.3263e-002 +3.0539e-001 -4.4997e-001
2366 +1.546878723e+000 +1.546878723e+000 -9.984531213e+002 -9.984531213e+002 -2.9192e-002 -4.6435e-001 -3.3908e-002 +3.0240e-001 -4.4524e-001
% function evaluation | noise-free fitness - Fopt (-1.076400000000e+002) | best noise-free fitness - Fopt | measured fitness | best measured fitness | x1 | x2...
1 +2.600000000e+001 +2.600000000e+001 -8.164000000e+001 -8.164000000e+001 +0.0000e+000 +0.0000e+000 +0.0000e+000 +0.0000e+000 +0.0000e+000
1259 +2.292051415e+001 +2.292051415e+001 -8.471948585e+001 -8.471948585e+001 +5.3748e-002 -6.4842e-001 +1.3960e+000 -1.1950e+000 -1.3344e+000
1333 +1.929907831e+001 +1.929907831e+001 -8.834092169e+001 -8.834092169e+001 -7.6497e-002 -6.1063e-001 +1.3883e+000 -1.2972e+000 -1.2813e+000
1372 +1.887448839e+001 +1.887448839e+001 -8.876551161e+001 -8.876551161e+001 -1.7414e-001 -6.6729e-001 +1.3822e+000 -1.2849e+000 -1.2822e+000
1388 +1.782425838e+001 +1.782425838e+001 -8.981574162e+001 -8.981574162e+001 -1.1731e-001 -6.2850e-001 +1.3642e+000 -1.2973e+000 -1.2811e+000
1392 +1.579959050e+001 +1.579959050e+001 -9.184040950e+001 -9.184040950e+001 -4.4843e-002 -6.4141e-001 +1.4203e+000 -1.3546e+000 -1.3153e+000
1427 +1.251856901e+001 +1.251856901e+001 -9.512143099e+001 -9.512143099e+001 -7.1525e-002 -6.6602e-001 +1.3919e+000 -1.3044e+000 -1.3106e+000
1452 +1.185570966e+001 +1.185570966e+001 -9.578429034e+001 -9.578429034e+001 -9.8337e-002 -7.8209e-001 +1.4004e+000 -1.3151e+000 -1.2960e+000
1475 +1.103895989e+001 +1.103895989e+001 -9.660104011e+001 -9.660104011e+001 -9.3653e-002 -6.9794e-001 +1.3974e+000 -1.3281e+000 -1.2906e+000
1480 +1.004312606e+001 +1.004312606e+001 -9.759687394e+001 -9.759687394e+001 -9.7595e-002 -7.4458e-001 +1.4077e+000 -1.3188e+000 -1.2875e+000
1506 +8.914848561e+000 +8.914848561e+000 -9.872515144e+001 -9.872515144e+001 -4.9144e-002 -7.7491e-001 +1.3901e+000 -1.3025e+000 -1.2820e+000
1516 +8.458653477e+000 +8.458653477e+000 -9.918134652e+001 -9.918134652e+001 -7.3178e-002 -7.7434e-001 +1.4163e+000 -1.3228e+000 -1.2882e+000
1533 +6.190397501e+000 +6.190397501e+000 -1.014496025e+002 -1.014496025e+002 +1.1968e-002 -7.9447e-001 +1.4162e+000 -1.3078e+000 -1.2838e+000
1547 +5.350647621e+000 +5.350647621e+000 -1.022893524e+002 -1.022893524e+002 +5.4943e-003 -7.8053e-001 +1.4303e+000 -1.3165e+000 -1.2670e+000
1582 +4.989467312e+000 +4.989467312e+000 -1.026505327e+002 -1.026505327e+002 +3.0675e-002 -7.8168e-001 +1.4531e+000 -1.3001e+000 -1.2728e+000
1686 +4.444595477e+000 +4.444595477e+000 -1.031954045e+002 -1.031954045e+002 +3.0031e-002 -8.1631e-001 +1.4598e+000 -1.2986e+000 -1.2440e+000
2081 +4.365130737e+000 +4.365130737e+000 -1.032748693e+002 -1.032748693e+002 +3.4617e-002 -8.1628e-001 +1.4693e+000 -1.3020e+000 -1.2618e+000
% function evaluation | noise-free fitness - Fopt (-4.480000000000e+001) | best noise-free fitness - Fopt | measured fitness | best measured fitness | x1 | x2...
1 +2.600000000e+001 +2.600000000e+001 -1.880000000e+001 -1.880000000e+001 +0.0000e+000 +0.0000e+000 +0.0000e+000 +0.0000e+000 +0.0000e+000
% function evaluation | noise-free fitness - Fopt (-1.245500000000e+002) | best noise-free fitness - Fopt | measured fitness | best measured fitness | x1 | x2...
1 +2.600000000e+001 +2.600000000e+001 -9.855000000e+001 -9.855000000e+001 +0.0000e+000 +0.0000e+000 +0.0000e+000 +0.0000e+000 +0.0000e+000
739 +8.325251858e+000 +8.325251858e+000 -1.162247481e+002 -1.162247481e+002 +9.3251e-001 -5.4616e-001 -2.5772e-001 +1.0297e+000 +2.1967e-001
852 +7.222011502e+000 +7.222011502e+000 -1.173279885e+002 -1.173279885e+002 +7.3930e-001 -8.9545e-001 -3.5535e-002 +4.5701e-001 -1.4689e-001
941 +6.481179442e+000 +6.481179442e+000 -1.180688206e+002 -1.180688206e+002 +7.3018e-001 -7.8536e-001 +1.1759e-002 +6.2961e-001 +3.3406e-003
946 +6.321935365e+000 +6.321935365e+000 -1.182280646e+002 -1.182280646e+002 +7.0059e-001 -8.4431e-001 +6.0853e-002 +6.5144e-001 -1.8474e-001
961 +6.235991916e+000 +6.235991916e+000 -1.183140081e+002 -1.183140081e+002 +7.2595e-001 -6.3887e-001 -4.3722e-002 +5.9634e-001 -4.4337e-002
967 +5.428435622e+000 +5.428435622e+000 -1.191215644e+002 -1.191215644e+002 +3.4139e-001 -7.9937e-001 -2.4467e-002 +4.1493e-001 -1.5219e-001
980 +5.365517815e+000 +5.365517815e+000 -1.191844822e+002 -1.191844822e+002 +6.9550e-001 -7.5099e-001 +2.9353e-002 +5.4421e-001 -1.1936e-001
994 +4.774670481e+000 +4.774670481e+000 -1.197753295e+002 -1.197753295e+002 +6.8308e-001 -7.6519e-001 +3.3469e-003 +5.7555e-001 -1.3247e-001
1081 +4.405571178e+000 +4.405571178e+000 -1.201444288e+002 -1.201444288e+002 +5.2638e-001 -8.4041e-001 +1.7621e-002 +4.2765e-001 -2.4473e-001
1106 +4.266871985e+000 +4.266871985e+000 -1.202831280e+002 -1.202831280e+002 +5.2608e-001 -8.6398e-001 +1.8732e-002 +4.7818e-001 -2.0793e-001
1170 +4.253775860e+000 +4.253775860e+000 -1.202962241e+002 -1.202962241e+002 +5.1107e-001 -8.4293e-001 +1.8577e-002 +4.8478e-001 -2.0246e-001
1272 +4.024629465e+000 +4.024629465e+000 -1.205253705e+002 -1.205253705e+002 +4.1714e-001 -8.6435e-001 +2.2104e-002 +4.2805e-001 -2.5020e-001
1309 +3.960302001e+000 +3.960302001e+000 -1.205896980e+002 -1.205896980e+002 +4.0387e-001 -8.5999e-001 +2.2359e-002 +4.3964e-001 -2.5990e-001
1334 +3.857891704e+000 +3.857891704e+000 -1.206921083e+002 -1.206921083e+002 +3.4629e-001 -8.5324e-001 +1.5954e-002 +4.4500e-001 -2.7085e-001
1352 +3.791235337e+000 +3.791235337e+000 -1.207587647e+002 -1.207587647e+002 +3.1307e-001 -8.6278e-001 +2.5654e-004 +4.4068e-001 -2.9363e-001
1381 +3.679483515e+000 +3.679483515e+000 -1.208705165e+002 -1.208705165e+002 +3.1878e-001 -8.3608e-001 +2.8888e-003 +4.0426e-001 -2.8462e-001
1464 +3.625458516e+000 +3.625458516e+000 -1.209245415e+002 -1.209245415e+002 +2.9649e-001 -8.4279e-001 -9.7628e-003 +4.0993e-001 -2.9070e-001
1527 +3.492233969e+000 +3.492233969e+000 -1.210577660e+002 -1.210577660e+002 +2.7548e-001 -8.1180e-001 -1.1139e-002 +4.1693e-001 -3.0630e-001
1566 +3.443981917e+000 +3.443981917e+000 -1.211060181e+002 -1.211060181e+002 +2.3303e-001 -8.1552e-001 -1.0523e-002 +4.1568e-001 -3.0711e-001
1631 +3.381282025e+000 +3.381282025e+000 -1.211687180e+002 -1.211687180e+002 +2.0177e-001 -8.0871e-001 -1.2624e-002 +4.0839e-001 -3.2236e-001
1761 +3.281688428e+000 +3.281688428e+000 -1.212683116e+002 -1.212683116e+002 +1.8884e-001 -7.8956e-001 -2.3254e-002 +4.0862e-001 -3.2839e-001
1852 +3.218407419e+000 +3.218407419e+000 -1.213315926e+002 -1.213315926e+002 +1.5585e-001 -7.6347e-001 -1.5602e-002 +4.1638e-001 -3.2636e-001
1931 +3.154544372e+000 +3.154544372e+000 -1.213954556e+002 -1.213954556e+002 +1.2375e-001 -7.6287e-001 -1.7664e-002 +4.1642e-001 -3.3812e-001
1985 +3.060716384e+000 +3.060716384e+000 -1.214892836e+002 -1.214892836e+002 +2.8140e-002 -7.1511e-001 -2.0978e-002 +4.0197e-001 -3.2556e-001
2023 +2.998174057e+000 +2.998174057e+000 -1.215518259e+002 -1.215518259e+002 +6.0448e-002 -7.2219e-001 -2.5996e-002 +4.0278e-001 -3.4847e-001
2054 +2.930797165e+000 +2.930797165e+000 -1.216192028e+002 -1.216192028e+002 +4.3605e-002 -7.0486e-001 -2.8666e-002 +4.1444e-001 -3.3863e-001
2082 +2.849629421e+000 +2.849629421e+000 -1.217003706e+002 -1.217003706e+002 +2.4478e-002 -6.8769e-001 -4.2655e-002 +4.1901e-001 -3.4726e-001
2152 +2.818269709e+000 +2.818269709e+000 -1.217317303e+002 -1.217317303e+002 +1.8918e-002 -6.9223e-001 -4.7106e-002 +4.1426e-001 -3.4704e-001
2282 +2.747687410e+000 +2.747687410e+000 -1.218023126e+002 -1.218023126e+002 -1.0186e-002 -6.7309e-001 -4.8315e-002 +4.1681e-001 -3.3678e-001
2341 +2.681844155e+000 +2.681844155e+000 -1.218681558e+002 -1.218681558e+002 -5.0415e-002 -6.3680e-001 -4.8206e-002 +4.1954e-001 -3.3994e-001
2415 +2.626188779e+000 +2.626188779e+000 -1.219238112e+002 -1.219238112e+002 -7.2981e-002 -6.4442e-001 -5.3559e-002 +4.1747e-001 -3.3271e-001
% function evaluation | noise-free fitness - Fopt (-6.322000000000e+001) | best noise-free fitness - Fopt | measured fitness | best measured fitness | x1 | x2...
1 +2.600000000e+001 +2.600000000e+001 -3.722000000e+001 -3.722000000e+001 +0.0000e+000 +0.0000e+000 +0.0000e+000 +0.0000e+000 +0.0000e+000
957 +2.545230510e+001 +2.545230510e+001 -3.776769490e+001 -3.776769490e+001 +1.3383e-001 -5.7025e-001 +5.5587e-002 +1.8181e-001 +6.6290e-001
958 +2.330048908e+001 +2.330048908e+001 -3.991951092e+001 -3.991951092e+001 +1.9396e-001 -4.9206e-001 +4.4506e-002 +2.6104e-001 +5.4563e-001
995 +2.199223553e+001 +2.199223553e+001 -4.122776447e+001 -4.122776447e+001 +2.1157e-001 -4.6383e-001 +6.5252e-002 +1.9517e-001 +7.8927e-001
1020 +1.195489185e+001 +1.195489185e+001 -5.126510815e+001 -5.126510815e+001 +2.4392e-002 -4.0215e-001 +9.3640e-002 +4.5146e-001 +4.8840e-001
1053 +1.113851402e+001 +1.113851402e+001 -5.208148598e+001 -5.208148598e+001 +6.6273e-003 -9.6984e-003 -2.6452e-001 +5.1442e-002 +2.6416e-001
1067 +1.296936129e+000 +1.296936129e+000 -6.192306387e+001 -6.192306387e+001 +1.4343e-002 -2.0042e-001 -8.7016e-002 +2.1365e-001 +5.2516e-001
1206 +1.103006496e+000 +1.103006496e+000 -6.211699350e+001 -6.211699350e+001 -6.4961e-002 -3.1064e-001 +4.1036e-002 +2.2411e-001 +4.8240e-001
1271 +9.777738025e-001 +9.777738025e-001 -6.224222620e+001 -6.224222620e+001 -7.2174e-002 -3.4156e-001 +5.2053e-002 +2.6639e-001 +4.8995e-001
1334 +9.162304638e-001 +9.162304638e-001 -6.230376954e+001 -6.230376954e+001 -4.4785e-002 -3.2607e-001 +3.1632e-003 +2.6209e-001 +5.1960e-001
1392 +9.072745808e-001 +9.072745808e-001 -6.231272542e+001 -6.231272542e+001 -4.1221e-002 -3.1961e-001 -1.5662e-002 +2.5934e-001 +5.2684e-001
1411 +8.468817624e-001 +8.468817624e-001 -6.237311824e+001 -6.237311824e+001 -5.0625e-002 -3.1629e-001 -7.8365e-003 +2.5424e-001 +4.9364e-001
1458 +8.270585763e-001 +8.270585763e-001 -6.239294142e+001 -6.239294142e+001 -4.8831e-002 -3.1260e-001 -1.4839e-003 +2.3467e-001 +4.9436e-001
1476 +7.470103851e-001 +7.470103851e-001 -6.247298961e+001 -6.247298961e+001 -3.8052e-002 -2.9804e-001 -2.1799e-002 +2.4198e-001 +5.0396e-001
1553 +7.373350667e-001 +7.373350667e-001 -6.248266493e+001 -6.248266493e+001 -3.9391e-002 -2.9344e-001 -2.3789e-002 +2.3825e-001 +4.9956e-001
1568 +7.221411579e-001 +7.221411579e-001 -6.249785884e+001 -6.249785884e+001 -2.9419e-002 -2.8869e-001 -3.1891e-002 +2.3831e-001 +5.1381e-001
1878 +7.077490083e-001 +7.077490083e-001 -6.251225099e+001 -6.251225099e+001 -3.3690e-002 -2.8499e-001 -3.2243e-002 +2.2968e-001 +5.0520e-001
2128 +6.915252930e-001 +6.915252930e-001 -6.252847471e+001 -6.252847471e+001 -2.9170e-002 -2.7875e-001 -4.0773e-002 +2.2856e-001 +5.0713e-001
2474 +6.751169756e-001 +6.751169756e-001 -6.254488302e+001 -6.254488302e+001 -2.3893e-002 -2.7555e-001 -4.8206e-002 +2.2583e-001 +5.1269e-001
% function evaluation | noise-free fitness - Fopt (-1.045400000000e+002) | best noise-free fitness - Fopt | measured fitness | best measured fitness | x1 | x2...
1 +2.600000000e+001 +2.600000000e+001 -7.854000000e+001 -7.854000000e+001 +0.0000e+000 +0.0000e+000 +0.0000e+000 +0.0000e+000 +0.0000e+000
1151 +1.664703724e+001 +1.664703724e+001 -8.789296276e+001 -8.789296276e+001 -6.2468e-001 -1.0748e+000 +2.7949e-001 -1.1299e-001 -3.5536e-001
1156 +1.483841906e+001 +1.483841906e+001 -8.970158094e+001 -8.970158094e+001 -4.8865e-001 -7.8882e-001 +1.3397e-002 -2.1354e-003 -3.2219e-001
1184 +1.155206375e+001 +1.155206375e+001 -9.298793625e+001 -9.298793625e+001 -4.6431e-001 -7.7095e-001 +9.2438e-002 -1.6695e-002 +7.2116e-003
1211 +9.881256461e+000 +9.881256461e+000 -9.465874354e+001 -9.465874354e+001 -4.6063e-001 -1.0185e+000 +1.5401e-001 +1.7621e-001 -2.5176e-001
1235 +6.333443694e+000 +6.333443694e+000 -9.820655631e+001 -9.820655631e+001 -5.5359e-001 -1.0205e+000 +9.6247e-002 +1.3715e-001 -2.6051e-001
1288 +6.090970016e+000 +6.090970016e+000 -9.844902998e+001 -9.844902998e+001 -6.5093e-001 -1.0647e+000 -1.9135e-002 +2.0049e-001 -2.4329e-001
1308 +5.368969101e+000 +5.368969101e+000 -9.917103090e+001 -9.917103090e+001 -7.0426e-001 -1.0950e+000 +4.5674e-002 +1.6803e-001 -3.2029e-001
1401 +4.965392353e+000 +4.965392353e+000 -9.957460765e+001 -9.957460765e+001 -6.5350e-001 -1.0630e+000 +9.1729e-002 +1.5213e-001 -3.5207e-001
1411 +4.768847968e+000 +4.768847968e+000 -9.977115203e+001 -9.977115203e+001 -6.6788e-001 -1.0591e+000 +6.3275e-002 +1.8186e-001 -2.7573e-001
1506 +4.620268185e+000 +4.620268185e+000 -9.991973181e+001 -9.991973181e+001 -6.3176e-001 -1.0362e+000 +6.4408e-002 +1.6955e-001 -1.6407e-001
1603 +4.504951293e+000 +4.504951293e+000 -1.000350487e+002 -1.000350487e+002 -6.2738e-001 -1.0514e+000 +9.4919e-002 +1.8423e-001 -6.4797e-002
1827 +4.456757051e+000 +4.456757051e+000 -1.000832429e+002 -1.000832429e+002 -5.9708e-001 -1.0437e+000 +8.2230e-002 +1.7421e-001 -6.5419e-002
2150 +4.360684503e+000 +4.360684503e+000 -1.001793155e+002 -1.001793155e+002 -5.4688e-001 -1.0153e+000 +7.8943e-002 +1.7481e-001 +4.2603e-002
2456 +4.252887331e+000 +4.252887331e+000 -1.002871127e+002 -1.002871127e+002 -5.4052e-001 -1.0205e+000 +1.1227e-001 +1.8556e-001 +5.5833e-002
