% function evaluation | noise-free fitness - Fopt (-4.620900000000e+002) | best noise-free fitness - Fopt | measured fitness | best measured fitness | x1 | x2...
1 +1.181909657e+002 +1.181909657e+002 -3.438990343e+002 -3.438990343e+002 +0.0000e+000 +0.0000e+000 +0.0000e+000 +0.0000e+000 +0.0000e+000
138 +1.069425479e+002 +1.069425479e+002 -3.551474521e+002 -3.551474521e+002 +1.4555e+000 +4.3264e-001 +6.4724e-001 -2.1088e+000 +2.0284e+000
154 +1.000569399e+002 +1.000569399e+002 -3.620330601e+002 -3.620330601e+002 +1.4575e+000 +4.6889e-001 +1.6378e+000 -2.1053e+000 +1.6402e+000
167 +9.732764871e+001 +9.732764871e+001 -3.647623513e+002 -3.647623513e+002 +1.4548e+000 +6.3524e-001 +2.3214e+000 -2.1049e+000 +1.9617e+000
171 +9.526858223e+001 +9.526858223e+001 -3.668214178e+002 -3.668214178e+002 +1.4547e+000 +8.4775e-001 +2.0331e+000 -2.1039e+000 +2.0347e+000
213 +9.229720049e+001 +9.229720049e+001 -3.697927995e+002 -3.697927995e+002 +1.4560e+000 -4.1202e-002 +1.7653e+000 -2.1072e+000 +1.6722e+000
217 +8.888823540e+001 +8.888823540e+001 -3.732017646e+002 -3.732017646e+002 +1.4564e+000 +7.9631e-001 +1.4727e+000 -2.1071e+000 +2.0068e+000
283 +7.274262730e+001 +7.274262730e+001 -3.893473727e+002 -3.893473727e+002 +1.4531e+000 +3.0729e+000 +1.6984e+000 -2.0467e+000 +2.0369e+000
367 +7.169630713e+001 +7.169630713e+001 -3.903936929e+002 -3.903936929e+002 +1.4522e+000 +2.4737e+000 +1.9184e+000 -1.3003e+000 +1.3252e+000
399 +6.892127310e+001 +6.892127310e+001 -3.931687269e+002 -3.931687269e+002 +1.4533e+000 +2.3386e+000 +1.7582e+000 -1.9462e+000 +1.7358e+000
403 +6.256109513e+001 +6.256109513e+001 -3.995289049e+002 -3.995289049e+002 +1.4551e+000 +2.2031e+000 +1.6977e+000 -1.8758e+000 +1.7358e+000
490 +5.019322703e+001 +5.019322703e+001 -4.118967730e+002 -4.118967730e+002 +1.4519e+000 +1.5580e+000 +1.5152e+000 -1.3770e+000 +1.7126e+000
504 +4.983809879e+001 +4.983809879e+001 -4.122519012e+002 -4.122519012e+002 +1.4349e+000 +9.5543e-001 +1.4626e+000 -7.1884e-001 +1.6691e+000
574 +3.653723002e+001 +3.653723002e+001 -4.255527700e+002 -4.255527700e+002 +1.4469e+000 +1.5116e+000 +1.0406e+000 +1.4871e+000 +2.0073e+000
586 +1.585062887e+001 +1.585062887e+001 -4.462393711e+002 -4.462393711e+002 +1.4539e+000 +2.2964e+000 +1.6387e+000 -1.4552e-001 +1.6470e+000
1194 +1.298246128e+001 +1.298246128e+001 -4.491075387e+002 -4.491075387e+002 +1.3243e+000 +3.1760e+000 +1.7006e+000 +1.1284e+000 +1.6252e+000
1204 +1.144237360e+001 +1.144237360e+001 -4.506476264e+002 -4.506476264e+002 +1.3039e+000 +3.0082e+000 +1.6912e+000 +1.1746e+000 +1.6352e+000
1275 +9.522774314e+000 +9.522774314e+000 -4.525672257e+002 -4.525672257e+002 +1.3129e+000 +3.0871e+000 +1.5661e+000 +7.5082e-001 +1.6317e+000
1336 +8.590017025e+000 +8.590017025e+000 -4.534999830e+002 -4.534999830e+002 +1.3037e+000 +3.0893e+000 +1.6280e+000 +7.2693e-001 +1.6366e+000
2129 +8.257504291e+000 +8.257504291e+000 -4.538324957e+002 -4.538324957e+002 +1.3424e+000 +2.3400e+000 +1.5247e+000 +1.1902e+000 +1.9848e+000
5204 +7.393635085e+000 +7.393635085e+000 -4.546963649e+002 -4.546963649e+002 +1.4028e+000 +2.9168e+000 +1.6266e+000 +1.1666e+000 +2.2980e+000
6773 +6.643670164e+000 +6.643670164e+000 -4.554463298e+002 -4.554463298e+002 +1.3224e+000 +2.2808e+000 +1.5517e+000 +3.2628e-001 +2.0076e+000
6803 +5.198735565e+000 +5.198735565e+000 -4.568912644e+002 -4.568912644e+002 +1.2947e+000 +2.2946e+000 +1.6108e+000 +3.3391e-001 +1.9858e+000
6880 +4.872211133e+000 +4.872211133e+000 -4.572177889e+002 -4.572177889e+002 +1.3130e+000 +2.3024e+000 +1.6020e+000 +3.0091e-001 +1.9854e+000
6916 +4.289776767e+000 +4.289776767e+000 -4.578002232e+002 -4.578002232e+002 +1.3297e+000 +2.2786e+000 +1.6273e+000 +3.2625e-001 +1.9874e+000
7082 +4.181074350e+000 +4.181074350e+000 -4.579089256e+002 -4.579089256e+002 +1.3440e+000 +2.2907e+000 +1.6110e+000 +3.1412e-001 +1.9827e+000
7087 +4.151014239e+000 +4.151014239e+000 -4.579389858e+002 -4.579389858e+002 +1.3416e+000 +2.2913e+000 +1.6325e+000 +3.2092e-001 +1.9949e+000
7156 +4.026186349e+000 +4.026186349e+000 -4.580638137e+002 -4.580638137e+002 +1.3450e+000 +2.2898e+000 +1.6122e+000 +3.2178e-001 +1.9906e+000
7394 +3.981057263e+000 +3.981057263e+000 -4.581089427e+002 -4.581089427e+002 +1.3433e+000 +2.2999e+000 +1.6191e+000 +3.2103e-001 +1.9893e+000
% function evaluation | noise-free fitness - Fopt (7.766000000000e+001) | best noise-free fitness - Fopt | measured fitness | best measured fitness | x1 | x2...
1 +1.918840342e+002 +1.918840342e+002 +2.695440342e+002 +2.695440342e+002 +0.0000e+000 +0.0000e+000 +0.0000e+000 +0.0000e+000 +0.0000e+000
204 +1.563130212e+002 +1.563130212e+002 +2.339730212e+002 +2.339730212e+002 -4.1512e+000 +4.3601e+000 +1.2390e+000 +7.0513e-001 +1.6097e+000
227 +1.462334899e+002 +1.462334899e+002 +2.238934899e+002 +2.238934899e+002 -2.2991e+000 +4.3515e+000 +7.6029e-001 +2.5263e+000 +5.7287e-001
228 +1.353253056e+002 +1.353253056e+002 +2.129853056e+002 +2.129853056e+002 -4.5759e+000 +4.4312e+000 +5.8948e-001 +2.1301e+000 +1.5313e+000
267 +1.154240097e+002 +1.154240097e+002 +1.930840097e+002 +1.930840097e+002 -3.8597e+000 +4.4113e+000 +6.2535e-001 +2.3125e+000 +1.7744e+000
323 +1.140797046e+002 +1.140797046e+002 +1.917397046e+002 +1.917397046e+002 -1.1412e+000 +4.3919e+000 +2.2106e-001 +3.0254e+000 +1.4653e+000
345 +1.054074461e+002 +1.054074461e+002 +1.830674461e+002 +1.830674461e+002 -2.6529e+000 +4.3905e+000 -3.3881e-001 +3.4694e+000 +2.1129e+000
406 +8.326596019e+001 +8.326596019e+001 +1.609259602e+002 +1.609259602e+002 +1.9523e+000 +4.4165e+000 +5.8391e-001 +3.2195e+000 +2.1437e+000
458 +7.189937435e+001 +7.189937435e+001 +1.495593744e+002 +1.495593744e+002 +2.2189e+000 +4.4124e+000 +7.3325e-001 +3.7420e+000 +1.8782e+000
511 +6.758829980e+001 +6.758829980e+001 +1.452482998e+002 +1.452482998e+002 -6.0522e-001 +4.4076e+000 +7.0500e-001 +3.2645e+000 +1.7581e+000
555 +6.261816585e+001 +6.261816585e+001 +1.402781658e+002 +1.402781658e+002 +1.5040e+000 +4.4058e+000 +6.8848e-001 +3.6948e+000 +2.1867e+000
570 +5.704026011e+001 +5.704026011e+001 +1.347002601e+002 +1.347002601e+002 +1.4790e+000 +4.4347e+000 +6.5420e-001 +3.8044e+000 +2.4627e+000
1235 +5.608373862e+001 +5.608373862e+001 +1.337437386e+002 +1.337437386e+002 +4.9322e-001 +4.4319e+000 +6.9244e-001 +3.7680e+000 +2.1507e+000
% function evaluation | noise-free fitness - Fopt (1.156800000000e+002) | best noise-free fitness - Fopt | measured fitness | best measured fitness | x1 | x2...
1 +2.457187506e+002 +2.457187506e+002 +3.613987506e+002 +3.613987506e+002 +0.0000e+000 +0.0000e+000 +0.0000e+000 +0.0000e+000 +0.0000e+000
104 +2.079006086e+002 +2.079006086e+002 +3.235806086e+002 +3.235806086e+002 -3.6146e-001 -2.8545e+000 -1.3004e+000 -1.4679e+000 +3.1102e+000
139 +2.017578984e+002 +2.017578984e+002 +3.174378984e+002 +3.174378984e+002 -3.7146e-001 -2.8559e+000 -3.4701e-001 -1.6624e+000 +3.1116e+000
141 +1.732189622e+002 +1.732189622e+002 +2.888989622e+002 +2.888989622e+002 -3.6411e-001 -2.8603e+000 +4.5698e-001 -8.1739e-001 +3.2775e+000
153 +1.688990930e+002 +1.688990930e+002 +2.845790930e+002 +2.845790930e+002 -4.3658e-001 -2.8048e+000 -2.8881e-001 -8.3077e-001 +3.3827e+000
154 +1.417919569e+002 +1.417919569e+002 +2.574719569e+002 +2.574719569e+002 -3.7118e-001 -2.8310e+000 +3.0635e-001 -3.6570e-001 +3.4168e+000
186 +1.388673394e+002 +1.388673394e+002 +2.545473394e+002 +2.545473394e+002 -3.9574e-001 -2.7280e+000 -1.7111e+000 +1.3638e+000 +3.1521e+000
190 +7.415723831e+001 +7.415723831e+001 +1.898372383e+002 +1.898372383e+002 -3.5368e-001 -2.7918e+000 -9.1524e-001 +2.6078e+000 +3.2461e+000
214 +6.926002401e+001 +6.926002401e+001 +1.849400240e+002 +1.849400240e+002 -3.7841e-001 -2.6461e+000 -3.4861e-001 +1.9782e+000 +3.2731e+000
260 +6.401470828e+001 +6.401470828e+001 +1.796947083e+002 +1.796947083e+002 -4.5266e-001 -2.6890e+000 -4.0912e-001 +2.6835e+000 +3.3668e+000
306 +5.460925271e+001 +5.460925271e+001 +1.702892527e+002 +1.702892527e+002 -3.7980e-001 -3.1157e+000 -2.3059e-001 +1.9128e+000 +3.6371e+000
329 +5.232156554e+001 +5.232156554e+001 +1.680015655e+002 +1.680015655e+002 -2.3477e-001 -1.8138e+000 -4.9786e-001 +3.3781e+000 +2.8691e+000
424 +5.055756690e+001 +5.055756690e+001 +1.662375669e+002 +1.662375669e+002 -1.3271e-001 -2.3695e+000 -5.2819e-001 +3.5758e+000 +3.0191e+000
436 +4.936628484e+001 +4.936628484e+001 +1.650462848e+002 +1.650462848e+002 +2.0369e-002 -1.2122e+000 -1.8265e-001 +2.9657e+000 +2.9551e+000
441 +4.142608304e+001 +4.142608304e+001 +1.571060830e+002 +1.571060830e+002 +1.1988e-001 -3.1134e+000 -3.5493e-001 +2.6505e+000 +3.1735e+000
453 +3.723505711e+001 +3.723505711e+001 +1.529150571e+002 +1.529150571e+002 -9.4829e-003 -3.1354e+000 -2.3907e-001 +2.6634e+000 +3.2311e+000
477 +3.453901834e+001 +3.453901834e+001 +1.502190183e+002 +1.502190183e+002 +1.8562e-002 -1.4997e+000 -2.1198e-001 +2.6743e+000 +3.5603e+000
493 +3.136224718e+001 +3.136224718e+001 +1.470422472e+002 +1.470422472e+002 +2.7955e-002 +6.8437e-001 -9.4120e-001 +2.7202e+000 +3.3075e+000
528 +2.183192759e+001 +2.183192759e+001 +1.375119276e+002 +1.375119276e+002 +2.0852e-001 -1.0657e+000 -4.5769e-001 +2.7091e+000 +3.5234e+000
705 +2.137074296e+001 +2.137074296e+001 +1.370507430e+002 +1.370507430e+002 +8.9333e-002 -9.0427e-001 -4.6438e-001 +3.0344e+000 +2.8919e+000
1201 +1.897134680e+001 +1.897134680e+001 +1.346513468e+002 +1.346513468e+002 -8.3164e-001 -8.9302e-001 -3.3736e-001 +3.0189e+000 +3.6077e+000
1430 +1.705313705e+001 +1.705313705e+001 +1.327331370e+002 +1.327331370e+002 +1.1868e+000 -9.2520e-001 -3.3872e-001 +3.1025e+000 +2.6095e+000
1691 +1.544027117e+001 +1.544027117e+001 +1.311202712e+002 +1.311202712e+002 -5.5568e-003 -1.0853e+000 -3.5999e-001 +3.5374e+000 +3.2931e+000
2273 +1.351293822e+001 +1.351293822e+001 +1.291929382e+002 +1.291929382e+002 +2.8142e-001 -2.9046e-001 -3.6677e-001 +3.0580e+000 +2.9500e+000
2672 +1.318537102e+001 +1.318537102e+001 +1.288653710e+002 +1.288653710e+002 +1.2491e+000 +6.1351e-001 -3.4683e-001 +3.0526e+000 +3.2609e+000
2822 +1.246335028e+001 +1.246335028e+001 +1.281433503e+002 +1.281433503e+002 +4.2878e-002 -9.5237e-001 -3.6648e-001 +2.6451e+000 +3.2784e+000
3169 +1.184584282e+001 +1.184584282e+001 +1.275258428e+002 +1.275258428e+002 +3.3726e-001 -1.4331e-001 -4.2801e-001 +2.6870e+000 +3.3085e+000
3414 +8.457120005e+000 +8.457120005e+000 +1.241371200e+002 +1.241371200e+002 +1.1117e+000 -3.0613e-001 -2.9786e-001 +3.1013e+000 +3.3121e+000
3800 +5.437627133e+000 +5.437627133e+000 +1.211176271e+002 +1.211176271e+002 +1.2015e+000 -9.9341e-001 -3.1521e-001 +3.0828e+000 +3.3225e+000
4694 +4.970731806e+000 +4.970731806e+000 +1.206507318e+002 +1.206507318e+002 +1.1488e+000 -9.4890e-001 -3.6039e-001 +3.5404e+000 +3.2993e+000
4834 +4.805016204e+000 +4.805016204e+000 +1.204850162e+002 +1.204850162e+002 +1.1856e+000 -9.2641e-001 -3.4317e-001 +3.0697e+000 +3.3027e+000
5163 +4.650721838e+000 +4.650721838e+000 +1.203307218e+002 +1.203307218e+002 +1.1429e+000 -9.6637e-001 -3.7407e-001 +3.1014e+000 +3.2796e+000
% function evaluation | noise-free fitness - Fopt (-3.710000000000e+000) | best noise-free fitness - Fopt | measured fitness | best measured fitness | x1 | x2...
1 +2.580895641e+002 +2.580895641e+002 +2.543795641e+002 +2.543795641e+002 +0.0000e+000 +0.0000e+000 +0.0000e+000 +0.0000e+000 +0.0000e+000
479 +1.864733701e+002 +1.864733701e+002 +1.827633701e+002 +1.827633701e+002 +4.1191e+000 -2.7090e+000 +8.4857e-001 +3.2283e+000 +1.7021e+000
519 +1.638679668e+002 +1.638679668e+002 +1.601579668e+002 +1.601579668e+002 +4.1107e+000 -3.2536e+000 +1.1686e+000 +2.7552e+000 +1.2889e+000
572 +1.620643958e+002 +1.620643958e+002 +1.583543958e+002 +1.583543958e+002 +4.1094e+000 -2.1526e+000 +5.4405e-001 +4.2832e+000 +2.3131e+000
579 +1.564163658e+002 +1.564163658e+002 +1.527063658e+002 +1.527063658e+002 +4.1125e+000 -3.7381e+000 +7.4539e-001 +4.1692e+000 +2.0265e+000
585 +1.519433229e+002 +1.519433229e+002 +1.482333229e+002 +1.482333229e+002 +4.1201e+000 -2.4681e+000 +1.1628e+000 +3.4877e+000 +1.6134e+000
594 +1.489275873e+002 +1.489275873e+002 +1.452175873e+002 +1.452175873e+002 +4.1060e+000 -2.3941e+000 +1.0059e+000 +2.8793e+000 +3.1556e+000
622 +1.422801988e+002 +1.422801988e+002 +1.385701988e+002 +1.385701988e+002 +4.1087e+000 -2.1366e+000 +1.0529e+000 +4.7050e+000 +2.2079e+000
638 +1.178010117e+002 +1.178010117e+002 +1.140910117e+002 +1.140910117e+002 +4.1179e+000 -2.1558e+000 +6.9413e-001 +3.8386e+000 +2.8070e+000
800 +1.167129484e+002 +1.167129484e+002 +1.130029484e+002 +1.130029484e+002 +4.0657e+000 -4.5423e-001 +1.1366e+000 +3.9492e+000 +2.7664e+000
877 +1.141079673e+002 +1.141079673e+002 +1.103979673e+002 +1.103979673e+002 +4.0532e+000 -1.5502e+000 +1.3475e+000 +4.2571e+000 +2.7541e+000
913 +1.107716296e+002 +1.107716296e+002 +1.070616296e+002 +1.070616296e+002 +4.0016e+000 -1.1719e+000 +1.1413e+000 +4.2362e+000 +2.9421e+000
952 +8.817969987e+001 +8.817969987e+001 +8.446969987e+001 +8.446969987e+001 +3.9766e+000 -1.6351e+000 +1.1757e+000 +3.6187e+000 +2.8135e+000
984 +8.242364287e+001 +8.242364287e+001 +7.871364287e+001 +7.871364287e+001 +3.9857e+000 -1.7005e+000 +1.0833e+000 +3.9389e+000 +2.7884e+000
999 +8.002894504e+001 +8.002894504e+001 +7.631894504e+001 +7.631894504e+001 +3.9992e+000 -2.1573e+000 +1.3502e+000 +3.9190e+000 +2.8406e+000
1010 +7.927853239e+001 +7.927853239e+001 +7.556853239e+001 +7.556853239e+001 +3.9741e+000 -2.1928e+000 +1.1244e+000 +4.3783e+000 +2.8308e+000
1016 +7.552929908e+001 +7.552929908e+001 +7.181929908e+001 +7.181929908e+001 +4.0070e+000 -1.4820e+000 +1.2186e+000 +3.8696e+000 +2.8376e+000
1050 +3.054830531e+001 +3.054830531e+001 +2.683830531e+001 +2.683830531e+001 +3.3925e+000 -2.3181e+000 +1.0871e+000 +3.9989e+000 +2.8568e+000
1142 +1.882167242e+001 +1.882167242e+001 +1.511167242e+001 +1.511167242e+001 +2.9571e+000 -1.5147e+000 +1.0583e+000 +3.8418e+000 +2.8360e+000
1511 +1.857063571e+001 +1.857063571e+001 +1.486063571e+001 +1.486063571e+001 +1.1513e+000 -1.5905e+000 +1.1346e+000 +3.5221e+000 +2.2069e+000
1985 +1.462731513e+001 +1.462731513e+001 +1.091731513e+001 +1.091731513e+001 +2.0513e+000 -8.4025e-001 +1.2609e+000 +3.5273e+000 +2.8226e+000
2184 +9.824825316e+000 +9.824825316e+000 +6.114825316e+000 +6.114825316e+000 +1.1366e+000 -2.3822e+000 +1.2029e+000 +3.5205e+000 +2.8335e+000
2984 +9.578041005e+000 +9.578041005e+000 +5.868041005e+000 +5.868041005e+000 +1.2433e+000 -1.6054e+000 +1.1988e+000 +3.4875e+000 +2.8462e+000
3090 +9.430416921e+000 +9.430416921e+000 +5.720416921e+000 +5.720416921e+000 +1.2117e+000 -1.4741e+000 +1.2118e+000 +3.4712e+000 +2.8506e+000
3109 +9.022570937e+000 +9.022570937e+000 +5.312570937e+000 +5.312570937e+000 +1.2230e+000 -1.5945e+000 +1.1977e+000 +3.4965e+000 +2.8447e+000
3179 +8.637701571e+000 +8.637701571e+000 +4.927701571e+000 +4.927701571e+000 +1.1622e+000 -1.5101e+000 +1.2290e+000 +3.4975e+000 +2.8441e+000
3226 +8.245321180e+000 +8.245321180e+000 +4.535321180e+000 +4.535321180e+000 +1.1340e+000 -1.5068e+000 +1.1849e+000 +3.4961e+000 +2.8405e+000
3495 +8.110081509e+000 +8.110081509e+000 +4.400081509e+000 +4.400081509e+000 +1.1808e+000 -1.4915e+000 +1.2018e+000 +3.5061e+000 +2.8453e+000
% function evaluation | noise-free fitness - Fopt (1.321800000000e+002) | best noise-free fitness - Fopt | measured fitness | best measured fitness | x1 | x2...
1 +1.867275087e+002 +1.867275087e+002 +3.189075087e+002 +3.189075087e+002 +0.0000e+000 +0.0000e+000 +0.0000e+000 +0.0000e+000 +0.0000e+000
2 +1.247165816e+002 +1.247165816e+002 +2.568965816e+002 +2.568965816e+002 +3.3661e+000 -3.0594e+000 +3.6908e-001 -1.2679e+000 +2.4373e+000
17 +1.206399304e+002 +1.206399304e+002 +2.528199304e+002 +2.528199304e+002 +3.3713e+000 -3.0557e+000 +3.6570e-001 -1.2699e+000 +2.4678e+000
40 +1.144209669e+002 +1.144209669e+002 +2.466009669e+002 +2.466009669e+002 +3.3811e+000 -3.0509e+000 +4.2317e-001 -1.2667e+000 +2.4573e+000
77 +1.120218475e+002 +1.120218475e+002 +2.442018475e+002 +2.442018475e+002 +3.4196e+000 -3.0496e+000 +4.1411e-001 -1.2663e+000 +2.4714e+000
103 +1.084757716e+002 +1.084757716e+002 +2.406557716e+002 +2.406557716e+002 +3.3925e+000 -3.0590e+000 +5.3651e-001 -1.2579e+000 +2.5000e+000
104 +1.035103211e+002 +1.035103211e+002 +2.356903211e+002 +2.356903211e+002 +3.3309e+000 -3.0564e+000 +5.3203e-001 -1.2929e+000 +2.4580e+000
106 +1.023169579e+002 +1.023169579e+002 +2.344969579e+002 +2.344969579e+002 +3.3864e+000 -3.0555e+000 +6.2998e-001 -1.2583e+000 +2.4466e+000
112 +8.282687444e+001 +8.282687444e+001 +2.150068744e+002 +2.150068744e+002 +3.3923e+000 -3.0525e+000 +2.3376e+000 -1.2670e+000 +2.4392e+000
144 +7.521453331e+001 +7.521453331e+001 +2.073945333e+002 +2.073945333e+002 +3.7631e+000 -3.0514e+000 +1.1459e+000 -1.2886e+000 +2.4454e+000
185 +7.188944009e+001 +7.188944009e+001 +2.040694401e+002 +2.040694401e+002 +3.5824e+000 -3.0749e+000 +1.8493e+000 -1.2685e+000 +2.4861e+000
186 +6.728514194e+001 +6.728514194e+001 +1.994651419e+002 +1.994651419e+002 +3.6834e+000 -3.0561e+000 +1.9676e+000 -1.2889e+000 +2.4683e+000
322 +5.927093373e+001 +5.927093373e+001 +1.914509337e+002 +1.914509337e+002 +2.8072e+000 -3.0205e+000 +3.3711e+000 -1.2361e+000 +2.4737e+000
558 +5.857556999e+001 +5.857556999e+001 +1.907555700e+002 +1.907555700e+002 +1.8133e+000 -3.0740e+000 +2.8706e+000 -1.2179e+000 +2.4812e+000
603 +5.464702695e+001 +5.464702695e+001 +1.868270270e+002 +1.868270270e+002 +2.6182e+000 -1.7098e+000 +2.8944e+000 -1.2395e+000 +2.4500e+000
729 +4.730297460e+001 +4.730297460e+001 +1.794829746e+002 +1.794829746e+002 +2.4274e+000 +9.4767e-002 +2.8589e+000 -1.1877e+000 +2.5537e+000
772 +4.628429993e+001 +4.628429993e+001 +1.784642999e+002 +1.784642999e+002 +2.6574e+000 -1.4197e+000 +2.8780e+000 -1.1407e+000 +2.5546e+000
778 +3.199211350e+001 +3.199211350e+001 +1.641721135e+002 +1.641721135e+002 +2.9086e+000 -8.0187e-001 +2.8461e+000 -1.1673e+000 +2.4708e+000
781 +3.070849480e+001 +3.070849480e+001 +1.628884948e+002 +1.628884948e+002 +2.8646e+000 -8.3780e-001 +2.8786e+000 -1.2072e+000 +2.4890e+000
788 +2.761204597e+001 +2.761204597e+001 +1.597920460e+002 +1.597920460e+002 +2.7843e+000 -7.0384e-001 +2.8968e+000 -1.1671e+000 +2.4786e+000
824 +2.094729041e+001 +2.094729041e+001 +1.531272904e+002 +1.531272904e+002 +2.7820e+000 +7.2420e-001 +2.8523e+000 -1.1046e+000 +2.5439e+000
889 +1.670738485e+001 +1.670738485e+001 +1.488873848e+002 +1.488873848e+002 +3.6181e+000 +1.3975e-001 +2.7810e+000 -1.0709e+000 +2.4782e+000
952 +1.291471135e+001 +1.291471135e+001 +1.450947114e+002 +1.450947114e+002 +2.8651e+000 +1.5393e+000 +2.9085e+000 -1.0622e+000 +2.4617e+000
1194 +7.083971744e+000 +7.083971744e+000 +1.392639717e+002 +1.392639717e+002 +2.8266e+000 +6.9001e-001 +2.8229e+000 -1.5517e+000 +2.4815e+000
4659 +7.051039957e+000 +7.051039957e+000 +1.392310400e+002 +1.392310400e+002 +1.7879e+000 +1.4304e+000 +2.8657e+000 -1.9634e+000 +2.1873e+000
4763 +6.616610560e+000 +6.616610560e+000 +1.387966106e+002 +1.387966106e+002 +1.7948e+000 +1.4517e+000 +2.8432e+000 -1.9614e+000 +2.1882e+000
4783 +6.352118401e+000 +6.352118401e+000 +1.385321184e+002 +1.385321184e+002 +1.7811e+000 +1.4832e+000 +2.8824e+000 -1.9645e+000 +2.1915e+000
4793 +6.303714864e+000 +6.303714864e+000 +1.384837149e+002 +1.384837149e+002 +1.7889e+000 +1.4658e+000 +2.8501e+000 -1.9551e+000 +2.1818e+000
4826 +6.070771251e+000 +6.070771251e+000 +1.382507713e+002 +1.382507713e+002 +1.8157e+000 +1.4761e+000 +2.8535e+000 -1.9661e+000 +2.1859e+000
4942 +6.013008969e+000 +6.013008969e+000 +1.381930090e+002 +1.381930090e+002 +1.8115e+000 +1.4865e+000 +2.8573e+000 -1.9627e+000 +2.1806e+000
% function evaluation | noise-free fitness - Fopt (6.438000000000e+001) | best noise-free fitness - Fopt | measured fitness | best measured fitness | x1 | x2...
1 +3.005416784e+002 +3.005416784e+002 +3.649216784e+002 +3.649216784e+002 +0.0000e+000 +0.0000e+000 +0.0000e+000 +0.0000e+000 +0.0000e+000
277 +2.182843884e+002 +2.182843884e+002 +2.826643884e+002 +2.826643884e+002 +9.9464e-001 -1.6870e+000 +1.7936e+000 -3.2425e+000 -1.2849e-001
320 +1.560386560e+002 +1.560386560e+002 +2.204186560e+002 +2.204186560e+002 +2.0706e-001 -2.5030e+000 +1.6730e+000 -4.1580e+000 +1.6731e+000
329 +1.051830099e+002 +1.051830099e+002 +1.695630099e+002 +1.695630099e+002 +3.5526e-002 -1.5680e+000 +2.3008e+000 -4.7853e+000 +2.6422e+000
359 +8.540057084e+001 +8.540057084e+001 +1.497805708e+002 +1.497805708e+002 +8.9160e-001 -2.9226e+000 +1.8056e+000 -3.2180e+000 +3.7403e+000
385 +7.655488048e+001 +7.655488048e+001 +1.409348805e+002 +1.409348805e+002 +1.2822e+000 +5.4147e-001 +1.6119e+000 -3.8673e+000 +3.5923e+000
386 +6.778541027e+001 +6.778541027e+001 +1.321654103e+002 +1.321654103e+002 +2.6582e-001 +4.5855e+000 +1.6671e+000 -3.5650e+000 +2.5938e+000
391 +5.825327588e+001 +5.825327588e+001 +1.226332759e+002 +1.226332759e+002 +1.2130e+000 +1.4499e+000 +1.8269e+000 -3.3026e+000 +2.5070e+000
411 +5.741365143e+001 +5.741365143e+001 +1.217936514e+002 +1.217936514e+002 +9.0580e-001 +1.0376e+000 +1.8487e+000 -3.6868e+000 +2.4194e+000
415 +4.311181284e+001 +4.311181284e+001 +1.074918128e+002 +1.074918128e+002 +8.5480e-001 +3.3287e+000 +2.1298e+000 -4.4539e+000 +2.9659e+000
487 +3.949130431e+001 +3.949130431e+001 +1.038713043e+002 +1.038713043e+002 +9.7412e-001 +2.7054e+000 +2.2957e+000 -3.5292e+000 +2.7233e+000
612 +3.723086915e+001 +3.723086915e+001 +1.016108691e+002 +1.016108691e+002 +1.1819e+000 +4.2382e+000 +1.7783e+000 -2.7953e+000 +2.9372e+000
714 +2.460325904e+001 +2.460325904e+001 +8.898325904e+001 +8.898325904e+001 +2.0200e+000 +2.4544e+000 +2.1350e+000 -3.6946e+000 +3.0053e+000
746 +2.330737723e+001 +2.330737723e+001 +8.768737723e+001 +8.768737723e+001 +8.8467e-001 +2.4685e+000 +1.6912e+000 -4.0155e+000 +2.9305e+000
1051 +2.286986211e+001 +2.286986211e+001 +8.724986211e+001 +8.724986211e+001 +9.3100e-001 +2.3047e+000 +1.7278e+000 -4.0207e+000 +3.3852e+000
1313 +2.207923726e+001 +2.207923726e+001 +8.645923726e+001 +8.645923726e+001 +9.9981e-001 +2.4667e+000 +1.2037e+000 -3.1838e+000 +3.4382e+000
1606 +1.751210159e+001 +1.751210159e+001 +8.189210159e+001 +8.189210159e+001 +1.1207e+000 +3.3246e+000 +1.7733e+000 -4.5519e+000 +2.9650e+000
1969 +1.535466756e+001 +1.535466756e+001 +7.973466756e+001 +7.973466756e+001 +2.9730e+000 +3.8641e+000 +1.6176e+000 -3.6514e+000 +3.4179e+000
3149 +1.250633402e+001 +1.250633402e+001 +7.688633402e+001 +7.688633402e+001 +1.2325e+000 +3.2158e+000 +1.7076e+000 -3.2582e+000 +3.3742e+000
4086 +1.053026599e+001 +1.053026599e+001 +7.491026599e+001 +7.491026599e+001 +2.0282e+000 +3.2686e+000 +2.2415e+000 -2.7291e+000 +3.3938e+000
5810 +1.026267667e+001 +1.026267667e+001 +7.464267667e+001 +7.464267667e+001 +2.0667e+000 +3.2550e+000 +1.6960e+000 -3.2190e+000 +3.0402e+000
5952 +9.532739864e+000 +9.532739864e+000 +7.391273986e+001 +7.391273986e+001 +2.1015e+000 +3.2770e+000 +1.7838e+000 -3.2163e+000 +2.9970e+000
5988 +7.719788982e+000 +7.719788982e+000 +7.209978898e+001 +7.209978898e+001 +2.0696e+000 +3.2791e+000 +1.7309e+000 -3.2201e+000 +2.9975e+000
6451 +7.432644869e+000 +7.432644869e+000 +7.181264487e+001 +7.181264487e+001 +2.0321e+000 +3.2761e+000 +1.7202e+000 -3.2119e+000 +3.0083e+000
6477 +7.235363942e+000 +7.235363942e+000 +7.161536394e+001 +7.161536394e+001 +2.0465e+000 +3.2570e+000 +1.7393e+000 -3.1997e+000 +2.9845e+000
6580 +7.067847192e+000 +7.067847192e+000 +7.144784719e+001 +7.144784719e+001 +2.0333e+000 +3.2579e+000 +1.7123e+000 -3.2028e+000 +2.9972e+000
% function evaluation | noise-free fitness - Fopt (2.824800000000e+002) | best noise-free fitness - Fopt | measured fitness | best measured fitness | x1 | x2...
1 +1.960923970e+002 +1.960923970e+002 +4.785723970e+002 +4.785723970e+002 +0.0000e+000 +0.0000e+000 +0.0000e+000 +0.0000e+000 +0.0000e+000
208 +1.845054212e+002 +1.845054212e+002 +4.669854212e+002 +4.669854212e+002 -2.2977e+000 -1.1623e+000 +2.1896e-001 -2.2416e+000 +8.6899e-001
209 +1.560430470e+002 +1.560430470e+002 +4.385230470e+002 +4.385230470e+002 -1.7696e+000 -1.8149e+000 +4.5512e-001 -5.6090e-001 +3.2571e-001
218 +1.113229722e+002 +1.113229722e+002 +3.938029722e+002 +3.938029722e+002 -2.1819e+000 -1.9994e+000 +3.8790e-001 -1.0288e+000 +2.0091e+000
274 +9.805292983e+001 +9.805292983e+001 +3.805329298e+002 +3.805329298e+002 -5.1163e-001 -1.7432e+000 +2.4353e-001 -9.6449e-001 +1.3695e+000
279 +8.933444799e+001 +8.933444799e+001 +3.718144480e+002 +3.718144480e+002 -7.1718e-001 -1.7313e+000 +2.8154e-001 -1.2329e+000 +2.5724e+000
291 +7.814104347e+001 +7.814104347e+001 +3.606210435e+002 +3.606210435e+002 -8.3526e-001 -1.5965e+000 +2.7648e-001 +1.9292e+000 +1.4107e+000
313 +6.623690686e+001 +6.623690686e+001 +3.487169069e+002 +3.487169069e+002 +3.6617e-001 -1.6749e+000 +2.7768e-001 +3.6939e-003 +1.8073e+000
349 +5.314774973e+001 +5.314774973e+001 +3.356277497e+002 +3.356277497e+002 +6.0479e-001 -1.5412e+000 +2.3592e-001 +1.9296e+000 +2.4332e+000
356 +4.843337041e+001 +4.843337041e+001 +3.309133704e+002 +3.309133704e+002 +1.2261e+000 -1.5474e+000 +2.8344e-001 +6.4084e-001 +2.5329e+000
368 +4.378540470e+001 +4.378540470e+001 +3.262654047e+002 +3.262654047e+002 -3.9246e-001 -1.8362e+000 +3.1863e-001 +1.3068e+000 +3.2658e+000
473 +3.758804660e+001 +3.758804660e+001 +3.200680466e+002 +3.200680466e+002 -1.5862e+000 -1.6665e+000 +2.7356e-001 +1.1817e+000 +2.4832e+000
482 +3.404169589e+001 +3.404169589e+001 +3.165216959e+002 +3.165216959e+002 -1.7019e+000 -1.8559e+000 +2.7742e-001 +1.1732e+000 +2.9309e+000
493 +3.366444721e+001 +3.366444721e+001 +3.161444472e+002 +3.161444472e+002 +1.7238e+000 -1.8086e+000 +3.2747e-001 +6.8607e-001 +2.5292e+000
530 +3.035928149e+001 +3.035928149e+001 +3.128392815e+002 +3.128392815e+002 -5.9624e-001 -1.8183e+000 +2.9923e-001 +1.0892e+000 +2.5179e+000
552 +2.949671884e+001 +2.949671884e+001 +3.119767188e+002 +3.119767188e+002 -3.7408e-001 -1.7284e+000 +2.1778e-001 +1.1759e+000 +2.6134e+000
649 +2.747567121e+001 +2.747567121e+001 +3.099556712e+002 +3.099556712e+002 -2.7364e-001 -1.7430e+000 +2.3815e-001 +1.1192e+000 +2.5008e+000
656 +2.502293693e+001 +2.502293693e+001 +3.075029369e+002 +3.075029369e+002 -4.2581e-001 -1.8502e+000 +6.2368e-001 +1.1333e+000 +2.5088e+000
709 +2.275205631e+001 +2.275205631e+001 +3.052320563e+002 +3.052320563e+002 +5.7094e-001 -1.7517e+000 +6.4891e-001 +1.1820e+000 +2.5947e+000
787 +1.774997676e+001 +1.774997676e+001 +3.002299768e+002 +3.002299768e+002 +4.6073e-001 -1.9638e+000 +7.1006e-001 +1.1458e+000 +2.5462e+000
799 +1.636790689e+001 +1.636790689e+001 +2.988479069e+002 +2.988479069e+002 -3.5122e-001 -1.9209e+000 +1.1654e+000 +1.1381e+000 +2.5474e+000
818 +1.603181432e+001 +1.603181432e+001 +2.985118143e+002 +2.985118143e+002 -4.2736e-001 -1.9367e+000 +1.1632e+000 +1.1486e+000 +2.5531e+000
1001 +1.549346885e+001 +1.549346885e+001 +2.979734689e+002 +2.979734689e+002 -5.6689e-001 -1.8727e+000 +1.1778e+000 +1.1337e+000 +2.8924e+000
1187 +9.601307508e+000 +9.601307508e+000 +2.920813075e+002 +2.920813075e+002 -4.5786e-001 -2.5040e+000 +1.1318e+000 +1.1155e+000 +2.9154e+000
2191 +8.557931337e+000 +8.557931337e+000 +2.910379313e+002 +2.910379313e+002 -3.6884e-001 -3.3470e+000 +1.1939e+000 +1.1047e+000 +2.9186e+000
2221 +8.280938882e+000 +8.280938882e+000 +2.907609389e+002 +2.907609389e+002 -4.7031e-001 -3.3580e+000 +1.1216e+000 +1.1394e+000 +2.9256e+000
2332 +7.973304665e+000 +7.973304665e+000 +2.904533047e+002 +2.904533047e+002 -4.1840e-001 -3.3183e+000 +1.1645e+000 +1.1524e+000 +2.9147e+000
2356 +7.451755073e+000 +7.451755073e+000 +2.899317551e+002 +2.899317551e+002 -4.1552e-001 -3.3475e+000 +1.1924e+000 +1.1513e+000 +2.9120e+000
2377 +7.282683108e+000 +7.282683108e+000 +2.897626831e+002 +2.897626831e+002 -4.3668e-001 -3.3661e+000 +1.1953e+000 +1.1291e+000 +2.9113e+000
2446 +7.195845813e+000 +7.195845813e+000 +2.896758458e+002 +2.896758458e+002 -4.3269e-001 -3.3674e+000 +1.2026e+000 +1.1308e+000 +2.9179e+000
2454 +7.037841017e+000 +7.037841017e+000 +2.895178410e+002 +2.895178410e+002 -4.2706e-001 -3.3632e+000 +1.1749e+000 +1.1333e+000 +2.9156e+000
% function evaluation | noise-free fitness - Fopt (4.826100000000e+002) | best noise-free fitness - Fopt | measured fitness | best measured fitness | x1 | x2...
1 +1.430388634e+002 +1.430388634e+002 +6.256488634e+002 +6.256488634e+002 +0.0000e+000 +0.0000e+000 +0.0000e+000 +0.0000e+000 +0.0000e+000
502 +1.158028668e+002 +1.158028668e+002 +5.984128668e+002 +5.984128668e+002 -2.5820e+000 +2.1718e+000 +8.9268e-001 -2.8776e+000 -9.5273e-001
503 +6.061673828e+001 +6.061673828e+001 +5.432267383e+002 +5.432267383e+002 -2.5518e+000 +1.2305e+000 +8.2194e-001 -2.8320e+000 +3.0834e-001
604 +5.728372831e+001 +5.728372831e+001 +5.398937283e+002 +5.398937283e+002 -2.0460e+000 +2.6111e+000 +5.6716e-001 -2.9239e+000 +5.9462e-001
613 +4.524733095e+001 +4.524733095e+001 +5.278573310e+002 +5.278573310e+002 -2.2016e+000 +2.0512e+000 +7.7409e-001 -3.0719e+000 +7.3516e-001
654 +3.484320462e+001 +3.484320462e+001 +5.174532046e+002 +5.174532046e+002 -2.1321e+000 +1.8178e+000 +3.2265e-001 -2.9722e+000 +3.2417e-001
718 +3.407810592e+001 +3.407810592e+001 +5.166881059e+002 +5.166881059e+002 -2.1100e+000 +2.5802e+000 +3.0375e-001 -3.4973e+000 +3.5787e-001
773 +3.282960763e+001 +3.282960763e+001 +5.154396076e+002 +5.154396076e+002 -2.1415e+000 +1.0828e+000 +7.7691e-001 -3.1385e+000 +1.3279e+000
811 +1.706932170e+001 +1.706932170e+001 +4.996793217e+002 +4.996793217e+002 -2.2688e+000 +3.3182e+000 +8.6261e-001 -3.9302e+000 +9.9357e-001
1326 +1.692312737e+001 +1.692312737e+001 +4.995331274e+002 +4.995331274e+002 -1.2830e+000 +3.4303e+000 +9.6122e-001 -3.4094e+000 +1.2895e+000
1451 +1.589981554e+001 +1.589981554e+001 +4.985098155e+002 +4.985098155e+002 -1.1647e+000 +3.3669e+000 +9.9658e-001 -3.4555e+000 +9.8010e-001
1470 +1.301900347e+001 +1.301900347e+001 +4.956290035e+002 +4.956290035e+002 -1.3312e+000 +3.3731e+000 +8.5851e-001 -3.5002e+000 +9.9714e-001
1486 +8.233922849e+000 +8.233922849e+000 +4.908439228e+002 +4.908439228e+002 -1.1114e+000 +3.4203e+000 +8.2193e-001 -3.4674e+000 +1.2852e+000
3210 +7.917768126e+000 +7.917768126e+000 +4.905277681e+002 +4.905277681e+002 -1.2092e+000 +3.3914e+000 +8.1194e-001 -3.0280e+000 +9.7942e-001
3223 +7.404208914e+000 +7.404208914e+000 +4.900142089e+002 +4.900142089e+002 -1.2042e+000 +3.3546e+000 +8.1792e-001 -3.0649e+000 +9.7469e-001
3379 +7.181791547e+000 +7.181791547e+000 +4.897917915e+002 +4.897917915e+002 -1.2116e+000 +3.3669e+000 +8.1982e-001 -3.0482e+000 +9.7545e-001
3457 +7.053156978e+000 +7.053156978e+000 +4.896631570e+002 +4.896631570e+002 -1.2016e+000 +3.3657e+000 +8.2540e-001 -3.0533e+000 +9.7965e-001
% function evaluation | noise-free fitness - Fopt (7.177000000000e+001) | best noise-free fitness - Fopt | measured fitness | best measured fitness | x1 | x2...
1 +9.181556655e+001 +9.181556655e+001 +1.635855666e+002 +1.635855666e+002 +0.0000e+000 +0.0000e+000 +0.0000e+000 +0.0000e+000 +0.0000e+000
252 +8.890403088e+001 +8.890403088e+001 +1.606740309e+002 +1.606740309e+002 +1.8787e+000 -1.2588e+000 +3.4225e-001 +1.6171e-001 +3.9279e-001
289 +7.230092162e+001 +7.230092162e+001 +1.440709216e+002 +1.440709216e+002 +1.3407e+000 -1.2364e+000 -8.8403e-001 +2.4572e-001 +9.2574e-001
305 +6.263206705e+001 +6.263206705e+001 +1.344020670e+002 +1.344020670e+002 +1.3110e+000 -1.1947e+000 +6.5967e-001 +1.8932e-002 +1.0387e+000
316 +5.737636369e+001 +5.737636369e+001 +1.291463637e+002 +1.291463637e+002 +1.3007e+000 -1.2277e+000 -1.3063e-001 +3.8642e-002 +1.1942e+000
360 +5.146114341e+001 +5.146114341e+001 +1.232311434e+002 +1.232311434e+002 +1.3459e+000 -1.1325e+000 -2.3322e-001 +7.9714e-001 +8.1282e-001
384 +5.117873598e+001 +5.117873598e+001 +1.229487360e+002 +1.229487360e+002 +1.2335e+000 -1.1668e+000 -3.0569e-002 +4.0579e-001 +8.6151e-001
392 +4.465265474e+001 +4.465265474e+001 +1.164226547e+002 +1.164226547e+002 +1.1976e+000 -1.3241e+000 +1.2488e+000 +3.3364e-001 +1.1207e+000
393 +4.246805994e+001 +4.246805994e+001 +1.142380599e+002 +1.142380599e+002 +1.2776e+000 -1.1616e+000 +8.0265e-001 +8.3022e-001 +1.0174e+000
464 +3.267038882e+001 +3.267038882e+001 +1.044403888e+002 +1.044403888e+002 +1.1914e+000 -1.2590e+000 +4.0925e-001 +3.8823e-001 +7.2580e-001
467 +3.184797808e+001 +3.184797808e+001 +1.036179781e+002 +1.036179781e+002 +1.2852e+000 -1.1939e+000 +8.0488e-001 +1.1982e+000 +7.1437e-001
507 +3.110110202e+001 +3.110110202e+001 +1.028711020e+002 +1.028711020e+002 +1.2684e+000 -1.2632e+000 +8.5541e-001 +3.3451e-001 +7.7533e-001
611 +2.631259108e+001 +2.631259108e+001 +9.808259108e+001 +9.808259108e+001 +1.2558e+000 -1.3004e+000 +8.2484e-001 +8.0069e-001 +7.2930e-001
1454 +2.002436107e+001 +2.002436107e+001 +9.179436107e+001 +9.179436107e+001 +1.3384e+000 -4.0735e-001 +9.3733e-001 +7.8551e-001 +1.1286e+000
1511 +1.698729261e+001 +1.698729261e+001 +8.875729261e+001 +8.875729261e+001 +2.2315e+000 -4.0504e-001 +9.0637e-001 +7.6708e-001 +1.1256e+000
2228 +1.626877078e+001 +1.626877078e+001 +8.803877078e+001 +8.803877078e+001 +1.3156e-001 +1.8246e+000 +9.3293e-001 +3.9935e-001 +1.0928e+000
2865 +1.371216534e+001 +1.371216534e+001 +8.548216534e+001 +8.548216534e+001 +2.3065e+000 +1.8905e+000 +7.8094e-001 +7.5638e-001 +1.1288e+000
2914 +1.165289158e+001 +1.165289158e+001 +8.342289158e+001 +8.342289158e+001 +2.2408e+000 +1.7488e+000 +9.6382e-001 +8.0532e-001 +1.3751e+000
2944 +6.880886527e+000 +6.880886527e+000 +7.865088653e+001 +7.865088653e+001 +2.2814e+000 +2.4454e+000 +8.4335e-001 +7.8867e-001 +1.1208e+000
4466 +4.352929910e+000 +4.352929910e+000 +7.612292991e+001 +7.612292991e+001 +3.2082e+000 +1.8209e+000 +8.0628e-001 +3.8740e-001 +1.1123e+000
8849 +3.476967209e+000 +3.476967209e+000 +7.524696721e+001 +7.524696721e+001 +2.2228e+000 +1.8024e+000 +8.8313e-001 +8.2280e-001 +1.1145e+000
% function evaluation | noise-free fitness - Fopt (8.448800000000e+002) | best noise-free fitness - Fopt | measured fitness | best measured fitness | x1 | x2...
1 +2.296446648e+002 +2.296446648e+002 +1.074524665e+003 +1.074524665e+003 +0.0000e+000 +0.0000e+000 +0.0000e+000 +0.0000e+000 +0.0000e+000
502 +2.114441302e+002 +2.114441302e+002 +1.056324130e+003 +1.056324130e+003 +2.7687e+000 +7.2946e-001 +2.5994e+000 -1.2051e+000 -4.4741e-001
585 +1.745991769e+002 +1.745991769e+002 +1.019479177e+003 +1.019479177e+003 +1.0929e+000 +3.3542e+000 +2.8812e+000 +2.1136e-001 -2.1474e-001
607 +7.421810353e+001 +7.421810353e+001 +9.190981035e+002 +9.190981035e+002 +1.9384e+000 +1.3631e+000 +1.1997e+000 -3.7573e-001 +2.5835e+000
634 +6.490700576e+001 +6.490700576e+001 +9.097870058e+002 +9.097870058e+002 +1.4219e+000 +1.8052e+000 +2.8989e+000 -1.7555e-002 +2.1032e+000
683 +4.314599400e+001 +4.314599400e+001 +8.880259940e+002 +8.880259940e+002 +2.0036e+000 +1.0355e+000 +2.4177e+000 +3.3716e-001 +3.4376e+000
781 +3.838403548e+001 +3.838403548e+001 +8.832640355e+002 +8.832640355e+002 +1.0764e+000 +1.7425e+000 +2.5212e+000 -3.5666e-002 +2.7450e+000
814 +2.375878536e+001 +2.375878536e+001 +8.686387854e+002 +8.686387854e+002 +1.0608e+000 -3.1443e-001 +2.9447e+000 -1.6623e-001 +2.3715e+000
872 +1.985360304e+001 +1.985360304e+001 +8.647336030e+002 +8.647336030e+002 +1.2569e+000 +5.8363e-001 +2.8660e+000 +3.3010e-001 +2.6725e+000
1565 +1.267946834e+001 +1.267946834e+001 +8.575594683e+002 +8.575594683e+002 +2.1738e+000 +4.8221e-001 +2.8711e+000 -1.1112e-001 +2.6615e+000
1684 +1.103279531e+001 +1.103279531e+001 +8.559127953e+002 +8.559127953e+002 +2.1929e+000 +4.0320e-001 +3.0300e+000 -1.5911e-001 +3.0256e+000
1892 +7.585116941e+000 +7.585116941e+000 +8.524651169e+002 +8.524651169e+002 +2.1411e+000 -2.3418e-001 +2.9563e+000 -1.4734e-001 +3.0508e+000
2047 +6.460089362e+000 +6.460089362e+000 +8.513400894e+002 +8.513400894e+002 +2.1740e+000 +1.3556e+000 +3.0025e+000 -1.4088e-001 +3.0718e+000
% function evaluation | noise-free fitness - Fopt (-4.222000000000e+001) | best noise-free fitness - Fopt | measured fitness | best measured fitness | x1 | x2...
1 +1.518624990e+002 +1.518624990e+002 +1.096424990e+002 +1.096424990e+002 +0.0000e+000 +0.0000e+000 +0.0000e+000 +0.0000e+000 +0.0000e+000
203 +1.502299132e+002 +1.502299132e+002 +1.080099132e+002 +1.080099132e+002 +2.9962e-001 -1.4083e+000 +1.9793e+000 -1.0513e+000 -6.6156e-001
227 +1.422292143e+002 +1.422292143e+002 +1.000092143e+002 +1.000092143e+002 +2.9984e-001 +4.1663e-001 +1.9624e+000 -1.0485e+000 -4.9933e-001
228 +1.233713849e+002 +1.233713849e+002 +8.115138487e+001 +8.115138487e+001 +2.9779e-001 -1.7993e+000 +1.9630e+000 -1.0404e+000 -6.9390e-001
242 +1.183000407e+002 +1.183000407e+002 +7.608004068e+001 +7.608004068e+001 +2.9640e-001 -2.3957e+000 +1.9612e+000 -1.0647e+000 -7.0381e-001
257 +1.167306099e+002 +1.167306099e+002 +7.451060995e+001 +7.451060995e+001 +2.9274e-001 -1.0929e+000 +1.9813e+000 -1.0611e+000 -4.6229e-001
279 +8.849405530e+001 +8.849405530e+001 +4.627405530e+001 +4.627405530e+001 +2.9591e-001 -2.8836e+000 +1.8941e+000 -9.9041e-001 +1.3559e+000
304 +7.621598722e+001 +7.621598722e+001 +3.399598722e+001 +3.399598722e+001 +3.0183e-001 -3.0578e+000 +1.8496e+000 -1.0702e+000 +1.1159e+000
317 +7.216258039e+001 +7.216258039e+001 +2.994258039e+001 +2.994258039e+001 +2.9937e-001 -2.2237e+000 +1.9566e+000 -1.0459e+000 +6.5723e-001
336 +6.750742830e+001 +6.750742830e+001 +2.528742830e+001 +2.528742830e+001 +2.9645e-001 -3.2561e+000 +2.0011e+000 -1.0486e+000 +3.2713e-001
344 +5.991169170e+001 +5.991169170e+001 +1.769169170e+001 +1.769169170e+001 +3.0192e-001 -2.1844e+000 +1.9555e+000 -1.0231e+000 +2.0478e+000
351 +5.762272675e+001 +5.762272675e+001 +1.540272675e+001 +1.540272675e+001 +4.4755e-001 -2.6753e+000 +1.6426e+000 -1.0519e+000 +1.7578e+000
376 +5.438033914e+001 +5.438033914e+001 +1.216033914e+001 +1.216033914e+001 +3.4832e-001 -3.8151e+000 +1.9208e+000 -1.0054e+000 +1.1667e+000
377 +5.139019506e+001 +5.139019506e+001 +9.170195065e+000 +9.170195065e+000 +3.1258e-001 -2.3989e+000 +1.9689e+000 -9.6605e-001 +1.4393e+000
387 +4.874209715e+001 +4.874209715e+001 +6.522097146e+000 +6.522097146e+000 +3.3722e-001 -3.1000e+000 +2.0512e+000 -1.0344e+000 +1.4999e+000
396 +3.993886034e+001 +3.993886034e+001 -2.281139664e+000 -2.281139664e+000 +4.0003e-001 -3.1550e+000 +1.9153e+000 -1.0391e+000 +1.4095e+000
412 +3.864031916e+001 +3.864031916e+001 -3.579680835e+000 -3.579680835e+000 +3.2580e-001 -2.4414e+000 +1.9582e+000 -7.2640e-001 +1.5571e+000
510 +3.243682616e+001 +3.243682616e+001 -9.783173837e+000 -9.783173837e+000 +3.9711e-001 -2.4942e+000 +1.9482e+000 +6.5203e-002 +2.1971e+000
641 +2.996832274e+001 +2.996832274e+001 -1.225167726e+001 -1.225167726e+001 +3.8923e-001 -2.3941e+000 +1.9646e+000 +9.7881e-002 +1.5576e+000
778 +2.460916328e+001 +2.460916328e+001 -1.761083672e+001 -1.761083672e+001 -2.3652e+000 -3.2113e+000 +1.5306e+000 -2.4730e-001 +1.8646e+000
973 +2.026252315e+001 +2.026252315e+001 -2.195747685e+001 -2.195747685e+001 -3.8318e-001 -3.1320e+000 +1.2513e+000 +8.3946e-002 +1.8729e+000
1098 +1.250178314e+001 +1.250178314e+001 -2.971821686e+001 -2.971821686e+001 -3.1042e-001 -3.3062e+000 +1.4527e+000 +5.9705e-001 +1.8899e+000
1157 +9.796622559e+000 +9.796622559e+000 -3.242337744e+001 -3.242337744e+001 -4.5253e-001 -3.1936e+000 +1.4263e+000 +5.5246e-001 +1.8594e+000
1263 +6.913889173e+000 +6.913889173e+000 -3.530611083e+001 -3.530611083e+001 +6.1936e-001 -3.1558e+000 +1.4168e+000 -2.7071e-001 +1.8862e+000
3318 +6.715241282e+000 +6.715241282e+000 -3.550475872e+001 -3.550475872e+001 +1.5252e+000 -3.1577e+000 +1.4156e+000 +1.3407e-001 +1.4820e+000
3329 +6.538481332e+000 +6.538481332e+000 -3.568151867e+001 -3.568151867e+001 +1.5547e+000 -3.2009e+000 +1.4165e+000 +1.3709e-001 +1.4820e+000
3332 +6.401554078e+000 +6.401554078e+000 -3.581844592e+001 -3.581844592e+001 +1.5546e+000 -3.1754e+000 +1.4169e+000 +1.3193e-001 +1.4906e+000
3355 +6.308555834e+000 +6.308555834e+000 -3.591144417e+001 -3.591144417e+001 +1.5654e+000 -3.1378e+000 +1.4358e+000 +1.2424e-001 +1.4834e+000
3420 +6.057640197e+000 +6.057640197e+000 -3.616235980e+001 -3.616235980e+001 +1.5734e+000 -3.1304e+000 +1.4114e+000 +1.3036e-001 +1.4822e+000
3482 +6.023198660e+000 +6.023198660e+000 -3.619680134e+001 -3.619680134e+001 +1.5750e+000 -3.1273e+000 +1.4213e+000 +1.4227e-001 +1.4855e+000
% function evaluation | noise-free fitness - Fopt (-9.179000000000e+001) | best noise-free fitness - Fopt | measured fitness | best measured fitness | x1 | x2...
1 +2.475668759e+002 +2.475668759e+002 +1.557768759e+002 +1.557768759e+002 +0.0000e+000 +0.0000e+000 +0.0000e+000 +0.0000e+000 +0.0000e+000
205 +2.442886357e+002 +2.442886357e+002 +1.524986357e+002 +1.524986357e+002 -1.6244e-002 -2.7692e-001 +3.5983e+000 +3.7816e+000 +2.9378e+000
233 +2.391786401e+002 +2.391786401e+002 +1.473886401e+002 +1.473886401e+002 +3.9682e-002 -3.5799e-001 +3.1137e+000 +3.5866e+000 +3.5662e+000
237 +2.146690990e+002 +2.146690990e+002 +1.228790990e+002 +1.228790990e+002 -1.3414e-002 +2.3088e-002 +3.1169e+000 +3.3952e+000 +3.0352e+000
248 +2.083374789e+002 +2.083374789e+002 +1.165474789e+002 +1.165474789e+002 +2.6380e-002 -2.8044e-001 +3.0153e+000 +3.4676e+000 +3.0150e+000
251 +2.028001894e+002 +2.028001894e+002 +1.110101894e+002 +1.110101894e+002 +9.4832e-003 -2.5558e-001 +3.6545e+000 +2.9647e+000 +3.8116e+000
265 +1.639599147e+002 +1.639599147e+002 +7.216991468e+001 +7.216991468e+001 -1.0841e-002 -8.7007e-002 +2.9773e+000 +2.9361e+000 +3.9390e+000
275 +1.543257289e+002 +1.543257289e+002 +6.253572887e+001 +6.253572887e+001 +2.4156e-002 -2.3079e-001 -7.4439e-001 +2.9298e-001 +3.0912e+000
283 +1.359413918e+002 +1.359413918e+002 +4.415139184e+001 +4.415139184e+001 -8.7342e-002 +6.8040e-002 +2.4280e+000 +1.3142e+000 +2.6221e+000
305 +8.056819814e+001 +8.056819814e+001 -1.122180186e+001 -1.122180186e+001 +1.1003e-002 -7.9183e-002 +2.8067e+000 +9.5611e-001 +3.0857e+000
308 +6.733392779e+001 +6.733392779e+001 -2.445607221e+001 -2.445607221e+001 -5.0205e-002 +2.7376e-001 +2.7404e+000 -1.0227e+000 +2.7674e+000
333 +5.705582433e+001 +5.705582433e+001 -3.473417567e+001 -3.473417567e+001 -3.6934e-002 -2.4983e-001 +2.9080e+000 -2.3427e+000 +3.1053e+000
336 +4.269597771e+001 +4.269597771e+001 -4.909402229e+001 -4.909402229e+001 +2.7980e-003 +5.8268e-001 +2.7102e+000 -1.5041e+000 +3.4083e+000
349 +3.015754268e+001 +3.015754268e+001 -6.163245732e+001 -6.163245732e+001 -1.7270e-002 -1.1995e-002 +3.0327e+000 -2.3782e+000 +3.3263e+000
354 +2.229785319e+001 +2.229785319e+001 -6.949214681e+001 -6.949214681e+001 -1.5953e-002 +2.2620e-003 +2.6999e+000 -1.1850e+000 +3.9444e+000
459 +1.033659531e+001 +1.033659531e+001 -8.145340469e+001 -8.145340469e+001 -5.9030e-002 +1.3141e+000 +2.8295e+000 -1.9855e+000 +3.2429e+000
680 +6.787426914e+000 +6.787426914e+000 -8.500257309e+001 -8.500257309e+001 +1.9448e-002 +5.9242e-001 +2.8656e+000 -2.4233e+000 +3.6506e+000
860 +5.878505778e+000 +5.878505778e+000 -8.591149422e+001 -8.591149422e+001 -2.3223e-002 +4.9222e-001 +2.8448e+000 -2.4314e+000 +3.6262e+000
989 +5.598621609e+000 +5.598621609e+000 -8.619137839e+001 -8.619137839e+001 +1.6740e-003 +5.6112e-001 +2.8655e+000 -2.4397e+000 +3.6304e+000
1012 +4.851969953e+000 +4.851969953e+000 -8.693803005e+001 -8.693803005e+001 -1.0254e-002 +5.2567e-001 +2.8283e+000 -2.4323e+000 +3.6322e+000
1033 +4.649169297e+000 +4.649169297e+000 -8.714083070e+001 -8.714083070e+001 +2.9259e-003 +5.1047e-001 +2.8509e+000 -2.4403e+000 +3.6378e+000
1038 +4.211268370e+000 +4.211268370e+000 -8.757873163e+001 -8.757873163e+001 +4.2017e-002 +5.1760e-001 +2.8485e+000 -2.4496e+000 +3.6409e+000
1105 +4.161949532e+000 +4.161949532e+000 -8.762805047e+001 -8.762805047e+001 +3.4204e-002 +5.2966e-001 +2.8499e+000 -2.4410e+000 +3.6370e+000
1230 +4.069083169e+000 +4.069083169e+000 -8.772091683e+001 -8.772091683e+001 +3.2284e-002 +5.2261e-001 +2.8293e+000 -2.4367e+000 +3.6405e+000
1507 +3.980696165e+000 +3.980696165e+000 -8.780930383e+001 -8.780930383e+001 +5.0061e-002 +5.2327e-001 +2.8350e+000 -2.4370e+000 +3.6398e+000
% function evaluation | noise-free fitness - Fopt (-1.277000000000e+001) | best noise-free fitness - Fopt | measured fitness | best measured fitness | x1 | x2...
1 +1.267747535e+002 +1.267747535e+002 +1.140047535e+002 +1.140047535e+002 +0.0000e+000 +0.0000e+000 +0.0000e+000 +0.0000e+000 +0.0000e+000
506 +1.134460995e+002 +1.134460995e+002 +1.006760995e+002 +1.006760995e+002 +3.6138e+000 +2.0689e-001 +1.6603e+000 +3.8538e+000 +8.9980e-001
539 +1.098909579e+002 +1.098909579e+002 +9.712095791e+001 +9.712095791e+001 +3.3876e+000 -9.1036e-002 +1.5487e+000 +1.7187e+000 -6.3592e-001
567 +9.896457264e+001 +9.896457264e+001 +8.619457264e+001 +8.619457264e+001 +3.3891e+000 -5.7263e-002 +1.5711e+000 +1.9627e+000 -6.8087e-001
588 +8.218986387e+001 +8.218986387e+001 +6.941986387e+001 +6.941986387e+001 +3.5924e+000 +1.1638e-001 +1.1499e+000 +2.0032e+000 -6.6087e-001
620 +7.436942329e+001 +7.436942329e+001 +6.159942329e+001 +6.159942329e+001 +2.8876e+000 +2.6296e-001 +1.0619e+000 +6.6025e-001 -2.2721e-001
626 +3.739594453e+001 +3.739594453e+001 +2.462594453e+001 +2.462594453e+001 +3.4061e+000 +2.0366e-001 +1.0777e+000 +1.3813e+000 +1.3173e+000
750 +3.670788628e+001 +3.670788628e+001 +2.393788628e+001 +2.393788628e+001 +2.7178e+000 +6.0880e-001 +1.4603e+000 +6.9494e-002 +1.0568e+000
786 +3.112038298e+001 +3.112038298e+001 +1.835038298e+001 +1.835038298e+001 +2.7187e+000 +6.3188e-001 +1.6836e+000 -1.0486e-001 +1.5542e+000
844 +1.861308968e+001 +1.861308968e+001 +5.843089679e+000 +5.843089679e+000 +2.6674e+000 +2.1286e+000 +1.1609e+000 +5.7912e-001 +1.3009e+000
872 +1.033538024e+001 +1.033538024e+001 -2.434619760e+000 -2.434619760e+000 +2.6730e+000 +2.2564e+000 +1.5588e+000 -1.7684e-001 +9.4465e-001
3262 +6.834733196e+000 +6.834733196e+000 -5.935266804e+000 -5.935266804e+000 +2.6763e+000 +2.1470e+000 +1.5947e+000 +1.6715e-001 +1.3084e+000
5164 +6.678029624e+000 +6.678029624e+000 -6.091970376e+000 -6.091970376e+000 +1.7557e+000 +1.4608e+000 +1.5862e+000 +1.6888e-001 +1.3363e+000
5178 +6.429024029e+000 +6.429024029e+000 -6.340975971e+000 -6.340975971e+000 +1.6796e+000 +1.4633e+000 +1.5852e+000 +2.0572e-001 +1.3278e+000
5184 +6.257323854e+000 +6.257323854e+000 -6.512676146e+000 -6.512676146e+000 +1.7096e+000 +1.4769e+000 +1.5968e+000 +1.9071e-001 +1.3415e+000
5202 +6.155143232e+000 +6.155143232e+000 -6.614856768e+000 -6.614856768e+000 +1.7241e+000 +1.4649e+000 +1.5961e+000 +1.9551e-001 +1.3277e+000
5396 +6.021493130e+000 +6.021493130e+000 -6.748506870e+000 -6.748506870e+000 +1.7126e+000 +1.4688e+000 +1.5874e+000 +1.9523e-001 +1.3337e+000
% function evaluation | noise-free fitness - Fopt (-1.000000000000e+003) | best noise-free fitness - Fopt | measured fitness | best measured fitness | x1 | x2...
1 +1.069906532e+002 +1.069906532e+002 -8.930093468e+002 -8.930093468e+002 +0.0000e+000 +0.0000e+000 +0.0000e+000 +0.0000e+000 +0.0000e+000
352 +5.842087638e+001 +5.842087638e+001 -9.415791236e+002 -9.415791236e+002 -8.1840e-001 -3.5014e+000 +1.1498e+000 -5.4096e-001 +4.5879e-001
375 +5.667159425e+001 +5.667159425e+001 -9.433284057e+002 -9.433284057e+002 -5.2421e-001 -4.6350e+000 +2.0963e+000 -3.2323e-001 +1.4435e+000
422 +4.732509444e+001 +4.732509444e+001 -9.526749056e+002 -9.526749056e+002 -8.5474e-001 -2.9486e+000 +1.2557e+000 -3.4434e-001 +1.1232e+000
506 +3.922493501e+001 +3.922493501e+001 -9.607750650e+002 -9.607750650e+002 -2.0523e+000 -1.4268e+000 +1.5668e+000 -4.0079e-001 +1.1074e+000
521 +2.395165017e+001 +2.395165017e+001 -9.760483498e+002 -9.760483498e+002 -2.0692e+000 -2.1297e+000 +1.5011e+000 -3.5017e-001 +1.4178e+000
769 +2.216169364e+001 +2.216169364e+001 -9.778383064e+002 -9.778383064e+002 +9.6875e-001 -1.2170e+000 +1.8658e+000 -3.2065e-001 +1.0527e+000
865 +2.047664962e+001 +2.047664962e+001 -9.795233504e+002 -9.795233504e+002 +1.0006e+000 -2.9880e+000 +1.8746e+000 -2.6662e-001 +1.0874e+000
897 +1.741251974e+001 +1.741251974e+001 -9.825874803e+002 -9.825874803e+002 -9.2714e-001 -4.1956e+000 +1.9854e+000 -3.0572e-001 +7.4164e-001
1121 +1.617893500e+001 +1.617893500e+001 -9.838210650e+002 -9.838210650e+002 -1.0436e+000 -3.6070e+000 +1.9366e+000 -2.8836e-001 +6.8771e-001
1236 +1.209206023e+001 +1.209206023e+001 -9.879079398e+002 -9.879079398e+002 -2.8948e-003 -2.1926e+000 +2.0154e+000 -2.8733e-001 +7.2844e-001
1239 +1.102232408e+001 +1.102232408e+001 -9.889776759e+002 -9.889776759e+002 +2.8038e-002 -2.8620e+000 +1.9906e+000 -2.9138e-001 +7.5194e-001
1287 +9.579415639e+000 +9.579415639e+000 -9.904205844e+002 -9.904205844e+002 +6.3823e-003 -2.7550e+000 +1.9923e+000 -2.7915e-001 +7.4792e-001
1574 +8.821570086e+000 +8.821570086e+000 -9.911784299e+002 -9.911784299e+002 +1.5319e-003 -2.8435e+000 +2.0274e+000 -2.5554e-001 +7.1036e-001
1619 +8.000739041e+000 +8.000739041e+000 -9.919992610e+002 -9.919992610e+002 +9.8820e-001 -2.8126e+000 +1.9980e+000 -2.0541e-001 +7.3505e-001
1669 +7.638197582e+000 +7.638197582e+000 -9.923618024e+002 -9.923618024e+002 -1.8117e-002 -2.8040e+000 +2.0134e+000 -2.2981e-001 +7.2879e-001
2054 +7.542695231e+000 +7.542695231e+000 -9.924573048e+002 -9.924573048e+002 -5.5243e-003 -2.7888e+000 +2.0162e+000 -2.4054e-001 +7.2069e-001
2072 +7.387978439e+000 +7.387978439e+000 -9.926120216e+002 -9.926120216e+002 -6.2945e-003 -2.7994e+000 +2.0133e+000 -2.4155e-001 +7.2149e-001
2130 +7.170516587e+000 +7.170516587e+000 -9.928294834e+002 -9.928294834e+002 -1.0835e-003 -2.7965e+000 +1.9993e+000 -2.4286e-001 +7.2224e-001
2202 +7.030531193e+000 +7.030531193e+000 -9.929694688e+002 -9.929694688e+002 -4.3296e-003 -2.8005e+000 +1.9783e+000 -2.4702e-001 +7.2158e-001
% function evaluation | noise-free fitness - Fopt (-1.000000000000e+003) | best noise-free fitness - Fopt | measured fitness | best measured fitness | x1 | x2...
1 +1.240986520e+002 +1.240986520e+002 -8.759013480e+002 -8.759013480e+002 +0.0000e+000 +0.0000e+000 +0.0000e+000 +0.0000e+000 +0.0000e+000
182 +1.204492777e+002 +1.204492777e+002 -8.795507223e+002 -8.795507223e+002 +3.8248e-001 -1.6094e+000 +1.5565e+000 -7.4794e-001 +4.9282e-001
234 +1.190608876e+002 +1.190608876e+002 -8.809391124e+002 -8.809391124e+002 +2.3414e-001 -1.6062e+000 +1.4190e+000 -7.4113e-001 +4.9254e-001
821 +1.154789520e+002 +1.154789520e+002 -8.845210480e+002 -8.845210480e+002 +3.0606e-001 -1.6640e+000 +1.4856e+000 -7.2055e-001 +5.0158e-001
826 +1.104463447e+002 +1.104463447e+002 -8.895536553e+002 -8.895536553e+002 +1.3096e+000 -1.7100e+000 +1.5708e+000 -3.7139e-001 +8.2510e-001
880 +9.823083174e+001 +9.823083174e+001 -9.017691683e+002 -9.017691683e+002 +3.5188e-001 -1.7426e+000 +1.5115e+000 +1.0638e-001 +5.8425e-001
890 +8.056065971e+001 +8.056065971e+001 -9.194393403e+002 -9.194393403e+002 -1.6065e-002 -1.7406e+000 +1.4525e+000 +4.5328e-001 +1.9923e-001
903 +4.538927047e+001 +4.538927047e+001 -9.546107295e+002 -9.546107295e+002 +5.2560e-001 -1.6564e+000 +1.4354e+000 +1.8642e+000 +5.3124e-001
930 +4.148934790e+001 +4.148934790e+001 -9.585106521e+002 -9.585106521e+002 +4.6187e-001 -1.6590e+000 +1.4980e+000 +4.2815e+000 -1.4014e-001
932 +3.491694819e+001 +3.491694819e+001 -9.650830518e+002 -9.650830518e+002 +2.7144e-001 -1.6720e+000 +1.5046e+000 +2.5188e+000 +1.8078e-001
959 +3.435975212e+001 +3.435975212e+001 -9.656402479e+002 -9.656402479e+002 +4.7625e-001 -1.6030e+000 +1.5032e+000 +3.8413e+000 +2.1186e-001
1025 +2.521010836e+001 +2.521010836e+001 -9.747898916e+002 -9.747898916e+002 +1.0569e+000 -1.6639e+000 +1.4778e+000 +4.3575e+000 +1.2145e-001
1159 +2.199316592e+001 +2.199316592e+001 -9.780068341e+002 -9.780068341e+002 +1.2454e+000 -1.6093e+000 +1.4467e+000 +3.4158e+000 +1.1839e-001
1248 +1.813222397e+001 +1.813222397e+001 -9.818677760e+002 -9.818677760e+002 +1.1904e+000 -1.6743e+000 +1.4987e+000 +3.4722e+000 +7.5301e-001
1372 +1.759165684e+001 +1.759165684e+001 -9.824083432e+002 -9.824083432e+002 +1.1973e+000 -1.6661e+000 +1.4845e+000 +2.5939e+000 +8.2769e-001
1409 +1.490479538e+001 +1.490479538e+001 -9.850952046e+002 -9.850952046e+002 +1.1796e+000 -1.5926e+000 +1.4818e+000 +3.0214e+000 +5.2787e-001
