% function evaluation | noise-free fitness - Fopt (2.997000000000e+01) | best noise-free fitness - Fopt | measured fitness | best measured fitness | x1 | x2...
1 +1.048116465e+03 +1.048116465e+03 +1.078086465e+03 +1.078086465e+03 +0.0000e+00 +0.0000e+00 +0.0000e+00 +0.0000e+00 +0.0000e+00
239 +9.704318083e+02 +9.704318083e+02 +1.000401808e+03 +1.000401808e+03 +2.6030e+00 -3.6462e+00 -5.0027e+00 +2.2947e+00 +2.0673e+00
302 +9.200191137e+02 +9.200191137e+02 +9.499891137e+02 +9.499891137e+02 +2.0604e+00 -3.5273e+00 -4.2009e+00 +2.0695e+00 +5.6159e+00
350 +9.025155186e+02 +9.025155186e+02 +9.324855186e+02 +9.324855186e+02 +2.7746e+00 -3.4471e+00 -4.2403e+00 +2.1260e+00 +3.7156e+00
352 +8.633028811e+02 +8.633028811e+02 +8.932728811e+02 +8.932728811e+02 +2.0961e+00 -3.5654e+00 -4.4766e+00 +1.9542e+00 +3.5294e+00
372 +8.421264742e+02 +8.421264742e+02 +8.720964742e+02 +8.720964742e+02 +2.4493e+00 -3.6894e+00 -5.6527e+00 +2.0470e+00 +4.1751e+00
379 +6.330181247e+02 +6.330181247e+02 +6.629881247e+02 +6.629881247e+02 +3.0996e+00 -3.6640e+00 -4.4464e+00 +7.6252e-01 +2.5547e+00
419 +3.063167677e+02 +3.063167677e+02 +3.362867677e+02 +3.362867677e+02 +1.9847e+00 -3.3176e+00 -4.4758e+00 -9.3398e-01 +4.8208e+00
459 +3.019414505e+02 +3.019414505e+02 +3.319114505e+02 +3.319114505e+02 +2.0846e+00 -3.8311e+00 -4.8454e+00 -1.1069e+00 +4.8417e+00
% function evaluation | noise-free fitness - Fopt (-5.171000000000e+01) | best noise-free fitness - Fopt | measured fitness | best measured fitness | x1 | x2...
1 +1.267442521e+03 +1.267442521e+03 +1.215732521e+03 +1.215732521e+03 +0.0000e+00 +0.0000e+00 +0.0000e+00 +0.0000e+00 +0.0000e+00
% function evaluation | noise-free fitness - Fopt (-2.799500000000e+02) | best noise-free fitness - Fopt | measured fitness | best measured fitness | x1 | x2...
1 +1.914452900e+03 +1.914452900e+03 +1.634502900e+03 +1.634502900e+03 +0.0000e+00 +0.0000e+00 +0.0000e+00 +0.0000e+00 +0.0000e+00
206 +1.175323074e+03 +1.175323074e+03 +8.953730736e+02 +8.953730736e+02 +1.6308e-01 -4.6638e+00 +3.1478e+00 -9.3258e-01 +1.3375e+00
255 +8.786226662e+02 +8.786226662e+02 +5.986726662e+02 +5.986726662e+02 -2.2934e+00 -3.4892e+00 +1.4041e+00 -1.9217e+00 +2.5050e-01
281 +6.183828430e+02 +6.183828430e+02 +3.384328430e+02 +3.384328430e+02 -4.0126e+00 -5.7818e+00 +1.8920e+00 -5.4063e-01 +7.0659e-01
285 +5.111891943e+02 +5.111891943e+02 +2.312391943e+02 +2.312391943e+02 -2.1644e+00 -6.4346e+00 +3.2103e+00 +6.8016e-01 +1.2300e-01
317 +4.521123882e+02 +4.521123882e+02 +1.721623882e+02 +1.721623882e+02 -2.5491e+00 -5.9204e+00 +2.5672e+00 -2.7046e-01 -3.1140e-01
326 +2.938415946e+02 +2.938415946e+02 +1.389159456e+01 +1.389159456e+01 -3.6819e+00 -4.4090e+00 +2.7655e+00 -2.2364e-01 -7.2876e-01
369 +2.714465838e+02 +2.714465838e+02 -8.503416235e+00 -8.503416235e+00 -4.0851e+00 -4.0769e+00 +2.6561e+00 +3.5711e-01 -1.9133e+00
403 +2.163800033e+02 +2.163800033e+02 -6.356999675e+01 -6.356999675e+01 -1.1519e+00 -6.2532e+00 +1.3606e+00 +1.0722e+00 -3.2823e+00
404 +1.390606270e+02 +1.390606270e+02 -1.408893730e+02 -1.408893730e+02 -2.6267e+00 -5.5453e+00 +1.5298e+00 +3.9760e-01 -2.2248e+00
485 +1.314670732e+02 +1.314670732e+02 -1.484829268e+02 -1.484829268e+02 -2.9617e+00 -4.5944e+00 +2.7820e+00 +7.8977e-02 -2.1351e+00
% function evaluation | noise-free fitness - Fopt (9.319900000000e+02) | best noise-free fitness - Fopt | measured fitness | best measured fitness | x1 | x2...
1 +7.845967669e+02 +7.845967669e+02 +1.716586767e+03 +1.716586767e+03 +0.0000e+00 +0.0000e+00 +0.0000e+00 +0.0000e+00 +0.0000e+00
250 +7.024995131e+02 +7.024995131e+02 +1.634489513e+03 +1.634489513e+03 +1.4876e+00 -3.1961e+00 +2.0856e+00 -3.6035e+00 +4.5875e+00
256 +6.909775813e+02 +6.909775813e+02 +1.622967581e+03 +1.622967581e+03 +1.8012e+00 -3.1971e+00 +2.2838e+00 -2.3271e+00 +3.4549e+00
289 +6.344720601e+02 +6.344720601e+02 +1.566462060e+03 +1.566462060e+03 +1.5304e+00 -3.1967e+00 +2.3538e+00 -1.9256e+00 +3.7214e+00
296 +5.621987822e+02 +5.621987822e+02 +1.494188782e+03 +1.494188782e+03 +1.6264e+00 -3.1971e+00 -9.0397e-02 -3.6788e+00 +4.3412e+00
311 +5.361807342e+02 +5.361807342e+02 +1.468170734e+03 +1.468170734e+03 +1.6214e+00 -3.1967e+00 +3.2202e-01 -2.9363e+00 +4.3977e+00
331 +5.000534747e+02 +5.000534747e+02 +1.432043475e+03 +1.432043475e+03 +1.3530e+00 -3.1970e+00 +2.6358e-02 -3.4043e+00 +4.8322e+00
406 +4.862006344e+02 +4.862006344e+02 +1.418190634e+03 +1.418190634e+03 +1.1364e+00 -3.1967e+00 +4.5985e-02 -3.4291e+00 +4.7293e+00
439 +4.717272840e+02 +4.717272840e+02 +1.403717284e+03 +1.403717284e+03 +9.8360e-01 -3.1970e+00 -1.8448e-01 -3.5499e+00 +4.6101e+00
450 +4.600026654e+02 +4.600026654e+02 +1.391992665e+03 +1.391992665e+03 +8.7026e-01 -3.1972e+00 -6.9415e-01 -3.5319e+00 +4.6674e+00
465 +4.542602726e+02 +4.542602726e+02 +1.386250273e+03 +1.386250273e+03 +7.2492e-01 -3.1970e+00 -3.3751e-01 -3.5218e+00 +4.8777e+00
471 +4.448339226e+02 +4.448339226e+02 +1.376823923e+03 +1.376823923e+03 +4.5660e-01 -3.1970e+00 -2.3679e-01 -3.3873e+00 +4.7130e+00
472 +4.357832288e+02 +4.357832288e+02 +1.367773229e+03 +1.367773229e+03 +4.2341e-01 -3.1969e+00 -4.9787e-01 -3.5494e+00 +4.7598e+00
% function evaluation | noise-free fitness - Fopt (1.133100000000e+02) | best noise-free fitness - Fopt | measured fitness | best measured fitness | x1 | x2...
1 +5.494990338e+02 +5.494990338e+02 +6.628090338e+02 +6.628090338e+02 +0.0000e+00 +0.0000e+00 +0.0000e+00 +0.0000e+00 +0.0000e+00
494 +4.703252897e+02 +4.703252897e+02 +5.836352897e+02 +5.836352897e+02 +1.2819e+00 +5.7914e+00 +1.8780e+00 +4.9158e-01 -1.3389e+00
% function evaluation | noise-free fitness - Fopt (-2.095500000000e+02) | best noise-free fitness - Fopt | measured fitness | best measured fitness | x1 | x2...
1 +1.241311698e+03 +1.241311698e+03 +1.031761698e+03 +1.031761698e+03 +0.0000e+00 +0.0000e+00 +0.0000e+00 +0.0000e+00 +0.0000e+00
2 +1.021266033e+03 +1.021266033e+03 +8.117160333e+02 +8.117160333e+02 -4.8445e+00 +1.0149e+00 -1.6112e+00 -2.0526e-01 +4.4260e+00
94 +9.927473243e+02 +9.927473243e+02 +7.831973243e+02 +7.831973243e+02 -4.8445e+00 +1.0353e+00 -1.6116e+00 -1.0854e-01 +4.2658e+00
114 +9.296992083e+02 +9.296992083e+02 +7.201492083e+02 +7.201492083e+02 -4.8446e+00 +1.0800e+00 -1.6021e+00 -2.9607e-01 +3.8862e+00
154 +8.811401979e+02 +8.811401979e+02 +6.715901979e+02 +6.715901979e+02 -4.8532e+00 +1.2486e+00 -1.6096e+00 -2.0910e-01 +3.6748e+00
167 +8.526801084e+02 +8.526801084e+02 +6.431301084e+02 +6.431301084e+02 -4.8373e+00 +1.0926e+00 -1.6087e+00 -2.2317e-02 +3.4165e+00
185 +7.987925285e+02 +7.987925285e+02 +5.892425285e+02 +5.892425285e+02 -4.8588e+00 +1.1714e+00 -1.6107e+00 -6.5143e-01 +3.0958e+00
209 +7.289883243e+02 +7.289883243e+02 +5.194383243e+02 +5.194383243e+02 -4.8365e+00 +1.2103e+00 -1.6072e+00 +1.9057e-01 +2.6705e+00
210 +6.899043868e+02 +6.899043868e+02 +4.803543868e+02 +4.803543868e+02 -4.8421e+00 +1.2453e+00 -1.6043e+00 -2.6606e-01 +2.4326e+00
225 +6.658254097e+02 +6.658254097e+02 +4.562754097e+02 +4.562754097e+02 -4.8360e+00 +1.2172e+00 -1.5749e+00 -7.4234e-01 +2.2314e+00
228 +5.950253317e+02 +5.950253317e+02 +3.854753317e+02 +3.854753317e+02 -4.8865e+00 +1.1574e+00 -1.5882e+00 +2.7614e-01 +1.7021e+00
234 +3.679568511e+02 +3.679568511e+02 +1.584068511e+02 +1.584068511e+02 -4.8508e+00 +1.4069e+00 -1.6110e+00 -2.1424e-01 -3.9815e-01
312 +3.435181240e+02 +3.435181240e+02 +1.339681240e+02 +1.339681240e+02 -4.7927e+00 +1.2605e+00 -2.0459e+00 -3.1017e-01 -1.4898e+00
343 +3.160261493e+02 +3.160261493e+02 +1.064761493e+02 +1.064761493e+02 -4.8403e+00 +1.8988e+00 -1.5804e+00 -1.0935e+00 -1.0776e+00
398 +3.089467181e+02 +3.089467181e+02 +9.939671805e+01 +9.939671805e+01 -4.7009e+00 +1.6441e+00 -2.0787e+00 -4.6952e-01 -2.4348e-01
402 +2.915497098e+02 +2.915497098e+02 +8.199970977e+01 +8.199970977e+01 -4.7938e+00 +1.9556e+00 -1.8919e+00 -6.4268e-01 -5.0683e-01
408 +2.698178416e+02 +2.698178416e+02 +6.026784160e+01 +6.026784160e+01 -4.5628e+00 +2.0629e+00 -1.5931e+00 -1.4002e+00 -1.0750e+00
427 +2.357697320e+02 +2.357697320e+02 +2.621973201e+01 +2.621973201e+01 -4.0873e+00 +3.0159e+00 -1.7661e+00 -1.0684e+00 -7.6159e-01
440 +2.234345580e+02 +2.234345580e+02 +1.388455803e+01 +1.388455803e+01 -4.6042e+00 +2.1930e+00 -2.0012e+00 -1.8288e+00 -8.9839e-01
454 +1.072674893e+02 +1.072674893e+02 -1.022825107e+02 -1.022825107e+02 -3.2758e+00 +2.8957e+00 -1.8394e+00 -2.6390e+00 -1.5348e+00
% function evaluation | noise-free fitness - Fopt (2.850000000000e+00) | best noise-free fitness - Fopt | measured fitness | best measured fitness | x1 | x2...
1 +6.537960825e+02 +6.537960825e+02 +6.566460825e+02 +6.566460825e+02 +0.0000e+00 +0.0000e+00 +0.0000e+00 +0.0000e+00 +0.0000e+00
343 +6.200184668e+02 +6.200184668e+02 +6.228684668e+02 +6.228684668e+02 +3.8862e-01 -2.6823e+00 -2.3057e-01 +1.2691e+00 -2.2377e+00
352 +4.842102182e+02 +4.842102182e+02 +4.870602182e+02 +4.870602182e+02 +3.0944e-01 -2.7798e+00 -1.3357e+00 +3.2857e+00 -3.2163e+00
386 +4.671383370e+02 +4.671383370e+02 +4.699883370e+02 +4.699883370e+02 +7.8945e-01 -2.7731e+00 -1.5676e+00 +3.1845e+00 -3.3362e+00
399 +4.468186826e+02 +4.468186826e+02 +4.496686826e+02 +4.496686826e+02 +1.1349e+00 -2.7867e+00 -1.5178e+00 +2.2687e+00 -4.4219e+00
414 +3.997557416e+02 +3.997557416e+02 +4.026057416e+02 +4.026057416e+02 +1.3313e+00 -2.7798e+00 -1.8636e+00 +1.0251e+00 -2.9701e+00
420 +3.633281831e+02 +3.633281831e+02 +3.661781831e+02 +3.661781831e+02 +1.0926e+00 -2.8022e+00 -1.8599e+00 +2.0425e+00 -3.9851e+00
434 +3.545816714e+02 +3.545816714e+02 +3.574316714e+02 +3.574316714e+02 +9.8442e-01 -2.7912e+00 -1.9838e+00 +9.7572e-01 -3.4369e+00
464 +3.323579536e+02 +3.323579536e+02 +3.352079536e+02 +3.352079536e+02 +1.0563e+00 -2.7971e+00 -2.1026e+00 +1.3967e+00 -4.3483e+00
478 +3.121868429e+02 +3.121868429e+02 +3.150368429e+02 +3.150368429e+02 +1.2398e+00 -2.8279e+00 -2.2782e+00 +1.3394e+00 -3.6910e+00
480 +3.047510955e+02 +3.047510955e+02 +3.076010955e+02 +3.076010955e+02 +6.7663e-01 -2.8881e+00 -2.9599e+00 +2.5097e+00 -4.6887e+00
484 +2.717072486e+02 +2.717072486e+02 +2.745572486e+02 +2.745572486e+02 +1.0950e+00 -2.8002e+00 -2.4827e+00 +1.3503e+00 -4.0078e+00
492 +2.688194045e+02 +2.688194045e+02 +2.716694045e+02 +2.716694045e+02 +1.0274e+00 -2.8037e+00 -2.7631e+00 +1.0177e+00 -4.0894e+00
% function evaluation | noise-free fitness - Fopt (1.975200000000e+02) | best noise-free fitness - Fopt | measured fitness | best measured fitness | x1 | x2...
1 +7.891599010e+02 +7.891599010e+02 +9.866799010e+02 +9.866799010e+02 +0.0000e+00 +0.0000e+00 +0.0000e+00 +0.0000e+00 +0.0000e+00
357 +6.790390906e+02 +6.790390906e+02 +8.765590906e+02 +8.765590906e+02 +1.3491e+00 +1.5200e+00 -2.9147e-01 +3.3418e+00 -2.8797e+00
436 +6.744589025e+02 +6.744589025e+02 +8.719789025e+02 +8.719789025e+02 -2.8587e-01 +2.0865e+00 +2.0868e-01 +3.2054e+00 -2.2440e+00
438 +3.631272180e+02 +3.631272180e+02 +5.606472180e+02 +5.606472180e+02 +9.7525e-01 +1.3116e+00 -2.9404e+00 +2.0703e+00 -2.9380e+00
% function evaluation | noise-free fitness - Fopt (-1.052700000000e+02) | best noise-free fitness - Fopt | measured fitness | best measured fitness | x1 | x2...
1 +1.039461458e+03 +1.039461458e+03 +9.341914580e+02 +9.341914580e+02 +0.0000e+00 +0.0000e+00 +0.0000e+00 +0.0000e+00 +0.0000e+00
255 +7.663974446e+02 +7.663974446e+02 +6.611274446e+02 +6.611274446e+02 +6.8876e-02 +2.3146e+00 -4.0744e+00 -5.2242e+00 -8.2776e-01
294 +7.097394807e+02 +7.097394807e+02 +6.044694807e+02 +6.044694807e+02 +3.8999e-01 +2.4526e+00 -5.8937e+00 -3.6127e+00 -8.7070e-01
303 +6.611428160e+02 +6.611428160e+02 +5.558728160e+02 +5.558728160e+02 +1.5787e+00 +2.7675e+00 -4.7239e+00 -6.7786e+00 -4.9171e-02
314 +6.041292438e+02 +6.041292438e+02 +4.988592438e+02 +4.988592438e+02 +1.0854e+00 +6.7320e-01 -4.8904e+00 -5.7171e+00 -1.8170e+00
331 +5.947002705e+02 +5.947002705e+02 +4.894302705e+02 +4.894302705e+02 +2.2272e+00 +1.3519e+00 -1.8741e+00 -5.3120e+00 -3.2551e-01
340 +5.287843517e+02 +5.287843517e+02 +4.235143517e+02 +4.235143517e+02 +1.2714e+00 +6.4610e-01 -4.5741e+00 -6.0429e+00 -1.1871e+00
343 +4.745753694e+02 +4.745753694e+02 +3.693053694e+02 +3.693053694e+02 +2.2906e+00 +2.3056e+00 -5.2140e+00 -5.1438e+00 +3.7541e-01
350 +4.546878818e+02 +4.546878818e+02 +3.494178818e+02 +3.494178818e+02 +1.1580e+00 +1.1168e+00 -2.3511e+00 -5.5211e+00 -1.3500e-02
358 +4.135041205e+02 +4.135041205e+02 +3.082341205e+02 +3.082341205e+02 +1.5583e+00 +1.3121e+00 -3.8881e+00 -5.9871e+00 +5.3838e-01
360 +3.442570990e+02 +3.442570990e+02 +2.389870990e+02 +2.389870990e+02 +1.5700e+00 +3.3514e-01 -3.5585e+00 -5.5625e+00 -1.2955e-01
381 +2.766398656e+02 +2.766398656e+02 +1.713698656e+02 +1.713698656e+02 +1.5399e+00 +4.1728e-01 -2.9999e+00 -5.3780e+00 +4.1444e-01
404 +2.423552996e+02 +2.423552996e+02 +1.370852996e+02 +1.370852996e+02 +1.3074e+00 -1.1498e+00 -3.3469e+00 -4.3465e+00 -2.6146e-01
456 +1.694463459e+02 +1.694463459e+02 +6.417634586e+01 +6.417634586e+01 +1.2523e+00 -4.5682e-01 -3.5808e+00 -4.3963e+00 +2.6084e-01
% function evaluation | noise-free fitness - Fopt (2.833400000000e+02) | best noise-free fitness - Fopt | measured fitness | best measured fitness | x1 | x2...
1 +1.272870017e+03 +1.272870017e+03 +1.556210017e+03 +1.556210017e+03 +0.0000e+00 +0.0000e+00 +0.0000e+00 +0.0000e+00 +0.0000e+00
78 +1.248851035e+03 +1.248851035e+03 +1.532191035e+03 +1.532191035e+03 -2.7999e+00 -2.0568e-01 -4.7042e+00 -2.8264e+00 -2.6170e-01
92 +1.207065052e+03 +1.207065052e+03 +1.490405052e+03 +1.490405052e+03 -2.8275e+00 -2.5386e-01 -4.4708e+00 -2.8903e+00 -4.0872e-01
156 +1.193020646e+03 +1.193020646e+03 +1.476360646e+03 +1.476360646e+03 -3.0953e+00 +8.8032e-03 -4.6603e+00 -2.8675e+00 -4.5761e-01
159 +1.062255834e+03 +1.062255834e+03 +1.345595834e+03 +1.345595834e+03 -2.7137e+00 +2.2611e-02 -3.9091e+00 -2.8688e+00 -4.5125e-01
214 +9.818927600e+02 +9.818927600e+02 +1.265232760e+03 +1.265232760e+03 -2.8525e+00 +1.3159e+00 -4.4404e+00 -2.8691e+00 +6.4048e-02
228 +7.992349367e+02 +7.992349367e+02 +1.082574937e+03 +1.082574937e+03 -3.0049e+00 +1.0952e+00 -3.5015e+00 -2.3520e+00 -8.5485e-01
236 +6.513613235e+02 +6.513613235e+02 +9.347013235e+02 +9.347013235e+02 -2.3226e+00 +4.0120e+00 -3.9693e+00 -2.6638e+00 -5.3399e-01
263 +4.748323188e+02 +4.748323188e+02 +7.581723188e+02 +7.581723188e+02 -3.4730e+00 +1.2588e+00 -1.8188e+00 -2.8227e+00 -1.9137e+00
301 +3.629988196e+02 +3.629988196e+02 +6.463388196e+02 +6.463388196e+02 -2.8442e+00 +2.3919e+00 +1.1607e+00 -2.8847e+00 +8.5218e-02
311 +2.889428841e+02 +2.889428841e+02 +5.722828841e+02 +5.722828841e+02 -3.0159e+00 +2.5399e+00 -1.2883e-01 -3.1422e+00 -7.4163e-01
354 +2.302069526e+02 +2.302069526e+02 +5.135469526e+02 +5.135469526e+02 -3.1990e+00 -5.1584e-02 +1.7449e+00 -3.1478e+00 +4.2503e-02
421 +2.108697854e+02 +2.108697854e+02 +4.942097854e+02 +4.942097854e+02 -3.2807e+00 +1.9464e+00 +4.4696e-01 -2.9322e+00 +1.8765e-01
431 +1.984107845e+02 +1.984107845e+02 +4.817507845e+02 +4.817507845e+02 -3.1492e+00 +1.6900e+00 +2.5918e-01 -3.1082e+00 -1.7848e-01
432 +1.875187728e+02 +1.875187728e+02 +4.708587728e+02 +4.708587728e+02 -3.5514e+00 +7.5746e-01 +9.2622e-01 -2.7922e+00 -1.5844e-01
453 +1.852758464e+02 +1.852758464e+02 +4.686158464e+02 +4.686158464e+02 -3.3384e+00 +9.4757e-01 +2.0375e+00 -2.9714e+00 +3.0736e-01
455 +1.683054593e+02 +1.683054593e+02 +4.516454593e+02 +4.516454593e+02 -3.2448e+00 +1.0130e+00 +5.6335e-01 -3.2805e+00 -6.2050e-01
466 +1.623339352e+02 +1.623339352e+02 +4.456739352e+02 +4.456739352e+02 -3.4094e+00 +1.6556e+00 +1.3022e+00 -3.1140e+00 -5.1462e-02
495 +1.572294039e+02 +1.572294039e+02 +4.405694039e+02 +4.405694039e+02 -3.3201e+00 +1.4623e+00 +4.4560e-01 -3.0906e+00 -6.7875e-01
499 +1.492772840e+02 +1.492772840e+02 +4.326172840e+02 +4.326172840e+02 -3.4135e+00 +1.5489e+00 +6.4923e-01 -2.9967e+00 -1.3942e-01
% function evaluation | noise-free fitness - Fopt (-8.171000000000e+01) | best noise-free fitness - Fopt | measured fitness | best measured fitness | x1 | x2...
1 +1.317013740e+03 +1.317013740e+03 +1.235303740e+03 +1.235303740e+03 +0.0000e+00 +0.0000e+00 +0.0000e+00 +0.0000e+00 +0.0000e+00
2 +1.207558019e+03 +1.207558019e+03 +1.125848019e+03 +1.125848019e+03 -3.1873e+00 -1.3438e+00 -4.1320e+00 -2.0779e+00 -2.4246e-01
12 +1.199045312e+03 +1.199045312e+03 +1.117335312e+03 +1.117335312e+03 -3.2006e+00 -1.3402e+00 -4.0683e+00 -2.0702e+00 -2.4371e-01
78 +1.171459782e+03 +1.171459782e+03 +1.089749782e+03 +1.089749782e+03 -3.3593e+00 -1.3171e+00 -3.9831e+00 -2.0509e+00 -2.4220e-01
87 +1.111322166e+03 +1.111322166e+03 +1.029612166e+03 +1.029612166e+03 -3.4020e+00 -1.0562e+00 -3.7388e+00 -2.0164e+00 -2.8087e-01
110 +1.060151138e+03 +1.060151138e+03 +9.784411383e+02 +9.784411383e+02 -3.9454e+00 -1.3517e+00 -3.2135e+00 -2.1072e+00 -2.4585e-01
130 +9.761516115e+02 +9.761516115e+02 +8.944416115e+02 +8.944416115e+02 -5.4923e+00 -1.0604e+00 -2.5575e+00 -2.3057e+00 -2.5660e-01
155 +9.343768030e+02 +9.343768030e+02 +8.526668030e+02 +8.526668030e+02 -5.5602e+00 +1.3112e-01 -3.0363e+00 -2.0125e+00 -2.4728e-01
164 +8.986645112e+02 +8.986645112e+02 +8.169545112e+02 +8.169545112e+02 -4.3118e+00 +2.0710e-01 -3.2450e+00 -1.9543e+00 -2.3294e-01
179 +8.066411463e+02 +8.066411463e+02 +7.249311463e+02 +7.249311463e+02 -4.0692e+00 -5.5238e-01 -9.9838e-01 -1.9770e+00 -1.9210e-01
187 +7.878911808e+02 +7.878911808e+02 +7.061811808e+02 +7.061811808e+02 -3.9002e+00 -4.4588e-01 -5.6082e-01 -2.0638e+00 -2.4393e-01
189 +7.297469254e+02 +7.297469254e+02 +6.480369254e+02 +6.480369254e+02 -3.6118e+00 +1.8541e+00 -2.4890e+00 -1.9847e+00 -2.4978e-01
194 +7.207940315e+02 +7.207940315e+02 +6.390840315e+02 +6.390840315e+02 -4.0512e+00 +1.0755e+00 -2.0310e+00 -2.1812e+00 -2.2485e-01
207 +6.434877253e+02 +6.434877253e+02 +5.617777253e+02 +5.617777253e+02 -4.0308e+00 +1.2763e+00 +2.6483e+00 -2.0679e+00 -3.1633e-01
217 +6.023298943e+02 +6.023298943e+02 +5.206198943e+02 +5.206198943e+02 -4.2629e+00 +1.0806e+00 +1.4728e+00 -2.0934e+00 -2.4077e-01
219 +4.653616234e+02 +4.653616234e+02 +3.836516234e+02 +3.836516234e+02 -3.5195e+00 +2.1045e+00 +6.7117e-02 -2.0041e+00 -1.6803e-01
240 +4.232648407e+02 +4.232648407e+02 +3.415548407e+02 +3.415548407e+02 -3.5382e+00 +2.4329e+00 +3.6232e-01 -2.1578e+00 -2.4391e-01
241 +3.735428980e+02 +3.735428980e+02 +2.918328980e+02 +2.918328980e+02 -3.7242e+00 +3.4491e+00 +1.4756e+00 -2.0929e+00 -2.5437e-01
289 +2.992828513e+02 +2.992828513e+02 +2.175728513e+02 +2.175728513e+02 -3.1435e+00 +3.7572e+00 +1.0251e+00 -2.0991e+00 -2.5152e-01
339 +2.782791781e+02 +2.782791781e+02 +1.965691781e+02 +1.965691781e+02 -2.1860e+00 +4.4006e+00 +8.6966e-01 -2.4467e+00 -2.8874e-01
346 +2.419103838e+02 +2.419103838e+02 +1.602003838e+02 +1.602003838e+02 -2.5159e+00 +4.6672e+00 +1.7776e+00 -2.1541e+00 -1.7083e-01
352 +2.291967542e+02 +2.291967542e+02 +1.474867542e+02 +1.474867542e+02 -2.5876e+00 +4.3230e+00 +1.7566e+00 -2.3178e+00 -3.2349e-01
405 +2.211584410e+02 +2.211584410e+02 +1.394484410e+02 +1.394484410e+02 -2.6727e+00 +4.4275e+00 +2.3943e+00 -2.5061e+00 -6.4254e-01
427 +1.942324972e+02 +1.942324972e+02 +1.125224972e+02 +1.125224972e+02 -2.5426e+00 +4.6661e+00 +1.8408e+00 -2.2864e+00 -6.4808e-01
438 +1.615815875e+02 +1.615815875e+02 +7.987158750e+01 +7.987158750e+01 -2.6972e+00 +4.0902e+00 +1.8024e+00 -2.6674e+00 -9.9621e-01
% function evaluation | noise-free fitness - Fopt (2.941500000000e+02) | best noise-free fitness - Fopt | measured fitness | best measured fitness | x1 | x2...
1 +9.328562667e+02 +9.328562667e+02 +1.227006267e+03 +1.227006267e+03 +0.0000e+00 +0.0000e+00 +0.0000e+00 +0.0000e+00 +0.0000e+00
155 +9.025088349e+02 +9.025088349e+02 +1.196658835e+03 +1.196658835e+03 +9.7726e-02 +3.2168e+00 +3.9062e+00 -4.2677e+00 +4.3431e+00
186 +8.828119489e+02 +8.828119489e+02 +1.176961949e+03 +1.176961949e+03 +5.8235e-02 +3.1956e+00 +3.2538e+00 -4.2657e+00 +4.3961e+00
194 +8.538600343e+02 +8.538600343e+02 +1.148010034e+03 +1.148010034e+03 +3.4540e-01 +3.0749e+00 +2.3563e+00 -4.1278e+00 +4.3889e+00
203 +7.976174179e+02 +7.976174179e+02 +1.091767418e+03 +1.091767418e+03 +1.3166e+00 +2.9543e+00 +9.1853e-01 -3.4905e+00 +4.5104e+00
274 +7.623242508e+02 +7.623242508e+02 +1.056474251e+03 +1.056474251e+03 -5.0177e-01 +3.0892e+00 +2.3625e+00 -3.0078e+00 +4.4820e+00
296 +6.655300011e+02 +6.655300011e+02 +9.596800011e+02 +9.596800011e+02 -7.1074e-01 +2.5772e+00 +1.2999e+00 -2.2476e+00 +4.8610e+00
339 +6.477690126e+02 +6.477690126e+02 +9.419190126e+02 +9.419190126e+02 +2.5012e-01 +2.7010e+00 +2.3226e+00 -1.7191e+00 +4.6413e+00
345 +6.388409723e+02 +6.388409723e+02 +9.329909723e+02 +9.329909723e+02 -1.7830e-01 +2.4560e+00 +2.0805e+00 -2.5488e+00 +4.2396e+00
353 +5.796611090e+02 +5.796611090e+02 +8.738111090e+02 +8.738111090e+02 -6.2755e-01 +8.1719e-01 +2.6159e+00 -2.4432e+00 +4.6098e+00
379 +5.371368087e+02 +5.371368087e+02 +8.312868087e+02 +8.312868087e+02 +6.3687e-01 +1.6025e+00 +3.1800e+00 -2.4432e+00 +4.1833e+00
388 +5.329065096e+02 +5.329065096e+02 +8.270565096e+02 +8.270565096e+02 -1.8055e-01 +1.8380e+00 +2.1637e+00 -1.8014e+00 +4.7150e+00
402 +5.215827387e+02 +5.215827387e+02 +8.157327387e+02 +8.157327387e+02 +1.0033e+00 +1.2406e+00 +2.7687e+00 -2.3653e+00 +4.6485e+00
413 +4.735182231e+02 +4.735182231e+02 +7.676682231e+02 +7.676682231e+02 +9.8635e-01 +1.5504e+00 +2.5836e+00 -1.6433e+00 +4.6866e+00
427 +4.673651428e+02 +4.673651428e+02 +7.615151428e+02 +7.615151428e+02 +1.3376e-01 +1.2763e+00 +2.9298e+00 -1.9563e+00 +4.4262e+00
456 +4.376448570e+02 +4.376448570e+02 +7.317948570e+02 +7.317948570e+02 +1.8018e-01 +1.3890e+00 +2.6968e+00 -1.4995e+00 +4.2870e+00
460 +4.224140621e+02 +4.224140621e+02 +7.165640621e+02 +7.165640621e+02 +6.0274e-01 +6.9892e-01 +2.6050e+00 -1.7105e+00 +4.5845e+00
472 +3.182358274e+02 +3.182358274e+02 +6.123858274e+02 +6.123858274e+02 +1.0116e+00 +9.4952e-01 +2.4986e+00 -4.2179e-01 +4.2600e+00
% function evaluation | noise-free fitness - Fopt (-2.703600000000e+02) | best noise-free fitness - Fopt | measured fitness | best measured fitness | x1 | x2...
1 +7.957094694e+02 +7.957094694e+02 +5.253494694e+02 +5.253494694e+02 +0.0000e+00 +0.0000e+00 +0.0000e+00 +0.0000e+00 +0.0000e+00
305 +7.313335941e+02 +7.313335941e+02 +4.609735941e+02 +4.609735941e+02 -4.2443e+00 +1.2199e+00 -1.0912e+00 +9.4578e-01 -3.3910e+00
335 +6.473954185e+02 +6.473954185e+02 +3.770354185e+02 +3.770354185e+02 -4.1535e+00 +1.4205e+00 -1.6672e+00 +8.6868e-01 -3.5664e+00
353 +5.541739890e+02 +5.541739890e+02 +2.838139890e+02 +2.838139890e+02 -4.8038e+00 +1.2089e+00 -2.2916e+00 +4.5704e-01 -3.4323e+00
363 +5.430366522e+02 +5.430366522e+02 +2.726766522e+02 +2.726766522e+02 -3.8872e+00 +1.8581e+00 -2.8929e+00 +2.5529e+00 -3.4050e+00
382 +5.347162830e+02 +5.347162830e+02 +2.643562830e+02 +2.643562830e+02 -3.9741e+00 +1.5927e+00 -2.2650e+00 +1.3467e+00 -3.4479e+00
399 +4.899837513e+02 +4.899837513e+02 +2.196237513e+02 +2.196237513e+02 -4.6260e+00 +1.5786e+00 -3.8577e+00 -3.4249e-01 -3.3519e+00
403 +4.541636183e+02 +4.541636183e+02 +1.838036183e+02 +1.838036183e+02 -3.6902e+00 +1.2288e+00 -2.8776e+00 +8.8738e-01 -3.4500e+00
407 +3.901732848e+02 +3.901732848e+02 +1.198132848e+02 +1.198132848e+02 -7.0589e+00 +9.0402e-01 -4.7810e+00 +2.3335e+00 -3.5098e+00
418 +3.766341839e+02 +3.766341839e+02 +1.062741839e+02 +1.062741839e+02 -6.0320e+00 +1.6859e+00 -3.0057e+00 +1.8827e+00 -3.4118e+00
478 +3.067598190e+02 +3.067598190e+02 +3.639981903e+01 +3.639981903e+01 -5.7922e+00 +4.2011e-01 -4.3703e+00 +2.4509e+00 -3.2650e+00
% function evaluation | noise-free fitness - Fopt (-6.645000000000e+01) | best noise-free fitness - Fopt | measured fitness | best measured fitness | x1 | x2...
1 +1.560604204e+03 +1.560604204e+03 +1.494154204e+03 +1.494154204e+03 +0.0000e+00 +0.0000e+00 +0.0000e+00 +0.0000e+00 +0.0000e+00
2 +1.507543582e+03 +1.507543582e+03 +1.441093582e+03 +1.441093582e+03 +7.7980e-01 +4.1975e+00 +2.2700e+00 +2.8558e+00 -1.3261e-01
108 +1.478662571e+03 +1.478662571e+03 +1.412212571e+03 +1.412212571e+03 +7.7797e-01 +4.2117e+00 +2.2930e+00 +2.7199e+00 -3.0489e-02
154 +1.410357680e+03 +1.410357680e+03 +1.343907680e+03 +1.343907680e+03 +7.8157e-01 +4.2090e+00 +2.2816e+00 +2.4096e+00 -1.7743e-01
177 +1.343709320e+03 +1.343709320e+03 +1.277259320e+03 +1.277259320e+03 +7.8592e-01 +4.2139e+00 +2.2902e+00 +2.1028e+00 -2.3513e-01
178 +6.073824239e+02 +6.073824239e+02 +5.409324239e+02 +5.409324239e+02 +8.1328e-01 +4.3172e+00 +2.2478e+00 -1.4831e+00 -1.2329e+00
212 +4.390833981e+02 +4.390833981e+02 +3.726333981e+02 +3.726333981e+02 +7.9148e-01 +4.4789e+00 +2.3279e+00 -2.6391e+00 -4.5001e-01
223 +4.065591236e+02 +4.065591236e+02 +3.401091236e+02 +3.401091236e+02 +7.8751e-01 +4.2965e+00 +2.3990e+00 -3.4597e+00 -3.3212e-01
330 +3.788891435e+02 +3.788891435e+02 +3.124391435e+02 +3.124391435e+02 +7.7430e-01 +4.4602e+00 +2.0948e+00 -3.8543e+00 -5.1680e-01
391 +3.593216766e+02 +3.593216766e+02 +2.928716766e+02 +2.928716766e+02 +7.9602e-01 +3.7270e+00 +1.6459e+00 -3.8520e+00 -1.3235e+00
403 +3.328015390e+02 +3.328015390e+02 +2.663515390e+02 +2.663515390e+02 +9.1054e-01 +4.4942e+00 +1.9365e+00 -3.3911e+00 -5.1783e-01
434 +3.137017455e+02 +3.137017455e+02 +2.472517455e+02 +2.472517455e+02 +9.6593e-01 +4.7470e+00 +1.9620e+00 -3.4933e+00 -1.0531e+00
440 +3.054994285e+02 +3.054994285e+02 +2.390494285e+02 +2.390494285e+02 +9.1003e-01 +4.9304e+00 +1.7601e+00 -3.1081e+00 -9.7729e-01
450 +2.216516985e+02 +2.216516985e+02 +1.552016985e+02 +1.552016985e+02 +1.4803e+00 +4.3134e+00 +1.6367e+00 -3.7463e+00 +9.8955e-02
481 +2.179994956e+02 +2.179994956e+02 +1.515494956e+02 +1.515494956e+02 +1.2259e+00 +4.8645e+00 +1.4222e+00 -3.2407e+00 -1.1546e+00
491 +1.897803936e+02 +1.897803936e+02 +1.233303936e+02 +1.233303936e+02 +1.4213e+00 +5.0454e+00 +1.3288e+00 -3.1416e+00 -1.2363e+00
% function evaluation | noise-free fitness - Fopt (2.509000000000e+01) | best noise-free fitness - Fopt | measured fitness | best measured fitness | x1 | x2...
1 +5.979150885e+02 +5.979150885e+02 +6.230050885e+02 +6.230050885e+02 +0.0000e+00 +0.0000e+00 +0.0000e+00 +0.0000e+00 +0.0000e+00
129 +3.034204139e+02 +3.034204139e+02 +3.285104139e+02 +3.285104139e+02 +1.9715e+00 -1.2518e+00 -7.4455e-02 +1.6472e-01 -2.3958e+00
174 +2.623202112e+02 +2.623202112e+02 +2.874102112e+02 +2.874102112e+02 +3.5750e+00 -1.0244e+00 -8.1224e-02 +9.2731e-02 -2.0525e+00
182 +2.372105055e+02 +2.372105055e+02 +2.623005055e+02 +2.623005055e+02 +2.5972e+00 -1.1030e+00 -8.7756e-02 +1.3410e-02 -2.0879e+00
189 +2.255692806e+02 +2.255692806e+02 +2.506592806e+02 +2.506592806e+02 +2.0773e+00 +2.2550e-01 +1.0493e-01 +8.7820e-02 -2.9367e+00
197 +1.484221314e+02 +1.484221314e+02 +1.735121314e+02 +1.735121314e+02 +2.8283e+00 +3.5008e-01 -6.3795e-02 +1.2445e-01 -2.8224e+00
213 +1.195481031e+02 +1.195481031e+02 +1.446381031e+02 +1.446381031e+02 +3.4953e+00 +1.9626e-01 -1.8049e-01 +6.9087e-01 -2.3322e+00
328 +1.084727683e+02 +1.084727683e+02 +1.335627683e+02 +1.335627683e+02 +3.2052e+00 -1.0239e-01 -2.7847e-02 +9.0552e-01 -2.7103e+00
410 +9.038116762e+01 +9.038116762e+01 +1.154711676e+02 +1.154711676e+02 +2.9568e+00 +2.4750e-01 +7.0447e-02 +4.0286e-01 -2.3297e+00
423 +8.470001924e+01 +8.470001924e+01 +1.097900192e+02 +1.097900192e+02 +2.8541e+00 +1.0902e-01 +7.8734e-02 +6.9414e-01 -2.3435e+00
464 +7.517723424e+01 +7.517723424e+01 +1.002672342e+02 +1.002672342e+02 +2.8927e+00 +2.4604e-01 +2.6883e-01 +1.2046e+00 -2.2966e+00
471 +7.373880743e+01 +7.373880743e+01 +9.882880743e+01 +9.882880743e+01 +2.9396e+00 +1.1253e-01 +1.5585e-01 +7.5329e-01 -2.3451e+00
477 +6.644784209e+01 +6.644784209e+01 +9.153784209e+01 +9.153784209e+01 +3.3810e+00 +8.1502e-03 +2.2658e-01 +1.5679e+00 -2.4294e+00
491 +5.721988116e+01 +5.721988116e+01 +8.230988116e+01 +8.230988116e+01 +3.1120e+00 +3.2875e-01 +1.7174e-01 +7.6476e-01 -2.3350e+00
