% function evaluation | noise-free fitness - Fopt (-9.210000000000e+00) | best noise-free fitness - Fopt | measured fitness | best measured fitness | x1 | x2...
1 +7.081138830e+01 +7.081138830e+01 +6.160138830e+01 +6.160138830e+01 +0.0000e+00 +0.0000e+00 +0.0000e+00
199 +7.050039172e+01 +7.050039172e+01 +6.129039172e+01 +6.129039172e+01 +5.3931e+00 +1.9522e+02 -2.0500e+00
206 +3.756458251e+01 +3.756458251e+01 +2.835458251e+01 +2.835458251e+01 +5.0675e+00 +2.1320e+02 +1.2435e+00
212 +3.287307967e+01 +3.287307967e+01 +2.366307967e+01 +2.366307967e+01 -2.7873e+01 +5.1353e+01 +2.9609e+01
224 +3.164689105e+01 +3.164689105e+01 +2.243689105e+01 +2.243689105e+01 +2.7502e+00 +7.1600e+01 +2.0603e+00
226 +5.065659433e+00 +5.065659433e+00 -4.144340567e+00 -4.144340567e+00 -6.5659e-02 +1.4809e+02 +9.8223e+00
257 +0.000000000e+00 +0.000000000e+00 -9.210000000e+00 -9.210000000e+00 +1.4962e+01 +1.1841e+02 +1.8361e+01
% function evaluation | noise-free fitness - Fopt (6.559900000000e+02) | best noise-free fitness - Fopt | measured fitness | best measured fitness | x1 | x2...
1 +7.081138830e+01 +7.081138830e+01 +7.268013883e+02 +7.268013883e+02 +0.0000e+00 +0.0000e+00 +0.0000e+00
82 +6.935130326e+01 +6.935130326e+01 +7.253413033e+02 +7.253413033e+02 +1.9357e+00 +1.6779e+00 -4.8304e-01
83 +5.653835172e+01 +5.653835172e+01 +7.125283517e+02 +7.125283517e+02 +1.8371e+00 +1.6790e+00 -1.7745e+00
92 +5.466889188e+01 +5.466889188e+01 +7.106588919e+02 +7.106588919e+02 +1.9366e+00 +1.6744e+00 -1.9501e+00
104 +2.402302154e+01 +2.402302154e+01 +6.800130215e+02 +6.800130215e+02 +2.0980e+00 +1.6790e+00 -7.9052e+00
128 +2.377042589e+01 +2.377042589e+01 +6.797604259e+02 +6.797604259e+02 +2.3282e+00 +1.6720e+00 -2.0571e+01
197 +2.326856781e+01 +2.326856781e+01 +6.792585678e+02 +6.792585678e+02 +2.6149e+00 +1.6039e+00 -7.8457e+02
220 +2.280896334e+01 +2.280896334e+01 +6.787989633e+02 +6.787989633e+02 +2.8093e+00 +1.5201e+00 -3.7562e+02
233 +2.235295825e+01 +2.235295825e+01 +6.783429582e+02 +6.783429582e+02 +2.9853e+00 +1.4315e+00 -6.0358e+02
236 +1.900181718e+01 +1.900181718e+01 +6.749918172e+02 +6.749918172e+02 +2.8565e+00 +3.3106e-01 -2.6626e+02
257 +1.838111064e+01 +1.838111064e+01 +6.743711106e+02 +6.743711106e+02 +3.7381e+00 +4.1357e-01 -5.5209e+02
266 +1.808796493e+01 +1.808796493e+01 +6.740779649e+02 +6.740779649e+02 +3.3805e+00 +2.0778e-01 -5.3578e+02
277 +1.767638566e+01 +1.767638566e+01 +6.736663857e+02 +6.736663857e+02 +5.0829e+00 +5.8976e-01 -5.3369e+02
278 +1.563168556e+01 +1.563168556e+01 +6.716216856e+02 +6.716216856e+02 +3.1676e+00 -6.3628e-01 -5.5924e+02
279 +1.533388502e+01 +1.533388502e+01 +6.713238850e+02 +6.713238850e+02 +8.3455e-01 -1.4682e+00 -5.3942e+02
280 +1.465946775e+01 +1.465946775e+01 +6.706494678e+02 +6.706494678e+02 +3.0616e+00 -9.7724e-01 -5.2350e+02
289 +1.022885733e+01 +1.022885733e+01 +6.662188573e+02 +6.662188573e+02 +4.9304e+00 -1.7874e+00 -2.8574e+02
292 +2.624803623e+00 +2.624803623e+00 +6.586148036e+02 +6.586148036e+02 +2.3752e+00 -5.3857e+00 -5.1421e+02
304 +1.677579316e+00 +1.677579316e+00 +6.576675793e+02 +6.576675793e+02 +3.3224e+00 -1.4370e+01 -6.0410e+02
312 +1.637881809e+00 +1.637881809e+00 +6.576278818e+02 +6.576278818e+02 +3.3621e+00 -5.1944e+00 -5.4609e+02
318 +1.519293473e+00 +1.519293473e+00 +6.575092935e+02 +6.575092935e+02 +3.4807e+00 -1.1943e+01 -4.6096e+02
319 +1.321192351e+00 +1.321192351e+00 +6.573111924e+02 +6.573111924e+02 +3.6788e+00 -1.8083e+01 -1.0151e+02
323 +1.049423525e+00 +1.049423525e+00 +6.570394235e+02 +6.570394235e+02 +3.9506e+00 -6.0509e+00 -5.7151e+02
327 +7.383216380e-01 +7.383216380e-01 +6.567283216e+02 +6.567283216e+02 +4.2617e+00 -2.2728e+01 -4.5916e+02
341 +0.000000000e+00 +0.000000000e+00 +6.559900000e+02 +6.559900000e+02 +5.7616e+00 -1.3169e+01 -5.5354e+02
% function evaluation | noise-free fitness - Fopt (6.671000000000e+01) | best noise-free fitness - Fopt | measured fitness | best measured fitness | x1 | x2...
1 +7.081138830e+01 +7.081138830e+01 +1.375213883e+02 +1.375213883e+02 +0.0000e+00 +0.0000e+00 +0.0000e+00
95 +6.753237644e+01 +6.753237644e+01 +1.342423764e+02 +1.342423764e+02 +1.3411e-01 -4.3889e+00 +1.0466e+00
103 +1.868272624e+01 +1.868272624e+01 +8.539272624e+01 +8.539272624e+01 +1.0828e-01 -1.1905e+00 -4.8472e+00
107 +1.472184242e+01 +1.472184242e+01 +8.143184242e+01 +8.143184242e+01 -2.4266e-02 -9.9307e+00 -4.0254e+00
108 +4.819171533e+00 +4.819171533e+00 +7.152917153e+01 +7.152917153e+01 -1.8083e-01 -2.0180e+01 -1.0790e+01
117 +4.688244181e+00 +4.688244181e+00 +7.139824418e+01 +7.139824418e+01 -3.1176e-01 -6.3193e+00 -6.2020e+00
139 +4.528914897e+00 +4.528914897e+00 +7.123891490e+01 +7.123891490e+01 -4.7109e-01 -2.6555e+01 -1.1796e+01
156 +4.303942241e+00 +4.303942241e+00 +7.101394224e+01 +7.101394224e+01 -6.9606e-01 -5.1891e+01 -9.0991e+00
159 +3.876908556e+00 +3.876908556e+00 +7.058690856e+01 +7.058690856e+01 -1.1231e+00 -6.2657e+01 -1.8410e+01
161 +3.434451905e+00 +3.434451905e+00 +7.014445190e+01 +7.014445190e+01 -1.5655e+00 -1.4330e+01 -1.1344e+01
174 +2.959931647e+00 +2.959931647e+00 +6.966993165e+01 +6.966993165e+01 -2.0401e+00 -1.0852e+02 -7.9447e+00
184 +2.579586017e+00 +2.579586017e+00 +6.928958602e+01 +6.928958602e+01 -2.4204e+00 -3.8559e+02 -7.4163e+01
210 +1.141748366e+00 +1.141748366e+00 +6.785174837e+01 +6.785174837e+01 -3.8583e+00 -4.4758e+02 -4.6732e+01
219 +9.746151922e-02 +9.746151922e-02 +6.680746152e+01 +6.680746152e+01 -4.9025e+00 -2.1176e+02 -5.2235e+01
222 +0.000000000e+00 +0.000000000e+00 +6.671000000e+01 +6.671000000e+01 -6.1308e+00 -5.6441e+02 -1.8250e+02
% function evaluation | noise-free fitness - Fopt (9.416700000000e+02) | best noise-free fitness - Fopt | measured fitness | best measured fitness | x1 | x2...
1 +7.081138830e+01 +7.081138830e+01 +1.012481388e+03 +1.012481388e+03 +0.0000e+00 +0.0000e+00 +0.0000e+00
2 +4.030481248e+01 +4.030481248e+01 +9.819748125e+02 +9.819748125e+02 +2.4027e+00 +2.2453e+00 +4.0010e+00
32 +3.978171771e+01 +3.978171771e+01 +9.814517177e+02 +9.814517177e+02 +2.3956e+00 +2.2211e+00 +4.0449e+00
38 +3.704415752e+01 +3.704415752e+01 +9.787141575e+02 +9.787141575e+02 +2.3824e+00 +2.2185e+00 +4.3165e+00
48 +3.267335337e+01 +3.267335337e+01 +9.743433534e+02 +9.743433534e+02 +2.3881e+00 +2.2278e+00 +4.7571e+00
62 +3.136891322e+01 +3.136891322e+01 +9.730389132e+02 +9.730389132e+02 +2.3842e+00 +2.1888e+00 +4.8748e+00
68 +3.025198896e+01 +3.025198896e+01 +9.719219890e+02 +9.719219890e+02 +2.3863e+00 +2.2308e+00 +5.2776e+00
70 +2.970095588e+01 +2.970095588e+01 +9.713709559e+02 +9.713709559e+02 +2.4472e+00 +2.0373e+00 +5.2972e+00
82 +2.950024822e+01 +2.950024822e+01 +9.711702482e+02 +9.711702482e+02 +2.4133e+00 +1.9845e+00 +5.4727e+00
116 +2.856785305e+01 +2.856785305e+01 +9.702378530e+02 +9.702378530e+02 +2.4065e+00 +1.6918e+00 +5.4561e+00
124 +2.815646159e+01 +2.815646159e+01 +9.698264616e+02 +9.698264616e+02 +2.4141e+00 +1.5593e+00 +5.2632e+00
129 +2.752311897e+01 +2.752311897e+01 +9.691931190e+02 +9.691931190e+02 +2.4693e+00 +1.3416e+00 +7.6521e+00
131 +2.691260049e+01 +2.691260049e+01 +9.685826005e+02 +9.685826005e+02 +2.3882e+00 +1.1742e+00 +5.5976e+00
135 +2.576988866e+01 +2.576988866e+01 +9.674398887e+02 +9.674398887e+02 +2.3280e+00 +8.3185e-01 +6.2225e+00
150 +2.359735238e+01 +2.359735238e+01 +9.652673524e+02 +9.652673524e+02 +2.3813e+00 +1.2797e-01 +7.2074e+00
156 +1.966493780e+01 +1.966493780e+01 +9.613349378e+02 +9.613349378e+02 +2.2910e+00 -1.0870e+00 +8.1512e+00
157 +1.851165175e+01 +1.851165175e+01 +9.601816517e+02 +9.601816517e+02 +2.2874e+00 -1.4506e+00 +8.1510e+00
167 +1.591254334e+01 +1.591254334e+01 +9.575825433e+02 +9.575825433e+02 +2.2791e+00 -2.2699e+00 +7.3010e+00
178 +6.384514508e+00 +6.384514508e+00 +9.480545145e+02 +9.480545145e+02 +1.3845e+00 -5.6503e+00 +1.2432e+01
220 +6.038612745e+00 +6.038612745e+00 +9.477086127e+02 +9.477086127e+02 +1.0386e+00 -1.3807e+02 +6.1757e+01
242 +4.804614522e+00 +4.804614522e+00 +9.464746145e+02 +9.464746145e+02 -1.9539e-01 -1.6435e+02 +3.0697e+01
251 +4.714759385e+00 +4.714759385e+00 +9.463847594e+02 +9.463847594e+02 -2.8524e-01 -1.5774e+02 +4.6376e+01
254 +3.713275675e+00 +3.713275675e+00 +9.453832757e+02 +9.453832757e+02 -1.2867e+00 -5.1274e+02 +6.6175e+01
258 +3.310339783e+00 +3.310339783e+00 +9.449803398e+02 +9.449803398e+02 -1.6897e+00 -2.2652e+02 +4.6538e+01
263 +2.937157880e+00 +2.937157880e+00 +9.446071579e+02 +9.446071579e+02 -2.0628e+00 -4.5831e+02 +6.3974e+01
267 +2.495131995e+00 +2.495131995e+00 +9.441651320e+02 +9.441651320e+02 -2.5049e+00 -4.6230e+02 +2.4571e+01
274 +0.000000000e+00 +0.000000000e+00 +9.416700000e+02 +9.416700000e+02 -5.4018e+00 -3.5088e+02 +2.6127e+01
% function evaluation | noise-free fitness - Fopt (-3.745000000000e+01) | best noise-free fitness - Fopt | measured fitness | best measured fitness | x1 | x2...
1 +7.081138830e+01 +7.081138830e+01 +3.336138830e+01 +3.336138830e+01 +0.0000e+00 +0.0000e+00 +0.0000e+00
2 +5.148617897e+01 +5.148617897e+01 +1.403617897e+01 +1.403617897e+01 -1.7227e+00 +4.1625e-01 +1.9732e+00
17 +5.113163731e+01 +5.113163731e+01 +1.368163731e+01 +1.368163731e+01 -1.7235e+00 +4.1749e-01 +2.0083e+00
33 +4.898771920e+01 +4.898771920e+01 +1.153771920e+01 +1.153771920e+01 -1.7206e+00 +4.1410e-01 +2.2235e+00
48 +4.833448429e+01 +4.833448429e+01 +1.088448429e+01 +1.088448429e+01 -1.7252e+00 +5.7327e-01 +2.2389e+00
62 +4.728525410e+01 +4.728525410e+01 +9.835254104e+00 +9.835254104e+00 -1.7391e+00 +1.0761e+00 +2.1862e+00
67 +4.612395711e+01 +4.612395711e+01 +8.673957112e+00 +8.673957112e+00 -1.7140e+00 +1.3029e+00 +2.2281e+00
76 +3.830616912e+01 +3.830616912e+01 +8.561691216e-01 +8.561691216e-01 -1.7194e+00 +7.3513e-01 +3.1900e+00
77 +2.409795979e+01 +2.409795979e+01 -1.335204021e+01 -1.335204021e+01 -1.7073e+00 +4.7418e+00 +3.3426e+00
89 +2.053834363e+01 +2.053834363e+01 -1.691165637e+01 -1.691165637e+01 -1.7153e+00 +6.2877e-01 +5.2617e+00
94 +1.035263516e+01 +1.035263516e+01 -2.709736484e+01 -2.709736484e+01 -1.7399e+00 +3.8576e+00 +5.5501e+00
104 +6.738695212e+00 +6.738695212e+00 -3.071130479e+01 -3.071130479e+01 -1.7387e+00 +1.0619e+01 +2.6576e+01
111 +6.505429304e+00 +6.505429304e+00 -3.094457070e+01 -3.094457070e+01 -1.5054e+00 +1.2311e+01 +3.6845e+01
128 +6.274379029e+00 +6.274379029e+00 -3.117562097e+01 -3.117562097e+01 -1.2744e+00 +1.3240e+01 +1.5003e+02
136 +5.993263893e+00 +5.993263893e+00 -3.145673611e+01 -3.145673611e+01 -9.9326e-01 +7.5858e+00 +1.2167e+02
145 +4.969560134e+00 +4.969560134e+00 -3.248043987e+01 -3.248043987e+01 +3.0440e-02 +1.0772e+01 +3.0017e+02
153 +4.418749975e+00 +4.418749975e+00 -3.303125003e+01 -3.303125003e+01 +5.8125e-01 +2.2345e+01 +1.5239e+02
156 +1.730570875e+00 +1.730570875e+00 -3.571942912e+01 -3.571942912e+01 +3.2694e+00 +1.7903e+01 +2.1972e+02
182 +0.000000000e+00 +0.000000000e+00 -3.745000000e+01 -3.745000000e+01 +7.9427e+00 +3.3294e+01 +2.2443e+02
% function evaluation | noise-free fitness - Fopt (3.680300000000e+02) | best noise-free fitness - Fopt | measured fitness | best measured fitness | x1 | x2...
1 +7.081138830e+01 +7.081138830e+01 +4.388413883e+02 +4.388413883e+02 +0.0000e+00 +0.0000e+00 +0.0000e+00
2 +6.817139953e+01 +6.817139953e+01 +4.362013995e+02 +4.362013995e+02 -1.8054e+00 +2.3778e+00 +8.3538e-01
48 +6.754380597e+01 +6.754380597e+01 +4.355738060e+02 +4.355738060e+02 -2.6172e+00 +2.4332e+00 +8.3448e-01
79 +6.572173510e+01 +6.572173510e+01 +4.337517351e+02 +4.337517351e+02 -5.8754e+00 +2.6111e+00 +8.3468e-01
88 +6.455200159e+01 +6.455200159e+01 +4.325820016e+02 +4.325820016e+02 -3.1319e+00 +1.6648e+00 +8.3922e-01
92 +6.295134450e+01 +6.295134450e+01 +4.309813445e+02 +4.309813445e+02 -3.4511e+00 +1.2645e+00 +8.4076e-01
112 +5.327305292e+01 +5.327305292e+01 +4.213030529e+02 +4.213030529e+02 -6.6814e-01 -2.6772e+00 +8.4040e-01
129 +4.254951773e+01 +4.254951773e+01 +4.105795177e+02 +4.105795177e+02 -4.0728e+00 -8.6273e+00 +8.3777e-01
139 +4.159686271e+01 +4.159686271e+01 +4.096268627e+02 +4.096268627e+02 -1.5862e+01 -6.7933e+00 +8.4031e-01
177 +4.069413099e+01 +4.069413099e+01 +4.087241310e+02 +4.087241310e+02 -2.0792e+01 -7.3500e+00 +9.3059e-01
242 +3.946639726e+01 +3.946639726e+01 +4.074963973e+02 +4.074963973e+02 -4.9882e+01 -5.3974e+01 +1.0534e+00
245 +3.870618921e+01 +3.870618921e+01 +4.067361892e+02 +4.067361892e+02 -5.1885e+01 -1.2803e+01 +1.1294e+00
260 +3.453221222e+01 +3.453221222e+01 +4.025622122e+02 +4.025622122e+02 -6.3359e+01 -1.0600e+02 +1.5468e+00
261 +2.488901168e+01 +2.488901168e+01 +3.929190117e+02 +3.929190117e+02 -4.9007e+01 -1.1717e+02 +2.5111e+00
278 +1.498761178e+01 +1.498761178e+01 +3.830176118e+02 +3.830176118e+02 -5.8531e+01 -2.7444e+02 +3.5012e+00
282 +1.425407482e+01 +1.425407482e+01 +3.822840748e+02 +3.822840748e+02 -4.1602e+01 -9.1986e+01 +3.5746e+00
285 +2.673247931e+00 +2.673247931e+00 +3.707032479e+02 +3.707032479e+02 -5.5883e+01 -1.9299e+02 +4.7327e+00
287 +0.000000000e+00 +0.000000000e+00 +3.680300000e+02 +3.680300000e+02 -5.3021e+01 -2.0944e+02 +9.8415e+00
% function evaluation | noise-free fitness - Fopt (1.426000000000e+01) | best noise-free fitness - Fopt | measured fitness | best measured fitness | x1 | x2...
1 +7.081138830e+01 +7.081138830e+01 +8.507138830e+01 +8.507138830e+01 +0.0000e+00 +0.0000e+00 +0.0000e+00
2 +1.607561997e+01 +1.607561997e+01 +3.033561997e+01 +3.033561997e+01 -2.5320e+00 +3.8390e+00 +4.5128e+00
12 +1.584647976e+01 +1.584647976e+01 +3.010647976e+01 +3.010647976e+01 -2.5316e+00 +3.8987e+00 +4.5168e+00
34 +1.381477008e+01 +1.381477008e+01 +2.807477008e+01 +2.807477008e+01 -2.5288e+00 +4.4967e+00 +4.5306e+00
50 +1.198163233e+01 +1.198163233e+01 +2.624163233e+01 +2.624163233e+01 -2.4906e+00 +5.6717e+00 +4.5509e+00
62 +1.075457471e+01 +1.075457471e+01 +2.501457471e+01 +2.501457471e+01 -2.5375e+00 +6.0220e+00 +4.6783e+00
65 +1.030452684e+01 +1.030452684e+01 +2.456452684e+01 +2.456452684e+01 -2.5115e+00 +5.1039e+00 +4.7207e+00
85 +9.816007825e+00 +9.816007825e+00 +2.407600782e+01 +2.407600782e+01 -2.5852e+00 +5.8990e+00 +4.7769e+00
95 +8.363656703e+00 +8.363656703e+00 +2.262365670e+01 +2.262365670e+01 -2.5609e+00 +6.5494e+00 +4.9197e+00
96 +8.310588241e+00 +8.310588241e+00 +2.257058824e+01 +2.257058824e+01 -1.8884e+00 +1.1779e+01 +4.8578e+00
108 +8.001360838e+00 +8.001360838e+00 +2.226136084e+01 +2.226136084e+01 -2.4736e+00 +6.8595e+00 +4.9472e+00
115 +7.532849951e+00 +7.532849951e+00 +2.179284995e+01 +2.179284995e+01 -2.5328e+00 +8.3483e+00 +5.4670e+00
122 +7.063333568e+00 +7.063333568e+00 +2.132333357e+01 +2.132333357e+01 -1.8441e+00 +1.0279e+01 +4.9781e+00
124 +6.726096288e+00 +6.726096288e+00 +2.098609629e+01 +2.098609629e+01 -1.7261e+00 +9.2889e+00 +6.2784e+00
130 +6.043270542e+00 +6.043270542e+00 +2.030327054e+01 +2.030327054e+01 -1.0433e+00 +1.2835e+01 +5.2351e+00
132 +0.000000000e+00 +0.000000000e+00 +1.426000000e+01 +1.426000000e+01 +1.1298e+01 +1.1909e+01 +1.5095e+01
% function evaluation | noise-free fitness - Fopt (6.240000000000e+01) | best noise-free fitness - Fopt | measured fitness | best measured fitness | x1 | x2...
1 +7.081138830e+01 +7.081138830e+01 +1.332113883e+02 +1.332113883e+02 +0.0000e+00 +0.0000e+00 +0.0000e+00
2 +3.197483578e+01 +3.197483578e+01 +9.437483578e+01 +9.437483578e+01 -6.4265e-01 -1.0818e+00 -4.2900e+00
17 +3.142703691e+01 +3.142703691e+01 +9.382703691e+01 +9.382703691e+01 -6.4004e-01 -1.0138e+00 -4.3230e+00
26 +3.067517942e+01 +3.067517942e+01 +9.307517942e+01 +9.307517942e+01 -6.3809e-01 -1.0848e+00 -4.4205e+00
45 +2.489481952e+01 +2.489481952e+01 +8.729481952e+01 +8.729481952e+01 -6.3935e-01 -1.0891e+00 -5.0201e+00
63 +2.357255829e+01 +2.357255829e+01 +8.597255829e+01 +8.597255829e+01 -6.3604e-01 -6.7202e-01 -5.6476e+00
80 +2.343000115e+01 +2.343000115e+01 +8.583000115e+01 +8.583000115e+01 -6.2510e-01 -6.3040e-01 -7.9421e+00
84 +2.011647312e+01 +2.011647312e+01 +8.251647312e+01 +8.251647312e+01 -6.0203e-01 +4.1013e-01 -1.4595e+01
109 +4.858177638e+00 +4.858177638e+00 +6.725817764e+01 +6.725817764e+01 +1.4182e-01 +7.6100e+00 -1.6670e+01
122 +3.452870769e+00 +3.452870769e+00 +6.585287077e+01 +6.585287077e+01 +1.5471e+00 +9.4863e+00 -8.1809e+00
132 +1.996099150e+00 +1.996099150e+00 +6.439609915e+01 +6.439609915e+01 +3.0039e+00 +9.2626e+00 -6.3724e+01
134 +7.417179218e-01 +7.417179218e-01 +6.314171792e+01 +6.314171792e+01 +4.2583e+00 +5.2507e+00 -3.7382e+01
145 +0.000000000e+00 +0.000000000e+00 +6.240000000e+01 +6.240000000e+01 +8.1850e+00 +1.4095e+01 -6.0835e+01
% function evaluation | noise-free fitness - Fopt (1.145900000000e+02) | best noise-free fitness - Fopt | measured fitness | best measured fitness | x1 | x2...
1 +7.081138830e+01 +7.081138830e+01 +1.854013883e+02 +1.854013883e+02 +0.0000e+00 +0.0000e+00 +0.0000e+00
78 +3.204489531e+01 +3.204489531e+01 +1.466348953e+02 +1.466348953e+02 -4.5326e+00 +1.6100e+00 -3.9325e+00
94 +2.117428899e+01 +2.117428899e+01 +1.357642890e+02 +1.357642890e+02 -4.3936e+00 +1.5041e+00 -7.6467e+00
102 +2.087413472e+01 +2.087413472e+01 +1.354641347e+02 +1.354641347e+02 -4.5368e+00 +1.4545e+00 -7.5502e+00
121 +2.036490771e+01 +2.036490771e+01 +1.349549077e+02 +1.349549077e+02 -4.4870e+00 +1.2777e+00 -1.3505e+01
128 +1.978857757e+01 +1.978857757e+01 +1.343785776e+02 +1.343785776e+02 -4.5556e+00 +1.1172e+00 -2.1195e+01
130 +1.829599464e+01 +1.829599464e+01 +1.328859946e+02 +1.328859946e+02 -4.3136e+00 +5.6865e-01 -7.3639e+00
136 +1.761372215e+01 +1.761372215e+01 +1.322037222e+02 +1.322037222e+02 -3.7876e+00 +1.8654e-01 -2.7019e+01
138 +1.690723695e+01 +1.690723695e+01 +1.314972370e+02 +1.314972370e+02 -4.6567e+00 +2.3799e-01 -1.5414e+01
147 +1.506050626e+01 +1.506050626e+01 +1.296505063e+02 +1.296505063e+02 -4.1259e+00 -5.1385e-01 -3.0281e+01
149 +5.065750771e-01 +5.065750771e-01 +1.150965751e+02 +1.150965751e+02 -4.4934e+00 -1.2019e+01 -2.0567e+01
156 +2.308338602e-01 +2.308338602e-01 +1.148208339e+02 +1.148208339e+02 -4.7692e+00 -6.5708e+01 -1.0269e+01
157 +0.000000000e+00 +0.000000000e+00 +1.145900000e+02 +1.145900000e+02 -7.1697e+00 -2.1730e+01 -1.1116e+02
% function evaluation | noise-free fitness - Fopt (-3.698300000000e+02) | best noise-free fitness - Fopt | measured fitness | best measured fitness | x1 | x2...
1 +7.081138830e+01 +7.081138830e+01 -2.990186117e+02 -2.990186117e+02 +0.0000e+00 +0.0000e+00 +0.0000e+00
63 +7.059523018e+01 +7.059523018e+01 -2.992347698e+02 -2.992347698e+02 +1.4095e+00 +4.6560e+00 +1.3098e+00
77 +6.769507375e+01 +6.769507375e+01 -3.021349262e+02 -3.021349262e+02 +1.4349e+00 +5.0364e+00 +1.1260e+00
85 +6.589743406e+01 +6.589743406e+01 -3.039325659e+02 -3.039325659e+02 +1.3262e+00 +5.0613e+00 +9.5713e-01
104 +5.369710774e+01 +5.369710774e+01 -3.161328923e+02 -3.161328923e+02 +1.3050e+00 +4.9834e+00 -2.6604e-01
106 +6.375249617e+00 +6.375249617e+00 -3.634547504e+02 -3.634547504e+02 +1.3752e+00 +5.2050e+00 -7.1148e+00
109 +6.178671330e+00 +6.178671330e+00 -3.636513287e+02 -3.636513287e+02 +1.1787e+00 +5.5063e+00 -1.0351e+01
113 +6.156824206e+00 +6.156824206e+00 -3.636731758e+02 -3.636731758e+02 +1.1568e+00 +5.3578e+00 -5.4136e+00
131 +5.659439333e+00 +5.659439333e+00 -3.641705607e+02 -3.641705607e+02 +6.5944e-01 +5.5920e+00 -2.1793e+01
150 +4.812217485e+00 +4.812217485e+00 -3.650177825e+02 -3.650177825e+02 -1.8778e-01 +5.6691e+00 -1.1220e+01
153 +3.914378449e+00 +3.914378449e+00 -3.659156216e+02 -3.659156216e+02 -1.0856e+00 +6.0684e+00 -1.7875e+01
171 +3.425783307e+00 +3.425783307e+00 -3.664042167e+02 -3.664042167e+02 -1.5742e+00 +6.5210e+00 -1.3414e+01
194 +2.164854077e+00 +2.164854077e+00 -3.676651459e+02 -3.676651459e+02 -2.8351e+00 +7.7733e+00 -4.6713e+01
204 +0.000000000e+00 +0.000000000e+00 -3.698300000e+02 -3.698300000e+02 -5.1479e+00 +5.9904e+01 -2.2635e+02
% function evaluation | noise-free fitness - Fopt (1.531800000000e+02) | best noise-free fitness - Fopt | measured fitness | best measured fitness | x1 | x2...
1 +7.081138830e+01 +7.081138830e+01 +2.239913883e+02 +2.239913883e+02 +0.0000e+00 +0.0000e+00 +0.0000e+00
2 +6.292134613e+01 +6.292134613e+01 +2.161013461e+02 +2.161013461e+02 -2.1293e+00 +1.4711e+00 -1.4671e+00
55 +6.130500039e+01 +6.130500039e+01 +2.144850004e+02 +2.144850004e+02 -2.1414e+00 +1.4386e+00 -1.6197e+00
62 +5.632571661e+01 +5.632571661e+01 +2.095057166e+02 +2.095057166e+02 -2.1393e+00 +1.3619e+00 -2.0932e+00
92 +5.216468505e+01 +5.216468505e+01 +2.053446851e+02 +2.053446851e+02 -2.1269e+00 +1.3569e+00 -2.5064e+00
109 +2.733335811e+01 +2.733335811e+01 +1.805133581e+02 +1.805133581e+02 -2.1960e+00 +1.3680e+00 -1.1997e+01
124 +1.792164326e+01 +1.792164326e+01 +1.711016433e+02 +1.711016433e+02 -2.1714e+00 -1.6005e+00 -8.9215e+00
139 +7.172564329e+00 +7.172564329e+00 +1.603525643e+02 +1.603525643e+02 -2.1726e+00 -8.9109e+00 -1.4463e+01
159 +7.041377021e+00 +7.041377021e+00 +1.602213770e+02 +1.602213770e+02 -2.0414e+00 -2.4475e+01 -2.2852e+01
186 +6.907969628e+00 +6.907969628e+00 +1.600879696e+02 +1.600879696e+02 -1.9080e+00 -1.0408e+01 -1.1246e+02
215 +6.627069588e+00 +6.627069588e+00 +1.598070696e+02 +1.598070696e+02 -1.6271e+00 -1.0226e+02 -4.0814e+01
228 +6.326434019e+00 +6.326434019e+00 +1.595064340e+02 +1.595064340e+02 -1.3264e+00 -1.8099e+02 -5.8531e+01
245 +4.859045805e+00 +4.859045805e+00 +1.580390458e+02 +1.580390458e+02 +1.4095e-01 -2.0548e+02 -3.7193e+01
258 +3.029610946e+00 +3.029610946e+00 +1.562096109e+02 +1.562096109e+02 +1.9704e+00 -1.0200e+04 -8.3280e+02
267 +1.558051296e+00 +1.558051296e+00 +1.547380513e+02 +1.547380513e+02 +3.4419e+00 -2.7631e+02 -2.6984e+02
281 +0.000000000e+00 +0.000000000e+00 +1.531800000e+02 +1.531800000e+02 +6.2216e+00 -3.5972e+03 -7.1379e+02
% function evaluation | noise-free fitness - Fopt (-7.088000000000e+02) | best noise-free fitness - Fopt | measured fitness | best measured fitness | x1 | x2...
1 +7.081138830e+01 +7.081138830e+01 -6.379886117e+02 -6.379886117e+02 +0.0000e+00 +0.0000e+00 +0.0000e+00
2 +2.668492715e+01 +2.668492715e+01 -6.821150728e+02 -6.821150728e+02 +1.0065e-01 +1.0555e+00 +4.7565e+00
23 +2.601079858e+01 +2.601079858e+01 -6.827892014e+02 -6.827892014e+02 +7.0260e-02 +1.0125e+00 +4.8073e+00
42 +2.505182135e+01 +2.505182135e+01 -6.837481787e+02 -6.837481787e+02 -1.1065e-01 +1.0733e+00 +4.9043e+00
48 +2.425109500e+01 +2.425109500e+01 -6.845489050e+02 -6.845489050e+02 +1.1486e-01 +6.6458e-01 +4.8777e+00
62 +2.381609165e+01 +2.381609165e+01 -6.849839083e+02 -6.849839083e+02 -1.2655e-01 +9.3366e-01 +4.9821e+00
65 +2.314463195e+01 +2.314463195e+01 -6.856553680e+02 -6.856553680e+02 +4.8367e-02 +7.2254e-01 +5.1708e+00
92 +2.258295326e+01 +2.258295326e+01 -6.862170467e+02 -6.862170467e+02 +1.0469e-01 +5.2711e-01 +5.1615e+00
93 +1.784698958e+01 +1.784698958e+01 -6.909530104e+02 -6.909530104e+02 +3.7545e-02 -9.4930e-01 +5.0954e+00
109 +1.736014094e+01 +1.736014094e+01 -6.914398591e+02 -6.914398591e+02 -2.8638e-01 -1.1268e+00 +4.9602e+00
127 +1.396769629e+01 +1.396769629e+01 -6.948323037e+02 -6.948323037e+02 -2.2831e-01 -2.0920e+00 +5.1003e+00
138 +1.272909208e+01 +1.272909208e+01 -6.960709079e+02 -6.960709079e+02 -3.0528e-01 -2.4892e+00 +4.9905e+00
142 +9.682122499e+00 +9.682122499e+00 -6.991178775e+02 -6.991178775e+02 -6.0597e-01 -3.3278e+00 +5.1042e+00
154 +4.740616496e+00 +4.740616496e+00 -7.040593835e+02 -7.040593835e+02 -2.5938e-01 -1.6860e+01 +5.0847e+00
168 +4.619251355e+00 +4.619251355e+00 -7.041807486e+02 -7.041807486e+02 -3.8075e-01 -7.9599e+00 +5.1149e+00
169 +4.414571898e+00 +4.414571898e+00 -7.043854281e+02 -7.043854281e+02 -5.8543e-01 -9.5458e+00 +5.0876e+00
172 +4.322077885e+00 +4.322077885e+00 -7.044779221e+02 -7.044779221e+02 -6.7792e-01 -1.0164e+01 +5.1121e+00
182 +4.053161737e+00 +4.053161737e+00 -7.047468383e+02 -7.047468383e+02 -9.4684e-01 -1.2731e+01 +5.0945e+00
189 +2.982751588e+00 +2.982751588e+00 -7.058172484e+02 -7.058172484e+02 -2.0172e+00 -9.1189e+00 +5.1402e+00
190 +2.816681856e+00 +2.816681856e+00 -7.059833181e+02 -7.059833181e+02 -2.1833e+00 -1.0683e+01 +5.0975e+00
203 +0.000000000e+00 +0.000000000e+00 -7.088000000e+02 -7.088000000e+02 -5.8519e+00 -1.4967e+01 +5.1196e+00
% function evaluation | noise-free fitness - Fopt (8.793000000000e+01) | best noise-free fitness - Fopt | measured fitness | best measured fitness | x1 | x2...
1 +7.081138830e+01 +7.081138830e+01 +1.587413883e+02 +1.587413883e+02 +0.0000e+00 +0.0000e+00 +0.0000e+00
83 +6.824459848e+01 +6.824459848e+01 +1.561745985e+02 +1.561745985e+02 -8.8840e-01 +4.1991e+00 +9.8237e-01
96 +6.705442183e+01 +6.705442183e+01 +1.549844218e+02 +1.549844218e+02 -7.9569e-01 +5.8884e+00 +1.1259e+00
97 +5.740116229e+01 +5.740116229e+01 +1.453311623e+02 +1.453311623e+02 -8.7840e-01 +5.5807e+00 +1.5228e-01
108 +5.525030756e+01 +5.525030756e+01 +1.431803076e+02 +1.431803076e+02 -7.8391e-01 -7.4900e+00 -4.0031e+00
123 +4.809637413e+01 +4.809637413e+01 +1.360263741e+02 +1.360263741e+02 -9.5899e-01 +3.5657e+00 -1.2398e+00
125 +3.703318100e+01 +3.703318100e+01 +1.249631810e+02 +1.249631810e+02 -8.5221e-01 +5.0460e+00 -1.8819e+00
131 +2.449682360e+01 +2.449682360e+01 +1.124268236e+02 +1.124268236e+02 -1.0574e+00 +1.1894e+01 -3.1561e+00
143 +5.904521228e+00 +5.904521228e+00 +9.383452123e+01 +9.383452123e+01 -9.0452e-01 +5.7707e+00 -7.4691e+00
160 +5.882637159e+00 +5.882637159e+00 +9.381263716e+01 +9.381263716e+01 -8.8264e-01 +2.3422e+01 -3.2930e+01
170 +5.526605224e+00 +5.526605224e+00 +9.345660522e+01 +9.345660522e+01 -5.2661e-01 +1.4343e+01 -1.8616e+01
183 +5.408346803e+00 +5.408346803e+00 +9.333834680e+01 +9.333834680e+01 -4.0835e-01 +1.7008e+01 -9.3709e+00
214 +5.098035284e+00 +5.098035284e+00 +9.302803528e+01 +9.302803528e+01 -9.8035e-02 +1.7065e+01 -1.2091e+01
228 +4.708258461e+00 +4.708258461e+00 +9.263825846e+01 +9.263825846e+01 +2.9174e-01 +2.2293e+01 -4.4596e+01
229 +3.640622603e+00 +3.640622603e+00 +9.157062260e+01 +9.157062260e+01 +1.3594e+00 +5.6787e+00 -3.0396e+02
242 +3.394250441e+00 +3.394250441e+00 +9.132425044e+01 +9.132425044e+01 +1.6057e+00 +1.6947e+01 -6.2144e+01
245 +3.028352241e+00 +3.028352241e+00 +9.095835224e+01 +9.095835224e+01 +1.9716e+00 +1.5455e+01 -1.0334e+02
257 +2.751598404e+00 +2.751598404e+00 +9.068159840e+01 +9.068159840e+01 +2.2484e+00 +1.8772e+01 -2.5014e+02
274 +2.480649722e+00 +2.480649722e+00 +9.041064972e+01 +9.041064972e+01 +2.5194e+00 +1.7212e+01 -1.0776e+02
275 +0.000000000e+00 +0.000000000e+00 +8.793000000e+01 +8.793000000e+01 +5.8014e+00 +1.6145e+01 -2.2149e+02
% function evaluation | noise-free fitness - Fopt (3.370000000000e+01) | best noise-free fitness - Fopt | measured fitness | best measured fitness | x1 | x2...
1 +7.081138830e+01 +7.081138830e+01 +1.045113883e+02 +1.045113883e+02 +0.0000e+00 +0.0000e+00 +0.0000e+00
2 +3.903808905e+01 +3.903808905e+01 +7.273808905e+01 +7.273808905e+01 +1.7797e-01 -4.9144e+00 -4.7492e+00
19 +3.882620639e+01 +3.882620639e+01 +7.252620639e+01 +7.252620639e+01 +1.8009e-01 -4.9041e+00 -4.7673e+00
34 +3.731024315e+01 +3.731024315e+01 +7.101024315e+01 +7.101024315e+01 +1.7727e-01 -4.8440e+00 -4.8996e+00
49 +3.657794319e+01 +3.657794319e+01 +7.027794319e+01 +7.027794319e+01 +1.0676e-01 -4.5462e+00 -4.8717e+00
51 +3.561045546e+01 +3.561045546e+01 +6.931045546e+01 +6.931045546e+01 +3.5518e-01 -4.5625e+00 -4.9984e+00
62 +3.539586839e+01 +3.539586839e+01 +6.909586839e+01 +6.909586839e+01 +2.2704e-01 -4.5402e+00 -5.0113e+00
73 +3.399803918e+01 +3.399803918e+01 +6.769803918e+01 +6.769803918e+01 -6.1072e-01 -4.2000e+00 -4.9484e+00
88 +3.333050843e+01 +3.333050843e+01 +6.703050843e+01 +6.703050843e+01 +7.1972e-03 -3.5372e+00 -4.8674e+00
93 +3.151832895e+01 +3.151832895e+01 +6.521832895e+01 +6.521832895e+01 -6.6518e-01 -3.5582e+00 -4.9880e+00
109 +2.707268096e+01 +2.707268096e+01 +6.077268096e+01 +6.077268096e+01 -1.4270e+01 -3.5611e+00 -5.0774e+00
118 +2.360752829e+01 +2.360752829e+01 +5.730752829e+01 +5.730752829e+01 -8.9097e+00 -2.4654e+00 -5.5276e+00
124 +2.299531358e+01 +2.299531358e+01 +5.669531358e+01 +5.669531358e+01 -3.4332e+00 -1.7763e+00 -5.1371e+00
140 +2.195216185e+01 +2.195216185e+01 +5.565216185e+01 +5.565216185e+01 -5.5554e+00 -1.9419e+00 -5.1586e+00
143 +2.138927864e+01 +2.138927864e+01 +5.508927864e+01 +5.508927864e+01 -1.1096e+01 -1.7639e+00 -5.2098e+00
153 +1.806689973e+01 +1.806689973e+01 +5.176689973e+01 +5.176689973e+01 -8.6352e+00 -7.1326e-01 -5.1635e+00
157 +1.712099124e+01 +1.712099124e+01 +5.082099124e+01 +5.082099124e+01 -4.4965e+00 -2.5491e-01 -5.1086e+00
158 +1.453967340e+01 +1.453967340e+01 +4.823967340e+01 +4.823967340e+01 -9.3369e+00 +4.0215e-01 -5.2082e+00
176 +5.293708209e+00 +5.293708209e+00 +3.899370821e+01 +3.899370821e+01 -2.5859e+01 +3.3260e+00 -5.2275e+00
182 +0.000000000e+00 +0.000000000e+00 +3.370000000e+01 +3.370000000e+01 -9.3339e+00 +6.4644e+00 -5.1913e+00
% function evaluation | noise-free fitness - Fopt (-1.618300000000e+02) | best noise-free fitness - Fopt | measured fitness | best measured fitness | x1 | x2...
1 +7.081138830e+01 +7.081138830e+01 -9.101861170e+01 -9.101861170e+01 +0.0000e+00 +0.0000e+00 +0.0000e+00
82 +5.637354484e+01 +5.637354484e+01 -1.054564552e+02 -1.054564552e+02 +4.1046e+00 -4.1901e+00 -3.1793e+00
108 +5.115877907e+01 +5.115877907e+01 -1.106712209e+02 -1.106712209e+02 +3.9738e+00 -4.0872e+00 -3.6551e+00
111 +4.193471254e+01 +4.193471254e+01 -1.198952875e+02 -1.198952875e+02 +4.1698e+00 -3.5413e+00 -4.4245e+00
122 +3.520392310e+01 +3.520392310e+01 -1.266260769e+02 -1.266260769e+02 +4.0251e+00 -3.2785e+00 -1.7800e+01
131 +1.998392477e+01 +1.998392477e+01 -1.418460752e+02 -1.418460752e+02 +4.0140e+00 +1.5310e+00 -7.7433e+01
152 +1.959013419e+01 +1.959013419e+01 -1.422398658e+02 -1.422398658e+02 +4.0721e+00 +1.6739e+00 -5.5837e+01
154 +9.094658030e+00 +9.094658030e+00 -1.527353420e+02 -1.527353420e+02 +4.0947e+00 +7.6548e+00 -2.9476e+01
183 +8.883772622e+00 +8.883772622e+00 -1.529462274e+02 -1.529462274e+02 +3.8838e+00 +1.5548e+01 -2.5852e+01
193 +8.274333617e+00 +8.274333617e+00 -1.535556664e+02 -1.535556664e+02 +3.2743e+00 +1.3555e+01 -2.1376e+01
223 +7.960890390e+00 +7.960890390e+00 -1.538691096e+02 -1.538691096e+02 +2.9609e+00 +4.1584e+01 -2.4920e+01
252 +7.869143420e+00 +7.869143420e+00 -1.539608566e+02 -1.539608566e+02 +2.8691e+00 +2.0850e+02 -1.2059e+02
260 +6.564190058e+00 +6.564190058e+00 -1.552658099e+02 -1.552658099e+02 +1.5642e+00 +3.0478e+02 -1.5383e+02
273 +6.211734627e+00 +6.211734627e+00 -1.556182654e+02 -1.556182654e+02 +1.2117e+00 +1.2988e+02 -3.7351e+02
282 +0.000000000e+00 +0.000000000e+00 -1.618300000e+02 -1.618300000e+02 -6.3425e+00 +1.8311e+02 -1.0230e+03
