% function evaluation | noise-free fitness - Fopt (-1.694000000000e+001) | best noise-free fitness - Fopt | measured fitness | best measured fitness | x1 | x2...
1 +2.668714155e+001 +2.668714155e+001 +9.747141552e+000 +9.747141552e+000 +0.0000e+000 +0.0000e+000 +0.0000e+000 +0.0000e+000 +0.0000e+000
86 +1.869635595e+001 +1.869635595e+001 +1.756355949e+000 +1.756355949e+000 -1.0626e+000 -4.4198e+000 -1.1932e+000 -3.7919e-001 +6.5929e-001
113 +1.430811668e+001 +1.430811668e+001 -2.631883320e+000 -2.631883320e+000 -9.6736e-001 -4.2257e+000 -1.2568e+000 -3.6312e-001 +6.5938e-001
130 +9.682754964e+000 +9.682754964e+000 -7.257245036e+000 -7.257245036e+000 -4.9161e-001 -4.6590e+000 -1.2075e+000 -5.4883e-001 +6.5879e-001
135 +8.955928393e+000 +8.955928393e+000 -7.984071607e+000 -7.984071607e+000 +5.1702e-001 -3.6617e+000 -1.2945e+000 -2.7113e-001 +6.6043e-001
153 +8.365401958e+000 +8.365401958e+000 -8.574598042e+000 -8.574598042e+000 +4.9115e+000 -3.6672e+000 -6.5708e-001 -1.1627e-001 +6.5808e-001
173 +8.074230656e+000 +8.074230656e+000 -8.865769344e+000 -8.865769344e+000 +6.5236e-001 -3.8273e+000 -1.3451e+000 -2.4637e-001 +6.5956e-001
174 +2.129361014e+000 +2.129361014e+000 -1.481063899e+001 -1.481063899e+001 +2.7461e+000 +2.1377e+000 -1.3555e+000 -2.0398e-001 +6.5871e-001
303 +1.644295360e+000 +1.644295360e+000 -1.529570464e+001 -1.529570464e+001 +3.6162e+000 +1.9240e+000 -1.1805e+000 -2.5955e-001 +6.5537e-001
379 +1.565619918e+000 +1.565619918e+000 -1.537438008e+001 -1.537438008e+001 +3.6748e+000 +1.7396e+000 -1.3717e+000 +2.6448e-001 +6.5517e-001
397 +1.506760554e+000 +1.506760554e+000 -1.543323945e+001 -1.543323945e+001 +2.8222e+000 +1.9983e+000 -1.5825e+000 +2.4605e-001 +6.5259e-001
414 +1.429056158e+000 +1.429056158e+000 -1.551094384e+001 -1.551094384e+001 +3.5914e+000 +1.6961e+000 -1.3889e+000 +2.9886e-001 +6.4963e-001
476 +1.403318883e+000 +1.403318883e+000 -1.553668112e+001 -1.553668112e+001 +3.4105e+000 +1.7684e+000 -1.4636e+000 +2.6537e-001 +6.5472e-001
518 +1.023930030e+000 +1.023930030e+000 -1.591606997e+001 -1.591606997e+001 +3.2046e+000 +1.6273e+000 -1.5019e+000 +3.8716e-001 +6.4217e-001
636 +9.580206408e-001 +9.580206408e-001 -1.598197936e+001 -1.598197936e+001 +3.2880e+000 +1.6282e+000 -1.5933e+000 +4.2151e-001 +6.4668e-001
658 +8.874623202e-001 +8.874623202e-001 -1.605253768e+001 -1.605253768e+001 +3.1811e+000 +1.6793e+000 -1.5512e+000 +3.5706e-001 +6.5401e-001
711 +8.568121342e-001 +8.568121342e-001 -1.608318787e+001 -1.608318787e+001 +3.3285e+000 +1.7121e+000 -1.4857e+000 +3.6666e-001 +6.5565e-001
759 +7.578374965e-001 +7.578374965e-001 -1.618216250e+001 -1.618216250e+001 +3.2765e+000 +1.6302e+000 -1.5313e+000 +3.8408e-001 +7.3530e-001
973 +7.248462050e-001 +7.248462050e-001 -1.621515379e+001 -1.621515379e+001 +3.2532e+000 +1.5985e+000 -1.5506e+000 +3.7247e-001 +6.8467e-001
1015 +7.191831894e-001 +7.191831894e-001 -1.622081681e+001 -1.622081681e+001 +3.2477e+000 +1.6137e+000 -1.5434e+000 +3.8940e-001 +6.8628e-001
1023 +7.022570922e-001 +7.022570922e-001 -1.623774291e+001 -1.623774291e+001 +3.2717e+000 +1.6136e+000 -1.5401e+000 +3.9019e-001 +6.8235e-001
1052 +6.784693977e-001 +6.784693977e-001 -1.626153060e+001 -1.626153060e+001 +3.2658e+000 +1.5969e+000 -1.5625e+000 +3.9476e-001 +6.9976e-001
1072 +6.453435497e-001 +6.453435497e-001 -1.629465645e+001 -1.629465645e+001 +3.2615e+000 +1.5967e+000 -1.5548e+000 +3.9333e-001 +7.0782e-001
1112 +6.230270938e-001 +6.230270938e-001 -1.631697291e+001 -1.631697291e+001 +3.2790e+000 +1.6029e+000 -1.5674e+000 +3.8425e-001 +7.0206e-001
1178 +5.818265181e-001 +5.818265181e-001 -1.635817348e+001 -1.635817348e+001 +3.2707e+000 +1.6103e+000 -1.5678e+000 +3.8186e-001 +7.0121e-001
1274 +5.636812067e-001 +5.636812067e-001 -1.637631879e+001 -1.637631879e+001 +3.2681e+000 +1.6059e+000 -1.5655e+000 +3.9053e-001 +7.0839e-001
1371 +5.391679192e-001 +5.391679192e-001 -1.640083208e+001 -1.640083208e+001 +3.2677e+000 +1.6080e+000 -1.5610e+000 +3.7590e-001 +7.0297e-001
1640 +5.353976391e-001 +5.353976391e-001 -1.640460236e+001 -1.640460236e+001 +3.2662e+000 +1.6092e+000 -1.5632e+000 +3.8079e-001 +7.0420e-001
1899 +5.243788298e-001 +5.243788298e-001 -1.641562117e+001 -1.641562117e+001 +3.2670e+000 +1.6096e+000 -1.5631e+000 +3.8251e-001 +7.0532e-001
% function evaluation | noise-free fitness - Fopt (1.881000000000e+001) | best noise-free fitness - Fopt | measured fitness | best measured fitness | x1 | x2...
1 +7.554084938e+000 +7.554084938e+000 +2.636408494e+001 +2.636408494e+001 +0.0000e+000 +0.0000e+000 +0.0000e+000 +0.0000e+000 +0.0000e+000
132 +6.896127708e+000 +6.896127708e+000 +2.570612771e+001 +2.570612771e+001 +4.1446e+000 +8.1714e-001 +3.0817e-001 +1.4772e+000 +1.7067e+000
138 +5.695888051e+000 +5.695888051e+000 +2.450588805e+001 +2.450588805e+001 +4.1741e+000 +1.4535e+000 +2.9476e-001 +1.6555e+000 +1.7621e+000
186 +5.420753152e+000 +5.420753152e+000 +2.423075315e+001 +2.423075315e+001 +4.1276e+000 +9.9975e-001 +2.8519e-001 +1.4511e+000 +1.6402e+000
258 +5.216008930e+000 +5.216008930e+000 +2.402600893e+001 +2.402600893e+001 +4.1104e+000 +1.0243e+000 +3.0576e-001 +1.4512e+000 +1.7035e+000
405 +5.061068682e+000 +5.061068682e+000 +2.387106868e+001 +2.387106868e+001 +4.0828e+000 +8.7281e-001 +2.1171e-001 +1.4877e+000 +1.5092e+000
1067 +4.601325678e+000 +4.601325678e+000 +2.341132568e+001 +2.341132568e+001 +3.9112e+000 +5.7421e-001 -1.4200e-001 +1.6252e+000 +2.3114e+000
1490 +4.444698428e+000 +4.444698428e+000 +2.325469843e+001 +2.325469843e+001 +3.8553e+000 +6.9599e-001 -2.7847e-001 +1.7438e+000 +2.4515e+000
% function evaluation | noise-free fitness - Fopt (2.731500000000e+002) | best noise-free fitness - Fopt | measured fitness | best measured fitness | x1 | x2...
1 +1.688902988e+001 +1.688902988e+001 +2.900390299e+002 +2.900390299e+002 +0.0000e+000 +0.0000e+000 +0.0000e+000 +0.0000e+000 +0.0000e+000
71 +1.648663741e+001 +1.648663741e+001 +2.896366374e+002 +2.896366374e+002 -4.9107e+000 -1.0937e+000 -4.6966e+000 +2.9178e+000 -2.2545e+000
77 +1.556947650e+001 +1.556947650e+001 +2.887194765e+002 +2.887194765e+002 -4.8861e+000 -1.0672e+000 -4.6814e+000 +2.9174e+000 -2.2497e+000
80 +1.433474533e+001 +1.433474533e+001 +2.874847453e+002 +2.874847453e+002 -4.8243e+000 -1.0887e+000 -4.6302e+000 +2.9285e+000 -2.2448e+000
108 +1.411223605e+001 +1.411223605e+001 +2.872622360e+002 +2.872622360e+002 -4.8421e+000 -1.1068e+000 -4.6529e+000 +2.9188e+000 -2.2228e+000
136 +1.370713294e+001 +1.370713294e+001 +2.868571329e+002 +2.868571329e+002 -4.8825e+000 -1.0103e+000 -4.6218e+000 +2.9387e+000 -2.2387e+000
174 +1.345530532e+001 +1.345530532e+001 +2.866053053e+002 +2.866053053e+002 -4.8720e+000 -9.7254e-001 -4.6074e+000 +2.9294e+000 -2.2406e+000
200 +1.306788553e+001 +1.306788553e+001 +2.862178855e+002 +2.862178855e+002 -4.8508e+000 -6.6189e-001 -4.5654e+000 +2.9354e+000 -2.2434e+000
751 +1.288237368e+001 +1.288237368e+001 +2.860323737e+002 +2.860323737e+002 -5.0060e+000 -6.6716e-001 -4.5688e+000 +2.9276e+000 -2.2575e+000
% function evaluation | noise-free fitness - Fopt (3.718000000000e+001) | best noise-free fitness - Fopt | measured fitness | best measured fitness | x1 | x2...
1 +3.440707979e+001 +3.440707979e+001 +7.158707979e+001 +7.158707979e+001 +0.0000e+000 +0.0000e+000 +0.0000e+000 +0.0000e+000 +0.0000e+000
% function evaluation | noise-free fitness - Fopt (-1.479000000000e+002) | best noise-free fitness - Fopt | measured fitness | best measured fitness | x1 | x2...
1 +1.645177782e+001 +1.645177782e+001 -1.314482222e+002 -1.314482222e+002 +0.0000e+000 +0.0000e+000 +0.0000e+000 +0.0000e+000 +0.0000e+000
7 +1.606893394e+001 +1.606893394e+001 -1.318310661e+002 -1.318310661e+002 +8.4244e-001 +6.6303e-001 +7.7367e-001 +1.0627e+000 +1.3462e+000
32 +1.578211662e+001 +1.578211662e+001 -1.321178834e+002 -1.321178834e+002 +8.9703e-001 +6.9354e-001 +7.7245e-001 +1.0529e+000 +1.3573e+000
37 +1.442562446e+001 +1.442562446e+001 -1.334743755e+002 -1.334743755e+002 +8.5067e-001 +5.8390e-001 +7.7341e-001 +1.0521e+000 +1.3342e+000
60 +1.366862841e+001 +1.366862841e+001 -1.342313716e+002 -1.342313716e+002 +8.6618e-001 +5.3874e-001 +7.7232e-001 +1.0665e+000 +1.3253e+000
79 +1.273769775e+001 +1.273769775e+001 -1.351623023e+002 -1.351623023e+002 +8.8349e-001 +6.1559e-001 +7.6759e-001 +1.0691e+000 +1.1592e+000
93 +1.214197204e+001 +1.214197204e+001 -1.357580280e+002 -1.357580280e+002 +8.5725e-001 +4.7472e-001 +7.7162e-001 +1.0561e+000 +1.2725e+000
102 +1.089114317e+001 +1.089114317e+001 -1.370088568e+002 -1.370088568e+002 +8.5936e-001 +4.3520e-001 +7.7687e-001 +1.0574e+000 +1.1750e+000
159 +1.067485641e+001 +1.067485641e+001 -1.372251436e+002 -1.372251436e+002 +8.6746e-001 +3.9305e-001 +7.7203e-001 +1.0499e+000 +1.1509e+000
189 +1.032820804e+001 +1.032820804e+001 -1.375717920e+002 -1.375717920e+002 +8.6335e-001 +3.9068e-001 +7.5375e-001 +1.1029e+000 +1.1560e+000
212 +1.018616807e+001 +1.018616807e+001 -1.377138319e+002 -1.377138319e+002 +8.6231e-001 +3.6658e-001 +7.2251e-001 +1.0723e+000 +1.1431e+000
234 +9.818947796e+000 +9.818947796e+000 -1.380810522e+002 -1.380810522e+002 +8.6448e-001 +2.5241e-001 +7.0592e-001 +1.1364e+000 +1.1549e+000
258 +9.740787527e+000 +9.740787527e+000 -1.381592125e+002 -1.381592125e+002 +8.6374e-001 +3.6426e-001 +7.3023e-001 +1.1291e+000 +1.0790e+000
262 +9.450754815e+000 +9.450754815e+000 -1.384492452e+002 -1.384492452e+002 +8.6217e-001 +1.9962e-001 +6.8079e-001 +1.1532e+000 +1.1219e+000
307 +9.282111454e+000 +9.282111454e+000 -1.386178885e+002 -1.386178885e+002 +8.6068e-001 +2.2864e-001 +5.5951e-001 +1.0604e+000 +1.1526e+000
309 +8.994714779e+000 +8.994714779e+000 -1.389052852e+002 -1.389052852e+002 +8.5829e-001 +1.0066e-001 +5.2772e-001 +1.0861e+000 +1.1411e+000
327 +8.893049896e+000 +8.893049896e+000 -1.390069501e+002 -1.390069501e+002 +8.8810e-001 +1.8367e-001 +5.6273e-001 +1.1630e+000 +1.1115e+000
349 +8.672909829e+000 +8.672909829e+000 -1.392270902e+002 -1.392270902e+002 +8.7834e-001 +1.2843e-001 +5.1861e-001 +1.1451e+000 +1.0994e+000
358 +8.203707569e+000 +8.203707569e+000 -1.396962924e+002 -1.396962924e+002 +8.4159e-001 +8.7202e-002 +3.3217e-001 +1.1038e+000 +1.0682e+000
492 +8.004186934e+000 +8.004186934e+000 -1.398958131e+002 -1.398958131e+002 +8.4021e-001 +1.0858e-001 +4.4269e-001 +1.1566e+000 +9.9158e-001
502 +7.845863450e+000 +7.845863450e+000 -1.400541366e+002 -1.400541366e+002 +8.3207e-001 +7.0238e-002 +3.7386e-001 +1.1434e+000 +9.8837e-001
558 +7.685565424e+000 +7.685565424e+000 -1.402144346e+002 -1.402144346e+002 +8.2243e-001 +2.5811e-002 +2.6477e-001 +1.1658e+000 +9.0952e-001
605 +7.542555126e+000 +7.542555126e+000 -1.403574449e+002 -1.403574449e+002 +8.4367e-001 +6.1312e-002 +3.7310e-001 +1.2601e+000 +9.1604e-001
640 +7.363544730e+000 +7.363544730e+000 -1.405364553e+002 -1.405364553e+002 +8.3011e-001 -3.0421e-002 +3.3291e-001 +1.2686e+000 +8.8731e-001
837 +7.231901778e+000 +7.231901778e+000 -1.406680982e+002 -1.406680982e+002 +8.0258e-001 -7.7350e-002 +2.3581e-001 +1.2738e+000 +8.3945e-001
1355 +7.078109875e+000 +7.078109875e+000 -1.408218901e+002 -1.408218901e+002 +7.9653e-001 -1.8396e-001 +1.8585e-001 +1.3365e+000 +7.3954e-001
% function evaluation | noise-free fitness - Fopt (-6.080000000000e+000) | best noise-free fitness - Fopt | measured fitness | best measured fitness | x1 | x2...
1 +1.713456521e+001 +1.713456521e+001 +1.105456521e+001 +1.105456521e+001 +0.0000e+000 +0.0000e+000 +0.0000e+000 +0.0000e+000 +0.0000e+000
2 +7.144936677e+000 +7.144936677e+000 +1.064936677e+000 +1.064936677e+000 -2.2251e+000 +4.2839e+000 -4.7843e+000 +9.2541e-001 -6.7314e-001
4 +7.065867461e+000 +7.065867461e+000 +9.858674608e-001 +9.858674608e-001 -2.2249e+000 +4.2848e+000 -4.8015e+000 +9.0062e-001 -6.7410e-001
10 +6.882953649e+000 +6.882953649e+000 +8.029536489e-001 +8.029536489e-001 -2.2257e+000 +4.2782e+000 -4.7991e+000 +9.0297e-001 -6.6986e-001
26 +6.735098378e+000 +6.735098378e+000 +6.550983777e-001 +6.550983777e-001 -2.2258e+000 +4.2891e+000 -4.8194e+000 +9.1351e-001 -6.5161e-001
28 +6.501965811e+000 +6.501965811e+000 +4.219658108e-001 +4.219658108e-001 -2.2254e+000 +4.2809e+000 -4.8083e+000 +9.1241e-001 -6.3536e-001
56 +6.315422838e+000 +6.315422838e+000 +2.354228382e-001 +2.354228382e-001 -2.2256e+000 +4.2588e+000 -4.8266e+000 +8.8735e-001 -6.5476e-001
63 +5.912000277e+000 +5.912000277e+000 -1.679997234e-001 -1.679997234e-001 -2.2257e+000 +4.2774e+000 -4.8374e+000 +9.0457e-001 -5.8034e-001
99 +5.671825696e+000 +5.671825696e+000 -4.081743041e-001 -4.081743041e-001 -2.2264e+000 +4.2690e+000 -4.8722e+000 +9.0978e-001 -5.6149e-001
193 +5.622309656e+000 +5.622309656e+000 -4.576903440e-001 -4.576903440e-001 -2.2243e+000 +4.2708e+000 -4.8789e+000 +9.0173e-001 -5.2251e-001
303 +5.443080527e+000 +5.443080527e+000 -6.369194729e-001 -6.369194729e-001 -2.2462e+000 +4.2567e+000 -4.9196e+000 +8.8646e-001 -5.3089e-001
422 +5.348713683e+000 +5.348713683e+000 -7.312863168e-001 -7.312863168e-001 -2.2372e+000 +4.1636e+000 -4.9156e+000 +8.9191e-001 -6.3161e-001
433 +5.228404174e+000 +5.228404174e+000 -8.515958256e-001 -8.515958256e-001 -2.2694e+000 +4.2159e+000 -4.9175e+000 +8.2085e-001 -5.4963e-001
562 +5.111945168e+000 +5.111945168e+000 -9.680548316e-001 -9.680548316e-001 -2.2581e+000 +4.1615e+000 -4.8877e+000 +8.1019e-001 -6.5691e-001
859 +5.010667538e+000 +5.010667538e+000 -1.069332462e+000 -1.069332462e+000 -2.2689e+000 +4.1369e+000 -4.9083e+000 +7.7968e-001 -6.7839e-001
1115 +4.891913883e+000 +4.891913883e+000 -1.188086117e+000 -1.188086117e+000 -2.2939e+000 +4.1383e+000 -4.8941e+000 +6.9260e-001 -6.7816e-001
% function evaluation | noise-free fitness - Fopt (2.431100000000e+002) | best noise-free fitness - Fopt | measured fitness | best measured fitness | x1 | x2...
1 +3.418878053e+001 +3.418878053e+001 +2.772987805e+002 +2.772987805e+002 +0.0000e+000 +0.0000e+000 +0.0000e+000 +0.0000e+000 +0.0000e+000
260 +3.345240279e+001 +3.345240279e+001 +2.765624028e+002 +2.765624028e+002 -4.9536e+000 +3.4894e+000 +7.6725e-001 +3.1882e+000 -2.8485e+000
310 +2.462056723e+001 +2.462056723e+001 +2.677305672e+002 +2.677305672e+002 -4.2663e+000 +3.4440e+000 -1.3409e-001 +3.0874e+000 +5.3258e+000
427 +1.916859464e+001 +1.916859464e+001 +2.622785946e+002 +2.622785946e+002 -5.1177e+000 +3.2897e+000 -2.7291e+000 +2.8812e+000 +5.1481e+000
471 +1.828131743e+001 +1.828131743e+001 +2.613913174e+002 +2.613913174e+002 -5.3472e+000 +2.9243e+000 -2.6118e+000 +2.4358e+000 +3.6426e+000
564 +1.622479241e+001 +1.622479241e+001 +2.593347924e+002 +2.593347924e+002 -5.0060e+000 +1.3200e+000 -4.4227e+000 +2.2486e+000 +9.4577e-001
565 +1.099031848e+001 +1.099031848e+001 +2.541003185e+002 +2.541003185e+002 -5.4237e+000 -3.4131e+000 -2.0171e+000 +2.2615e+000 +4.7449e-001
579 +7.548244176e+000 +7.548244176e+000 +2.506582442e+002 +2.506582442e+002 -5.0756e+000 +1.1738e+000 -3.0408e+000 -2.5979e+000 +1.7949e+000
641 +6.096290813e+000 +6.096290813e+000 +2.492062908e+002 +2.492062908e+002 -5.0859e+000 -7.9356e-001 -2.3341e-001 +7.1910e-001 -2.0467e+000
688 +3.248541010e+000 +3.248541010e+000 +2.463585410e+002 +2.463585410e+002 -3.9443e+000 -3.9678e-001 +3.8265e-001 -1.1734e+000 +3.4576e-001
703 +1.942549325e+000 +1.942549325e+000 +2.450525493e+002 +2.450525493e+002 -3.6633e+000 -2.6836e-001 -2.9296e-001 -1.1245e+000 -8.0624e-003
907 +1.728005784e+000 +1.728005784e+000 +2.448380058e+002 +2.448380058e+002 -2.6812e+000 -1.1643e+000 -1.4893e+000 -1.8992e+000 -1.5717e+000
911 +1.608843502e+000 +1.608843502e+000 +2.447188435e+002 +2.447188435e+002 -2.7886e+000 -1.0523e+000 -3.8892e-001 -1.0311e+000 -1.3062e+000
915 +1.535140335e+000 +1.535140335e+000 +2.446451403e+002 +2.446451403e+002 -2.9980e+000 -9.5466e-001 -1.1651e+000 -2.3811e+000 -1.1245e+000
927 +1.032279562e+000 +1.032279562e+000 +2.441422796e+002 +2.441422796e+002 -2.8447e+000 -1.2773e+000 -1.1042e+000 -1.8263e+000 -1.2407e+000
1034 +9.887687323e-001 +9.887687323e-001 +2.440987687e+002 +2.440987687e+002 -2.8387e+000 -1.4218e+000 -6.6134e-001 -1.7079e+000 -1.2099e+000
1068 +9.630599056e-001 +9.630599056e-001 +2.440730599e+002 +2.440730599e+002 -2.8621e+000 -1.3437e+000 -1.2295e+000 -1.7007e+000 -1.0741e+000
1120 +9.336642916e-001 +9.336642916e-001 +2.440436643e+002 +2.440436643e+002 -3.6633e+000 -1.3012e+000 -1.0580e+000 -1.6845e+000 -1.4191e+000
1136 +7.225227779e-001 +7.225227779e-001 +2.438325228e+002 +2.438325228e+002 -3.3997e+000 -1.6505e+000 -7.5750e-001 -1.4416e+000 -1.2942e+000
1160 +5.723572366e-001 +5.723572366e-001 +2.436823572e+002 +2.436823572e+002 -3.3781e+000 -1.3121e+000 -5.2285e-001 -1.3461e+000 -1.4473e+000
1169 +4.800274449e-001 +4.800274449e-001 +2.435900274e+002 +2.435900274e+002 -3.3297e+000 -1.3494e+000 -4.9108e-001 -1.4526e+000 -1.3435e+000
1245 +3.390163207e-001 +3.390163207e-001 +2.434490163e+002 +2.434490163e+002 -3.8346e+000 -1.3892e+000 -8.1832e-001 -1.5378e+000 -1.6033e+000
1274 +2.217798464e-001 +2.217798464e-001 +2.433317798e+002 +2.433317798e+002 -3.5539e+000 -1.3672e+000 -6.2306e-001 -1.4914e+000 -1.6042e+000
1324 +1.773982078e-001 +1.773982078e-001 +2.432873982e+002 +2.432873982e+002 -3.7803e+000 -1.4050e+000 -7.1457e-001 -1.4466e+000 -1.5395e+000
1385 +1.365603778e-001 +1.365603778e-001 +2.432465604e+002 +2.432465604e+002 -3.8068e+000 -1.4548e+000 -6.3053e-001 -1.5496e+000 -1.6110e+000
1396 +1.280344053e-001 +1.280344053e-001 +2.432380344e+002 +2.432380344e+002 -3.8596e+000 -1.4139e+000 -6.7755e-001 -1.5534e+000 -1.5886e+000
1421 +1.101060694e-001 +1.101060694e-001 +2.432201061e+002 +2.432201061e+002 -3.7856e+000 -1.4650e+000 -6.9940e-001 -1.5769e+000 -1.6070e+000
1422 +9.994448454e-002 +9.994448454e-002 +2.432099445e+002 +2.432099445e+002 -3.7807e+000 -1.4605e+000 -6.8450e-001 -1.5470e+000 -1.6148e+000
1461 +7.075333358e-002 +7.075333358e-002 +2.431807533e+002 +2.431807533e+002 -3.8106e+000 -1.4669e+000 -6.8463e-001 -1.5690e+000 -1.5913e+000
1622 +6.546435673e-002 +6.546435673e-002 +2.431754644e+002 +2.431754644e+002 -3.8262e+000 -1.4329e+000 -6.7568e-001 -1.5774e+000 -1.5801e+000
1650 +5.177232575e-002 +5.177232575e-002 +2.431617723e+002 +2.431617723e+002 -3.8167e+000 -1.4542e+000 -6.7342e-001 -1.5737e+000 -1.6044e+000
1713 +3.811178854e-002 +3.811178854e-002 +2.431481118e+002 +2.431481118e+002 -3.8315e+000 -1.4402e+000 -6.7908e-001 -1.5748e+000 -1.5938e+000
1731 +3.129921295e-002 +3.129921295e-002 +2.431412992e+002 +2.431412992e+002 -3.8460e+000 -1.4336e+000 -6.7963e-001 -1.5728e+000 -1.5882e+000
1782 +3.085985402e-002 +3.085985402e-002 +2.431408599e+002 +2.431408599e+002 -3.8507e+000 -1.4405e+000 -6.8030e-001 -1.5748e+000 -1.5841e+000
1797 +2.868523897e-002 +2.868523897e-002 +2.431386852e+002 +2.431386852e+002 -3.8432e+000 -1.4399e+000 -6.7976e-001 -1.5735e+000 -1.5810e+000
1809 +2.434570679e-002 +2.434570679e-002 +2.431343457e+002 +2.431343457e+002 -3.8461e+000 -1.4386e+000 -6.8074e-001 -1.5758e+000 -1.5856e+000
1841 +2.124875689e-002 +2.124875689e-002 +2.431312488e+002 +2.431312488e+002 -3.8471e+000 -1.4389e+000 -6.7988e-001 -1.5745e+000 -1.5835e+000
2067 +1.954900375e-002 +1.954900375e-002 +2.431295490e+002 +2.431295490e+002 -3.8462e+000 -1.4353e+000 -6.7651e-001 -1.5763e+000 -1.5771e+000
2069 +1.344829205e-002 +1.344829205e-002 +2.431234483e+002 +2.431234483e+002 -3.8474e+000 -1.4342e+000 -6.7698e-001 -1.5757e+000 -1.5790e+000
2328 +1.274696041e-002 +1.274696041e-002 +2.431227470e+002 +2.431227470e+002 -3.8467e+000 -1.4332e+000 -6.7516e-001 -1.5755e+000 -1.5755e+000
2381 +1.247042902e-002 +1.247042902e-002 +2.431224704e+002 +2.431224704e+002 -3.8485e+000 -1.4330e+000 -6.7595e-001 -1.5757e+000 -1.5759e+000
% function evaluation | noise-free fitness - Fopt (-1.436200000000e+002) | best noise-free fitness - Fopt | measured fitness | best measured fitness | x1 | x2...
1 +2.363016559e+001 +2.363016559e+001 -1.199898344e+002 -1.199898344e+002 +0.0000e+000 +0.0000e+000 +0.0000e+000 +0.0000e+000 +0.0000e+000
765 +2.315978966e+001 +2.315978966e+001 -1.204602103e+002 -1.204602103e+002 +2.3167e+000 +7.7085e-001 +4.5829e+000 +5.2233e+000 +4.2909e+000
777 +2.133611148e+001 +2.133611148e+001 -1.222838885e+002 -1.222838885e+002 +2.2650e+000 +6.4189e-001 +4.5788e+000 +3.5403e+000 +4.2352e+000
793 +1.838894256e+001 +1.838894256e+001 -1.252310574e+002 -1.252310574e+002 +2.2815e+000 +7.4375e-001 +4.7017e+000 +4.9443e+000 +4.2691e+000
796 +1.455337758e+001 +1.455337758e+001 -1.290666224e+002 -1.290666224e+002 +2.3058e+000 +7.6968e-001 +4.3423e+000 +4.3507e+000 +3.8381e+000
808 +1.357210236e+001 +1.357210236e+001 -1.300478976e+002 -1.300478976e+002 +2.2713e+000 +4.2762e-001 +4.4330e+000 +4.6091e+000 +4.0581e+000
857 +1.341605071e+001 +1.341605071e+001 -1.302039493e+002 -1.302039493e+002 +2.4029e+000 +1.0117e+000 -2.4984e-001 +3.2182e+000 +4.3277e+000
901 +9.794489574e+000 +9.794489574e+000 -1.338255104e+002 -1.338255104e+002 +2.2413e+000 +5.9716e-001 +2.2191e+000 +4.0741e+000 +4.3425e+000
959 +8.941382827e+000 +8.941382827e+000 -1.346786172e+002 -1.346786172e+002 +2.1772e+000 +5.6182e-001 -1.1308e+000 +4.7726e+000 +2.8965e+000
985 +7.822151804e+000 +7.822151804e+000 -1.357978482e+002 -1.357978482e+002 +2.0196e+000 +9.6957e-001 +2.0780e+000 +4.3910e+000 +3.9958e+000
1147 +6.939539666e+000 +6.939539666e+000 -1.366804603e+002 -1.366804603e+002 +5.4081e-001 +1.6263e+000 -1.5328e-001 +3.9030e+000 +2.7628e+000
1200 +6.762043725e+000 +6.762043725e+000 -1.368579563e+002 -1.368579563e+002 -3.3522e+000 +7.3968e-001 +9.2737e-001 +3.4739e+000 +2.9915e+000
1201 +6.130096694e+000 +6.130096694e+000 -1.374899033e+002 -1.374899033e+002 -1.5201e+000 +1.3286e+000 +8.2508e-001 +4.4447e+000 +5.0829e+000
1254 +5.864273155e+000 +5.864273155e+000 -1.377557268e+002 -1.377557268e+002 -1.2157e-001 +1.4661e+000 +4.6385e-001 +2.5250e+000 +2.3709e+000
1262 +4.555106350e+000 +4.555106350e+000 -1.390648937e+002 -1.390648937e+002 -4.6683e-002 +1.4273e+000 +1.8198e+000 +3.5225e+000 +1.8982e+000
1381 +4.357363769e+000 +4.357363769e+000 -1.392626362e+002 -1.392626362e+002 -2.3044e+000 +1.8092e+000 +6.7683e-001 +2.1581e+000 +3.7285e+000
1421 +3.638649620e+000 +3.638649620e+000 -1.399813504e+002 -1.399813504e+002 -1.5497e+000 +1.3997e+000 +3.4152e-001 -4.4690e-001 +2.7176e+000
1436 +2.792560289e+000 +2.792560289e+000 -1.408274397e+002 -1.408274397e+002 -1.7160e+000 +1.7317e+000 +5.8881e-001 +1.1844e+000 +3.3343e+000
1490 +1.477547988e+000 +1.477547988e+000 -1.421424520e+002 -1.421424520e+002 -1.8036e+000 +3.0586e+000 +2.9793e-001 +1.1340e+000 +3.0682e+000
1530 +1.241668111e+000 +1.241668111e+000 -1.423783319e+002 -1.423783319e+002 -2.8459e+000 +2.7291e+000 +9.4142e-001 +1.0320e+000 +2.5019e+000
1539 +9.733041088e-001 +9.733041088e-001 -1.426466959e+002 -1.426466959e+002 -1.9198e+000 +3.0136e+000 +7.0774e-001 +5.4551e-001 +2.5853e+000
1548 +8.201828890e-001 +8.201828890e-001 -1.427998171e+002 -1.427998171e+002 -1.9840e+000 +3.2219e+000 +5.9189e-001 +9.7641e-001 +2.6053e+000
1603 +3.557712937e-001 +3.557712937e-001 -1.432642287e+002 -1.432642287e+002 -1.7444e+000 +3.1284e+000 +6.9720e-001 +3.0963e-001 +2.4217e+000
1777 +3.278912965e-001 +3.278912965e-001 -1.432921087e+002 -1.432921087e+002 -2.3562e+000 +3.1577e+000 +8.7888e-001 +8.4439e-001 +2.4704e+000
1823 +3.219542960e-001 +3.219542960e-001 -1.432980457e+002 -1.432980457e+002 -2.1819e+000 +3.1791e+000 +8.6390e-001 +7.7036e-001 +2.2396e+000
1840 +2.857779912e-001 +2.857779912e-001 -1.433342220e+002 -1.433342220e+002 -2.1552e+000 +3.1714e+000 +8.5892e-001 +7.5180e-001 +2.4627e+000
1861 +2.654714794e-001 +2.654714794e-001 -1.433545285e+002 -1.433545285e+002 -2.1748e+000 +3.1759e+000 +8.6707e-001 +7.4722e-001 +2.4087e+000
1994 +1.807929950e-001 +1.807929950e-001 -1.434392070e+002 -1.434392070e+002 -2.1451e+000 +3.2124e+000 +8.3369e-001 +7.4796e-001 +2.3682e+000
2039 +1.419763844e-001 +1.419763844e-001 -1.434780236e+002 -1.434780236e+002 -2.1518e+000 +3.2117e+000 +7.8164e-001 +7.7148e-001 +2.3225e+000
2068 +1.270660445e-001 +1.270660445e-001 -1.434929340e+002 -1.434929340e+002 -2.1481e+000 +3.1986e+000 +7.6721e-001 +7.4221e-001 +2.3038e+000
2121 +1.086176704e-001 +1.086176704e-001 -1.435113823e+002 -1.435113823e+002 -2.1507e+000 +3.1896e+000 +7.8910e-001 +7.4160e-001 +2.2948e+000
2482 +8.974119282e-002 +8.974119282e-002 -1.435302588e+002 -1.435302588e+002 -2.1595e+000 +3.2016e+000 +7.8977e-001 +7.5044e-001 +2.2992e+000
% function evaluation | noise-free fitness - Fopt (4.290000000000e+001) | best noise-free fitness - Fopt | measured fitness | best measured fitness | x1 | x2...
1 +6.740739267e+000 +6.740739267e+000 +4.964073927e+001 +4.964073927e+001 +0.0000e+000 +0.0000e+000 +0.0000e+000 +0.0000e+000 +0.0000e+000
408 +5.646748308e+000 +5.646748308e+000 +4.854674831e+001 +4.854674831e+001 -7.6376e-001 +2.0704e+000 +9.6140e-001 -9.9490e-001 +3.2814e-001
442 +3.565575081e+000 +3.565575081e+000 +4.646557508e+001 +4.646557508e+001 -6.1539e-001 +2.0296e+000 +1.9188e+000 -1.4045e+000 +3.2011e-001
565 +3.498134330e+000 +3.498134330e+000 +4.639813433e+001 +4.639813433e+001 -4.3819e-001 +2.0812e+000 +1.3909e+000 +6.1709e-001 +4.1608e-001
576 +3.219827051e+000 +3.219827051e+000 +4.611982705e+001 +4.611982705e+001 -3.6697e-002 +1.6278e+000 +3.3203e+000 +4.2015e-001 +3.5684e-001
642 +2.314885397e+000 +2.314885397e+000 +4.521488540e+001 +4.521488540e+001 +4.2800e-001 +1.8829e+000 +3.3709e+000 -8.7524e-001 +7.3610e-001
716 +1.915199123e+000 +1.915199123e+000 +4.481519912e+001 +4.481519912e+001 -7.1194e-001 +1.2304e+000 +3.2103e+000 -9.6897e-001 +2.5776e+000
978 +1.408280076e+000 +1.408280076e+000 +4.430828008e+001 +4.430828008e+001 +1.6027e+000 +7.9677e-001 +2.7473e+000 -5.9080e-001 +8.5672e-001
1042 +1.058123540e+000 +1.058123540e+000 +4.395812354e+001 +4.395812354e+001 +6.1235e-001 +8.0511e-001 +2.8485e+000 -7.0863e-001 +1.1660e+000
1047 +9.805176411e-001 +9.805176411e-001 +4.388051764e+001 +4.388051764e+001 +3.0519e-001 +6.9684e-001 +2.6977e+000 -9.8638e-001 +1.5388e+000
1066 +8.000471996e-001 +8.000471996e-001 +4.370004720e+001 +4.370004720e+001 +4.2006e-001 +7.7785e-001 +2.7236e+000 -8.3821e-001 +1.6121e+000
1130 +5.904331857e-001 +5.904331857e-001 +4.349043319e+001 +4.349043319e+001 +2.3038e-001 +7.9256e-002 +2.6766e+000 -7.8624e-001 +9.0218e-001
1325 +5.775893988e-001 +5.775893988e-001 +4.347758940e+001 +4.347758940e+001 -1.3256e-001 +1.3840e-001 +2.7731e+000 -8.3186e-001 +9.1319e-001
1412 +3.375760288e-001 +3.375760288e-001 +4.323757603e+001 +4.323757603e+001 +1.5895e-001 +1.5178e-001 +2.7400e+000 -8.3706e-001 +7.1566e-001
1423 +1.746112000e-001 +1.746112000e-001 +4.307461120e+001 +4.307461120e+001 +1.3293e-001 +2.2919e-001 +2.8240e+000 -7.5990e-001 +9.1192e-001
1564 +1.060733672e-001 +1.060733672e-001 +4.300607337e+001 +4.300607337e+001 +2.3215e-001 +2.1525e-001 +2.8401e+000 -7.4458e-001 +8.1954e-001
1583 +9.265570584e-002 +9.265570584e-002 +4.299265571e+001 +4.299265571e+001 +1.5004e-001 +2.1535e-001 +2.8491e+000 -7.2188e-001 +8.2038e-001
1677 +8.843296445e-002 +8.843296445e-002 +4.298843296e+001 +4.298843296e+001 +1.4263e-001 +2.1445e-001 +2.8506e+000 -7.1099e-001 +8.3190e-001
1704 +5.268581035e-002 +5.268581035e-002 +4.295268581e+001 +4.295268581e+001 +1.9681e-001 +2.2774e-001 +2.8578e+000 -6.9601e-001 +8.4067e-001
1711 +4.487048035e-002 +4.487048035e-002 +4.294487048e+001 +4.294487048e+001 +1.7126e-001 +2.0850e-001 +2.8765e+000 -7.0660e-001 +8.4682e-001
1727 +2.723628173e-002 +2.723628173e-002 +4.292723628e+001 +4.292723628e+001 +1.6192e-001 +2.2810e-001 +2.8825e+000 -7.1080e-001 +8.5320e-001
1863 +2.376148860e-002 +2.376148860e-002 +4.292376149e+001 +4.292376149e+001 +1.6705e-001 +2.0656e-001 +2.8617e+000 -7.0071e-001 +8.5329e-001
1897 +2.272591892e-002 +2.272591892e-002 +4.292272592e+001 +4.292272592e+001 +1.5404e-001 +2.1368e-001 +2.8597e+000 -7.0641e-001 +8.5612e-001
1947 +2.080377718e-002 +2.080377718e-002 +4.292080378e+001 +4.292080378e+001 +1.7658e-001 +2.1095e-001 +2.8619e+000 -7.0558e-001 +8.3742e-001
2003 +1.517424824e-002 +1.517424824e-002 +4.291517425e+001 +4.291517425e+001 +1.6644e-001 +2.0467e-001 +2.8580e+000 -7.0265e-001 +8.4435e-001
2053 +1.292591159e-002 +1.292591159e-002 +4.291292591e+001 +4.291292591e+001 +1.6972e-001 +2.0175e-001 +2.8587e+000 -7.0390e-001 +8.3516e-001
2138 +1.207717663e-002 +1.207717663e-002 +4.291207718e+001 +4.291207718e+001 +1.6631e-001 +2.0581e-001 +2.8609e+000 -7.0276e-001 +8.4262e-001
2188 +1.117121239e-002 +1.117121239e-002 +4.291117121e+001 +4.291117121e+001 +1.6687e-001 +2.0500e-001 +2.8573e+000 -7.0393e-001 +8.4455e-001
2204 +9.265465958e-003 +9.265465958e-003 +4.290926547e+001 +4.290926547e+001 +1.6672e-001 +2.0572e-001 +2.8618e+000 -7.0255e-001 +8.4605e-001
2253 +8.516931366e-003 +8.516931366e-003 +4.290851693e+001 +4.290851693e+001 +1.6644e-001 +2.0530e-001 +2.8623e+000 -7.0147e-001 +8.4373e-001
2311 +7.953220189e-003 +7.953220189e-003 +4.290795322e+001 +4.290795322e+001 +1.6678e-001 +2.0550e-001 +2.8612e+000 -7.0161e-001 +8.4525e-001
2323 +6.740250474e-003 +6.740250474e-003 +4.290674025e+001 +4.290674025e+001 +1.6693e-001 +2.0642e-001 +2.8630e+000 -7.0237e-001 +8.4641e-001
2354 +4.840242212e-003 +4.840242212e-003 +4.290484024e+001 +4.290484024e+001 +1.6689e-001 +2.0600e-001 +2.8622e+000 -7.0105e-001 +8.4474e-001
2427 +4.610676868e-003 +4.610676868e-003 +4.290461068e+001 +4.290461068e+001 +1.6677e-001 +2.0602e-001 +2.8626e+000 -7.0106e-001 +8.4448e-001
2432 +4.269335450e-003 +4.269335450e-003 +4.290426934e+001 +4.290426934e+001 +1.6678e-001 +2.0632e-001 +2.8624e+000 -7.0128e-001 +8.4458e-001
2460 +4.238335567e-003 +4.238335567e-003 +4.290423834e+001 +4.290423834e+001 +1.6688e-001 +2.0625e-001 +2.8625e+000 -7.0115e-001 +8.4444e-001
% function evaluation | noise-free fitness - Fopt (6.286500000000e+002) | best noise-free fitness - Fopt | measured fitness | best measured fitness | x1 | x2...
1 +1.068951254e+001 +1.068951254e+001 +6.393395125e+002 +6.393395125e+002 +0.0000e+000 +0.0000e+000 +0.0000e+000 +0.0000e+000 +0.0000e+000
36 +1.004883902e+001 +1.004883902e+001 +6.386988390e+002 +6.386988390e+002 -2.0764e+000 +6.8779e-001 +2.0836e+000 +9.2216e-001 +1.7414e+000
72 +9.899640729e+000 +9.899640729e+000 +6.385496407e+002 +6.385496407e+002 -2.0742e+000 +6.9210e-001 +2.0895e+000 +9.1518e-001 +1.7496e+000
83 +9.578911830e+000 +9.578911830e+000 +6.382289118e+002 +6.382289118e+002 -2.0784e+000 +6.6088e-001 +2.1410e+000 +8.9207e-001 +1.7651e+000
102 +9.515542373e+000 +9.515542373e+000 +6.381655424e+002 +6.381655424e+002 -2.0749e+000 +6.9173e-001 +2.1307e+000 +8.8420e-001 +1.7722e+000
258 +9.331678881e+000 +9.331678881e+000 +6.379816789e+002 +6.379816789e+002 -2.0765e+000 +6.6868e-001 +2.1339e+000 +9.0479e-001 +1.6879e+000
% function evaluation | noise-free fitness - Fopt (-7.163000000000e+001) | best noise-free fitness - Fopt | measured fitness | best measured fitness | x1 | x2...
1 +5.804206668e+001 +5.804206668e+001 -1.358793332e+001 -1.358793332e+001 +0.0000e+000 +0.0000e+000 +0.0000e+000 +0.0000e+000 +0.0000e+000
162 +5.443840626e+001 +5.443840626e+001 -1.719159374e+001 -1.719159374e+001 +7.8133e-001 -1.5153e+000 -3.5892e+000 +3.3218e+000 -3.8171e+000
195 +5.186484890e+001 +5.186484890e+001 -1.976515110e+001 -1.976515110e+001 +7.7010e-001 -2.7103e+000 -3.4758e+000 +3.3200e+000 -3.9474e+000
206 +2.276115225e+001 +2.276115225e+001 -4.886884775e+001 -4.886884775e+001 +8.1915e-001 -4.9321e+000 -3.4311e+000 +3.3333e+000 -3.7574e+000
244 +2.201388804e+001 +2.201388804e+001 -4.961611196e+001 -4.961611196e+001 +7.3867e-001 -3.1524e+000 -2.9842e+000 +3.3378e+000 -1.8946e+000
255 +1.677992315e+001 +1.677992315e+001 -5.485007685e+001 -5.485007685e+001 +8.2598e-001 -4.8686e+000 -3.5887e+000 +3.3382e+000 -2.5607e+000
282 +1.556802665e+001 +1.556802665e+001 -5.606197335e+001 -5.606197335e+001 +8.5730e-001 -5.4706e+000 -3.4705e+000 +3.3412e+000 -2.2823e+000
308 +1.335072591e+001 +1.335072591e+001 -5.827927409e+001 -5.827927409e+001 +7.7500e-001 -3.6876e+000 -3.5848e+000 +3.3462e+000 -9.4478e-001
330 +1.115984976e+001 +1.115984976e+001 -6.047015024e+001 -6.047015024e+001 +8.0407e-001 -3.4949e+000 +9.4754e-001 +3.3621e+000 -3.5706e-001
355 +8.313447609e+000 +8.313447609e+000 -6.331655239e+001 -6.331655239e+001 +1.3021e+000 -3.7329e+000 -1.9391e+000 +3.3956e+000 +2.9445e-001
371 +4.553357839e+000 +4.553357839e+000 -6.707664216e+001 -6.707664216e+001 +1.1625e+000 -4.2694e+000 +8.2224e-001 +3.3942e+000 +1.5897e+000
419 +3.027187445e+000 +3.027187445e+000 -6.860281255e+001 -6.860281255e+001 +9.3567e-001 -5.0843e+000 +6.3100e-001 +3.3997e+000 +4.6387e+000
438 +2.901477837e+000 +2.901477837e+000 -6.872852216e+001 -6.872852216e+001 +9.1675e-001 -3.9294e+000 +7.1900e-001 +3.3781e+000 +3.4017e+000
466 +2.566723474e+000 +2.566723474e+000 -6.906327653e+001 -6.906327653e+001 +1.2088e+000 -3.8020e+000 +1.0501e+000 +3.4031e+000 +2.5949e+000
483 +1.910559603e+000 +1.910559603e+000 -6.971944040e+001 -6.971944040e+001 +1.2243e+000 -3.2160e+000 +1.2980e+000 +3.4093e+000 +3.3805e+000
495 +1.594471099e+000 +1.594471099e+000 -7.003552890e+001 -7.003552890e+001 +1.7060e+000 -3.1539e+000 +2.5039e+000 +3.4043e+000 +4.9483e+000
529 +1.103005626e+000 +1.103005626e+000 -7.052699437e+001 -7.052699437e+001 +1.2319e+000 -3.1103e+000 +1.9463e+000 +3.3587e+000 +3.2197e+000
548 +1.036039708e+000 +1.036039708e+000 -7.059396029e+001 -7.059396029e+001 +1.6521e+000 -2.9793e+000 +1.9516e+000 +3.3704e+000 +3.7690e+000
556 +7.562300279e-001 +7.562300279e-001 -7.087376997e+001 -7.087376997e+001 +1.6706e+000 -3.4780e+000 +1.6326e+000 +3.3817e+000 +3.7958e+000
587 +6.916070144e-001 +6.916070144e-001 -7.093839299e+001 -7.093839299e+001 +1.5524e+000 -3.1105e+000 +1.8222e+000 +3.3717e+000 +3.5887e+000
608 +5.320936026e-001 +5.320936026e-001 -7.109790640e+001 -7.109790640e+001 +1.8320e+000 -3.2028e+000 +1.8854e+000 +3.3362e+000 +3.6679e+000
730 +4.992446639e-001 +4.992446639e-001 -7.113075534e+001 -7.113075534e+001 +1.6961e+000 -3.2894e+000 +1.6420e+000 +2.9279e+000 +3.3953e+000
731 +4.172362494e-001 +4.172362494e-001 -7.121276375e+001 -7.121276375e+001 +1.7543e+000 -3.1432e+000 +1.8331e+000 +2.9199e+000 +3.7168e+000
747 +3.866254873e-001 +3.866254873e-001 -7.124337451e+001 -7.124337451e+001 +1.8590e+000 -3.4596e+000 +1.8389e+000 +3.1181e+000 +3.5941e+000
756 +2.807983885e-001 +2.807983885e-001 -7.134920161e+001 -7.134920161e+001 +1.7686e+000 -3.2822e+000 +1.7647e+000 +2.9205e+000 +3.7757e+000
811 +1.337258420e-001 +1.337258420e-001 -7.149627416e+001 -7.149627416e+001 +1.7503e+000 -3.3526e+000 +1.8149e+000 +2.9811e+000 +3.6827e+000
848 +9.585440539e-002 +9.585440539e-002 -7.153414559e+001 -7.153414559e+001 +1.7359e+000 -3.3462e+000 +1.7834e+000 +2.9659e+000 +3.7412e+000
913 +8.636590527e-002 +8.636590527e-002 -7.154363409e+001 -7.154363409e+001 +1.7440e+000 -3.3437e+000 +1.8027e+000 +2.9403e+000 +3.7141e+000
946 +4.188713342e-002 +4.188713342e-002 -7.158811287e+001 -7.158811287e+001 +1.7480e+000 -3.4011e+000 +1.8165e+000 +2.9423e+000 +3.7574e+000
1062 +2.234342391e-002 +2.234342391e-002 -7.160765658e+001 -7.160765658e+001 +1.7585e+000 -3.4392e+000 +1.8305e+000 +2.9352e+000 +3.7676e+000
1093 +2.045831676e-002 +2.045831676e-002 -7.160954168e+001 -7.160954168e+001 +1.7587e+000 -3.4330e+000 +1.8288e+000 +2.9336e+000 +3.7749e+000
1190 +1.740473562e-002 +1.740473562e-002 -7.161259526e+001 -7.161259526e+001 +1.7547e+000 -3.4272e+000 +1.8240e+000 +2.9298e+000 +3.7660e+000
1420 +1.234071023e-002 +1.234071023e-002 -7.161765929e+001 -7.161765929e+001 +1.7544e+000 -3.4307e+000 +1.8250e+000 +2.9268e+000 +3.7695e+000
1701 +7.456263511e-003 +7.456263511e-003 -7.162254374e+001 -7.162254374e+001 +1.7533e+000 -3.4292e+000 +1.8261e+000 +2.9281e+000 +3.7689e+000
1979 +6.494460712e-003 +6.494460712e-003 -7.162350554e+001 -7.162350554e+001 +1.7533e+000 -3.4295e+000 +1.8257e+000 +2.9275e+000 +3.7697e+000
2035 +5.724122166e-003 +5.724122166e-003 -7.162427588e+001 -7.162427588e+001 +1.7535e+000 -3.4299e+000 +1.8260e+000 +2.9276e+000 +3.7698e+000
2181 +5.492322660e-003 +5.492322660e-003 -7.162450768e+001 -7.162450768e+001 +1.7535e+000 -3.4299e+000 +1.8260e+000 +2.9274e+000 +3.7696e+000
2209 +5.202093481e-003 +5.202093481e-003 -7.162479791e+001 -7.162479791e+001 +1.7535e+000 -3.4299e+000 +1.8260e+000 +2.9274e+000 +3.7696e+000
2298 +5.109897346e-003 +5.109897346e-003 -7.162489010e+001 -7.162489010e+001 +1.7535e+000 -3.4299e+000 +1.8260e+000 +2.9276e+000 +3.7696e+000
2355 +4.956424784e-003 +4.956424784e-003 -7.162504358e+001 -7.162504358e+001 +1.7535e+000 -3.4298e+000 +1.8260e+000 +2.9275e+000 +3.7696e+000
2486 +4.862442884e-003 +4.862442884e-003 -7.162513756e+001 -7.162513756e+001 +1.7535e+000 -3.4298e+000 +1.8260e+000 +2.9275e+000 +3.7697e+000
% function evaluation | noise-free fitness - Fopt (1.976000000000e+001) | best noise-free fitness - Fopt | measured fitness | best measured fitness | x1 | x2...
1 +1.684672759e+001 +1.684672759e+001 +3.660672759e+001 +3.660672759e+001 +0.0000e+000 +0.0000e+000 +0.0000e+000 +0.0000e+000 +0.0000e+000
2 +1.523215524e+001 +1.523215524e+001 +3.499215524e+001 +3.499215524e+001 -1.1976e+000 -5.9914e-001 -6.8684e-001 +3.9377e+000 -3.8440e+000
3 +1.505907106e+001 +1.505907106e+001 +3.481907106e+001 +3.481907106e+001 -1.2002e+000 -5.9171e-001 -6.7646e-001 +3.9375e+000 -3.8335e+000
29 +1.430094234e+001 +1.430094234e+001 +3.406094234e+001 +3.406094234e+001 -1.1941e+000 -5.9850e-001 -6.6132e-001 +3.9372e+000 -3.7900e+000
37 +1.379455916e+001 +1.379455916e+001 +3.355455916e+001 +3.355455916e+001 -1.1960e+000 -5.7790e-001 -6.6830e-001 +3.9371e+000 -3.7557e+000
84 +1.217365535e+001 +1.217365535e+001 +3.193365535e+001 +3.193365535e+001 -1.1174e+000 -5.9657e-001 -6.5072e-001 +3.9357e+000 -3.5944e+000
105 +1.025431293e+001 +1.025431293e+001 +3.001431293e+001 +3.001431293e+001 +2.6140e+000 -6.1926e-001 -6.6283e-001 +3.9374e+000 -3.6640e+000
230 +9.985804989e+000 +9.985804989e+000 +2.974580499e+001 +2.974580499e+001 -1.4864e+000 -4.2904e-001 -7.1276e-001 +3.9357e+000 -3.5956e+000
275 +7.707404231e+000 +7.707404231e+000 +2.746740423e+001 +2.746740423e+001 -7.4930e-001 -6.0293e-001 -9.7525e-001 +3.9416e+000 -1.9536e+000
355 +6.512358284e+000 +6.512358284e+000 +2.627235828e+001 +2.627235828e+001 -6.7026e-001 +1.6188e-001 -6.9728e-001 +3.8935e+000 -4.2780e+000
402 +6.049765560e+000 +6.049765560e+000 +2.580976556e+001 +2.580976556e+001 +1.2006e+000 +1.3611e-003 -2.8746e+000 +2.7625e+000 -1.5562e+000
429 +5.932895640e+000 +5.932895640e+000 +2.569289564e+001 +2.569289564e+001 +2.5090e+000 +7.4026e-001 -2.7162e+000 +3.5201e+000 -1.5187e+000
439 +3.456696738e+000 +3.456696738e+000 +2.321669674e+001 +2.321669674e+001 +1.8693e+000 +1.3194e+000 -3.9182e+000 +3.6868e+000 -5.9297e-001
530 +2.809204539e+000 +2.809204539e+000 +2.256920454e+001 +2.256920454e+001 +1.4766e+000 +8.2573e-001 -4.1832e+000 +3.5416e+000 -3.3562e-001
557 +2.448510677e+000 +2.448510677e+000 +2.220851068e+001 +2.220851068e+001 +1.3136e+000 +1.2130e+000 -3.7685e+000 +3.5399e+000 -5.8903e-001
577 +2.192746605e+000 +2.192746605e+000 +2.195274660e+001 +2.195274660e+001 +2.3664e+000 +1.0586e+000 -3.7802e+000 +3.5025e+000 -1.8841e-001
671 +2.157687006e+000 +2.157687006e+000 +2.191768701e+001 +2.191768701e+001 +1.2803e+000 +1.1709e+000 -3.7324e+000 +3.5428e+000 -6.4044e-001
936 +1.957114341e+000 +1.957114341e+000 +2.171711434e+001 +2.171711434e+001 +2.1116e+000 +1.4331e+000 -3.0316e+000 +3.4040e+000 +7.1739e-001
960 +1.035594488e+000 +1.035594488e+000 +2.079559449e+001 +2.079559449e+001 +1.8474e+000 +1.2682e+000 -3.2914e+000 +2.3537e+000 +6.5835e-003
1042 +1.016981297e+000 +1.016981297e+000 +2.077698130e+001 +2.077698130e+001 +2.5731e+000 +1.5848e+000 -3.2261e+000 +2.1608e+000 +2.4840e-001
1045 +9.765299270e-001 +9.765299270e-001 +2.073652993e+001 +2.073652993e+001 +2.3645e+000 +1.2679e+000 -3.3119e+000 +2.2234e+000 -1.8548e-001
1052 +4.136971692e-001 +4.136971692e-001 +2.017369717e+001 +2.017369717e+001 +2.7430e+000 +1.4356e+000 -3.2174e+000 +2.3739e+000 +5.2224e-001
1111 +3.447341598e-001 +3.447341598e-001 +2.010473416e+001 +2.010473416e+001 +2.3688e+000 +1.4962e+000 -3.1790e+000 +2.1176e+000 +2.9261e-001
1157 +3.252015632e-001 +3.252015632e-001 +2.008520156e+001 +2.008520156e+001 +2.2594e+000 +1.4749e+000 -3.2759e+000 +2.0740e+000 +2.6503e-001
1209 +2.878531462e-001 +2.878531462e-001 +2.004785315e+001 +2.004785315e+001 +2.3948e+000 +1.5147e+000 -3.1776e+000 +2.0206e+000 +2.3704e-001
1298 +1.593004831e-001 +1.593004831e-001 +1.991930048e+001 +1.991930048e+001 +2.5805e+000 +1.5659e+000 -3.1497e+000 +1.8965e+000 +4.1488e-001
1341 +1.495157546e-001 +1.495157546e-001 +1.990951575e+001 +1.990951575e+001 +2.7116e+000 +1.4529e+000 -3.2212e+000 +1.9332e+000 +4.9315e-001
1350 +1.136619746e-001 +1.136619746e-001 +1.987366197e+001 +1.987366197e+001 +2.7282e+000 +1.5168e+000 -3.2504e+000 +1.9321e+000 +4.5615e-001
1374 +1.085931736e-001 +1.085931736e-001 +1.986859317e+001 +1.986859317e+001 +2.6331e+000 +1.4734e+000 -3.2453e+000 +1.9346e+000 +4.7097e-001
1377 +8.168010712e-002 +8.168010712e-002 +1.984168011e+001 +1.984168011e+001 +2.7069e+000 +1.5437e+000 -3.2225e+000 +1.8841e+000 +5.2236e-001
1434 +7.808404293e-002 +7.808404293e-002 +1.983808404e+001 +1.983808404e+001 +2.7259e+000 +1.4738e+000 -3.2764e+000 +1.9176e+000 +5.0662e-001
1466 +6.717549218e-002 +6.717549218e-002 +1.982717549e+001 +1.982717549e+001 +2.6419e+000 +1.4833e+000 -3.2082e+000 +1.9192e+000 +4.9952e-001
1468 +6.463991741e-002 +6.463991741e-002 +1.982463992e+001 +1.982463992e+001 +2.7012e+000 +1.5007e+000 -3.2257e+000 +1.8904e+000 +4.7893e-001
1505 +5.801347314e-002 +5.801347314e-002 +1.981801347e+001 +1.981801347e+001 +2.7005e+000 +1.5030e+000 -3.2206e+000 +1.9065e+000 +4.6918e-001
1559 +5.007640527e-002 +5.007640527e-002 +1.981007641e+001 +1.981007641e+001 +2.7032e+000 +1.5067e+000 -3.2257e+000 +1.9306e+000 +4.8502e-001
1560 +4.423343242e-002 +4.423343242e-002 +1.980423343e+001 +1.980423343e+001 +2.7146e+000 +1.5180e+000 -3.2237e+000 +1.9113e+000 +4.3896e-001
1572 +2.122122775e-002 +2.122122775e-002 +1.978122123e+001 +1.978122123e+001 +2.7077e+000 +1.5302e+000 -3.2259e+000 +1.9121e+000 +4.6894e-001
1609 +1.833718673e-002 +1.833718673e-002 +1.977833719e+001 +1.977833719e+001 +2.7179e+000 +1.5247e+000 -3.2222e+000 +1.9223e+000 +4.6654e-001
1612 +1.638817803e-002 +1.638817803e-002 +1.977638818e+001 +1.977638818e+001 +2.7134e+000 +1.5249e+000 -3.2232e+000 +1.9099e+000 +4.6077e-001
1650 +1.245169694e-002 +1.245169694e-002 +1.977245170e+001 +1.977245170e+001 +2.7171e+000 +1.5229e+000 -3.2254e+000 +1.9164e+000 +4.6838e-001
1668 +1.191400618e-002 +1.191400618e-002 +1.977191401e+001 +1.977191401e+001 +2.7140e+000 +1.5215e+000 -3.2275e+000 +1.9165e+000 +4.6724e-001
1696 +1.087953528e-002 +1.087953528e-002 +1.977087954e+001 +1.977087954e+001 +2.7104e+000 +1.5211e+000 -3.2230e+000 +1.9094e+000 +4.6737e-001
1697 +1.066597466e-002 +1.066597466e-002 +1.977066597e+001 +1.977066597e+001 +2.7148e+000 +1.5303e+000 -3.2260e+000 +1.9097e+000 +4.6637e-001
1706 +8.305988418e-003 +8.305988418e-003 +1.976830599e+001 +1.976830599e+001 +2.7115e+000 +1.5201e+000 -3.2297e+000 +1.9104e+000 +4.6825e-001
1797 +8.064313775e-003 +8.064313775e-003 +1.976806431e+001 +1.976806431e+001 +2.7168e+000 +1.5255e+000 -3.2268e+000 +1.9116e+000 +4.6726e-001
1820 +7.029535194e-003 +7.029535194e-003 +1.976702954e+001 +1.976702954e+001 +2.7145e+000 +1.5231e+000 -3.2267e+000 +1.9108e+000 +4.6749e-001
1834 +6.271996973e-003 +6.271996973e-003 +1.976627200e+001 +1.976627200e+001 +2.7110e+000 +1.5215e+000 -3.2265e+000 +1.9107e+000 +4.6519e-001
1838 +5.614083373e-003 +5.614083373e-003 +1.976561408e+001 +1.976561408e+001 +2.7114e+000 +1.5257e+000 -3.2264e+000 +1.9115e+000 +4.6620e-001
1847 +4.853229889e-003 +4.853229889e-003 +1.976485323e+001 +1.976485323e+001 +2.7111e+000 +1.5237e+000 -3.2259e+000 +1.9113e+000 +4.6517e-001
1857 +4.272365016e-003 +4.272365016e-003 +1.976427237e+001 +1.976427237e+001 +2.7209e+000 +1.5251e+000 -3.2262e+000 +1.9090e+000 +4.6702e-001
1870 +4.159761428e-003 +4.159761428e-003 +1.976415976e+001 +1.976415976e+001 +2.7122e+000 +1.5252e+000 -3.2277e+000 +1.9109e+000 +4.6490e-001
1877 +3.065475022e-003 +3.065475022e-003 +1.976306548e+001 +1.976306548e+001 +2.7121e+000 +1.5240e+000 -3.2264e+000 +1.9107e+000 +4.6635e-001
1903 +2.968614611e-003 +2.968614611e-003 +1.976296861e+001 +1.976296861e+001 +2.7124e+000 +1.5240e+000 -3.2267e+000 +1.9104e+000 +4.6639e-001
1939 +2.832410679e-003 +2.832410679e-003 +1.976283241e+001 +1.976283241e+001 +2.7193e+000 +1.5241e+000 -3.2256e+000 +1.9088e+000 +4.6797e-001
2011 +2.472499316e-003 +2.472499316e-003 +1.976247250e+001 +1.976247250e+001 +2.7127e+000 +1.5243e+000 -3.2258e+000 +1.9100e+000 +4.6529e-001
2184 +2.352786829e-003 +2.352786829e-003 +1.976235279e+001 +1.976235279e+001 +2.7116e+000 +1.5248e+000 -3.2260e+000 +1.9106e+000 +4.6749e-001
2222 +2.164954120e-003 +2.164954120e-003 +1.976216495e+001 +1.976216495e+001 +2.7118e+000 +1.5245e+000 -3.2260e+000 +1.9105e+000 +4.6615e-001
2243 +1.865626981e-003 +1.865626981e-003 +1.976186563e+001 +1.976186563e+001 +2.7116e+000 +1.5244e+000 -3.2261e+000 +1.9106e+000 +4.6577e-001
2276 +1.310982972e-003 +1.310982972e-003 +1.976131098e+001 +1.976131098e+001 +2.7125e+000 +1.5243e+000 -3.2260e+000 +1.9103e+000 +4.6566e-001
2384 +1.193941759e-003 +1.193941759e-003 +1.976119394e+001 +1.976119394e+001 +2.7124e+000 +1.5241e+000 -3.2261e+000 +1.9105e+000 +4.6547e-001
2388 +1.132610606e-003 +1.132610606e-003 +1.976113261e+001 +1.976113261e+001 +2.7124e+000 +1.5241e+000 -3.2261e+000 +1.9106e+000 +4.6535e-001
2391 +1.086763709e-003 +1.086763709e-003 +1.976108676e+001 +1.976108676e+001 +2.7126e+000 +1.5241e+000 -3.2261e+000 +1.9104e+000 +4.6556e-001
% function evaluation | noise-free fitness - Fopt (6.100000000000e-001) | best noise-free fitness - Fopt | measured fitness | best measured fitness | x1 | x2...
1 +2.050209124e+001 +2.050209124e+001 +2.111209124e+001 +2.111209124e+001 +0.0000e+000 +0.0000e+000 +0.0000e+000 +0.0000e+000 +0.0000e+000
214 +1.756935089e+001 +1.756935089e+001 +1.817935089e+001 +1.817935089e+001 -2.0452e+000 +4.6653e+000 -1.8048e+000 -2.2190e+000 -1.1950e+000
227 +1.619520851e+001 +1.619520851e+001 +1.680520851e+001 +1.680520851e+001 -2.0888e+000 +4.7534e+000 -2.1100e+000 -9.8915e-001 -9.0745e-001
233 +1.499410770e+001 +1.499410770e+001 +1.560410770e+001 +1.560410770e+001 -2.0958e+000 +4.8014e+000 -5.5217e+000 -1.8108e+000 -6.9994e-001
256 +9.542697313e+000 +9.542697313e+000 +1.015269731e+001 +1.015269731e+001 -2.1542e+000 +4.7772e+000 -1.8692e+000 -1.2772e+000 -1.1251e+000
270 +8.904768353e+000 +8.904768353e+000 +9.514768353e+000 +9.514768353e+000 -2.0602e+000 +4.7943e+000 -4.3309e+000 -6.2193e-001 -3.9678e-001
411 +8.250608227e+000 +8.250608227e+000 +8.860608227e+000 +8.860608227e+000 -1.5731e+000 +4.6746e+000 -2.7871e+000 +4.0130e-001 -1.3503e+000
423 +7.771261961e+000 +7.771261961e+000 +8.381261961e+000 +8.381261961e+000 -2.1638e+000 +4.3362e+000 -3.1700e+000 -9.0762e-001 -2.9021e+000
433 +7.462131680e+000 +7.462131680e+000 +8.072131680e+000 +8.072131680e+000 -2.1637e+000 +4.0268e+000 -2.1551e+000 -2.9787e-001 -2.2055e+000
434 +6.487837930e+000 +6.487837930e+000 +7.097837930e+000 +7.097837930e+000 -1.9190e+000 +4.5346e+000 -2.9032e+000 -1.4013e+000 -2.0330e+000
469 +5.998985460e+000 +5.998985460e+000 +6.608985460e+000 +6.608985460e+000 -2.2482e+000 +4.5403e+000 -2.7179e+000 -1.5156e+000 -2.7156e+000
490 +4.116936789e+000 +4.116936789e+000 +4.726936789e+000 +4.726936789e+000 -1.4625e+000 +4.1624e+000 -3.2201e+000 -1.7398e+000 -3.7172e+000
656 +3.962383634e+000 +3.962383634e+000 +4.572383634e+000 +4.572383634e+000 -3.5596e-001 +3.9390e+000 -2.6525e+000 -2.3300e+000 -2.5190e+000
664 +2.995219106e+000 +2.995219106e+000 +3.605219106e+000 +3.605219106e+000 +7.4196e-001 +3.6068e+000 -2.8406e+000 -2.0963e+000 -3.0395e+000
691 +2.529483155e+000 +2.529483155e+000 +3.139483155e+000 +3.139483155e+000 +2.0132e+000 +3.8627e+000 -2.8522e+000 -1.9884e+000 -3.1750e+000
865 +2.284572290e+000 +2.284572290e+000 +2.894572290e+000 +2.894572290e+000 +6.7224e-001 +2.4151e+000 -3.8029e+000 -3.0880e+000 -1.6184e+000
872 +2.195814006e+000 +2.195814006e+000 +2.805814006e+000 +2.805814006e+000 +7.2997e-001 +2.2385e+000 -2.7500e+000 -2.5234e+000 -1.9974e+000
875 +2.131020989e+000 +2.131020989e+000 +2.741020989e+000 +2.741020989e+000 +1.4797e+000 +1.6980e+000 -3.4077e+000 -2.8465e+000 -1.6629e+000
902 +1.358939679e+000 +1.358939679e+000 +1.968939679e+000 +1.968939679e+000 +4.9921e-001 +1.0992e+000 -3.5138e+000 -2.5477e+000 -2.5460e+000
955 +1.270430379e+000 +1.270430379e+000 +1.880430379e+000 +1.880430379e+000 +6.2600e-001 +1.1844e+000 -3.5597e+000 -3.1057e+000 -2.3445e+000
963 +6.485981424e-001 +6.485981424e-001 +1.258598142e+000 +1.258598142e+000 +8.4569e-001 +1.6843e+000 -3.3663e+000 -2.8048e+000 -2.3185e+000
1042 +4.378869326e-001 +4.378869326e-001 +1.047886933e+000 +1.047886933e+000 +4.5964e-001 +1.1548e+000 -3.3114e+000 -2.8343e+000 -2.4454e+000
1103 +4.217663035e-001 +4.217663035e-001 +1.031766303e+000 +1.031766303e+000 +4.5091e-001 +1.2232e+000 -3.2014e+000 -2.8123e+000 -2.5511e+000
1167 +4.105911823e-001 +4.105911823e-001 +1.020591182e+000 +1.020591182e+000 +7.4650e-001 +1.4285e+000 -3.3204e+000 -2.7217e+000 -2.5427e+000
1198 +3.445766709e-001 +3.445766709e-001 +9.545766709e-001 +9.545766709e-001 +6.9304e-001 +1.4809e+000 -3.2551e+000 -2.8209e+000 -2.4087e+000
1221 +2.682091989e-001 +2.682091989e-001 +8.782091989e-001 +8.782091989e-001 +6.9035e-001 +1.4337e+000 -3.2844e+000 -2.8149e+000 -2.4557e+000
1257 +2.493643458e-001 +2.493643458e-001 +8.593643458e-001 +8.593643458e-001 +6.7345e-001 +1.4517e+000 -3.2514e+000 -2.8076e+000 -2.4218e+000
1358 +2.146572036e-001 +2.146572036e-001 +8.246572036e-001 +8.246572036e-001 +7.1110e-001 +1.4613e+000 -3.2662e+000 -2.8650e+000 -2.4604e+000
1359 +1.730339417e-001 +1.730339417e-001 +7.830339417e-001 +7.830339417e-001 +6.5868e-001 +1.4599e+000 -3.2391e+000 -2.8574e+000 -2.4710e+000
1384 +1.663313200e-001 +1.663313200e-001 +7.763313200e-001 +7.763313200e-001 +6.8505e-001 +1.4494e+000 -3.2674e+000 -2.8618e+000 -2.4536e+000
1422 +1.542974240e-001 +1.542974240e-001 +7.642974240e-001 +7.642974240e-001 +6.7255e-001 +1.4653e+000 -3.2756e+000 -2.8373e+000 -2.4341e+000
1444 +1.189839111e-001 +1.189839111e-001 +7.289839111e-001 +7.289839111e-001 +6.7535e-001 +1.4560e+000 -3.2623e+000 -2.8440e+000 -2.4558e+000
1468 +1.143935725e-001 +1.143935725e-001 +7.243935725e-001 +7.243935725e-001 +6.8080e-001 +1.4569e+000 -3.2522e+000 -2.8571e+000 -2.4489e+000
1485 +1.109523647e-001 +1.109523647e-001 +7.209523647e-001 +7.209523647e-001 +6.8578e-001 +1.4526e+000 -3.2661e+000 -2.8556e+000 -2.4454e+000
1532 +1.044796658e-001 +1.044796658e-001 +7.144796658e-001 +7.144796658e-001 +6.8735e-001 +1.4534e+000 -3.2604e+000 -2.8505e+000 -2.4578e+000
1570 +1.009299478e-001 +1.009299478e-001 +7.109299478e-001 +7.109299478e-001 +6.8836e-001 +1.4549e+000 -3.2611e+000 -2.8519e+000 -2.4603e+000
1618 +9.946413301e-002 +9.946413301e-002 +7.094641330e-001 +7.094641330e-001 +6.8534e-001 +1.4616e+000 -3.2619e+000 -2.8494e+000 -2.4465e+000
1649 +9.614255668e-002 +9.614255668e-002 +7.061425567e-001 +7.061425567e-001 +6.8486e-001 +1.4588e+000 -3.2609e+000 -2.8542e+000 -2.4566e+000
1666 +8.489678865e-002 +8.489678865e-002 +6.948967886e-001 +6.948967886e-001 +6.8184e-001 +1.4461e+000 -3.2584e+000 -2.8567e+000 -2.4629e+000
1750 +8.277912763e-002 +8.277912763e-002 +6.927791276e-001 +6.927791276e-001 +6.9040e-001 +1.4528e+000 -3.2584e+000 -2.8539e+000 -2.4565e+000
1773 +8.038674038e-002 +8.038674038e-002 +6.903867404e-001 +6.903867404e-001 +6.8854e-001 +1.4598e+000 -3.2581e+000 -2.8547e+000 -2.4568e+000
1820 +7.941567450e-002 +7.941567450e-002 +6.894156745e-001 +6.894156745e-001 +6.8648e-001 +1.4560e+000 -3.2578e+000 -2.8545e+000 -2.4554e+000
1857 +7.525004722e-002 +7.525004722e-002 +6.852500472e-001 +6.852500472e-001 +6.8684e-001 +1.4548e+000 -3.2589e+000 -2.8540e+000 -2.4560e+000
1932 +7.323534182e-002 +7.323534182e-002 +6.832353418e-001 +6.832353418e-001 +6.8584e-001 +1.4543e+000 -3.2595e+000 -2.8526e+000 -2.4561e+000
1933 +7.122836317e-002 +7.122836317e-002 +6.812283632e-001 +6.812283632e-001 +6.8442e-001 +1.4523e+000 -3.2605e+000 -2.8528e+000 -2.4557e+000
2354 +6.851472854e-002 +6.851472854e-002 +6.785147285e-001 +6.785147285e-001 +6.8518e-001 +1.4532e+000 -3.2597e+000 -2.8528e+000 -2.4556e+000
2381 +6.678626723e-002 +6.678626723e-002 +6.767862672e-001 +6.767862672e-001 +6.8488e-001 +1.4530e+000 -3.2596e+000 -2.8528e+000 -2.4557e+000
2463 +6.489876978e-002 +6.489876978e-002 +6.748987698e-001 +6.748987698e-001 +6.8501e-001 +1.4535e+000 -3.2598e+000 -2.8528e+000 -2.4554e+000
% function evaluation | noise-free fitness - Fopt (-8.634400000000e+002) | best noise-free fitness - Fopt | measured fitness | best measured fitness | x1 | x2...
1 +2.240834054e+001 +2.240834054e+001 -8.410316595e+002 -8.410316595e+002 +0.0000e+000 +0.0000e+000 +0.0000e+000 +0.0000e+000 +0.0000e+000
227 +2.123161655e+001 +2.123161655e+001 -8.422083835e+002 -8.422083835e+002 +2.1330e+000 +3.1801e+000 +1.5781e+000 +2.1950e+000 +1.7315e+000
253 +1.833273733e+001 +1.833273733e+001 -8.451072627e+002 -8.451072627e+002 +2.1398e+000 +3.2380e+000 +4.4984e+000 +2.1721e+000 +1.0546e+000
255 +1.784906981e+001 +1.784906981e+001 -8.455909302e+002 -8.455909302e+002 +2.1401e+000 +3.1480e+000 +3.3901e+000 +2.0308e+000 +9.9538e-001
277 +1.030470393e+001 +1.030470393e+001 -8.531352961e+002 -8.531352961e+002 +2.1429e+000 +2.3021e+000 +4.8380e+000 +1.4904e+000 +1.1270e+000
310 +8.144726273e+000 +8.144726273e+000 -8.552952737e+002 -8.552952737e+002 +1.9773e+000 +2.9774e+000 +3.8909e+000 +5.2430e-001 +1.2362e+000
376 +6.099982840e+000 +6.099982840e+000 -8.573400172e+002 -8.573400172e+002 +1.5473e+000 +6.4383e-001 +3.9462e+000 +3.1383e+000 +1.6470e+000
481 +5.936421940e+000 +5.936421940e+000 -8.575035781e+002 -8.575035781e+002 +2.0762e+000 -1.1054e+000 +4.0023e+000 +3.2842e+000 -4.6037e-001
554 +5.782889683e+000 +5.782889683e+000 -8.576571103e+002 -8.576571103e+002 +2.2035e+000 +5.8001e-001 +4.6160e+000 +2.4362e+000 -1.4046e-002
606 +4.679294382e+000 +4.679294382e+000 -8.587607056e+002 -8.587607056e+002 +1.7257e+000 -7.8303e-002 +4.3789e+000 +1.4149e+000 -3.6073e-002
734 +4.665511880e+000 +4.665511880e+000 -8.587744881e+002 -8.587744881e+002 +8.8789e-001 +2.7760e-001 +4.1003e+000 +2.2884e+000 +1.6936e+000
742 +4.399542342e+000 +4.399542342e+000 -8.590404577e+002 -8.590404577e+002 +9.3992e-001 -2.5997e-001 +4.4030e+000 +1.9413e+000 +1.0619e+000
794 +2.260585168e+000 +2.260585168e+000 -8.611794148e+002 -8.611794148e+002 +5.3671e-001 -5.7064e-001 +3.5871e+000 +2.6337e+000 +1.6287e+000
983 +2.138297419e+000 +2.138297419e+000 -8.613017026e+002 -8.613017026e+002 -1.4404e+000 -1.8939e+000 +3.0646e+000 -1.1194e+000 +3.8281e-001
1170 +1.037032471e+000 +1.037032471e+000 -8.624029675e+002 -8.624029675e+002 -2.6518e+000 -2.1004e+000 +2.6157e+000 -1.8403e+000 +2.3613e-001
1310 +9.798138426e-001 +9.798138426e-001 -8.624601862e+002 -8.624601862e+002 -2.3091e+000 -1.8299e+000 +2.4456e+000 -1.4262e+000 +2.9122e-001
1401 +9.454221387e-001 +9.454221387e-001 -8.624945779e+002 -8.624945779e+002 -3.3635e+000 -2.2137e+000 +2.3200e+000 -2.2238e+000 +2.5077e-001
1429 +8.466418407e-001 +8.466418407e-001 -8.625933582e+002 -8.625933582e+002 -2.9281e+000 -2.2947e+000 +2.3307e+000 -2.0778e+000 +2.3977e-001
1435 +7.128274899e-001 +7.128274899e-001 -8.627271725e+002 -8.627271725e+002 -2.8309e+000 -2.3894e+000 +2.4929e+000 -2.2771e+000 -5.4310e-002
1455 +7.062547706e-001 +7.062547706e-001 -8.627337452e+002 -8.627337452e+002 -2.8117e+000 -2.2774e+000 +2.3257e+000 -2.2433e+000 +1.3972e-001
1470 +5.651769188e-001 +5.651769188e-001 -8.628748231e+002 -8.628748231e+002 -2.8371e+000 -2.2809e+000 +2.2081e+000 -2.2285e+000 +1.2044e-001
1587 +4.483807494e-001 +4.483807494e-001 -8.629916193e+002 -8.629916193e+002 -2.8145e+000 -2.4163e+000 +2.3171e+000 -2.0246e+000 +1.3069e-001
1650 +3.165708463e-001 +3.165708463e-001 -8.631234292e+002 -8.631234292e+002 -2.8832e+000 -2.4656e+000 +2.2874e+000 -2.0906e+000 +2.2988e-001
1807 +2.545101906e-001 +2.545101906e-001 -8.631854898e+002 -8.631854898e+002 -3.0848e+000 -2.6472e+000 +2.2068e+000 -2.2699e+000 +1.9015e-001
1961 +2.257775372e-001 +2.257775372e-001 -8.632142225e+002 -8.632142225e+002 -3.1184e+000 -2.5539e+000 +2.2497e+000 -2.3169e+000 +1.8454e-001
1998 +2.170577033e-001 +2.170577033e-001 -8.632229423e+002 -8.632229423e+002 -3.1270e+000 -2.5783e+000 +2.2426e+000 -2.3101e+000 +2.1259e-001
2085 +1.741920059e-001 +1.741920059e-001 -8.632658080e+002 -8.632658080e+002 -3.0406e+000 -2.5646e+000 +2.2440e+000 -2.2951e+000 +1.7538e-001
2106 +1.623523868e-001 +1.623523868e-001 -8.632776476e+002 -8.632776476e+002 -3.0542e+000 -2.5993e+000 +2.2446e+000 -2.3061e+000 +1.8300e-001
2152 +1.520711740e-001 +1.520711740e-001 -8.632879288e+002 -8.632879288e+002 -3.0777e+000 -2.5734e+000 +2.2397e+000 -2.3212e+000 +1.8525e-001
2170 +1.490689040e-001 +1.490689040e-001 -8.632909311e+002 -8.632909311e+002 -3.0591e+000 -2.5771e+000 +2.2284e+000 -2.3121e+000 +1.8254e-001
2213 +1.337135509e-001 +1.337135509e-001 -8.633062864e+002 -8.633062864e+002 -3.0716e+000 -2.5855e+000 +2.2294e+000 -2.3153e+000 +1.8200e-001
2233 +1.316754015e-001 +1.316754015e-001 -8.633083246e+002 -8.633083246e+002 -3.0727e+000 -2.5782e+000 +2.2367e+000 -2.3216e+000 +1.8275e-001
2316 +1.265012931e-001 +1.265012931e-001 -8.633134987e+002 -8.633134987e+002 -3.0733e+000 -2.5892e+000 +2.2341e+000 -2.3191e+000 +1.8569e-001
2318 +1.007760193e-001 +1.007760193e-001 -8.633392240e+002 -8.633392240e+002 -3.0705e+000 -2.5899e+000 +2.2335e+000 -2.3147e+000 +1.8406e-001
2363 +8.768969315e-002 +8.768969315e-002 -8.633523103e+002 -8.633523103e+002 -3.0689e+000 -2.5923e+000 +2.2322e+000 -2.3124e+000 +1.8393e-001
2381 +8.156539200e-002 +8.156539200e-002 -8.633584346e+002 -8.633584346e+002 -3.0677e+000 -2.5918e+000 +2.2320e+000 -2.3127e+000 +1.8316e-001
2403 +7.809969629e-002 +7.809969629e-002 -8.633619003e+002 -8.633619003e+002 -3.0687e+000 -2.5925e+000 +2.2327e+000 -2.3134e+000 +1.8352e-001
% function evaluation | noise-free fitness - Fopt (1.318500000000e+002) | best noise-free fitness - Fopt | measured fitness | best measured fitness | x1 | x2...
1 +9.759411933e+000 +9.759411933e+000 +1.416094119e+002 +1.416094119e+002 +0.0000e+000 +0.0000e+000 +0.0000e+000 +0.0000e+000 +0.0000e+000
2 +5.151984124e+000 +5.151984124e+000 +1.370019841e+002 +1.370019841e+002 +3.1205e+000 +1.1462e+000 +2.6837e+000 -3.4904e+000 -2.1280e+000
4 +5.091235792e+000 +5.091235792e+000 +1.369412358e+002 +1.369412358e+002 +3.1200e+000 +1.1464e+000 +2.6902e+000 -3.4911e+000 -2.1280e+000
7 +4.893182775e+000 +4.893182775e+000 +1.367431828e+002 +1.367431828e+002 +3.1194e+000 +1.1455e+000 +2.7326e+000 -3.4896e+000 -2.1283e+000
40 +4.780903413e+000 +4.780903413e+000 +1.366309034e+002 +1.366309034e+002 +3.0843e+000 +1.1426e+000 +2.7093e+000 -3.4914e+000 -2.1280e+000
68 +4.545260537e+000 +4.545260537e+000 +1.363952605e+002 +1.363952605e+002 +3.0902e+000 +1.1468e+000 +2.7458e+000 -3.5087e+000 -2.1275e+000
153 +4.459089286e+000 +4.459089286e+000 +1.363090893e+002 +1.363090893e+002 +3.0787e+000 +1.1447e+000 +2.4785e+000 -3.4979e+000 -2.1018e+000
372 +4.325810577e+000 +4.325810577e+000 +1.361758106e+002 +1.361758106e+002 +3.0768e+000 +1.1647e+000 +2.4637e+000 -3.4091e+000 -2.0863e+000
407 +4.248686437e+000 +4.248686437e+000 +1.360986864e+002 +1.360986864e+002 +3.0503e+000 +1.1610e+000 +2.7953e+000 -3.5163e+000 -2.1045e+000
497 +4.165685717e+000 +4.165685717e+000 +1.360156857e+002 +1.360156857e+002 +3.0669e+000 +1.1614e+000 +2.8207e+000 -3.5336e+000 -2.0939e+000
517 +4.073758526e+000 +4.073758526e+000 +1.359237585e+002 +1.359237585e+002 +3.0970e+000 +1.1559e+000 +2.8028e+000 -3.6281e+000 -2.1165e+000
1181 +3.980294250e+000 +3.980294250e+000 +1.358302943e+002 +1.358302943e+002 +3.0536e+000 +1.2210e+000 +2.8345e+000 -3.6050e+000 -2.0902e+000
