% function evaluation | noise-free fitness - Fopt (-2.098800000000e+002) | best noise-free fitness - Fopt | measured fitness | best measured fitness | x1 | x2...
1 +2.076966042e+005 +2.076966042e+005 +2.074867242e+005 +2.074867242e+005 +0.0000e+000 +0.0000e+000
52 +1.361813863e+004 +1.361813863e+004 +1.340825863e+004 +1.340825863e+004 +4.0919e+000 +3.3266e-001
61 +1.304754489e+004 +1.304754489e+004 +1.283766489e+004 +1.283766489e+004 +4.0293e+000 +5.5537e-001
63 +3.761037986e+002 +3.761037986e+002 +1.662237986e+002 +1.662237986e+002 +4.0342e+000 +4.2888e-001
75 +4.423285088e+001 +4.423285088e+001 -1.656471491e+002 -1.656471491e+002 +3.9868e+000 +4.4196e-001
77 +4.623311325e+000 +4.623311325e+000 -2.052566887e+002 -2.052566887e+002 +3.2487e+000 +4.4740e-001
129 +2.076078719e+000 +2.076078719e+000 -2.078039213e+002 -2.078039213e+002 +1.8752e+000 +4.4925e-001
142 +1.280379205e+000 +1.280379205e+000 -2.085996208e+002 -2.085996208e+002 +2.2680e+000 +4.4779e-001
165 +1.148360921e+000 +1.148360921e+000 -2.087316391e+002 -2.087316391e+002 +2.2450e+000 +4.4799e-001
185 +1.060282908e+000 +1.060282908e+000 -2.088197171e+002 -2.088197171e+002 +2.1894e+000 +4.4834e-001
193 +1.035033329e+000 +1.035033329e+000 -2.088449667e+002 -2.088449667e+002 +2.2064e+000 +4.4818e-001
195 +1.019469211e+000 +1.019469211e+000 -2.088605308e+002 -2.088605308e+002 +2.1758e+000 +4.4835e-001
203 +9.274827256e-001 +9.274827256e-001 -2.089525173e+002 -2.089525173e+002 +2.1708e+000 +4.4826e-001
215 +8.227457510e-001 +8.227457510e-001 -2.090572542e+002 -2.090572542e+002 +2.1557e+000 +4.4800e-001
240 +8.002705458e-001 +8.002705458e-001 -2.090797295e+002 -2.090797295e+002 +2.1441e+000 +4.4812e-001
253 +7.819480363e-001 +7.819480363e-001 -2.090980520e+002 -2.090980520e+002 +2.1394e+000 +4.4791e-001
256 +7.707148335e-001 +7.707148335e-001 -2.091092852e+002 -2.091092852e+002 +2.1369e+000 +4.4806e-001
260 +7.583029287e-001 +7.583029287e-001 -2.091216971e+002 -2.091216971e+002 +2.1334e+000 +4.4798e-001
262 +7.353828338e-001 +7.353828338e-001 -2.091446172e+002 -2.091446172e+002 +2.1239e+000 +4.4805e-001
272 +6.649720479e-001 +6.649720479e-001 -2.092150280e+002 -2.092150280e+002 +2.0945e+000 +4.4803e-001
277 +5.597069004e-001 +5.597069004e-001 -2.093202931e+002 -2.093202931e+002 +2.0292e+000 +4.4801e-001
283 +3.889239001e-001 +3.889239001e-001 -2.094910761e+002 -2.094910761e+002 +1.7771e+000 +4.4790e-001
284 +2.722959672e-001 +2.722959672e-001 -2.096077040e+002 -2.096077040e+002 +1.7166e+000 +4.4795e-001
292 +1.433698891e-001 +1.433698891e-001 -2.097366301e+002 -2.097366301e+002 +8.4698e-001 +4.4793e-001
295 +7.775157891e-003 +7.775157891e-003 -2.098722248e+002 -2.098722248e+002 +1.1303e+000 +4.4795e-001
317 +5.238529050e-003 +5.238529050e-003 -2.098747615e+002 -2.098747615e+002 +1.1792e+000 +4.4794e-001
343 +4.976669755e-003 +4.976669755e-003 -2.098750233e+002 -2.098750233e+002 +1.2001e+000 +4.4793e-001
353 +5.250065630e-004 +5.250065630e-004 -2.098794750e+002 -2.098794750e+002 +1.2218e+000 +4.4802e-001
367 +1.125194892e-004 +1.125194892e-004 -2.098798875e+002 -2.098798875e+002 +1.2079e+000 +4.4799e-001
379 +4.476332168e-005 +4.476332168e-005 -2.098799552e+002 -2.098799552e+002 +1.2120e+000 +4.4800e-001
388 +4.327560023e-005 +4.327560023e-005 -2.098799567e+002 -2.098799567e+002 +1.2085e+000 +4.4799e-001
391 +3.074185693e-005 +3.074185693e-005 -2.098799693e+002 -2.098799693e+002 +1.2126e+000 +4.4800e-001
393 +1.364982128e-005 +1.364982128e-005 -2.098799864e+002 -2.098799864e+002 +1.2102e+000 +4.4800e-001
394 +1.238155579e-005 +1.238155579e-005 -2.098799876e+002 -2.098799876e+002 +1.2106e+000 +4.4800e-001
395 +2.148092591e-006 +2.148092591e-006 -2.098799979e+002 -2.098799979e+002 +1.2085e+000 +4.4800e-001
402 +2.041067916e-006 +2.041067916e-006 -2.098799980e+002 -2.098799980e+002 +1.2086e+000 +4.4800e-001
410 +1.386633016e-006 +1.386633016e-006 -2.098799986e+002 -2.098799986e+002 +1.2074e+000 +4.4800e-001
417 +1.177071084e-006 +1.177071084e-006 -2.098799988e+002 -2.098799988e+002 +1.2080e+000 +4.4800e-001
424 +2.073109613e-007 +2.073109613e-007 -2.098799998e+002 -2.098799998e+002 +1.2075e+000 +4.4800e-001
435 +4.864529046e-008 +4.864529046e-008 -2.098800000e+002 -2.098800000e+002 +1.2074e+000 +4.4800e-001
578 +1.696469099e-008 +1.696469099e-008 -2.098800000e+002 -2.098800000e+002 +1.2073e+000 +4.4800e-001
582 +1.167876462e-009 +1.167876462e-009 -2.098800000e+002 -2.098800000e+002 +1.2072e+000 +4.4800e-001
838 +0.000000000e+000 +0.000000000e+000 -2.098800000e+002 -2.098800000e+002 +1.2072e+000 +4.4800e-001
% function evaluation | noise-free fitness - Fopt (-9.209000000000e+001) | best noise-free fitness - Fopt | measured fitness | best measured fitness | x1 | x2...
1 +6.430618442e+006 +6.430618442e+006 +6.430526352e+006 +6.430526352e+006 +0.0000e+000 +0.0000e+000
2 +4.630250997e+003 +4.630250997e+003 +4.538160997e+003 +4.538160997e+003 -4.8126e+000 +2.5469e+000
3 +4.531696468e+003 +4.531696468e+003 +4.439606468e+003 +4.439606468e+003 -4.8192e+000 +2.5477e+000
13 +4.396138275e+003 +4.396138275e+003 +4.304048275e+003 +4.304048275e+003 -4.8364e+000 +2.5490e+000
15 +4.264356483e+003 +4.264356483e+003 +4.172266483e+003 +4.172266483e+003 -4.8047e+000 +2.5503e+000
26 +4.009668232e+003 +4.009668232e+003 +3.917578232e+003 +3.917578232e+003 -4.8037e+000 +2.5529e+000
28 +3.814131122e+003 +3.814131122e+003 +3.722041122e+003 +3.722041122e+003 -4.7795e+000 +2.5552e+000
31 +3.497015402e+003 +3.497015402e+003 +3.404925402e+003 +3.404925402e+003 -4.7891e+000 +2.5592e+000
33 +3.019156485e+003 +3.019156485e+003 +2.927066485e+003 +2.927066485e+003 -4.7227e+000 +2.5663e+000
45 +2.444862455e+003 +2.444862455e+003 +2.352772455e+003 +2.352772455e+003 -4.6797e+000 +2.5747e+000
55 +2.183892603e+002 +2.183892603e+002 +1.262992603e+002 +1.262992603e+002 -4.1272e+000 +2.6354e+000
62 +2.700939605e+001 +2.700939605e+001 -6.508060395e+001 -6.508060395e+001 -4.3268e+000 +2.6200e+000
86 +2.399688096e+001 +2.399688096e+001 -6.809311904e+001 -6.809311904e+001 -4.0675e+000 +2.6229e+000
97 +1.980412689e+001 +1.980412689e+001 -7.228587311e+001 -7.228587311e+001 -3.5732e+000 +2.6204e+000
112 +1.946141583e+001 +1.946141583e+001 -7.262858417e+001 -7.262858417e+001 -3.6404e+000 +2.6209e+000
117 +1.882993874e+001 +1.882993874e+001 -7.326006126e+001 -7.326006126e+001 -3.1775e+000 +2.6197e+000
123 +1.832739369e+001 +1.832739369e+001 -7.376260631e+001 -7.376260631e+001 -3.4263e+000 +2.6206e+000
124 +1.521182489e+001 +1.521182489e+001 -7.687817511e+001 -7.687817511e+001 -3.1649e+000 +2.6216e+000
151 +1.496533511e+001 +1.496533511e+001 -7.712466489e+001 -7.712466489e+001 -3.1341e+000 +2.6216e+000
165 +1.478465694e+001 +1.478465694e+001 -7.730534306e+001 -7.730534306e+001 -3.1117e+000 +2.6216e+000
252 +1.415173902e+001 +1.415173902e+001 -7.793826098e+001 -7.793826098e+001 -3.0283e+000 +2.6218e+000
262 +1.396540908e+001 +1.396540908e+001 -7.812459092e+001 -7.812459092e+001 -3.0090e+000 +2.6216e+000
263 +1.203466751e+001 +1.203466751e+001 -8.005533249e+001 -8.005533249e+001 -2.7620e+000 +2.6215e+000
273 +9.903861212e+000 +9.903861212e+000 -8.218613879e+001 -8.218613879e+001 -2.4703e+000 +2.6218e+000
282 +7.900746414e+000 +7.900746414e+000 -8.418925359e+001 -8.418925359e+001 -2.1647e+000 +2.6217e+000
292 +7.425678111e+000 +7.425678111e+000 -8.466432189e+001 -8.466432189e+001 -2.0839e+000 +2.6216e+000
294 +6.901815564e+000 +6.901815564e+000 -8.518818444e+001 -8.518818444e+001 -1.9642e+000 +2.6219e+000
299 +4.598512460e+000 +4.598512460e+000 -8.749148754e+001 -8.749148754e+001 -1.4394e+000 +2.6217e+000
311 +3.988812875e+000 +3.988812875e+000 -8.810118712e+001 -8.810118712e+001 -1.2351e+000 +2.6217e+000
313 +3.355501123e+000 +3.355501123e+000 -8.873449888e+001 -8.873449888e+001 -9.6496e-001 +2.6219e+000
316 +4.669793415e-001 +4.669793415e-001 -9.162302066e+001 -9.162302066e+001 +1.3231e+000 +2.6218e+000
333 +1.428762985e-001 +1.428762985e-001 -9.194712370e+001 -9.194712370e+001 +9.4635e-001 +2.6219e+000
346 +3.454851074e-002 +3.454851074e-002 -9.205545149e+001 -9.205545149e+001 +7.1070e-001 +2.6218e+000
360 +5.325669391e-003 +5.325669391e-003 -9.208467433e+001 -9.208467433e+001 +7.3147e-001 +2.6217e+000
384 +4.111929801e-003 +4.111929801e-003 -9.208588807e+001 -9.208588807e+001 +7.7048e-001 +2.6216e+000
386 +3.613238925e-003 +3.613238925e-003 -9.208638676e+001 -9.208638676e+001 +7.8247e-001 +2.6216e+000
394 +1.431489033e-003 +1.431489033e-003 -9.208856851e+001 -9.208856851e+001 +7.4247e-001 +2.6216e+000
400 +3.458635350e-004 +3.458635350e-004 -9.208965414e+001 -9.208965414e+001 +7.2508e-001 +2.6216e+000
407 +2.751048463e-004 +2.751048463e-004 -9.208972490e+001 -9.208972490e+001 +7.4226e-001 +2.6216e+000
434 +1.590879584e-004 +1.590879584e-004 -9.208984091e+001 -9.208984091e+001 +7.1886e-001 +2.6216e+000
439 +1.575355701e-004 +1.575355701e-004 -9.208984246e+001 -9.208984246e+001 +7.3720e-001 +2.6216e+000
442 +8.082551517e-008 +8.082551517e-008 -9.208999992e+001 -9.208999992e+001 +7.2547e-001 +2.6216e+000
564 +3.501749291e-008 +3.501749291e-008 -9.208999996e+001 -9.208999996e+001 +7.2564e-001 +2.6216e+000
574 +2.651270847e-008 +2.651270847e-008 -9.208999997e+001 -9.208999997e+001 +7.2544e-001 +2.6216e+000
577 +1.271567385e-008 +1.271567385e-008 -9.208999999e+001 -9.208999999e+001 +7.2564e-001 +2.6216e+000
585 +3.395996373e-009 +3.395996373e-009 -9.209000000e+001 -9.209000000e+001 +7.2556e-001 +2.6216e+000
774 +0.000000000e+000 +0.000000000e+000 -9.209000000e+001 -9.209000000e+001 +7.2560e-001 +2.6216e+000
% function evaluation | noise-free fitness - Fopt (-8.789000000000e+001) | best noise-free fitness - Fopt | measured fitness | best measured fitness | x1 | x2...
1 +1.325850294e+007 +1.325850294e+007 +1.325841505e+007 +1.325841505e+007 +0.0000e+000 +0.0000e+000
62 +1.300425254e+007 +1.300425254e+007 +1.300416465e+007 +1.300416465e+007 +6.5686e-001 +7.3109e+000
65 +5.200303633e+005 +5.200303633e+005 +5.199424733e+005 +5.199424733e+005 +8.2936e-001 +4.4199e+000
84 +2.482079522e+005 +2.482079522e+005 +2.481200622e+005 +2.481200622e+005 +7.6869e-001 +3.1406e+000
85 +1.358361434e+004 +1.358361434e+004 +1.349572434e+004 +1.349572434e+004 +7.6976e-001 +3.7567e+000
112 +1.200315073e+004 +1.200315073e+004 +1.191526073e+004 +1.191526073e+004 +7.2578e-001 +3.7475e+000
114 +8.763630884e+003 +8.763630884e+003 +8.675740884e+003 +8.675740884e+003 +7.3084e-001 +3.5474e+000
119 +6.516879046e+003 +6.516879046e+003 +6.428989046e+003 +6.428989046e+003 +7.4471e-001 +3.7284e+000
122 +3.333367670e+003 +3.333367670e+003 +3.245477670e+003 +3.245477670e+003 +7.8621e-001 +3.5852e+000
123 +2.083657785e+000 +2.083657785e+000 -8.580634221e+001 -8.580634221e+001 +8.0393e-001 +3.6470e+000
162 +3.723809853e-001 +3.723809853e-001 -8.751761901e+001 -8.751761901e+001 +7.9735e-001 +3.6457e+000
175 +3.646523063e-001 +3.646523063e-001 -8.752534769e+001 -8.752534769e+001 +6.1348e-001 +3.6461e+000
188 +2.455845390e-001 +2.455845390e-001 -8.764441546e+001 -8.764441546e+001 +6.9531e-001 +3.6459e+000
193 +1.511013752e-001 +1.511013752e-001 -8.773889862e+001 -8.773889862e+001 +6.4140e-001 +3.6455e+000
199 +6.759469068e-002 +6.759469068e-002 -8.782240531e+001 -8.782240531e+001 +4.6882e-001 +3.6457e+000
214 +3.223194685e-002 +3.223194685e-002 -8.785776805e+001 -8.785776805e+001 +3.9339e-001 +3.6457e+000
222 +3.161912582e-002 +3.161912582e-002 -8.785838087e+001 -8.785838087e+001 +3.6163e-001 +3.6457e+000
244 +2.206975347e-002 +2.206975347e-002 -8.786793025e+001 -8.786793025e+001 +3.9275e-001 +3.6456e+000
246 +1.464075698e-002 +1.464075698e-002 -8.787535924e+001 -8.787535924e+001 +3.5677e-001 +3.6456e+000
259 +8.045490885e-003 +8.045490885e-003 -8.788195451e+001 -8.788195451e+001 +3.0552e-001 +3.6457e+000
269 +7.464489949e-003 +7.464489949e-003 -8.788253551e+001 -8.788253551e+001 +3.2433e-001 +3.6456e+000
281 +1.855404954e-003 +1.855404954e-003 -8.788814460e+001 -8.788814460e+001 +2.8195e-001 +3.6456e+000
296 +1.522339197e-003 +1.522339197e-003 -8.788847766e+001 -8.788847766e+001 +2.6645e-001 +3.6456e+000
304 +1.236259209e-003 +1.236259209e-003 -8.788876374e+001 -8.788876374e+001 +2.6933e-001 +3.6456e+000
308 +1.135459045e-003 +1.135459045e-003 -8.788886454e+001 -8.788886454e+001 +2.7384e-001 +3.6456e+000
316 +4.867042090e-004 +4.867042090e-004 -8.788951330e+001 -8.788951330e+001 +2.5909e-001 +3.6456e+000
330 +3.014096295e-004 +3.014096295e-004 -8.788969859e+001 -8.788969859e+001 +2.5173e-001 +3.6456e+000
343 +9.249290727e-006 +9.249290727e-006 -8.788999075e+001 -8.788999075e+001 +2.4069e-001 +3.6456e+000
377 +1.729725128e-006 +1.729725128e-006 -8.788999827e+001 -8.788999827e+001 +2.4059e-001 +3.6456e+000
388 +1.697139581e-006 +1.697139581e-006 -8.788999830e+001 -8.788999830e+001 +2.4020e-001 +3.6456e+000
401 +1.004233923e-006 +1.004233923e-006 -8.788999900e+001 -8.788999900e+001 +2.3898e-001 +3.6456e+000
414 +6.469137759e-007 +6.469137759e-007 -8.788999935e+001 -8.788999935e+001 +2.4000e-001 +3.6456e+000
418 +2.965845169e-007 +2.965845169e-007 -8.788999970e+001 -8.788999970e+001 +2.3957e-001 +3.6456e+000
427 +4.810094367e-008 +4.810094367e-008 -8.788999995e+001 -8.788999995e+001 +2.3942e-001 +3.6456e+000
432 +1.820566808e-008 +1.820566808e-008 -8.788999998e+001 -8.788999998e+001 +2.3933e-001 +3.6456e+000
457 +1.036951858e-008 +1.036951858e-008 -8.788999999e+001 -8.788999999e+001 +2.3916e-001 +3.6456e+000
466 +5.960174576e-010 +5.960174576e-010 -8.789000000e+001 -8.789000000e+001 +2.3921e-001 +3.6456e+000
701 +0.000000000e+000 +0.000000000e+000 -8.789000000e+001 -8.789000000e+001 +2.3920e-001 +3.6456e+000
% function evaluation | noise-free fitness - Fopt (3.201900000000e+002) | best noise-free fitness - Fopt | measured fitness | best measured fitness | x1 | x2...
1 +6.283126796e+006 +6.283126796e+006 +6.283446986e+006 +6.283446986e+006 +0.0000e+000 +0.0000e+000
131 +5.097573100e+005 +5.097573100e+005 +5.100775000e+005 +5.100775000e+005 +4.3686e+000 -1.6082e+000
132 +2.361856306e+005 +2.361856306e+005 +2.365058206e+005 +2.365058206e+005 +4.5033e+000 -1.8711e+000
141 +4.164712194e+004 +4.164712194e+004 +4.196731194e+004 +4.196731194e+004 +4.3462e+000 -2.5606e+000
142 +3.232279943e+004 +3.232279943e+004 +3.264298943e+004 +3.264298943e+004 +4.4345e+000 -2.1823e+000
143 +5.792014994e+002 +5.792014994e+002 +8.993914994e+002 +8.993914994e+002 +4.4169e+000 -2.3846e+000
155 +1.438656119e+002 +1.438656119e+002 +4.640556119e+002 +4.640556119e+002 +4.4212e+000 -2.3721e+000
190 +2.373568640e+001 +2.373568640e+001 +3.439256864e+002 +3.439256864e+002 +4.4212e+000 -2.3600e+000
220 +2.316089242e+001 +2.316089242e+001 +3.433508924e+002 +3.433508924e+002 +4.4209e+000 -2.3609e+000
304 +2.176943322e+001 +2.176943322e+001 +3.419594332e+002 +3.419594332e+002 +4.2549e+000 -2.3609e+000
308 +2.086286021e+001 +2.086286021e+001 +3.410528602e+002 +3.410528602e+002 +4.1409e+000 -2.3606e+000
310 +1.213351594e+001 +1.213351594e+001 +3.323235159e+002 +3.323235159e+002 +3.1234e+000 -2.3610e+000
313 +8.235780958e+000 +8.235780958e+000 +3.284257810e+002 +3.284257810e+002 +2.4392e+000 -2.3608e+000
322 +2.623382427e-001 +2.623382427e-001 +3.204523382e+002 +3.204523382e+002 -5.2549e-002 -2.3605e+000
332 +6.040682739e-002 +6.040682739e-002 +3.202504068e+002 +3.202504068e+002 -6.4934e-001 -2.3607e+000
338 +4.851761020e-002 +4.851761020e-002 +3.202385176e+002 +3.202385176e+002 -3.6746e-001 -2.3606e+000
430 +3.931879707e-002 +3.931879707e-002 +3.202293188e+002 +3.202293188e+002 -2.9039e-001 -2.3607e+000
431 +3.853665687e-002 +3.853665687e-002 +3.202285367e+002 +3.202285367e+002 -4.0935e-001 -2.3606e+000
438 +3.730614760e-002 +3.730614760e-002 +3.202273061e+002 +3.202273061e+002 -3.3617e-001 -2.3606e+000
440 +2.361884068e-002 +2.361884068e-002 +3.202136188e+002 +3.202136188e+002 -3.1617e-001 -2.3607e+000
445 +1.005998353e-002 +1.005998353e-002 +3.202000600e+002 +3.202000600e+002 -4.9542e-001 -2.3607e+000
453 +3.784184313e-003 +3.784184313e-003 +3.201937842e+002 +3.201937842e+002 -4.0828e-001 -2.3607e+000
507 +2.789871396e-003 +2.789871396e-003 +3.201927899e+002 +3.201927899e+002 -4.2750e-001 -2.3607e+000
512 +1.386437074e-003 +1.386437074e-003 +3.201913864e+002 +3.201913864e+002 -4.1360e-001 -2.3608e+000
514 +9.467485629e-004 +9.467485629e-004 +3.201909467e+002 +3.201909467e+002 -4.2128e-001 -2.3608e+000
516 +8.319468481e-004 +8.319468481e-004 +3.201908319e+002 +3.201908319e+002 -4.2835e-001 -2.3608e+000
523 +3.475708208e-004 +3.475708208e-004 +3.201903476e+002 +3.201903476e+002 -4.3113e-001 -2.3608e+000
530 +1.808785316e-005 +1.808785316e-005 +3.201900181e+002 +3.201900181e+002 -4.3148e-001 -2.3608e+000
541 +8.854299097e-006 +8.854299097e-006 +3.201900089e+002 +3.201900089e+002 -4.3239e-001 -2.3608e+000
546 +4.571581940e-007 +4.571581940e-007 +3.201900005e+002 +3.201900005e+002 -4.3224e-001 -2.3608e+000
598 +3.105203632e-007 +3.105203632e-007 +3.201900003e+002 +3.201900003e+002 -4.3326e-001 -2.3608e+000
616 +1.001171768e-008 +1.001171768e-008 +3.201900000e+002 +3.201900000e+002 -4.3288e-001 -2.3608e+000
651 +4.592720870e-009 +4.592720870e-009 +3.201900000e+002 +3.201900000e+002 -4.3280e-001 -2.3608e+000
938 +0.000000000e+000 +0.000000000e+000 +3.201900000e+002 +3.201900000e+002 -4.3280e-001 -2.3608e+000
% function evaluation | noise-free fitness - Fopt (-1.042400000000e+002) | best noise-free fitness - Fopt | measured fitness | best measured fitness | x1 | x2...
1 +1.523048660e+007 +1.523048660e+007 +1.523038236e+007 +1.523038236e+007 +0.0000e+000 +0.0000e+000
72 +1.365294972e+007 +1.365294972e+007 +1.365284548e+007 +1.365284548e+007 -1.2977e+002 -1.8112e-001
73 +8.157090602e+006 +8.157090602e+006 +8.156986362e+006 +8.156986362e+006 -1.6744e+001 -1.0708e+000
75 +4.136729668e+006 +4.136729668e+006 +4.136625428e+006 +4.136625428e+006 +6.3678e+002 -5.7675e+000
81 +1.257449052e+006 +1.257449052e+006 +1.257344812e+006 +1.257344812e+006 -8.3618e+002 -4.7143e+000
115 +7.261529170e+004 +7.261529170e+004 +7.251105170e+004 +7.251105170e+004 -1.2716e+002 -3.6882e+000
128 +5.728180858e+004 +5.728180858e+004 +5.717756858e+004 +5.717756858e+004 -2.5253e+002 -3.8544e+000
154 +4.001439477e+004 +4.001439477e+004 +3.991015477e+004 +3.991015477e+004 -6.8157e+001 -3.7337e+000
155 +1.697753898e+004 +1.697753898e+004 +1.687329898e+004 +1.687329898e+004 -1.1688e+002 -3.8945e+000
163 +7.096266810e+003 +7.096266810e+003 +6.992026810e+003 +6.992026810e+003 -7.9783e+001 -3.9458e+000
173 +2.490763335e+003 +2.490763335e+003 +2.386523335e+003 +2.386523335e+003 -4.8817e+001 -3.9279e+000
180 +1.072732854e+003 +1.072732854e+003 +9.684928541e+002 +9.684928541e+002 +3.7719e+000 -3.8843e+000
182 +4.427834454e+002 +4.427834454e+002 +3.385434454e+002 +3.385434454e+002 -1.9323e+001 -3.9118e+000
211 +4.235555432e+002 +4.235555432e+002 +3.193155432e+002 +3.193155432e+002 -2.0165e+001 -3.9142e+000
224 +3.513968511e+002 +3.513968511e+002 +2.471568511e+002 +2.471568511e+002 -5.6353e+000 -3.9376e+000
241 +2.908460268e+002 +2.908460268e+002 +1.866060268e+002 +1.866060268e+002 +1.8154e+001 -3.9168e+000
245 +8.244179629e+001 +8.244179629e+001 -2.179820371e+001 -2.179820371e+001 +7.6112e+000 -3.9246e+000
255 +8.306556474e+000 +8.306556474e+000 -9.593344353e+001 -9.593344353e+001 +3.2013e+000 -3.9195e+000
256 +7.347120033e+000 +7.347120033e+000 -9.689287997e+001 -9.689287997e+001 +1.2287e+000 -3.9172e+000
306 +6.838730157e+000 +6.838730157e+000 -9.740126984e+001 -9.740126984e+001 +2.8687e+000 -3.9199e+000
312 +3.519488537e-001 +3.519488537e-001 -1.038880511e+002 -1.038880511e+002 +9.4774e-001 -3.9200e+000
346 +2.436841234e-001 +2.436841234e-001 -1.039963159e+002 -1.039963159e+002 +8.8696e-001 -3.9199e+000
354 +1.916332753e-001 +1.916332753e-001 -1.040483667e+002 -1.040483667e+002 +3.4235e-001 -3.9196e+000
355 +1.831004428e-001 +1.831004428e-001 -1.040568996e+002 -1.040568996e+002 +6.1963e-001 -3.9197e+000
356 +1.231999653e-001 +1.231999653e-001 -1.041168000e+002 -1.041168000e+002 +7.2013e-001 -3.9199e+000
357 +6.093000445e-002 +6.093000445e-002 -1.041790700e+002 -1.041790700e+002 +5.6010e-001 -3.9202e+000
364 +2.128698677e-002 +2.128698677e-002 -1.042187130e+002 -1.042187130e+002 +4.1895e-001 -3.9201e+000
387 +2.690882340e-004 +2.690882340e-004 -1.042397309e+002 -1.042397309e+002 +3.7834e-001 -3.9200e+000
422 +1.516161331e-004 +1.516161331e-004 -1.042398484e+002 -1.042398484e+002 +4.0660e-001 -3.9200e+000
439 +8.789862994e-005 +8.789862994e-005 -1.042399121e+002 -1.042399121e+002 +3.8899e-001 -3.9200e+000
440 +2.985942338e-005 +2.985942338e-005 -1.042399701e+002 -1.042399701e+002 +3.9611e-001 -3.9200e+000
466 +1.022283142e-005 +1.022283142e-005 -1.042399898e+002 -1.042399898e+002 +3.9692e-001 -3.9200e+000
484 +2.345206667e-006 +2.345206667e-006 -1.042399977e+002 -1.042399977e+002 +3.9604e-001 -3.9200e+000
489 +1.717462638e-006 +1.717462638e-006 -1.042399983e+002 -1.042399983e+002 +3.9311e-001 -3.9200e+000
490 +1.516869801e-006 +1.516869801e-006 -1.042399985e+002 -1.042399985e+002 +3.9547e-001 -3.9200e+000
497 +9.580953986e-007 +9.580953986e-007 -1.042399990e+002 -1.042399990e+002 +3.9418e-001 -3.9200e+000
501 +2.968663892e-007 +2.968663892e-007 -1.042399997e+002 -1.042399997e+002 +3.9393e-001 -3.9200e+000
557 +2.513924784e-007 +2.513924784e-007 -1.042399997e+002 -1.042399997e+002 +3.9431e-001 -3.9200e+000
566 +4.758931027e-009 +4.758931027e-009 -1.042400000e+002 -1.042400000e+002 +3.9438e-001 -3.9200e+000
749 +0.000000000e+000 +0.000000000e+000 -1.042400000e+002 -1.042400000e+002 +3.9440e-001 -3.9200e+000
% function evaluation | noise-free fitness - Fopt (-1.843100000000e+002) | best noise-free fitness - Fopt | measured fitness | best measured fitness | x1 | x2...
1 +5.083025585e+004 +5.083025585e+004 +5.064594585e+004 +5.064594585e+004 +0.0000e+000 +0.0000e+000
59 +2.416603230e+004 +2.416603230e+004 +2.398172230e+004 +2.398172230e+004 -1.2628e+000 +3.8390e-001
69 +1.354401500e+004 +1.354401500e+004 +1.335970500e+004 +1.335970500e+004 -1.2667e+000 +1.0970e-001
75 +1.252406339e+004 +1.252406339e+004 +1.233975339e+004 +1.233975339e+004 -1.2723e+000 +1.1297e-001
78 +3.911391301e+003 +3.911391301e+003 +3.727081301e+003 +3.727081301e+003 -1.2723e+000 +2.9246e-001
82 +2.768422822e+002 +2.768422822e+002 +9.253228221e+001 +9.253228221e+001 -1.2702e+000 +2.4181e-001
88 +2.476667465e+002 +2.476667465e+002 +6.335674646e+001 +6.335674646e+001 -1.2703e+000 +2.4050e-001
97 +6.509623163e+001 +6.509623163e+001 -1.192137684e+002 -1.192137684e+002 -1.2699e+000 +2.3223e-001
123 +1.766421717e+001 +1.766421717e+001 -1.666457828e+002 -1.666457828e+002 -1.2628e+000 +2.2797e-001
141 +9.587115805e+000 +9.587115805e+000 -1.747228842e+002 -1.747228842e+002 -1.2643e+000 +2.2536e-001
152 +9.391145467e+000 +9.391145467e+000 -1.749188545e+002 -1.749188545e+002 -1.2576e+000 +2.2442e-001
155 +9.299137120e+000 +9.299137120e+000 -1.750108629e+002 -1.750108629e+002 -1.2615e+000 +2.2499e-001
202 +9.071211810e+000 +9.071211810e+000 -1.752387882e+002 -1.752387882e+002 -1.2187e+000 +2.2511e-001
263 +8.889544394e+000 +8.889544394e+000 -1.754204556e+002 -1.754204556e+002 -1.2053e+000 +2.2488e-001
292 +8.672027701e+000 +8.672027701e+000 -1.756379723e+002 -1.756379723e+002 -1.1690e+000 +2.2495e-001
305 +8.229007702e+000 +8.229007702e+000 -1.760809923e+002 -1.760809923e+002 -1.1023e+000 +2.2483e-001
323 +7.982143674e+000 +7.982143674e+000 -1.763278563e+002 -1.763278563e+002 -1.0600e+000 +2.2490e-001
328 +7.422193698e+000 +7.422193698e+000 -1.768878063e+002 -1.768878063e+002 -8.3799e-001 +2.2565e-001
335 +7.331110486e+000 +7.331110486e+000 -1.769788895e+002 -1.769788895e+002 -9.1566e-001 +2.2523e-001
338 +7.208356779e+000 +7.208356779e+000 -1.771016432e+002 -1.771016432e+002 -9.2779e-001 +2.2479e-001
340 +6.639079096e+000 +6.639079096e+000 -1.776709209e+002 -1.776709209e+002 -7.7294e-001 +2.2529e-001
342 +5.878925114e+000 +5.878925114e+000 -1.784310749e+002 -1.784310749e+002 -2.7811e-001 +2.2593e-001
353 +4.665880391e+000 +4.665880391e+000 -1.796441196e+002 -1.796441196e+002 -3.4147e-001 +2.2490e-001
356 +4.038570736e+000 +4.038570736e+000 -1.802714293e+002 -1.802714293e+002 -5.0581e-002 +2.2434e-001
363 +2.283891999e+000 +2.283891999e+000 -1.820261080e+002 -1.820261080e+002 +4.7575e-001 +2.2503e-001
366 +1.814354364e+000 +1.814354364e+000 -1.824956456e+002 -1.824956456e+002 +5.9747e-001 +2.2473e-001
368 +4.495728453e-001 +4.495728453e-001 -1.838604272e+002 -1.838604272e+002 +1.4648e+000 +2.2535e-001
376 +3.562637563e-001 +3.562637563e-001 -1.839537362e+002 -1.839537362e+002 +1.8634e+000 +2.2424e-001
387 +1.010256876e-001 +1.010256876e-001 -1.842089743e+002 -1.842089743e+002 +2.1136e+000 +2.2496e-001
398 +1.367537398e-002 +1.367537398e-002 -1.842963246e+002 -1.842963246e+002 +1.8651e+000 +2.2493e-001
473 +1.346286945e-002 +1.346286945e-002 -1.842965371e+002 -1.842965371e+002 +1.9253e+000 +2.2471e-001
474 +1.094998445e-002 +1.094998445e-002 -1.842990500e+002 -1.842990500e+002 +1.8623e+000 +2.2470e-001
475 +4.278313451e-003 +4.278313451e-003 -1.843057217e+002 -1.843057217e+002 +1.8072e+000 +2.2475e-001
484 +2.810474619e-003 +2.810474619e-003 -1.843071895e+002 -1.843071895e+002 +1.8610e+000 +2.2475e-001
492 +1.157020090e-003 +1.157020090e-003 -1.843088430e+002 -1.843088430e+002 +1.8205e+000 +2.2477e-001
493 +9.489222904e-004 +9.489222904e-004 -1.843090511e+002 -1.843090511e+002 +1.8219e+000 +2.2478e-001
495 +8.145250140e-004 +8.145250140e-004 -1.843091855e+002 -1.843091855e+002 +1.8220e+000 +2.2478e-001
505 +7.511232481e-004 +7.511232481e-004 -1.843092489e+002 -1.843092489e+002 +1.8237e+000 +2.2478e-001
507 +4.917182144e-004 +4.917182144e-004 -1.843095083e+002 -1.843095083e+002 +1.8308e+000 +2.2478e-001
511 +1.662016926e-004 +1.662016926e-004 -1.843098338e+002 -1.843098338e+002 +1.8495e+000 +2.2479e-001
516 +5.486865396e-005 +5.486865396e-005 -1.843099451e+002 -1.843099451e+002 +1.8442e+000 +2.2479e-001
518 +2.736139686e-005 +2.736139686e-005 -1.843099726e+002 -1.843099726e+002 +1.8393e+000 +2.2480e-001
527 +2.485472186e-005 +2.485472186e-005 -1.843099751e+002 -1.843099751e+002 +1.8478e+000 +2.2480e-001
530 +1.692205484e-005 +1.692205484e-005 -1.843099831e+002 -1.843099831e+002 +1.8468e+000 +2.2480e-001
542 +1.470353217e-005 +1.470353217e-005 -1.843099853e+002 -1.843099853e+002 +1.8466e+000 +2.2480e-001
569 +1.909339289e-006 +1.909339289e-006 -1.843099981e+002 -1.843099981e+002 +1.8447e+000 +2.2480e-001
614 +7.605025019e-007 +7.605025019e-007 -1.843099992e+002 -1.843099992e+002 +1.8440e+000 +2.2480e-001
637 +6.496231606e-007 +6.496231606e-007 -1.843099994e+002 -1.843099994e+002 +1.8436e+000 +2.2480e-001
646 +1.649244723e-007 +1.649244723e-007 -1.843099998e+002 -1.843099998e+002 +1.8433e+000 +2.2480e-001
683 +1.558203166e-007 +1.558203166e-007 -1.843099998e+002 -1.843099998e+002 +1.8432e+000 +2.2480e-001
695 +1.003469379e-007 +1.003469379e-007 -1.843099999e+002 -1.843099999e+002 +1.8433e+000 +2.2480e-001
712 +5.927844882e-008 +5.927844882e-008 -1.843099999e+002 -1.843099999e+002 +1.8432e+000 +2.2480e-001
725 +5.563703098e-008 +5.563703098e-008 -1.843099999e+002 -1.843099999e+002 +1.8432e+000 +2.2480e-001
726 +5.402966963e-008 +5.402966963e-008 -1.843099999e+002 -1.843099999e+002 +1.8432e+000 +2.2480e-001
731 +3.338925580e-008 +3.338925580e-008 -1.843100000e+002 -1.843100000e+002 +1.8432e+000 +2.2480e-001
732 +3.577156349e-009 +3.577156349e-009 -1.843100000e+002 -1.843100000e+002 +1.8432e+000 +2.2480e-001
974 +0.000000000e+000 +0.000000000e+000 -1.843100000e+002 -1.843100000e+002 +1.8432e+000 +2.2480e-001
% function evaluation | noise-free fitness - Fopt (5.684000000000e+001) | best noise-free fitness - Fopt | measured fitness | best measured fitness | x1 | x2...
1 +7.061712558e+006 +7.061712558e+006 +7.061769398e+006 +7.061769398e+006 +0.0000e+000 +0.0000e+000
2 +8.886993740e+004 +8.886993740e+004 +8.892677740e+004 +8.892677740e+004 -2.3473e+000 -2.2384e+000
6 +7.204653708e+004 +7.204653708e+004 +7.210337708e+004 +7.210337708e+004 -2.3719e+000 -2.2634e+000
17 +6.556561309e+003 +6.556561309e+003 +6.613401309e+003 +6.613401309e+003 -2.3225e+000 -2.4459e+000
28 +3.490083455e+003 +3.490083455e+003 +3.546923455e+003 +3.546923455e+003 -2.3615e+000 -2.4740e+000
34 +8.431080691e+002 +8.431080691e+002 +8.999480691e+002 +8.999480691e+002 -2.4147e+000 -2.5572e+000
53 +5.665406755e+002 +5.665406755e+002 +6.233806755e+002 +6.233806755e+002 +2.1411e-001 -2.5060e+000
56 +3.976878546e+002 +3.976878546e+002 +4.545278546e+002 +4.545278546e+002 -1.9281e+001 -2.5243e+000
59 +7.603211753e+000 +7.603211753e+000 +6.444321175e+001 +6.444321175e+001 +9.2177e-001 -2.5316e+000
118 +4.692397553e-001 +4.692397553e-001 +5.730923976e+001 +5.730923976e+001 +1.1611e+000 -2.5287e+000
207 +4.374956431e-001 +4.374956431e-001 +5.727749564e+001 +5.727749564e+001 +3.7488e-001 -2.5294e+000
219 +3.522009038e-001 +3.522009038e-001 +5.719220090e+001 +5.719220090e+001 +2.9848e-001 -2.5283e+000
221 +1.922450272e-002 +1.922450272e-002 +5.685922450e+001 +5.685922450e+001 +5.2863e-001 -2.5289e+000
232 +1.279938234e-002 +1.279938234e-002 +5.685279938e+001 +5.685279938e+001 +4.3735e-001 -2.5289e+000
250 +9.720403345e-003 +9.720403345e-003 +5.684972040e+001 +5.684972040e+001 +6.2568e-001 -2.5288e+000
264 +2.466874414e-003 +2.466874414e-003 +5.684246687e+001 +5.684246687e+001 +5.7805e-001 -2.5288e+000
275 +1.885980708e-003 +1.885980708e-003 +5.684188598e+001 +5.684188598e+001 +5.1167e-001 -2.5288e+000
278 +1.510864929e-003 +1.510864929e-003 +5.684151086e+001 +5.684151086e+001 +5.1845e-001 -2.5288e+000
282 +1.474389359e-004 +1.474389359e-004 +5.684014744e+001 +5.684014744e+001 +5.2275e-001 -2.5288e+000
300 +8.474048964e-005 +8.474048964e-005 +5.684008474e+001 +5.684008474e+001 +5.2334e-001 -2.5288e+000
302 +1.127449442e-005 +1.127449442e-005 +5.684001127e+001 +5.684001127e+001 +5.2978e-001 -2.5288e+000
307 +6.137852857e-006 +6.137852857e-006 +5.684000614e+001 +5.684000614e+001 +5.3503e-001 -2.5288e+000
313 +1.980164875e-006 +1.980164875e-006 +5.684000198e+001 +5.684000198e+001 +5.3417e-001 -2.5288e+000
317 +4.780027680e-007 +4.780027680e-007 +5.684000048e+001 +5.684000048e+001 +5.3239e-001 -2.5288e+000
324 +4.075940723e-007 +4.075940723e-007 +5.684000041e+001 +5.684000041e+001 +5.3232e-001 -2.5288e+000
332 +2.384809648e-007 +2.384809648e-007 +5.684000024e+001 +5.684000024e+001 +5.3319e-001 -2.5288e+000
354 +1.412940165e-007 +1.412940165e-007 +5.684000014e+001 +5.684000014e+001 +5.3250e-001 -2.5288e+000
370 +8.002375296e-008 +8.002375296e-008 +5.684000008e+001 +5.684000008e+001 +5.3251e-001 -2.5288e+000
390 +1.449497944e-008 +1.449497944e-008 +5.684000001e+001 +5.684000001e+001 +5.3271e-001 -2.5288e+000
400 +1.551114792e-009 +1.551114792e-009 +5.684000000e+001 +5.684000000e+001 +5.3276e-001 -2.5288e+000
873 +0.000000000e+000 +0.000000000e+000 +5.684000000e+001 +5.684000000e+001 +5.3280e-001 -2.5288e+000
% function evaluation | noise-free fitness - Fopt (-1.897300000000e+002) | best noise-free fitness - Fopt | measured fitness | best measured fitness | x1 | x2...
1 +5.293160004e+005 +5.293160004e+005 +5.291262704e+005 +5.291262704e+005 +0.0000e+000 +0.0000e+000
98 +7.503442511e+004 +7.503442511e+004 +7.484469511e+004 +7.484469511e+004 +3.6749e-002 -1.0624e+000
123 +4.407112605e+002 +4.407112605e+002 +2.509812605e+002 +2.509812605e+002 -1.8930e+000 -8.0974e-001
163 +4.129635176e+002 +4.129635176e+002 +2.232335176e+002 +2.232335176e+002 -1.1592e+001 -7.7378e-001
167 +2.318817244e+002 +2.318817244e+002 +4.215172443e+001 +4.215172443e+001 -1.2939e+001 -7.8992e-001
189 +2.241528380e+002 +2.241528380e+002 +3.442283799e+001 +3.442283799e+001 -1.1863e+001 -7.8371e-001
190 +2.189030392e+002 +2.189030392e+002 +2.917303919e+001 +2.917303919e+001 -1.1581e+001 -7.9399e-001
194 +2.089910665e+002 +2.089910665e+002 +1.926106647e+001 +1.926106647e+001 -1.1783e+001 -7.9230e-001
198 +1.782091504e+002 +1.782091504e+002 -1.152084957e+001 -1.152084957e+001 -1.1089e+001 -7.9128e-001
206 +1.747556246e+002 +1.747556246e+002 -1.497437543e+001 -1.497437543e+001 -1.1098e+001 -7.8729e-001
211 +7.027881475e+001 +7.027881475e+001 -1.194511853e+002 -1.194511853e+002 -7.5854e+000 -7.8988e-001
262 +6.598141979e+001 +6.598141979e+001 -1.237485802e+002 -1.237485802e+002 -7.4311e+000 -7.8909e-001
271 +3.917001418e+001 +3.917001418e+001 -1.505599858e+002 -1.505599858e+002 -5.7572e+000 -7.8889e-001
275 +3.152663956e+001 +3.152663956e+001 -1.582033604e+002 -1.582033604e+002 -4.9564e+000 -7.8956e-001
276 +1.183536773e+000 +1.183536773e+000 -1.885464632e+002 -1.885464632e+002 -8.2564e-002 -7.8926e-001
297 +8.706351466e-001 +8.706351466e-001 -1.888593649e+002 -1.888593649e+002 +1.3527e-001 -7.8940e-001
303 +7.120114507e-001 +7.120114507e-001 -1.890179885e+002 -1.890179885e+002 +2.6278e-001 -7.8938e-001
321 +4.613299070e-001 +4.613299070e-001 -1.892686701e+002 -1.892686701e+002 +5.9856e-001 -7.8938e-001
329 +4.329772912e-001 +4.329772912e-001 -1.892970227e+002 -1.892970227e+002 +6.9238e-001 -7.8940e-001
337 +4.229499168e-001 +4.229499168e-001 -1.893070501e+002 -1.893070501e+002 +1.0274e+000 -7.8942e-001
345 +4.047335070e-001 +4.047335070e-001 -1.893252665e+002 -1.893252665e+002 +8.4045e-001 -7.8941e-001
358 +3.959743319e-001 +3.959743319e-001 -1.893340257e+002 -1.893340257e+002 +8.4303e-001 -7.8940e-001
363 +3.509763839e-001 +3.509763839e-001 -1.893790236e+002 -1.893790236e+002 +8.4468e-001 -7.8935e-001
383 +3.303045622e-001 +3.303045622e-001 -1.893996954e+002 -1.893996954e+002 +8.1763e-001 -7.8933e-001
393 +1.284010675e-001 +1.284010675e-001 -1.896015989e+002 -1.896015989e+002 +8.3938e-001 -7.8846e-001
397 +5.369849367e-002 +5.369849367e-002 -1.896763015e+002 -1.896763015e+002 +8.2127e-001 -7.8904e-001
407 +3.466905627e-003 +3.466905627e-003 -1.897265331e+002 -1.897265331e+002 +8.3432e-001 -7.8882e-001
425 +2.576220879e-003 +2.576220879e-003 -1.897274238e+002 -1.897274238e+002 +8.4526e-001 -7.8881e-001
443 +2.423653022e-003 +2.423653022e-003 -1.897275763e+002 -1.897275763e+002 +8.4530e-001 -7.8879e-001
457 +2.394249916e-003 +2.394249916e-003 -1.897276058e+002 -1.897276058e+002 +8.4655e-001 -7.8879e-001
462 +1.720311595e-003 +1.720311595e-003 -1.897282797e+002 -1.897282797e+002 +8.5335e-001 -7.8880e-001
473 +3.956259939e-004 +3.956259939e-004 -1.897296044e+002 -1.897296044e+002 +8.9030e-001 -7.8878e-001
493 +3.759272475e-004 +3.759272475e-004 -1.897296241e+002 -1.897296241e+002 +9.0739e-001 -7.8881e-001
500 +3.620278119e-004 +3.620278119e-004 -1.897296380e+002 -1.897296380e+002 +8.7541e-001 -7.8881e-001
504 +1.398044643e-005 +1.398044643e-005 -1.897299860e+002 -1.897299860e+002 +8.9537e-001 -7.8880e-001
518 +1.322684537e-005 +1.322684537e-005 -1.897299868e+002 -1.897299868e+002 +8.8983e-001 -7.8880e-001
525 +6.507026200e-006 +6.507026200e-006 -1.897299935e+002 -1.897299935e+002 +8.8969e-001 -7.8880e-001
528 +2.057193058e-006 +2.057193058e-006 -1.897299979e+002 -1.897299979e+002 +8.9330e-001 -7.8880e-001
550 +1.632972669e-006 +1.632972669e-006 -1.897299984e+002 -1.897299984e+002 +8.9119e-001 -7.8880e-001
553 +1.598535192e-006 +1.598535192e-006 -1.897299984e+002 -1.897299984e+002 +8.9077e-001 -7.8880e-001
560 +1.234607765e-006 +1.234607765e-006 -1.897299988e+002 -1.897299988e+002 +8.9142e-001 -7.8880e-001
568 +1.118254033e-006 +1.118254033e-006 -1.897299989e+002 -1.897299989e+002 +8.9104e-001 -7.8880e-001
576 +7.465143597e-007 +7.465143597e-007 -1.897299993e+002 -1.897299993e+002 +8.9236e-001 -7.8880e-001
577 +9.225394138e-008 +9.225394138e-008 -1.897299999e+002 -1.897299999e+002 +8.9175e-001 -7.8880e-001
583 +4.111259955e-008 +4.111259955e-008 -1.897300000e+002 -1.897300000e+002 +8.9200e-001 -7.8880e-001
593 +3.914217928e-008 +3.914217928e-008 -1.897300000e+002 -1.897300000e+002 +8.9196e-001 -7.8880e-001
604 +9.326669215e-009 +9.326669215e-009 -1.897300000e+002 -1.897300000e+002 +8.9193e-001 -7.8880e-001
722 +0.000000000e+000 +0.000000000e+000 -1.897300000e+002 -1.897300000e+002 +8.9200e-001 -7.8880e-001
% function evaluation | noise-free fitness - Fopt (4.659700000000e+002) | best noise-free fitness - Fopt | measured fitness | best measured fitness | x1 | x2...
1 +7.741862449e+004 +7.741862449e+004 +7.788459449e+004 +7.788459449e+004 +0.0000e+000 +0.0000e+000
43 +4.835322774e+003 +4.835322774e+003 +5.301292774e+003 +5.301292774e+003 -3.6849e+000 -3.5025e-001
57 +3.759852395e+003 +3.759852395e+003 +4.225822395e+003 +4.225822395e+003 -3.4035e+000 -2.0862e-001
66 +3.358437824e+003 +3.358437824e+003 +3.824407824e+003 +3.824407824e+003 -3.4899e+000 -2.2066e-001
85 +6.186708378e+002 +6.186708378e+002 +1.084640838e+003 +1.084640838e+003 -3.3444e+000 -2.5014e-001
87 +5.145837784e+002 +5.145837784e+002 +9.805537784e+002 +9.805537784e+002 -3.5182e+000 -2.5156e-001
91 +3.116079336e+000 +3.116079336e+000 +4.690860793e+002 +4.690860793e+002 -3.4441e+000 -2.7301e-001
181 +5.147260728e-001 +5.147260728e-001 +4.664847261e+002 +4.664847261e+002 -1.1862e+000 -2.7347e-001
183 +1.117596670e-001 +1.117596670e-001 +4.660817597e+002 +4.660817597e+002 -1.6011e+000 -2.7351e-001
192 +9.736891048e-002 +9.736891048e-002 +4.660673689e+002 +4.660673689e+002 -2.1539e+000 -2.7381e-001
194 +2.898487410e-002 +2.898487410e-002 +4.659989849e+002 +4.659989849e+002 -2.0591e+000 -2.7366e-001
210 +6.518648087e-005 +6.518648087e-005 +4.659700652e+002 +4.659700652e+002 -1.9144e+000 -2.7361e-001
276 +5.168526701e-005 +5.168526701e-005 +4.659700517e+002 +4.659700517e+002 -1.9170e+000 -2.7360e-001
286 +2.858856192e-006 +2.858856192e-006 +4.659700029e+002 +4.659700029e+002 -1.9108e+000 -2.7360e-001
301 +2.142901963e-007 +2.142901963e-007 +4.659700002e+002 +4.659700002e+002 -1.9108e+000 -2.7360e-001
367 +2.105367685e-007 +2.105367685e-007 +4.659700002e+002 +4.659700002e+002 -1.9116e+000 -2.7360e-001
376 +1.424030529e-007 +1.424030529e-007 +4.659700001e+002 +4.659700001e+002 -1.9115e+000 -2.7360e-001
381 +4.339318593e-008 +4.339318593e-008 +4.659700000e+002 +4.659700000e+002 -1.9114e+000 -2.7360e-001
382 +1.249185289e-008 +1.249185289e-008 +4.659700000e+002 +4.659700000e+002 -1.9112e+000 -2.7360e-001
402 +1.000148586e-008 +1.000148586e-008 +4.659700000e+002 +4.659700000e+002 -1.9113e+000 -2.7360e-001
405 +3.896786893e-009 +3.896786893e-009 +4.659700000e+002 +4.659700000e+002 -1.9112e+000 -2.7360e-001
674 +0.000000000e+000 +0.000000000e+000 +4.659700000e+002 +4.659700000e+002 -1.9112e+000 -2.7360e-001
% function evaluation | noise-free fitness - Fopt (2.574000000000e+001) | best noise-free fitness - Fopt | measured fitness | best measured fitness | x1 | x2...
1 +3.795358786e+006 +3.795358786e+006 +3.795384526e+006 +3.795384526e+006 +0.0000e+000 +0.0000e+000
2 +3.713621208e+005 +3.713621208e+005 +3.713878608e+005 +3.713878608e+005 +7.1229e-001 +2.4622e+000
7 +3.503020147e+005 +3.503020147e+005 +3.503277547e+005 +3.503277547e+005 +7.1257e-001 +2.4505e+000
16 +3.423916101e+005 +3.423916101e+005 +3.424173501e+005 +3.424173501e+005 +7.1223e-001 +2.4461e+000
19 +3.259852314e+005 +3.259852314e+005 +3.260109714e+005 +3.260109714e+005 +7.0732e-001 +2.4373e+000
24 +3.011428832e+005 +3.011428832e+005 +3.011686232e+005 +3.011686232e+005 +7.0924e-001 +2.4239e+000
34 +2.766628776e+005 +2.766628776e+005 +2.766886176e+005 +2.766886176e+005 +7.0956e-001 +2.4105e+000
44 +2.687830719e+005 +2.687830719e+005 +2.688088119e+005 +2.688088119e+005 +7.0972e-001 +2.4060e+000
62 +2.621747284e+005 +2.621747284e+005 +2.622004684e+005 +2.622004684e+005 +7.0932e-001 +2.4022e+000
65 +2.409681576e+005 +2.409681576e+005 +2.409938976e+005 +2.409938976e+005 +7.0971e-001 +2.3895e+000
79 +2.299049135e+005 +2.299049135e+005 +2.299306535e+005 +2.299306535e+005 +7.0969e-001 +2.3825e+000
82 +1.546606106e+005 +1.546606106e+005 +1.546863506e+005 +1.546863506e+005 +7.0832e-001 +2.3142e+000
101 +1.483373745e+005 +1.483373745e+005 +1.483631145e+005 +1.483631145e+005 +7.0915e-001 +2.3044e+000
102 +1.330997224e+005 +1.330997224e+005 +1.331254624e+005 +1.331254624e+005 +7.0907e-001 +2.2736e+000
106 +1.263399345e+005 +1.263399345e+005 +1.263656745e+005 +1.263656745e+005 +7.0903e-001 +2.2569e+000
112 +5.327643617e+004 +5.327643617e+004 +5.330217617e+004 +5.330217617e+004 +7.0866e-001 +2.1280e+000
122 +2.324860038e+003 +2.324860038e+003 +2.350600038e+003 +2.350600038e+003 +7.0833e-001 +1.8511e+000
132 +2.853653452e+001 +2.853653452e+001 +5.427653452e+001 +5.427653452e+001 +7.0872e-001 +1.9018e+000
154 +4.025789530e+000 +4.025789530e+000 +2.976578953e+001 +2.976578953e+001 +7.0896e-001 +1.8982e+000
163 +3.866590849e+000 +3.866590849e+000 +2.960659085e+001 +2.960659085e+001 +7.0950e-001 +1.8980e+000
165 +3.776747257e+000 +3.776747257e+000 +2.951674726e+001 +2.951674726e+001 +7.0716e-001 +1.8979e+000
169 +2.339021855e+000 +2.339021855e+000 +2.807902186e+001 +2.807902186e+001 +7.0963e-001 +1.8967e+000
252 +2.250658293e+000 +2.250658293e+000 +2.799065829e+001 +2.799065829e+001 +6.7544e-001 +1.8967e+000
260 +2.236045154e+000 +2.236045154e+000 +2.797604515e+001 +2.797604515e+001 +6.7205e-001 +1.8968e+000
267 +1.896201222e+000 +1.896201222e+000 +2.763620122e+001 +2.763620122e+001 +3.2342e-001 +1.8967e+000
299 +1.653014415e+000 +1.653014415e+000 +2.739301442e+001 +2.739301442e+001 +2.2225e-001 +1.8967e+000
316 +1.059714181e+000 +1.059714181e+000 +2.679971418e+001 +2.679971418e+001 +6.9163e-002 +1.8967e+000
322 +5.128589023e-001 +5.128589023e-001 +2.625285890e+001 +2.625285890e+001 -1.9123e-001 +1.8968e+000
335 +2.786064824e-001 +2.786064824e-001 +2.601860648e+001 +2.601860648e+001 -4.4003e-001 +1.8967e+000
342 +1.026583689e-001 +1.026583689e-001 +2.584265837e+001 +2.584265837e+001 -6.5357e-001 +1.8967e+000
355 +1.791472719e-002 +1.791472719e-002 +2.575791473e+001 +2.575791473e+001 -8.2941e-001 +1.8967e+000
363 +1.716423367e-002 +1.716423367e-002 +2.575716423e+001 +2.575716423e+001 -9.2404e-001 +1.8969e+000
364 +1.660346888e-002 +1.660346888e-002 +2.575660347e+001 +2.575660347e+001 -8.3168e-001 +1.8968e+000
367 +7.654662136e-003 +7.654662136e-003 +2.574765466e+001 +2.574765466e+001 -8.6030e-001 +1.8968e+000
375 +4.186414387e-003 +4.186414387e-003 +2.574418641e+001 +2.574418641e+001 -1.0064e+000 +1.8968e+000
386 +4.317318582e-004 +4.317318582e-004 +2.574043173e+001 +2.574043173e+001 -9.4670e-001 +1.8968e+000
399 +4.085581830e-004 +4.085581830e-004 +2.574040856e+001 +2.574040856e+001 -9.5624e-001 +1.8968e+000
402 +2.256810940e-004 +2.256810940e-004 +2.574022568e+001 +2.574022568e+001 -9.4996e-001 +1.8968e+000
412 +1.484451651e-004 +1.484451651e-004 +2.574014845e+001 +2.574014845e+001 -9.5627e-001 +1.8968e+000
424 +6.923275306e-005 +6.923275306e-005 +2.574006923e+001 +2.574006923e+001 -9.4800e-001 +1.8968e+000
433 +2.303183552e-005 +2.303183552e-005 +2.574002303e+001 +2.574002303e+001 -9.4118e-001 +1.8968e+000
442 +1.101970347e-005 +1.101970347e-005 +2.574001102e+001 +2.574001102e+001 -9.4270e-001 +1.8968e+000
459 +3.262112976e-006 +3.262112976e-006 +2.574000326e+001 +2.574000326e+001 -9.4487e-001 +1.8968e+000
475 +2.005175144e-006 +2.005175144e-006 +2.574000201e+001 +2.574000201e+001 -9.4490e-001 +1.8968e+000
487 +7.006202516e-007 +7.006202516e-007 +2.574000070e+001 +2.574000070e+001 -9.4482e-001 +1.8968e+000
503 +1.548703601e-007 +1.548703601e-007 +2.574000015e+001 +2.574000015e+001 -9.4596e-001 +1.8968e+000
519 +8.684999386e-008 +8.684999386e-008 +2.574000009e+001 +2.574000009e+001 -9.4541e-001 +1.8968e+000
532 +4.615564819e-009 +4.615564819e-009 +2.574000000e+001 +2.574000000e+001 -9.4554e-001 +1.8968e+000
781 +0.000000000e+000 +0.000000000e+000 +2.574000000e+001 +2.574000000e+001 -9.4560e-001 +1.8968e+000
% function evaluation | noise-free fitness - Fopt (4.167000000000e+001) | best noise-free fitness - Fopt | measured fitness | best measured fitness | x1 | x2...
1 +1.168434427e+007 +1.168434427e+007 +1.168438594e+007 +1.168438594e+007 +0.0000e+000 +0.0000e+000
15 +1.004134347e+007 +1.004134347e+007 +1.004138514e+007 +1.004138514e+007 -1.6087e+000 +2.2380e-001
27 +9.206101784e+006 +9.206101784e+006 +9.206143454e+006 +9.206143454e+006 -1.6091e+000 +3.4510e-001
30 +8.121638963e+006 +8.121638963e+006 +8.121680633e+006 +8.121680633e+006 -1.6086e+000 +5.1423e-001
34 +6.321966806e+006 +6.321966806e+006 +6.322008476e+006 +6.322008476e+006 -1.6087e+000 +8.4317e-001
42 +3.721258938e+006 +3.721258938e+006 +3.721300608e+006 +3.721300608e+006 -1.6109e+000 +1.5726e+000
50 +3.613586759e+006 +3.613586759e+006 +3.613628429e+006 +3.613628429e+006 -1.6084e+000 +1.6120e+000
54 +1.027805205e+004 +1.027805205e+004 +1.031972205e+004 +1.031972205e+004 -1.6158e+000 +3.3384e+000
82 +3.142687181e+003 +3.142687181e+003 +3.184357181e+003 +3.184357181e+003 -1.7118e+000 +3.4930e+000
91 +4.535286883e+002 +4.535286883e+002 +4.951986883e+002 +4.951986883e+002 -1.6737e+000 +3.4216e+000
93 +4.070359803e+002 +4.070359803e+002 +4.487059803e+002 +4.487059803e+002 -1.6991e+000 +3.4229e+000
98 +2.794311207e+002 +2.794311207e+002 +3.211011207e+002 +3.211011207e+002 -1.7085e+000 +3.4589e+000
102 +7.595157577e+001 +7.595157577e+001 +1.176215758e+002 +1.176215758e+002 -1.7007e+000 +3.4496e+000
105 +2.505634231e+001 +2.505634231e+001 +6.672634231e+001 +6.672634231e+001 -1.7017e+000 +3.4428e+000
159 +2.453389920e+001 +2.453389920e+001 +6.620389920e+001 +6.620389920e+001 -1.5887e+000 +3.4431e+000
165 +2.252904564e+001 +2.252904564e+001 +6.419904564e+001 +6.419904564e+001 -1.3869e+000 +3.4421e+000
192 +2.183275381e+001 +2.183275381e+001 +6.350275381e+001 +6.350275381e+001 -1.3042e+000 +3.4422e+000
193 +2.094841266e+001 +2.094841266e+001 +6.261841266e+001 +6.261841266e+001 -1.1965e+000 +3.4424e+000
199 +2.073298780e+001 +2.073298780e+001 +6.240298780e+001 +6.240298780e+001 -1.1682e+000 +3.4423e+000
204 +1.539499593e+001 +1.539499593e+001 +5.706499593e+001 +5.706499593e+001 -4.6696e-001 +3.4429e+000
205 +5.772951531e+000 +5.772951531e+000 +4.744295153e+001 +4.744295153e+001 +9.3741e-001 +3.4423e+000
221 +2.195750018e+000 +2.195750018e+000 +4.386575002e+001 +4.386575002e+001 +2.5258e+000 +3.4436e+000
222 +8.016548202e-001 +8.016548202e-001 +4.247165482e+001 +4.247165482e+001 +4.3375e+000 +3.4426e+000
229 +1.667596603e-001 +1.667596603e-001 +4.183675966e+001 +4.183675966e+001 +3.4174e+000 +3.4428e+000
246 +1.618407019e-001 +1.618407019e-001 +4.183184070e+001 +4.183184070e+001 +3.6859e+000 +3.4427e+000
253 +1.288829302e-001 +1.288829302e-001 +4.179888293e+001 +4.179888293e+001 +3.6936e+000 +3.4426e+000
255 +1.219319238e-001 +1.219319238e-001 +4.179193192e+001 +4.179193192e+001 +3.5611e+000 +3.4427e+000
262 +8.412610528e-002 +8.412610528e-002 +4.175412611e+001 +4.175412611e+001 +3.5304e+000 +3.4427e+000
266 +5.439004469e-002 +5.439004469e-002 +4.172439004e+001 +4.172439004e+001 +3.3928e+000 +3.4426e+000
284 +5.242343935e-002 +5.242343935e-002 +4.172242344e+001 +4.172242344e+001 +3.4729e+000 +3.4426e+000
302 +4.907286105e-002 +4.907286105e-002 +4.171907286e+001 +4.171907286e+001 +3.4089e+000 +3.4426e+000
312 +4.821073266e-002 +4.821073266e-002 +4.171821073e+001 +4.171821073e+001 +3.3980e+000 +3.4426e+000
316 +4.771293159e-002 +4.771293159e-002 +4.171771293e+001 +4.171771293e+001 +3.5700e+000 +3.4426e+000
318 +4.583753635e-002 +4.583753635e-002 +4.171583754e+001 +4.171583754e+001 +3.4301e+000 +3.4426e+000
322 +4.547436921e-002 +4.547436921e-002 +4.171547437e+001 +4.171547437e+001 +3.3271e+000 +3.4426e+000
324 +4.084550222e-002 +4.084550222e-002 +4.171084550e+001 +4.171084550e+001 +3.4721e+000 +3.4426e+000
325 +3.526431882e-002 +3.526431882e-002 +4.170526432e+001 +4.170526432e+001 +3.4098e+000 +3.4426e+000
327 +6.208348214e-003 +6.208348214e-003 +4.167620835e+001 +4.167620835e+001 +3.3812e+000 +3.4425e+000
340 +5.197443601e-003 +5.197443601e-003 +4.167519744e+001 +4.167519744e+001 +3.3692e+000 +3.4425e+000
344 +5.720064767e-005 +5.720064767e-005 +4.167005720e+001 +4.167005720e+001 +3.4188e+000 +3.4424e+000
375 +3.677061848e-005 +3.677061848e-005 +4.167003677e+001 +4.167003677e+001 +3.4124e+000 +3.4424e+000
382 +6.365162264e-006 +6.365162264e-006 +4.167000637e+001 +4.167000637e+001 +3.4123e+000 +3.4424e+000
405 +1.865094994e-006 +1.865094994e-006 +4.167000187e+001 +4.167000187e+001 +3.4123e+000 +3.4424e+000
420 +5.845132449e-007 +5.845132449e-007 +4.167000058e+001 +4.167000058e+001 +3.4130e+000 +3.4424e+000
423 +6.694940424e-008 +6.694940424e-008 +4.167000007e+001 +4.167000007e+001 +3.4138e+000 +3.4424e+000
443 +1.886827761e-008 +1.886827761e-008 +4.167000002e+001 +4.167000002e+001 +3.4135e+000 +3.4424e+000
452 +1.545326711e-008 +1.545326711e-008 +4.167000002e+001 +4.167000002e+001 +3.4135e+000 +3.4424e+000
466 +1.017895102e-009 +1.017895102e-009 +4.167000000e+001 +4.167000000e+001 +3.4136e+000 +3.4424e+000
850 +0.000000000e+000 +0.000000000e+000 +4.167000000e+001 +4.167000000e+001 +3.4136e+000 +3.4424e+000
% function evaluation | noise-free fitness - Fopt (-1.909500000000e+002) | best noise-free fitness - Fopt | measured fitness | best measured fitness | x1 | x2...
1 +8.090424180e+006 +8.090424180e+006 +8.090233230e+006 +8.090233230e+006 +0.0000e+000 +0.0000e+000
62 +2.135252149e+006 +2.135252149e+006 +2.135061199e+006 +2.135061199e+006 -1.1573e+001 -1.2707e+000
66 +1.669017660e+006 +1.669017660e+006 +1.668826710e+006 +1.668826710e+006 +7.3083e+000 -1.6557e+000
74 +4.810381356e+005 +4.810381356e+005 +4.808471856e+005 +4.808471856e+005 -5.3129e+001 -2.1723e+000
79 +2.220813829e+003 +2.220813829e+003 +2.029863829e+003 +2.029863829e+003 -1.9246e+000 -2.7847e+000
101 +1.777730491e+003 +1.777730491e+003 +1.586780491e+003 +1.586780491e+003 -2.4966e+001 -2.7906e+000
118 +1.116845716e+003 +1.116845716e+003 +9.258957155e+002 +9.258957155e+002 -1.9194e+001 -2.8028e+000
122 +4.719308233e+002 +4.719308233e+002 +2.809808233e+002 +2.809808233e+002 -2.0591e+001 -2.8416e+000
126 +4.469476691e+002 +4.469476691e+002 +2.559976691e+002 +2.559976691e+002 -2.4600e+001 -2.8259e+000
127 +4.451696761e+002 +4.451696761e+002 +2.542196761e+002 +2.542196761e+002 -2.0054e+001 -2.8411e+000
132 +3.444346230e+002 +3.444346230e+002 +1.534846230e+002 +1.534846230e+002 -2.1038e+001 -2.8315e+000
183 +3.227438246e+002 +3.227438246e+002 +1.317938246e+002 +1.317938246e+002 -2.0140e+001 -2.8284e+000
184 +3.135501031e+002 +3.135501031e+002 +1.226001031e+002 +1.226001031e+002 -1.8261e+001 -2.8355e+000
185 +4.560468211e+001 +4.560468211e+001 -1.453453179e+002 -1.453453179e+002 -9.2513e+000 -2.8268e+000
201 +1.718654216e+001 +1.718654216e+001 -1.737634578e+002 -1.737634578e+002 -6.1195e+000 -2.8275e+000
225 +8.025199035e+000 +8.025199035e+000 -1.829248010e+002 -1.829248010e+002 -5.5537e+000 -2.8297e+000
232 +2.386755040e+000 +2.386755040e+000 -1.885632450e+002 -1.885632450e+002 -2.6583e+000 -2.8280e+000
233 +2.087706525e+000 +2.087706525e+000 -1.888622935e+002 -1.888622935e+002 -2.2799e+000 -2.8310e+000
245 +2.495711020e-001 +2.495711020e-001 -1.907004289e+002 -1.907004289e+002 -2.9296e+000 -2.8292e+000
265 +2.348741680e-001 +2.348741680e-001 -1.907151258e+002 -1.907151258e+002 -2.7295e+000 -2.8300e+000
269 +4.255602266e-002 +4.255602266e-002 -1.909074440e+002 -1.909074440e+002 -2.7302e+000 -2.8298e+000
276 +2.287231250e-002 +2.287231250e-002 -1.909271277e+002 -1.909271277e+002 -2.7242e+000 -2.8297e+000
286 +1.920006591e-002 +1.920006591e-002 -1.909307999e+002 -1.909307999e+002 -2.5846e+000 -2.8295e+000
351 +1.348848180e-002 +1.348848180e-002 -1.909365115e+002 -1.909365115e+002 -2.7509e+000 -2.8296e+000
354 +6.287228200e-003 +6.287228200e-003 -1.909437128e+002 -1.909437128e+002 -2.7258e+000 -2.8296e+000
365 +3.067514913e-003 +3.067514913e-003 -1.909469325e+002 -1.909469325e+002 -2.6921e+000 -2.8296e+000
367 +9.345027402e-004 +9.345027402e-004 -1.909490655e+002 -1.909490655e+002 -2.6729e+000 -2.8296e+000
380 +3.355228885e-004 +3.355228885e-004 -1.909496645e+002 -1.909496645e+002 -2.6524e+000 -2.8296e+000
406 +7.135644054e-005 +7.135644054e-005 -1.909499286e+002 -1.909499286e+002 -2.6483e+000 -2.8296e+000
431 +3.882025251e-005 +3.882025251e-005 -1.909499612e+002 -1.909499612e+002 -2.6472e+000 -2.8296e+000
435 +1.143916018e-005 +1.143916018e-005 -1.909499886e+002 -1.909499886e+002 -2.6464e+000 -2.8296e+000
484 +9.403912401e-006 +9.403912401e-006 -1.909499906e+002 -1.909499906e+002 -2.6441e+000 -2.8296e+000
494 +7.248416324e-006 +7.248416324e-006 -1.909499928e+002 -1.909499928e+002 -2.6439e+000 -2.8296e+000
495 +7.061299925e-006 +7.061299925e-006 -1.909499929e+002 -1.909499929e+002 -2.6442e+000 -2.8296e+000
508 +4.985928086e-006 +4.985928086e-006 -1.909499950e+002 -1.909499950e+002 -2.6436e+000 -2.8296e+000
511 +9.096464169e-007 +9.096464169e-007 -1.909499991e+002 -1.909499991e+002 -2.6424e+000 -2.8296e+000
513 +7.346229438e-007 +7.346229438e-007 -1.909499993e+002 -1.909499993e+002 -2.6427e+000 -2.8296e+000
517 +6.993183774e-007 +6.993183774e-007 -1.909499993e+002 -1.909499993e+002 -2.6435e+000 -2.8296e+000
518 +7.571489391e-008 +7.571489391e-008 -1.909499999e+002 -1.909499999e+002 -2.6430e+000 -2.8296e+000
591 +6.978066835e-008 +6.978066835e-008 -1.909499999e+002 -1.909499999e+002 -2.6431e+000 -2.8296e+000
593 +5.295882488e-008 +5.295882488e-008 -1.909499999e+002 -1.909499999e+002 -2.6432e+000 -2.8296e+000
602 +3.900791512e-008 +3.900791512e-008 -1.909500000e+002 -1.909500000e+002 -2.6432e+000 -2.8296e+000
613 +1.005705030e-008 +1.005705030e-008 -1.909500000e+002 -1.909500000e+002 -2.6433e+000 -2.8296e+000
629 +7.695064141e-009 +7.695064141e-009 -1.909500000e+002 -1.909500000e+002 -2.6432e+000 -2.8296e+000
843 +0.000000000e+000 +0.000000000e+000 -1.909500000e+002 -1.909500000e+002 -2.6432e+000 -2.8296e+000
% function evaluation | noise-free fitness - Fopt (1.370000000000e+000) | best noise-free fitness - Fopt | measured fitness | best measured fitness | x1 | x2...
1 +4.062581704e+006 +4.062581704e+006 +4.062583074e+006 +4.062583074e+006 +0.0000e+000 +0.0000e+000
75 +3.742956271e+006 +3.742956271e+006 +3.742957641e+006 +3.742957641e+006 -1.2580e+000 +3.9593e+000
86 +1.871648312e+006 +1.871648312e+006 +1.871649682e+006 +1.871649682e+006 -1.2601e+000 +3.2492e+000
103 +7.689049372e+005 +7.689049372e+005 +7.689063072e+005 +7.689063072e+005 -1.2525e+000 +2.9221e+000
104 +4.624926452e+005 +4.624926452e+005 +4.624940152e+005 +4.624940152e+005 -1.2610e+000 +2.6260e+000
113 +3.064793433e+005 +3.064793433e+005 +3.064807133e+005 +3.064807133e+005 -1.2628e+000 +2.5220e+000
121 +2.140834639e+005 +2.140834639e+005 +2.140848339e+005 +2.140848339e+005 -1.2614e+000 +2.4668e+000
131 +1.874152362e+005 +1.874152362e+005 +1.874166062e+005 +1.874166062e+005 -1.2598e+000 +2.4457e+000
132 +1.607633623e+005 +1.607633623e+005 +1.607647323e+005 +1.607647323e+005 -1.2624e+000 +2.4176e+000
137 +1.054384879e+005 +1.054384879e+005 +1.054398579e+005 +1.054398579e+005 -1.2594e+000 +2.3081e+000
142 +5.436555600e+004 +5.436555600e+004 +5.436692600e+004 +5.436692600e+004 -1.2566e+000 +2.2255e+000
145 +1.141437657e+004 +1.141437657e+004 +1.141574657e+004 +1.141574657e+004 -1.2619e+000 +1.8839e+000
166 +1.067211963e+003 +1.067211963e+003 +1.068581963e+003 +1.068581963e+003 -1.2629e+000 +2.0274e+000
176 +2.017011271e+002 +2.017011271e+002 +2.030711271e+002 +2.030711271e+002 -1.2622e+000 +2.0051e+000
186 +5.186642673e+001 +5.186642673e+001 +5.323642673e+001 +5.323642673e+001 -1.2622e+000 +1.9975e+000
192 +4.897221682e+001 +4.897221682e+001 +5.034221682e+001 +5.034221682e+001 -1.2621e+000 +1.9968e+000
206 +2.404638808e+001 +2.404638808e+001 +2.541638808e+001 +2.541638808e+001 -1.2620e+000 +1.9924e+000
226 +2.386361325e+001 +2.386361325e+001 +2.523361325e+001 +2.523361325e+001 -1.2597e+000 +1.9919e+000
342 +2.332286142e+001 +2.332286142e+001 +2.469286142e+001 +2.469286142e+001 -1.1897e+000 +1.9918e+000
352 +1.873491033e+001 +1.873491033e+001 +2.010491033e+001 +2.010491033e+001 -6.0707e-001 +1.9919e+000
362 +1.531786391e+001 +1.531786391e+001 +1.668786391e+001 +1.668786391e+001 -1.7846e-001 +1.9918e+000
363 +2.481142456e+000 +2.481142456e+000 +3.851142456e+000 +3.851142456e+000 +2.2864e+000 +1.9919e+000
385 +3.577022766e-001 +3.577022766e-001 +1.727702277e+000 +1.727702277e+000 +3.0954e+000 +1.9919e+000
386 +1.127567147e-001 +1.127567147e-001 +1.482756715e+000 +1.482756715e+000 +3.4502e+000 +1.9918e+000
407 +2.880139782e-002 +2.880139782e-002 +1.398801398e+000 +1.398801398e+000 +3.8500e+000 +1.9919e+000
413 +2.472953686e-003 +2.472953686e-003 +1.372472954e+000 +1.372472954e+000 +3.6740e+000 +1.9920e+000
414 +1.263342228e-003 +1.263342228e-003 +1.371263342e+000 +1.371263342e+000 +3.7585e+000 +1.9920e+000
433 +6.059405484e-004 +6.059405484e-004 +1.370605941e+000 +1.370605941e+000 +3.7296e+000 +1.9920e+000
476 +6.018223828e-004 +6.018223828e-004 +1.370601822e+000 +1.370601822e+000 +3.7040e+000 +1.9920e+000
483 +3.743174152e-004 +3.743174152e-004 +1.370374317e+000 +1.370374317e+000 +3.7148e+000 +1.9920e+000
485 +2.187792094e-004 +2.187792094e-004 +1.370218779e+000 +1.370218779e+000 +3.7125e+000 +1.9920e+000
497 +3.302370912e-005 +3.302370912e-005 +1.370033024e+000 +1.370033024e+000 +3.7184e+000 +1.9920e+000
573 +2.681110567e-005 +2.681110567e-005 +1.370026811e+000 +1.370026811e+000 +3.7171e+000 +1.9920e+000
587 +2.485364797e-005 +2.485364797e-005 +1.370024854e+000 +1.370024854e+000 +3.7172e+000 +1.9920e+000
599 +2.092166477e-005 +2.092166477e-005 +1.370020922e+000 +1.370020922e+000 +3.7181e+000 +1.9920e+000
603 +1.008486429e-005 +1.008486429e-005 +1.370010085e+000 +1.370010085e+000 +3.7192e+000 +1.9920e+000
612 +6.915614535e-006 +6.915614535e-006 +1.370006916e+000 +1.370006916e+000 +3.7190e+000 +1.9920e+000
636 +1.723591179e-007 +1.723591179e-007 +1.370000172e+000 +1.370000172e+000 +3.7216e+000 +1.9920e+000
650 +9.098445775e-009 +9.098445775e-009 +1.370000009e+000 +1.370000009e+000 +3.7216e+000 +1.9920e+000
1080 +0.000000000e+000 +0.000000000e+000 +1.370000000e+000 +1.370000000e+000 +3.7216e+000 +1.9920e+000
% function evaluation | noise-free fitness - Fopt (-1.645800000000e+002) | best noise-free fitness - Fopt | measured fitness | best measured fitness | x1 | x2...
1 +1.079402142e+003 +1.079402142e+003 +9.148221419e+002 +9.148221419e+002 +0.0000e+000 +0.0000e+000
75 +1.001303773e+003 +1.001303773e+003 +8.367237729e+002 +8.367237729e+002 +8.6229e+000 -4.1866e-003
81 +4.452055113e+002 +4.452055113e+002 +2.806255113e+002 +2.806255113e+002 +7.4206e+000 -1.6063e-002
93 +2.111205629e+002 +2.111205629e+002 +4.654056293e+001 +4.654056293e+001 +8.3860e+000 -4.7801e-002
110 +1.698245677e+002 +1.698245677e+002 +5.244567741e+000 +5.244567741e+000 +8.8873e+000 -4.5955e-002
113 +1.639459685e+002 +1.639459685e+002 -6.340315060e-001 -6.340315060e-001 +9.4912e+000 -4.5098e-002
115 +8.888184133e+001 +8.888184133e+001 -7.569815867e+001 -7.569815867e+001 +8.9299e+000 -3.3554e-002
128 +8.239423542e+001 +8.239423542e+001 -8.218576458e+001 -8.218576458e+001 +8.8463e+000 -3.4956e-002
145 +8.127948632e+001 +8.127948632e+001 -8.330051368e+001 -8.330051368e+001 +8.8331e+000 -3.6500e-002
231 +7.929784717e+001 +7.929784717e+001 -8.528215283e+001 -8.528215283e+001 +8.7094e+000 -3.5972e-002
241 +7.638368732e+001 +7.638368732e+001 -8.819631268e+001 -8.819631268e+001 +8.4580e+000 -3.5741e-002
248 +7.171102076e+001 +7.171102076e+001 -9.286897924e+001 -9.286897924e+001 +7.9447e+000 -3.5793e-002
255 +6.777858461e+001 +6.777858461e+001 -9.680141539e+001 -9.680141539e+001 +7.4290e+000 -3.6009e-002
262 +6.760244236e+001 +6.760244236e+001 -9.697755764e+001 -9.697755764e+001 +7.4001e+000 -3.5779e-002
263 +6.606721936e+001 +6.606721936e+001 -9.851278064e+001 -9.851278064e+001 +7.2116e+000 -3.5794e-002
264 +5.115059160e+001 +5.115059160e+001 -1.134294084e+002 -1.134294084e+002 +6.0313e+000 -3.6039e-002
269 +4.681955141e+001 +4.681955141e+001 -1.177604486e+002 -1.177604486e+002 +5.7745e+000 -3.5810e-002
274 +4.308480826e+001 +4.308480826e+001 -1.214951917e+002 -1.214951917e+002 +5.5611e+000 -3.5916e-002
275 +8.655713146e+000 +8.655713146e+000 -1.559242869e+002 -1.559242869e+002 +2.1527e+000 -3.5826e-002
282 +5.787445654e-002 +5.787445654e-002 -1.645221255e+002 -1.645221255e+002 -1.0237e+000 -3.5863e-002
301 +2.041779450e-002 +2.041779450e-002 -1.645595822e+002 -1.645595822e+002 -8.9129e-001 -3.5861e-002
313 +3.983212431e-003 +3.983212431e-003 -1.645760168e+002 -1.645760168e+002 -8.7611e-001 -3.5966e-002
326 +3.090537779e-003 +3.090537779e-003 -1.645769095e+002 -1.645769095e+002 -8.5851e-001 -3.5960e-002
328 +2.719911656e-003 +2.719911656e-003 -1.645772801e+002 -1.645772801e+002 -8.2018e-001 -3.5949e-002
333 +2.647265566e-003 +2.647265566e-003 -1.645773527e+002 -1.645773527e+002 -8.1943e-001 -3.5951e-002
334 +2.382625633e-003 +2.382625633e-003 -1.645776174e+002 -1.645776174e+002 -8.3888e-001 -3.5956e-002
336 +1.117956929e-003 +1.117956929e-003 -1.645788820e+002 -1.645788820e+002 -8.3881e-001 -3.5971e-002
338 +7.067054367e-004 +7.067054367e-004 -1.645792933e+002 -1.645792933e+002 -8.0639e-001 -3.5978e-002
343 +1.132398611e-004 +1.132398611e-004 -1.645798868e+002 -1.645798868e+002 -8.3307e-001 -3.6003e-002
370 +5.527504686e-005 +5.527504686e-005 -1.645799447e+002 -1.645799447e+002 -8.3017e-001 -3.6002e-002
375 +4.363183021e-005 +4.363183021e-005 -1.645799564e+002 -1.645799564e+002 -8.2937e-001 -3.6000e-002
382 +2.468844369e-005 +2.468844369e-005 -1.645799753e+002 -1.645799753e+002 -8.1773e-001 -3.6000e-002
394 +2.234757432e-006 +2.234757432e-006 -1.645799978e+002 -1.645799978e+002 -8.2079e-001 -3.6000e-002
402 +8.643720548e-007 +8.643720548e-007 -1.645799991e+002 -1.645799991e+002 -8.2322e-001 -3.6000e-002
405 +7.217528264e-008 +7.217528264e-008 -1.645799999e+002 -1.645799999e+002 -8.2267e-001 -3.6000e-002
424 +5.487237331e-008 +5.487237331e-008 -1.645799999e+002 -1.645799999e+002 -8.2249e-001 -3.6000e-002
425 +2.415021072e-008 +2.415021072e-008 -1.645800000e+002 -1.645800000e+002 -8.2242e-001 -3.6000e-002
439 +2.303812607e-008 +2.303812607e-008 -1.645800000e+002 -1.645800000e+002 -8.2234e-001 -3.6000e-002
448 +1.592789545e-008 +1.592789545e-008 -1.645800000e+002 -1.645800000e+002 -8.2248e-001 -3.6000e-002
452 +1.500191615e-008 +1.500191615e-008 -1.645800000e+002 -1.645800000e+002 -8.2251e-001 -3.6000e-002
462 +7.708365501e-009 +7.708365501e-009 -1.645800000e+002 -1.645800000e+002 -8.2241e-001 -3.6000e-002
670 +0.000000000e+000 +0.000000000e+000 -1.645800000e+002 -1.645800000e+002 -8.2240e-001 -3.6000e-002
% function evaluation | noise-free fitness - Fopt (-1.803800000000e+002) | best noise-free fitness - Fopt | measured fitness | best measured fitness | x1 | x2...
1 +1.185471483e+007 +1.185471483e+007 +1.185453445e+007 +1.185453445e+007 +0.0000e+000 +0.0000e+000
2 +3.776196279e+004 +3.776196279e+004 +3.758158279e+004 +3.758158279e+004 +3.6041e+000 +3.6565e+000
6 +3.691537482e+004 +3.691537482e+004 +3.673499482e+004 +3.673499482e+004 +3.6389e+000 +3.6544e+000
7 +3.531683670e+004 +3.531683670e+004 +3.513645670e+004 +3.513645670e+004 +3.6096e+000 +3.6504e+000
11 +2.537100067e+004 +2.537100067e+004 +2.519062067e+004 +2.519062067e+004 +3.6193e+000 +3.6268e+000
16 +1.778872172e+004 +1.778872172e+004 +1.760834172e+004 +1.760834172e+004 +3.6239e+000 +3.6039e+000
19 +1.686972491e+004 +1.686972491e+004 +1.668934491e+004 +1.668934491e+004 +3.6049e+000 +3.5997e+000
25 +1.305886128e+004 +1.305886128e+004 +1.287848128e+004 +1.287848128e+004 +3.5951e+000 +3.5719e+000
39 +3.798309422e+003 +3.798309422e+003 +3.617929422e+003 +3.617929422e+003 +3.5426e+000 +3.5293e+000
42 +4.968837336e+002 +4.968837336e+002 +3.165037336e+002 +3.165037336e+002 +3.5742e+000 +3.4438e+000
56 +6.210347736e+001 +6.210347736e+001 -1.182765226e+002 -1.182765226e+002 +3.6045e+000 +3.4635e+000
63 +6.108545553e+001 +6.108545553e+001 -1.192945445e+002 -1.192945445e+002 +3.5990e+000 +3.4640e+000
114 +5.904223320e+001 +5.904223320e+001 -1.213377668e+002 -1.213377668e+002 +3.4440e+000 +3.4640e+000
122 +3.373854659e+001 +3.373854659e+001 -1.466414534e+002 -1.466414534e+002 +1.8548e+000 +3.4639e+000
123 +3.713856735e+000 +3.713856735e+000 -1.766661433e+002 -1.766661433e+002 -2.3858e+000 +3.4635e+000
150 +2.777137701e+000 +2.777137701e+000 -1.776028623e+002 -1.776028623e+002 -3.9343e+000 +3.4665e+000
152 +1.948713225e-001 +1.948713225e-001 -1.801851287e+002 -1.801851287e+002 -3.7902e+000 +3.4644e+000
155 +4.595746496e-003 +4.595746496e-003 -1.803754043e+002 -1.803754043e+002 -3.8259e+000 +3.4648e+000
187 +1.380496446e-003 +1.380496446e-003 -1.803786195e+002 -1.803786195e+002 -3.8542e+000 +3.4648e+000
195 +1.214832808e-003 +1.214832808e-003 -1.803787852e+002 -1.803787852e+002 -3.8577e+000 +3.4648e+000
200 +9.035564993e-004 +9.035564993e-004 -1.803790964e+002 -1.803790964e+002 -3.9075e+000 +3.4648e+000
213 +7.099858314e-004 +7.099858314e-004 -1.803792900e+002 -1.803792900e+002 -3.8738e+000 +3.4648e+000
219 +2.313862593e-004 +2.313862593e-004 -1.803797686e+002 -1.803797686e+002 -3.8901e+000 +3.4648e+000
227 +1.602560739e-004 +1.602560739e-004 -1.803798397e+002 -1.803798397e+002 -3.8803e+000 +3.4648e+000
249 +9.233508237e-005 +9.233508237e-005 -1.803799077e+002 -1.803799077e+002 -3.8834e+000 +3.4648e+000
256 +4.418936683e-005 +4.418936683e-005 -1.803799558e+002 -1.803799558e+002 -3.8878e+000 +3.4648e+000
260 +2.207604615e-005 +2.207604615e-005 -1.803799779e+002 -1.803799779e+002 -3.8886e+000 +3.4648e+000
263 +1.193674302e-005 +1.193674302e-005 -1.803799881e+002 -1.803799881e+002 -3.8958e+000 +3.4648e+000
268 +7.881452916e-006 +7.881452916e-006 -1.803799921e+002 -1.803799921e+002 -3.8898e+000 +3.4648e+000
274 +6.501480186e-006 +6.501480186e-006 -1.803799935e+002 -1.803799935e+002 -3.8903e+000 +3.4648e+000
276 +2.401787299e-006 +2.401787299e-006 -1.803799976e+002 -1.803799976e+002 -3.8915e+000 +3.4648e+000
282 +1.481670552e-006 +1.481670552e-006 -1.803799985e+002 -1.803799985e+002 -3.8940e+000 +3.4648e+000
286 +8.490973755e-007 +8.490973755e-007 -1.803799992e+002 -1.803799992e+002 -3.8938e+000 +3.4648e+000
287 +7.091517205e-007 +7.091517205e-007 -1.803799993e+002 -1.803799993e+002 -3.8920e+000 +3.4648e+000
293 +3.041785135e-008 +3.041785135e-008 -1.803800000e+002 -1.803800000e+002 -3.8927e+000 +3.4648e+000
415 +9.283809277e-009 +9.283809277e-009 -1.803800000e+002 -1.803800000e+002 -3.8927e+000 +3.4648e+000
625 +0.000000000e+000 +0.000000000e+000 -1.803800000e+002 -1.803800000e+002 -3.8928e+000 +3.4648e+000
