% function evaluation | noise-free fitness - Fopt (-5.494000000000e+001) | best noise-free fitness - Fopt | measured fitness | best measured fitness | x1 | x2...
1 +1.742410858e+006 +1.742410858e+006 +1.742355918e+006 +1.742355918e+006 +0.0000e+000 +0.0000e+000 +0.0000e+000
50 +1.684873455e+006 +1.684873455e+006 +1.684818515e+006 +1.684818515e+006 +2.2949e+000 -4.4182e-001 -4.1342e-001
62 +1.601986620e+006 +1.601986620e+006 +1.601931680e+006 +1.601931680e+006 +2.2784e+000 -4.6482e-001 -4.1354e-001
71 +1.258258238e+006 +1.258258238e+006 +1.258203298e+006 +1.258203298e+006 +2.3010e+000 -5.7601e-001 -4.1435e-001
78 +1.103055804e+006 +1.103055804e+006 +1.103000864e+006 +1.103000864e+006 +2.2587e+000 -6.2491e-001 -4.1932e-001
83 +1.034826139e+006 +1.034826139e+006 +1.034771199e+006 +1.034771199e+006 +2.2634e+000 -6.4841e-001 -4.1409e-001
92 +8.017300946e+005 +8.017300946e+005 +8.016751546e+005 +8.016751546e+005 +2.2611e+000 -7.4377e-001 -4.2108e-001
93 +7.808352143e+005 +7.808352143e+005 +7.807802743e+005 +7.807802743e+005 +2.2545e+000 -7.4777e-001 -4.0667e-001
97 +2.497389732e+005 +2.497389732e+005 +2.496840332e+005 +2.496840332e+005 +2.3081e+000 -1.2096e+000 -4.2574e-001
113 +1.288356177e+005 +1.288356177e+005 +1.287806777e+005 +1.287806777e+005 +2.3269e+000 -2.0702e+000 -4.2713e-001
128 +2.109838737e+004 +2.109838737e+004 +2.104344737e+004 +2.104344737e+004 +2.4173e+000 -1.6610e+000 -4.1911e-001
192 +1.892228343e+004 +1.892228343e+004 +1.886734343e+004 +1.886734343e+004 +2.5374e+000 -1.7801e+000 -6.0859e-001
197 +1.815928611e+004 +1.815928611e+004 +1.810434611e+004 +1.810434611e+004 +2.2401e+000 -1.8825e+000 -8.1619e-001
204 +1.640412693e+004 +1.640412693e+004 +1.634918693e+004 +1.634918693e+004 +2.2982e+000 -1.7973e+000 -6.4847e-001
215 +1.521017571e+004 +1.521017571e+004 +1.515523571e+004 +1.515523571e+004 +2.1616e+000 -1.7297e+000 -5.0344e-001
243 +1.370545411e+004 +1.370545411e+004 +1.365051411e+004 +1.365051411e+004 +1.9425e+000 -1.7288e+000 -6.4904e-001
260 +1.260458198e+004 +1.260458198e+004 +1.254964198e+004 +1.254964198e+004 +1.8105e+000 -1.7695e+000 -7.4152e-001
281 +1.225417588e+004 +1.225417588e+004 +1.219923588e+004 +1.219923588e+004 +1.6694e+000 -1.7497e+000 -6.7848e-001
284 +6.971094190e+003 +6.971094190e+003 +6.916154190e+003 +6.916154190e+003 +9.9464e-001 -1.6389e+000 -6.7145e-001
335 +6.506326944e+003 +6.506326944e+003 +6.451386944e+003 +6.451386944e+003 +9.0350e-001 -1.6872e+000 -8.7156e-001
351 +5.477610386e+003 +5.477610386e+003 +5.422670386e+003 +5.422670386e+003 +5.5675e-001 -1.6733e+000 -9.0777e-001
354 +4.121880618e+003 +4.121880618e+003 +4.066940618e+003 +4.066940618e+003 +2.0113e-001 -1.7075e+000 -1.2793e+000
377 +3.263247134e+003 +3.263247134e+003 +3.208307134e+003 +3.208307134e+003 -2.9883e-001 -1.6192e+000 -1.0623e+000
399 +3.049212052e+003 +3.049212052e+003 +2.994272052e+003 +2.994272052e+003 -1.6066e-001 -1.6776e+000 -1.3233e+000
404 +2.992832245e+003 +2.992832245e+003 +2.937892245e+003 +2.937892245e+003 -1.4519e-001 -1.6367e+000 -1.1197e+000
561 +1.337703644e+003 +1.337703644e+003 +1.282763644e+003 +1.282763644e+003 -6.2757e-001 -1.5868e+000 -1.1977e+000
568 +1.091014423e+003 +1.091014423e+003 +1.036074423e+003 +1.036074423e+003 -7.9654e-001 -1.5921e+000 -1.2095e+000
593 +8.548728613e+002 +8.548728613e+002 +7.999328613e+002 +7.999328613e+002 -7.8923e-001 -1.6264e+000 -1.3794e+000
599 +8.172805586e+002 +8.172805586e+002 +7.623405586e+002 +7.623405586e+002 -8.4860e-001 -1.6019e+000 -1.3553e+000
601 +5.818200850e+002 +5.818200850e+002 +5.268800850e+002 +5.268800850e+002 -9.9801e-001 -1.6246e+000 -1.4130e+000
606 +2.307486949e+002 +2.307486949e+002 +1.758086949e+002 +1.758086949e+002 -1.2796e+000 -1.6200e+000 -1.5365e+000
777 +2.037399609e+002 +2.037399609e+002 +1.487999609e+002 +1.487999609e+002 -1.2924e+000 -1.6095e+000 -1.5222e+000
782 +5.217307958e+001 +5.217307958e+001 -2.766920422e+000 -2.766920422e+000 -1.5540e+000 -1.6222e+000 -1.6795e+000
912 +4.464343853e+001 +4.464343853e+001 -1.029656147e+001 -1.029656147e+001 -1.5270e+000 -1.6007e+000 -1.5881e+000
984 +4.309527345e+001 +4.309527345e+001 -1.184472655e+001 -1.184472655e+001 -1.5361e+000 -1.6028e+000 -1.5944e+000
1004 +4.102629829e+001 +4.102629829e+001 -1.391370171e+001 -1.391370171e+001 -1.5377e+000 -1.6025e+000 -1.5982e+000
1057 +3.944287353e+001 +3.944287353e+001 -1.549712647e+001 -1.549712647e+001 -1.5425e+000 -1.6017e+000 -1.5970e+000
1078 +3.858334312e+001 +3.858334312e+001 -1.635665688e+001 -1.635665688e+001 -1.5452e+000 -1.6010e+000 -1.5971e+000
1085 +3.798659492e+001 +3.798659492e+001 -1.695340508e+001 -1.695340508e+001 -1.5469e+000 -1.6013e+000 -1.5975e+000
1125 +3.457351040e+001 +3.457351040e+001 -2.036648960e+001 -2.036648960e+001 -1.5589e+000 -1.6004e+000 -1.5976e+000
1162 +3.330692280e+001 +3.330692280e+001 -2.163307720e+001 -2.163307720e+001 -1.5619e+000 -1.6004e+000 -1.5997e+000
1172 +2.853490217e+001 +2.853490217e+001 -2.640509783e+001 -2.640509783e+001 -1.5778e+000 -1.6001e+000 -1.6089e+000
1177 +2.355984665e+001 +2.355984665e+001 -3.138015335e+001 -3.138015335e+001 -1.6143e+000 -1.5988e+000 -1.6066e+000
1198 +1.756083903e+001 +1.756083903e+001 -3.737916097e+001 -3.737916097e+001 -1.6144e+000 -1.5982e+000 -1.6100e+000
1223 +1.647794117e+001 +1.647794117e+001 -3.846205883e+001 -3.846205883e+001 -1.6311e+000 -1.5934e+000 -1.6151e+000
1264 +1.448063630e+001 +1.448063630e+001 -4.045936370e+001 -4.045936370e+001 -1.6374e+000 -1.5951e+000 -1.6074e+000
1277 +1.195615905e+001 +1.195615905e+001 -4.298384095e+001 -4.298384095e+001 -1.6307e+000 -1.5988e+000 -1.6201e+000
1283 +9.769982475e+000 +9.769982475e+000 -4.517001753e+001 -4.517001753e+001 -1.6396e+000 -1.5955e+000 -1.6129e+000
1304 +9.150885401e+000 +9.150885401e+000 -4.578911460e+001 -4.578911460e+001 -1.6370e+000 -1.5965e+000 -1.6205e+000
1312 +8.244946047e+000 +8.244946047e+000 -4.669505395e+001 -4.669505395e+001 -1.6403e+000 -1.5982e+000 -1.6247e+000
1348 +8.031428363e+000 +8.031428363e+000 -4.690857164e+001 -4.690857164e+001 -1.6414e+000 -1.5980e+000 -1.6246e+000
1375 +6.637960002e+000 +6.637960002e+000 -4.830204000e+001 -4.830204000e+001 -1.6486e+000 -1.5983e+000 -1.6283e+000
1383 +6.428835846e+000 +6.428835846e+000 -4.851116415e+001 -4.851116415e+001 -1.6513e+000 -1.5985e+000 -1.6288e+000
1425 +3.614125527e+000 +3.614125527e+000 -5.132587447e+001 -5.132587447e+001 -1.6727e+000 -1.5980e+000 -1.6380e+000
1501 +2.755374540e+000 +2.755374540e+000 -5.218462546e+001 -5.218462546e+001 -1.6935e+000 -1.5992e+000 -1.6475e+000
1554 +2.563071207e+000 +2.563071207e+000 -5.237692879e+001 -5.237692879e+001 -1.6923e+000 -1.5992e+000 -1.6480e+000
1621 +2.425104470e+000 +2.425104470e+000 -5.251489553e+001 -5.251489553e+001 -1.6910e+000 -1.5994e+000 -1.6489e+000
1682 +2.397340730e+000 +2.397340730e+000 -5.254265927e+001 -5.254265927e+001 -1.6907e+000 -1.5994e+000 -1.6496e+000
1702 +2.329759513e+000 +2.329759513e+000 -5.261024049e+001 -5.261024049e+001 -1.6923e+000 -1.5994e+000 -1.6495e+000
1742 +2.278830137e+000 +2.278830137e+000 -5.266116986e+001 -5.266116986e+001 -1.6922e+000 -1.5994e+000 -1.6500e+000
1759 +2.205831096e+000 +2.205831096e+000 -5.273416890e+001 -5.273416890e+001 -1.6943e+000 -1.5993e+000 -1.6499e+000
1792 +2.181475509e+000 +2.181475509e+000 -5.275852449e+001 -5.275852449e+001 -1.6933e+000 -1.5993e+000 -1.6503e+000
1802 +2.004566872e+000 +2.004566872e+000 -5.293543313e+001 -5.293543313e+001 -1.6954e+000 -1.5994e+000 -1.6516e+000
1824 +1.601390989e+000 +1.601390989e+000 -5.333860901e+001 -5.333860901e+001 -1.7019e+000 -1.5982e+000 -1.6520e+000
1837 +8.176869512e-001 +8.176869512e-001 -5.412231305e+001 -5.412231305e+001 -1.7094e+000 -1.5989e+000 -1.6557e+000
1864 +7.788692940e-001 +7.788692940e-001 -5.416113071e+001 -5.416113071e+001 -1.7105e+000 -1.5986e+000 -1.6557e+000
1892 +6.276774231e-001 +6.276774231e-001 -5.431232258e+001 -5.431232258e+001 -1.7145e+000 -1.5989e+000 -1.6568e+000
1909 +5.786963527e-001 +5.786963527e-001 -5.436130365e+001 -5.436130365e+001 -1.7140e+000 -1.5987e+000 -1.6568e+000
1941 +5.115388271e-001 +5.115388271e-001 -5.442846117e+001 -5.442846117e+001 -1.7201e+000 -1.5983e+000 -1.6570e+000
1964 +4.611869462e-001 +4.611869462e-001 -5.447881305e+001 -5.447881305e+001 -1.7173e+000 -1.5986e+000 -1.6577e+000
1983 +4.436275794e-001 +4.436275794e-001 -5.449637242e+001 -5.449637242e+001 -1.7189e+000 -1.5986e+000 -1.6579e+000
1996 +3.478435116e-001 +3.478435116e-001 -5.459215649e+001 -5.459215649e+001 -1.7206e+000 -1.5979e+000 -1.6569e+000
2006 +1.899725365e-001 +1.899725365e-001 -5.475002746e+001 -5.475002746e+001 -1.7275e+000 -1.5972e+000 -1.6571e+000
2047 +1.626384697e-001 +1.626384697e-001 -5.477736153e+001 -5.477736153e+001 -1.7289e+000 -1.5977e+000 -1.6601e+000
2065 +1.484883011e-001 +1.484883011e-001 -5.479151170e+001 -5.479151170e+001 -1.7299e+000 -1.5988e+000 -1.6632e+000
2118 +1.429069976e-001 +1.429069976e-001 -5.479709300e+001 -5.479709300e+001 -1.7289e+000 -1.5977e+000 -1.6597e+000
2137 +1.277933133e-001 +1.277933133e-001 -5.481220669e+001 -5.481220669e+001 -1.7311e+000 -1.5972e+000 -1.6591e+000
2141 +1.017142488e-001 +1.017142488e-001 -5.483828575e+001 -5.483828575e+001 -1.7340e+000 -1.5969e+000 -1.6590e+000
2182 +9.820661546e-002 +9.820661546e-002 -5.484179338e+001 -5.484179338e+001 -1.7349e+000 -1.5974e+000 -1.6613e+000
2558 +9.695806385e-002 +9.695806385e-002 -5.484304194e+001 -5.484304194e+001 -1.7353e+000 -1.5973e+000 -1.6610e+000
% function evaluation | noise-free fitness - Fopt (5.913000000000e+001) | best noise-free fitness - Fopt | measured fitness | best measured fitness | x1 | x2...
1 +1.355615952e+005 +1.355615952e+005 +1.356207252e+005 +1.356207252e+005 +0.0000e+000 +0.0000e+000 +0.0000e+000
108 +6.738978709e+004 +6.738978709e+004 +6.744891709e+004 +6.744891709e+004 -9.5939e-001 +3.6887e-001 +1.1767e+000
122 +2.263624292e+004 +2.263624292e+004 +2.269537292e+004 +2.269537292e+004 -1.0190e+000 +3.2688e-001 +2.2117e+000
137 +1.712073879e+004 +1.712073879e+004 +1.717986879e+004 +1.717986879e+004 -3.7052e-001 +2.9391e-001 +9.0493e-001
157 +1.429669471e+004 +1.429669471e+004 +1.435582471e+004 +1.435582471e+004 -7.0714e-001 +4.2236e-001 +1.4536e+000
245 +1.320658763e+004 +1.320658763e+004 +1.326571763e+004 +1.326571763e+004 -4.2271e-001 +3.6508e-001 +1.0881e+000
302 +1.290413149e+004 +1.290413149e+004 +1.296326149e+004 +1.296326149e+004 -4.6640e-001 +3.8432e-001 +1.0709e+000
382 +1.285196474e+004 +1.285196474e+004 +1.291109474e+004 +1.291109474e+004 -4.8035e-001 +4.1172e-001 +1.0789e+000
433 +1.257383597e+004 +1.257383597e+004 +1.263296597e+004 +1.263296597e+004 -5.1698e-001 +4.2073e-001 +1.0794e+000
650 +1.226138678e+004 +1.226138678e+004 +1.232051678e+004 +1.232051678e+004 -5.6986e-001 +4.4999e-001 +1.0786e+000
744 +1.202247284e+004 +1.202247284e+004 +1.208160284e+004 +1.208160284e+004 -5.9030e-001 +4.6400e-001 +1.0581e+000
782 +1.164394931e+004 +1.164394931e+004 +1.170307931e+004 +1.170307931e+004 -5.7675e-001 +4.7143e-001 +9.8491e-001
816 +1.136503693e+004 +1.136503693e+004 +1.142416693e+004 +1.142416693e+004 -5.6369e-001 +4.8003e-001 +9.3791e-001
837 +1.114356784e+004 +1.114356784e+004 +1.120269784e+004 +1.120269784e+004 -5.7172e-001 +4.8865e-001 +8.8315e-001
984 +1.091782789e+004 +1.091782789e+004 +1.097695789e+004 +1.097695789e+004 -5.5456e-001 +4.9222e-001 +8.3199e-001
1054 +1.070342700e+004 +1.070342700e+004 +1.076255700e+004 +1.076255700e+004 -5.4026e-001 +4.9961e-001 +8.1250e-001
1071 +1.043994862e+004 +1.043994862e+004 +1.049907862e+004 +1.049907862e+004 -5.3932e-001 +5.0935e-001 +7.2465e-001
1114 +1.020233989e+004 +1.020233989e+004 +1.026146989e+004 +1.026146989e+004 -5.5255e-001 +5.7401e-001 +6.6598e-001
1131 +9.887046909e+003 +9.887046909e+003 +9.946176909e+003 +9.946176909e+003 -5.3942e-001 +5.3788e-001 +6.1293e-001
1198 +9.729876228e+003 +9.729876228e+003 +9.789006228e+003 +9.789006228e+003 -7.4483e-001 +6.1978e-001 +7.4933e-001
1219 +9.443581929e+003 +9.443581929e+003 +9.502711929e+003 +9.502711929e+003 -6.2411e-001 +5.9448e-001 +6.4613e-001
1247 +9.203548420e+003 +9.203548420e+003 +9.262678420e+003 +9.262678420e+003 -6.2813e-001 +6.1390e-001 +5.9573e-001
1264 +8.993658593e+003 +8.993658593e+003 +9.052788593e+003 +9.052788593e+003 -6.0664e-001 +6.1311e-001 +4.8830e-001
1279 +8.737708537e+003 +8.737708537e+003 +8.796838537e+003 +8.796838537e+003 -5.7995e-001 +7.0183e-001 +2.5137e-001
1293 +8.386739019e+003 +8.386739019e+003 +8.445869019e+003 +8.445869019e+003 -6.1471e-001 +6.7171e-001 +3.5917e-001
1320 +8.020493075e+003 +8.020493075e+003 +8.079623075e+003 +8.079623075e+003 -5.8712e-001 +6.8302e-001 +2.1727e-001
1336 +7.855688342e+003 +7.855688342e+003 +7.914818342e+003 +7.914818342e+003 -6.0664e-001 +7.0561e-001 +1.7860e-001
1367 +7.483003646e+003 +7.483003646e+003 +7.542133646e+003 +7.542133646e+003 -6.4227e-001 +7.5096e-001 +6.6278e-002
1455 +7.357679932e+003 +7.357679932e+003 +7.416809932e+003 +7.416809932e+003 -6.2264e-001 +7.5431e-001 -5.2490e-003
1470 +7.211093071e+003 +7.211093071e+003 +7.270223071e+003 +7.270223071e+003 -6.2102e-001 +7.6701e-001 -2.7312e-002
1625 +7.039376535e+003 +7.039376535e+003 +7.098506535e+003 +7.098506535e+003 -6.2114e-001 +7.9045e-001 -7.9228e-002
1655 +6.858186073e+003 +6.858186073e+003 +6.917316073e+003 +6.917316073e+003 -6.3785e-001 +8.0095e-001 -1.1051e-001
1753 +6.690706303e+003 +6.690706303e+003 +6.749836303e+003 +6.749836303e+003 -6.2540e-001 +8.0479e-001 -1.7308e-001
1762 +6.406175562e+003 +6.406175562e+003 +6.465305562e+003 +6.465305562e+003 -6.2215e-001 +8.2445e-001 -2.3145e-001
1775 +5.386895270e+003 +5.386895270e+003 +5.446025270e+003 +5.446025270e+003 -6.2231e-001 +8.7012e-001 -4.4086e-001
1813 +4.664824993e+003 +4.664824993e+003 +4.723954993e+003 +4.723954993e+003 -6.2785e-001 +9.0586e-001 -6.1586e-001
1868 +2.438216842e+003 +2.438216842e+003 +2.497346842e+003 +2.497346842e+003 -6.2651e-001 +1.0717e+000 -1.2526e+000
1892 +2.302458170e+003 +2.302458170e+003 +2.361588170e+003 +2.361588170e+003 -6.2632e-001 +1.0462e+000 -1.1113e+000
1954 +2.180230567e+003 +2.180230567e+003 +2.239360567e+003 +2.239360567e+003 -6.2649e-001 +1.0750e+000 -1.1521e+000
1961 +2.013431321e+003 +2.013431321e+003 +2.072561321e+003 +2.072561321e+003 -6.2647e-001 +1.1166e+000 -1.3371e+000
2334 +1.993711290e+003 +1.993711290e+003 +2.052841290e+003 +2.052841290e+003 -6.2665e-001 +1.1272e+000 -1.3839e+000
2440 +1.944610851e+003 +1.944610851e+003 +2.003740851e+003 +2.003740851e+003 -6.3105e-001 +1.1469e+000 -1.4536e+000
2475 +1.850613714e+003 +1.850613714e+003 +1.909743714e+003 +1.909743714e+003 -6.3504e-001 +1.1715e+000 -1.5179e+000
2493 +1.806941542e+003 +1.806941542e+003 +1.866071542e+003 +1.866071542e+003 -6.3589e-001 +1.1786e+000 -1.5402e+000
2497 +1.588937841e+003 +1.588937841e+003 +1.648067841e+003 +1.648067841e+003 -6.3094e-001 +1.2010e+000 -1.6312e+000
2508 +1.293563391e+003 +1.293563391e+003 +1.352693391e+003 +1.352693391e+003 -6.2943e-001 +1.2143e+000 -1.7277e+000
2532 +6.949820911e+002 +6.949820911e+002 +7.541120911e+002 +7.541120911e+002 -6.1907e-001 +1.3117e+000 -2.0406e+000
2596 +5.383214788e+002 +5.383214788e+002 +5.974514788e+002 +5.974514788e+002 -6.1401e-001 +1.3115e+000 -2.0864e+000
2624 +5.353440938e+002 +5.353440938e+002 +5.944740938e+002 +5.944740938e+002 -6.4099e-001 +1.3301e+000 -2.0934e+000
2629 +5.213411955e+002 +5.213411955e+002 +5.804711955e+002 +5.804711955e+002 -6.0827e-001 +1.3062e+000 -2.1161e+000
% function evaluation | noise-free fitness - Fopt (-4.915300000000e+002) | best noise-free fitness - Fopt | measured fitness | best measured fitness | x1 | x2...
1 +7.654731415e+006 +7.654731415e+006 +7.654239885e+006 +7.654239885e+006 +0.0000e+000 +0.0000e+000 +0.0000e+000
96 +6.170165080e+006 +6.170165080e+006 +6.169673550e+006 +6.169673550e+006 -2.1870e+000 -2.4152e-001 +1.0784e+000
100 +4.408384426e+006 +4.408384426e+006 +4.407892896e+006 +4.407892896e+006 -2.0803e+000 -1.0785e+000 +1.1029e+000
116 +4.459156753e+005 +4.459156753e+005 +4.454241453e+005 +4.454241453e+005 -5.9424e+000 +2.6447e-002 +1.0952e+000
124 +1.622773775e+005 +1.622773775e+005 +1.617858475e+005 +1.617858475e+005 -5.5875e+000 -8.5883e-001 +1.0938e+000
134 +1.547871636e+005 +1.547871636e+005 +1.542956336e+005 +1.542956336e+005 -5.7995e+000 -6.3207e-001 +1.0875e+000
137 +1.928632599e+004 +1.928632599e+004 +1.879479599e+004 +1.879479599e+004 -6.7090e+000 -6.6926e-001 +1.1084e+000
155 +1.736219306e+004 +1.736219306e+004 +1.687066306e+004 +1.687066306e+004 -6.7122e+000 -5.3962e-001 +1.1000e+000
182 +1.630274077e+004 +1.630274077e+004 +1.581121077e+004 +1.581121077e+004 -6.5769e+000 -5.9809e-001 +1.0576e+000
437 +1.620498017e+004 +1.620498017e+004 +1.571345017e+004 +1.571345017e+004 -6.5715e+000 -6.1075e-001 +1.0621e+000
526 +1.581303856e+004 +1.581303856e+004 +1.532150856e+004 +1.532150856e+004 -6.5559e+000 -6.6611e-001 +1.0656e+000
557 +1.544971815e+004 +1.544971815e+004 +1.495818815e+004 +1.495818815e+004 -6.5492e+000 -7.0749e-001 +1.0955e+000
604 +1.505767581e+004 +1.505767581e+004 +1.456614581e+004 +1.456614581e+004 -6.5024e+000 -7.4403e-001 +1.0724e+000
640 +1.446769887e+004 +1.446769887e+004 +1.397616887e+004 +1.397616887e+004 -6.4624e+000 -7.9629e-001 +1.0833e+000
652 +1.422465203e+004 +1.422465203e+004 +1.373312203e+004 +1.373312203e+004 -6.4321e+000 -8.8467e-001 +1.0851e+000
666 +1.385071735e+004 +1.385071735e+004 +1.335918735e+004 +1.335918735e+004 -6.4135e+000 -8.5727e-001 +1.0830e+000
678 +1.350528146e+004 +1.350528146e+004 +1.301375146e+004 +1.301375146e+004 -6.3759e+000 -8.8639e-001 +1.0852e+000
690 +1.348899432e+004 +1.348899432e+004 +1.299746432e+004 +1.299746432e+004 -6.3825e+000 -8.9220e-001 +1.0907e+000
695 +1.271533900e+004 +1.271533900e+004 +1.222380900e+004 +1.222380900e+004 -6.3329e+000 -9.8261e-001 +1.0926e+000
734 +1.249856836e+004 +1.249856836e+004 +1.200703836e+004 +1.200703836e+004 -6.3519e+000 -1.0355e+000 +1.1304e+000
753 +1.228914518e+004 +1.228914518e+004 +1.179761518e+004 +1.179761518e+004 -6.3211e+000 -1.0425e+000 +1.1165e+000
771 +1.199823138e+004 +1.199823138e+004 +1.150670138e+004 +1.150670138e+004 -6.2933e+000 -1.0677e+000 +1.1133e+000
806 +1.142707628e+004 +1.142707628e+004 +1.093554628e+004 +1.093554628e+004 -6.1821e+000 -1.0883e+000 +1.0483e+000
872 +1.103344761e+004 +1.103344761e+004 +1.054191761e+004 +1.054191761e+004 -6.1600e+000 -1.1235e+000 +1.0680e+000
919 +1.094121538e+004 +1.094121538e+004 +1.044968538e+004 +1.044968538e+004 -6.1262e+000 -1.1258e+000 +1.0558e+000
932 +1.060855191e+004 +1.060855191e+004 +1.011702191e+004 +1.011702191e+004 -6.1374e+000 -1.1940e+000 +1.0757e+000
964 +1.041734231e+004 +1.041734231e+004 +9.925812308e+003 +9.925812308e+003 -6.1254e+000 -1.2042e+000 +1.0822e+000
994 +1.023247790e+004 +1.023247790e+004 +9.740947905e+003 +9.740947905e+003 -6.1140e+000 -1.2294e+000 +1.0986e+000
1081 +9.946483721e+003 +9.946483721e+003 +9.454953721e+003 +9.454953721e+003 -6.1087e+000 -1.3317e+000 +1.1204e+000
1143 +9.689568818e+003 +9.689568818e+003 +9.198038818e+003 +9.198038818e+003 -6.0859e+000 -1.3053e+000 +1.1226e+000
1163 +9.429874404e+003 +9.429874404e+003 +8.938344404e+003 +8.938344404e+003 -6.0625e+000 -1.3363e+000 +1.1248e+000
1171 +9.175371721e+003 +9.175371721e+003 +8.683841721e+003 +8.683841721e+003 -6.0072e+000 -1.3375e+000 +1.0829e+000
1189 +9.113886761e+003 +9.113886761e+003 +8.622356761e+003 +8.622356761e+003 -6.0430e+000 -1.3822e+000 +1.1200e+000
1237 +8.871899185e+003 +8.871899185e+003 +8.380369185e+003 +8.380369185e+003 -6.0131e+000 -1.3989e+000 +1.1155e+000
1309 +8.662114264e+003 +8.662114264e+003 +8.170584264e+003 +8.170584264e+003 -6.0067e+000 -1.4368e+000 +1.1398e+000
1346 +8.347413676e+003 +8.347413676e+003 +7.855883676e+003 +7.855883676e+003 -5.9722e+000 -1.4700e+000 +1.1297e+000
1366 +8.304042890e+003 +8.304042890e+003 +7.812512890e+003 +7.812512890e+003 -5.9753e+000 -1.4820e+000 +1.1352e+000
1431 +8.085569758e+003 +8.085569758e+003 +7.594039758e+003 +7.594039758e+003 -5.9433e+000 -1.5026e+000 +1.1316e+000
1472 +7.797401330e+003 +7.797401330e+003 +7.305871330e+003 +7.305871330e+003 -5.8829e+000 -1.5385e+000 +1.1221e+000
1505 +7.722082518e+003 +7.722082518e+003 +7.230552518e+003 +7.230552518e+003 -5.9027e+000 -1.5479e+000 +1.1284e+000
1628 +7.581141897e+003 +7.581141897e+003 +7.089611897e+003 +7.089611897e+003 -5.8851e+000 -1.5655e+000 +1.1230e+000
1683 +7.329078820e+003 +7.329078820e+003 +6.837548820e+003 +6.837548820e+003 -5.8837e+000 -1.6193e+000 +1.1508e+000
1743 +7.217451545e+003 +7.217451545e+003 +6.725921545e+003 +6.725921545e+003 -5.8798e+000 -1.6467e+000 +1.1589e+000
1768 +6.896930890e+003 +6.896930890e+003 +6.405400890e+003 +6.405400890e+003 -5.8158e+000 -1.6849e+000 +1.1549e+000
1872 +6.739805087e+003 +6.739805087e+003 +6.248275087e+003 +6.248275087e+003 -5.8156e+000 -1.7234e+000 +1.1526e+000
1908 +6.496826198e+003 +6.496826198e+003 +6.005296198e+003 +6.005296198e+003 -5.7802e+000 -1.7498e+000 +1.1474e+000
1911 +6.438891671e+003 +6.438891671e+003 +5.947361671e+003 +5.947361671e+003 -5.7737e+000 -1.7525e+000 +1.1489e+000
1925 +6.307255133e+003 +6.307255133e+003 +5.815725133e+003 +5.815725133e+003 -5.7679e+000 -1.7835e+000 +1.1610e+000
1980 +6.163623455e+003 +6.163623455e+003 +5.672093455e+003 +5.672093455e+003 -5.7476e+000 -1.8074e+000 +1.1603e+000
2094 +6.022885794e+003 +6.022885794e+003 +5.531355794e+003 +5.531355794e+003 -5.7079e+000 -1.8116e+000 +1.1440e+000
2188 +5.827898376e+003 +5.827898376e+003 +5.336368376e+003 +5.336368376e+003 -5.6835e+000 -1.8478e+000 +1.1455e+000
2235 +5.735767412e+003 +5.735767412e+003 +5.244237412e+003 +5.244237412e+003 -5.6704e+000 -1.8651e+000 +1.1485e+000
2264 +5.620173701e+003 +5.620173701e+003 +5.128643701e+003 +5.128643701e+003 -5.6655e+000 -1.8971e+000 +1.1647e+000
2327 +5.329666415e+003 +5.329666415e+003 +4.838136415e+003 +4.838136415e+003 -5.6308e+000 -1.9589e+000 +1.1703e+000
2357 +5.177480170e+003 +5.177480170e+003 +4.685950170e+003 +4.685950170e+003 -5.5793e+000 -1.9833e+000 +1.1431e+000
2431 +5.041272462e+003 +5.041272462e+003 +4.549742462e+003 +4.549742462e+003 -5.5975e+000 -2.0406e+000 +1.1864e+000
2463 +4.998394154e+003 +4.998394154e+003 +4.506864154e+003 +4.506864154e+003 -5.5953e+000 -2.0586e+000 +1.1923e+000
2478 +4.888034949e+003 +4.888034949e+003 +4.396504949e+003 +4.396504949e+003 -5.5843e+000 -2.0858e+000 +1.2015e+000
2600 +4.785472762e+003 +4.785472762e+003 +4.293942762e+003 +4.293942762e+003 -5.5800e+000 -2.1088e+000 +1.2154e+000
2764 +4.663577600e+003 +4.663577600e+003 +4.172047600e+003 +4.172047600e+003 -5.5611e+000 -2.1616e+000 +1.2238e+000
2780 +4.518441236e+003 +4.518441236e+003 +4.026911236e+003 +4.026911236e+003 -5.5255e+000 -2.1762e+000 +1.2255e+000
2805 +4.460683406e+003 +4.460683406e+003 +3.969153406e+003 +3.969153406e+003 -5.5249e+000 -2.1904e+000 +1.2254e+000
2856 +4.342399844e+003 +4.342399844e+003 +3.850869844e+003 +3.850869844e+003 -5.5205e+000 -2.2632e+000 +1.2740e+000
2925 +4.195674943e+003 +4.195674943e+003 +3.704144943e+003 +3.704144943e+003 -5.5170e+000 -2.2939e+000 +1.2799e+000
% function evaluation | noise-free fitness - Fopt (-1.702000000000e+002) | best noise-free fitness - Fopt | measured fitness | best measured fitness | x1 | x2...
1 +1.124209412e+007 +1.124209412e+007 +1.124192392e+007 +1.124192392e+007 +0.0000e+000 +0.0000e+000 +0.0000e+000
2 +3.950354917e+006 +3.950354917e+006 +3.950184717e+006 +3.950184717e+006 -1.2323e+000 -3.8848e+000 +3.7488e+000
21 +3.880180432e+006 +3.880180432e+006 +3.880010232e+006 +3.880010232e+006 -1.2794e+000 -3.8893e+000 +3.7608e+000
70 +3.790571046e+006 +3.790571046e+006 +3.790400846e+006 +3.790400846e+006 -1.3004e+000 -3.9060e+000 +3.7417e+000
79 +3.653433661e+006 +3.653433661e+006 +3.653263461e+006 +3.653263461e+006 -1.3827e+000 -3.8795e+000 +3.7040e+000
108 +3.518173929e+006 +3.518173929e+006 +3.518003729e+006 +3.518003729e+006 -1.4238e+000 -3.9291e+000 +3.7176e+000
110 +3.411970584e+006 +3.411970584e+006 +3.411800384e+006 +3.411800384e+006 -1.3989e+000 -3.9347e+000 +3.6139e+000
122 +3.383799002e+006 +3.383799002e+006 +3.383628802e+006 +3.383628802e+006 -1.4091e+000 -3.8635e+000 +3.5102e+000
123 +2.725677688e+006 +2.725677688e+006 +2.725507488e+006 +2.725507488e+006 -1.5095e+000 -3.8921e+000 +3.2009e+000
130 +2.546699518e+006 +2.546699518e+006 +2.546529318e+006 +2.546529318e+006 -1.5260e+000 -3.8044e+000 +2.9871e+000
137 +2.014220374e+006 +2.014220374e+006 +2.014050174e+006 +2.014050174e+006 -1.5608e+000 -4.0307e+000 +3.0057e+000
140 +5.545606010e+004 +5.545606010e+004 +5.528586010e+004 +5.528586010e+004 -1.4019e+000 -6.6102e+000 +3.9287e+000
169 +2.254169173e+004 +2.254169173e+004 +2.237149173e+004 +2.237149173e+004 -2.5146e+000 -5.1157e+000 +3.0939e+000
259 +1.627251687e+004 +1.627251687e+004 +1.610231687e+004 +1.610231687e+004 -3.1784e+000 -4.0972e+000 +2.4735e+000
291 +1.570418019e+004 +1.570418019e+004 +1.553398019e+004 +1.553398019e+004 -2.3391e+000 -5.1828e+000 +2.8507e+000
852 +1.528447919e+004 +1.528447919e+004 +1.511427919e+004 +1.511427919e+004 -2.6602e+000 -4.8240e+000 +2.6834e+000
873 +1.420115517e+004 +1.420115517e+004 +1.403095517e+004 +1.403095517e+004 -2.5627e+000 -4.8568e+000 +2.6361e+000
1163 +1.388003317e+004 +1.388003317e+004 +1.370983317e+004 +1.370983317e+004 -2.5206e+000 -4.8751e+000 +2.5907e+000
1188 +1.378125053e+004 +1.378125053e+004 +1.361105053e+004 +1.361105053e+004 -2.4882e+000 -4.8674e+000 +2.5983e+000
1206 +1.337242253e+004 +1.337242253e+004 +1.320222253e+004 +1.320222253e+004 -2.4855e+000 -4.8688e+000 +2.5706e+000
1237 +1.308726873e+004 +1.308726873e+004 +1.291706873e+004 +1.291706873e+004 -2.4584e+000 -4.8735e+000 +2.5456e+000
1276 +1.250096905e+004 +1.250096905e+004 +1.233076905e+004 +1.233076905e+004 -2.4180e+000 -4.8724e+000 +2.4873e+000
1308 +1.221284630e+004 +1.221284630e+004 +1.204264630e+004 +1.204264630e+004 -2.3798e+000 -4.8734e+000 +2.4596e+000
1314 +1.180787683e+004 +1.180787683e+004 +1.163767683e+004 +1.163767683e+004 -2.3641e+000 -4.8706e+000 +2.4166e+000
1358 +1.164927473e+004 +1.164927473e+004 +1.147907473e+004 +1.147907473e+004 -2.3403e+000 -4.8374e+000 +2.3766e+000
1370 +1.141563017e+004 +1.141563017e+004 +1.124543017e+004 +1.124543017e+004 -2.3628e+000 -4.8343e+000 +2.3613e+000
1404 +1.114735779e+004 +1.114735779e+004 +1.097715779e+004 +1.097715779e+004 -2.3131e+000 -4.8476e+000 +2.3400e+000
1436 +1.093876744e+004 +1.093876744e+004 +1.076856744e+004 +1.076856744e+004 -2.2884e+000 -4.8601e+000 +2.3207e+000
1557 +1.058085183e+004 +1.058085183e+004 +1.041065183e+004 +1.041065183e+004 -2.2845e+000 -4.8339e+000 +2.2699e+000
1618 +1.041565274e+004 +1.041565274e+004 +1.024545274e+004 +1.024545274e+004 -2.2598e+000 -4.8462e+000 +2.2493e+000
1704 +1.022040917e+004 +1.022040917e+004 +1.005020917e+004 +1.005020917e+004 -2.2415e+000 -4.8441e+000 +2.2258e+000
1717 +9.685171616e+003 +9.685171616e+003 +9.514971616e+003 +9.514971616e+003 -2.1705e+000 -4.8423e+000 +2.1081e+000
1737 +9.536908715e+003 +9.536908715e+003 +9.366708715e+003 +9.366708715e+003 -2.1647e+000 -4.8441e+000 +2.1270e+000
1809 +9.250499097e+003 +9.250499097e+003 +9.080299097e+003 +9.080299097e+003 -2.1426e+000 -4.8278e+000 +2.0755e+000
1815 +8.724323668e+003 +8.724323668e+003 +8.554123668e+003 +8.554123668e+003 -2.0605e+000 -4.8216e+000 +1.9524e+000
1874 +8.696065415e+003 +8.696065415e+003 +8.525865415e+003 +8.525865415e+003 -2.0071e+000 -4.8681e+000 +1.9906e+000
2146 +8.504447944e+003 +8.504447944e+003 +8.334247944e+003 +8.334247944e+003 -2.0179e+000 -4.8424e+000 +1.9483e+000
2198 +8.258979323e+003 +8.258979323e+003 +8.088779323e+003 +8.088779323e+003 -1.9938e+000 -4.8174e+000 +1.8745e+000
2506 +8.122525123e+003 +8.122525123e+003 +7.952325123e+003 +7.952325123e+003 -1.9720e+000 -4.7991e+000 +1.8479e+000
2677 +7.934106297e+003 +7.934106297e+003 +7.763906297e+003 +7.763906297e+003 -1.9763e+000 -4.7669e+000 +1.7930e+000
2709 +7.656652743e+003 +7.656652743e+003 +7.486452743e+003 +7.486452743e+003 -1.9043e+000 -4.6480e+000 +1.4918e+000
2711 +7.268575608e+003 +7.268575608e+003 +7.098375608e+003 +7.098375608e+003 -1.9508e+000 -4.6187e+000 +1.5370e+000
2731 +7.010251853e+003 +7.010251853e+003 +6.840051853e+003 +6.840051853e+003 -1.9003e+000 -4.6530e+000 +1.5507e+000
2915 +6.890939932e+003 +6.890939932e+003 +6.720739932e+003 +6.720739932e+003 -1.8543e+000 -4.6813e+000 +1.5375e+000
2990 +6.744420102e+003 +6.744420102e+003 +6.574220102e+003 +6.574220102e+003 -1.8351e+000 -4.6856e+000 +1.5074e+000
% function evaluation | noise-free fitness - Fopt (-4.697500000000e+002) | best noise-free fitness - Fopt | measured fitness | best measured fitness | x1 | x2...
1 +1.084144925e+007 +1.084144925e+007 +1.084097950e+007 +1.084097950e+007 +0.0000e+000 +0.0000e+000 +0.0000e+000
125 +2.573722440e+006 +2.573722440e+006 +2.573252690e+006 +2.573252690e+006 -1.5668e+000 -1.1943e-001 +4.5632e+000
131 +2.415532812e+006 +2.415532812e+006 +2.415063062e+006 +2.415063062e+006 -1.5710e+000 -8.0884e-002 +4.6695e+000
139 +4.780235289e+004 +4.780235289e+004 +4.733260289e+004 +4.733260289e+004 -1.5466e+000 -5.2082e-002 +7.1029e+000
155 +8.279864663e+003 +8.279864663e+003 +7.810114663e+003 +7.810114663e+003 -1.3993e+000 -2.2369e-001 +7.3494e+000
189 +8.029265499e+003 +8.029265499e+003 +7.559515499e+003 +7.559515499e+003 -1.4597e+000 -4.7664e-001 +6.9782e+000
196 +3.074836197e+002 +3.074836197e+002 -1.622663803e+002 -1.622663803e+002 -1.4415e+000 -3.0364e-001 +7.2162e+000
238 +2.024061273e+002 +2.024061273e+002 -2.673438727e+002 -2.673438727e+002 -1.7228e+000 -7.3839e-001 +7.3175e+000
384 +6.895862696e+001 +6.895862696e+001 -4.007913730e+002 -4.007913730e+002 -1.3937e+000 -7.6574e-001 +6.8917e+000
580 +2.443483285e+001 +2.443483285e+001 -4.453151672e+002 -4.453151672e+002 -1.4048e+000 -9.0605e-001 +6.8146e+000
593 +2.020330777e+001 +2.020330777e+001 -4.495466922e+002 -4.495466922e+002 -1.3815e+000 -8.9515e-001 +6.7964e+000
602 +1.940122281e+001 +1.940122281e+001 -4.503487772e+002 -4.503487772e+002 -1.3857e+000 -9.1871e-001 +6.7872e+000
630 +1.876430329e+001 +1.876430329e+001 -4.509856967e+002 -4.509856967e+002 -1.3850e+000 -9.0440e-001 +6.7964e+000
916 +1.861101724e+001 +1.861101724e+001 -4.511389828e+002 -4.511389828e+002 -1.3862e+000 -9.0548e-001 +6.7974e+000
1335 +1.819446530e+001 +1.819446530e+001 -4.515555347e+002 -4.515555347e+002 -1.3877e+000 -9.1042e-001 +6.7966e+000
1806 +1.768664159e+001 +1.768664159e+001 -4.520633584e+002 -4.520633584e+002 -1.3887e+000 -9.1813e-001 +6.7930e+000
1924 +1.736602801e+001 +1.736602801e+001 -4.523839720e+002 -4.523839720e+002 -1.3911e+000 -9.2199e-001 +6.7939e+000
1966 +1.677510866e+001 +1.677510866e+001 -4.529748913e+002 -4.529748913e+002 -1.3928e+000 -9.3209e-001 +6.7905e+000
2006 +1.617585601e+001 +1.617585601e+001 -4.535741440e+002 -4.535741440e+002 -1.3983e+000 -9.3902e-001 +6.7925e+000
2864 +1.572198060e+001 +1.572198060e+001 -4.540280194e+002 -4.540280194e+002 -1.3988e+000 -9.4281e-001 +6.7917e+000
% function evaluation | noise-free fitness - Fopt (1.832700000000e+002) | best noise-free fitness - Fopt | measured fitness | best measured fitness | x1 | x2...
1 +7.516168176e+005 +7.516168176e+005 +7.518000876e+005 +7.518000876e+005 +0.0000e+000 +0.0000e+000 +0.0000e+000
2 +7.724303944e+004 +7.724303944e+004 +7.742630944e+004 +7.742630944e+004 -1.5771e+000 -1.1343e+000 +4.9341e+000
3 +7.467312133e+004 +7.467312133e+004 +7.485639133e+004 +7.485639133e+004 -1.5783e+000 -1.1407e+000 +4.9337e+000
17 +6.744989429e+004 +6.744989429e+004 +6.763316429e+004 +6.763316429e+004 -1.5765e+000 -1.1576e+000 +4.9317e+000
18 +6.172411274e+004 +6.172411274e+004 +6.190738274e+004 +6.190738274e+004 -1.5750e+000 -1.1712e+000 +4.9232e+000
33 +5.483488561e+004 +5.483488561e+004 +5.501815561e+004 +5.501815561e+004 -1.5743e+000 -1.2042e+000 +4.9353e+000
49 +4.054251275e+004 +4.054251275e+004 +4.072578275e+004 +4.072578275e+004 -1.5678e+000 -1.3457e+000 +4.9235e+000
68 +3.971286946e+004 +3.971286946e+004 +3.989613946e+004 +3.989613946e+004 -1.5883e+000 -1.2867e+000 +4.8397e+000
77 +3.417083284e+004 +3.417083284e+004 +3.435410284e+004 +3.435410284e+004 -1.5777e+000 -1.2658e+000 +4.4761e+000
145 +3.069764798e+004 +3.069764798e+004 +3.088091798e+004 +3.088091798e+004 -1.7315e+000 -1.2870e+000 +4.2431e+000
155 +2.982025745e+004 +2.982025745e+004 +3.000352745e+004 +3.000352745e+004 -1.7158e+000 -1.3032e+000 +4.1597e+000
170 +2.890519765e+004 +2.890519765e+004 +2.908846765e+004 +2.908846765e+004 -1.4822e+000 -1.3013e+000 +4.0059e+000
183 +2.825782882e+004 +2.825782882e+004 +2.844109882e+004 +2.844109882e+004 -1.6342e+000 -1.2687e+000 +4.0556e+000
195 +2.707714694e+004 +2.707714694e+004 +2.726041694e+004 +2.726041694e+004 -1.5408e+000 -1.3104e+000 +3.4541e+000
202 +2.557587585e+004 +2.557587585e+004 +2.575914585e+004 +2.575914585e+004 -1.6067e+000 -1.2918e+000 +3.5148e+000
206 +2.361704193e+004 +2.361704193e+004 +2.380031193e+004 +2.380031193e+004 -1.3949e+000 -1.2774e+000 +2.9311e+000
218 +2.197919833e+004 +2.197919833e+004 +2.216246833e+004 +2.216246833e+004 -2.1549e+000 -1.2867e+000 +3.1681e+000
222 +2.107282883e+004 +2.107282883e+004 +2.125609883e+004 +2.125609883e+004 -1.0635e+000 -1.2241e+000 +3.2425e+000
236 +1.792606219e+004 +1.792606219e+004 +1.810933219e+004 +1.810933219e+004 -2.3737e+000 -1.2317e+000 +2.6996e+000
251 +1.594587723e+004 +1.594587723e+004 +1.612914723e+004 +1.612914723e+004 -2.6326e+000 -1.1987e+000 +2.2826e+000
267 +1.133431447e+004 +1.133431447e+004 +1.151758447e+004 +1.151758447e+004 -2.3224e+000 -1.2171e+000 +1.8505e+000
280 +4.747372046e+003 +4.747372046e+003 +4.930642046e+003 +4.930642046e+003 +6.7011e-001 -9.7823e-001 +1.0636e+000
330 +3.020949169e+003 +3.020949169e+003 +3.204219169e+003 +3.204219169e+003 -3.8197e+000 -1.1660e+000 -1.0440e+000
337 +3.316755689e+002 +3.316755689e+002 +5.149455689e+002 +5.149455689e+002 +2.0015e+000 -7.9556e-001 -1.7662e-001
374 +2.693661538e+002 +2.693661538e+002 +4.526361538e+002 +4.526361538e+002 -8.0930e-001 -9.4348e-001 -8.0536e-001
452 +2.564503489e+002 +2.564503489e+002 +4.397203489e+002 +4.397203489e+002 -1.2483e+000 -9.4549e-001 -9.1901e-001
456 +2.447376564e+002 +2.447376564e+002 +4.280076564e+002 +4.280076564e+002 -9.2456e-001 -9.4790e-001 -8.5525e-001
467 +8.607676948e+001 +8.607676948e+001 +2.693467695e+002 +2.693467695e+002 -1.2917e+000 -9.4626e-001 -1.0754e+000
487 +5.629015830e+001 +5.629015830e+001 +2.395601583e+002 +2.395601583e+002 -1.2563e+000 -9.4471e-001 -1.2177e+000
540 +5.254793796e+001 +5.254793796e+001 +2.358179380e+002 +2.358179380e+002 -1.2382e+000 -9.4440e-001 -1.1585e+000
585 +4.798840932e+001 +4.798840932e+001 +2.312584093e+002 +2.312584093e+002 -1.2502e+000 -9.4479e-001 -1.1441e+000
591 +9.882253213e+000 +9.882253213e+000 +1.931522532e+002 +1.931522532e+002 -1.3701e+000 -9.4309e-001 -1.2876e+000
780 +9.041456238e+000 +9.041456238e+000 +1.923114562e+002 +1.923114562e+002 -1.2942e+000 -9.3702e-001 -1.3261e+000
787 +8.280931499e+000 +8.280931499e+000 +1.915509315e+002 +1.915509315e+002 -1.3010e+000 -9.3784e-001 -1.2714e+000
803 +6.246712774e+000 +6.246712774e+000 +1.895167128e+002 +1.895167128e+002 -1.3242e+000 -9.3856e-001 -1.2847e+000
823 +5.979249203e+000 +5.979249203e+000 +1.892492492e+002 +1.892492492e+002 -1.2955e+000 -9.3740e-001 -1.2806e+000
844 +4.228083620e+000 +4.228083620e+000 +1.874980836e+002 +1.874980836e+002 -1.3247e+000 -9.3768e-001 -1.3145e+000
888 +3.924729730e+000 +3.924729730e+000 +1.871947297e+002 +1.871947297e+002 -1.3159e+000 -9.3728e-001 -1.3202e+000
907 +3.543728429e+000 +3.543728429e+000 +1.868137284e+002 +1.868137284e+002 -1.3384e+000 -9.3753e-001 -1.3189e+000
921 +2.559657936e+000 +2.559657936e+000 +1.858296579e+002 +1.858296579e+002 -1.3233e+000 -9.3666e-001 -1.3327e+000
922 +2.259851566e+000 +2.259851566e+000 +1.855298516e+002 +1.855298516e+002 -1.3119e+000 -9.3570e-001 -1.3228e+000
938 +1.994276605e+000 +1.994276605e+000 +1.852642766e+002 +1.852642766e+002 -1.3404e+000 -9.3693e-001 -1.3409e+000
953 +1.929520152e+000 +1.929520152e+000 +1.851995202e+002 +1.851995202e+002 -1.3478e+000 -9.3644e-001 -1.3428e+000
962 +1.857137924e+000 +1.857137924e+000 +1.851271379e+002 +1.851271379e+002 -1.3413e+000 -9.3633e-001 -1.3405e+000
963 +1.733932617e+000 +1.733932617e+000 +1.850039326e+002 +1.850039326e+002 -1.3413e+000 -9.3676e-001 -1.3461e+000
978 +1.617899380e+000 +1.617899380e+000 +1.848878994e+002 +1.848878994e+002 -1.3393e+000 -9.3648e-001 -1.3434e+000
984 +1.458319127e+000 +1.458319127e+000 +1.847283191e+002 +1.847283191e+002 -1.3397e+000 -9.3630e-001 -1.3456e+000
1012 +1.396743721e+000 +1.396743721e+000 +1.846667437e+002 +1.846667437e+002 -1.3342e+000 -9.3569e-001 -1.3458e+000
1022 +1.273144253e+000 +1.273144253e+000 +1.845431443e+002 +1.845431443e+002 -1.3390e+000 -9.3594e-001 -1.3511e+000
1055 +1.227638702e+000 +1.227638702e+000 +1.844976387e+002 +1.844976387e+002 -1.3406e+000 -9.3574e-001 -1.3526e+000
1158 +1.159386106e+000 +1.159386106e+000 +1.844293861e+002 +1.844293861e+002 -1.3422e+000 -9.3579e-001 -1.3550e+000
1172 +1.085151628e+000 +1.085151628e+000 +1.843551516e+002 +1.843551516e+002 -1.3460e+000 -9.3588e-001 -1.3607e+000
1201 +1.065641798e+000 +1.065641798e+000 +1.843356418e+002 +1.843356418e+002 -1.3592e+000 -9.3663e-001 -1.3620e+000
1222 +1.040492104e+000 +1.040492104e+000 +1.843104921e+002 +1.843104921e+002 -1.3493e+000 -9.3589e-001 -1.3616e+000
1260 +9.975975211e-001 +9.975975211e-001 +1.842675975e+002 +1.842675975e+002 -1.3485e+000 -9.3554e-001 -1.3666e+000
1418 +9.735939897e-001 +9.735939897e-001 +1.842435940e+002 +1.842435940e+002 -1.3556e+000 -9.3582e-001 -1.3691e+000
2396 +9.549101051e-001 +9.549101051e-001 +1.842249101e+002 +1.842249101e+002 -1.3618e+000 -9.3603e-001 -1.3727e+000
2763 +9.327550181e-001 +9.327550181e-001 +1.842027550e+002 +1.842027550e+002 -1.3697e+000 -9.3658e-001 -1.3727e+000
% function evaluation | noise-free fitness - Fopt (-1.000000000000e+003) | best noise-free fitness - Fopt | measured fitness | best measured fitness | x1 | x2...
1 +1.379066151e+007 +1.379066151e+007 +1.378966151e+007 +1.378966151e+007 +0.0000e+000 +0.0000e+000 +0.0000e+000
68 +9.727270103e+006 +9.727270103e+006 +9.726270103e+006 +9.726270103e+006 +2.8186e+000 -5.2492e-001 +1.5794e+000
80 +7.470431666e+006 +7.470431666e+006 +7.469431666e+006 +7.469431666e+006 +4.0938e+000 -7.9067e-001 +2.4177e+000
86 +8.633616594e+004 +8.633616594e+004 +8.533616594e+004 +8.533616594e+004 +4.3205e+000 -8.2114e-001 +5.7034e+000
111 +5.423074925e+003 +5.423074925e+003 +4.423074925e+003 +4.423074925e+003 +1.7542e+000 -1.3218e+000 +4.6377e+000
664 +5.341203983e+003 +5.341203983e+003 +4.341203983e+003 +4.341203983e+003 +1.9407e+000 -1.2118e+000 +4.7468e+000
752 +5.234815975e+003 +5.234815975e+003 +4.234815975e+003 +4.234815975e+003 +1.9050e+000 -1.2046e+000 +4.7372e+000
799 +5.127123886e+003 +5.127123886e+003 +4.127123886e+003 +4.127123886e+003 +1.8790e+000 -1.2066e+000 +4.7181e+000
894 +4.992468759e+003 +4.992468759e+003 +3.992468759e+003 +3.992468759e+003 +1.8552e+000 -1.2263e+000 +4.7019e+000
922 +4.893885751e+003 +4.893885751e+003 +3.893885751e+003 +3.893885751e+003 +1.7976e+000 -1.2205e+000 +4.6884e+000
1010 +4.756470801e+003 +4.756470801e+003 +3.756470801e+003 +3.756470801e+003 +1.7271e+000 -1.1519e+000 +4.6927e+000
1081 +4.615801236e+003 +4.615801236e+003 +3.615801236e+003 +3.615801236e+003 +1.6241e+000 -1.0877e+000 +4.6732e+000
1082 +4.537549136e+003 +4.537549136e+003 +3.537549136e+003 +3.537549136e+003 +1.6335e+000 -1.1194e+000 +4.6722e+000
1105 +4.121723127e+003 +4.121723127e+003 +3.121723127e+003 +3.121723127e+003 +1.5113e+000 -1.1482e+000 +4.5910e+000
1386 +4.061478886e+003 +4.061478886e+003 +3.061478886e+003 +3.061478886e+003 +1.5925e+000 -1.2847e+000 +4.5547e+000
1443 +3.966244107e+003 +3.966244107e+003 +2.966244107e+003 +2.966244107e+003 +1.5983e+000 -1.3359e+000 +4.5255e+000
1507 +3.833616042e+003 +3.833616042e+003 +2.833616042e+003 +2.833616042e+003 +1.5192e+000 -1.3025e+000 +4.5128e+000
1512 +3.661252355e+003 +3.661252355e+003 +2.661252355e+003 +2.661252355e+003 +1.4800e+000 -1.3194e+000 +4.4766e+000
1602 +3.565341280e+003 +3.565341280e+003 +2.565341280e+003 +2.565341280e+003 +1.4077e+000 -1.3224e+000 +4.4574e+000
1641 +3.521463452e+003 +3.521463452e+003 +2.521463452e+003 +2.521463452e+003 +1.4270e+000 -1.3201e+000 +4.4569e+000
1717 +3.453711198e+003 +3.453711198e+003 +2.453711198e+003 +2.453711198e+003 +1.3868e+000 -1.2996e+000 +4.4499e+000
1745 +3.375138457e+003 +3.375138457e+003 +2.375138457e+003 +2.375138457e+003 +1.3611e+000 -1.3211e+000 +4.4176e+000
1822 +3.277864522e+003 +3.277864522e+003 +2.277864522e+003 +2.277864522e+003 +1.3162e+000 -1.3196e+000 +4.3967e+000
1834 +3.176839284e+003 +3.176839284e+003 +2.176839284e+003 +2.176839284e+003 +1.2617e+000 -1.3156e+000 +4.3975e+000
1858 +3.117287180e+003 +3.117287180e+003 +2.117287180e+003 +2.117287180e+003 +1.2722e+000 -1.3186e+000 +4.3923e+000
1897 +3.075135108e+003 +3.075135108e+003 +2.075135108e+003 +2.075135108e+003 +1.2506e+000 -1.3323e+000 +4.3803e+000
2185 +3.013153124e+003 +3.013153124e+003 +2.013153124e+003 +2.013153124e+003 +1.2398e+000 -1.3198e+000 +4.3739e+000
2305 +2.948513680e+003 +2.948513680e+003 +1.948513680e+003 +1.948513680e+003 +1.2395e+000 -1.3492e+000 +4.3546e+000
2349 +2.868871957e+003 +2.868871957e+003 +1.868871957e+003 +1.868871957e+003 +1.2124e+000 -1.3569e+000 +4.3440e+000
2432 +2.814330221e+003 +2.814330221e+003 +1.814330221e+003 +1.814330221e+003 +1.1895e+000 -1.3464e+000 +4.3379e+000
2520 +2.731193545e+003 +2.731193545e+003 +1.731193545e+003 +1.731193545e+003 +1.1502e+000 -1.3296e+000 +4.3292e+000
2554 +2.639498012e+003 +2.639498012e+003 +1.639498012e+003 +1.639498012e+003 +1.0847e+000 -1.2854e+000 +4.3296e+000
2616 +2.629512812e+003 +2.629512812e+003 +1.629512812e+003 +1.629512812e+003 +1.0682e+000 -1.2717e+000 +4.3326e+000
2657 +2.514054210e+003 +2.514054210e+003 +1.514054210e+003 +1.514054210e+003 +1.0428e+000 -1.2816e+000 +4.3119e+000
2718 +2.510696721e+003 +2.510696721e+003 +1.510696721e+003 +1.510696721e+003 +1.0376e+000 -1.2821e+000 +4.3134e+000
2752 +2.426528222e+003 +2.426528222e+003 +1.426528222e+003 +1.426528222e+003 +1.0129e+000 -1.2795e+000 +4.2971e+000
2768 +2.355487858e+003 +2.355487858e+003 +1.355487858e+003 +1.355487858e+003 +9.7773e-001 -1.2700e+000 +4.2957e+000
2791 +2.342104403e+003 +2.342104403e+003 +1.342104403e+003 +1.342104403e+003 +9.6965e-001 -1.2743e+000 +4.2924e+000
2854 +2.253252816e+003 +2.253252816e+003 +1.253252816e+003 +1.253252816e+003 +9.4865e-001 -1.2731e+000 +4.2690e+000
2882 +2.180536307e+003 +2.180536307e+003 +1.180536307e+003 +1.180536307e+003 +9.3249e-001 -1.2727e+000 +4.2707e+000
2925 +2.022264509e+003 +2.022264509e+003 +1.022264509e+003 +1.022264509e+003 +8.8213e-001 -1.2748e+000 +4.2509e+000
2959 +1.961971584e+003 +1.961971584e+003 +9.619715842e+002 +9.619715842e+002 +8.6793e-001 -1.2730e+000 +4.2378e+000
2980 +1.944661054e+003 +1.944661054e+003 +9.446610535e+002 +9.446610535e+002 +8.5612e-001 -1.2754e+000 +4.2255e+000
% function evaluation | noise-free fitness - Fopt (-5.658000000000e+001) | best noise-free fitness - Fopt | measured fitness | best measured fitness | x1 | x2...
1 +4.091748754e+005 +4.091748754e+005 +4.091182954e+005 +4.091182954e+005 +0.0000e+000 +0.0000e+000 +0.0000e+000
125 +1.866525122e+004 +1.866525122e+004 +1.860867122e+004 +1.860867122e+004 -2.7298e+000 -4.2187e-001 -3.2557e+000
137 +8.175481745e+003 +8.175481745e+003 +8.118901745e+003 +8.118901745e+003 -2.7304e+000 +1.5576e-001 -3.0327e+000
171 +3.928611440e+003 +3.928611440e+003 +3.872031440e+003 +3.872031440e+003 -2.5210e+000 -5.8612e-001 -3.4251e+000
189 +3.869204971e+003 +3.869204971e+003 +3.812624971e+003 +3.812624971e+003 -2.5019e+000 -4.3178e-001 -3.2551e+000
210 +3.716196107e+003 +3.716196107e+003 +3.659616107e+003 +3.659616107e+003 -2.5134e+000 -4.3132e-001 -3.2845e+000
232 +3.684708996e+003 +3.684708996e+003 +3.628128996e+003 +3.628128996e+003 -2.5023e+000 -4.3554e-001 -3.2773e+000
282 +3.629868919e+003 +3.629868919e+003 +3.573288919e+003 +3.573288919e+003 -2.4836e+000 -4.3278e-001 -3.2586e+000
459 +3.543241364e+003 +3.543241364e+003 +3.486661364e+003 +3.486661364e+003 -2.4560e+000 -4.4767e-001 -3.2580e+000
534 +3.355854182e+003 +3.355854182e+003 +3.299274182e+003 +3.299274182e+003 -2.3874e+000 -4.5197e-001 -3.2195e+000
563 +3.222278739e+003 +3.222278739e+003 +3.165698739e+003 +3.165698739e+003 -2.3571e+000 -4.5142e-001 -3.1921e+000
623 +3.158306911e+003 +3.158306911e+003 +3.101726911e+003 +3.101726911e+003 -2.3292e+000 -4.5050e-001 -3.1765e+000
688 +2.918979859e+003 +2.918979859e+003 +2.862399859e+003 +2.862399859e+003 -2.2536e+000 -4.9137e-001 -3.1542e+000
906 +2.870047099e+003 +2.870047099e+003 +2.813467099e+003 +2.813467099e+003 -2.2381e+000 -5.1418e-001 -3.1593e+000
1051 +2.792831948e+003 +2.792831948e+003 +2.736251948e+003 +2.736251948e+003 -2.2170e+000 -5.2079e-001 -3.1445e+000
1148 +2.745779616e+003 +2.745779616e+003 +2.689199616e+003 +2.689199616e+003 -2.1859e+000 -5.0580e-001 -3.1238e+000
1200 +2.689729327e+003 +2.689729327e+003 +2.633149327e+003 +2.633149327e+003 -2.1869e+000 -5.2126e-001 -3.1197e+000
1232 +2.624457571e+003 +2.624457571e+003 +2.567877571e+003 +2.567877571e+003 -2.1671e+000 -5.2002e-001 -3.1000e+000
1276 +2.568642919e+003 +2.568642919e+003 +2.512062919e+003 +2.512062919e+003 -2.1576e+000 -5.1968e-001 -3.1052e+000
1362 +2.350438396e+003 +2.350438396e+003 +2.293858396e+003 +2.293858396e+003 -2.1049e+000 -5.1793e-001 -3.0644e+000
1370 +2.319089138e+003 +2.319089138e+003 +2.262509138e+003 +2.262509138e+003 -2.0978e+000 -5.2018e-001 -3.0591e+000
1394 +2.267328462e+003 +2.267328462e+003 +2.210748462e+003 +2.210748462e+003 -2.0851e+000 -5.1571e-001 -3.0489e+000
1426 +2.211599576e+003 +2.211599576e+003 +2.155019576e+003 +2.155019576e+003 -2.0778e+000 -5.0317e-001 -3.0252e+000
1441 +2.074769796e+003 +2.074769796e+003 +2.018189796e+003 +2.018189796e+003 -2.0133e+000 -5.3308e-001 -3.0217e+000
1564 +2.028400183e+003 +2.028400183e+003 +1.971820183e+003 +1.971820183e+003 -2.0119e+000 -5.6019e-001 -3.0361e+000
1597 +1.986200862e+003 +1.986200862e+003 +1.929620862e+003 +1.929620862e+003 -1.9989e+000 -5.6012e-001 -3.0285e+000
1648 +1.943690061e+003 +1.943690061e+003 +1.887110061e+003 +1.887110061e+003 -1.9922e+000 -5.6410e-001 -3.0240e+000
1687 +1.904047569e+003 +1.904047569e+003 +1.847467569e+003 +1.847467569e+003 -1.9705e+000 -5.7750e-001 -3.0253e+000
1726 +1.854758669e+003 +1.854758669e+003 +1.798178669e+003 +1.798178669e+003 -1.9630e+000 -5.9616e-001 -3.0252e+000
1827 +1.807418401e+003 +1.807418401e+003 +1.750838401e+003 +1.750838401e+003 -1.9478e+000 -6.0850e-001 -3.0256e+000
1853 +1.772364983e+003 +1.772364983e+003 +1.715784983e+003 +1.715784983e+003 -1.9366e+000 -6.1242e-001 -3.0253e+000
1935 +1.735553748e+003 +1.735553748e+003 +1.678973748e+003 +1.678973748e+003 -1.9227e+000 -6.2198e-001 -3.0256e+000
1945 +1.696060588e+003 +1.696060588e+003 +1.639480588e+003 +1.639480588e+003 -1.9123e+000 -6.3628e-001 -3.0256e+000
1953 +1.585114998e+003 +1.585114998e+003 +1.528534998e+003 +1.528534998e+003 -1.8667e+000 -6.8174e-001 -3.0256e+000
2078 +1.576743035e+003 +1.576743035e+003 +1.520163035e+003 +1.520163035e+003 -1.8702e+000 -6.6438e-001 -3.0256e+000
2109 +1.539574635e+003 +1.539574635e+003 +1.482994635e+003 +1.482994635e+003 -1.8611e+000 -6.7716e-001 -3.0256e+000
2147 +1.499406901e+003 +1.499406901e+003 +1.442826901e+003 +1.442826901e+003 -1.8477e+000 -6.8761e-001 -3.0255e+000
2180 +1.476022387e+003 +1.476022387e+003 +1.419442387e+003 +1.419442387e+003 -1.8384e+000 -7.0039e-001 -3.0256e+000
2242 +1.420468499e+003 +1.420468499e+003 +1.363888499e+003 +1.363888499e+003 -1.8209e+000 -7.0897e-001 -3.0256e+000
2254 +1.305911028e+003 +1.305911028e+003 +1.249331028e+003 +1.249331028e+003 -1.7801e+000 -7.4033e-001 -3.0253e+000
2312 +1.046403706e+003 +1.046403706e+003 +9.898237063e+002 +9.898237063e+002 -1.6871e+000 -8.2163e-001 -3.0248e+000
2554 +1.022186973e+003 +1.022186973e+003 +9.656069725e+002 +9.656069725e+002 -1.6852e+000 -8.0655e-001 -3.0115e+000
2570 +9.274496020e+002 +9.274496020e+002 +8.708696020e+002 +8.708696020e+002 -1.6349e+000 -8.6259e-001 -3.0179e+000
2631 +9.027797947e+002 +9.027797947e+002 +8.461997947e+002 +8.461997947e+002 -1.6203e+000 -8.5526e-001 -3.0155e+000
2637 +8.736172379e+002 +8.736172379e+002 +8.170372379e+002 +8.170372379e+002 -1.6172e+000 -8.6545e-001 -3.0170e+000
2674 +8.661263413e+002 +8.661263413e+002 +8.095463413e+002 +8.095463413e+002 -1.6188e+000 -8.6484e-001 -3.0131e+000
2758 +8.507169823e+002 +8.507169823e+002 +7.941369823e+002 +7.941369823e+002 -1.6119e+000 -8.6286e-001 -3.0103e+000
2811 +8.273355738e+002 +8.273355738e+002 +7.707555738e+002 +7.707555738e+002 -1.6037e+000 -8.6467e-001 -3.0058e+000
2823 +8.066485681e+002 +8.066485681e+002 +7.500685681e+002 +7.500685681e+002 -1.5968e+000 -8.6910e-001 -3.0033e+000
2902 +7.941220226e+002 +7.941220226e+002 +7.375420226e+002 +7.375420226e+002 -1.5940e+000 -8.6584e-001 -2.9980e+000
2963 +7.610244200e+002 +7.610244200e+002 +7.044444200e+002 +7.044444200e+002 -1.5808e+000 -8.7287e-001 -2.9935e+000
% function evaluation | noise-free fitness - Fopt (-2.043700000000e+002) | best noise-free fitness - Fopt | measured fitness | best measured fitness | x1 | x2...
1 +9.379623795e+006 +9.379623795e+006 +9.379419425e+006 +9.379419425e+006 +0.0000e+000 +0.0000e+000 +0.0000e+000
2 +5.026790090e+005 +5.026790090e+005 +5.024746390e+005 +5.024746390e+005 -3.7849e+000 -9.1159e-001 -3.4506e+000
3 +4.989646551e+005 +4.989646551e+005 +4.987602851e+005 +4.987602851e+005 -3.6713e+000 -9.1458e-001 -3.4500e+000
43 +4.694765658e+005 +4.694765658e+005 +4.692721958e+005 +4.692721958e+005 -3.7066e+000 -8.9992e-001 -3.3842e+000
49 +4.645404314e+005 +4.645404314e+005 +4.643360614e+005 +4.643360614e+005 -3.5908e+000 -1.0468e+000 -3.3926e+000
51 +3.043307152e+005 +3.043307152e+005 +3.041263452e+005 +3.041263452e+005 -3.9254e+000 -8.0249e-001 -3.2480e+000
67 +2.538171914e+004 +2.538171914e+004 +2.517734914e+004 +2.517734914e+004 -3.7075e+000 -9.1635e-001 -2.6092e+000
90 +1.840813868e+004 +1.840813868e+004 +1.820376868e+004 +1.820376868e+004 -3.4926e+000 -8.7037e-001 -2.8807e+000
92 +7.673656902e+003 +7.673656902e+003 +7.469286902e+003 +7.469286902e+003 -3.8242e+000 -8.2387e-001 -2.6879e+000
131 +5.086409290e+003 +5.086409290e+003 +4.882039290e+003 +4.882039290e+003 -3.4299e+000 -6.9293e-001 -2.8033e+000
188 +4.256387485e+003 +4.256387485e+003 +4.052017485e+003 +4.052017485e+003 -3.4967e+000 -5.3173e-001 -2.7754e+000
248 +4.016157418e+003 +4.016157418e+003 +3.811787418e+003 +3.811787418e+003 -3.4839e+000 -4.0415e-001 -2.7524e+000
282 +3.953502154e+003 +3.953502154e+003 +3.749132154e+003 +3.749132154e+003 -3.4465e+000 -4.6248e-001 -2.7761e+000
288 +3.733286312e+003 +3.733286312e+003 +3.528916312e+003 +3.528916312e+003 -3.2505e+000 -5.7477e-001 -2.7786e+000
310 +2.681800880e+003 +2.681800880e+003 +2.477430880e+003 +2.477430880e+003 -2.7589e+000 -4.4845e-001 -2.8194e+000
348 +2.481929988e+003 +2.481929988e+003 +2.277559988e+003 +2.277559988e+003 -2.9271e+000 -3.3677e-001 -2.8146e+000
369 +1.788140417e+003 +1.788140417e+003 +1.583770417e+003 +1.583770417e+003 -2.9754e+000 +9.4216e-002 -2.8143e+000
393 +1.723262886e+003 +1.723262886e+003 +1.518892886e+003 +1.518892886e+003 -2.9562e+000 +9.9547e-002 -2.8147e+000
394 +1.578799403e+002 +1.578799403e+002 -4.649005966e+001 -4.649005966e+001 -2.9457e+000 +1.9867e+000 -2.8081e+000
414 +7.786313898e+001 +7.786313898e+001 -1.265068610e+002 -1.265068610e+002 -2.7875e+000 +1.7170e+000 -2.8150e+000
430 +6.089833363e+001 +6.089833363e+001 -1.434716664e+002 -1.434716664e+002 -2.6891e+000 +2.3492e+000 -2.8175e+000
435 +2.828340251e+001 +2.828340251e+001 -1.760865975e+002 -1.760865975e+002 -2.8009e+000 +2.5189e+000 -2.8106e+000
451 +1.627134744e+001 +1.627134744e+001 -1.880986526e+002 -1.880986526e+002 -2.7348e+000 +2.3034e+000 -2.8194e+000
456 +6.309964604e+000 +6.309964604e+000 -1.980600354e+002 -1.980600354e+002 -2.7944e+000 +2.2042e+000 -2.8114e+000
466 +5.179311796e+000 +5.179311796e+000 -1.991906882e+002 -1.991906882e+002 -2.7609e+000 +2.1894e+000 -2.8157e+000
480 +4.639985267e+000 +4.639985267e+000 -1.997300147e+002 -1.997300147e+002 -2.7831e+000 +2.1986e+000 -2.8150e+000
482 +4.448925957e+000 +4.448925957e+000 -1.999210740e+002 -1.999210740e+002 -2.7744e+000 +2.2158e+000 -2.8146e+000
498 +4.050019388e+000 +4.050019388e+000 -2.003199806e+002 -2.003199806e+002 -2.7820e+000 +2.1996e+000 -2.8145e+000
543 +3.952752974e+000 +3.952752974e+000 -2.004172470e+002 -2.004172470e+002 -2.7726e+000 +2.1826e+000 -2.8155e+000
2173 +3.890203928e+000 +3.890203928e+000 -2.004797961e+002 -2.004797961e+002 -2.7669e+000 +2.1642e+000 -2.8163e+000
% function evaluation | noise-free fitness - Fopt (8.550000000000e+000) | best noise-free fitness - Fopt | measured fitness | best measured fitness | x1 | x2...
1 +2.011399772e+007 +2.011399772e+007 +2.011400627e+007 +2.011400627e+007 +0.0000e+000 +0.0000e+000 +0.0000e+000
67 +8.764422199e+006 +8.764422199e+006 +8.764430749e+006 +8.764430749e+006 -4.7713e+000 +5.6549e+000 -2.3700e+000
77 +3.985926047e+006 +3.985926047e+006 +3.985934597e+006 +3.985934597e+006 -4.1328e+000 +6.4292e+000 -2.3628e+000
82 +8.495990468e+004 +8.495990468e+004 +8.496845468e+004 +8.496845468e+004 -4.7634e+000 +9.2584e+000 -2.3676e+000
89 +7.304544687e+004 +7.304544687e+004 +7.305399687e+004 +7.305399687e+004 -4.6844e+000 +9.2297e+000 -2.3670e+000
101 +5.715748776e+004 +5.715748776e+004 +5.716603776e+004 +5.716603776e+004 -4.7237e+000 +9.6017e+000 -2.3831e+000
103 +5.116989563e+004 +5.116989563e+004 +5.117844563e+004 +5.117844563e+004 -4.8396e+000 +9.6225e+000 -2.3675e+000
125 +4.925425404e+004 +4.925425404e+004 +4.926280404e+004 +4.926280404e+004 -4.7771e+000 +9.5563e+000 -2.3744e+000
159 +4.801173222e+004 +4.801173222e+004 +4.802028222e+004 +4.802028222e+004 -4.7362e+000 +9.4830e+000 -2.3447e+000
165 +4.772903273e+004 +4.772903273e+004 +4.773758273e+004 +4.773758273e+004 -4.6941e+000 +9.4208e+000 -2.3686e+000
176 +4.608306893e+004 +4.608306893e+004 +4.609161893e+004 +4.609161893e+004 -4.5561e+000 +9.3258e+000 -2.3580e+000
186 +4.558429725e+004 +4.558429725e+004 +4.559284725e+004 +4.559284725e+004 -4.3878e+000 +9.2456e+000 -2.3759e+000
234 +4.212341922e+004 +4.212341922e+004 +4.213196922e+004 +4.213196922e+004 -4.0334e+000 +8.9208e+000 -2.2723e+000
248 +3.906783877e+004 +3.906783877e+004 +3.907638877e+004 +3.907638877e+004 -4.4187e+000 +9.1192e+000 -3.2334e+000
258 +3.819040229e+004 +3.819040229e+004 +3.819895229e+004 +3.819895229e+004 -4.0724e+000 +8.8934e+000 -2.7670e+000
363 +3.741271261e+004 +3.741271261e+004 +3.742126261e+004 +3.742126261e+004 -3.9730e+000 +8.8337e+000 -2.7087e+000
384 +3.077465512e+004 +3.077465512e+004 +3.078320512e+004 +3.078320512e+004 -3.9716e+000 +8.8462e+000 -3.5264e+000
426 +2.944851424e+004 +2.944851424e+004 +2.945706424e+004 +2.945706424e+004 -3.9413e+000 +8.7938e+000 -3.6263e+000
432 +2.719172154e+004 +2.719172154e+004 +2.720027154e+004 +2.720027154e+004 -3.9499e+000 +8.8170e+000 -4.0529e+000
452 +2.082014536e+004 +2.082014536e+004 +2.082869536e+004 +2.082869536e+004 -3.9343e+000 +8.8075e+000 -6.7658e+000
469 +1.866512940e+004 +1.866512940e+004 +1.867367940e+004 +1.867367940e+004 -4.0154e+000 +8.8544e+000 -5.8942e+000
478 +9.258655076e+003 +9.258655076e+003 +9.267205076e+003 +9.267205076e+003 -4.0542e+000 +8.8038e+000 -8.5334e+000
488 +9.006279104e+003 +9.006279104e+003 +9.014829104e+003 +9.014829104e+003 -4.1654e+000 +8.7982e+000 -7.0284e+000
489 +6.715421177e+003 +6.715421177e+003 +6.723971177e+003 +6.723971177e+003 -4.0735e+000 +8.7859e+000 -7.4373e+000
498 +6.461914022e+003 +6.461914022e+003 +6.470464022e+003 +6.470464022e+003 -4.0906e+000 +8.7991e+000 -8.0701e+000
523 +3.911891110e+003 +3.911891110e+003 +3.920441110e+003 +3.920441110e+003 -4.2290e+000 +8.8001e+000 -1.1339e+001
546 +1.722043514e+003 +1.722043514e+003 +1.730593514e+003 +1.730593514e+003 -4.2107e+000 +8.7898e+000 -9.0932e+000
557 +5.048826002e+002 +5.048826002e+002 +5.134326002e+002 +5.134326002e+002 -4.2407e+000 +8.8000e+000 -1.0183e+001
590 +1.720012161e+002 +1.720012161e+002 +1.805512161e+002 +1.805512161e+002 -4.2149e+000 +8.7487e+000 -1.0334e+001
677 +1.563258570e+002 +1.563258570e+002 +1.648758570e+002 +1.648758570e+002 -4.2297e+000 +8.7560e+000 -1.0516e+001
706 +1.545978545e+002 +1.545978545e+002 +1.631478545e+002 +1.631478545e+002 -4.2290e+000 +8.7586e+000 -1.0453e+001
% function evaluation | noise-free fitness - Fopt (3.258700000000e+002) | best noise-free fitness - Fopt | measured fitness | best measured fitness | x1 | x2...
1 +7.480375442e+006 +7.480375442e+006 +7.480701312e+006 +7.480701312e+006 +0.0000e+000 +0.0000e+000 +0.0000e+000
2 +6.185251151e+006 +6.185251151e+006 +6.185577021e+006 +6.185577021e+006 +2.5806e+000 +3.2758e+000 -3.2273e+000
3 +5.904528790e+006 +5.904528790e+006 +5.904854660e+006 +5.904854660e+006 +2.4978e+000 +3.2788e+000 -3.1985e+000
21 +5.767564491e+006 +5.767564491e+006 +5.767890361e+006 +5.767890361e+006 +2.4888e+000 +3.2563e+000 -3.1764e+000
32 +5.744006881e+006 +5.744006881e+006 +5.744332751e+006 +5.744332751e+006 +2.5006e+000 +3.2324e+000 -3.1768e+000
42 +5.309176272e+006 +5.309176272e+006 +5.309502142e+006 +5.309502142e+006 +2.5391e+000 +3.2870e+000 -2.9567e+000
47 +5.031562832e+006 +5.031562832e+006 +5.031888702e+006 +5.031888702e+006 +2.5005e+000 +3.0946e+000 -3.0171e+000
52 +4.885098352e+006 +4.885098352e+006 +4.885424222e+006 +4.885424222e+006 +1.8099e+000 +3.2278e+000 -3.3777e+000
56 +4.031051041e+006 +4.031051041e+006 +4.031376911e+006 +4.031376911e+006 +2.5657e+000 +3.2455e+000 -2.4105e+000
62 +3.901116786e+006 +3.901116786e+006 +3.901442656e+006 +3.901442656e+006 +2.1616e+000 +3.1054e+000 -2.7457e+000
66 +3.826659719e+006 +3.826659719e+006 +3.826985589e+006 +3.826985589e+006 +2.3186e+000 +3.1935e+000 -2.5270e+000
77 +2.222348175e+004 +2.222348175e+004 +2.254935175e+004 +2.254935175e+004 +2.2148e+000 +2.9795e+000 -7.5760e-002
187 +1.906556591e+004 +1.906556591e+004 +1.939143591e+004 +1.939143591e+004 +3.0962e+000 +2.5254e+000 +3.3972e-001
258 +1.846302161e+004 +1.846302161e+004 +1.878889161e+004 +1.878889161e+004 +2.9953e+000 +2.5427e+000 +2.5173e-001
287 +1.659560870e+004 +1.659560870e+004 +1.692147870e+004 +1.692147870e+004 +2.6040e+000 +2.4542e+000 -9.5235e-002
330 +1.581190428e+004 +1.581190428e+004 +1.613777428e+004 +1.613777428e+004 +2.8184e+000 +2.3347e+000 -2.5132e-002
547 +1.519710259e+004 +1.519710259e+004 +1.552297259e+004 +1.552297259e+004 +2.9472e+000 +2.2255e+000 +5.3476e-003
572 +1.510671406e+004 +1.510671406e+004 +1.543258406e+004 +1.543258406e+004 +2.9650e+000 +2.2121e+000 +9.3822e-003
606 +1.419205958e+004 +1.419205958e+004 +1.451792958e+004 +1.451792958e+004 +3.0662e+000 +2.1268e+000 +8.4502e-003
669 +1.407793228e+004 +1.407793228e+004 +1.440380228e+004 +1.440380228e+004 +3.0729e+000 +2.1176e+000 +1.5093e-003
688 +1.348680676e+004 +1.348680676e+004 +1.381267676e+004 +1.381267676e+004 +3.1131e+000 +2.0177e+000 -1.5578e-002
706 +1.290618942e+004 +1.290618942e+004 +1.323205942e+004 +1.323205942e+004 +3.1776e+000 +1.9728e+000 -1.4221e-002
766 +1.283582693e+004 +1.283582693e+004 +1.316169693e+004 +1.316169693e+004 +3.1368e+000 +1.9570e+000 -4.5492e-002
770 +1.160099478e+004 +1.160099478e+004 +1.192686478e+004 +1.192686478e+004 +3.1314e+000 +1.7580e+000 -1.7377e-001
779 +1.123965372e+004 +1.123965372e+004 +1.156552372e+004 +1.156552372e+004 +3.1967e+000 +1.7132e+000 -1.5955e-001
791 +1.118257203e+004 +1.118257203e+004 +1.150844203e+004 +1.150844203e+004 +3.1885e+000 +1.7945e+000 -1.5478e-001
822 +1.077629327e+004 +1.077629327e+004 +1.110216327e+004 +1.110216327e+004 +3.1601e+000 +1.7360e+000 -2.2662e-001
922 +9.984368628e+003 +9.984368628e+003 +1.031023863e+004 +1.031023863e+004 +3.1876e+000 +1.6044e+000 -3.0603e-001
928 +8.141084997e+003 +8.141084997e+003 +8.466954997e+003 +8.466954997e+003 +3.1129e+000 +1.0426e+000 -6.8073e-001
940 +7.662781779e+003 +7.662781779e+003 +7.988651779e+003 +7.988651779e+003 +3.1664e+000 +4.1550e-001 -1.0317e+000
969 +7.184888898e+003 +7.184888898e+003 +7.510758898e+003 +7.510758898e+003 +3.0983e+000 +1.0812e+000 -7.0431e-001
981 +5.461637203e+003 +5.461637203e+003 +5.787507203e+003 +5.787507203e+003 +3.1558e+000 +8.1192e-001 -8.6401e-001
1732 +5.195903661e+003 +5.195903661e+003 +5.521773661e+003 +5.521773661e+003 +3.2951e+000 +7.4610e-001 -8.1172e-001
1772 +4.991385619e+003 +4.991385619e+003 +5.317255619e+003 +5.317255619e+003 +3.2826e+000 +7.1142e-001 -8.3170e-001
1775 +4.610892745e+003 +4.610892745e+003 +4.936762745e+003 +4.936762745e+003 +3.3719e+000 +6.5568e-001 -8.1533e-001
1862 +4.353536961e+003 +4.353536961e+003 +4.679406961e+003 +4.679406961e+003 +3.3815e+000 +6.1228e-001 -8.2947e-001
1883 +3.893146333e+003 +3.893146333e+003 +4.219016333e+003 +4.219016333e+003 +3.3859e+000 +5.6483e-001 -8.6935e-001
1906 +3.687038166e+003 +3.687038166e+003 +4.012908166e+003 +4.012908166e+003 +3.5035e+000 +4.9163e-001 -8.2133e-001
1971 +3.340496569e+003 +3.340496569e+003 +3.666366569e+003 +3.666366569e+003 +3.4529e+000 +4.6752e-001 -8.8208e-001
2118 +3.257125819e+003 +3.257125819e+003 +3.582995819e+003 +3.582995819e+003 +3.5346e+000 +4.2966e-001 -8.4525e-001
2148 +3.144491632e+003 +3.144491632e+003 +3.470361632e+003 +3.470361632e+003 +3.5949e+000 +3.9922e-001 -8.4829e-001
2212 +3.065373396e+003 +3.065373396e+003 +3.391243396e+003 +3.391243396e+003 +3.5616e+000 +4.0597e-001 -8.5243e-001
2238 +3.013912216e+003 +3.013912216e+003 +3.339782216e+003 +3.339782216e+003 +3.5713e+000 +3.9544e-001 -8.5333e-001
2253 +2.947437628e+003 +2.947437628e+003 +3.273307628e+003 +3.273307628e+003 +3.5833e+000 +3.8128e-001 -8.5437e-001
2327 +2.825581300e+003 +2.825581300e+003 +3.151451300e+003 +3.151451300e+003 +3.5766e+000 +3.5779e-001 -8.7119e-001
2379 +2.811474103e+003 +2.811474103e+003 +3.137344103e+003 +3.137344103e+003 +3.5735e+000 +3.5146e-001 -8.7542e-001
2428 +2.668139499e+003 +2.668139499e+003 +2.994009499e+003 +2.994009499e+003 +3.5912e+000 +3.2292e-001 -8.8492e-001
2480 +2.623668987e+003 +2.623668987e+003 +2.949538987e+003 +2.949538987e+003 +3.6064e+000 +3.1012e-001 -8.8303e-001
2531 +2.569516953e+003 +2.569516953e+003 +2.895386953e+003 +2.895386953e+003 +3.6117e+000 +2.9744e-001 -8.8906e-001
2556 +2.433075107e+003 +2.433075107e+003 +2.758945107e+003 +2.758945107e+003 +3.6243e+000 +2.6275e-001 -9.0655e-001
2626 +2.392702580e+003 +2.392702580e+003 +2.718572580e+003 +2.718572580e+003 +3.6473e+000 +2.4263e-001 -9.0081e-001
2664 +2.339454313e+003 +2.339454313e+003 +2.665324313e+003 +2.665324313e+003 +3.6609e+000 +2.2421e-001 -9.1348e-001
2864 +2.285281858e+003 +2.285281858e+003 +2.611151858e+003 +2.611151858e+003 +3.6537e+000 +2.1115e-001 -9.2375e-001
% function evaluation | noise-free fitness - Fopt (-9.525000000000e+001) | best noise-free fitness - Fopt | measured fitness | best measured fitness | x1 | x2...
1 +1.219605019e+007 +1.219605019e+007 +1.219595494e+007 +1.219595494e+007 +0.0000e+000 +0.0000e+000 +0.0000e+000
2 +2.872240516e+006 +2.872240516e+006 +2.872145266e+006 +2.872145266e+006 +7.6880e-001 -3.7419e+000 +2.6123e+000
9 +2.770227658e+006 +2.770227658e+006 +2.770132408e+006 +2.770132408e+006 +7.7655e-001 -3.7411e+000 +2.6505e+000
37 +2.702676966e+006 +2.702676966e+006 +2.702581716e+006 +2.702581716e+006 +7.7443e-001 -3.8169e+000 +2.6788e+000
51 +2.670619044e+006 +2.670619044e+006 +2.670523794e+006 +2.670523794e+006 +7.7249e-001 -3.7671e+000 +2.6851e+000
61 +2.608831972e+006 +2.608831972e+006 +2.608736722e+006 +2.608736722e+006 +7.7450e-001 -3.7412e+000 +2.7045e+000
64 +2.478248044e+006 +2.478248044e+006 +2.478152794e+006 +2.478152794e+006 +7.7617e-001 -3.7620e+000 +2.7495e+000
70 +2.359831641e+006 +2.359831641e+006 +2.359736391e+006 +2.359736391e+006 +7.7371e-001 -3.7891e+000 +2.7886e+000
74 +2.289098960e+006 +2.289098960e+006 +2.289003710e+006 +2.289003710e+006 +7.7283e-001 -3.7573e+000 +2.8081e+000
80 +3.909884655e+005 +3.909884655e+005 +3.908932155e+005 +3.908932155e+005 +7.6438e-001 -3.7609e+000 +3.5537e+000
107 +2.115201525e+005 +2.115201525e+005 +2.114249025e+005 +2.114249025e+005 +7.6348e-001 -3.7679e+000 +3.8002e+000
119 +3.681525012e+004 +3.681525012e+004 +3.672000012e+004 +3.672000012e+004 +7.7073e-001 -3.7673e+000 +4.1017e+000
120 +8.332621045e+003 +8.332621045e+003 +8.237371045e+003 +8.237371045e+003 +7.6918e-001 -3.6952e+000 +4.2551e+000
213 +8.255787569e+003 +8.255787569e+003 +8.160537569e+003 +8.160537569e+003 +8.5848e-001 -3.8265e+000 +4.3072e+000
227 +8.093420987e+003 +8.093420987e+003 +7.998170987e+003 +7.998170987e+003 +8.2474e-001 -3.8611e+000 +4.2941e+000
254 +7.832807327e+003 +7.832807327e+003 +7.737557327e+003 +7.737557327e+003 +8.3820e-001 -4.0345e+000 +4.3219e+000
269 +7.696751842e+003 +7.696751842e+003 +7.601501842e+003 +7.601501842e+003 +7.8747e-001 -4.0137e+000 +4.2981e+000
272 +7.060379180e+003 +7.060379180e+003 +6.965129180e+003 +6.965129180e+003 +7.5720e-001 -4.3123e+000 +4.2986e+000
302 +6.544955780e+003 +6.544955780e+003 +6.449705780e+003 +6.449705780e+003 +5.6752e-001 -4.2221e+000 +4.2282e+000
333 +6.226092403e+003 +6.226092403e+003 +6.130842403e+003 +6.130842403e+003 +4.5404e-001 -4.2436e+000 +4.2208e+000
355 +6.142178437e+003 +6.142178437e+003 +6.046928437e+003 +6.046928437e+003 +5.6118e-001 -4.3219e+000 +4.2434e+000
359 +5.414924581e+003 +5.414924581e+003 +5.319674581e+003 +5.319674581e+003 +4.8919e-001 -4.4499e+000 +4.2394e+000
370 +5.313342356e+003 +5.313342356e+003 +5.218092356e+003 +5.218092356e+003 +4.4109e-001 -4.4702e+000 +4.2345e+000
375 +4.971840051e+003 +4.971840051e+003 +4.876590051e+003 +4.876590051e+003 +4.3563e-001 -4.4832e+000 +4.2234e+000
379 +4.839777149e+003 +4.839777149e+003 +4.744527149e+003 +4.744527149e+003 +4.6315e-001 -4.5312e+000 +4.2284e+000
390 +4.668247280e+003 +4.668247280e+003 +4.572997280e+003 +4.572997280e+003 +4.5318e-001 -4.5585e+000 +4.2260e+000
393 +3.741494602e+003 +3.741494602e+003 +3.646244602e+003 +3.646244602e+003 +4.6706e-001 -4.9360e+000 +4.2370e+000
402 +3.443599275e+003 +3.443599275e+003 +3.348349275e+003 +3.348349275e+003 +3.5008e-001 -4.7840e+000 +4.2212e+000
407 +2.883135305e+003 +2.883135305e+003 +2.787885305e+003 +2.787885305e+003 +4.0640e-001 -5.0097e+000 +4.2371e+000
412 +2.616458725e+003 +2.616458725e+003 +2.521208725e+003 +2.521208725e+003 +4.0108e-001 -5.1174e+000 +4.2436e+000
439 +2.561860878e+003 +2.561860878e+003 +2.466610878e+003 +2.466610878e+003 +3.1982e-001 -5.1882e+000 +4.2479e+000
445 +2.412711927e+003 +2.412711927e+003 +2.317461927e+003 +2.317461927e+003 +4.1647e-001 -5.2508e+000 +4.2598e+000
452 +2.379366546e+003 +2.379366546e+003 +2.284116546e+003 +2.284116546e+003 +3.8945e-001 -5.2848e+000 +4.2489e+000
457 +2.277782147e+003 +2.277782147e+003 +2.182532147e+003 +2.182532147e+003 +3.2335e-001 -5.3968e+000 +4.2325e+000
475 +2.197366552e+003 +2.197366552e+003 +2.102116552e+003 +2.102116552e+003 +3.4731e-001 -5.3166e+000 +4.2439e+000
481 +2.163762500e+003 +2.163762500e+003 +2.068512500e+003 +2.068512500e+003 +3.5243e-001 -5.3401e+000 +4.2506e+000
574 +2.109555167e+003 +2.109555167e+003 +2.014305167e+003 +2.014305167e+003 +3.0716e-001 -5.3505e+000 +4.2370e+000
620 +2.077504947e+003 +2.077504947e+003 +1.982254947e+003 +1.982254947e+003 +2.9380e-001 -5.4027e+000 +4.2352e+000
696 +2.040772151e+003 +2.040772151e+003 +1.945522151e+003 +1.945522151e+003 +2.9752e-001 -5.5133e+000 +4.2460e+000
842 +1.969849760e+003 +1.969849760e+003 +1.874599760e+003 +1.874599760e+003 +2.8304e-001 -5.6767e+000 +4.2525e+000
858 +1.789772846e+003 +1.789772846e+003 +1.694522846e+003 +1.694522846e+003 +2.8217e-001 -5.8810e+000 +4.2612e+000
878 +1.743393184e+003 +1.743393184e+003 +1.648143184e+003 +1.648143184e+003 +2.7255e-001 -5.9414e+000 +4.2584e+000
881 +1.717816245e+003 +1.717816245e+003 +1.622566245e+003 +1.622566245e+003 +2.5893e-001 -5.8576e+000 +4.2579e+000
893 +1.667010034e+003 +1.667010034e+003 +1.571760034e+003 +1.571760034e+003 +2.7850e-001 -6.2279e+000 +4.2679e+000
896 +1.197479913e+003 +1.197479913e+003 +1.102229913e+003 +1.102229913e+003 +2.5298e-001 -6.0818e+000 +4.2761e+000
903 +7.150896106e+002 +7.150896106e+002 +6.198396106e+002 +6.198396106e+002 +2.0650e-001 -7.2210e+000 +4.3243e+000
904 +5.454876902e+002 +5.454876902e+002 +4.502376902e+002 +4.502376902e+002 +1.3932e-001 -6.5307e+000 +4.2684e+000
928 +5.356732479e+002 +5.356732479e+002 +4.404232479e+002 +4.404232479e+002 +1.5603e-001 -6.6084e+000 +4.2891e+000
931 +2.499792927e+002 +2.499792927e+002 +1.547292927e+002 +1.547292927e+002 +1.1922e-001 -6.8698e+000 +4.2945e+000
935 +1.926375275e+002 +1.926375275e+002 +9.738752746e+001 +9.738752746e+001 +8.6918e-002 -7.0515e+000 +4.2892e+000
962 +1.831297888e+002 +1.831297888e+002 +8.787978884e+001 +8.787978884e+001 +7.2415e-002 -7.0938e+000 +4.3013e+000
963 +5.982877304e+001 +5.982877304e+001 -3.542122696e+001 -3.542122696e+001 +1.2159e-002 -7.4379e+000 +4.2970e+000
1122 +5.699742925e+001 +5.699742925e+001 -3.825257075e+001 -3.825257075e+001 +4.3262e-002 -7.7073e+000 +4.3327e+000
1149 +5.472388160e+001 +5.472388160e+001 -4.052611840e+001 -4.052611840e+001 +4.8163e-002 -7.6522e+000 +4.3311e+000
1159 +4.901395597e+001 +4.901395597e+001 -4.623604403e+001 -4.623604403e+001 +4.9976e-002 -7.5224e+000 +4.3203e+000
1258 +4.893057014e+001 +4.893057014e+001 -4.631942986e+001 -4.631942986e+001 +6.3390e-002 -7.5649e+000 +4.3277e+000
% function evaluation | noise-free fitness - Fopt (4.943000000000e+001) | best noise-free fitness - Fopt | measured fitness | best measured fitness | x1 | x2...
1 +1.357868890e+007 +1.357868890e+007 +1.357873833e+007 +1.357873833e+007 +0.0000e+000 +0.0000e+000 +0.0000e+000
2 +8.339650061e+006 +8.339650061e+006 +8.339699491e+006 +8.339699491e+006 +4.6047e+000 -1.8735e-001 +1.1924e+000
3 +8.314865629e+006 +8.314865629e+006 +8.314915059e+006 +8.314915059e+006 +4.5453e+000 -1.9012e-001 +1.2038e+000
25 +8.128191574e+006 +8.128191574e+006 +8.128241004e+006 +8.128241004e+006 +4.5678e+000 -2.5386e-001 +1.1990e+000
36 +7.837606619e+006 +7.837606619e+006 +7.837656049e+006 +7.837656049e+006 +4.6439e+000 -3.4528e-001 +1.2134e+000
40 +7.677793966e+006 +7.677793966e+006 +7.677843396e+006 +7.677843396e+006 +4.5723e+000 -4.1057e-001 +1.2000e+000
60 +7.494596069e+006 +7.494596069e+006 +7.494645499e+006 +7.494645499e+006 +4.6104e+000 -4.6958e-001 +1.2063e+000
62 +7.399078209e+006 +7.399078209e+006 +7.399127639e+006 +7.399127639e+006 +4.6144e+000 -4.9685e-001 +1.2144e+000
70 +6.501113808e+006 +6.501113808e+006 +6.501163238e+006 +6.501163238e+006 +4.6005e+000 -7.6570e-001 +1.1767e+000
76 +5.710506830e+006 +5.710506830e+006 +5.710556260e+006 +5.710556260e+006 +4.5930e+000 -9.1666e-001 +1.1939e+000
77 +2.760233402e+006 +2.760233402e+006 +2.760282832e+006 +2.760282832e+006 +4.6160e+000 -1.4900e+000 +1.1470e+000
92 +2.027889672e+006 +2.027889672e+006 +2.027939102e+006 +2.027939102e+006 +4.6015e+000 -1.9219e+000 +1.1270e+000
102 +1.800404205e+006 +1.800404205e+006 +1.800453635e+006 +1.800453635e+006 +4.6014e+000 -2.1138e+000 +1.1891e+000
108 +4.360420591e+004 +4.360420591e+004 +4.365363591e+004 +4.365363591e+004 +4.6113e+000 -3.3153e+000 +1.1804e+000
135 +2.844169028e+004 +2.844169028e+004 +2.849112028e+004 +2.849112028e+004 +4.6120e+000 -3.4000e+000 +1.1500e+000
143 +1.776717218e+004 +1.776717218e+004 +1.781660218e+004 +1.781660218e+004 +4.5950e+000 -3.4599e+000 +1.1690e+000
146 +1.489229043e+004 +1.489229043e+004 +1.494172043e+004 +1.494172043e+004 +4.6052e+000 -3.4824e+000 +1.2665e+000
172 +1.434025305e+004 +1.434025305e+004 +1.438968305e+004 +1.438968305e+004 +4.6112e+000 -3.2656e+000 +1.5728e+000
364 +1.259927841e+004 +1.259927841e+004 +1.264870841e+004 +1.264870841e+004 +4.5824e+000 -3.0512e+000 +1.9793e+000
425 +1.160400393e+004 +1.160400393e+004 +1.165343393e+004 +1.165343393e+004 +4.3475e+000 -3.0424e+000 +1.9730e+000
573 +1.114815066e+004 +1.114815066e+004 +1.119758066e+004 +1.119758066e+004 +4.4044e+000 -3.0480e+000 +2.0476e+000
580 +9.835703215e+003 +9.835703215e+003 +9.885133215e+003 +9.885133215e+003 +4.2270e+000 -3.0548e+000 +2.0251e+000
600 +9.337018400e+003 +9.337018400e+003 +9.386448400e+003 +9.386448400e+003 +4.1525e+000 -3.0522e+000 +2.0347e+000
603 +8.802664286e+003 +8.802664286e+003 +8.852094286e+003 +8.852094286e+003 +4.0693e+000 -3.0546e+000 +2.0237e+000
605 +7.045842424e+003 +7.045842424e+003 +7.095272424e+003 +7.095272424e+003 +3.6941e+000 -3.0551e+000 +2.0001e+000
613 +5.228674462e+003 +5.228674462e+003 +5.278104462e+003 +5.278104462e+003 +3.0614e+000 -3.0566e+000 +1.9986e+000
620 +5.123351734e+003 +5.123351734e+003 +5.172781734e+003 +5.172781734e+003 +1.6691e+000 -3.0550e+000 +1.9672e+000
625 +4.439804329e+003 +4.439804329e+003 +4.489234329e+003 +4.489234329e+003 +2.7145e+000 -3.0512e+000 +2.0111e+000
627 +3.649296240e+003 +3.649296240e+003 +3.698726240e+003 +3.698726240e+003 +2.4274e+000 -3.0557e+000 +2.0143e+000
647 +2.390300191e+003 +2.390300191e+003 +2.439730191e+003 +2.439730191e+003 +2.1128e+000 -3.0554e+000 +2.0440e+000
648 +1.801259577e+003 +1.801259577e+003 +1.850689577e+003 +1.850689577e+003 +2.0185e+000 -3.0540e+000 +2.0602e+000
663 +1.289145801e+003 +1.289145801e+003 +1.338575801e+003 +1.338575801e+003 +1.5073e+000 -3.0524e+000 +2.0610e+000
668 +1.144157607e+002 +1.144157607e+002 +1.638457607e+002 +1.638457607e+002 +1.1300e+000 -3.0548e+000 +2.1255e+000
726 +4.945258474e+001 +4.945258474e+001 +9.888258474e+001 +9.888258474e+001 +1.1430e+000 -3.0529e+000 +2.1433e+000
747 +3.646812604e+001 +3.646812604e+001 +8.589812604e+001 +8.589812604e+001 +1.0824e+000 -3.0546e+000 +2.1393e+000
756 +2.646270258e+001 +2.646270258e+001 +7.589270258e+001 +7.589270258e+001 +1.0580e+000 -3.0529e+000 +2.1537e+000
765 +1.790107643e+001 +1.790107643e+001 +6.733107643e+001 +6.733107643e+001 +7.7203e-001 -3.0573e+000 +2.1512e+000
769 +1.302192398e+001 +1.302192398e+001 +6.245192398e+001 +6.245192398e+001 +1.0185e+000 -3.0574e+000 +2.1385e+000
787 +9.762147353e+000 +9.762147353e+000 +5.919214735e+001 +5.919214735e+001 +8.4625e-001 -3.0607e+000 +2.1481e+000
792 +5.930175117e+000 +5.930175117e+000 +5.536017512e+001 +5.536017512e+001 +9.8971e-001 -3.0524e+000 +2.1501e+000
811 +4.306605111e+000 +4.306605111e+000 +5.373660511e+001 +5.373660511e+001 +9.2538e-001 -3.0602e+000 +2.1369e+000
812 +9.165816025e-001 +9.165816025e-001 +5.034658160e+001 +5.034658160e+001 +8.9951e-001 -3.0602e+000 +2.1408e+000
836 +6.484816811e-001 +6.484816811e-001 +5.007848168e+001 +5.007848168e+001 +9.1125e-001 -3.0617e+000 +2.1380e+000
842 +6.275520262e-001 +6.275520262e-001 +5.005755203e+001 +5.005755203e+001 +9.0325e-001 -3.0649e+000 +2.1334e+000
988 +6.148673613e-001 +6.148673613e-001 +5.004486736e+001 +5.004486736e+001 +9.1266e-001 -3.0665e+000 +2.1299e+000
1004 +5.942847814e-001 +5.942847814e-001 +5.002428478e+001 +5.002428478e+001 +9.0960e-001 -3.0666e+000 +2.1299e+000
2411 +5.888300031e-001 +5.888300031e-001 +5.001883000e+001 +5.001883000e+001 +9.0789e-001 -3.0665e+000 +2.1302e+000
% function evaluation | noise-free fitness - Fopt (-9.772000000000e+001) | best noise-free fitness - Fopt | measured fitness | best measured fitness | x1 | x2...
1 +2.318080341e+007 +2.318080341e+007 +2.318070569e+007 +2.318070569e+007 +0.0000e+000 +0.0000e+000 +0.0000e+000
92 +1.339297499e+007 +1.339297499e+007 +1.339287727e+007 +1.339287727e+007 -3.3728e+000 +3.0121e+000 +2.7107e+000
97 +8.690353840e+006 +8.690353840e+006 +8.690256120e+006 +8.690256120e+006 -3.3707e+000 +2.7005e+000 +3.3628e+000
110 +2.715447619e+006 +2.715447619e+006 +2.715349899e+006 +2.715349899e+006 -3.3650e+000 +2.8496e+000 +8.4507e+000
121 +5.673605359e+005 +5.673605359e+005 +5.672628159e+005 +5.672628159e+005 -3.3746e+000 +2.8631e+000 +5.8799e+000
128 +5.312046555e+004 +5.312046555e+004 +5.302274555e+004 +5.302274555e+004 -3.3710e+000 +2.9605e+000 +6.6393e+000
153 +3.366253364e+004 +3.366253364e+004 +3.356481364e+004 +3.356481364e+004 -3.3555e+000 +2.8284e+000 +6.6638e+000
173 +2.666496575e+004 +2.666496575e+004 +2.656724575e+004 +2.656724575e+004 -3.3764e+000 +3.0100e+000 +6.8270e+000
274 +2.612457719e+004 +2.612457719e+004 +2.602685719e+004 +2.602685719e+004 -3.3549e+000 +3.0693e+000 +6.8648e+000
428 +2.485582770e+004 +2.485582770e+004 +2.475810770e+004 +2.475810770e+004 -3.2305e+000 +3.0536e+000 +6.8696e+000
445 +2.394697087e+004 +2.394697087e+004 +2.384925087e+004 +2.384925087e+004 -3.1257e+000 +3.0675e+000 +6.8732e+000
452 +1.421718651e+004 +1.421718651e+004 +1.411946651e+004 +1.411946651e+004 -1.5704e+000 +2.8823e+000 +6.8793e+000
494 +9.449733358e+003 +9.449733358e+003 +9.352013358e+003 +9.352013358e+003 -1.2504e+000 +2.9655e+000 +6.8801e+000
498 +6.266153225e+003 +6.266153225e+003 +6.168433225e+003 +6.168433225e+003 -3.2314e-001 +3.0239e+000 +6.8760e+000
515 +3.032275313e+003 +3.032275313e+003 +2.934555313e+003 +2.934555313e+003 +6.1747e-001 +2.9811e+000 +6.8687e+000
547 +2.436548837e+003 +2.436548837e+003 +2.338828837e+003 +2.338828837e+003 +1.1335e+000 +2.9984e+000 +6.8791e+000
552 +2.254081022e+003 +2.254081022e+003 +2.156361022e+003 +2.156361022e+003 +9.8033e-001 +2.9825e+000 +6.8716e+000
555 +2.180690570e+003 +2.180690570e+003 +2.082970570e+003 +2.082970570e+003 +7.2339e-001 +2.9556e+000 +6.9219e+000
561 +1.040943612e+003 +1.040943612e+003 +9.432236125e+002 +9.432236125e+002 +1.1984e+000 +2.9769e+000 +6.8932e+000
563 +2.646286289e+002 +2.646286289e+002 +1.669086289e+002 +1.669086289e+002 +2.2914e+000 +2.9482e+000 +6.9140e+000
574 +1.918258226e+002 +1.918258226e+002 +9.410582256e+001 +9.410582256e+001 +2.1250e+000 +2.9734e+000 +6.9450e+000
590 +1.283306938e+002 +1.283306938e+002 +3.061069378e+001 +3.061069378e+001 +2.1405e+000 +2.9836e+000 +6.9446e+000
598 +8.452737991e+001 +8.452737991e+001 -1.319262009e+001 -1.319262009e+001 +1.7315e+000 +2.9858e+000 +6.9327e+000
629 +6.206551009e+001 +6.206551009e+001 -3.565448991e+001 -3.565448991e+001 +1.8820e+000 +2.9870e+000 +6.9391e+000
647 +5.162648483e+001 +5.162648483e+001 -4.609351517e+001 -4.609351517e+001 +1.9328e+000 +2.9820e+000 +6.9356e+000
659 +5.012136766e+001 +5.012136766e+001 -4.759863234e+001 -4.759863234e+001 +1.9081e+000 +2.9850e+000 +6.9339e+000
718 +4.971703786e+001 +4.971703786e+001 -4.800296214e+001 -4.800296214e+001 +1.9137e+000 +2.9916e+000 +6.9390e+000
% function evaluation | noise-free fitness - Fopt (-5.100000000000e+001) | best noise-free fitness - Fopt | measured fitness | best measured fitness | x1 | x2...
1 +6.065659922e+006 +6.065659922e+006 +6.065608922e+006 +6.065608922e+006 +0.0000e+000 +0.0000e+000 +0.0000e+000
60 +5.511176293e+006 +5.511176293e+006 +5.511125293e+006 +5.511125293e+006 -2.4486e+000 +2.6384e+000 +3.3967e-001
69 +4.336784494e+006 +4.336784494e+006 +4.336733494e+006 +4.336733494e+006 -2.4405e+000 +2.8484e+000 -1.8338e-002
78 +2.122262046e+004 +2.122262046e+004 +2.117162046e+004 +2.117162046e+004 -2.4470e+000 +2.4846e+000 -2.1044e+000
134 +1.544681207e+004 +1.544681207e+004 +1.539581207e+004 +1.539581207e+004 -2.4262e+000 +1.2136e+000 -2.1043e+000
228 +1.216495867e+004 +1.216495867e+004 +1.211395867e+004 +1.211395867e+004 -2.4615e+000 -5.8709e-001 -2.0288e+000
231 +1.041352590e+004 +1.041352590e+004 +1.036252590e+004 +1.036252590e+004 -2.4186e+000 -1.4923e-001 -2.0071e+000
234 +9.772139072e+003 +9.772139072e+003 +9.721139072e+003 +9.721139072e+003 -2.4406e+000 -4.6678e-001 -1.9826e+000
279 +9.215614994e+003 +9.215614994e+003 +9.164614994e+003 +9.164614994e+003 -2.3894e+000 -5.8849e-001 -2.0029e+000
359 +9.038101705e+003 +9.038101705e+003 +8.987101705e+003 +8.987101705e+003 -2.4356e+000 -9.5374e-001 -1.9872e+000
378 +8.641893107e+003 +8.641893107e+003 +8.590893107e+003 +8.590893107e+003 -2.4276e+000 -1.0589e+000 -1.9762e+000
384 +8.415859463e+003 +8.415859463e+003 +8.364859463e+003 +8.364859463e+003 -2.4270e+000 -1.2701e+000 -1.9695e+000
401 +7.426348589e+003 +7.426348589e+003 +7.375348589e+003 +7.375348589e+003 -2.4164e+000 -1.8180e+000 -1.9231e+000
410 +7.403378198e+003 +7.403378198e+003 +7.352378198e+003 +7.352378198e+003 -2.3841e+000 -1.7542e+000 -1.9354e+000
426 +6.385143854e+003 +6.385143854e+003 +6.334143854e+003 +6.334143854e+003 -2.3304e+000 -2.4082e+000 -1.9413e+000
449 +6.241961604e+003 +6.241961604e+003 +6.190961604e+003 +6.190961604e+003 -2.1930e+000 -2.3907e+000 -1.9923e+000
454 +6.164099341e+003 +6.164099341e+003 +6.113099341e+003 +6.113099341e+003 -1.8637e+000 -2.2994e+000 -1.9881e+000
469 +5.229571939e+003 +5.229571939e+003 +5.178571939e+003 +5.178571939e+003 -1.5285e+000 -3.7341e+000 -1.9781e+000
477 +4.944967637e+003 +4.944967637e+003 +4.893967637e+003 +4.893967637e+003 -2.1413e+000 -2.3439e+000 -1.9684e+000
478 +4.570961476e+003 +4.570961476e+003 +4.519961476e+003 +4.519961476e+003 -2.0666e+000 -2.4020e+000 -1.9692e+000
479 +4.404507359e+003 +4.404507359e+003 +4.353507359e+003 +4.353507359e+003 -2.0593e+000 -3.2912e+000 -1.8980e+000
488 +3.333103659e+003 +3.333103659e+003 +3.282103659e+003 +3.282103659e+003 -2.0660e+000 -2.8292e+000 -1.9759e+000
497 +2.681910694e+003 +2.681910694e+003 +2.630910694e+003 +2.630910694e+003 -1.9493e+000 -3.2410e+000 -1.9938e+000
518 +2.376859512e+003 +2.376859512e+003 +2.325859512e+003 +2.325859512e+003 -1.9367e+000 -3.0254e+000 -1.9825e+000
539 +2.177044889e+003 +2.177044889e+003 +2.126044889e+003 +2.126044889e+003 -1.9391e+000 -3.3940e+000 -1.9754e+000
552 +2.018896041e+003 +2.018896041e+003 +1.967896041e+003 +1.967896041e+003 -1.7401e+000 -4.2792e+000 -2.0084e+000
571 +6.139381889e+002 +6.139381889e+002 +5.629381889e+002 +5.629381889e+002 -1.6186e+000 -4.2813e+000 -1.9982e+000
607 +2.109292763e+002 +2.109292763e+002 +1.599292763e+002 +1.599292763e+002 -1.4474e+000 -4.9820e+000 -1.9989e+000
773 +2.032465946e+002 +2.032465946e+002 +1.522465946e+002 +1.522465946e+002 -1.5009e+000 -4.9704e+000 -1.9963e+000
780 +1.966679367e+002 +1.966679367e+002 +1.456679367e+002 +1.456679367e+002 -1.5095e+000 -5.1650e+000 -1.9898e+000
782 +1.927506489e+002 +1.927506489e+002 +1.417506489e+002 +1.417506489e+002 -1.5023e+000 -5.0987e+000 -1.9815e+000
783 +1.787178616e+002 +1.787178616e+002 +1.277178616e+002 +1.277178616e+002 -1.4976e+000 -5.0153e+000 -1.9937e+000
794 +1.018756119e+002 +1.018756119e+002 +5.087561187e+001 +5.087561187e+001 -1.4910e+000 -5.3442e+000 -1.9783e+000
843 +7.575855901e+001 +7.575855901e+001 +2.475855901e+001 +2.475855901e+001 -1.4351e+000 -5.3193e+000 -1.9917e+000
889 +7.287572503e+001 +7.287572503e+001 +2.187572503e+001 +2.187572503e+001 -1.4463e+000 -5.4222e+000 -1.9887e+000
896 +6.169854384e+001 +6.169854384e+001 +1.069854384e+001 +1.069854384e+001 -1.4448e+000 -5.4375e+000 -1.9866e+000
914 +6.072170053e+001 +6.072170053e+001 +9.721700527e+000 +9.721700527e+000 -1.4455e+000 -5.4562e+000 -1.9863e+000
921 +5.980693066e+001 +5.980693066e+001 +8.806930662e+000 +8.806930662e+000 -1.4411e+000 -5.4170e+000 -1.9877e+000
924 +5.609568048e+001 +5.609568048e+001 +5.095680484e+000 +5.095680484e+000 -1.4471e+000 -5.4495e+000 -1.9841e+000
933 +5.407368063e+001 +5.407368063e+001 +3.073680631e+000 +3.073680631e+000 -1.4427e+000 -5.4495e+000 -1.9845e+000
948 +4.870967222e+001 +4.870967222e+001 -2.290327780e+000 -2.290327780e+000 -1.4403e+000 -5.4848e+000 -1.9822e+000
987 +4.757802325e+001 +4.757802325e+001 -3.421976747e+000 -3.421976747e+000 -1.4405e+000 -5.5026e+000 -1.9840e+000
990 +4.128260977e+001 +4.128260977e+001 -9.717390232e+000 -9.717390232e+000 -1.4375e+000 -5.5263e+000 -1.9832e+000
1007 +4.048074674e+001 +4.048074674e+001 -1.051925326e+001 -1.051925326e+001 -1.4382e+000 -5.5334e+000 -1.9827e+000
1009 +3.920656528e+001 +3.920656528e+001 -1.179343472e+001 -1.179343472e+001 -1.4374e+000 -5.5502e+000 -1.9786e+000
1022 +3.624790250e+001 +3.624790250e+001 -1.475209750e+001 -1.475209750e+001 -1.4378e+000 -5.5510e+000 -1.9798e+000
1028 +3.223331475e+001 +3.223331475e+001 -1.876668525e+001 -1.876668525e+001 -1.4370e+000 -5.5954e+000 -1.9800e+000
1088 +3.129929903e+001 +3.129929903e+001 -1.970070097e+001 -1.970070097e+001 -1.4368e+000 -5.5972e+000 -1.9795e+000
1107 +3.075301561e+001 +3.075301561e+001 -2.024698439e+001 -2.024698439e+001 -1.4351e+000 -5.5888e+000 -1.9799e+000
1129 +2.989187347e+001 +2.989187347e+001 -2.110812653e+001 -2.110812653e+001 -1.4375e+000 -5.6141e+000 -1.9783e+000
1138 +1.917042204e+001 +1.917042204e+001 -3.182957796e+001 -3.182957796e+001 -1.4369e+000 -5.7550e+000 -1.9690e+000
1196 +1.900027415e+001 +1.900027415e+001 -3.199972585e+001 -3.199972585e+001 -1.4285e+000 -5.7280e+000 -1.9745e+000
1206 +1.814558347e+001 +1.814558347e+001 -3.285441653e+001 -3.285441653e+001 -1.4263e+000 -5.7263e+000 -1.9742e+000
1219 +1.693542956e+001 +1.693542956e+001 -3.406457044e+001 -3.406457044e+001 -1.4180e+000 -5.7673e+000 -1.9738e+000
1275 +1.618548255e+001 +1.618548255e+001 -3.481451745e+001 -3.481451745e+001 -1.4097e+000 -5.7560e+000 -1.9767e+000
1401 +1.583164290e+001 +1.583164290e+001 -3.516835710e+001 -3.516835710e+001 -1.4088e+000 -5.7678e+000 -1.9757e+000
1428 +1.497260219e+001 +1.497260219e+001 -3.602739781e+001 -3.602739781e+001 -1.4029e+000 -5.7662e+000 -1.9785e+000
1482 +1.469504120e+001 +1.469504120e+001 -3.630495880e+001 -3.630495880e+001 -1.3990e+000 -5.7628e+000 -1.9791e+000
1553 +1.412345245e+001 +1.412345245e+001 -3.687654755e+001 -3.687654755e+001 -1.3914e+000 -5.7942e+000 -1.9796e+000
