% function evaluation | noise-free fitness - Fopt (3.590000000000e+01) | best noise-free fitness - Fopt | measured fitness | best measured fitness | x1 | x2...
1 +2.283102266e+05 +2.283102266e+05 +2.283461266e+05 +2.283461266e+05 +0.0000e+00 +0.0000e+00
45 +1.171314830e+05 +1.171314830e+05 +1.171673830e+05 +1.171673830e+05 +1.3917e+00 -1.0132e+00
46 +3.289172114e+04 +3.289172114e+04 +3.292762114e+04 +3.292762114e+04 +2.5105e+00 -9.4626e-01
52 +1.233046789e+04 +1.233046789e+04 +1.236636789e+04 +1.236636789e+04 +2.8799e+00 -7.9036e-01
56 +7.527405793e+03 +7.527405793e+03 +7.563305793e+03 +7.563305793e+03 +3.1014e+00 -9.9694e-01
60 +6.895044750e+00 +6.895044750e+00 +4.279504475e+01 +4.279504475e+01 +4.0688e+00 -1.2414e+00
66 +3.863242817e+00 +3.863242817e+00 +3.976324282e+01 +3.976324282e+01 +3.6361e+00 -7.3301e-01
158 +3.777099573e+00 +3.777099573e+00 +3.967709957e+01 +3.967709957e+01 +3.7038e+00 -3.8798e-01
184 +3.163595020e+00 +3.163595020e+00 +3.906359502e+01 +3.906359502e+01 +3.6322e+00 -7.3997e-02
192 +2.647173404e+00 +2.647173404e+00 +3.854717340e+01 +3.854717340e+01 +3.5506e+00 +8.2183e-02
198 +2.234274986e+00 +2.234274986e+00 +3.813427499e+01 +3.813427499e+01 +3.3907e+00 -2.1514e-01
202 +2.133583121e+00 +2.133583121e+00 +3.803358312e+01 +3.803358312e+01 +3.3518e+00 +8.4256e-01
203 +2.036635464e+00 +2.036635464e+00 +3.793663546e+01 +3.793663546e+01 +3.3847e+00 -1.2663e-01
204 +1.704708094e+00 +1.704708094e+00 +3.760470809e+01 +3.760470809e+01 +3.3581e+00 -2.7718e-02
214 +1.428090535e+00 +1.428090535e+00 +3.732809053e+01 +3.732809053e+01 +3.2576e+00 -4.1793e-02
232 +1.382866391e+00 +1.382866391e+00 +3.728286639e+01 +3.728286639e+01 +3.2264e+00 -9.9817e-03
238 +8.633537801e-01 +8.633537801e-01 +3.676335378e+01 +3.676335378e+01 +3.1745e+00 +2.9878e-01
253 +8.242571597e-01 +8.242571597e-01 +3.672425716e+01 +3.672425716e+01 +3.1548e+00 +2.8590e-01
339 +7.831997788e-01 +7.831997788e-01 +3.668319978e+01 +3.668319978e+01 +3.1403e+00 +2.9653e-01
344 +7.353042742e-01 +7.353042742e-01 +3.663530427e+01 +3.663530427e+01 +3.1640e+00 +5.5979e-01
357 +7.148964782e-01 +7.148964782e-01 +3.661489648e+01 +3.661489648e+01 +3.1191e+00 +4.4141e-01
373 +4.084909328e-01 +4.084909328e-01 +3.630849093e+01 +3.630849093e+01 +3.0226e+00 +5.5689e-01
385 +2.831643788e-01 +2.831643788e-01 +3.618316438e+01 +3.618316438e+01 +2.9618e+00 +6.5487e-01
398 +2.260011428e-01 +2.260011428e-01 +3.612600114e+01 +3.612600114e+01 +2.9574e+00 +9.9386e-01
429 +7.306297660e-02 +7.306297660e-02 +3.597306298e+01 +3.597306298e+01 +2.8778e+00 +9.3964e-01
463 +7.109745792e-02 +7.109745792e-02 +3.597109746e+01 +3.597109746e+01 +2.8786e+00 +9.9670e-01
470 +1.848568383e-02 +1.848568383e-02 +3.591848568e+01 +3.591848568e+01 +2.8282e+00 +1.0679e+00
493 +1.193135675e-02 +1.193135675e-02 +3.591193136e+01 +3.591193136e+01 +2.8195e+00 +1.0545e+00
504 +1.059655470e-02 +1.059655470e-02 +3.591059655e+01 +3.591059655e+01 +2.8124e+00 +1.0393e+00
505 +2.502293156e-03 +2.502293156e-03 +3.590250229e+01 +3.590250229e+01 +2.7976e+00 +1.0872e+00
% function evaluation | noise-free fitness - Fopt (3.137000000000e+01) | best noise-free fitness - Fopt | measured fitness | best measured fitness | x1 | x2...
1 +1.213706503e+04 +1.213706503e+04 +1.216843503e+04 +1.216843503e+04 +0.0000e+00 +0.0000e+00
50 +2.009800972e+03 +2.009800972e+03 +2.041170972e+03 +2.041170972e+03 +2.2489e+01 -2.4912e+00
52 +1.800036258e+03 +1.800036258e+03 +1.831406258e+03 +1.831406258e+03 +1.9802e+01 -2.4853e+00
53 +1.047070522e+03 +1.047070522e+03 +1.078440522e+03 +1.078440522e+03 +1.5193e+01 -2.4129e+00
70 +9.429016684e+02 +9.429016684e+02 +9.742716684e+02 +9.742716684e+02 +1.4245e+01 -2.3914e+00
78 +9.308728087e+02 +9.308728087e+02 +9.622428087e+02 +9.622428087e+02 +1.4154e+01 -2.4764e+00
80 +7.445994405e+02 +7.445994405e+02 +7.759694405e+02 +7.759694405e+02 +1.2549e+01 -2.5783e+00
93 +7.048863081e+02 +7.048863081e+02 +7.362563081e+02 +7.362563081e+02 +1.2083e+01 -2.4585e+00
157 +6.890039640e+02 +6.890039640e+02 +7.203739640e+02 +7.203739640e+02 +1.1871e+01 -2.4454e+00
364 +6.744795404e+02 +6.744795404e+02 +7.058495404e+02 +7.058495404e+02 +1.1724e+01 -2.3610e+00
375 +6.555412760e+02 +6.555412760e+02 +6.869112760e+02 +6.869112760e+02 +1.1486e+01 -2.3120e+00
391 +6.446214118e+02 +6.446214118e+02 +6.759914118e+02 +6.759914118e+02 +1.1402e+01 -2.2654e+00
503 +6.304781090e+02 +6.304781090e+02 +6.618481090e+02 +6.618481090e+02 +1.1249e+01 -2.2222e+00
512 +6.161886673e+02 +6.161886673e+02 +6.475586673e+02 +6.475586673e+02 +1.1100e+01 -2.1770e+00
534 +5.791602118e+02 +5.791602118e+02 +6.105302118e+02 +6.105302118e+02 +1.0791e+01 -2.0663e+00
536 +5.646777711e+02 +5.646777711e+02 +5.960477711e+02 +5.960477711e+02 +1.0706e+01 -1.8651e+00
559 +5.178420328e+02 +5.178420328e+02 +5.492120328e+02 +5.492120328e+02 +1.0347e+01 -1.8446e+00
566 +4.943568312e+02 +4.943568312e+02 +5.257268312e+02 +5.257268312e+02 +9.7328e+00 -1.7504e+00
573 +4.644726422e+02 +4.644726422e+02 +4.958426422e+02 +4.958426422e+02 +9.7469e+00 +4.7237e-01
577 +4.475851103e+02 +4.475851103e+02 +4.789551103e+02 +4.789551103e+02 +9.7084e+00 -1.6338e+00
588 +4.337466164e+02 +4.337466164e+02 +4.651166164e+02 +4.651166164e+02 +9.5021e+00 -1.0389e+00
599 +4.231617778e+02 +4.231617778e+02 +4.545317778e+02 +4.545317778e+02 +9.3419e+00 -1.1127e+00
% function evaluation | noise-free fitness - Fopt (-1.000000000000e+03) | best noise-free fitness - Fopt | measured fitness | best measured fitness | x1 | x2...
1 +6.117604822e+04 +6.117604822e+04 +6.017604822e+04 +6.017604822e+04 +0.0000e+00 +0.0000e+00
52 +5.988224241e+04 +5.988224241e+04 +5.888224241e+04 +5.888224241e+04 +3.9972e-01 +6.8380e-01
65 +3.182023526e+04 +3.182023526e+04 +3.082023526e+04 +3.082023526e+04 +8.5785e-01 +6.6766e-01
71 +1.653828474e+01 +1.653828474e+01 -9.834617153e+02 -9.834617153e+02 +2.0523e+00 +6.8063e-01
122 +1.554639257e+01 +1.554639257e+01 -9.844536074e+02 -9.844536074e+02 +1.9917e+00 +6.5010e-01
191 +1.543677845e+01 +1.543677845e+01 -9.845632216e+02 -9.845632216e+02 +1.9862e+00 +6.4247e-01
217 +1.510781069e+01 +1.510781069e+01 -9.848921893e+02 -9.848921893e+02 +1.9736e+00 +6.0860e-01
259 +1.469167322e+01 +1.469167322e+01 -9.853083268e+02 -9.853083268e+02 +1.9717e+00 +5.2515e-01
265 +1.377495112e+01 +1.377495112e+01 -9.862250489e+02 -9.862250489e+02 +1.9313e+00 +3.8764e-01
274 +1.320010550e+01 +1.320010550e+01 -9.867998945e+02 -9.867998945e+02 +1.9521e+00 -1.1821e-03
280 +1.283518918e+01 +1.283518918e+01 -9.871648108e+02 -9.871648108e+02 +1.8391e+00 +2.0455e-01
286 +1.253599591e+01 +1.253599591e+01 -9.874640041e+02 -9.874640041e+02 +1.8234e+00 -7.3937e-01
293 +1.205702775e+01 +1.205702775e+01 -9.879429722e+02 -9.879429722e+02 +1.6739e+00 -1.1641e+00
294 +8.657065120e+00 +8.657065120e+00 -9.913429349e+02 -9.913429349e+02 +1.3797e+00 -5.2222e-01
323 +7.324144600e+00 +7.324144600e+00 -9.926758554e+02 -9.926758554e+02 +1.3187e+00 -8.5678e-01
340 +7.029039927e+00 +7.029039927e+00 -9.929709601e+02 -9.929709601e+02 +1.2865e+00 -9.8285e-01
342 +6.230942171e+00 +6.230942171e+00 -9.937690578e+02 -9.937690578e+02 +1.0693e+00 -1.0516e+00
365 +6.072056648e+00 +6.072056648e+00 -9.939279434e+02 -9.939279434e+02 +1.1196e+00 -1.4251e+00
367 +3.683149336e+00 +3.683149336e+00 -9.963168507e+02 -9.963168507e+02 +8.1079e-01 -2.2156e+00
402 +3.260161236e+00 +3.260161236e+00 -9.967398388e+02 -9.967398388e+02 +7.6316e-01 -1.9292e+00
407 +1.400993589e+00 +1.400993589e+00 -9.985990064e+02 -9.985990064e+02 +4.0379e-01 -2.7367e+00
461 +1.117889966e+00 +1.117889966e+00 -9.988821100e+02 -9.988821100e+02 +3.0056e-01 -2.4776e+00
493 +1.017147146e+00 +1.017147146e+00 -9.989828529e+02 -9.989828529e+02 +2.8404e-01 -2.4945e+00
502 +9.708992387e-01 +9.708992387e-01 -9.990291008e+02 -9.990291008e+02 +2.7673e-01 -2.5036e+00
518 +9.040846753e-01 +9.040846753e-01 -9.990959153e+02 -9.990959153e+02 +2.6479e-01 -2.5165e+00
534 +8.861889843e-01 +8.861889843e-01 -9.991138110e+02 -9.991138110e+02 +2.6360e-01 -2.5261e+00
536 +8.408926852e-01 +8.408926852e-01 -9.991591073e+02 -9.991591073e+02 +2.5391e-01 -2.5371e+00
543 +7.708309954e-01 +7.708309954e-01 -9.992291690e+02 -9.992291690e+02 +2.5271e-01 -2.6320e+00
564 +7.514942300e-01 +7.514942300e-01 -9.992485058e+02 -9.992485058e+02 +2.3071e-01 -2.5944e+00
574 +7.350450099e-01 +7.350450099e-01 -9.992649550e+02 -9.992649550e+02 +2.3056e-01 -2.6770e+00
593 +7.232996106e-01 +7.232996106e-01 -9.992767004e+02 -9.992767004e+02 +2.1374e-01 -2.7141e+00
594 +4.750177832e-01 +4.750177832e-01 -9.995249822e+02 -9.995249822e+02 +1.2931e-01 -2.7661e+00
% function evaluation | noise-free fitness - Fopt (1.319200000000e+02) | best noise-free fitness - Fopt | measured fitness | best measured fitness | x1 | x2...
1 +1.849514788e+01 +1.849514788e+01 +1.504151479e+02 +1.504151479e+02 +0.0000e+00 +0.0000e+00
53 +1.213863673e+01 +1.213863673e+01 +1.440586367e+02 +1.440586367e+02 -4.0167e+00 +1.9239e+00
62 +8.419486688e+00 +8.419486688e+00 +1.403394867e+02 +1.403394867e+02 -3.9988e+00 +1.9239e+00
66 +6.482888521e+00 +6.482888521e+00 +1.384028885e+02 +1.384028885e+02 -3.9887e+00 +1.9209e+00
140 +6.438844748e+00 +6.438844748e+00 +1.383588447e+02 +1.383588447e+02 -3.9982e+00 +1.9217e+00
184 +6.237504954e+00 +6.237504954e+00 +1.381575050e+02 +1.381575050e+02 -4.0020e+00 +1.9212e+00
188 +6.051378483e+00 +6.051378483e+00 +1.379713785e+02 +1.379713785e+02 -4.0046e+00 +1.9204e+00
192 +5.488347186e+00 +5.488347186e+00 +1.374083472e+02 +1.374083472e+02 -4.0057e+00 +1.9188e+00
203 +4.387423360e+00 +4.387423360e+00 +1.363074234e+02 +1.363074234e+02 -4.0030e+00 +1.9183e+00
205 +1.375849288e+00 +1.375849288e+00 +1.332958493e+02 +1.332958493e+02 -3.9986e+00 +1.9094e+00
212 +1.325597636e+00 +1.325597636e+00 +1.332455976e+02 +1.332455976e+02 -3.9907e+00 +1.9148e+00
215 +1.262001975e+00 +1.262001975e+00 +1.331820020e+02 +1.331820020e+02 -4.0017e+00 +1.9050e+00
220 +6.046333160e-01 +6.046333160e-01 +1.325246333e+02 +1.325246333e+02 -3.9880e+00 +1.9133e+00
221 +4.673679349e-02 +4.673679349e-02 +1.319667368e+02 +1.319667368e+02 -3.9926e+00 +1.8506e+00
222 +1.462258291e-02 +1.462258291e-02 +1.319346226e+02 +1.319346226e+02 -3.9883e+00 +1.8810e+00
225 +1.228422903e-02 +1.228422903e-02 +1.319322842e+02 +1.319322842e+02 -3.9861e+00 +1.8830e+00
227 +6.546110658e-03 +6.546110658e-03 +1.319265461e+02 +1.319265461e+02 -3.9548e+00 +1.8859e+00
235 +6.116204894e-03 +6.116204894e-03 +1.319261162e+02 +1.319261162e+02 -3.9349e+00 +1.8874e+00
237 +2.699149364e-03 +2.699149364e-03 +1.319226991e+02 +1.319226991e+02 -3.9463e+00 +1.8976e+00
242 +2.624112642e-03 +2.624112642e-03 +1.319226241e+02 +1.319226241e+02 -3.9605e+00 +1.8948e+00
260 +1.457877895e-03 +1.457877895e-03 +1.319214579e+02 +1.319214579e+02 -3.9654e+00 +1.8995e+00
289 +1.095476135e-03 +1.095476135e-03 +1.319210955e+02 +1.319210955e+02 -3.9757e+00 +1.9016e+00
295 +5.195194994e-04 +5.195194994e-04 +1.319205195e+02 +1.319205195e+02 -3.9780e+00 +1.9045e+00
298 +1.072768224e-04 +1.072768224e-04 +1.319201073e+02 +1.319201073e+02 -3.9769e+00 +1.9082e+00
350 +7.805889891e-05 +7.805889891e-05 +1.319200781e+02 +1.319200781e+02 -3.9785e+00 +1.9083e+00
355 +5.121274023e-05 +5.121274023e-05 +1.319200512e+02 +1.319200512e+02 -3.9798e+00 +1.9088e+00
411 +4.531267771e-05 +4.531267771e-05 +1.319200453e+02 +1.319200453e+02 -3.9794e+00 +1.9089e+00
423 +2.920293485e-05 +2.920293485e-05 +1.319200292e+02 +1.319200292e+02 -3.9803e+00 +1.9092e+00
451 +1.587516940e-05 +1.587516940e-05 +1.319200159e+02 +1.319200159e+02 -3.9821e+00 +1.9096e+00
455 +6.821806551e-06 +6.821806551e-06 +1.319200068e+02 +1.319200068e+02 -3.9812e+00 +1.9099e+00
476 +5.722346259e-06 +5.722346259e-06 +1.319200057e+02 +1.319200057e+02 -3.9814e+00 +1.9099e+00
482 +5.466497925e-06 +5.466497925e-06 +1.319200055e+02 +1.319200055e+02 -3.9815e+00 +1.9099e+00
483 +5.347430829e-06 +5.347430829e-06 +1.319200053e+02 +1.319200053e+02 -3.9816e+00 +1.9099e+00
494 +4.725912589e-06 +4.725912589e-06 +1.319200047e+02 +1.319200047e+02 -3.9816e+00 +1.9100e+00
497 +3.199213552e-06 +3.199213552e-06 +1.319200032e+02 +1.319200032e+02 -3.9821e+00 +1.9101e+00
524 +3.135323368e-06 +3.135323368e-06 +1.319200031e+02 +1.319200031e+02 -3.9819e+00 +1.9101e+00
535 +3.085945025e-06 +3.085945025e-06 +1.319200031e+02 +1.319200031e+02 -3.9818e+00 +1.9101e+00
543 +2.532742883e-06 +2.532742883e-06 +1.319200025e+02 +1.319200025e+02 -3.9819e+00 +1.9101e+00
548 +1.970236639e-06 +1.970236639e-06 +1.319200020e+02 +1.319200020e+02 -3.9818e+00 +1.9101e+00
561 +1.908192615e-06 +1.908192615e-06 +1.319200019e+02 +1.319200019e+02 -3.9820e+00 +1.9101e+00
562 +7.931662367e-07 +7.931662367e-07 +1.319200008e+02 +1.319200008e+02 -3.9821e+00 +1.9102e+00
595 +3.620483540e-07 +3.620483540e-07 +1.319200004e+02 +1.319200004e+02 -3.9822e+00 +1.9103e+00
% function evaluation | noise-free fitness - Fopt (5.908400000000e+02) | best noise-free fitness - Fopt | measured fitness | best measured fitness | x1 | x2...
1 +2.473902553e+04 +2.473902553e+04 +2.532986553e+04 +2.532986553e+04 +0.0000e+00 +0.0000e+00
46 +1.909802066e+04 +1.909802066e+04 +1.968886066e+04 +1.968886066e+04 -3.4214e+00 +3.6469e+00
52 +1.866138650e+04 +1.866138650e+04 +1.925222650e+04 +1.925222650e+04 -3.4277e+00 +3.6240e+00
53 +1.101522487e+04 +1.101522487e+04 +1.160606487e+04 +1.160606487e+04 -3.7847e+00 +3.6220e+00
57 +2.419149943e+02 +2.419149943e+02 +8.327549943e+02 +8.327549943e+02 -8.6255e+00 +3.6290e+00
61 +1.222605216e+02 +1.222605216e+02 +7.131005216e+02 +7.131005216e+02 -6.0892e+00 +4.4380e+00
64 +1.130388385e+02 +1.130388385e+02 +7.038788385e+02 +7.038788385e+02 -5.4542e+00 +3.9781e+00
84 +1.080295962e+02 +1.080295962e+02 +6.988695962e+02 +6.988695962e+02 -5.0084e+00 +2.7479e+00
98 +8.604572816e+01 +8.604572816e+01 +6.768857282e+02 +6.768857282e+02 -4.5630e+00 +3.3790e+00
101 +2.115896551e+01 +2.115896551e+01 +6.119989655e+02 +6.119989655e+02 +8.0908e-01 -5.6088e+00
143 +1.292902167e+01 +1.292902167e+01 +6.037690217e+02 +6.037690217e+02 -7.0657e-01 -1.2069e+00
151 +8.582353367e+00 +8.582353367e+00 +5.994223534e+02 +5.994223534e+02 -2.3675e-01 -1.5797e+00
162 +4.244266770e+00 +4.244266770e+00 +5.950842668e+02 +5.950842668e+02 +3.5164e-01 -2.3473e+00
192 +2.772245819e+00 +2.772245819e+00 +5.936122458e+02 +5.936122458e+02 +5.4929e-01 -2.4079e+00
218 +1.354717612e+00 +1.354717612e+00 +5.921947176e+02 +5.921947176e+02 +8.7756e-01 -2.7977e+00
226 +2.790090542e-02 +2.790090542e-02 +5.908679009e+02 +5.908679009e+02 +1.3893e+00 -3.3150e+00
365 +2.518522790e-02 +2.518522790e-02 +5.908651852e+02 +5.908651852e+02 +1.3825e+00 -3.2838e+00
374 +1.794960024e-02 +1.794960024e-02 +5.908579496e+02 +5.908579496e+02 +1.4235e+00 -3.3672e+00
382 +1.328709171e-02 +1.328709171e-02 +5.908532871e+02 +5.908532871e+02 +1.4004e+00 -3.2877e+00
385 +8.096946586e-03 +8.096946586e-03 +5.908480969e+02 +5.908480969e+02 +1.4401e+00 -3.3688e+00
407 +5.503420653e-03 +5.503420653e-03 +5.908455034e+02 +5.908455034e+02 +1.4164e+00 -3.3034e+00
408 +4.693929138e-03 +4.693929138e-03 +5.908446939e+02 +5.908446939e+02 +1.4224e+00 -3.3215e+00
412 +2.753669101e-03 +2.753669101e-03 +5.908427537e+02 +5.908427537e+02 +1.4255e+00 -3.3135e+00
538 +2.689647848e-03 +2.689647848e-03 +5.908426896e+02 +5.908426896e+02 +1.4258e+00 -3.3140e+00
561 +2.572593256e-03 +2.572593256e-03 +5.908425726e+02 +5.908425726e+02 +1.4265e+00 -3.3149e+00
590 +2.553923003e-03 +2.553923003e-03 +5.908425539e+02 +5.908425539e+02 +1.4266e+00 -3.3147e+00
% function evaluation | noise-free fitness - Fopt (6.231000000000e+01) | best noise-free fitness - Fopt | measured fitness | best measured fitness | x1 | x2...
1 +1.514944849e+01 +1.514944849e+01 +7.745944849e+01 +7.745944849e+01 +0.0000e+00 +0.0000e+00
264 +1.264708208e+01 +1.264708208e+01 +7.495708208e+01 +7.495708208e+01 -2.8875e+00 -2.5447e+00
268 +2.555882080e+00 +2.555882080e+00 +6.486588208e+01 +6.486588208e+01 -1.8602e+00 -2.6529e+00
272 +2.478112583e+00 +2.478112583e+00 +6.478811258e+01 +6.478811258e+01 -1.7652e+00 -2.5729e+00
289 +1.324116256e+00 +1.324116256e+00 +6.363411626e+01 +6.363411626e+01 -1.5260e+00 -2.5609e+00
292 +1.059691952e+00 +1.059691952e+00 +6.336969195e+01 +6.336969195e+01 -1.5178e+00 -2.6005e+00
293 +5.980571056e-01 +5.980571056e-01 +6.290805711e+01 +6.290805711e+01 -1.4020e+00 -2.6126e+00
295 +3.912752726e-01 +3.912752726e-01 +6.270127527e+01 +6.270127527e+01 -1.3227e+00 -2.5940e+00
308 +2.333283631e-01 +2.333283631e-01 +6.254332836e+01 +6.254332836e+01 -1.2601e+00 -2.6006e+00
312 +8.115890409e-02 +8.115890409e-02 +6.239115890e+01 +6.239115890e+01 -1.1810e+00 -2.6068e+00
338 +2.560960348e-02 +2.560960348e-02 +6.233560960e+01 +6.233560960e+01 -1.1242e+00 -2.6084e+00
347 +2.451867754e-02 +2.451867754e-02 +6.233451868e+01 +6.233451868e+01 -1.1095e+00 -2.5989e+00
363 +2.379933634e-02 +2.379933634e-02 +6.233379934e+01 +6.233379934e+01 -1.1068e+00 -2.5981e+00
367 +1.832394196e-02 +1.832394196e-02 +6.232832394e+01 +6.232832394e+01 -1.0989e+00 -2.6006e+00
374 +1.327741504e-02 +1.327741504e-02 +6.232327742e+01 +6.232327742e+01 -1.0912e+00 -2.6040e+00
384 +1.303980880e-02 +1.303980880e-02 +6.232303981e+01 +6.232303981e+01 -1.0980e+00 -2.6082e+00
387 +8.660969855e-03 +8.660969855e-03 +6.231866097e+01 +6.231866097e+01 -1.0928e+00 -2.6132e+00
402 +8.359034982e-03 +8.359034982e-03 +6.231835903e+01 +6.231835903e+01 -1.0787e+00 -2.6094e+00
403 +4.765420189e-03 +4.765420189e-03 +6.231476542e+01 +6.231476542e+01 -1.0842e+00 -2.6190e+00
424 +4.670149810e-03 +4.670149810e-03 +6.231467015e+01 +6.231467015e+01 -1.0858e+00 -2.6204e+00
438 +1.671433225e-03 +1.671433225e-03 +6.231167143e+01 +6.231167143e+01 -1.1010e+00 -2.6367e+00
% function evaluation | noise-free fitness - Fopt (1.000000000000e+03) | best noise-free fitness - Fopt | measured fitness | best measured fitness | x1 | x2...
1 +7.941431273e+00 +7.941431273e+00 +1.007941431e+03 +1.007941431e+03 +0.0000e+00 +0.0000e+00
146 +6.472815713e+00 +6.472815713e+00 +1.006472816e+03 +1.006472816e+03 +8.3600e-01 +7.9991e-01
155 +4.395548453e+00 +4.395548453e+00 +1.004395548e+03 +1.004395548e+03 -2.7366e-01 +4.5349e-01
166 +4.079935349e+00 +4.079935349e+00 +1.004079935e+03 +1.004079935e+03 -2.3954e-01 +4.9779e-01
175 +3.820363151e+00 +3.820363151e+00 +1.003820363e+03 +1.003820363e+03 +2.3252e-01 +6.8852e-01
176 +2.518868480e+00 +2.518868480e+00 +1.002518868e+03 +1.002518868e+03 -1.9678e-01 +8.5934e-01
191 +1.683953488e+00 +1.683953488e+00 +1.001683953e+03 +1.001683953e+03 -5.6059e-01 +9.3696e-01
204 +1.379833011e+00 +1.379833011e+00 +1.001379833e+03 +1.001379833e+03 -5.8169e-01 +1.0676e+00
206 +1.345560840e+00 +1.345560840e+00 +1.001345561e+03 +1.001345561e+03 -6.0840e-01 +1.2075e+00
214 +1.236616189e+00 +1.236616189e+00 +1.001236616e+03 +1.001236616e+03 -1.0714e+00 +1.0814e+00
219 +9.621634123e-01 +9.621634123e-01 +1.000962163e+03 +1.000962163e+03 -7.7324e-01 +1.1748e+00
221 +7.347748941e-01 +7.347748941e-01 +1.000734775e+03 +1.000734775e+03 -1.0301e+00 +1.1825e+00
234 +7.219570911e-01 +7.219570911e-01 +1.000721957e+03 +1.000721957e+03 -9.0712e-01 +1.3478e+00
236 +6.806523058e-01 +6.806523058e-01 +1.000680652e+03 +1.000680652e+03 -1.0176e+00 +1.2387e+00
243 +4.399146364e-01 +4.399146364e-01 +1.000439915e+03 +1.000439915e+03 -1.0723e+00 +1.3252e+00
265 +4.287370781e-01 +4.287370781e-01 +1.000428737e+03 +1.000428737e+03 -1.0795e+00 +1.3309e+00
275 +3.777443559e-01 +3.777443559e-01 +1.000377744e+03 +1.000377744e+03 -1.1733e+00 +1.3378e+00
282 +3.280317132e-01 +3.280317132e-01 +1.000328032e+03 +1.000328032e+03 -1.2015e+00 +1.3642e+00
293 +2.903777411e-01 +2.903777411e-01 +1.000290378e+03 +1.000290378e+03 -1.2077e+00 +1.3915e+00
313 +2.869041223e-01 +2.869041223e-01 +1.000286904e+03 +1.000286904e+03 -1.1939e+00 +1.4269e+00
368 +2.812094898e-01 +2.812094898e-01 +1.000281209e+03 +1.000281209e+03 -1.1985e+00 +1.4397e+00
417 +2.626390850e-01 +2.626390850e-01 +1.000262639e+03 +1.000262639e+03 -1.2151e+00 +1.4436e+00
418 +1.638413302e-01 +1.638413302e-01 +1.000163841e+03 +1.000163841e+03 -1.3297e+00 +1.4434e+00
430 +1.465533530e-01 +1.465533530e-01 +1.000146553e+03 +1.000146553e+03 -1.3654e+00 +1.4576e+00
454 +1.437510728e-01 +1.437510728e-01 +1.000143751e+03 +1.000143751e+03 -1.3881e+00 +1.4553e+00
455 +1.409281329e-01 +1.409281329e-01 +1.000140928e+03 +1.000140928e+03 -1.4781e+00 +1.4582e+00
463 +1.374629321e-01 +1.374629321e-01 +1.000137463e+03 +1.000137463e+03 -1.4758e+00 +1.4602e+00
468 +1.329972611e-01 +1.329972611e-01 +1.000132997e+03 +1.000132997e+03 -1.4358e+00 +1.4601e+00
476 +1.102709985e-01 +1.102709985e-01 +1.000110271e+03 +1.000110271e+03 -1.4068e+00 +1.4781e+00
493 +1.001045965e-01 +1.001045965e-01 +1.000100105e+03 +1.000100105e+03 -1.4055e+00 +1.4869e+00
507 +7.991910642e-02 +7.991910642e-02 +1.000079919e+03 +1.000079919e+03 -1.4792e+00 +1.4953e+00
552 +4.463613039e-02 +4.463613039e-02 +1.000044636e+03 +1.000044636e+03 -1.4813e+00 +1.5458e+00
562 +4.309104642e-02 +4.309104642e-02 +1.000043091e+03 +1.000043091e+03 -1.5071e+00 +1.5327e+00
569 +3.930389962e-02 +3.930389962e-02 +1.000039304e+03 +1.000039304e+03 -1.5483e+00 +1.5398e+00
574 +2.547037509e-02 +2.547037509e-02 +1.000025470e+03 +1.000025470e+03 -1.5951e+00 +1.5577e+00
583 +1.545932524e-02 +1.545932524e-02 +1.000015459e+03 +1.000015459e+03 -1.5929e+00 +1.5717e+00
% function evaluation | noise-free fitness - Fopt (6.536000000000e+02) | best noise-free fitness - Fopt | measured fitness | best measured fitness | x1 | x2...
1 +3.683310702e+03 +3.683310702e+03 +4.336910702e+03 +4.336910702e+03 +0.0000e+00 +0.0000e+00
2 +6.549375477e+00 +6.549375477e+00 +6.601493755e+02 +6.601493755e+02 -3.0019e+00 -4.1743e+00
11 +6.296252966e+00 +6.296252966e+00 +6.598962530e+02 +6.598962530e+02 -3.0436e+00 -4.1735e+00
14 +4.982939868e+00 +4.982939868e+00 +6.585829399e+02 +6.585829399e+02 -3.1896e+00 -4.1803e+00
21 +4.790958049e+00 +4.790958049e+00 +6.583909580e+02 +6.583909580e+02 -3.2001e+00 -4.1712e+00
27 +4.738682462e+00 +4.738682462e+00 +6.583386825e+02 +6.583386825e+02 -3.2337e+00 -4.1961e+00
30 +4.448498808e+00 +4.448498808e+00 +6.580484988e+02 +6.580484988e+02 -3.2441e+00 -4.1732e+00
45 +3.986731805e+00 +3.986731805e+00 +6.575867318e+02 +6.575867318e+02 -3.2660e+00 -4.1291e+00
92 +3.896583296e+00 +3.896583296e+00 +6.574965833e+02 +6.574965833e+02 -3.3054e+00 -4.1503e+00
99 +3.788621186e+00 +3.788621186e+00 +6.573886212e+02 +6.573886212e+02 -3.3157e+00 -4.1436e+00
105 +3.607792007e+00 +3.607792007e+00 +6.572077920e+02 +6.572077920e+02 -3.3533e+00 -4.1337e+00
109 +3.529908229e+00 +3.529908229e+00 +6.571299082e+02 +6.571299082e+02 -3.3147e+00 -4.1080e+00
114 +3.192379006e+00 +3.192379006e+00 +6.567923790e+02 +6.567923790e+02 -3.3312e+00 -4.0805e+00
122 +2.242553404e+00 +2.242553404e+00 +6.558425534e+02 +6.558425534e+02 -3.3271e+00 -3.9023e+00
132 +2.179575174e+00 +2.179575174e+00 +6.557795752e+02 +6.557795752e+02 -3.3283e+00 -3.8945e+00
134 +1.699251536e+00 +1.699251536e+00 +6.552992515e+02 +6.552992515e+02 -3.3312e+00 -3.8409e+00
137 +1.181700737e+00 +1.181700737e+00 +6.547817007e+02 +6.547817007e+02 -3.3211e+00 -3.6930e+00
142 +4.367734833e-01 +4.367734833e-01 +6.540367735e+02 +6.540367735e+02 -3.3291e+00 -3.5230e+00
154 +1.536713023e-01 +1.536713023e-01 +6.537536713e+02 +6.537536713e+02 -3.3109e+00 -3.3790e+00
162 +8.791873162e-02 +8.791873162e-02 +6.536879187e+02 +6.536879187e+02 -3.2632e+00 -3.2948e+00
171 +4.481682238e-02 +4.481682238e-02 +6.536448168e+02 +6.536448168e+02 -3.3085e+00 -3.3018e+00
178 +8.280115232e-03 +8.280115232e-03 +6.536082801e+02 +6.536082801e+02 -3.2973e+00 -3.2365e+00
206 +4.773973206e-03 +4.773973206e-03 +6.536047740e+02 +6.536047740e+02 -3.3041e+00 -3.2378e+00
221 +2.503621168e-03 +2.503621168e-03 +6.536025036e+02 +6.536025036e+02 -3.2983e+00 -3.2193e+00
276 +2.183554025e-03 +2.183554025e-03 +6.536021836e+02 +6.536021836e+02 -3.2990e+00 -3.2160e+00
299 +8.576939342e-04 +8.576939342e-04 +6.536008577e+02 +6.536008577e+02 -3.3076e+00 -3.2204e+00
343 +8.176964686e-04 +8.176964686e-04 +6.536008177e+02 +6.536008177e+02 -3.3080e+00 -3.2207e+00
355 +6.285903120e-04 +6.285903120e-04 +6.536006286e+02 +6.536006286e+02 -3.3095e+00 -3.2227e+00
377 +5.640866760e-04 +5.640866760e-04 +6.536005641e+02 +6.536005641e+02 -3.3099e+00 -3.2227e+00
432 +5.602133704e-04 +5.602133704e-04 +6.536005602e+02 +6.536005602e+02 -3.3099e+00 -3.2221e+00
% function evaluation | noise-free fitness - Fopt (-7.829000000000e+01) | best noise-free fitness - Fopt | measured fitness | best measured fitness | x1 | x2...
1 +1.240192824e+01 +1.240192824e+01 -6.588807176e+01 -6.588807176e+01 +0.0000e+00 +0.0000e+00
296 +1.208579594e+01 +1.208579594e+01 -6.620420406e+01 -6.620420406e+01 +3.5742e-01 -6.1350e-01
307 +1.110159952e+01 +1.110159952e+01 -6.718840048e+01 -6.718840048e+01 -2.3186e-01 -2.3060e-01
310 +3.582078149e+00 +3.582078149e+00 -7.470792185e+01 -7.470792185e+01 -1.6229e+00 -1.5932e+00
327 +3.337622928e+00 +3.337622928e+00 -7.495237707e+01 -7.495237707e+01 -9.8623e-01 -1.8218e+00
333 +3.142811661e+00 +3.142811661e+00 -7.514718834e+01 -7.514718834e+01 -1.0472e+00 -1.7006e+00
335 +2.842340726e+00 +2.842340726e+00 -7.544765927e+01 -7.544765927e+01 -1.1184e+00 -1.7531e+00
347 +1.997423146e+00 +1.997423146e+00 -7.629257685e+01 -7.629257685e+01 -1.4717e+00 -1.9239e+00
356 +1.586472661e+00 +1.586472661e+00 -7.670352734e+01 -7.670352734e+01 -1.4353e+00 -2.1446e+00
464 +1.534644750e+00 +1.534644750e+00 -7.675535525e+01 -7.675535525e+01 -1.5679e+00 -2.0193e+00
474 +1.475780700e+00 +1.475780700e+00 -7.681421930e+01 -7.681421930e+01 -1.4905e+00 -2.1027e+00
487 +1.408490887e+00 +1.408490887e+00 -7.688150911e+01 -7.688150911e+01 -1.5286e+00 -2.1233e+00
489 +1.379506583e+00 +1.379506583e+00 -7.691049342e+01 -7.691049342e+01 -1.6183e+00 -2.1071e+00
516 +1.150977689e+00 +1.150977689e+00 -7.713902231e+01 -7.713902231e+01 -1.6994e+00 -2.2448e+00
525 +1.122396690e+00 +1.122396690e+00 -7.716760331e+01 -7.716760331e+01 -1.7271e+00 -2.2406e+00
530 +9.674817763e-01 +9.674817763e-01 -7.732251822e+01 -7.732251822e+01 -1.7603e+00 -2.2738e+00
536 +8.578725671e-01 +8.578725671e-01 -7.743212743e+01 -7.743212743e+01 -1.7412e+00 -2.3289e+00
537 +7.135586614e-01 +7.135586614e-01 -7.757644134e+01 -7.757644134e+01 -1.9666e+00 -2.4130e+00
566 +6.854641439e-01 +6.854641439e-01 -7.760453586e+01 -7.760453586e+01 -1.9416e+00 -2.4286e+00
575 +6.679145538e-01 +6.679145538e-01 -7.762208545e+01 -7.762208545e+01 -1.8654e+00 -2.4685e+00
577 +4.591573437e-01 +4.591573437e-01 -7.783084266e+01 -7.783084266e+01 -1.9211e+00 -2.5652e+00
584 +4.530537625e-01 +4.530537625e-01 -7.783694624e+01 -7.783694624e+01 -1.9179e+00 -2.6099e+00
590 +4.403490025e-01 +4.403490025e-01 -7.784965100e+01 -7.784965100e+01 -1.9246e+00 -2.6104e+00
593 +4.333129079e-01 +4.333129079e-01 -7.785668709e+01 -7.785668709e+01 -1.9289e+00 -2.6103e+00
599 +4.212839385e-01 +4.212839385e-01 -7.786871606e+01 -7.786871606e+01 -1.9411e+00 -2.5920e+00
% function evaluation | noise-free fitness - Fopt (-4.164000000000e+01) | best noise-free fitness - Fopt | measured fitness | best measured fitness | x1 | x2...
1 +2.096641713e+04 +2.096641713e+04 +2.092477713e+04 +2.092477713e+04 +0.0000e+00 +0.0000e+00
2 +2.179945923e+03 +2.179945923e+03 +2.138305923e+03 +2.138305923e+03 +2.9342e+00 -2.3056e+00
12 +1.998404440e+03 +1.998404440e+03 +1.956764440e+03 +1.956764440e+03 +2.9292e+00 -2.3529e+00
23 +1.960669395e+03 +1.960669395e+03 +1.919029395e+03 +1.919029395e+03 +2.9237e+00 -2.3776e+00
28 +6.835375585e+02 +6.835375585e+02 +6.418975585e+02 +6.418975585e+02 +2.8546e+00 -2.6673e+00
34 +1.269450890e+02 +1.269450890e+02 +8.530508901e+01 +8.530508901e+01 +2.8916e+00 -2.8911e+00
43 +7.450431793e+00 +7.450431793e+00 -3.418956821e+01 -3.418956821e+01 +2.9072e+00 -3.0950e+00
53 +6.847996846e+00 +6.847996846e+00 -3.479200315e+01 -3.479200315e+01 +2.9762e+00 -3.2456e+00
73 +5.075498189e+00 +5.075498189e+00 -3.656450181e+01 -3.656450181e+01 +3.1350e+00 -3.1623e+00
87 +5.009878389e-01 +5.009878389e-01 -4.113901216e+01 -4.113901216e+01 +3.7018e+00 -3.3042e+00
104 +4.310857305e-01 +4.310857305e-01 -4.120891427e+01 -4.120891427e+01 +3.7240e+00 -3.3755e+00
108 +1.770684979e-01 +1.770684979e-01 -4.146293150e+01 -4.146293150e+01 +3.7966e+00 -3.2871e+00
124 +1.512095458e-01 +1.512095458e-01 -4.148879045e+01 -4.148879045e+01 +3.8199e+00 -3.3582e+00
169 +1.397118661e-02 +1.397118661e-02 -4.162602881e+01 -4.162602881e+01 +3.8954e+00 -3.2719e+00
221 +1.086766425e-02 +1.086766425e-02 -4.162913234e+01 -4.162913234e+01 +3.8876e+00 -3.2097e+00
225 +1.809331410e-03 +1.809331410e-03 -4.163819067e+01 -4.163819067e+01 +3.9056e+00 -3.2217e+00
247 +1.240898171e-03 +1.240898171e-03 -4.163875910e+01 -4.163875910e+01 +3.9083e+00 -3.2239e+00
262 +8.021267533e-04 +8.021267533e-04 -4.163919787e+01 -4.163919787e+01 +3.9082e+00 -3.2146e+00
267 +6.331298355e-04 +6.331298355e-04 -4.163936687e+01 -4.163936687e+01 +3.9087e+00 -3.2138e+00
269 +5.419669604e-04 +5.419669604e-04 -4.163945803e+01 -4.163945803e+01 +3.9094e+00 -3.2158e+00
271 +3.304187286e-04 +3.304187286e-04 -4.163966958e+01 -4.163966958e+01 +3.9108e+00 -3.2158e+00
272 +1.260178674e-04 +1.260178674e-04 -4.163987398e+01 -4.163987398e+01 +3.9129e+00 -3.2147e+00
292 +1.205307962e-04 +1.205307962e-04 -4.163987947e+01 -4.163987947e+01 +3.9123e+00 -3.2133e+00
296 +1.022766837e-04 +1.022766837e-04 -4.163989772e+01 -4.163989772e+01 +3.9130e+00 -3.2143e+00
303 +9.876728674e-05 +9.876728674e-05 -4.163990123e+01 -4.163990123e+01 +3.9134e+00 -3.2146e+00
304 +2.406063406e-05 +2.406063406e-05 -4.163997594e+01 -4.163997594e+01 +3.9130e+00 -3.2103e+00
307 +9.950405186e-06 +9.950405186e-06 -4.163999005e+01 -4.163999005e+01 +3.9131e+00 -3.2089e+00
343 +9.218649552e-06 +9.218649552e-06 -4.163999078e+01 -4.163999078e+01 +3.9131e+00 -3.2090e+00
357 +8.697376664e-06 +8.697376664e-06 -4.163999130e+01 -4.163999130e+01 +3.9131e+00 -3.2092e+00
364 +4.430555570e-06 +4.430555570e-06 -4.163999557e+01 -4.163999557e+01 +3.9133e+00 -3.2093e+00
374 +3.139650055e-06 +3.139650055e-06 -4.163999686e+01 -4.163999686e+01 +3.9133e+00 -3.2090e+00
395 +1.711314688e-06 +1.711314688e-06 -4.163999829e+01 -4.163999829e+01 +3.9135e+00 -3.2093e+00
405 +5.515143044e-07 +5.515143044e-07 -4.163999945e+01 -4.163999945e+01 +3.9136e+00 -3.2091e+00
433 +5.140767811e-07 +5.140767811e-07 -4.163999949e+01 -4.163999949e+01 +3.9136e+00 -3.2091e+00
436 +3.635846610e-07 +3.635846610e-07 -4.163999964e+01 -4.163999964e+01 +3.9136e+00 -3.2090e+00
443 +1.049774951e-07 +1.049774951e-07 -4.163999990e+01 -4.163999990e+01 +3.9136e+00 -3.2089e+00
447 +6.152058063e-08 +6.152058063e-08 -4.163999994e+01 -4.163999994e+01 +3.9136e+00 -3.2088e+00
452 +5.451619245e-08 +5.451619245e-08 -4.163999995e+01 -4.163999995e+01 +3.9136e+00 -3.2089e+00
458 +2.196078697e-08 +2.196078697e-08 -4.163999998e+01 -4.163999998e+01 +3.9136e+00 -3.2088e+00
467 +2.073188909e-08 +2.073188909e-08 -4.163999998e+01 -4.163999998e+01 +3.9136e+00 -3.2088e+00
477 +1.688367490e-08 +1.688367490e-08 -4.163999998e+01 -4.163999998e+01 +3.9136e+00 -3.2088e+00
491 +1.093189184e-08 +1.093189184e-08 -4.163999999e+01 -4.163999999e+01 +3.9136e+00 -3.2088e+00
503 +8.605354651e-09 +8.605354651e-09 -4.163999999e+01 -4.163999999e+01 +3.9136e+00 -3.2088e+00
% function evaluation | noise-free fitness - Fopt (1.344400000000e+02) | best noise-free fitness - Fopt | measured fitness | best measured fitness | x1 | x2...
1 +4.426510157e+01 +4.426510157e+01 +1.787051016e+02 +1.787051016e+02 +0.0000e+00 +0.0000e+00
408 +4.237557650e+01 +4.237557650e+01 +1.768155765e+02 +1.768155765e+02 -3.3231e-01 +5.0141e-02
410 +2.391800236e+01 +2.391800236e+01 +1.583580024e+02 +1.583580024e+02 +3.5826e+00 +1.5091e+00
425 +1.589961153e+01 +1.589961153e+01 +1.503396115e+02 +1.503396115e+02 +7.8434e-01 +1.2208e+00
440 +1.507732994e+01 +1.507732994e+01 +1.495173299e+02 +1.495173299e+02 +3.8058e-01 +1.1875e+00
445 +7.112433352e+00 +7.112433352e+00 +1.415524334e+02 +1.415524334e+02 +2.9934e-02 +1.6611e+00
456 +5.774360843e-01 +5.774360843e-01 +1.350174361e+02 +1.350174361e+02 +4.2260e-01 +2.4629e+00
497 +1.253204443e-01 +1.253204443e-01 +1.345653204e+02 +1.345653204e+02 +6.1653e-01 +2.6150e+00
% function evaluation | noise-free fitness - Fopt (-6.396000000000e+01) | best noise-free fitness - Fopt | measured fitness | best measured fitness | x1 | x2...
1 +6.845230818e+04 +6.845230818e+04 +6.838834818e+04 +6.838834818e+04 +0.0000e+00 +0.0000e+00
55 +6.557659482e+04 +6.557659482e+04 +6.551263482e+04 +6.551263482e+04 -1.3649e+00 +5.7822e+00
58 +6.284360780e+04 +6.284360780e+04 +6.277964780e+04 +6.277964780e+04 -2.5131e-01 +1.8106e+00
60 +4.396293652e+03 +4.396293652e+03 +4.332333652e+03 +4.332333652e+03 +7.3917e-01 +2.8540e+00
63 +4.431002859e+01 +4.431002859e+01 -1.964997141e+01 -1.964997141e+01 +1.0588e+00 +6.2601e+00
70 +2.635678996e+01 +2.635678996e+01 -3.760321004e+01 -3.760321004e+01 +9.1479e-01 +3.9459e+00
90 +2.422673686e+01 +2.422673686e+01 -3.973326314e+01 -3.973326314e+01 +3.6784e+00 +1.3835e+00
93 +1.560426347e+01 +1.560426347e+01 -4.835573653e+01 -4.835573653e+01 +2.3211e+00 +2.8434e+00
95 +1.224746670e+01 +1.224746670e+01 -5.171253330e+01 -5.171253330e+01 +2.9875e+00 +8.7974e-01
101 +1.677939230e+00 +1.677939230e+00 -6.228206077e+01 -6.228206077e+01 +2.1055e+00 -3.3824e-01
117 +1.269063264e+00 +1.269063264e+00 -6.269093674e+01 -6.269093674e+01 +2.5024e+00 -1.1238e+00
130 +3.809583928e-01 +3.809583928e-01 -6.357904161e+01 -6.357904161e+01 +2.3000e+00 -1.1817e+00
170 +1.521213860e-01 +1.521213860e-01 -6.380787861e+01 -6.380787861e+01 +2.2332e+00 -1.3413e+00
188 +7.574690393e-02 +7.574690393e-02 -6.388425310e+01 -6.388425310e+01 +2.2703e+00 -1.4955e+00
223 +5.192047575e-02 +5.192047575e-02 -6.390807952e+01 -6.390807952e+01 +2.2062e+00 -1.5190e+00
239 +4.491397755e-02 +4.491397755e-02 -6.391508602e+01 -6.391508602e+01 +2.2125e+00 -1.5233e+00
244 +4.159707242e-02 +4.159707242e-02 -6.391840293e+01 -6.391840293e+01 +2.2396e+00 -1.5265e+00
247 +2.589083104e-02 +2.589083104e-02 -6.393410917e+01 -6.393410917e+01 +2.2336e+00 -1.5601e+00
276 +5.514474896e-03 +5.514474896e-03 -6.395448553e+01 -6.395448553e+01 +2.2613e+00 -1.6594e+00
291 +4.683469305e-03 +4.683469305e-03 -6.395531653e+01 -6.395531653e+01 +2.2455e+00 -1.6411e+00
294 +4.599100382e-03 +4.599100382e-03 -6.395540090e+01 -6.395540090e+01 +2.2466e+00 -1.6442e+00
303 +4.553671401e-03 +4.553671401e-03 -6.395544633e+01 -6.395544633e+01 +2.2477e+00 -1.6453e+00
318 +4.394550767e-03 +4.394550767e-03 -6.395560545e+01 -6.395560545e+01 +2.2448e+00 -1.6462e+00
327 +4.348686743e-03 +4.348686743e-03 -6.395565131e+01 -6.395565131e+01 +2.2472e+00 -1.6468e+00
345 +4.181007333e-03 +4.181007333e-03 -6.395581899e+01 -6.395581899e+01 +2.2462e+00 -1.6474e+00
353 +3.983231050e-03 +3.983231050e-03 -6.395601677e+01 -6.395601677e+01 +2.2469e+00 -1.6484e+00
354 +2.623433072e-03 +2.623433072e-03 -6.395737657e+01 -6.395737657e+01 +2.2469e+00 -1.6547e+00
362 +2.536986097e-03 +2.536986097e-03 -6.395746301e+01 -6.395746301e+01 +2.2463e+00 -1.6558e+00
363 +1.089009364e-03 +1.089009364e-03 -6.395891099e+01 -6.395891099e+01 +2.2481e+00 -1.6704e+00
380 +6.808106917e-04 +6.808106917e-04 -6.395931919e+01 -6.395931919e+01 +2.2466e+00 -1.6756e+00
384 +3.126245851e-04 +3.126245851e-04 -6.395968738e+01 -6.395968738e+01 +2.2475e+00 -1.6812e+00
399 +1.453008901e-04 +1.453008901e-04 -6.395985470e+01 -6.395985470e+01 +2.2475e+00 -1.6858e+00
441 +1.069952353e-04 +1.069952353e-04 -6.395989300e+01 -6.395989300e+01 +2.2490e+00 -1.6869e+00
448 +8.753822079e-05 +8.753822079e-05 -6.395991246e+01 -6.395991246e+01 +2.2481e+00 -1.6873e+00
453 +2.950811028e-05 +2.950811028e-05 -6.395997049e+01 -6.395997049e+01 +2.2486e+00 -1.6898e+00
468 +2.703525602e-05 +2.703525602e-05 -6.395997296e+01 -6.395997296e+01 +2.2485e+00 -1.6901e+00
493 +3.435232522e-06 +3.435232522e-06 -6.395999656e+01 -6.395999656e+01 +2.2488e+00 -1.6919e+00
534 +8.778790317e-07 +8.778790317e-07 -6.395999912e+01 -6.395999912e+01 +2.2489e+00 -1.6925e+00
544 +7.137590430e-07 +7.137590430e-07 -6.395999929e+01 -6.395999929e+01 +2.2488e+00 -1.6924e+00
546 +1.955136071e-07 +1.955136071e-07 -6.395999980e+01 -6.395999980e+01 +2.2488e+00 -1.6926e+00
578 +1.922476471e-07 +1.922476471e-07 -6.395999981e+01 -6.395999981e+01 +2.2488e+00 -1.6926e+00
584 +1.829405107e-07 +1.829405107e-07 -6.395999982e+01 -6.395999982e+01 +2.2488e+00 -1.6926e+00
586 +1.680104660e-07 +1.680104660e-07 -6.395999983e+01 -6.395999983e+01 +2.2488e+00 -1.6926e+00
591 +9.989732064e-08 +9.989732064e-08 -6.395999990e+01 -6.395999990e+01 +2.2488e+00 -1.6927e+00
% function evaluation | noise-free fitness - Fopt (1.000000000000e+03) | best noise-free fitness - Fopt | measured fitness | best measured fitness | x1 | x2...
1 +2.360773461e+05 +2.360773461e+05 +2.370773461e+05 +2.370773461e+05 +0.0000e+00 +0.0000e+00
84 +1.197356361e+03 +1.197356361e+03 +2.197356361e+03 +2.197356361e+03 +2.5972e+00 -1.9564e+01
92 +3.962170488e+02 +3.962170488e+02 +1.396217049e+03 +1.396217049e+03 +1.9158e+00 -1.1563e+01
93 +1.078118141e+02 +1.078118141e+02 +1.107811814e+03 +1.107811814e+03 -4.9807e-01 -7.1587e+00
113 +5.871858388e+01 +5.871858388e+01 +1.058718584e+03 +1.058718584e+03 -7.4347e-01 -6.0530e+00
122 +4.491368577e+01 +4.491368577e+01 +1.044913686e+03 +1.044913686e+03 -1.6131e+00 -5.6326e+00
131 +4.432171203e+01 +4.432171203e+01 +1.044321712e+03 +1.044321712e+03 +1.1635e+00 -5.5288e+00
133 +1.264164509e+01 +1.264164509e+01 +1.012641645e+03 +1.012641645e+03 -1.6668e-01 -4.3190e+00
134 +6.815100749e+00 +6.815100749e+00 +1.006815101e+03 +1.006815101e+03 +4.4390e-02 -3.7286e+00
149 +6.651119795e+00 +6.651119795e+00 +1.006651120e+03 +1.006651120e+03 +8.1845e-02 -3.8543e+00
156 +5.089795222e+00 +5.089795222e+00 +1.005089795e+03 +1.005089795e+03 +1.6139e-02 -3.7203e+00
195 +4.415797403e+00 +4.415797403e+00 +1.004415797e+03 +1.004415797e+03 -2.7551e-01 -3.7044e+00
208 +3.983335446e+00 +3.983335446e+00 +1.003983335e+03 +1.003983335e+03 -7.3560e-01 -3.6941e+00
212 +3.953095797e+00 +3.953095797e+00 +1.003953096e+03 +1.003953096e+03 -4.6695e-01 -3.6741e+00
221 +3.123823553e+00 +3.123823553e+00 +1.003123824e+03 +1.003123824e+03 -7.3462e-01 -3.6112e+00
228 +3.073889936e+00 +3.073889936e+00 +1.003073890e+03 +1.003073890e+03 -5.8348e-01 -3.5973e+00
234 +2.722912724e+00 +2.722912724e+00 +1.002722913e+03 +1.002722913e+03 -7.9209e-01 -3.5707e+00
255 +2.581334475e+00 +2.581334475e+00 +1.002581334e+03 +1.002581334e+03 -7.7589e-01 -3.5469e+00
256 +2.430092326e+00 +2.430092326e+00 +1.002430092e+03 +1.002430092e+03 -6.7879e-01 -3.5114e+00
269 +1.346442385e+00 +1.346442385e+00 +1.001346442e+03 +1.001346442e+03 -1.0990e+00 -3.3771e+00
271 +9.127162247e-01 +9.127162247e-01 +1.000912716e+03 +1.000912716e+03 -7.7451e-01 -3.3138e+00
272 +4.058575976e-01 +4.058575976e-01 +1.000405858e+03 +1.000405858e+03 -1.2075e+00 -3.2040e+00
282 +3.590462544e-01 +3.590462544e-01 +1.000359046e+03 +1.000359046e+03 -1.0126e+00 -3.1932e+00
286 +2.402694263e-01 +2.402694263e-01 +1.000240269e+03 +1.000240269e+03 -1.0116e+00 -3.1591e+00
296 +3.088761014e-02 +3.088761014e-02 +1.000030888e+03 +1.000030888e+03 -1.0077e+00 -3.0617e+00
307 +1.834160873e-02 +1.834160873e-02 +1.000018342e+03 +1.000018342e+03 -1.0301e+00 -3.0509e+00
337 +4.196306704e-03 +4.196306704e-03 +1.000004196e+03 +1.000004196e+03 -1.0577e+00 -3.0299e+00
415 +3.222248651e-03 +3.222248651e-03 +1.000003222e+03 +1.000003222e+03 -1.0406e+00 -3.0300e+00
417 +1.763568097e-03 +1.763568097e-03 +1.000001764e+03 +1.000001764e+03 -1.0384e+00 -3.0262e+00
423 +8.798045047e-04 +8.798045047e-04 +1.000000880e+03 +1.000000880e+03 -1.0456e+00 -3.0227e+00
433 +8.709557445e-04 +8.709557445e-04 +1.000000871e+03 +1.000000871e+03 -1.0467e+00 -3.0225e+00
434 +5.367623487e-05 +5.367623487e-05 +1.000000054e+03 +1.000000054e+03 -1.0390e+00 -3.0181e+00
546 +4.485653517e-05 +4.485653517e-05 +1.000000045e+03 +1.000000045e+03 -1.0404e+00 -3.0179e+00
548 +3.142113621e-05 +3.142113621e-05 +1.000000031e+03 +1.000000031e+03 -1.0419e+00 -3.0174e+00
549 +3.038518605e-05 +3.038518605e-05 +1.000000030e+03 +1.000000030e+03 -1.0414e+00 -3.0175e+00
555 +2.940657737e-05 +2.940657737e-05 +1.000000029e+03 +1.000000029e+03 -1.0417e+00 -3.0173e+00
562 +2.859231222e-05 +2.859231222e-05 +1.000000029e+03 +1.000000029e+03 -1.0413e+00 -3.0174e+00
570 +2.656349420e-05 +2.656349420e-05 +1.000000027e+03 +1.000000027e+03 -1.0413e+00 -3.0174e+00
571 +2.267173102e-05 +2.267173102e-05 +1.000000023e+03 +1.000000023e+03 -1.0412e+00 -3.0173e+00
574 +1.923520483e-05 +1.923520483e-05 +1.000000019e+03 +1.000000019e+03 -1.0414e+00 -3.0171e+00
584 +6.711625019e-06 +6.711625019e-06 +1.000000007e+03 +1.000000007e+03 -1.0391e+00 -3.0172e+00
% function evaluation | noise-free fitness - Fopt (4.519100000000e+02) | best noise-free fitness - Fopt | measured fitness | best measured fitness | x1 | x2...
1 +5.960888444e+04 +5.960888444e+04 +6.006079444e+04 +6.006079444e+04 +0.0000e+00 +0.0000e+00
2 +1.888804695e+04 +1.888804695e+04 +1.933995695e+04 +1.933995695e+04 -4.2934e+00 +2.6859e-01
12 +1.824960820e+04 +1.824960820e+04 +1.870151820e+04 +1.870151820e+04 -4.3058e+00 +2.4430e-01
30 +1.773602030e+04 +1.773602030e+04 +1.818793030e+04 +1.818793030e+04 -4.2941e+00 +2.2280e-01
43 +1.707400187e+04 +1.707400187e+04 +1.752591187e+04 +1.752591187e+04 -4.3164e+00 +2.0329e-01
52 +1.616339380e+04 +1.616339380e+04 +1.661530380e+04 +1.661530380e+04 -4.2982e+00 +1.7643e-01
63 +1.578355409e+04 +1.578355409e+04 +1.623546409e+04 +1.623546409e+04 -4.2908e+00 +1.6636e-01
66 +1.539225136e+04 +1.539225136e+04 +1.584416136e+04 +1.584416136e+04 -4.3039e+00 +1.5872e-01
72 +1.509827534e+04 +1.509827534e+04 +1.555018534e+04 +1.555018534e+04 -4.2902e+00 +1.5042e-01
81 +1.422926582e+04 +1.422926582e+04 +1.468117582e+04 +1.468117582e+04 -4.2977e+00 +1.3144e-01
83 +1.396668348e+04 +1.396668348e+04 +1.441859348e+04 +1.441859348e+04 -4.3013e+00 +1.2571e-01
84 +1.338076466e+04 +1.338076466e+04 +1.383267466e+04 +1.383267466e+04 -4.2964e+00 +1.1080e-01
88 +6.785717853e+03 +6.785717853e+03 +7.237627853e+03 +7.237627853e+03 -4.2902e+00 -1.0815e-01
96 +4.637157211e+03 +4.637157211e+03 +5.089067211e+03 +5.089067211e+03 -4.2724e+00 -1.8271e-01
101 +3.901175191e+03 +3.901175191e+03 +4.353085191e+03 +4.353085191e+03 -4.3101e+00 -2.0462e-01
102 +2.094353036e+03 +2.094353036e+03 +2.546263036e+03 +2.546263036e+03 -4.2869e+00 -1.4695e+00
105 +1.478662138e+03 +1.478662138e+03 +1.930572138e+03 +1.930572138e+03 -4.7186e+00 -3.1587e-01
116 +5.899025883e-01 +5.899025883e-01 +4.524999026e+02 +4.524999026e+02 -4.5792e+00 -7.2342e-01
185 +4.965338926e-01 +4.965338926e-01 +4.524065339e+02 +4.524065339e+02 -4.6212e+00 -6.3924e-01
188 +3.924806477e-01 +3.924806477e-01 +4.523024806e+02 +4.523024806e+02 -4.5266e+00 -6.4581e-01
194 +2.857042663e-01 +2.857042663e-01 +4.521957043e+02 +4.521957043e+02 -4.4257e+00 -6.4360e-01
204 +2.694500189e-01 +2.694500189e-01 +4.521794500e+02 +4.521794500e+02 -4.4127e+00 -6.3945e-01
206 +1.416946466e-01 +1.416946466e-01 +4.520516946e+02 +4.520516946e+02 -4.2467e+00 -6.4253e-01
217 +9.937166888e-02 +9.937166888e-02 +4.520093717e+02 +4.520093717e+02 -4.2123e+00 -6.3047e-01
220 +8.138740650e-02 +8.138740650e-02 +4.519913874e+02 +4.519913874e+02 -4.1711e+00 -6.4051e-01
228 +6.323865111e-02 +6.323865111e-02 +4.519732387e+02 +4.519732387e+02 -4.1337e+00 -6.3124e-01
231 +4.579570428e-02 +4.579570428e-02 +4.519557957e+02 +4.519557957e+02 -4.1052e+00 -6.3324e-01
248 +3.536165780e-02 +3.536165780e-02 +4.519453617e+02 +4.519453617e+02 -4.0902e+00 -6.0864e-01
257 +1.895194037e-02 +1.895194037e-02 +4.519289519e+02 +4.519289519e+02 -4.0280e+00 -6.2412e-01
276 +9.541801051e-03 +9.541801051e-03 +4.519195418e+02 +4.519195418e+02 -4.0083e+00 -6.1429e-01
286 +5.122077296e-04 +5.122077296e-04 +4.519105122e+02 +4.519105122e+02 -3.9527e+00 -6.0399e-01
317 +6.295310357e-05 +6.295310357e-05 +4.519100630e+02 +4.519100630e+02 -3.9406e+00 -6.0374e-01
338 +2.943671228e-05 +2.943671228e-05 +4.519100294e+02 +4.519100294e+02 -3.9398e+00 -6.0325e-01
351 +2.847612626e-05 +2.847612626e-05 +4.519100285e+02 +4.519100285e+02 -3.9411e+00 -6.0276e-01
357 +1.513361593e-05 +1.513361593e-05 +4.519100151e+02 +4.519100151e+02 -3.9404e+00 -6.0243e-01
372 +1.822908871e-06 +1.822908871e-06 +4.519100018e+02 +4.519100018e+02 -3.9390e+00 -6.0235e-01
387 +1.078776108e-06 +1.078776108e-06 +4.519100011e+02 +4.519100011e+02 -3.9389e+00 -6.0247e-01
458 +4.940514486e-07 +4.940514486e-07 +4.519100005e+02 +4.519100005e+02 -3.9387e+00 -6.0238e-01
474 +3.777586244e-07 +3.777586244e-07 +4.519100004e+02 +4.519100004e+02 -3.9387e+00 -6.0238e-01
475 +3.713037700e-07 +3.713037700e-07 +4.519100004e+02 +4.519100004e+02 -3.9386e+00 -6.0237e-01
493 +3.501934316e-07 +3.501934316e-07 +4.519100004e+02 +4.519100004e+02 -3.9387e+00 -6.0239e-01
515 +3.426321769e-07 +3.426321769e-07 +4.519100003e+02 +4.519100003e+02 -3.9387e+00 -6.0240e-01
519 +3.332688721e-07 +3.332688721e-07 +4.519100003e+02 +4.519100003e+02 -3.9386e+00 -6.0241e-01
522 +2.870349363e-07 +2.870349363e-07 +4.519100003e+02 +4.519100003e+02 -3.9386e+00 -6.0242e-01
529 +2.465951638e-07 +2.465951638e-07 +4.519100002e+02 +4.519100002e+02 -3.9385e+00 -6.0245e-01
536 +2.439647915e-07 +2.439647915e-07 +4.519100002e+02 +4.519100002e+02 -3.9386e+00 -6.0243e-01
540 +2.055934374e-07 +2.055934374e-07 +4.519100002e+02 +4.519100002e+02 -3.9386e+00 -6.0244e-01
542 +1.442077178e-07 +1.442077178e-07 +4.519100001e+02 +4.519100001e+02 -3.9385e+00 -6.0244e-01
553 +1.134206400e-07 +1.134206400e-07 +4.519100001e+02 +4.519100001e+02 -3.9385e+00 -6.0244e-01
568 +1.116169983e-07 +1.116169983e-07 +4.519100001e+02 +4.519100001e+02 -3.9385e+00 -6.0244e-01
572 +1.069000177e-07 +1.069000177e-07 +4.519100001e+02 +4.519100001e+02 -3.9385e+00 -6.0244e-01
% function evaluation | noise-free fitness - Fopt (-2.415900000000e+02) | best noise-free fitness - Fopt | measured fitness | best measured fitness | x1 | x2...
1 +6.998078352e+01 +6.998078352e+01 -1.716092165e+02 -1.716092165e+02 +0.0000e+00 +0.0000e+00
2 +5.149417243e+01 +5.149417243e+01 -1.900958276e+02 -1.900958276e+02 -5.3139e-02 +5.7746e-01
9 +4.997145126e+01 +4.997145126e+01 -1.916185487e+02 -1.916185487e+02 +5.6511e-02 +6.0997e-01
12 +4.885069176e+01 +4.885069176e+01 -1.927393082e+02 -1.927393082e+02 +1.4299e-02 +6.4911e-01
14 +4.662770581e+01 +4.662770581e+01 -1.949622942e+02 -1.949622942e+02 +4.7287e-02 +7.2103e-01
21 +3.482745745e+01 +3.482745745e+01 -2.067625426e+02 -2.067625426e+02 -2.0815e-02 +1.1923e+00
26 +1.250491982e+01 +1.250491982e+01 -2.290850802e+02 -2.290850802e+02 -3.0123e-02 +2.2162e+00
35 +1.111577919e+01 +1.111577919e+01 -2.304742208e+02 -2.304742208e+02 +2.9910e-02 +2.3559e+00
40 +7.474995036e+00 +7.474995036e+00 -2.341150050e+02 -2.341150050e+02 -3.2561e-02 +2.5331e+00
42 +3.247904592e+00 +3.247904592e+00 -2.383420954e+02 -2.383420954e+02 -2.5140e-02 +3.0604e+00
44 +2.454260117e+00 +2.454260117e+00 -2.391357399e+02 -2.391357399e+02 -1.8416e-01 +3.2011e+00
134 +1.380454958e+00 +1.380454958e+00 -2.402095450e+02 -2.402095450e+02 -4.6262e-01 +3.3637e+00
149 +1.299766718e+00 +1.299766718e+00 -2.402902333e+02 -2.402902333e+02 -6.4595e-01 +3.3463e+00
153 +1.101372094e+00 +1.101372094e+00 -2.404886279e+02 -2.404886279e+02 -5.9683e-01 +3.4517e+00
166 +4.730892331e-01 +4.730892331e-01 -2.411169108e+02 -2.411169108e+02 -1.0852e+00 +3.4551e+00
190 +3.741755750e-01 +3.741755750e-01 -2.412158244e+02 -2.412158244e+02 -1.1100e+00 +3.5038e+00
199 +3.269938733e-01 +3.269938733e-01 -2.412630061e+02 -2.412630061e+02 -1.1315e+00 +3.5226e+00
203 +3.095713978e-01 +3.095713978e-01 -2.412804286e+02 -2.412804286e+02 -1.1029e+00 +3.5527e+00
230 +2.878382920e-01 +2.878382920e-01 -2.413021617e+02 -2.413021617e+02 -1.2570e+00 +3.5068e+00
234 +2.722126892e-01 +2.722126892e-01 -2.413177873e+02 -2.413177873e+02 -1.1732e+00 +3.5354e+00
236 +1.555476873e-01 +1.555476873e-01 -2.414344523e+02 -2.414344523e+02 -1.4001e+00 +3.5512e+00
242 +3.259553393e-02 +3.259553393e-02 -2.415574045e+02 -2.415574045e+02 -1.5496e+00 +3.6288e+00
262 +1.724807784e-02 +1.724807784e-02 -2.415727519e+02 -2.415727519e+02 -1.5764e+00 +3.6454e+00
269 +1.484105542e-02 +1.484105542e-02 -2.415751589e+02 -2.415751589e+02 -1.5505e+00 +3.6470e+00
273 +1.213440339e-02 +1.213440339e-02 -2.415778656e+02 -2.415778656e+02 -1.5533e+00 +3.6504e+00
276 +8.709839137e-03 +8.709839137e-03 -2.415812902e+02 -2.415812902e+02 -1.5246e+00 +3.6656e+00
280 +5.803152200e-03 +5.803152200e-03 -2.415841968e+02 -2.415841968e+02 -1.5547e+00 +3.6611e+00
282 +4.809362022e-03 +4.809362022e-03 -2.415851906e+02 -2.415851906e+02 -1.5423e+00 +3.6685e+00
290 +2.875705514e-03 +2.875705514e-03 -2.415871243e+02 -2.415871243e+02 -1.5559e+00 +3.6713e+00
292 +2.518566050e-03 +2.518566050e-03 -2.415874814e+02 -2.415874814e+02 -1.5580e+00 +3.6735e+00
307 +1.508391166e-03 +1.508391166e-03 -2.415884916e+02 -2.415884916e+02 -1.5755e+00 +3.6720e+00
319 +2.885220528e-04 +2.885220528e-04 -2.415897115e+02 -2.415897115e+02 -1.5914e+00 +3.6777e+00
382 +1.920126865e-04 +1.920126865e-04 -2.415898080e+02 -2.415898080e+02 -1.5871e+00 +3.6787e+00
388 +2.451217156e-05 +2.451217156e-05 -2.415899755e+02 -2.415899755e+02 -1.5918e+00 +3.6807e+00
489 +9.085900444e-06 +9.085900444e-06 -2.415899909e+02 -2.415899909e+02 -1.5930e+00 +3.6810e+00
497 +6.036138302e-06 +6.036138302e-06 -2.415899940e+02 -2.415899940e+02 -1.5929e+00 +3.6811e+00
503 +5.009956624e-06 +5.009956624e-06 -2.415899950e+02 -2.415899950e+02 -1.5931e+00 +3.6812e+00
520 +2.561848049e-06 +2.561848049e-06 -2.415899974e+02 -2.415899974e+02 -1.5935e+00 +3.6813e+00
552 +2.188936861e-06 +2.188936861e-06 -2.415899978e+02 -2.415899978e+02 -1.5930e+00 +3.6814e+00
563 +7.416008714e-07 +7.416008714e-07 -2.415899993e+02 -2.415899993e+02 -1.5933e+00 +3.6815e+00
574 +5.810638584e-07 +5.810638584e-07 -2.415899994e+02 -2.415899994e+02 -1.5933e+00 +3.6815e+00
582 +4.800969577e-07 +4.800969577e-07 -2.415899995e+02 -2.415899995e+02 -1.5933e+00 +3.6815e+00
590 +4.074836397e-07 +4.074836397e-07 -2.415899996e+02 -2.415899996e+02 -1.5933e+00 +3.6815e+00
593 +3.479352984e-07 +3.479352984e-07 -2.415899997e+02 -2.415899997e+02 -1.5934e+00 +3.6815e+00
594 +3.384616036e-07 +3.384616036e-07 -2.415899997e+02 -2.415899997e+02 -1.5934e+00 +3.6815e+00
596 +2.452570982e-07 +2.452570982e-07 -2.415899998e+02 -2.415899998e+02 -1.5935e+00 +3.6815e+00
