% function evaluation | noise-free fitness - Fopt (-1.694000000000e+001) | best noise-free fitness - Fopt | measured fitness | best measured fitness | x1 | x2...
1 +9.470123986e+001 +9.470123986e+001 +7.776123986e+001 +7.776123986e+001 +0.0000e+000 +0.0000e+000 +0.0000e+000 +0.0000e+000 +0.0000e+000
% function evaluation | noise-free fitness - Fopt (1.881000000000e+001) | best noise-free fitness - Fopt | measured fitness | best measured fitness | x1 | x2...
1 +3.169183622e+001 +3.169183622e+001 +5.050183622e+001 +5.050183622e+001 +0.0000e+000 +0.0000e+000 +0.0000e+000 +0.0000e+000 +0.0000e+000
318 +3.126631480e+001 +3.126631480e+001 +5.007631480e+001 +5.007631480e+001 +2.3435e+000 +7.3507e-002 -1.6949e+000 +6.1241e-001 +2.0903e+000
319 +2.241224860e+001 +2.241224860e+001 +4.122224860e+001 +4.122224860e+001 +2.2979e+000 +2.6527e-001 -2.1710e+000 +1.0090e+000 +3.2149e+000
423 +2.075826955e+001 +2.075826955e+001 +3.956826955e+001 +3.956826955e+001 +2.3682e+000 +4.5258e-001 -9.6534e-001 +5.2743e-001 +4.3504e+000
487 +1.686681842e+001 +1.686681842e+001 +3.567681842e+001 +3.567681842e+001 +2.3255e+000 -2.7291e-001 -4.7176e-002 -2.7642e-001 +3.4018e+000
603 +1.408423748e+001 +1.408423748e+001 +3.289423748e+001 +3.289423748e+001 +7.0737e-001 -2.0643e+000 -2.2072e-002 -1.3219e+000 +3.3952e+000
737 +1.033143798e+001 +1.033143798e+001 +2.914143798e+001 +2.914143798e+001 +5.0013e-001 +1.5066e-001 +1.4273e-001 -7.2027e-001 +2.8610e+000
757 +8.857213075e+000 +8.857213075e+000 +2.766721308e+001 +2.766721308e+001 -2.5489e-001 +7.5088e-001 +1.8910e-001 -3.3510e-001 +1.3686e+000
770 +8.370891603e+000 +8.370891603e+000 +2.718089160e+001 +2.718089160e+001 -4.1262e-001 +6.5205e-001 -3.3185e-001 -4.5903e-001 -6.5762e-002
833 +7.079119336e+000 +7.079119336e+000 +2.588911934e+001 +2.588911934e+001 +1.0570e-001 +2.7277e+000 -2.0350e-001 -5.0149e-001 +1.3836e+000
911 +6.630670770e+000 +6.630670770e+000 +2.544067077e+001 +2.544067077e+001 +3.2081e-001 -1.1798e-001 -1.2789e-001 -1.0925e+000 +2.3821e+000
916 +6.218862491e+000 +6.218862491e+000 +2.502886249e+001 +2.502886249e+001 +3.0538e-001 +1.7415e+000 -2.0804e-001 -6.5931e-001 +1.6159e+000
947 +6.070775860e+000 +6.070775860e+000 +2.488077586e+001 +2.488077586e+001 +3.8004e-001 +1.6534e+000 -9.3145e-002 -8.4417e-001 +4.8961e-001
964 +4.928433026e+000 +4.928433026e+000 +2.373843303e+001 +2.373843303e+001 +2.8938e-001 +1.6236e+000 -2.0441e-001 -1.0424e+000 +1.5786e+000
1021 +4.464460064e+000 +4.464460064e+000 +2.327446006e+001 +2.327446006e+001 +1.7958e-001 +1.1449e+000 -1.1256e-001 -1.0337e+000 +2.9561e+000
1075 +4.019791074e+000 +4.019791074e+000 +2.282979107e+001 +2.282979107e+001 +3.0117e-001 +1.1505e+000 -2.6038e-001 -1.1167e+000 +2.3110e+000
1104 +3.608912007e+000 +3.608912007e+000 +2.241891201e+001 +2.241891201e+001 +2.5410e-001 +1.5532e+000 -5.7684e-001 -9.5241e-001 +2.4482e+000
1113 +3.300571740e+000 +3.300571740e+000 +2.211057174e+001 +2.211057174e+001 +1.8622e-001 +1.4675e+000 -4.2632e-001 -1.1381e+000 +2.7475e+000
1139 +3.199824287e+000 +3.199824287e+000 +2.200982429e+001 +2.200982429e+001 +2.6812e-001 +1.5387e+000 -3.9870e-001 -9.2705e-001 +2.2945e+000
1178 +2.147342424e+000 +2.147342424e+000 +2.095734242e+001 +2.095734242e+001 +1.6523e-001 +1.1009e+000 -4.7860e-001 -9.5886e-001 +2.4797e+000
1187 +1.464524600e+000 +1.464524600e+000 +2.027452460e+001 +2.027452460e+001 -1.2213e-002 +1.0665e+000 -6.9777e-001 -9.3549e-001 +2.3828e+000
1203 +7.350276768e-001 +7.350276768e-001 +1.954502768e+001 +1.954502768e+001 +6.9343e-002 +1.2019e+000 -6.6720e-001 -9.5255e-001 +2.4658e+000
1369 +7.038306665e-001 +7.038306665e-001 +1.951383067e+001 +1.951383067e+001 +1.3645e-001 +1.2428e+000 -6.0863e-001 -9.7395e-001 +2.5136e+000
1541 +5.210395078e-001 +5.210395078e-001 +1.933103951e+001 +1.933103951e+001 +8.1108e-002 +1.1169e+000 -6.3325e-001 -9.9672e-001 +2.4259e+000
1806 +4.313103526e-001 +4.313103526e-001 +1.924131035e+001 +1.924131035e+001 +5.4294e-002 +1.1414e+000 -6.4432e-001 -9.2627e-001 +2.4641e+000
1812 +2.707560261e-001 +2.707560261e-001 +1.908075603e+001 +1.908075603e+001 +7.7453e-002 +1.1080e+000 -6.4124e-001 -9.9334e-001 +2.5006e+000
2025 +2.575920775e-001 +2.575920775e-001 +1.906759208e+001 +1.906759208e+001 +8.9157e-002 +1.1968e+000 -6.3269e-001 -9.6827e-001 +2.4981e+000
2156 +2.543681427e-001 +2.543681427e-001 +1.906436814e+001 +1.906436814e+001 +8.7540e-002 +1.1886e+000 -6.3440e-001 -9.7011e-001 +2.5039e+000
2213 +2.249589038e-001 +2.249589038e-001 +1.903495890e+001 +1.903495890e+001 +8.6167e-002 +1.1928e+000 -6.3425e-001 -9.6988e-001 +2.4991e+000
2214 +2.016418822e-001 +2.016418822e-001 +1.901164188e+001 +1.901164188e+001 +8.6607e-002 +1.1888e+000 -6.3462e-001 -9.7051e-001 +2.5017e+000
2330 +1.967479271e-001 +1.967479271e-001 +1.900674793e+001 +1.900674793e+001 +8.6913e-002 +1.1925e+000 -6.3435e-001 -9.6985e-001 +2.5022e+000
2387 +1.925290148e-001 +1.925290148e-001 +1.900252901e+001 +1.900252901e+001 +8.6958e-002 +1.1933e+000 -6.3444e-001 -9.6939e-001 +2.5042e+000
2388 +1.841163284e-001 +1.841163284e-001 +1.899411633e+001 +1.899411633e+001 +8.6959e-002 +1.1915e+000 -6.3439e-001 -9.6982e-001 +2.5023e+000
2433 +1.817211695e-001 +1.817211695e-001 +1.899172117e+001 +1.899172117e+001 +8.7012e-002 +1.1927e+000 -6.3438e-001 -9.6961e-001 +2.5029e+000
2576 +1.764023839e-001 +1.764023839e-001 +1.898640238e+001 +1.898640238e+001 +8.7139e-002 +1.1934e+000 -6.3407e-001 -9.6963e-001 +2.5019e+000
2624 +1.712520334e-001 +1.712520334e-001 +1.898125203e+001 +1.898125203e+001 +8.6981e-002 +1.1934e+000 -6.3414e-001 -9.6950e-001 +2.5023e+000
2855 +1.689170190e-001 +1.689170190e-001 +1.897891702e+001 +1.897891702e+001 +8.7050e-002 +1.1927e+000 -6.3413e-001 -9.6988e-001 +2.5025e+000
2884 +1.647610300e-001 +1.647610300e-001 +1.897476103e+001 +1.897476103e+001 +8.7062e-002 +1.1933e+000 -6.3409e-001 -9.6970e-001 +2.5026e+000
3730 +1.603551371e-001 +1.603551371e-001 +1.897035514e+001 +1.897035514e+001 +8.7083e-002 +1.1936e+000 -6.3406e-001 -9.6959e-001 +2.5026e+000
4137 +1.584662467e-001 +1.584662467e-001 +1.896846625e+001 +1.896846625e+001 +8.7084e-002 +1.1936e+000 -6.3406e-001 -9.6959e-001 +2.5026e+000
% function evaluation | noise-free fitness - Fopt (2.731500000000e+002) | best noise-free fitness - Fopt | measured fitness | best measured fitness | x1 | x2...
1 +8.700664503e+001 +8.700664503e+001 +3.601566450e+002 +3.601566450e+002 +0.0000e+000 +0.0000e+000 +0.0000e+000 +0.0000e+000 +0.0000e+000
2 +5.511633935e+001 +5.511633935e+001 +3.282663394e+002 +3.282663394e+002 -3.4730e+000 -4.1279e+000 -2.0629e+000 +3.9061e+000 +9.0003e-001
5 +4.610382140e+001 +4.610382140e+001 +3.192538214e+002 +3.192538214e+002 -3.4334e+000 -4.0197e+000 -2.0652e+000 +3.8618e+000 +9.1703e-001
36 +4.365876005e+001 +4.365876005e+001 +3.168087601e+002 +3.168087601e+002 -3.4460e+000 -4.0965e+000 -2.0614e+000 +3.8708e+000 +9.3433e-001
40 +4.208130298e+001 +4.208130298e+001 +3.152313030e+002 +3.152313030e+002 -3.4571e+000 -4.0850e+000 -2.0626e+000 +3.8864e+000 +9.5012e-001
198 +4.164844263e+001 +4.164844263e+001 +3.147984426e+002 +3.147984426e+002 -3.4825e+000 -4.0790e+000 -2.0645e+000 +3.8965e+000 +9.6559e-001
% function evaluation | noise-free fitness - Fopt (3.718000000000e+001) | best noise-free fitness - Fopt | measured fitness | best measured fitness | x1 | x2...
1 +1.334312491e+002 +1.334312491e+002 +1.706112491e+002 +1.706112491e+002 +0.0000e+000 +0.0000e+000 +0.0000e+000 +0.0000e+000 +0.0000e+000
127 +1.069019312e+002 +1.069019312e+002 +1.440819312e+002 +1.440819312e+002 +1.2143e+000 -4.4578e-001 -1.0386e+000 -2.8223e+000 -1.2629e+000
239 +8.501081335e+001 +8.501081335e+001 +1.221908133e+002 +1.221908133e+002 +6.2370e-001 -5.6872e-001 -1.0380e+000 -5.0136e-001 -1.4093e+000
286 +6.824736454e+001 +6.824736454e+001 +1.054273645e+002 +1.054273645e+002 +1.0742e+000 -4.6966e-001 -1.0393e+000 -1.0466e+000 -2.3362e+000
314 +5.820431229e+001 +5.820431229e+001 +9.538431229e+001 +9.538431229e+001 +1.5195e+000 -1.5676e+000 -1.0371e+000 -1.2706e+000 -3.4950e+000
380 +5.520734036e+001 +5.520734036e+001 +9.238734036e+001 +9.238734036e+001 +1.4441e+000 -1.8410e+000 -1.0671e+000 +1.8417e+000 -5.3664e+000
402 +3.984960849e+001 +3.984960849e+001 +7.702960849e+001 +7.702960849e+001 +2.5948e-002 -1.3373e+000 -1.0581e+000 +6.6789e-002 -4.1821e+000
441 +3.125546054e+001 +3.125546054e+001 +6.843546054e+001 +6.843546054e+001 -1.5898e+000 -1.5564e+000 -1.0230e+000 +2.1839e+000 -4.0683e+000
468 +2.563436706e+001 +2.563436706e+001 +6.281436706e+001 +6.281436706e+001 -3.2177e+000 -1.9252e+000 -1.0397e+000 +2.5943e+000 -3.8743e+000
480 +1.964280166e+001 +1.964280166e+001 +5.682280166e+001 +5.682280166e+001 -3.7918e+000 -2.1299e+000 -1.0432e+000 +3.3446e+000 -5.1684e+000
565 +1.703747117e+001 +1.703747117e+001 +5.421747117e+001 +5.421747117e+001 -3.0322e+000 -1.6622e+000 -1.0132e+000 +2.4655e+000 -4.3234e+000
864 +8.977761738e+000 +8.977761738e+000 +4.615776174e+001 +4.615776174e+001 -3.9541e+000 -7.5934e-001 -9.5337e-001 +2.6097e+000 -4.1160e+000
1033 +8.799361182e+000 +8.799361182e+000 +4.597936118e+001 +4.597936118e+001 -3.9471e+000 -1.6914e+000 -1.2271e+000 +2.6305e+000 -4.6906e+000
1048 +8.578551340e+000 +8.578551340e+000 +4.575855134e+001 +4.575855134e+001 -4.0573e+000 -3.2046e+000 -2.0617e+000 +2.8062e+000 -4.3289e+000
1125 +7.973915366e+000 +7.973915366e+000 +4.515391537e+001 +4.515391537e+001 -3.8112e+000 -9.9180e-001 -8.8887e-001 +2.5656e+000 -4.6007e+000
1156 +7.125830499e+000 +7.125830499e+000 +4.430583050e+001 +4.430583050e+001 -4.1563e+000 +7.2572e-001 +3.1337e-001 +2.2403e+000 -4.5676e+000
1220 +6.165764534e+000 +6.165764534e+000 +4.334576453e+001 +4.334576453e+001 -4.1877e+000 +9.6200e-001 +3.2232e-001 +2.2077e+000 -4.2047e+000
1307 +4.115986739e+000 +4.115986739e+000 +4.129598674e+001 +4.129598674e+001 -4.0734e+000 +7.7184e-001 +3.6282e-001 +2.3187e+000 -4.5806e+000
1364 +3.297486732e+000 +3.297486732e+000 +4.047748673e+001 +4.047748673e+001 -4.5495e+000 +1.7139e+000 +8.4899e-001 +1.9914e+000 -4.0497e+000
1514 +2.096193168e+000 +2.096193168e+000 +3.927619317e+001 +3.927619317e+001 -4.7066e+000 +2.1882e+000 +9.6560e-001 +2.0071e+000 -4.0451e+000
1675 +1.211844065e+000 +1.211844065e+000 +3.839184407e+001 +3.839184407e+001 -4.7159e+000 +2.1457e+000 +8.9864e-001 +1.9294e+000 -3.8185e+000
1707 +7.365350255e-001 +7.365350255e-001 +3.791653503e+001 +3.791653503e+001 -4.7004e+000 +2.0888e+000 +9.0859e-001 +1.8612e+000 -3.8715e+000
2148 +7.042095253e-001 +7.042095253e-001 +3.788420953e+001 +3.788420953e+001 -4.4757e+000 +2.3882e+000 +1.6118e+000 +1.7025e+000 -3.7324e+000
2166 +6.173495089e-001 +6.173495089e-001 +3.779734951e+001 +3.779734951e+001 -4.3374e+000 +2.2618e+000 +1.6135e+000 +1.7133e+000 -3.7524e+000
2173 +5.463163183e-001 +5.463163183e-001 +3.772631632e+001 +3.772631632e+001 -4.3019e+000 +2.2586e+000 +1.6755e+000 +1.7187e+000 -3.7435e+000
2503 +4.890303522e-001 +4.890303522e-001 +3.766903035e+001 +3.766903035e+001 -4.3153e+000 +2.2491e+000 +1.5944e+000 +1.7050e+000 -3.6845e+000
2559 +4.250671970e-001 +4.250671970e-001 +3.760506720e+001 +3.760506720e+001 -4.3258e+000 +2.2522e+000 +1.5982e+000 +1.7123e+000 -3.6755e+000
2589 +4.092371314e-001 +4.092371314e-001 +3.758923713e+001 +3.758923713e+001 -4.3157e+000 +2.2392e+000 +1.5970e+000 +1.7107e+000 -3.6550e+000
2672 +3.673038871e-001 +3.673038871e-001 +3.754730389e+001 +3.754730389e+001 -4.3157e+000 +2.2404e+000 +1.6142e+000 +1.7136e+000 -3.6665e+000
2677 +2.917922196e-001 +2.917922196e-001 +3.747179222e+001 +3.747179222e+001 -4.3142e+000 +2.2391e+000 +1.6090e+000 +1.7190e+000 -3.6869e+000
2743 +2.565642390e-001 +2.565642390e-001 +3.743656424e+001 +3.743656424e+001 -4.3168e+000 +2.2396e+000 +1.6033e+000 +1.7192e+000 -3.6763e+000
2810 +2.333917216e-001 +2.333917216e-001 +3.741339172e+001 +3.741339172e+001 -4.3189e+000 +2.2421e+000 +1.6061e+000 +1.7194e+000 -3.6772e+000
2814 +2.105508105e-001 +2.105508105e-001 +3.739055081e+001 +3.739055081e+001 -4.3240e+000 +2.2442e+000 +1.6042e+000 +1.7221e+000 -3.6780e+000
2833 +2.087976592e-001 +2.087976592e-001 +3.738879766e+001 +3.738879766e+001 -4.3229e+000 +2.2495e+000 +1.6058e+000 +1.7204e+000 -3.6785e+000
2862 +2.035503083e-001 +2.035503083e-001 +3.738355031e+001 +3.738355031e+001 -4.3227e+000 +2.2455e+000 +1.6020e+000 +1.7212e+000 -3.6779e+000
2895 +1.918366389e-001 +1.918366389e-001 +3.737183664e+001 +3.737183664e+001 -4.3200e+000 +2.2435e+000 +1.6063e+000 +1.7208e+000 -3.6755e+000
2921 +1.868579002e-001 +1.868579002e-001 +3.736685790e+001 +3.736685790e+001 -4.3217e+000 +2.2452e+000 +1.6072e+000 +1.7207e+000 -3.6766e+000
2935 +1.680020463e-001 +1.680020463e-001 +3.734800205e+001 +3.734800205e+001 -4.3210e+000 +2.2447e+000 +1.6059e+000 +1.7209e+000 -3.6780e+000
3202 +1.651176252e-001 +1.651176252e-001 +3.734511763e+001 +3.734511763e+001 -4.3209e+000 +2.2455e+000 +1.6078e+000 +1.7207e+000 -3.6780e+000
3344 +1.620298688e-001 +1.620298688e-001 +3.734202987e+001 +3.734202987e+001 -4.3212e+000 +2.2456e+000 +1.6071e+000 +1.7208e+000 -3.6781e+000
3508 +1.560050573e-001 +1.560050573e-001 +3.733600506e+001 +3.733600506e+001 -4.3213e+000 +2.2460e+000 +1.6072e+000 +1.7208e+000 -3.6777e+000
3536 +1.536732263e-001 +1.536732263e-001 +3.733367323e+001 +3.733367323e+001 -4.3213e+000 +2.2460e+000 +1.6074e+000 +1.7207e+000 -3.6777e+000
3659 +1.512992916e-001 +1.512992916e-001 +3.733129929e+001 +3.733129929e+001 -4.3215e+000 +2.2461e+000 +1.6073e+000 +1.7208e+000 -3.6778e+000
3826 +1.445164152e-001 +1.445164152e-001 +3.732451642e+001 +3.732451642e+001 -4.3215e+000 +2.2462e+000 +1.6072e+000 +1.7207e+000 -3.6778e+000
% function evaluation | noise-free fitness - Fopt (-1.479000000000e+002) | best noise-free fitness - Fopt | measured fitness | best measured fitness | x1 | x2...
1 +6.898756762e+001 +6.898756762e+001 -7.891243238e+001 -7.891243238e+001 +0.0000e+000 +0.0000e+000 +0.0000e+000 +0.0000e+000 +0.0000e+000
229 +5.748721027e+001 +5.748721027e+001 -9.041278973e+001 -9.041278973e+001 -3.0095e+000 -1.5648e+000 -1.2706e+000 -4.6398e+000 -2.3183e+000
230 +4.441649998e+001 +4.441649998e+001 -1.034835000e+002 -1.034835000e+002 +2.8620e-001 -1.7592e+000 -1.2333e+000 -3.9397e+000 -2.4804e+000
246 +2.491687292e+001 +2.491687292e+001 -1.229831271e+002 -1.229831271e+002 -1.4942e+000 -1.6467e+000 -1.2723e+000 -4.1046e+000 -2.4334e+000
255 +2.283555012e+001 +2.283555012e+001 -1.250644499e+002 -1.250644499e+002 -1.3222e+000 -4.9662e-001 -1.2612e+000 -3.9747e+000 -2.5476e+000
266 +2.195365524e+001 +2.195365524e+001 -1.259463448e+002 -1.259463448e+002 -2.0384e+000 -1.5668e+000 -1.2413e+000 -4.4278e+000 -2.3885e+000
272 +1.667431508e+001 +1.667431508e+001 -1.312256849e+002 -1.312256849e+002 -1.3325e+000 -1.3759e+000 -1.2301e+000 -4.4084e+000 -2.4535e+000
277 +1.596170079e+001 +1.596170079e+001 -1.319382992e+002 -1.319382992e+002 -1.5757e+000 -1.1072e+000 -1.2694e+000 -4.4002e+000 -2.4869e+000
343 +1.257244630e+001 +1.257244630e+001 -1.353275537e+002 -1.353275537e+002 -1.5570e+000 -9.1908e-001 -1.2542e+000 -4.0663e+000 -2.3352e+000
499 +1.221808147e+001 +1.221808147e+001 -1.356819185e+002 -1.356819185e+002 -1.8712e+000 +2.2759e-002 -9.9420e-001 -2.9946e+000 -2.4331e+000
572 +1.194836872e+001 +1.194836872e+001 -1.359516313e+002 -1.359516313e+002 -1.8996e+000 +4.4412e-001 -8.0723e-001 -3.1590e+000 -2.6978e+000
578 +8.947193034e+000 +8.947193034e+000 -1.389528070e+002 -1.389528070e+002 -2.2625e+000 +1.0330e+000 -6.4803e-001 -1.7407e+000 -3.1934e+000
637 +5.142650340e+000 +5.142650340e+000 -1.427573497e+002 -1.427573497e+002 -2.2151e+000 +8.1999e-001 -2.8669e-001 -2.0726e+000 -2.7240e+000
761 +3.567939728e+000 +3.567939728e+000 -1.443320603e+002 -1.443320603e+002 -2.1456e+000 +2.5876e-001 +1.1515e+000 -1.3509e+000 -2.8587e+000
792 +8.404601081e-001 +8.404601081e-001 -1.470595399e+002 -1.470595399e+002 -1.7556e+000 -2.6480e-001 +1.9150e+000 -1.6263e+000 -2.7433e+000
1238 +7.450479813e-001 +7.450479813e-001 -1.471549520e+002 -1.471549520e+002 -1.7316e+000 +6.2648e-002 +1.1459e+000 -1.9399e+000 -3.0438e+000
1247 +7.315330796e-001 +7.315330796e-001 -1.471684669e+002 -1.471684669e+002 -1.7339e+000 +1.1432e-001 +1.0772e+000 -1.9728e+000 -3.0595e+000
1266 +5.918932518e-001 +5.918932518e-001 -1.473081067e+002 -1.473081067e+002 -1.6689e+000 +1.5048e-001 +1.0681e+000 -1.9826e+000 -3.1583e+000
1270 +4.009804292e-001 +4.009804292e-001 -1.474990196e+002 -1.474990196e+002 -1.7753e+000 +1.0535e-001 +1.0713e+000 -1.9712e+000 -3.0035e+000
1339 +3.126861216e-001 +3.126861216e-001 -1.475873139e+002 -1.475873139e+002 -1.6627e+000 +1.5509e-001 +1.0735e+000 -2.0431e+000 -3.1253e+000
1352 +2.002320528e-001 +2.002320528e-001 -1.476997679e+002 -1.476997679e+002 -1.6924e+000 +1.5293e-001 +1.0528e+000 -2.0500e+000 -3.1491e+000
1486 +1.719694359e-001 +1.719694359e-001 -1.477280306e+002 -1.477280306e+002 -1.6917e+000 +1.5301e-001 +1.0700e+000 -2.0354e+000 -3.1228e+000
1508 +1.522708173e-001 +1.522708173e-001 -1.477477292e+002 -1.477477292e+002 -1.6939e+000 +1.6740e-001 +1.0725e+000 -2.0371e+000 -3.1302e+000
1528 +1.498085408e-001 +1.498085408e-001 -1.477501915e+002 -1.477501915e+002 -1.7004e+000 +1.6781e-001 +1.0700e+000 -2.0301e+000 -3.1254e+000
1537 +1.289640963e-001 +1.289640963e-001 -1.477710359e+002 -1.477710359e+002 -1.6753e+000 +1.5633e-001 +1.0839e+000 -2.0386e+000 -3.1440e+000
1542 +1.259919152e-001 +1.259919152e-001 -1.477740081e+002 -1.477740081e+002 -1.6944e+000 +1.6889e-001 +1.0609e+000 -2.0252e+000 -3.1240e+000
1556 +1.176778808e-001 +1.176778808e-001 -1.477823221e+002 -1.477823221e+002 -1.6897e+000 +1.6679e-001 +1.0719e+000 -2.0258e+000 -3.1385e+000
1648 +1.038698505e-001 +1.038698505e-001 -1.477961301e+002 -1.477961301e+002 -1.6839e+000 +1.6726e-001 +1.0784e+000 -2.0297e+000 -3.1316e+000
1650 +1.018472658e-001 +1.018472658e-001 -1.477981527e+002 -1.477981527e+002 -1.6811e+000 +1.6571e-001 +1.0763e+000 -2.0234e+000 -3.1253e+000
1684 +9.502447509e-002 +9.502447509e-002 -1.478049755e+002 -1.478049755e+002 -1.6781e+000 +1.6789e-001 +1.0816e+000 -2.0278e+000 -3.1336e+000
1708 +6.589437529e-002 +6.589437529e-002 -1.478341056e+002 -1.478341056e+002 -1.6813e+000 +1.6951e-001 +1.0787e+000 -2.0250e+000 -3.1314e+000
2221 +6.015376009e-002 +6.015376009e-002 -1.478398462e+002 -1.478398462e+002 -1.6761e+000 +1.6804e-001 +1.0769e+000 -2.0347e+000 -3.1385e+000
2302 +5.801685008e-002 +5.801685008e-002 -1.478419831e+002 -1.478419831e+002 -1.6766e+000 +1.6844e-001 +1.0746e+000 -2.0357e+000 -3.1387e+000
2440 +5.582355220e-002 +5.582355220e-002 -1.478441764e+002 -1.478441764e+002 -1.6767e+000 +1.6882e-001 +1.0741e+000 -2.0360e+000 -3.1391e+000
2515 +5.313200672e-002 +5.313200672e-002 -1.478468680e+002 -1.478468680e+002 -1.6763e+000 +1.6855e-001 +1.0749e+000 -2.0357e+000 -3.1391e+000
2561 +5.048137325e-002 +5.048137325e-002 -1.478495186e+002 -1.478495186e+002 -1.6769e+000 +1.6854e-001 +1.0746e+000 -2.0356e+000 -3.1391e+000
2645 +4.820679237e-002 +4.820679237e-002 -1.478517932e+002 -1.478517932e+002 -1.6772e+000 +1.6876e-001 +1.0747e+000 -2.0355e+000 -3.1393e+000
3000 +4.612300256e-002 +4.612300256e-002 -1.478538770e+002 -1.478538770e+002 -1.6771e+000 +1.6868e-001 +1.0745e+000 -2.0357e+000 -3.1392e+000
3106 +4.537999233e-002 +4.537999233e-002 -1.478546200e+002 -1.478546200e+002 -1.6771e+000 +1.6885e-001 +1.0743e+000 -2.0358e+000 -3.1393e+000
3155 +4.463148593e-002 +4.463148593e-002 -1.478553685e+002 -1.478553685e+002 -1.6771e+000 +1.6909e-001 +1.0741e+000 -2.0357e+000 -3.1395e+000
3346 +4.332079268e-002 +4.332079268e-002 -1.478566792e+002 -1.478566792e+002 -1.6771e+000 +1.6907e-001 +1.0742e+000 -2.0357e+000 -3.1395e+000
4151 +4.204921468e-002 +4.204921468e-002 -1.478579508e+002 -1.478579508e+002 -1.6771e+000 +1.6907e-001 +1.0742e+000 -2.0357e+000 -3.1395e+000
% function evaluation | noise-free fitness - Fopt (-6.080000000000e+000) | best noise-free fitness - Fopt | measured fitness | best measured fitness | x1 | x2...
1 +7.296558745e+001 +7.296558745e+001 +6.688558745e+001 +6.688558745e+001 +0.0000e+000 +0.0000e+000 +0.0000e+000 +0.0000e+000 +0.0000e+000
130 +6.987934645e+001 +6.987934645e+001 +6.379934645e+001 +6.379934645e+001 -2.7069e+000 +3.6704e+000 -1.1616e+000 +1.8885e+000 -5.2043e-001
134 +6.713392818e+001 +6.713392818e+001 +6.105392818e+001 +6.105392818e+001 -2.6911e+000 +3.6566e+000 -1.1598e+000 +1.9158e+000 -5.5990e-001
142 +6.173501496e+001 +6.173501496e+001 +5.565501496e+001 +5.565501496e+001 -2.6912e+000 +3.6605e+000 -1.1491e+000 +1.8335e+000 -4.6953e-001
144 +6.138235311e+001 +6.138235311e+001 +5.530235311e+001 +5.530235311e+001 -2.7117e+000 +3.6671e+000 -1.1803e+000 +1.8058e+000 -4.5578e-001
145 +5.349947256e+001 +5.349947256e+001 +4.741947256e+001 +4.741947256e+001 -2.6720e+000 +3.6645e+000 -1.1551e+000 +1.8249e+000 -3.8247e-001
175 +4.982388050e+001 +4.982388050e+001 +4.374388050e+001 +4.374388050e+001 -2.7103e+000 +3.6635e+000 -1.1637e+000 +1.7753e+000 +1.6725e-001
355 +4.792949991e+001 +4.792949991e+001 +4.184949991e+001 +4.184949991e+001 -2.6454e+000 +3.6727e+000 -1.4799e+000 +2.0777e+000 -2.3772e+000
383 +3.528686854e+001 +3.528686854e+001 +2.920686854e+001 +2.920686854e+001 -2.5416e+000 +3.7515e+000 -1.1064e+000 +2.0176e+000 -2.3024e+000
562 +2.850823513e+001 +2.850823513e+001 +2.242823513e+001 +2.242823513e+001 -1.1940e-001 +3.1989e+000 -1.8178e+000 +1.1109e+000 -4.8004e-001
569 +2.478371948e+001 +2.478371948e+001 +1.870371948e+001 +1.870371948e+001 -6.6541e-001 +2.8784e+000 -2.3486e+000 +1.2695e+000 -1.7164e+000
571 +1.913764185e+001 +1.913764185e+001 +1.305764185e+001 +1.305764185e+001 -5.1151e-001 +3.1081e+000 -2.8407e+000 +9.6105e-001 +1.7322e-001
590 +1.144771409e+001 +1.144771409e+001 +5.367714088e+000 +5.367714088e+000 -4.9571e-001 +2.6491e+000 -2.6089e+000 -4.9286e-001 +3.3157e-001
641 +8.538965492e+000 +8.538965492e+000 +2.458965492e+000 +2.458965492e+000 +7.9931e-001 +2.0578e+000 -2.2109e+000 -1.3610e+000 +2.5600e+000
742 +5.784027334e+000 +5.784027334e+000 -2.959726664e-001 -2.959726664e-001 +1.5145e+000 +1.8674e+000 -3.0953e+000 +5.4247e-001 +4.6618e-003
801 +5.391239145e+000 +5.391239145e+000 -6.887608545e-001 -6.887608545e-001 +2.0042e+000 +1.5784e+000 -3.2885e+000 +3.7331e-001 +3.1100e-001
846 +2.825348178e+000 +2.825348178e+000 -3.254651822e+000 -3.254651822e+000 +1.3471e+000 +1.9405e+000 -3.0175e+000 +1.8351e-001 +6.1481e-001
1087 +2.427876405e+000 +2.427876405e+000 -3.652123595e+000 -3.652123595e+000 +1.7493e+000 +1.5846e+000 -2.6183e+000 +2.9632e-001 +7.4723e-001
1155 +2.220400212e+000 +2.220400212e+000 -3.859599788e+000 -3.859599788e+000 +2.1276e+000 +1.4830e+000 -2.1795e+000 +2.5703e-001 +7.2158e-001
1178 +1.124998862e+000 +1.124998862e+000 -4.955001138e+000 -4.955001138e+000 +2.1458e+000 +1.5237e+000 -2.0827e+000 +2.7875e-001 +7.3109e-001
1427 +1.102422443e+000 +1.102422443e+000 -4.977577557e+000 -4.977577557e+000 +1.9310e+000 +1.5736e+000 -2.2864e+000 +1.7838e-001 +7.8266e-001
1459 +8.919914926e-001 +8.919914926e-001 -5.188008507e+000 -5.188008507e+000 +1.9117e+000 +1.5958e+000 -2.2098e+000 +1.8282e-001 +8.4077e-001
1465 +8.500378148e-001 +8.500378148e-001 -5.229962185e+000 -5.229962185e+000 +1.9402e+000 +1.5994e+000 -2.2714e+000 +1.7388e-001 +7.7261e-001
1468 +6.143119532e-001 +6.143119532e-001 -5.465688047e+000 -5.465688047e+000 +1.9451e+000 +1.5988e+000 -2.2615e+000 +1.8758e-001 +7.6277e-001
1573 +5.579757114e-001 +5.579757114e-001 -5.522024289e+000 -5.522024289e+000 +1.9299e+000 +1.5889e+000 -2.3098e+000 +1.5277e-001 +7.7522e-001
1614 +5.191010370e-001 +5.191010370e-001 -5.560898963e+000 -5.560898963e+000 +1.9402e+000 +1.5982e+000 -2.2226e+000 +1.4767e-001 +7.9521e-001
1618 +5.044960028e-001 +5.044960028e-001 -5.575503997e+000 -5.575503997e+000 +1.9315e+000 +1.6038e+000 -2.2492e+000 +1.4249e-001 +7.9069e-001
1640 +4.404643327e-001 +4.404643327e-001 -5.639535667e+000 -5.639535667e+000 +1.9213e+000 +1.5968e+000 -2.2400e+000 +1.2640e-001 +8.1831e-001
1647 +4.304271652e-001 +4.304271652e-001 -5.649572835e+000 -5.649572835e+000 +1.9264e+000 +1.6090e+000 -2.2358e+000 +1.4542e-001 +7.9603e-001
1711 +3.671186650e-001 +3.671186650e-001 -5.712881335e+000 -5.712881335e+000 +1.9304e+000 +1.6071e+000 -2.2304e+000 +1.3967e-001 +8.0543e-001
1845 +3.413774669e-001 +3.413774669e-001 -5.738622533e+000 -5.738622533e+000 +1.9262e+000 +1.6104e+000 -2.2306e+000 +1.4757e-001 +8.0137e-001
1960 +3.032849897e-001 +3.032849897e-001 -5.776715010e+000 -5.776715010e+000 +1.9063e+000 +1.6172e+000 -2.2397e+000 +1.3328e-001 +8.0334e-001
2110 +2.971767088e-001 +2.971767088e-001 -5.782823291e+000 -5.782823291e+000 +1.9126e+000 +1.6168e+000 -2.2403e+000 +1.3428e-001 +8.0261e-001
2146 +2.942782939e-001 +2.942782939e-001 -5.785721706e+000 -5.785721706e+000 +1.9151e+000 +1.6191e+000 -2.2335e+000 +1.3924e-001 +8.0085e-001
2207 +2.765721862e-001 +2.765721862e-001 -5.803427814e+000 -5.803427814e+000 +1.9134e+000 +1.6179e+000 -2.2356e+000 +1.3638e-001 +8.0145e-001
2267 +2.739535974e-001 +2.739535974e-001 -5.806046403e+000 -5.806046403e+000 +1.9160e+000 +1.6189e+000 -2.2384e+000 +1.3577e-001 +8.0366e-001
2295 +2.612666072e-001 +2.612666072e-001 -5.818733393e+000 -5.818733393e+000 +1.9155e+000 +1.6156e+000 -2.2366e+000 +1.3588e-001 +8.0278e-001
2352 +2.521086268e-001 +2.521086268e-001 -5.827891373e+000 -5.827891373e+000 +1.9142e+000 +1.6162e+000 -2.2374e+000 +1.3549e-001 +8.0279e-001
2376 +2.373653373e-001 +2.373653373e-001 -5.842634663e+000 -5.842634663e+000 +1.9151e+000 +1.6163e+000 -2.2366e+000 +1.3543e-001 +8.0320e-001
2382 +2.325762645e-001 +2.325762645e-001 -5.847423736e+000 -5.847423736e+000 +1.9155e+000 +1.6165e+000 -2.2363e+000 +1.3562e-001 +8.0308e-001
2522 +2.185370977e-001 +2.185370977e-001 -5.861462902e+000 -5.861462902e+000 +1.9156e+000 +1.6160e+000 -2.2355e+000 +1.3475e-001 +8.0469e-001
2647 +2.109551910e-001 +2.109551910e-001 -5.869044809e+000 -5.869044809e+000 +1.9157e+000 +1.6160e+000 -2.2358e+000 +1.3523e-001 +8.0487e-001
2651 +2.052759355e-001 +2.052759355e-001 -5.874724065e+000 -5.874724065e+000 +1.9158e+000 +1.6161e+000 -2.2360e+000 +1.3519e-001 +8.0439e-001
2707 +1.991899065e-001 +1.991899065e-001 -5.880810093e+000 -5.880810093e+000 +1.9159e+000 +1.6160e+000 -2.2362e+000 +1.3564e-001 +8.0398e-001
2814 +1.944403624e-001 +1.944403624e-001 -5.885559638e+000 -5.885559638e+000 +1.9158e+000 +1.6161e+000 -2.2361e+000 +1.3533e-001 +8.0440e-001
3075 +1.904053945e-001 +1.904053945e-001 -5.889594606e+000 -5.889594606e+000 +1.9159e+000 +1.6160e+000 -2.2360e+000 +1.3532e-001 +8.0439e-001
3342 +1.861819105e-001 +1.861819105e-001 -5.893818090e+000 -5.893818090e+000 +1.9159e+000 +1.6160e+000 -2.2359e+000 +1.3538e-001 +8.0436e-001
% function evaluation | noise-free fitness - Fopt (2.431100000000e+002) | best noise-free fitness - Fopt | measured fitness | best measured fitness | x1 | x2...
1 +8.666228617e+001 +8.666228617e+001 +3.297722862e+002 +3.297722862e+002 +0.0000e+000 +0.0000e+000 +0.0000e+000 +0.0000e+000 +0.0000e+000
2 +8.300612546e+001 +8.300612546e+001 +3.261161255e+002 +3.261161255e+002 +1.3455e+000 -2.6240e+000 +4.5893e+000 -7.2087e-001 +1.0681e+000
5 +7.327039247e+001 +7.327039247e+001 +3.163803925e+002 +3.163803925e+002 +1.3453e+000 -2.6299e+000 +4.5802e+000 -7.2185e-001 +1.0494e+000
26 +6.920770950e+001 +6.920770950e+001 +3.123177095e+002 +3.123177095e+002 +1.3462e+000 -2.6290e+000 +4.5747e+000 -7.2024e-001 +1.0458e+000
37 +6.849821023e+001 +6.849821023e+001 +3.116082102e+002 +3.116082102e+002 +1.3454e+000 -2.6273e+000 +4.5650e+000 -7.2390e-001 +1.0538e+000
44 +6.683793030e+001 +6.683793030e+001 +3.099479303e+002 +3.099479303e+002 +1.3453e+000 -2.6341e+000 +4.5521e+000 -7.1453e-001 +1.0366e+000
53 +6.532259441e+001 +6.532259441e+001 +3.084325944e+002 +3.084325944e+002 +1.3458e+000 -2.6325e+000 +4.5642e+000 -7.0695e-001 +1.0605e+000
72 +6.427516196e+001 +6.427516196e+001 +3.073851620e+002 +3.073851620e+002 +1.3464e+000 -2.6279e+000 +4.5619e+000 -7.0564e-001 +1.0628e+000
74 +5.857727567e+001 +5.857727567e+001 +3.016872757e+002 +3.016872757e+002 +1.3432e+000 -2.6297e+000 +4.4122e+000 -7.2634e-001 +1.0508e+000
109 +5.535486848e+001 +5.535486848e+001 +2.984648685e+002 +2.984648685e+002 +1.3485e+000 -2.6081e+000 +4.5572e+000 -6.8894e-001 +1.0006e+000
126 +5.457217856e+001 +5.457217856e+001 +2.976821786e+002 +2.976821786e+002 +1.3491e+000 -2.6330e+000 +4.5525e+000 -6.6722e-001 +1.0218e+000
193 +4.596934922e+001 +4.596934922e+001 +2.890793492e+002 +2.890793492e+002 +1.3438e+000 -2.6411e+000 +4.5268e+000 -1.0173e+000 +1.0470e+000
233 +3.690794094e+001 +3.690794094e+001 +2.800179409e+002 +2.800179409e+002 +1.3518e+000 -2.6169e+000 +3.1336e+000 -3.4258e-001 +9.5161e-001
286 +3.277571083e+001 +3.277571083e+001 +2.758857108e+002 +2.758857108e+002 +1.3442e+000 -2.5948e+000 +3.3753e+000 -8.4969e-001 +1.6382e+000
329 +2.654583257e+001 +2.654583257e+001 +2.696558326e+002 +2.696558326e+002 +1.3344e+000 -2.7342e+000 +3.1230e+000 -6.9819e-001 +6.3070e-001
352 +2.583017544e+001 +2.583017544e+001 +2.689401754e+002 +2.689401754e+002 +1.3276e+000 -3.0081e+000 +2.5488e+000 -1.2565e+000 +4.1277e-001
355 +1.329421844e+001 +1.329421844e+001 +2.564042184e+002 +2.564042184e+002 +1.3584e+000 -2.7171e+000 +2.7454e+000 -1.6867e+000 -1.0692e+000
431 +9.016612401e+000 +9.016612401e+000 +2.521266124e+002 +2.521266124e+002 +1.3196e+000 -2.5284e+000 +2.4165e+000 -4.8436e-001 +1.5129e+000
459 +8.825417343e+000 +8.825417343e+000 +2.519354173e+002 +2.519354173e+002 +1.3319e+000 -2.6464e+000 +1.7563e+000 -8.7626e-001 +4.6263e-001
518 +7.292830505e+000 +7.292830505e+000 +2.504028305e+002 +2.504028305e+002 +1.2062e+000 -2.7518e+000 +2.0307e+000 -1.5025e+000 -9.0886e-001
620 +5.423394772e+000 +5.423394772e+000 +2.485333948e+002 +2.485333948e+002 +7.7700e-001 -2.6362e+000 +1.8035e+000 -6.9164e-001 +2.9053e-001
640 +4.855333521e+000 +4.855333521e+000 +2.479653335e+002 +2.479653335e+002 +4.1385e-001 -2.6844e+000 +1.4270e+000 -3.2010e-001 +3.7841e-001
643 +4.430580351e+000 +4.430580351e+000 +2.475405804e+002 +2.475405804e+002 +9.8988e-001 -2.7385e+000 +1.7784e+000 -5.8931e-001 +4.6681e-001
713 +3.479642348e+000 +3.479642348e+000 +2.465896423e+002 +2.465896423e+002 +7.2724e-001 -2.7708e+000 +1.6367e+000 -4.8738e-001 +3.0916e-001
864 +2.848031196e+000 +2.848031196e+000 +2.459580312e+002 +2.459580312e+002 +8.4727e-001 -2.6748e+000 +1.8282e+000 -5.5742e-001 +2.5528e-001
870 +2.670390098e+000 +2.670390098e+000 +2.457803901e+002 +2.457803901e+002 +7.2013e-001 -2.6594e+000 +1.7530e+000 -4.7707e-001 +3.8083e-001
883 +2.265201410e+000 +2.265201410e+000 +2.453752014e+002 +2.453752014e+002 +7.9966e-001 -2.6559e+000 +1.7821e+000 -5.3194e-001 +4.3817e-001
943 +1.935905147e+000 +1.935905147e+000 +2.450459051e+002 +2.450459051e+002 +7.9036e-001 -2.6603e+000 +1.7535e+000 -5.2480e-001 +4.0958e-001
1235 +1.816877750e+000 +1.816877750e+000 +2.449268778e+002 +2.449268778e+002 +7.8607e-001 -2.6807e+000 +1.7623e+000 -5.4408e-001 +3.7386e-001
1290 +1.743244667e+000 +1.743244667e+000 +2.448532447e+002 +2.448532447e+002 +7.8111e-001 -2.6900e+000 +1.7520e+000 -5.4135e-001 +3.1393e-001
1412 +1.638724830e+000 +1.638724830e+000 +2.447487248e+002 +2.447487248e+002 +7.9162e-001 -2.7021e+000 +1.7677e+000 -5.3655e-001 +3.5032e-001
1481 +1.568363235e+000 +1.568363235e+000 +2.446783632e+002 +2.446783632e+002 +8.0541e-001 -2.7042e+000 +1.7690e+000 -5.3723e-001 +3.3219e-001
1500 +1.538328893e+000 +1.538328893e+000 +2.446483289e+002 +2.446483289e+002 +8.3937e-001 -2.7719e+000 +1.7592e+000 -5.0116e-001 +3.2715e-001
1522 +1.448435975e+000 +1.448435975e+000 +2.445584360e+002 +2.445584360e+002 +8.2436e-001 -2.7129e+000 +1.7747e+000 -5.2756e-001 +3.6353e-001
1537 +1.407924069e+000 +1.407924069e+000 +2.445179241e+002 +2.445179241e+002 +8.3744e-001 -2.7522e+000 +1.7596e+000 -5.2286e-001 +3.3980e-001
1632 +1.164530849e+000 +1.164530849e+000 +2.442745308e+002 +2.442745308e+002 +8.3607e-001 -2.7542e+000 +1.7508e+000 -5.0372e-001 +3.5178e-001
1761 +9.571558214e-001 +9.571558214e-001 +2.440671558e+002 +2.440671558e+002 +8.3011e-001 -2.7566e+000 +1.7547e+000 -4.9964e-001 +3.4550e-001
1958 +9.380713254e-001 +9.380713254e-001 +2.440480713e+002 +2.440480713e+002 +8.2807e-001 -2.7540e+000 +1.7540e+000 -5.0083e-001 +3.4687e-001
1989 +9.318977089e-001 +9.318977089e-001 +2.440418977e+002 +2.440418977e+002 +8.2564e-001 -2.7531e+000 +1.7511e+000 -5.0062e-001 +3.4656e-001
2082 +8.868901818e-001 +8.868901818e-001 +2.439968902e+002 +2.439968902e+002 +8.2747e-001 -2.7537e+000 +1.7534e+000 -4.9945e-001 +3.4758e-001
2096 +8.468892007e-001 +8.468892007e-001 +2.439568892e+002 +2.439568892e+002 +8.2577e-001 -2.7529e+000 +1.7525e+000 -4.9897e-001 +3.4809e-001
2172 +8.285736615e-001 +8.285736615e-001 +2.439385737e+002 +2.439385737e+002 +8.2691e-001 -2.7534e+000 +1.7531e+000 -4.9919e-001 +3.4838e-001
2606 +8.113738995e-001 +8.113738995e-001 +2.439213739e+002 +2.439213739e+002 +8.2749e-001 -2.7533e+000 +1.7536e+000 -4.9920e-001 +3.4932e-001
% function evaluation | noise-free fitness - Fopt (-1.436200000000e+002) | best noise-free fitness - Fopt | measured fitness | best measured fitness | x1 | x2...
1 +8.589019766e+001 +8.589019766e+001 -5.772980234e+001 -5.772980234e+001 +0.0000e+000 +0.0000e+000 +0.0000e+000 +0.0000e+000 +0.0000e+000
2 +7.437898832e+001 +7.437898832e+001 -6.924101168e+001 -6.924101168e+001 -1.1983e+000 +2.5889e+000 +1.2049e-001 +3.7384e+000 -2.9866e+000
36 +5.906220653e+001 +5.906220653e+001 -8.455779347e+001 -8.455779347e+001 -1.1978e+000 +1.8578e+000 +1.1054e-001 +3.7615e+000 -3.0036e+000
52 +5.436765563e+001 +5.436765563e+001 -8.925234437e+001 -8.925234437e+001 -1.1926e+000 +2.4574e+000 +1.1093e-001 +3.5803e+000 -2.9729e+000
63 +5.351364180e+001 +5.351364180e+001 -9.010635820e+001 -9.010635820e+001 -1.1937e+000 +2.4479e+000 +1.1853e-001 +3.6441e+000 -2.9917e+000
79 +4.987762434e+001 +4.987762434e+001 -9.374237566e+001 -9.374237566e+001 -1.1907e+000 +2.4427e+000 +1.1813e-001 +3.6012e+000 -2.9588e+000
112 +3.684626905e+001 +3.684626905e+001 -1.067737310e+002 -1.067737310e+002 -1.2030e+000 +2.3625e+000 +1.4092e-001 +3.5162e+000 -2.9067e+000
130 +3.527134825e+001 +3.527134825e+001 -1.083486518e+002 -1.083486518e+002 -1.1890e+000 +2.3315e+000 +1.4115e-001 +3.4884e+000 -2.8874e+000
190 +3.099103962e+001 +3.099103962e+001 -1.126289604e+002 -1.126289604e+002 -1.1948e+000 +2.2043e+000 +1.8051e-001 +3.7643e+000 -2.8901e+000
250 +3.031058765e+001 +3.031058765e+001 -1.133094124e+002 -1.133094124e+002 -1.1993e+000 +2.3042e+000 +1.3737e-001 +3.4359e+000 -2.8536e+000
323 +3.008294479e+001 +3.008294479e+001 -1.135370552e+002 -1.135370552e+002 -1.2060e+000 +2.3707e+000 +1.4174e-001 +3.4610e+000 -2.8501e+000
411 +2.940109237e+001 +2.940109237e+001 -1.142189076e+002 -1.142189076e+002 -1.1948e+000 +2.3661e+000 +1.4293e-001 +3.4607e+000 -2.8482e+000
430 +2.829588734e+001 +2.829588734e+001 -1.153241127e+002 -1.153241127e+002 -1.1806e+000 +2.3656e+000 +1.3755e-001 +3.4376e+000 -2.8268e+000
552 +2.813436677e+001 +2.813436677e+001 -1.154856332e+002 -1.154856332e+002 -1.1911e+000 +2.3317e+000 +1.3399e-001 +3.3993e+000 -2.8340e+000
704 +2.751893920e+001 +2.751893920e+001 -1.161010608e+002 -1.161010608e+002 -1.1931e+000 +2.3542e+000 +1.4184e-001 +3.4210e+000 -2.8240e+000
863 +2.688515249e+001 +2.688515249e+001 -1.167348475e+002 -1.167348475e+002 -1.1865e+000 +2.3573e+000 +1.4131e-001 +3.3911e+000 -2.8081e+000
% function evaluation | noise-free fitness - Fopt (4.290000000000e+001) | best noise-free fitness - Fopt | measured fitness | best measured fitness | x1 | x2...
1 +2.998582459e+001 +2.998582459e+001 +7.288582459e+001 +7.288582459e+001 +0.0000e+000 +0.0000e+000 +0.0000e+000 +0.0000e+000 +0.0000e+000
% function evaluation | noise-free fitness - Fopt (6.286500000000e+002) | best noise-free fitness - Fopt | measured fitness | best measured fitness | x1 | x2...
1 +6.308560803e+001 +6.308560803e+001 +6.917356080e+002 +6.917356080e+002 +0.0000e+000 +0.0000e+000 +0.0000e+000 +0.0000e+000 +0.0000e+000
2 +4.250853465e+001 +4.250853465e+001 +6.711585346e+002 +6.711585346e+002 +1.1591e+000 +1.2770e+000 -1.4593e+000 -2.1700e+000 +8.0958e-001
3 +4.108113730e+001 +4.108113730e+001 +6.697311373e+002 +6.697311373e+002 +1.1594e+000 +1.2790e+000 -1.4810e+000 -2.1653e+000 +8.2235e-001
4 +3.312408389e+001 +3.312408389e+001 +6.617740839e+002 +6.617740839e+002 +1.1436e+000 +1.2879e+000 -1.5423e+000 -2.1749e+000 +8.2296e-001
43 +3.284515050e+001 +3.284515050e+001 +6.614951505e+002 +6.614951505e+002 +1.1650e+000 +1.2924e+000 -1.4704e+000 -2.2039e+000 +8.9719e-001
47 +3.104818522e+001 +3.104818522e+001 +6.596981852e+002 +6.596981852e+002 +1.1418e+000 +1.3964e+000 -1.4940e+000 -2.1260e+000 +8.2255e-001
56 +2.804880457e+001 +2.804880457e+001 +6.566988046e+002 +6.566988046e+002 +1.0847e+000 +1.2634e+000 -1.5609e+000 -2.0498e+000 +8.7951e-001
77 +2.751655587e+001 +2.751655587e+001 +6.561665559e+002 +6.561665559e+002 +1.0945e+000 +1.2899e+000 -1.4294e+000 -2.2271e+000 +8.4094e-001
81 +2.598546799e+001 +2.598546799e+001 +6.546354680e+002 +6.546354680e+002 +1.1328e+000 +1.2170e+000 -1.4884e+000 -2.1357e+000 +9.0627e-001
88 +2.536483924e+001 +2.536483924e+001 +6.540148392e+002 +6.540148392e+002 +1.1112e+000 +1.2256e+000 -1.5506e+000 -1.9660e+000 +8.5755e-001
105 +2.469404544e+001 +2.469404544e+001 +6.533440454e+002 +6.533440454e+002 +1.0612e+000 +1.4610e+000 -1.4795e+000 -2.4766e+000 +8.1745e-001
109 +2.021123045e+001 +2.021123045e+001 +6.488612304e+002 +6.488612304e+002 +1.1115e+000 +1.2905e+000 -1.5368e+000 -1.9244e+000 +8.2872e-001
188 +1.822759615e+001 +1.822759615e+001 +6.468775961e+002 +6.468775961e+002 +5.7317e-001 +1.3616e+000 -1.6211e+000 -2.2722e+000 +8.0226e-001
333 +1.758249326e+001 +1.758249326e+001 +6.462324933e+002 +6.462324933e+002 +1.1585e-001 +1.6762e+000 -1.9436e+000 -1.4906e+000 +3.8027e-001
404 +1.653059127e+001 +1.653059127e+001 +6.451805913e+002 +6.451805913e+002 -1.1772e+000 +1.6435e+000 -3.1300e+000 -2.3720e+000 +1.3880e+000
405 +1.345919476e+001 +1.345919476e+001 +6.421091948e+002 +6.421091948e+002 -2.5862e+000 +1.4649e+000 -2.1592e+000 -1.5267e+000 +1.4303e+000
442 +9.652543048e+000 +9.652543048e+000 +6.383025430e+002 +6.383025430e+002 -2.3625e+000 +7.7076e-001 -2.3456e+000 -5.5024e-001 +1.1412e+000
447 +8.572268624e+000 +8.572268624e+000 +6.372222686e+002 +6.372222686e+002 -2.9799e+000 +7.6010e-001 -1.6595e+000 -1.7330e+000 +2.4324e+000
491 +7.592185166e+000 +7.592185166e+000 +6.362421852e+002 +6.362421852e+002 -1.9811e+000 +2.1753e-001 -2.8650e+000 -4.1472e-001 +1.5319e+000
496 +5.801540191e+000 +5.801540191e+000 +6.344515402e+002 +6.344515402e+002 -2.3258e+000 +1.7970e-001 -2.7815e+000 -1.3990e+000 +1.9465e+000
570 +5.447822304e+000 +5.447822304e+000 +6.340978223e+002 +6.340978223e+002 -2.1208e+000 +1.5090e-001 -2.9737e+000 -5.0690e-001 +2.1825e+000
594 +3.467778293e+000 +3.467778293e+000 +6.321177783e+002 +6.321177783e+002 -1.9576e+000 +5.0391e-001 -2.7263e+000 -1.0567e+000 +1.7561e+000
621 +2.886530394e+000 +2.886530394e+000 +6.315365304e+002 +6.315365304e+002 -2.3013e+000 +3.4181e-001 -2.9556e+000 -1.2736e+000 +2.0851e+000
688 +2.081269558e+000 +2.081269558e+000 +6.307312696e+002 +6.307312696e+002 -2.1603e+000 +7.1969e-001 -2.9973e+000 -1.5068e+000 +2.2430e+000
695 +1.727707947e+000 +1.727707947e+000 +6.303777079e+002 +6.303777079e+002 -2.1997e+000 +7.3419e-001 -2.7374e+000 -1.5138e+000 +2.1786e+000
710 +1.565162175e+000 +1.565162175e+000 +6.302151622e+002 +6.302151622e+002 -2.2025e+000 +1.1874e+000 -2.8712e+000 -2.0629e+000 +2.2126e+000
788 +1.008321387e+000 +1.008321387e+000 +6.296583214e+002 +6.296583214e+002 -2.2752e+000 +9.4387e-001 -2.8348e+000 -1.8960e+000 +2.2207e+000
858 +6.416306608e-001 +6.416306608e-001 +6.292916307e+002 +6.292916307e+002 -2.3866e+000 +8.9276e-001 -2.8256e+000 -1.8624e+000 +2.1505e+000
1058 +5.558072497e-001 +5.558072497e-001 +6.292058072e+002 +6.292058072e+002 -2.3265e+000 +8.6792e-001 -2.8634e+000 -1.8710e+000 +2.1216e+000
1065 +5.462682267e-001 +5.462682267e-001 +6.291962682e+002 +6.291962682e+002 -2.3546e+000 +8.5962e-001 -2.8549e+000 -1.8562e+000 +2.1105e+000
1154 +5.156508449e-001 +5.156508449e-001 +6.291656508e+002 +6.291656508e+002 -2.3319e+000 +8.4475e-001 -2.8493e+000 -1.8416e+000 +2.1245e+000
1205 +4.682926053e-001 +4.682926053e-001 +6.291182926e+002 +6.291182926e+002 -2.3363e+000 +9.3887e-001 -2.8376e+000 -1.8402e+000 +2.1698e+000
1236 +4.183569607e-001 +4.183569607e-001 +6.290683570e+002 +6.290683570e+002 -2.3359e+000 +9.2340e-001 -2.8332e+000 -1.9075e+000 +2.1452e+000
1258 +4.078154274e-001 +4.078154274e-001 +6.290578154e+002 +6.290578154e+002 -2.3414e+000 +9.2362e-001 -2.8167e+000 -1.8614e+000 +2.1525e+000
1310 +3.105256565e-001 +3.105256565e-001 +6.289605257e+002 +6.289605257e+002 -2.3350e+000 +8.7349e-001 -2.8573e+000 -1.8877e+000 +2.1338e+000
1390 +3.001741650e-001 +3.001741650e-001 +6.289501742e+002 +6.289501742e+002 -2.3348e+000 +8.8149e-001 -2.8374e+000 -1.8789e+000 +2.1401e+000
1430 +2.848647586e-001 +2.848647586e-001 +6.289348648e+002 +6.289348648e+002 -2.3332e+000 +8.7410e-001 -2.8578e+000 -1.8920e+000 +2.1353e+000
1441 +2.535460023e-001 +2.535460023e-001 +6.289035460e+002 +6.289035460e+002 -2.3314e+000 +8.7166e-001 -2.8615e+000 -1.9019e+000 +2.1323e+000
1451 +1.376666684e-001 +1.376666684e-001 +6.287876667e+002 +6.287876667e+002 -2.3352e+000 +8.9153e-001 -2.8454e+000 -1.8877e+000 +2.1431e+000
2626 +1.254524537e-001 +1.254524537e-001 +6.287754525e+002 +6.287754525e+002 -2.3348e+000 +8.8733e-001 -2.8496e+000 -1.8932e+000 +2.1389e+000
3284 +1.193335554e-001 +1.193335554e-001 +6.287693336e+002 +6.287693336e+002 -2.3342e+000 +8.8858e-001 -2.8496e+000 -1.8946e+000 +2.1397e+000
4192 +1.168000115e-001 +1.168000115e-001 +6.287668000e+002 +6.287668000e+002 -2.3342e+000 +8.8866e-001 -2.8496e+000 -1.8945e+000 +2.1398e+000
% function evaluation | noise-free fitness - Fopt (-7.163000000000e+001) | best noise-free fitness - Fopt | measured fitness | best measured fitness | x1 | x2...
1 +2.733428486e+002 +2.733428486e+002 +2.017128486e+002 +2.017128486e+002 +0.0000e+000 +0.0000e+000 +0.0000e+000 +0.0000e+000 +0.0000e+000
107 +2.493992059e+002 +2.493992059e+002 +1.777692059e+002 +1.777692059e+002 +2.8252e+000 -4.9583e+000 +4.8442e+000 -4.5351e+000 +8.9925e-001
108 +2.084464141e+002 +2.084464141e+002 +1.368164141e+002 +1.368164141e+002 +2.7329e+000 -4.9580e+000 +4.8769e+000 -4.4205e+000 +8.9685e-001
154 +1.599219129e+002 +1.599219129e+002 +8.829191286e+001 +8.829191286e+001 +2.9753e+000 -4.9497e+000 +4.8312e+000 -4.5078e+000 +9.2148e-001
229 +1.291831371e+002 +1.291831371e+002 +5.755313711e+001 +5.755313711e+001 +3.0573e+000 -4.9552e+000 +4.8210e+000 -3.9783e+000 +9.9679e-001
294 +1.129065548e+002 +1.129065548e+002 +4.127655478e+001 +4.127655478e+001 +3.3955e+000 -4.9443e+000 +4.6397e+000 -3.5739e+000 +1.0469e+000
317 +1.092491144e+002 +1.092491144e+002 +3.761911438e+001 +3.761911438e+001 +2.8901e+000 -4.9301e+000 +4.8077e+000 -3.9088e+000 +8.8258e-001
329 +1.058201576e+002 +1.058201576e+002 +3.419015761e+001 +3.419015761e+001 +2.5873e+000 -4.9351e+000 +4.7614e+000 -3.2876e+000 +8.8479e-001
385 +7.988788592e+001 +7.988788592e+001 +8.257885925e+000 +8.257885925e+000 +1.0514e+000 -5.1114e+000 +4.4854e+000 +6.5538e+000 +5.6010e-001
406 +6.635334429e+001 +6.635334429e+001 -5.276655708e+000 -5.276655708e+000 +8.1565e-001 -5.9106e+000 +4.8078e+000 +5.0384e-001 +1.7739e+000
410 +5.443118441e+001 +5.443118441e+001 -1.719881559e+001 -1.719881559e+001 +3.5062e+000 -5.0129e+000 +4.5430e+000 +1.4908e+000 +6.6224e-001
416 +4.590177636e+001 +4.590177636e+001 -2.572822364e+001 -2.572822364e+001 +2.2964e+000 -5.1099e+000 +4.5930e+000 +2.2426e+000 +1.2861e+000
421 +3.627883720e+001 +3.627883720e+001 -3.535116280e+001 -3.535116280e+001 +9.7628e-001 -4.7663e+000 +4.6675e+000 +3.2958e+000 +7.6929e-001
441 +3.382091189e+001 +3.382091189e+001 -3.780908811e+001 -3.780908811e+001 +2.2355e-001 -4.9820e+000 +4.6779e+000 +2.1034e+000 +1.1342e+000
448 +2.811829936e+001 +2.811829936e+001 -4.351170064e+001 -4.351170064e+001 -2.4457e-001 -4.7857e+000 +4.6206e+000 +2.8558e+000 +3.1286e+000
474 +2.134795714e+001 +2.134795714e+001 -5.028204286e+001 -5.028204286e+001 +2.5733e+000 -5.1962e+000 +4.5821e+000 +5.0089e+000 +2.2616e+000
523 +2.037332466e+001 +2.037332466e+001 -5.125667534e+001 -5.125667534e+001 +5.0382e+000 -4.5042e+000 +4.4860e+000 +3.4074e+000 +1.9842e+000
568 +1.117797294e+001 +1.117797294e+001 -6.045202706e+001 -6.045202706e+001 +4.1124e+000 -4.9546e+000 +3.9845e+000 +5.3385e+000 +1.5639e+000
660 +1.012408156e+001 +1.012408156e+001 -6.150591844e+001 -6.150591844e+001 +3.7521e+000 -4.6134e+000 +3.9059e+000 +3.7908e+000 +2.9021e+000
705 +9.218198657e+000 +9.218198657e+000 -6.241180134e+001 -6.241180134e+001 +3.3174e+000 -4.5967e+000 +3.8826e+000 +5.1894e+000 +2.0883e+000
949 +8.147232030e+000 +8.147232030e+000 -6.348276797e+001 -6.348276797e+001 +3.4173e+000 -3.7584e+000 +3.2007e+000 +4.0796e+000 +2.5969e+000
992 +7.257898908e+000 +7.257898908e+000 -6.437210109e+001 -6.437210109e+001 +3.2304e+000 -4.4512e+000 +3.0310e+000 +4.8522e+000 +2.5244e+000
1013 +6.491283738e+000 +6.491283738e+000 -6.513871626e+001 -6.513871626e+001 +3.2175e+000 -4.5280e+000 +3.2426e+000 +4.2292e+000 +2.9026e+000
1059 +6.012578655e+000 +6.012578655e+000 -6.561742134e+001 -6.561742134e+001 +3.2095e+000 -4.4248e+000 +3.2283e+000 +4.2746e+000 +3.0409e+000
1106 +5.526899863e+000 +5.526899863e+000 -6.610310014e+001 -6.610310014e+001 +3.0053e+000 -4.3306e+000 +2.9605e+000 +4.6434e+000 +2.7423e+000
1176 +5.216058758e+000 +5.216058758e+000 -6.641394124e+001 -6.641394124e+001 +2.8826e+000 -4.5274e+000 +2.9595e+000 +4.5636e+000 +2.7964e+000
1262 +4.989836148e+000 +4.989836148e+000 -6.664016385e+001 -6.664016385e+001 +2.9907e+000 -4.5704e+000 +2.6840e+000 +4.4947e+000 +2.7953e+000
1357 +4.196857140e+000 +4.196857140e+000 -6.743314286e+001 -6.743314286e+001 +2.8822e+000 -4.6642e+000 +2.7318e+000 +4.5487e+000 +2.8551e+000
1375 +3.555476499e+000 +3.555476499e+000 -6.807452350e+001 -6.807452350e+001 +2.9246e+000 -4.6906e+000 +2.8072e+000 +4.4991e+000 +2.8681e+000
1418 +3.147092466e+000 +3.147092466e+000 -6.848290753e+001 -6.848290753e+001 +2.9201e+000 -4.5679e+000 +2.8110e+000 +4.5202e+000 +2.7852e+000
1474 +2.952782483e+000 +2.952782483e+000 -6.867721752e+001 -6.867721752e+001 +2.9044e+000 -4.6019e+000 +2.8334e+000 +4.4897e+000 +2.8425e+000
1524 +2.757914820e+000 +2.757914820e+000 -6.887208518e+001 -6.887208518e+001 +2.9424e+000 -4.5983e+000 +2.8713e+000 +4.4949e+000 +2.8005e+000
1675 +2.732688274e+000 +2.732688274e+000 -6.889731173e+001 -6.889731173e+001 +2.9092e+000 -4.5705e+000 +2.8557e+000 +4.4506e+000 +2.8130e+000
1761 +2.664074706e+000 +2.664074706e+000 -6.896592529e+001 -6.896592529e+001 +2.9303e+000 -4.5846e+000 +2.8535e+000 +4.4625e+000 +2.8240e+000
1814 +2.452564232e+000 +2.452564232e+000 -6.917743577e+001 -6.917743577e+001 +2.9214e+000 -4.5886e+000 +2.8635e+000 +4.4452e+000 +2.8322e+000
1982 +2.397936265e+000 +2.397936265e+000 -6.923206374e+001 -6.923206374e+001 +2.9552e+000 -4.5824e+000 +2.8915e+000 +4.4565e+000 +2.8080e+000
2477 +2.270757176e+000 +2.270757176e+000 -6.935924282e+001 -6.935924282e+001 +2.9759e+000 -4.5840e+000 +2.9172e+000 +4.4228e+000 +2.8267e+000
2567 +2.237048683e+000 +2.237048683e+000 -6.939295132e+001 -6.939295132e+001 +2.9817e+000 -4.5979e+000 +2.9244e+000 +4.4213e+000 +2.8311e+000
2582 +2.176640676e+000 +2.176640676e+000 -6.945335932e+001 -6.945335932e+001 +2.9860e+000 -4.6083e+000 +2.9299e+000 +4.4241e+000 +2.8271e+000
2795 +2.109513734e+000 +2.109513734e+000 -6.952048627e+001 -6.952048627e+001 +2.9798e+000 -4.5918e+000 +2.9229e+000 +4.4224e+000 +2.8245e+000
2933 +2.042154105e+000 +2.042154105e+000 -6.958784590e+001 -6.958784590e+001 +2.9767e+000 -4.5921e+000 +2.9212e+000 +4.4237e+000 +2.8241e+000
2958 +2.019217204e+000 +2.019217204e+000 -6.961078280e+001 -6.961078280e+001 +2.9777e+000 -4.5914e+000 +2.9218e+000 +4.4237e+000 +2.8235e+000
3848 +1.994423958e+000 +1.994423958e+000 -6.963557604e+001 -6.963557604e+001 +2.9761e+000 -4.5917e+000 +2.9204e+000 +4.4226e+000 +2.8250e+000
% function evaluation | noise-free fitness - Fopt (1.976000000000e+001) | best noise-free fitness - Fopt | measured fitness | best measured fitness | x1 | x2...
1 +7.510062496e+001 +7.510062496e+001 +9.486062496e+001 +9.486062496e+001 +0.0000e+000 +0.0000e+000 +0.0000e+000 +0.0000e+000 +0.0000e+000
80 +6.567586128e+001 +6.567586128e+001 +8.543586128e+001 +8.543586128e+001 +1.1210e-001 +4.1324e+000 -3.8491e+000 -2.0933e-002 +4.5740e+000
103 +6.230151811e+001 +6.230151811e+001 +8.206151811e+001 +8.206151811e+001 +1.2281e-001 +4.1445e+000 -3.8562e+000 -2.6330e-002 +4.5495e+000
109 +6.010738062e+001 +6.010738062e+001 +7.986738062e+001 +7.986738062e+001 +8.3288e-002 +4.1067e+000 -3.8406e+000 -3.4114e-002 +4.5206e+000
157 +5.823366642e+001 +5.823366642e+001 +7.799366642e+001 +7.799366642e+001 +1.2107e-001 +4.1212e+000 -3.7641e+000 +6.6725e-003 +4.5506e+000
220 +5.682736213e+001 +5.682736213e+001 +7.658736213e+001 +7.658736213e+001 +1.6114e-001 +4.1334e+000 -3.7143e+000 +5.3170e-002 +4.5701e+000
510 +5.622440855e+001 +5.622440855e+001 +7.598440855e+001 +7.598440855e+001 +7.5277e-002 +4.1025e+000 -3.7216e+000 +1.5663e-002 +4.5353e+000
806 +5.487721471e+001 +5.487721471e+001 +7.463721471e+001 +7.463721471e+001 +9.3086e-002 +4.0865e+000 -3.6983e+000 +2.2083e-002 +4.5250e+000
1102 +5.355923692e+001 +5.355923692e+001 +7.331923692e+001 +7.331923692e+001 +8.1707e-002 +4.0741e+000 -3.6640e+000 +2.2182e-002 +4.5069e+000
1653 +5.238798260e+001 +5.238798260e+001 +7.214798260e+001 +7.214798260e+001 +8.4525e-002 +4.0526e+000 -3.6228e+000 +2.6020e-002 +4.4959e+000
2631 +5.125591845e+001 +5.125591845e+001 +7.101591845e+001 +7.101591845e+001 +7.1366e-002 +4.0259e+000 -3.5763e+000 +2.9233e-002 +4.4768e+000
4193 +5.011320965e+001 +5.011320965e+001 +6.987320965e+001 +6.987320965e+001 +5.9958e-002 +3.9826e+000 -3.5015e+000 +3.6629e-002 +4.4527e+000
% function evaluation | noise-free fitness - Fopt (6.100000000000e-001) | best noise-free fitness - Fopt | measured fitness | best measured fitness | x1 | x2...
1 +1.525209808e+002 +1.525209808e+002 +1.531309808e+002 +1.531309808e+002 +0.0000e+000 +0.0000e+000 +0.0000e+000 +0.0000e+000 +0.0000e+000
279 +1.408981994e+002 +1.408981994e+002 +1.415081994e+002 +1.415081994e+002 -2.8111e+000 +2.9301e+000 +1.6993e+000 +1.1822e+000 -6.4950e+000
337 +8.362671874e+001 +8.362671874e+001 +8.423671874e+001 +8.423671874e+001 -2.2650e+000 +2.6245e+000 +3.2711e-001 +1.0336e+000 -6.5403e+000
380 +5.593932524e+001 +5.593932524e+001 +5.654932524e+001 +5.654932524e+001 -2.6318e+000 +3.6838e+000 -4.7350e-001 +7.9888e-001 -4.4388e+000
421 +4.189787051e+001 +4.189787051e+001 +4.250787051e+001 +4.250787051e+001 -1.8450e+000 +3.7243e+000 -9.7636e-001 +9.9124e-001 -4.6236e+000
481 +3.448439797e+001 +3.448439797e+001 +3.509439797e+001 +3.509439797e+001 -2.7373e-001 +3.4483e+000 -2.1868e+000 -3.0712e+000 -5.5071e-001
534 +2.757201160e+001 +2.757201160e+001 +2.818201160e+001 +2.818201160e+001 -4.3221e-001 +2.9546e+000 -2.6884e+000 -1.0592e+000 -2.2309e+000
561 +2.336419001e+001 +2.336419001e+001 +2.397419001e+001 +2.397419001e+001 +1.6689e+000 +1.0752e+000 -1.8861e+000 -3.8299e+000 -2.6218e+000
699 +1.980800620e+001 +1.980800620e+001 +2.041800620e+001 +2.041800620e+001 +9.8404e-001 +1.3362e+000 -4.1057e+000 -1.5718e+000 -5.0675e-001
742 +1.553759743e+001 +1.553759743e+001 +1.614759743e+001 +1.614759743e+001 +1.3748e+000 +5.0953e+000 -2.3406e+000 -1.9663e+000 -9.4413e-001
793 +1.526535050e+001 +1.526535050e+001 +1.587535050e+001 +1.587535050e+001 -3.2747e-001 +3.8243e+000 -4.0495e+000 -1.2865e+000 -1.3464e-001
821 +1.386984509e+001 +1.386984509e+001 +1.447984509e+001 +1.447984509e+001 -6.3819e-001 +1.3955e+000 -5.2763e+000 -1.5433e+000 -7.3409e-001
839 +1.207584614e+001 +1.207584614e+001 +1.268584614e+001 +1.268584614e+001 -8.6497e-001 +3.2568e-001 -4.3454e+000 -1.3330e+000 -1.1457e+000
869 +1.086565300e+001 +1.086565300e+001 +1.147565300e+001 +1.147565300e+001 -1.6191e+000 -4.1193e-001 -3.5661e+000 -1.7786e+000 -1.5504e+000
914 +9.461270828e+000 +9.461270828e+000 +1.007127083e+001 +1.007127083e+001 -4.8945e-001 -1.0211e+000 -3.8355e+000 -1.3109e+000 -1.8945e+000
982 +8.433146362e+000 +8.433146362e+000 +9.043146362e+000 +9.043146362e+000 -1.1792e+000 -1.2486e-003 -3.8693e+000 -1.8479e+000 -1.8259e+000
997 +7.575745350e+000 +7.575745350e+000 +8.185745350e+000 +8.185745350e+000 -6.2350e-001 +1.1247e+000 -3.9623e+000 -1.9907e+000 -1.7267e+000
1076 +7.059045937e+000 +7.059045937e+000 +7.669045937e+000 +7.669045937e+000 -1.0666e+000 -6.2982e-001 -4.0116e+000 -2.4119e+000 -1.9866e+000
1118 +3.828861614e+000 +3.828861614e+000 +4.438861614e+000 +4.438861614e+000 -1.1913e+000 -5.6359e-001 -3.8835e+000 -2.2121e+000 -2.4705e+000
1198 +2.484030464e+000 +2.484030464e+000 +3.094030464e+000 +3.094030464e+000 -7.0652e-001 -4.6966e-001 -3.8939e+000 -2.2330e+000 -2.4563e+000
1212 +1.277039036e+000 +1.277039036e+000 +1.887039036e+000 +1.887039036e+000 -5.7413e-001 -2.0059e-001 -3.9461e+000 -2.3266e+000 -2.3121e+000
1391 +1.181238239e+000 +1.181238239e+000 +1.791238239e+000 +1.791238239e+000 -5.8457e-001 -3.4190e-001 -3.9722e+000 -2.2925e+000 -2.2720e+000
1420 +9.223375695e-001 +9.223375695e-001 +1.532337570e+000 +1.532337570e+000 -6.3237e-001 -4.1086e-001 -3.9555e+000 -2.3200e+000 -2.3585e+000
1452 +8.532031325e-001 +8.532031325e-001 +1.463203132e+000 +1.463203132e+000 -5.4547e-001 -3.2600e-001 -3.9841e+000 -2.3222e+000 -2.2824e+000
1484 +6.529685595e-001 +6.529685595e-001 +1.262968559e+000 +1.262968559e+000 -5.5614e-001 -3.5497e-001 -3.9864e+000 -2.3126e+000 -2.2973e+000
1588 +5.225367642e-001 +5.225367642e-001 +1.132536764e+000 +1.132536764e+000 -5.5622e-001 -3.4778e-001 -3.9867e+000 -2.3105e+000 -2.2920e+000
1979 +5.103235657e-001 +5.103235657e-001 +1.120323566e+000 +1.120323566e+000 -5.6054e-001 -3.4234e-001 -3.9820e+000 -2.3080e+000 -2.2929e+000
2025 +4.887153774e-001 +4.887153774e-001 +1.098715377e+000 +1.098715377e+000 -5.5357e-001 -3.3902e-001 -3.9817e+000 -2.3109e+000 -2.2931e+000
2149 +4.318613143e-001 +4.318613143e-001 +1.041861314e+000 +1.041861314e+000 -5.5029e-001 -3.3442e-001 -3.9822e+000 -2.3109e+000 -2.2902e+000
2246 +4.230304577e-001 +4.230304577e-001 +1.033030458e+000 +1.033030458e+000 -5.5190e-001 -3.3571e-001 -3.9831e+000 -2.3103e+000 -2.2896e+000
2632 +4.163109649e-001 +4.163109649e-001 +1.026310965e+000 +1.026310965e+000 -5.5186e-001 -3.3693e-001 -3.9824e+000 -2.3107e+000 -2.2906e+000
2862 +4.027308491e-001 +4.027308491e-001 +1.012730849e+000 +1.012730849e+000 -5.5193e-001 -3.3687e-001 -3.9823e+000 -2.3107e+000 -2.2907e+000
3388 +3.970749014e-001 +3.970749014e-001 +1.007074901e+000 +1.007074901e+000 -5.5175e-001 -3.3690e-001 -3.9823e+000 -2.3108e+000 -2.2907e+000
% function evaluation | noise-free fitness - Fopt (-8.634400000000e+002) | best noise-free fitness - Fopt | measured fitness | best measured fitness | x1 | x2...
1 +1.570311397e+002 +1.570311397e+002 -7.064088603e+002 -7.064088603e+002 +0.0000e+000 +0.0000e+000 +0.0000e+000 +0.0000e+000 +0.0000e+000
557 +1.539252970e+002 +1.539252970e+002 -7.095147030e+002 -7.095147030e+002 -1.8912e+000 +4.8549e+000 +1.4846e+000 +4.2422e+000 -5.6690e-001
664 +1.498234795e+002 +1.498234795e+002 -7.136165205e+002 -7.136165205e+002 -1.7504e+000 +4.8523e+000 +1.4306e+000 +4.2737e+000 -5.3432e-001
864 +1.476386787e+002 +1.476386787e+002 -7.158013213e+002 -7.158013213e+002 -1.6850e+000 +4.9104e+000 +1.4062e+000 +4.1967e+000 -5.1749e-001
921 +1.303878447e+002 +1.303878447e+002 -7.330521553e+002 -7.330521553e+002 -1.3326e+000 +4.8683e+000 +8.5495e-001 -3.1274e+000 -4.7754e-001
954 +1.015890232e+002 +1.015890232e+002 -7.618509768e+002 -7.618509768e+002 -1.2610e+000 +4.8644e+000 +1.3415e+000 -1.3627e+000 -3.9228e-001
1035 +9.644891365e+001 +9.644891365e+001 -7.669910863e+002 -7.669910863e+002 -2.2529e+000 +4.7514e+000 +1.6193e+000 -2.5413e+000 -2.8501e-001
1058 +8.695251439e+001 +8.695251439e+001 -7.764874856e+002 -7.764874856e+002 -1.7225e+000 +4.6314e+000 +1.6644e+000 -3.5882e+000 -5.2812e-001
1122 +7.748836286e+001 +7.748836286e+001 -7.859516371e+002 -7.859516371e+002 +1.7017e+000 +4.2593e+000 +1.3352e+000 -3.2476e+000 +3.5766e-001
1164 +7.211236816e+001 +7.211236816e+001 -7.913276318e+002 -7.913276318e+002 -2.2463e+000 +4.2058e+000 +1.3800e+000 +2.2563e-001 +3.2245e+000
1209 +6.850036721e+001 +6.850036721e+001 -7.949396328e+002 -7.949396328e+002 -1.4420e+000 +4.2121e+000 +1.5544e+000 -3.7925e+000 +9.4857e-001
1255 +5.403744792e+001 +5.403744792e+001 -8.094025521e+002 -8.094025521e+002 -3.2191e+000 +6.2655e-001 +1.6301e+000 -2.9706e+000 +2.4178e+000
1259 +4.948844208e+001 +4.948844208e+001 -8.139515579e+002 -8.139515579e+002 +6.0469e-001 +2.2119e+000 +1.5065e+000 -2.3604e+000 +2.2427e+000
1290 +3.107389428e+001 +3.107389428e+001 -8.323661057e+002 -8.323661057e+002 -3.1523e+000 -2.6227e+000 +1.7348e+000 -1.1516e+000 +4.2648e+000
1327 +2.776707289e+001 +2.776707289e+001 -8.356729271e+002 -8.356729271e+002 -6.8397e-001 -2.8098e+000 +1.6949e+000 +6.5016e-001 +1.8463e-001
1362 +2.121842827e+001 +2.121842827e+001 -8.422215717e+002 -8.422215717e+002 -8.5740e-001 -6.0607e-001 +2.0635e+000 -2.5196e-002 +1.8802e-001
1384 +1.884741042e+001 +1.884741042e+001 -8.445925896e+002 -8.445925896e+002 -1.6879e+000 -1.7294e+000 +2.9124e+000 +1.1335e+000 +1.7500e+000
1425 +1.237379587e+001 +1.237379587e+001 -8.510662041e+002 -8.510662041e+002 -6.3857e-001 -2.4222e+000 +2.7265e+000 -6.7400e-002 +1.0304e+000
1435 +1.102947548e+001 +1.102947548e+001 -8.524105245e+002 -8.524105245e+002 -1.4950e+000 -1.5550e+000 +2.5466e+000 +5.9060e-002 +7.3627e-001
1505 +1.082519937e+001 +1.082519937e+001 -8.526148006e+002 -8.526148006e+002 -1.5782e+000 -2.2543e+000 +3.1498e+000 +1.4065e+000 +3.6591e-001
1522 +6.511329194e+000 +6.511329194e+000 -8.569286708e+002 -8.569286708e+002 -1.6372e+000 -2.2353e+000 +3.4341e+000 +1.3423e+000 -1.4452e-001
1552 +6.282751392e+000 +6.282751392e+000 -8.571572486e+002 -8.571572486e+002 -8.0474e-001 -2.2856e+000 +2.8445e+000 +1.5340e+000 +1.1698e+000
1589 +4.080575017e+000 +4.080575017e+000 -8.593594250e+002 -8.593594250e+002 -1.1212e+000 -1.5748e+000 +2.6863e+000 -1.5075e-001 +4.7712e-001
1822 +3.184869891e+000 +3.184869891e+000 -8.602551301e+002 -8.602551301e+002 -1.1237e+000 -1.6613e+000 +2.6544e+000 -5.5127e-001 -5.1009e-002
2661 +3.025093022e+000 +3.025093022e+000 -8.604149070e+002 -8.604149070e+002 -1.5214e+000 -2.1863e+000 +2.7937e+000 +1.2790e-001 +3.5318e-001
2766 +2.988671349e+000 +2.988671349e+000 -8.604513287e+002 -8.604513287e+002 -1.3969e+000 -1.8984e+000 +2.7280e+000 -2.0473e-001 +3.1780e-001
2774 +2.798366971e+000 +2.798366971e+000 -8.606416330e+002 -8.606416330e+002 -1.3122e+000 -1.9583e+000 +2.7213e+000 +9.2965e-002 +3.5257e-001
2775 +2.630489317e+000 +2.630489317e+000 -8.608095107e+002 -8.608095107e+002 -1.3357e+000 -1.9979e+000 +2.6818e+000 +1.3215e-001 +4.1667e-001
2792 +2.568205207e+000 +2.568205207e+000 -8.608717948e+002 -8.608717948e+002 -1.3443e+000 -1.9852e+000 +2.7110e+000 +8.2557e-002 +3.7193e-001
2852 +1.822426174e+000 +1.822426174e+000 -8.616175738e+002 -8.616175738e+002 -1.4006e+000 -1.9590e+000 +2.6582e+000 -1.1231e-001 +3.5553e-001
2939 +1.326232935e+000 +1.326232935e+000 -8.621137671e+002 -8.621137671e+002 -1.3715e+000 -1.9466e+000 +2.5508e+000 -2.0590e-001 +4.9982e-001
3088 +1.154238171e+000 +1.154238171e+000 -8.622857618e+002 -8.622857618e+002 -1.4004e+000 -1.9871e+000 +2.5560e+000 -2.0415e-001 +5.3963e-001
3142 +1.147043690e+000 +1.147043690e+000 -8.622929563e+002 -8.622929563e+002 -1.3706e+000 -1.9829e+000 +2.5804e+000 -1.6211e-001 +5.5390e-001
3219 +1.108080144e+000 +1.108080144e+000 -8.623319199e+002 -8.623319199e+002 -1.3106e+000 -1.9343e+000 +2.6340e+000 -1.6829e-001 +5.1926e-001
3318 +1.045467459e+000 +1.045467459e+000 -8.623945325e+002 -8.623945325e+002 -1.3713e+000 -1.9786e+000 +2.5725e+000 -1.7845e-001 +5.5989e-001
3320 +9.481539266e-001 +9.481539266e-001 -8.624918461e+002 -8.624918461e+002 -1.3403e+000 -1.9777e+000 +2.5883e+000 -1.3695e-001 +5.6061e-001
3381 +7.811540042e-001 +7.811540042e-001 -8.626588460e+002 -8.626588460e+002 -1.3432e+000 -1.9669e+000 +2.5788e+000 -1.4784e-001 +5.7132e-001
3417 +7.589920806e-001 +7.589920806e-001 -8.626810079e+002 -8.626810079e+002 -1.3414e+000 -1.9716e+000 +2.5819e+000 -1.4165e-001 +5.6517e-001
3505 +7.399707658e-001 +7.399707658e-001 -8.627000292e+002 -8.627000292e+002 -1.3464e+000 -1.9713e+000 +2.5843e+000 -1.4545e-001 +5.6129e-001
3581 +6.540035116e-001 +6.540035116e-001 -8.627859965e+002 -8.627859965e+002 -1.3438e+000 -1.9695e+000 +2.5838e+000 -1.5055e-001 +5.5330e-001
3804 +6.345912211e-001 +6.345912211e-001 -8.628054088e+002 -8.628054088e+002 -1.3361e+000 -1.9678e+000 +2.5781e+000 -1.4615e-001 +5.6585e-001
3817 +6.165709920e-001 +6.165709920e-001 -8.628234290e+002 -8.628234290e+002 -1.3370e+000 -1.9670e+000 +2.5803e+000 -1.4570e-001 +5.6598e-001
3884 +5.984875400e-001 +5.984875400e-001 -8.628415125e+002 -8.628415125e+002 -1.3376e+000 -1.9684e+000 +2.5806e+000 -1.4720e-001 +5.6446e-001
3916 +5.792464941e-001 +5.792464941e-001 -8.628607535e+002 -8.628607535e+002 -1.3368e+000 -1.9664e+000 +2.5809e+000 -1.4632e-001 +5.6210e-001
3986 +5.422781161e-001 +5.422781161e-001 -8.628977219e+002 -8.628977219e+002 -1.3367e+000 -1.9675e+000 +2.5814e+000 -1.4522e-001 +5.6322e-001
4166 +5.200134519e-001 +5.200134519e-001 -8.629199865e+002 -8.629199865e+002 -1.3375e+000 -1.9683e+000 +2.5802e+000 -1.4694e-001 +5.6393e-001
4324 +5.101672757e-001 +5.101672757e-001 -8.629298327e+002 -8.629298327e+002 -1.3373e+000 -1.9685e+000 +2.5803e+000 -1.4644e-001 +5.6405e-001
% function evaluation | noise-free fitness - Fopt (1.318500000000e+002) | best noise-free fitness - Fopt | measured fitness | best measured fitness | x1 | x2...
1 +5.411100743e+001 +5.411100743e+001 +1.859610074e+002 +1.859610074e+002 +0.0000e+000 +0.0000e+000 +0.0000e+000 +0.0000e+000 +0.0000e+000
104 +5.255042939e+001 +5.255042939e+001 +1.844004294e+002 +1.844004294e+002 -4.4168e+000 +5.2502e-001 -3.6379e+000 +2.0990e+000 -3.3811e+000
106 +4.968940374e+001 +4.968940374e+001 +1.815394037e+002 +1.815394037e+002 -4.4171e+000 +5.8724e-001 -3.5014e+000 +2.1202e+000 -3.2904e+000
134 +4.532140681e+001 +4.532140681e+001 +1.771714068e+002 +1.771714068e+002 -4.4157e+000 +5.6908e-001 -3.4601e+000 +2.0449e+000 -3.2813e+000
147 +4.459419097e+001 +4.459419097e+001 +1.764441910e+002 +1.764441910e+002 -4.4187e+000 +6.1167e-001 -3.4652e+000 +2.0792e+000 -3.3091e+000
154 +4.158896233e+001 +4.158896233e+001 +1.734389623e+002 +1.734389623e+002 -4.4163e+000 +6.6887e-001 -3.4474e+000 +2.0523e+000 -3.3463e+000
279 +4.006116181e+001 +4.006116181e+001 +1.719111618e+002 +1.719111618e+002 -4.4089e+000 +5.7531e-001 -3.4122e+000 +2.0023e+000 -3.2325e+000
426 +3.973431585e+001 +3.973431585e+001 +1.715843158e+002 +1.715843158e+002 -4.4017e+000 +6.4783e-001 -3.3957e+000 +1.9596e+000 -3.2895e+000
