% function evaluation | noise-free fitness - Fopt (-4.620900000000e+002) | best noise-free fitness - Fopt | measured fitness | best measured fitness | x1 | x2...
1 +9.180962943e+001 +9.180962943e+001 -3.702803706e+002 -3.702803706e+002 +0.0000e+000 +0.0000e+000 +0.0000e+000
155 +8.634524185e+001 +8.634524185e+001 -3.757447582e+002 -3.757447582e+002 +2.7804e+000 +7.3525e-001 +1.7277e-002
167 +8.251291434e+001 +8.251291434e+001 -3.795770857e+002 -3.795770857e+002 +2.4904e+000 +1.7269e+000 -7.1250e-002
168 +7.479863169e+001 +7.479863169e+001 -3.872913683e+002 -3.872913683e+002 +4.4999e-001 +8.3375e-001 -2.5425e-002
182 +6.730849380e+001 +6.730849380e+001 -3.947815062e+002 -3.947815062e+002 +8.4223e-001 +1.2686e+000 -3.1255e-002
187 +6.342246676e+001 +6.342246676e+001 -3.986675332e+002 -3.986675332e+002 +6.5091e-001 +1.8131e+000 +4.3403e-003
204 +5.559825292e+001 +5.559825292e+001 -4.064917471e+002 -4.064917471e+002 -2.8674e-001 +1.7131e+000 -4.5618e-002
232 +5.265021502e+001 +5.265021502e+001 -4.094397850e+002 -4.094397850e+002 -2.3938e+000 +1.6260e+000 -1.4244e-002
353 +5.039682134e+001 +5.039682134e+001 -4.116931787e+002 -4.116931787e+002 -4.5261e+000 +2.9897e+000 +7.1078e-001
360 +3.831882573e+001 +3.831882573e+001 -4.237711743e+002 -4.237711743e+002 -3.5703e+000 +1.6845e+000 +1.1928e+000
363 +3.586016102e+001 +3.586016102e+001 -4.262298390e+002 -4.262298390e+002 -3.5124e+000 +2.3578e+000 +1.1872e+000
390 +2.207945110e+001 +2.207945110e+001 -4.400105489e+002 -4.400105489e+002 -4.6770e+000 +2.2675e+000 +1.5436e+000
424 +7.778208689e+000 +7.778208689e+000 -4.543117913e+002 -4.543117913e+002 -4.2845e+000 +1.7881e+000 +2.1925e+000
569 +6.075497382e+000 +6.075497382e+000 -4.560145026e+002 -4.560145026e+002 -1.2913e+000 +2.2351e+000 +2.5739e+000
884 +3.215917138e+000 +3.215917138e+000 -4.588740829e+002 -4.588740829e+002 -1.4042e+000 +2.3038e+000 +2.2168e+000
902 +2.050474894e+000 +2.050474894e+000 -4.600395251e+002 -4.600395251e+002 -1.3675e+000 +2.3225e+000 +2.2001e+000
915 +1.288907597e+000 +1.288907597e+000 -4.608010924e+002 -4.608010924e+002 -1.3416e+000 +2.2874e+000 +2.2244e+000
1893 +1.194310777e+000 +1.194310777e+000 -4.608956892e+002 -4.608956892e+002 -2.4010e+000 +2.2894e+000 +2.2318e+000
2006 +1.107143705e+000 +1.107143705e+000 -4.609828563e+002 -4.609828563e+002 -2.3950e+000 +2.3308e+000 +2.2177e+000
2027 +7.666594651e-001 +7.666594651e-001 -4.613233405e+002 -4.613233405e+002 -2.4011e+000 +2.2876e+000 +2.2105e+000
2075 +6.292492353e-001 +6.292492353e-001 -4.614607508e+002 -4.614607508e+002 -2.3923e+000 +2.2927e+000 +2.2083e+000
2088 +5.845538448e-001 +5.845538448e-001 -4.615054462e+002 -4.615054462e+002 -2.3895e+000 +2.3067e+000 +2.2198e+000
2111 +5.092729459e-001 +5.092729459e-001 -4.615807271e+002 -4.615807271e+002 -2.3897e+000 +2.3029e+000 +2.2128e+000
2133 +4.700685124e-001 +4.700685124e-001 -4.616199315e+002 -4.616199315e+002 -2.3860e+000 +2.3048e+000 +2.2120e+000
2137 +3.852399938e-001 +3.852399938e-001 -4.617047600e+002 -4.617047600e+002 -2.3815e+000 +2.3017e+000 +2.2156e+000
2147 +2.871696936e-001 +2.871696936e-001 -4.618028303e+002 -4.618028303e+002 -2.3680e+000 +2.3159e+000 +2.2128e+000
2149 +1.860241592e-001 +1.860241592e-001 -4.619039758e+002 -4.619039758e+002 -2.3467e+000 +2.2835e+000 +2.2144e+000
2154 +1.315401564e-001 +1.315401564e-001 -4.619584598e+002 -4.619584598e+002 -2.3665e+000 +2.3012e+000 +2.2134e+000
2162 +9.766236790e-002 +9.766236790e-002 -4.619923376e+002 -4.619923376e+002 -2.3251e+000 +2.3024e+000 +2.2092e+000
2168 +2.166312202e-002 +2.166312202e-002 -4.620683369e+002 -4.620683369e+002 -2.3515e+000 +2.3007e+000 +2.2131e+000
2188 +1.779538791e-002 +1.779538791e-002 -4.620722046e+002 -4.620722046e+002 -2.3465e+000 +2.3021e+000 +2.2115e+000
2192 +3.625392570e-003 +3.625392570e-003 -4.620863746e+002 -4.620863746e+002 -2.3428e+000 +2.3016e+000 +2.2126e+000
2194 +5.898620659e-004 +5.898620659e-004 -4.620894101e+002 -4.620894101e+002 -2.3423e+000 +2.3003e+000 +2.2138e+000
2213 +2.880798745e-004 +2.880798745e-004 -4.620897119e+002 -4.620897119e+002 -2.3409e+000 +2.3006e+000 +2.2138e+000
2233 +1.583876527e-004 +1.583876527e-004 -4.620898416e+002 -4.620898416e+002 -2.3412e+000 +2.2996e+000 +2.2137e+000
2273 +1.077093703e-004 +1.077093703e-004 -4.620898923e+002 -4.620898923e+002 -2.3405e+000 +2.3001e+000 +2.2134e+000
2276 +9.896222429e-005 +9.896222429e-005 -4.620899010e+002 -4.620899010e+002 -2.3412e+000 +2.3003e+000 +2.2135e+000
2292 +6.670419845e-005 +6.670419845e-005 -4.620899333e+002 -4.620899333e+002 -2.3410e+000 +2.3000e+000 +2.2138e+000
2302 +5.681263417e-005 +5.681263417e-005 -4.620899432e+002 -4.620899432e+002 -2.3406e+000 +2.3001e+000 +2.2134e+000
2313 +3.009596071e-006 +3.009596071e-006 -4.620899970e+002 -4.620899970e+002 -2.3409e+000 +2.3000e+000 +2.2136e+000
2401 +2.885295316e-006 +2.885295316e-006 -4.620899971e+002 -4.620899971e+002 -2.3407e+000 +2.3000e+000 +2.2136e+000
2406 +1.143034808e-006 +1.143034808e-006 -4.620899989e+002 -4.620899989e+002 -2.3408e+000 +2.3000e+000 +2.2136e+000
2427 +8.705404184e-007 +8.705404184e-007 -4.620899991e+002 -4.620899991e+002 -2.3408e+000 +2.3000e+000 +2.2136e+000
2438 +6.453029187e-007 +6.453029187e-007 -4.620899994e+002 -4.620899994e+002 -2.3408e+000 +2.3000e+000 +2.2136e+000
2444 +5.868727158e-007 +5.868727158e-007 -4.620899994e+002 -4.620899994e+002 -2.3408e+000 +2.3000e+000 +2.2136e+000
2452 +3.850631742e-007 +3.850631742e-007 -4.620899996e+002 -4.620899996e+002 -2.3408e+000 +2.3000e+000 +2.2136e+000
2464 +2.368144578e-007 +2.368144578e-007 -4.620899998e+002 -4.620899998e+002 -2.3408e+000 +2.3000e+000 +2.2136e+000
2486 +4.265723419e-008 +4.265723419e-008 -4.620900000e+002 -4.620900000e+002 -2.3408e+000 +2.3000e+000 +2.2136e+000
2500 +5.518018042e-009 +5.518018042e-009 -4.620900000e+002 -4.620900000e+002 -2.3408e+000 +2.3000e+000 +2.2136e+000
2952 +0.000000000e+000 +0.000000000e+000 -4.620900000e+002 -4.620900000e+002 -2.3408e+000 +2.3000e+000 +2.2136e+000
% function evaluation | noise-free fitness - Fopt (7.766000000000e+001) | best noise-free fitness - Fopt | measured fitness | best measured fitness | x1 | x2...
1 +7.373269304e+001 +7.373269304e+001 +1.513926930e+002 +1.513926930e+002 +0.0000e+000 +0.0000e+000 +0.0000e+000
84 +6.611705113e+001 +6.611705113e+001 +1.437770511e+002 +1.437770511e+002 -2.1779e+000 +8.8948e-001 -2.4462e+000
86 +4.577678202e+001 +4.577678202e+001 +1.234367820e+002 +1.234367820e+002 -1.8333e+000 +9.2985e-001 -6.3660e-001
101 +3.482040851e+001 +3.482040851e+001 +1.124804085e+002 +1.124804085e+002 -1.7151e+000 +9.2830e-001 -1.2913e+000
163 +2.891031143e+001 +2.891031143e+001 +1.065703114e+002 +1.065703114e+002 -1.6388e+000 +9.0240e-001 -1.5719e+000
185 +2.238210028e+001 +2.238210028e+001 +1.000421003e+002 +1.000421003e+002 -7.3749e-001 +8.0606e-001 -1.2602e+000
299 +1.956654149e+001 +1.956654149e+001 +9.722654149e+001 +9.722654149e+001 +4.4799e-001 +8.4440e-001 -5.6739e-001
369 +1.861721630e+001 +1.861721630e+001 +9.627721630e+001 +9.627721630e+001 +4.6002e-001 +8.2151e-001 -1.9700e+000
381 +1.805227966e+001 +1.805227966e+001 +9.571227966e+001 +9.571227966e+001 +5.1350e-001 +8.4214e-001 -1.9466e+000
433 +1.771276923e+001 +1.771276923e+001 +9.537276923e+001 +9.537276923e+001 +4.4433e-001 +8.3819e-001 -1.9470e+000
442 +1.713661020e+001 +1.713661020e+001 +9.479661020e+001 +9.479661020e+001 +3.9730e-001 +8.6429e-001 -1.9559e+000
560 +1.696769746e+001 +1.696769746e+001 +9.462769746e+001 +9.462769746e+001 +4.4860e-001 +8.5615e-001 -1.9593e+000
% function evaluation | noise-free fitness - Fopt (1.156800000000e+002) | best noise-free fitness - Fopt | measured fitness | best measured fitness | x1 | x2...
1 +4.079349721e+001 +4.079349721e+001 +1.564734972e+002 +1.564734972e+002 +0.0000e+000 +0.0000e+000 +0.0000e+000
141 +1.884559450e+001 +1.884559450e+001 +1.345255945e+002 +1.345255945e+002 -3.1669e+000 -3.3115e+000 +5.8814e-001
261 +1.357176921e+001 +1.357176921e+001 +1.292517692e+002 +1.292517692e+002 +9.9920e-001 -1.6035e+000 -7.4034e-002
317 +1.151878287e+001 +1.151878287e+001 +1.271987829e+002 +1.271987829e+002 +9.2118e-001 -1.5522e+000 +2.2193e-001
% function evaluation | noise-free fitness - Fopt (-3.710000000000e+000) | best noise-free fitness - Fopt | measured fitness | best measured fitness | x1 | x2...
1 +7.156572542e+001 +7.156572542e+001 +6.785572542e+001 +6.785572542e+001 +0.0000e+000 +0.0000e+000 +0.0000e+000
196 +7.061973290e+001 +7.061973290e+001 +6.690973290e+001 +6.690973290e+001 +5.0168e+000 +9.9720e-001 +2.7778e+000
200 +6.766739874e+001 +6.766739874e+001 +6.395739874e+001 +6.395739874e+001 +5.0143e+000 +9.6859e-001 +2.7502e+000
201 +5.106847799e+001 +5.106847799e+001 +4.735847799e+001 +4.735847799e+001 +5.0020e+000 -1.8957e-001 +2.7543e+000
212 +4.673173631e+001 +4.673173631e+001 +4.302173631e+001 +4.302173631e+001 +4.9876e+000 -9.5809e-001 +2.7699e+000
214 +4.353367308e+001 +4.353367308e+001 +3.982367308e+001 +3.982367308e+001 +5.0164e+000 -1.1226e-002 +2.7514e+000
218 +2.927845681e+001 +2.927845681e+001 +2.556845681e+001 +2.556845681e+001 +5.0208e+000 -1.2522e+000 +2.7250e+000
229 +2.551419180e+001 +2.551419180e+001 +2.180419180e+001 +2.180419180e+001 +5.0946e+000 -5.3970e-001 +2.7712e+000
251 +2.459612406e+001 +2.459612406e+001 +2.088612406e+001 +2.088612406e+001 +5.0628e+000 -5.5838e-001 +2.7491e+000
283 +1.871357064e+001 +1.871357064e+001 +1.500357064e+001 +1.500357064e+001 +5.0872e+000 -2.3609e+000 +2.7384e+000
301 +1.777704222e+001 +1.777704222e+001 +1.406704222e+001 +1.406704222e+001 +5.0722e+000 -2.2656e+000 +2.7377e+000
347 +1.700589691e+001 +1.700589691e+001 +1.329589691e+001 +1.329589691e+001 +5.0665e+000 -2.8472e+000 +2.7467e+000
497 +1.574668209e+001 +1.574668209e+001 +1.203668209e+001 +1.203668209e+001 +5.0615e+000 -2.2798e+000 +2.7475e+000
581 +1.500852829e+001 +1.500852829e+001 +1.129852829e+001 +1.129852829e+001 +5.0588e+000 -2.3092e+000 +2.7574e+000
826 +1.476521169e+001 +1.476521169e+001 +1.105521169e+001 +1.105521169e+001 +5.0622e+000 -2.3069e+000 +2.7576e+000
915 +1.443675334e+001 +1.443675334e+001 +1.072675334e+001 +1.072675334e+001 +5.0671e+000 -2.2904e+000 +2.7585e+000
962 +1.373665970e+001 +1.373665970e+001 +1.002665970e+001 +1.002665970e+001 +5.0860e+000 -2.3109e+000 +2.7578e+000
994 +1.348765346e+001 +1.348765346e+001 +9.777653464e+000 +9.777653464e+000 +5.0909e+000 -2.2834e+000 +2.7576e+000
1027 +1.308972373e+001 +1.308972373e+001 +9.379723734e+000 +9.379723734e+000 +5.1050e+000 -2.2891e+000 +2.7575e+000
% function evaluation | noise-free fitness - Fopt (1.321800000000e+002) | best noise-free fitness - Fopt | measured fitness | best measured fitness | x1 | x2...
1 +1.579813147e+002 +1.579813147e+002 +2.901613147e+002 +2.901613147e+002 +0.0000e+000 +0.0000e+000 +0.0000e+000
2 +6.052271640e+001 +6.052271640e+001 +1.927027164e+002 +1.927027164e+002 -8.9579e-001 +3.6994e+000 +2.8848e+000
3 +5.392197793e+001 +5.392197793e+001 +1.861019779e+002 +1.861019779e+002 -8.9186e-001 +3.7206e+000 +2.8637e+000
18 +5.327228040e+001 +5.327228040e+001 +1.854522804e+002 +1.854522804e+002 -8.8937e-001 +3.7277e+000 +2.8685e+000
22 +5.241147158e+001 +5.241147158e+001 +1.845914716e+002 +1.845914716e+002 -8.8704e-001 +3.7415e+000 +2.8783e+000
28 +5.094278254e+001 +5.094278254e+001 +1.831227825e+002 +1.831227825e+002 -8.8749e-001 +3.7289e+000 +2.8522e+000
39 +4.286455579e+001 +4.286455579e+001 +1.750445558e+002 +1.750445558e+002 -8.8545e-001 +3.5566e+000 +2.8359e+000
50 +3.933543097e+001 +3.933543097e+001 +1.715154310e+002 +1.715154310e+002 -8.7692e-001 +3.5348e+000 +2.8477e+000
67 +3.541492872e+001 +3.541492872e+001 +1.675949287e+002 +1.675949287e+002 -8.1984e-001 +3.0695e+000 +2.8346e+000
79 +3.315125554e+001 +3.315125554e+001 +1.653312555e+002 +1.653312555e+002 -8.4485e-001 +3.2646e+000 +2.8419e+000
80 +3.171166129e+001 +3.171166129e+001 +1.638916613e+002 +1.638916613e+002 -8.6677e-001 +3.2593e+000 +2.8324e+000
100 +2.767797323e+001 +2.767797323e+001 +1.598579732e+002 +1.598579732e+002 -7.2388e-001 +3.2484e+000 +2.8258e+000
112 +2.018101836e+001 +2.018101836e+001 +1.523610184e+002 +1.523610184e+002 -7.6957e-001 +7.8904e-001 +2.8212e+000
127 +1.779880188e+001 +1.779880188e+001 +1.499788019e+002 +1.499788019e+002 -8.4807e-001 +2.0373e+000 +2.8181e+000
211 +1.553544997e+001 +1.553544997e+001 +1.477154500e+002 +1.477154500e+002 -7.3360e-001 +2.0153e+000 +2.8048e+000
214 +1.477204012e+001 +1.477204012e+001 +1.469520401e+002 +1.469520401e+002 -7.9457e-001 +2.0350e+000 +2.7884e+000
266 +1.431788986e+001 +1.431788986e+001 +1.464978899e+002 +1.464978899e+002 -7.2011e-001 +2.0307e+000 +2.7912e+000
278 +1.410433856e+001 +1.410433856e+001 +1.462843386e+002 +1.462843386e+002 -7.3794e-001 +2.0358e+000 +2.7826e+000
% function evaluation | noise-free fitness - Fopt (6.438000000000e+001) | best noise-free fitness - Fopt | measured fitness | best measured fitness | x1 | x2...
1 +1.743174677e+002 +1.743174677e+002 +2.386974677e+002 +2.386974677e+002 +0.0000e+000 +0.0000e+000 +0.0000e+000
2 +4.267529468e+001 +4.267529468e+001 +1.070552947e+002 +1.070552947e+002 -6.6852e-001 +2.2521e+000 -2.5784e+000
3 +4.224616968e+001 +4.224616968e+001 +1.066261697e+002 +1.066261697e+002 -6.6796e-001 +2.2476e+000 -2.5775e+000
5 +4.151364366e+001 +4.151364366e+001 +1.058936437e+002 +1.058936437e+002 -6.6751e-001 +2.2470e+000 -2.5812e+000
18 +3.704161352e+001 +3.704161352e+001 +1.014216135e+002 +1.014216135e+002 -6.6284e-001 +2.1692e+000 -2.5808e+000
20 +3.490310888e+001 +3.490310888e+001 +9.928310888e+001 +9.928310888e+001 -6.6963e-001 +2.6865e+000 -2.5736e+000
60 +3.184332321e+001 +3.184332321e+001 +9.622332321e+001 +9.622332321e+001 -6.9225e-001 +2.7753e+000 -2.6027e+000
72 +2.807465217e+001 +2.807465217e+001 +9.245465217e+001 +9.245465217e+001 -6.9358e-001 +3.3324e+000 -2.6372e+000
110 +2.692397663e+001 +2.692397663e+001 +9.130397663e+001 +9.130397663e+001 +1.0309e-001 +3.1966e+000 -1.8561e+000
158 +1.763510824e+001 +1.763510824e+001 +8.201510824e+001 +8.201510824e+001 +2.8426e+000 +2.8421e+000 -1.9370e+000
222 +1.157911930e+001 +1.157911930e+001 +7.595911930e+001 +7.595911930e+001 +1.0012e+000 +2.6253e+000 -1.6496e+000
305 +1.071727406e+001 +1.071727406e+001 +7.509727406e+001 +7.509727406e+001 +1.9562e+000 +2.6156e+000 -1.6636e+000
327 +8.213387969e+000 +8.213387969e+000 +7.259338797e+001 +7.259338797e+001 +2.9928e+000 +2.6351e+000 -1.6111e+000
328 +8.100729725e+000 +8.100729725e+000 +7.248072972e+001 +7.248072972e+001 +3.0318e+000 +2.5921e+000 -1.6557e+000
370 +5.756130405e+000 +5.756130405e+000 +7.013613041e+001 +7.013613041e+001 +3.0369e+000 +2.6682e+000 -1.7195e+000
382 +5.690504367e+000 +5.690504367e+000 +7.007050437e+001 +7.007050437e+001 +2.9768e+000 +2.6686e+000 -1.6938e+000
436 +5.473381305e+000 +5.473381305e+000 +6.985338131e+001 +6.985338131e+001 +3.0206e+000 +2.6541e+000 -1.7133e+000
505 +5.348660434e+000 +5.348660434e+000 +6.972866043e+001 +6.972866043e+001 +3.0422e+000 +2.6664e+000 -1.7135e+000
518 +5.192836802e+000 +5.192836802e+000 +6.957283680e+001 +6.957283680e+001 +3.0437e+000 +2.6656e+000 -1.7100e+000
540 +5.064935808e+000 +5.064935808e+000 +6.944493581e+001 +6.944493581e+001 +3.0366e+000 +2.6621e+000 -1.7055e+000
572 +5.004043599e+000 +5.004043599e+000 +6.938404360e+001 +6.938404360e+001 +3.0440e+000 +2.6665e+000 -1.7024e+000
% function evaluation | noise-free fitness - Fopt (2.824800000000e+002) | best noise-free fitness - Fopt | measured fitness | best measured fitness | x1 | x2...
1 +1.141195429e+002 +1.141195429e+002 +3.965995429e+002 +3.965995429e+002 +0.0000e+000 +0.0000e+000 +0.0000e+000
128 +1.058061889e+002 +1.058061889e+002 +3.882861889e+002 +3.882861889e+002 +3.9979e+000 +5.1708e-001 +1.4673e+000
134 +1.044405770e+002 +1.044405770e+002 +3.869205770e+002 +3.869205770e+002 +3.5705e+000 +6.1831e-001 +1.7664e+000
142 +1.008814930e+002 +1.008814930e+002 +3.833614930e+002 +3.833614930e+002 +3.6144e+000 +5.6383e-001 +1.4117e+000
156 +8.933174736e+001 +8.933174736e+001 +3.718117474e+002 +3.718117474e+002 +3.6254e+000 +2.1215e-001 +8.5629e-001
171 +6.860190491e+001 +6.860190491e+001 +3.510819049e+002 +3.510819049e+002 +3.4237e+000 -9.3241e-003 +2.4084e+000
193 +5.638032897e+001 +5.638032897e+001 +3.388603290e+002 +3.388603290e+002 +2.5057e+000 -8.1170e-002 +2.0628e+000
200 +4.163353555e+001 +4.163353555e+001 +3.241135355e+002 +3.241135355e+002 +2.6238e+000 -4.1320e+000 +2.3013e+000
205 +3.585361665e+001 +3.585361665e+001 +3.183336167e+002 +3.183336167e+002 +3.4010e+000 -5.7608e+000 +1.7264e+000
225 +2.057258610e+001 +2.057258610e+001 +3.030525861e+002 +3.030525861e+002 +2.4359e+000 -3.9573e+000 +2.3261e+000
233 +1.702001011e+001 +1.702001011e+001 +2.995000101e+002 +2.995000101e+002 +2.4734e+000 -3.3661e+000 +1.5641e+000
261 +1.452019242e+001 +1.452019242e+001 +2.970001924e+002 +2.970001924e+002 +2.5621e+000 -3.2939e+000 +1.6900e+000
291 +9.429328186e+000 +9.429328186e+000 +2.919093282e+002 +2.919093282e+002 +2.4259e+000 -3.9193e+000 +2.1889e+000
426 +7.409883723e+000 +7.409883723e+000 +2.898898837e+002 +2.898898837e+002 +1.6031e+000 -3.8350e+000 +1.7536e+000
480 +5.637618325e+000 +5.637618325e+000 +2.881176183e+002 +2.881176183e+002 +1.6220e+000 -4.0208e+000 +1.7545e+000
634 +4.971820586e+000 +4.971820586e+000 +2.874518206e+002 +2.874518206e+002 +1.5215e+000 -4.0559e+000 +1.7599e+000
670 +3.054007862e+000 +3.054007862e+000 +2.855340079e+002 +2.855340079e+002 +1.5284e+000 -3.8818e+000 +1.7598e+000
678 +2.572779720e+000 +2.572779720e+000 +2.850527797e+002 +2.850527797e+002 +1.4594e+000 -3.3332e+000 +1.8095e+000
686 +2.154356278e+000 +2.154356278e+000 +2.846343563e+002 +2.846343563e+002 +1.5454e+000 -3.2970e+000 +1.7785e+000
730 +2.104026569e+000 +2.104026569e+000 +2.845840266e+002 +2.845840266e+002 +1.5917e+000 -3.3949e+000 +1.7898e+000
731 +1.132702650e+000 +1.132702650e+000 +2.836127027e+002 +2.836127027e+002 +1.4859e+000 -3.3884e+000 +1.7602e+000
747 +2.195924488e-001 +2.195924488e-001 +2.826995924e+002 +2.826995924e+002 +1.5090e+000 -3.3429e+000 +1.7806e+000
1008 +2.049811764e-001 +2.049811764e-001 +2.826849812e+002 +2.826849812e+002 +1.5429e+000 -3.3556e+000 +1.7790e+000
1026 +1.592831761e-001 +1.592831761e-001 +2.826392832e+002 +2.826392832e+002 +1.5367e+000 -3.3536e+000 +1.7805e+000
1029 +9.511480084e-002 +9.511480084e-002 +2.825751148e+002 +2.825751148e+002 +1.5172e+000 -3.3502e+000 +1.7715e+000
1032 +6.694502144e-002 +6.694502144e-002 +2.825469450e+002 +2.825469450e+002 +1.5283e+000 -3.3549e+000 +1.7722e+000
1045 +5.147249076e-002 +5.147249076e-002 +2.825314725e+002 +2.825314725e+002 +1.5291e+000 -3.3562e+000 +1.7741e+000
1053 +1.466140263e-002 +1.466140263e-002 +2.824946614e+002 +2.824946614e+002 +1.5127e+000 -3.3640e+000 +1.7770e+000
1069 +1.371001405e-002 +1.371001405e-002 +2.824937100e+002 +2.824937100e+002 +1.5185e+000 -3.3584e+000 +1.7730e+000
1080 +1.263780564e-002 +1.263780564e-002 +2.824926378e+002 +2.824926378e+002 +1.5098e+000 -3.3630e+000 +1.7763e+000
1095 +1.035481349e-002 +1.035481349e-002 +2.824903548e+002 +2.824903548e+002 +1.5189e+000 -3.3580e+000 +1.7736e+000
1102 +7.199236328e-003 +7.199236328e-003 +2.824871992e+002 +2.824871992e+002 +1.5164e+000 -3.3611e+000 +1.7732e+000
1108 +6.706581805e-003 +6.706581805e-003 +2.824867066e+002 +2.824867066e+002 +1.5183e+000 -3.3593e+000 +1.7769e+000
1118 +1.956475030e-003 +1.956475030e-003 +2.824819565e+002 +2.824819565e+002 +1.5155e+000 -3.3594e+000 +1.7759e+000
1177 +1.805056911e-003 +1.805056911e-003 +2.824818051e+002 +2.824818051e+002 +1.5133e+000 -3.3613e+000 +1.7756e+000
1192 +3.828353901e-004 +3.828353901e-004 +2.824803828e+002 +2.824803828e+002 +1.5156e+000 -3.3614e+000 +1.7750e+000
1218 +2.611095964e-004 +2.611095964e-004 +2.824802611e+002 +2.824802611e+002 +1.5156e+000 -3.3612e+000 +1.7750e+000
1235 +2.348904640e-004 +2.348904640e-004 +2.824802349e+002 +2.824802349e+002 +1.5152e+000 -3.3611e+000 +1.7750e+000
1245 +1.601244610e-004 +1.601244610e-004 +2.824801601e+002 +2.824801601e+002 +1.5158e+000 -3.3612e+000 +1.7751e+000
1257 +7.778365426e-005 +7.778365426e-005 +2.824800778e+002 +2.824800778e+002 +1.5165e+000 -3.3610e+000 +1.7753e+000
1264 +3.148322168e-005 +3.148322168e-005 +2.824800315e+002 +2.824800315e+002 +1.5160e+000 -3.3609e+000 +1.7751e+000
1288 +2.098931662e-005 +2.098931662e-005 +2.824800210e+002 +2.824800210e+002 +1.5158e+000 -3.3609e+000 +1.7751e+000
1298 +2.080108112e-005 +2.080108112e-005 +2.824800208e+002 +2.824800208e+002 +1.5160e+000 -3.3610e+000 +1.7752e+000
1332 +9.739426275e-006 +9.739426275e-006 +2.824800097e+002 +2.824800097e+002 +1.5162e+000 -3.3609e+000 +1.7752e+000
1341 +5.572907185e-006 +5.572907185e-006 +2.824800056e+002 +2.824800056e+002 +1.5162e+000 -3.3608e+000 +1.7752e+000
1354 +2.209712704e-006 +2.209712704e-006 +2.824800022e+002 +2.824800022e+002 +1.5161e+000 -3.3608e+000 +1.7752e+000
1364 +9.856620977e-007 +9.856620977e-007 +2.824800010e+002 +2.824800010e+002 +1.5160e+000 -3.3608e+000 +1.7752e+000
1366 +8.799053148e-007 +8.799053148e-007 +2.824800009e+002 +2.824800009e+002 +1.5161e+000 -3.3608e+000 +1.7752e+000
1368 +3.323422675e-007 +3.323422675e-007 +2.824800003e+002 +2.824800003e+002 +1.5160e+000 -3.3608e+000 +1.7752e+000
1381 +1.258392217e-007 +1.258392217e-007 +2.824800001e+002 +2.824800001e+002 +1.5160e+000 -3.3608e+000 +1.7752e+000
1407 +9.337537676e-008 +9.337537676e-008 +2.824800001e+002 +2.824800001e+002 +1.5160e+000 -3.3608e+000 +1.7752e+000
1412 +6.680403430e-008 +6.680403430e-008 +2.824800001e+002 +2.824800001e+002 +1.5160e+000 -3.3608e+000 +1.7752e+000
1427 +2.712556579e-008 +2.712556579e-008 +2.824800000e+002 +2.824800000e+002 +1.5160e+000 -3.3608e+000 +1.7752e+000
1431 +2.666229193e-008 +2.666229193e-008 +2.824800000e+002 +2.824800000e+002 +1.5160e+000 -3.3608e+000 +1.7752e+000
1437 +1.270473149e-008 +1.270473149e-008 +2.824800000e+002 +2.824800000e+002 +1.5160e+000 -3.3608e+000 +1.7752e+000
1445 +1.244853820e-008 +1.244853820e-008 +2.824800000e+002 +2.824800000e+002 +1.5160e+000 -3.3608e+000 +1.7752e+000
1486 +9.735003914e-009 +9.735003914e-009 +2.824800000e+002 +2.824800000e+002 +1.5160e+000 -3.3608e+000 +1.7752e+000
1760 +0.000000000e+000 +0.000000000e+000 +2.824800000e+002 +2.824800000e+002 +1.5160e+000 -3.3608e+000 +1.7752e+000
% function evaluation | noise-free fitness - Fopt (4.826100000000e+002) | best noise-free fitness - Fopt | measured fitness | best measured fitness | x1 | x2...
1 +7.566467951e+001 +7.566467951e+001 +5.582746795e+002 +5.582746795e+002 +0.0000e+000 +0.0000e+000 +0.0000e+000
% function evaluation | noise-free fitness - Fopt (7.177000000000e+001) | best noise-free fitness - Fopt | measured fitness | best measured fitness | x1 | x2...
1 +6.439834124e+001 +6.439834124e+001 +1.361683412e+002 +1.361683412e+002 +0.0000e+000 +0.0000e+000 +0.0000e+000
423 +3.879827457e+001 +3.879827457e+001 +1.105682746e+002 +1.105682746e+002 +2.7137e+000 +1.1463e+000 +1.8009e+000
456 +3.734082207e+001 +3.734082207e+001 +1.091108221e+002 +1.091108221e+002 +2.7107e+000 +1.7676e+000 +1.8111e+000
538 +3.687738115e+001 +3.687738115e+001 +1.086473812e+002 +1.086473812e+002 +2.7075e+000 +1.7888e+000 +1.8155e+000
900 +3.593898764e+001 +3.593898764e+001 +1.077089876e+002 +1.077089876e+002 +2.7047e+000 +1.8062e+000 +1.4527e+000
% function evaluation | noise-free fitness - Fopt (8.448800000000e+002) | best noise-free fitness - Fopt | measured fitness | best measured fitness | x1 | x2...
1 +3.391376365e+002 +3.391376365e+002 +1.184017637e+003 +1.184017637e+003 +0.0000e+000 +0.0000e+000 +0.0000e+000
2 +8.356921799e+001 +8.356921799e+001 +9.284492180e+002 +9.284492180e+002 +2.2867e-002 -2.5930e+000 -4.7038e+000
5 +7.477790543e+001 +7.477790543e+001 +9.196579054e+002 +9.196579054e+002 +2.1459e-002 -2.5876e+000 -4.7405e+000
37 +7.382544662e+001 +7.382544662e+001 +9.187054466e+002 +9.187054466e+002 +2.4044e-002 -2.6003e+000 -4.7645e+000
39 +6.915593012e+001 +6.915593012e+001 +9.140359301e+002 +9.140359301e+002 +2.0507e-002 -2.5453e+000 -4.7859e+000
41 +5.823341081e+001 +5.823341081e+001 +9.031134108e+002 +9.031134108e+002 +2.2631e-002 -2.4788e+000 -4.7633e+000
51 +5.466675766e+001 +5.466675766e+001 +8.995467577e+002 +8.995467577e+002 +2.9856e-002 -2.4361e+000 -4.7464e+000
64 +4.860610710e+001 +4.860610710e+001 +8.934861071e+002 +8.934861071e+002 +4.8463e-002 -1.8885e+000 -4.7916e+000
103 +4.435849329e+001 +4.435849329e+001 +8.892384933e+002 +8.892384933e+002 +3.1493e-002 -1.8197e+000 -4.3688e+000
114 +2.250606868e+001 +2.250606868e+001 +8.673860687e+002 +8.673860687e+002 +3.1995e-002 -1.0923e+000 -3.9166e+000
132 +2.028075072e+001 +2.028075072e+001 +8.651607507e+002 +8.651607507e+002 +3.0849e-002 -1.0493e+000 -3.6080e+000
141 +1.245136569e+001 +1.245136569e+001 +8.573313657e+002 +8.573313657e+002 +6.3646e-002 +4.4656e-001 -3.9042e+000
206 +1.106487412e+001 +1.106487412e+001 +8.559448741e+002 +8.559448741e+002 +7.6063e-002 +5.2760e-001 -3.9077e+000
893 +1.096380168e+001 +1.096380168e+001 +8.558438017e+002 +8.558438017e+002 +9.3395e-002 -9.5564e-002 -3.2249e+000
% function evaluation | noise-free fitness - Fopt (-4.222000000000e+001) | best noise-free fitness - Fopt | measured fitness | best measured fitness | x1 | x2...
1 +1.641186499e+002 +1.641186499e+002 +1.218986499e+002 +1.218986499e+002 +0.0000e+000 +0.0000e+000 +0.0000e+000
276 +1.538235551e+002 +1.538235551e+002 +1.116035551e+002 +1.116035551e+002 +4.9845e+000 -2.6691e+000 -1.2225e+000
277 +8.297199919e+001 +8.297199919e+001 +4.075199919e+001 +4.075199919e+001 +4.7442e+000 -2.4790e+000 +4.1148e-001
289 +6.704565488e+001 +6.704565488e+001 +2.482565488e+001 +2.482565488e+001 +4.2249e+000 -4.2391e+000 +3.3666e+000
296 +5.491741152e+001 +5.491741152e+001 +1.269741152e+001 +1.269741152e+001 +6.5366e+000 -5.3319e+000 +1.0537e+000
315 +4.864681345e+001 +4.864681345e+001 +6.426813453e+000 +6.426813453e+000 +6.3944e+000 -5.4693e+000 +2.7765e+000
344 +2.752634965e+001 +2.752634965e+001 -1.469365035e+001 -1.469365035e+001 +3.5084e+000 -5.6423e+000 +1.6732e+000
368 +2.606938193e+001 +2.606938193e+001 -1.615061807e+001 -1.615061807e+001 +3.5351e+000 -3.6188e+000 +2.3521e+000
382 +2.164184982e+001 +2.164184982e+001 -2.057815018e+001 -2.057815018e+001 +3.5072e+000 -4.4652e+000 +2.8198e+000
392 +1.250070260e+001 +1.250070260e+001 -2.971929740e+001 -2.971929740e+001 +4.4367e-001 -3.9440e+000 +2.0651e+000
459 +1.135102760e+001 +1.135102760e+001 -3.086897240e+001 -3.086897240e+001 +2.6358e+000 -4.9760e+000 +1.9892e+000
479 +1.098415807e+001 +1.098415807e+001 -3.123584193e+001 -3.123584193e+001 +2.6150e+000 -4.9764e+000 +1.7242e+000
514 +7.984633436e+000 +7.984633436e+000 -3.423536656e+001 -3.423536656e+001 +2.5497e+000 -4.9931e+000 +1.7141e+000
558 +7.656086083e+000 +7.656086083e+000 -3.456391392e+001 -3.456391392e+001 +2.5898e+000 -4.9960e+000 +2.0473e+000
568 +6.280798504e+000 +6.280798504e+000 -3.593920150e+001 -3.593920150e+001 +2.6033e+000 -5.0019e+000 +2.0045e+000
750 +5.651986595e+000 +5.651986595e+000 -3.656801340e+001 -3.656801340e+001 +2.5844e+000 -5.0031e+000 +2.0174e+000
820 +5.519861614e+000 +5.519861614e+000 -3.670013839e+001 -3.670013839e+001 +2.5836e+000 -5.0135e+000 +1.9997e+000
885 +5.451795349e+000 +5.451795349e+000 -3.676820465e+001 -3.676820465e+001 +2.5795e+000 -5.0112e+000 +2.0248e+000
% function evaluation | noise-free fitness - Fopt (-9.179000000000e+001) | best noise-free fitness - Fopt | measured fitness | best measured fitness | x1 | x2...
1 +3.144740870e+002 +3.144740870e+002 +2.226840870e+002 +2.226840870e+002 +0.0000e+000 +0.0000e+000 +0.0000e+000
2 +6.003291629e+001 +6.003291629e+001 -3.175708371e+001 -3.175708371e+001 +1.9405e+000 -1.2018e+000 -4.4518e+000
19 +5.539560093e+001 +5.539560093e+001 -3.639439907e+001 -3.639439907e+001 +1.9392e+000 -1.2016e+000 -4.4367e+000
24 +5.419353366e+001 +5.419353366e+001 -3.759646634e+001 -3.759646634e+001 +1.9356e+000 -1.1589e+000 -4.4475e+000
32 +4.421361653e+001 +4.421361653e+001 -4.757638347e+001 -4.757638347e+001 +1.9330e+000 -1.1595e+000 -4.4030e+000
53 +4.178367050e+001 +4.178367050e+001 -5.000632950e+001 -5.000632950e+001 +1.9254e+000 -1.1287e+000 -4.3714e+000
57 +3.866980991e+001 +3.866980991e+001 -5.312019009e+001 -5.312019009e+001 +1.9345e+000 -1.0063e+000 -4.4414e+000
63 +3.478756464e+001 +3.478756464e+001 -5.700243536e+001 -5.700243536e+001 +1.9250e+000 -1.0509e+000 -4.3671e+000
66 +3.222330829e+001 +3.222330829e+001 -5.956669171e+001 -5.956669171e+001 +1.9305e+000 -1.0183e+000 -4.4124e+000
67 +2.970824830e+001 +2.970824830e+001 -6.208175170e+001 -6.208175170e+001 +1.9833e+000 -9.3780e-001 -4.3946e+000
92 +2.942549469e+001 +2.942549469e+001 -6.236450531e+001 -6.236450531e+001 +1.9492e+000 -9.5425e-001 -4.4034e+000
% function evaluation | noise-free fitness - Fopt (-1.277000000000e+001) | best noise-free fitness - Fopt | measured fitness | best measured fitness | x1 | x2...
1 +1.333350336e+002 +1.333350336e+002 +1.205650336e+002 +1.205650336e+002 +0.0000e+000 +0.0000e+000 +0.0000e+000
2 +8.499208948e+001 +8.499208948e+001 +7.222208948e+001 +7.222208948e+001 -6.6673e-001 -1.4081e+000 -7.6322e-001
8 +8.303507659e+001 +8.303507659e+001 +7.026507659e+001 +7.026507659e+001 -6.3311e-001 -1.4052e+000 -7.6640e-001
17 +8.119302638e+001 +8.119302638e+001 +6.842302638e+001 +6.842302638e+001 -6.0321e-001 -1.3950e+000 -7.6515e-001
32 +7.717499661e+001 +7.717499661e+001 +6.440499661e+001 +6.440499661e+001 -5.4523e-001 -1.4062e+000 -7.6484e-001
50 +7.292044978e+001 +7.292044978e+001 +6.015044978e+001 +6.015044978e+001 -4.7772e-001 -1.4100e+000 -7.6463e-001
53 +7.110048337e+001 +7.110048337e+001 +5.833048337e+001 +5.833048337e+001 -4.4414e-001 -1.4079e+000 -7.6435e-001
55 +6.930094142e+001 +6.930094142e+001 +5.653094142e+001 +5.653094142e+001 -4.0325e-001 -1.4071e+000 -7.6445e-001
68 +6.343497958e+001 +6.343497958e+001 +5.066497958e+001 +5.066497958e+001 +4.9789e-001 -1.4124e+000 -7.6239e-001
100 +6.065602934e+001 +6.065602934e+001 +4.788602934e+001 +4.788602934e+001 +1.5573e+000 -1.3481e+000 -7.8421e-001
123 +6.023738221e+001 +6.023738221e+001 +4.746738221e+001 +4.746738221e+001 +2.5728e+000 -1.4871e+000 -7.6659e-001
131 +5.835595226e+001 +5.835595226e+001 +4.558595226e+001 +4.558595226e+001 +1.8026e+000 -1.4423e+000 -8.0775e-001
140 +5.427478015e+001 +5.427478015e+001 +4.150478015e+001 +4.150478015e+001 +2.7256e+000 -1.4308e+000 -7.7691e-001
187 +5.287812349e+001 +5.287812349e+001 +4.010812349e+001 +4.010812349e+001 +3.7057e+000 -1.4341e+000 -7.9018e-001
198 +4.535803494e+001 +4.535803494e+001 +3.258803494e+001 +3.258803494e+001 +3.5504e+000 -8.4508e-001 -7.6447e-001
233 +3.406565367e+001 +3.406565367e+001 +2.129565367e+001 +2.129565367e+001 +3.6439e+000 +3.2628e-001 -7.2522e-001
293 +2.879236263e+001 +2.879236263e+001 +1.602236263e+001 +1.602236263e+001 +3.6432e+000 -9.3433e-002 -1.2477e+000
304 +2.166698023e+001 +2.166698023e+001 +8.896980233e+000 +8.896980233e+000 +3.8560e+000 -3.7666e-002 -1.5091e+000
314 +1.473476785e+001 +1.473476785e+001 +1.964767849e+000 +1.964767849e+000 +3.6093e+000 -4.5719e-002 -1.5293e+000
463 +1.332636896e+001 +1.332636896e+001 +5.563689588e-001 +5.563689588e-001 +3.6779e+000 -6.0663e-002 -1.5688e+000
491 +1.298954534e+001 +1.298954534e+001 +2.195453399e-001 +2.195453399e-001 +3.6656e+000 -7.8620e-002 -1.5504e+000
% function evaluation | noise-free fitness - Fopt (-1.000000000000e+003) | best noise-free fitness - Fopt | measured fitness | best measured fitness | x1 | x2...
1 +1.841706729e+002 +1.841706729e+002 -8.158293271e+002 -8.158293271e+002 +0.0000e+000 +0.0000e+000 +0.0000e+000
% function evaluation | noise-free fitness - Fopt (-1.000000000000e+003) | best noise-free fitness - Fopt | measured fitness | best measured fitness | x1 | x2...
1 +5.012215930e+001 +5.012215930e+001 -9.498778407e+002 -9.498778407e+002 +0.0000e+000 +0.0000e+000 +0.0000e+000
648 +4.080033081e+001 +4.080033081e+001 -9.591996692e+002 -9.591996692e+002 -2.4562e+000 -3.7548e-001 +1.0199e+000
665 +3.430532849e+001 +3.430532849e+001 -9.656946715e+002 -9.656946715e+002 -2.2207e+000 -4.7815e-001 +5.5269e-002
666 +1.051288065e+001 +1.051288065e+001 -9.894871194e+002 -9.894871194e+002 -3.1184e+000 -5.6295e-002 +1.1748e+000
807 +9.547017555e+000 +9.547017555e+000 -9.904529824e+002 -9.904529824e+002 -1.7674e-001 +6.0174e-001 +1.8116e+000
865 +4.883763493e+000 +4.883763493e+000 -9.951162365e+002 -9.951162365e+002 -3.1656e+000 +4.1054e-002 +1.5438e+000
1065 +2.372382111e+000 +2.372382111e+000 -9.976276179e+002 -9.976276179e+002 -2.1818e+000 +7.0647e-001 +1.8950e+000
1113 +2.169752676e+000 +2.169752676e+000 -9.978302473e+002 -9.978302473e+002 -2.1150e+000 +6.4145e-001 +1.8493e+000
1120 +1.462425992e+000 +1.462425992e+000 -9.985375740e+002 -9.985375740e+002 -2.0882e+000 +6.4360e-001 +1.4972e+000
1148 +1.437808131e+000 +1.437808131e+000 -9.985621919e+002 -9.985621919e+002 -2.1250e+000 +6.4446e-001 +1.4817e+000
1150 +9.368645671e-001 +9.368645671e-001 -9.990631354e+002 -9.990631354e+002 -2.1256e+000 +6.5376e-001 +1.4861e+000
1165 +4.603798238e-001 +4.603798238e-001 -9.995396202e+002 -9.995396202e+002 -2.1304e+000 +6.5000e-001 +1.5061e+000
1217 +3.977845683e-001 +3.977845683e-001 -9.996022154e+002 -9.996022154e+002 -2.1418e+000 +6.5077e-001 +1.4959e+000
1238 +3.660930248e-001 +3.660930248e-001 -9.996339070e+002 -9.996339070e+002 -2.1351e+000 +6.5274e-001 +1.4979e+000
1245 +2.039406719e-001 +2.039406719e-001 -9.997960593e+002 -9.997960593e+002 -2.1667e+000 +6.5063e-001 +1.4993e+000
1262 +1.913777327e-001 +1.913777327e-001 -9.998086223e+002 -9.998086223e+002 -2.1528e+000 +6.5286e-001 +1.5032e+000
1264 +1.754884867e-001 +1.754884867e-001 -9.998245115e+002 -9.998245115e+002 -2.1596e+000 +6.5272e-001 +1.5047e+000
1266 +1.690438533e-001 +1.690438533e-001 -9.998309561e+002 -9.998309561e+002 -2.1593e+000 +6.5360e-001 +1.4983e+000
1269 +1.513486218e-001 +1.513486218e-001 -9.998486514e+002 -9.998486514e+002 -2.1724e+000 +6.5324e-001 +1.5006e+000
1283 +1.174723285e-001 +1.174723285e-001 -9.998825277e+002 -9.998825277e+002 -2.1624e+000 +6.5468e-001 +1.5015e+000
1359 +9.454420136e-002 +9.454420136e-002 -9.999054558e+002 -9.999054558e+002 -2.1662e+000 +6.5579e-001 +1.5026e+000
1361 +6.323649138e-002 +6.323649138e-002 -9.999367635e+002 -9.999367635e+002 -2.1631e+000 +6.5852e-001 +1.4990e+000
1383 +5.403866658e-002 +5.403866658e-002 -9.999459613e+002 -9.999459613e+002 -2.1651e+000 +6.5824e-001 +1.5008e+000
1390 +4.207845741e-002 +4.207845741e-002 -9.999579215e+002 -9.999579215e+002 -2.1782e+000 +6.6405e-001 +1.5031e+000
1399 +3.919146846e-002 +3.919146846e-002 -9.999608085e+002 -9.999608085e+002 -2.1614e+000 +6.6029e-001 +1.5026e+000
1415 +2.559830874e-002 +2.559830874e-002 -9.999744017e+002 -9.999744017e+002 -2.1591e+000 +6.6378e-001 +1.5007e+000
1428 +2.279378826e-002 +2.279378826e-002 -9.999772062e+002 -9.999772062e+002 -2.1686e+000 +6.6270e-001 +1.5005e+000
1456 +2.013913235e-002 +2.013913235e-002 -9.999798609e+002 -9.999798609e+002 -2.1667e+000 +6.6422e-001 +1.5037e+000
1467 +1.031805330e-003 +1.031805330e-003 -9.999989682e+002 -9.999989682e+002 -2.1648e+000 +6.6738e-001 +1.5020e+000
1514 +7.755351286e-004 +7.755351286e-004 -9.999992245e+002 -9.999992245e+002 -2.1648e+000 +6.6809e-001 +1.5020e+000
1534 +5.207534638e-004 +5.207534638e-004 -9.999994792e+002 -9.999994792e+002 -2.1652e+000 +6.6745e-001 +1.5016e+000
1537 +2.797052764e-004 +2.797052764e-004 -9.999997203e+002 -9.999997203e+002 -2.1676e+000 +6.6785e-001 +1.5016e+000
1566 +2.543513776e-004 +2.543513776e-004 -9.999997456e+002 -9.999997456e+002 -2.1671e+000 +6.6834e-001 +1.5018e+000
1567 +2.177101993e-004 +2.177101993e-004 -9.999997823e+002 -9.999997823e+002 -2.1661e+000 +6.6844e-001 +1.5018e+000
1584 +1.756510096e-005 +1.756510096e-005 -9.999999824e+002 -9.999999824e+002 -2.1662e+000 +6.6808e-001 +1.5017e+000
1762 +6.395480796e-006 +6.395480796e-006 -9.999999936e+002 -9.999999936e+002 -2.1664e+000 +6.6809e-001 +1.5016e+000
1775 +3.532488790e-006 +3.532488790e-006 -9.999999965e+002 -9.999999965e+002 -2.1663e+000 +6.6797e-001 +1.5016e+000
1781 +7.796273849e-007 +7.796273849e-007 -9.999999992e+002 -9.999999992e+002 -2.1664e+000 +6.6803e-001 +1.5016e+000
1788 +3.666563089e-007 +3.666563089e-007 -9.999999996e+002 -9.999999996e+002 -2.1664e+000 +6.6799e-001 +1.5016e+000
1789 +3.282540320e-007 +3.282540320e-007 -9.999999997e+002 -9.999999997e+002 -2.1664e+000 +6.6802e-001 +1.5016e+000
1796 +1.872149369e-007 +1.872149369e-007 -9.999999998e+002 -9.999999998e+002 -2.1664e+000 +6.6799e-001 +1.5016e+000
1802 +1.139057986e-007 +1.139057986e-007 -9.999999999e+002 -9.999999999e+002 -2.1664e+000 +6.6800e-001 +1.5016e+000
1810 +1.646913006e-008 +1.646913006e-008 -1.000000000e+003 -1.000000000e+003 -2.1664e+000 +6.6800e-001 +1.5016e+000
1873 +6.383970685e-009 +6.383970685e-009 -1.000000000e+003 -1.000000000e+003 -2.1664e+000 +6.6800e-001 +1.5016e+000
2210 +0.000000000e+000 +0.000000000e+000 -1.000000000e+003 -1.000000000e+003 -2.1664e+000 +6.6800e-001 +1.5016e+000
