% function evaluation | noise-free fitness - Fopt (-5.494000000000e+01) | best noise-free fitness - Fopt | measured fitness | best measured fitness | x1 | x2...
1 +6.036920862e+06 +6.036920862e+06 +6.036865922e+06 +6.036865922e+06 +0.0000e+00 +0.0000e+00 +0.0000e+00 +0.0000e+00 +0.0000e+00
177 +3.686954341e+06 +3.686954341e+06 +3.686899401e+06 +3.686899401e+06 -2.2077e+00 -4.7245e+00 +9.4511e-01 -3.0043e+00 +2.4373e+00
198 +2.614482416e+06 +2.614482416e+06 +2.614427476e+06 +2.614427476e+06 -5.1365e+00 -4.6964e+00 +1.2081e+00 -2.9532e+00 +2.4604e+00
216 +2.346635329e+06 +2.346635329e+06 +2.346580389e+06 +2.346580389e+06 -2.8819e+00 -4.7127e+00 +1.1411e+00 -2.4590e+00 +2.4476e+00
218 +2.223176223e+06 +2.223176223e+06 +2.223121283e+06 +2.223121283e+06 -4.7771e+00 -4.7354e+00 +1.1643e+00 -2.7016e+00 +2.4452e+00
227 +1.788762425e+06 +1.788762425e+06 +1.788707485e+06 +1.788707485e+06 -3.6874e+00 -4.8114e+00 +1.1096e+00 -2.2216e+00 +2.4318e+00
247 +1.766709992e+06 +1.766709992e+06 +1.766655052e+06 +1.766655052e+06 -4.5551e+00 -4.7893e+00 +1.3578e+00 -2.0245e+00 +2.4432e+00
317 +1.589089162e+06 +1.589089162e+06 +1.589034222e+06 +1.589034222e+06 -5.3429e+00 -5.4093e+00 +1.0193e+00 -6.0100e-01 +2.4102e+00
377 +1.114390219e+06 +1.114390219e+06 +1.114335279e+06 +1.114335279e+06 -3.8495e+00 -4.6425e+00 +1.1913e+00 -1.1688e+00 +3.1474e+00
402 +9.612406396e+05 +9.612406396e+05 +9.611856996e+05 +9.611856996e+05 -3.5594e+00 -1.9108e+00 +1.2575e+00 -1.3391e+00 +2.3074e+00
407 +5.040804472e+05 +5.040804472e+05 +5.040255072e+05 +5.040255072e+05 -3.7602e+00 -1.8082e+00 +2.2876e+00 +4.4375e-01 +2.3960e+00
533 +4.790239966e+05 +4.790239966e+05 +4.789690566e+05 +4.789690566e+05 -3.0337e+00 +4.0221e-01 +2.8196e+00 -4.0057e-01 +2.5580e+00
581 +3.385099050e+05 +3.385099050e+05 +3.384549650e+05 +3.384549650e+05 +5.2428e-01 +2.0261e+00 +6.2418e-01 -1.9656e+00 +4.5757e+00
585 +1.647064069e+05 +1.647064069e+05 +1.646514669e+05 +1.646514669e+05 -3.9212e+00 -7.6231e-01 +2.6032e+00 +3.5909e+00 +1.5250e+00
732 +1.479194966e+05 +1.479194966e+05 +1.478645566e+05 +1.478645566e+05 -2.1636e+00 +4.1820e-02 +2.8691e+00 +1.7750e+00 +5.5381e+00
745 +1.239661255e+05 +1.239661255e+05 +1.239111855e+05 +1.239111855e+05 -1.8213e+00 +1.9031e-01 +2.3086e+00 +2.4487e+00 +4.1028e+00
750 +5.558015002e+04 +5.558015002e+04 +5.552521002e+04 +5.552521002e+04 -1.9953e+00 +4.0664e-01 +1.8005e+00 +2.1011e+00 +3.4909e+00
754 +4.887852425e+04 +4.887852425e+04 +4.882358425e+04 +4.882358425e+04 -2.3506e+00 +1.7354e-02 +2.7460e+00 +2.2237e+00 +4.6089e+00
765 +4.391814096e+04 +4.391814096e+04 +4.386320096e+04 +4.386320096e+04 -1.9477e+00 +1.3223e-01 +2.0923e+00 +4.1683e+00 +5.1060e+00
771 +7.033282763e+03 +7.033282763e+03 +6.978342763e+03 +6.978342763e+03 -1.8808e+00 +6.6428e-01 +2.2878e+00 +2.5530e+00 +4.4389e+00
872 +6.574090928e+03 +6.574090928e+03 +6.519150928e+03 +6.519150928e+03 -1.8265e+00 +1.0028e+00 +2.7402e+00 +2.7933e+00 +4.5964e+00
921 +3.728581077e+03 +3.728581077e+03 +3.673641077e+03 +3.673641077e+03 -1.5676e+00 +1.0355e+00 +1.2672e+00 +2.8134e+00 +3.7084e+00
% function evaluation | noise-free fitness - Fopt (5.913000000000e+01) | best noise-free fitness - Fopt | measured fitness | best measured fitness | x1 | x2...
1 +7.466699182e+06 +7.466699182e+06 +7.466758312e+06 +7.466758312e+06 +0.0000e+00 +0.0000e+00 +0.0000e+00 +0.0000e+00 +0.0000e+00
2 +5.003284845e+05 +5.003284845e+05 +5.003876145e+05 +5.003876145e+05 -2.1691e+00 +3.1626e+00 -2.5744e+00 +1.7396e-01 -1.8815e+00
3 +4.877887730e+05 +4.877887730e+05 +4.878479030e+05 +4.878479030e+05 -2.1842e+00 +3.1625e+00 -2.4793e+00 +1.8974e-01 -1.9048e+00
28 +4.677794679e+05 +4.677794679e+05 +4.678385979e+05 +4.678385979e+05 -2.1788e+00 +3.1624e+00 -2.4014e+00 +1.6115e-01 -1.9445e+00
53 +4.670683211e+05 +4.670683211e+05 +4.671274511e+05 +4.671274511e+05 -2.1782e+00 +3.1625e+00 -2.4218e+00 +1.9478e-01 -1.9339e+00
54 +4.555901851e+05 +4.555901851e+05 +4.556493151e+05 +4.556493151e+05 -2.1724e+00 +3.1627e+00 -2.4250e+00 +2.2480e-01 -1.9357e+00
77 +4.226647164e+05 +4.226647164e+05 +4.227238464e+05 +4.227238464e+05 -2.1902e+00 +3.1627e+00 -2.3812e+00 +2.7939e-01 -1.9408e+00
81 +3.525624225e+05 +3.525624225e+05 +3.526215525e+05 +3.526215525e+05 -2.1661e+00 +3.1629e+00 -2.0950e+00 +2.0198e-01 -1.9319e+00
84 +1.913539289e+05 +1.913539289e+05 +1.914130589e+05 +1.914130589e+05 -2.1773e+00 +3.1628e+00 -2.4227e+00 +6.7965e-01 -1.9493e+00
106 +1.702690198e+05 +1.702690198e+05 +1.703281498e+05 +1.703281498e+05 -2.1604e+00 +3.1630e+00 -2.3826e+00 +5.8338e-01 -2.0138e+00
107 +1.617152700e+04 +1.617152700e+04 +1.623065700e+04 +1.623065700e+04 -2.1507e+00 +3.1625e+00 -2.2872e+00 +7.9268e-01 -2.3536e+00
135 +7.476002545e+03 +7.476002545e+03 +7.535132545e+03 +7.535132545e+03 -2.0745e+00 +3.1632e+00 -2.5122e+00 +1.4063e+00 -2.1524e+00
265 +2.972888961e+03 +2.972888961e+03 +3.032018961e+03 +3.032018961e+03 -1.9660e+00 +3.1622e+00 -3.0089e+00 +1.5356e+00 -2.4103e+00
303 +1.434402843e+03 +1.434402843e+03 +1.493532843e+03 +1.493532843e+03 -2.0629e+00 +3.1601e+00 -2.8123e+00 +1.5198e+00 -2.2718e+00
305 +9.769925745e+02 +9.769925745e+02 +1.036122574e+03 +1.036122574e+03 -1.6412e+00 +3.1639e+00 -1.7551e+00 +1.7121e-01 -2.4622e+00
338 +8.469702676e+02 +8.469702676e+02 +9.061002676e+02 +9.061002676e+02 -1.5572e+00 +3.1764e+00 -2.9786e+00 +1.1162e+00 -2.3443e+00
341 +3.333311434e+02 +3.333311434e+02 +3.924611434e+02 +3.924611434e+02 -1.8038e+00 +3.1651e+00 -2.3825e+00 +7.2865e-01 -2.4424e+00
652 +3.128264711e+02 +3.128264711e+02 +3.719564711e+02 +3.719564711e+02 -1.8628e+00 +3.2091e+00 -2.7048e+00 +1.1916e+00 -2.3007e+00
673 +2.286674846e+02 +2.286674846e+02 +2.877974846e+02 +2.877974846e+02 -1.8381e+00 +3.2153e+00 -2.6626e+00 +1.1100e+00 -2.3186e+00
811 +2.166186294e+02 +2.166186294e+02 +2.757486294e+02 +2.757486294e+02 -1.8445e+00 +3.2261e+00 -2.6533e+00 +1.0998e+00 -2.3163e+00
869 +1.934333824e+02 +1.934333824e+02 +2.525633824e+02 +2.525633824e+02 -1.8805e+00 +3.2295e+00 -2.6368e+00 +1.0822e+00 -2.3355e+00
903 +1.890827163e+02 +1.890827163e+02 +2.482127163e+02 +2.482127163e+02 -1.8915e+00 +3.2293e+00 -2.6428e+00 +1.0886e+00 -2.3408e+00
% function evaluation | noise-free fitness - Fopt (-4.915300000000e+02) | best noise-free fitness - Fopt | measured fitness | best measured fitness | x1 | x2...
1 +2.917801904e+04 +2.917801904e+04 +2.868648904e+04 +2.868648904e+04 +0.0000e+00 +0.0000e+00 +0.0000e+00 +0.0000e+00 +0.0000e+00
251 +2.375131174e+04 +2.375131174e+04 +2.325978174e+04 +2.325978174e+04 +6.8530e-01 +3.8218e+00 +3.3528e+00 -1.0107e+00 +3.5670e-02
313 +2.056077223e+04 +2.056077223e+04 +2.006924223e+04 +2.006924223e+04 +6.9079e-01 +3.9267e+00 +3.3677e+00 -9.1295e-01 +5.2414e-02
356 +1.872129123e+04 +1.872129123e+04 +1.822976123e+04 +1.822976123e+04 +6.9166e-01 +3.8132e+00 +3.3662e+00 -8.1972e-01 +4.1939e-02
358 +1.719673264e+04 +1.719673264e+04 +1.670520264e+04 +1.670520264e+04 +6.9043e-01 +3.8602e+00 +3.3692e+00 -7.8012e-01 -1.5660e-02
364 +1.535323079e+04 +1.535323079e+04 +1.486170079e+04 +1.486170079e+04 +6.9385e-01 +3.8473e+00 +3.3370e+00 -5.3224e-01 +3.0825e-02
394 +1.473024895e+04 +1.473024895e+04 +1.423871895e+04 +1.423871895e+04 +6.9083e-01 +3.9804e+00 +3.3799e+00 -5.6756e-01 -8.8264e-02
397 +1.442911122e+04 +1.442911122e+04 +1.393758122e+04 +1.393758122e+04 +6.9044e-01 +3.7781e+00 +3.3698e+00 -6.4474e-01 -9.8612e-03
403 +1.381677310e+04 +1.381677310e+04 +1.332524310e+04 +1.332524310e+04 +6.8788e-01 +3.7177e+00 +3.3661e+00 -6.4873e-01 -7.3595e-02
408 +1.104624106e+04 +1.104624106e+04 +1.055471106e+04 +1.055471106e+04 +6.9512e-01 +3.7331e+00 +3.3780e+00 -4.1383e-01 -1.9164e-02
463 +1.096240041e+04 +1.096240041e+04 +1.047087041e+04 +1.047087041e+04 +6.9839e-01 +3.7162e+00 +3.3846e+00 -4.1768e-01 -1.4038e-02
468 +1.014125850e+04 +1.014125850e+04 +9.649728497e+03 +9.649728497e+03 +7.1201e-01 +3.7103e+00 +3.3866e+00 -2.9285e-01 -1.3952e-02
483 +9.620200287e+03 +9.620200287e+03 +9.128670287e+03 +9.128670287e+03 +7.1603e-01 +3.5747e+00 +3.3882e+00 -2.2039e-01 +4.2020e-02
497 +9.311972152e+03 +9.311972152e+03 +8.820442152e+03 +8.820442152e+03 +7.2804e-01 +3.7213e+00 +3.3795e+00 -2.5414e-01 -1.7266e-01
536 +8.598339445e+03 +8.598339445e+03 +8.106809445e+03 +8.106809445e+03 +7.2430e-01 +3.6912e+00 +3.3843e+00 -8.7706e-02 -1.0427e-01
578 +8.201300203e+03 +8.201300203e+03 +7.709770203e+03 +7.709770203e+03 +7.0806e-01 +3.7689e+00 +3.3809e+00 -2.1796e-01 -2.3332e-01
608 +7.996328641e+03 +7.996328641e+03 +7.504798641e+03 +7.504798641e+03 +6.9825e-01 +3.9189e+00 +3.3804e+00 -3.3856e-01 -3.7859e-01
610 +7.575571416e+03 +7.575571416e+03 +7.084041416e+03 +7.084041416e+03 +7.1490e-01 +3.9772e+00 +3.3818e+00 -2.7616e-01 -4.0604e-01
747 +6.434646762e+03 +6.434646762e+03 +5.943116762e+03 +5.943116762e+03 +7.2020e-01 +4.3192e+00 +3.3815e+00 -2.0881e-01 -8.1743e-01
1001 +6.269963724e+03 +6.269963724e+03 +5.778433724e+03 +5.778433724e+03 +7.0001e-01 +4.3306e+00 +3.3654e+00 -2.6921e-01 -8.5256e-01
% function evaluation | noise-free fitness - Fopt (-1.702000000000e+02) | best noise-free fitness - Fopt | measured fitness | best measured fitness | x1 | x2...
1 +1.702574989e+07 +1.702574989e+07 +1.702557969e+07 +1.702557969e+07 +0.0000e+00 +0.0000e+00 +0.0000e+00 +0.0000e+00 +0.0000e+00
2 +2.076903349e+06 +2.076903349e+06 +2.076733149e+06 +2.076733149e+06 +2.9829e+00 -2.2381e+00 -2.2027e+00 -4.4846e-01 +4.3516e+00
27 +1.995886378e+06 +1.995886378e+06 +1.995716178e+06 +1.995716178e+06 +2.9852e+00 -2.2392e+00 -2.2112e+00 -4.3741e-01 +4.3919e+00
59 +1.886747549e+06 +1.886747549e+06 +1.886577349e+06 +1.886577349e+06 +2.9897e+00 -2.2402e+00 -2.2198e+00 -3.8237e-01 +4.3860e+00
78 +1.857074070e+06 +1.857074070e+06 +1.856903870e+06 +1.856903870e+06 +2.9834e+00 -2.2362e+00 -2.2389e+00 -4.2955e-01 +4.4799e+00
82 +1.783033046e+06 +1.783033046e+06 +1.782862846e+06 +1.782862846e+06 +2.9868e+00 -2.2680e+00 -2.2123e+00 -3.0161e-01 +4.3621e+00
97 +1.770063373e+06 +1.770063373e+06 +1.769893173e+06 +1.769893173e+06 +2.9893e+00 -2.2331e+00 -2.2286e+00 -3.6099e-01 +4.4591e+00
109 +1.735821394e+06 +1.735821394e+06 +1.735651194e+06 +1.735651194e+06 +2.9843e+00 -2.1947e+00 -2.2634e+00 -3.7347e-01 +4.4811e+00
112 +1.677217132e+06 +1.677217132e+06 +1.677046932e+06 +1.677046932e+06 +2.9779e+00 -2.2500e+00 -2.2061e+00 -3.0348e-01 +4.4929e+00
128 +1.612588431e+06 +1.612588431e+06 +1.612418231e+06 +1.612418231e+06 +2.9804e+00 -2.1698e+00 -2.2427e+00 -2.6723e-01 +4.4665e+00
129 +1.492468065e+06 +1.492468065e+06 +1.492297865e+06 +1.492297865e+06 +2.9893e+00 -2.2510e+00 -2.2633e+00 -2.0271e-01 +4.5454e+00
138 +1.097296961e+06 +1.097296961e+06 +1.097126761e+06 +1.097126761e+06 +2.9746e+00 -2.2200e+00 -1.9867e+00 +4.2184e-01 +4.5941e+00
161 +1.001925537e+06 +1.001925537e+06 +1.001755337e+06 +1.001755337e+06 +2.9843e+00 -2.2851e+00 -2.4953e+00 +7.5331e-01 +4.2453e+00
209 +9.766380549e+05 +9.766380549e+05 +9.764678549e+05 +9.764678549e+05 +2.9847e+00 -2.2131e+00 -2.3484e+00 +9.3038e-01 +4.6603e+00
225 +9.190436850e+05 +9.190436850e+05 +9.188734850e+05 +9.188734850e+05 +3.0225e+00 -2.2200e+00 -1.7157e+00 +1.0307e+00 +4.1569e+00
231 +8.983598116e+05 +8.983598116e+05 +8.981896116e+05 +8.981896116e+05 +3.1816e+00 -2.2645e+00 -1.9066e+00 +9.1947e-01 +4.6985e+00
232 +8.410257265e+05 +8.410257265e+05 +8.408555265e+05 +8.408555265e+05 +3.0549e+00 -2.2744e+00 -1.7008e+00 +1.1053e+00 +4.4485e+00
265 +5.339795724e+05 +5.339795724e+05 +5.338093724e+05 +5.338093724e+05 +2.9750e+00 -2.1629e+00 -3.6498e-01 +1.6205e+00 +5.2988e+00
289 +2.095318121e+05 +2.095318121e+05 +2.093616121e+05 +2.093616121e+05 +3.0200e+00 -2.3343e+00 +2.0544e+00 +4.0154e+00 +5.3382e+00
358 +1.503560213e+05 +1.503560213e+05 +1.501858213e+05 +1.501858213e+05 +2.8043e+00 -2.2685e+00 +1.3817e+00 +3.2570e+00 +5.1311e+00
413 +1.334927161e+05 +1.334927161e+05 +1.333225161e+05 +1.333225161e+05 +2.8479e+00 -2.2595e+00 +1.7018e+00 +3.0452e+00 +5.7768e+00
457 +1.285300898e+05 +1.285300898e+05 +1.283598898e+05 +1.283598898e+05 +2.9951e+00 -2.3302e+00 +1.8086e+00 +3.4287e+00 +5.3148e+00
479 +6.710396694e+04 +6.710396694e+04 +6.693376694e+04 +6.693376694e+04 +2.0085e+00 -2.2985e+00 +2.2530e+00 +3.4714e+00 +5.6850e+00
502 +3.449523771e+04 +3.449523771e+04 +3.432503771e+04 +3.432503771e+04 +2.2121e+00 -2.2932e+00 +2.3337e+00 +4.0931e+00 +5.3418e+00
561 +2.333343390e+04 +2.333343390e+04 +2.316323390e+04 +2.316323390e+04 +1.9243e+00 -2.3126e+00 +3.5973e+00 +3.7209e+00 +7.7322e+00
584 +1.949773768e+04 +1.949773768e+04 +1.932753768e+04 +1.932753768e+04 +1.6205e+00 -2.2955e+00 +2.2974e+00 +3.9102e+00 +5.8022e+00
617 +1.316967901e+04 +1.316967901e+04 +1.299947901e+04 +1.299947901e+04 +1.8712e+00 -2.2982e+00 +2.4365e+00 +3.7950e+00 +5.8735e+00
633 +4.585331445e+03 +4.585331445e+03 +4.415131445e+03 +4.415131445e+03 +1.2599e+00 -2.2918e+00 +2.5027e+00 +3.8778e+00 +6.1400e+00
647 +4.434130627e+03 +4.434130627e+03 +4.263930627e+03 +4.263930627e+03 +9.4346e-01 -2.2889e+00 +2.1728e+00 +3.8815e+00 +5.7053e+00
704 +3.357327841e+03 +3.357327841e+03 +3.187127841e+03 +3.187127841e+03 +8.9752e-01 -2.2450e+00 +2.1700e+00 +4.0796e+00 +5.4870e+00
797 +3.097740404e+03 +3.097740404e+03 +2.927540404e+03 +2.927540404e+03 +1.0711e+00 -2.3016e+00 +2.4499e+00 +4.2740e+00 +5.3902e+00
% function evaluation | noise-free fitness - Fopt (-4.697500000000e+02) | best noise-free fitness - Fopt | measured fitness | best measured fitness | x1 | x2...
1 +1.297321784e+07 +1.297321784e+07 +1.297274809e+07 +1.297274809e+07 +0.0000e+00 +0.0000e+00 +0.0000e+00 +0.0000e+00 +0.0000e+00
2 +3.135379296e+06 +3.135379296e+06 +3.134909546e+06 +3.134909546e+06 +3.9907e+00 -4.5357e-01 +3.7599e+00 +1.7140e+00 +1.5691e-01
10 +3.081383555e+06 +3.081383555e+06 +3.080913805e+06 +3.080913805e+06 +3.9953e+00 -3.8088e-01 +3.7581e+00 +1.7128e+00 +1.9726e-01
33 +3.013423318e+06 +3.013423318e+06 +3.012953568e+06 +3.012953568e+06 +3.9476e+00 -4.3813e-01 +3.7572e+00 +1.7083e+00 +2.0058e-01
34 +2.934137127e+06 +2.934137127e+06 +2.933667377e+06 +2.933667377e+06 +3.9797e+00 -4.1510e-01 +3.7565e+00 +1.7106e+00 +7.7157e-02
52 +2.552281665e+06 +2.552281665e+06 +2.551811915e+06 +2.551811915e+06 +3.9910e+00 -2.8248e-01 +3.6683e+00 +1.7547e+00 +2.4634e-02
54 +2.122710470e+06 +2.122710470e+06 +2.122240720e+06 +2.122240720e+06 +3.8394e+00 -4.9355e-01 +3.4730e+00 +1.6854e+00 -5.2438e-02
78 +2.087478985e+06 +2.087478985e+06 +2.087009235e+06 +2.087009235e+06 +3.6179e+00 -4.0376e-01 +3.6696e+00 +1.6992e+00 -3.3497e-02
107 +1.567223409e+06 +1.567223409e+06 +1.566753659e+06 +1.566753659e+06 +3.1301e+00 -3.5463e-01 +3.6032e+00 +1.6865e+00 -3.9454e-02
130 +1.203731458e+06 +1.203731458e+06 +1.203261708e+06 +1.203261708e+06 +3.2184e+00 -2.7555e-01 +3.3547e+00 +1.6811e+00 +1.2264e-01
143 +1.190564114e+06 +1.190564114e+06 +1.190094364e+06 +1.190094364e+06 +3.4820e+00 -3.0500e-01 +3.2700e+00 +1.7017e+00 -4.0161e-01
149 +2.254894253e+05 +2.254894253e+05 +2.250196753e+05 +2.250196753e+05 +3.2731e+00 -6.3857e-01 +2.1436e+00 +1.6833e+00 +4.5964e-02
151 +1.588372781e+05 +1.588372781e+05 +1.583675281e+05 +1.583675281e+05 +2.9825e+00 -2.4658e-01 +2.4976e+00 +1.6612e+00 +9.0336e-02
152 +1.148291719e+05 +1.148291719e+05 +1.143594219e+05 +1.143594219e+05 +3.1533e+00 -8.0021e-01 +1.7272e+00 +1.6886e+00 -1.0512e-01
167 +7.833290177e+04 +7.833290177e+04 +7.786315177e+04 +7.786315177e+04 +3.3779e+00 -3.8475e-01 +1.8495e+00 +1.6149e+00 -6.0817e-01
170 +3.151693963e+04 +3.151693963e+04 +3.104718963e+04 +3.104718963e+04 +2.3725e+00 -2.9433e-01 +2.6027e+00 +1.6807e+00 -1.3066e-01
289 +2.158469588e+04 +2.158469588e+04 +2.111494588e+04 +2.111494588e+04 +2.7859e+00 -9.0944e-02 +2.6367e+00 +1.6521e+00 -6.8692e-01
305 +1.418423149e+04 +1.418423149e+04 +1.371448149e+04 +1.371448149e+04 +2.8526e+00 -8.8111e-03 +3.3463e+00 +1.6706e+00 -2.5345e+00
332 +7.784166678e+03 +7.784166678e+03 +7.314416678e+03 +7.314416678e+03 +2.9593e+00 -1.2909e-02 +3.3201e+00 +1.6913e+00 -3.3747e+00
363 +6.000415762e+03 +6.000415762e+03 +5.530665762e+03 +5.530665762e+03 +2.9579e+00 +2.3937e-01 +2.9907e+00 +1.6704e+00 -1.7242e+00
383 +1.857110379e+03 +1.857110379e+03 +1.387360379e+03 +1.387360379e+03 +2.4319e+00 +3.7229e-01 +3.2189e+00 +1.6545e+00 -1.0102e+00
% function evaluation | noise-free fitness - Fopt (1.832700000000e+02) | best noise-free fitness - Fopt | measured fitness | best measured fitness | x1 | x2...
1 +2.332533072e+06 +2.332533072e+06 +2.332716342e+06 +2.332716342e+06 +0.0000e+00 +0.0000e+00 +0.0000e+00 +0.0000e+00 +0.0000e+00
121 +2.262307672e+06 +2.262307672e+06 +2.262490942e+06 +2.262490942e+06 +2.1096e+00 +2.7551e+00 -4.1455e+00 -4.3594e+00 +4.0402e+00
131 +1.971545861e+06 +1.971545861e+06 +1.971729131e+06 +1.971729131e+06 +2.1078e+00 +2.6759e+00 -3.5337e+00 -3.4576e+00 +4.0406e+00
154 +1.509192735e+06 +1.509192735e+06 +1.509376005e+06 +1.509376005e+06 +2.1596e+00 +2.6811e+00 -2.9221e+00 -7.1689e+00 +4.0386e+00
177 +1.394516322e+06 +1.394516322e+06 +1.394699592e+06 +1.394699592e+06 +2.1035e+00 +2.6761e+00 -3.9083e+00 -4.5397e+00 +4.0382e+00
178 +1.155499563e+06 +1.155499563e+06 +1.155682833e+06 +1.155682833e+06 +2.1119e+00 +2.4824e+00 -4.0396e+00 -4.7260e+00 +4.0401e+00
181 +8.415649918e+05 +8.415649918e+05 +8.417482618e+05 +8.417482618e+05 +2.1258e+00 +1.8597e+00 -4.0848e+00 -6.3646e+00 +4.0416e+00
193 +7.889116678e+05 +7.889116678e+05 +7.890949378e+05 +7.890949378e+05 +2.1174e+00 +2.3758e+00 -3.5456e+00 -4.4481e+00 +4.0404e+00
207 +7.658368374e+05 +7.658368374e+05 +7.660201074e+05 +7.660201074e+05 +2.0464e+00 +2.4325e+00 -3.3013e+00 -5.9356e+00 +4.0393e+00
209 +7.237308323e+05 +7.237308323e+05 +7.239141023e+05 +7.239141023e+05 +2.1499e+00 +9.7101e-01 -3.7115e+00 -5.0493e+00 +4.0401e+00
213 +5.064742884e+05 +5.064742884e+05 +5.066575584e+05 +5.066575584e+05 +2.1408e+00 +1.8527e+00 -3.4457e+00 -4.2520e+00 +4.0402e+00
326 +4.537243382e+05 +4.537243382e+05 +4.539076082e+05 +4.539076082e+05 +2.8233e+00 +1.3550e+00 -3.6244e+00 -3.5221e+00 +4.0493e+00
328 +4.189105925e+05 +4.189105925e+05 +4.190938625e+05 +4.190938625e+05 +2.4878e+00 +1.6871e+00 -3.3143e+00 -4.3687e+00 +4.0258e+00
416 +2.966100996e+05 +2.966100996e+05 +2.967933696e+05 +2.967933696e+05 +2.4751e+00 +1.1732e+00 -3.2710e+00 -3.5240e+00 +3.9962e+00
431 +8.713982825e+04 +8.713982825e+04 +8.732309825e+04 +8.732309825e+04 +2.3071e+00 +1.7428e+00 -6.0544e-01 -2.2650e-01 +4.0311e+00
483 +6.912759436e+04 +6.912759436e+04 +6.931086436e+04 +6.931086436e+04 +3.5328e+00 +1.8035e+00 -4.0728e-01 -6.6400e-01 +4.0005e+00
514 +6.439936852e+04 +6.439936852e+04 +6.458263852e+04 +6.458263852e+04 +4.2596e+00 +1.5987e+00 -1.1848e+00 -1.1835e+00 +4.0303e+00
540 +6.160665049e+04 +6.160665049e+04 +6.178992049e+04 +6.178992049e+04 +4.6579e+00 +1.3982e+00 -1.4112e+00 -1.2524e+00 +3.9887e+00
549 +1.280823965e+04 +1.280823965e+04 +1.299150965e+04 +1.299150965e+04 +2.6706e+00 +1.3712e+00 -1.1609e-01 +5.5218e-01 +3.9672e+00
707 +7.675068028e+03 +7.675068028e+03 +7.858338028e+03 +7.858338028e+03 +6.3978e+00 +1.1088e+00 -1.7218e+00 -1.0568e+00 +3.4807e+00
718 +6.399969837e+03 +6.399969837e+03 +6.583239837e+03 +6.583239837e+03 +6.5459e+00 +3.3417e-01 -1.8588e+00 -3.0796e-01 +3.8707e+00
793 +5.122215579e+03 +5.122215579e+03 +5.305485579e+03 +5.305485579e+03 +6.1479e+00 +6.7013e-01 -1.7757e+00 -4.9290e-01 +3.8146e+00
814 +3.636753694e+03 +3.636753694e+03 +3.820023694e+03 +3.820023694e+03 +6.7330e+00 +7.5954e-01 -1.7641e+00 -6.0021e-01 +3.5150e+00
850 +3.165299027e+03 +3.165299027e+03 +3.348569027e+03 +3.348569027e+03 +6.5242e+00 +5.6723e-01 -1.8116e+00 -4.1933e-01 +3.8157e+00
890 +2.473448232e+03 +2.473448232e+03 +2.656718232e+03 +2.656718232e+03 +5.6861e+00 +3.8183e-01 -1.9085e+00 -2.8923e-01 +3.6759e+00
915 +2.415140504e+03 +2.415140504e+03 +2.598410504e+03 +2.598410504e+03 +6.0539e+00 +3.2516e-01 -1.8888e+00 -1.6039e-01 +3.6338e+00
929 +2.393051154e+03 +2.393051154e+03 +2.576321154e+03 +2.576321154e+03 +6.0550e+00 +3.8229e-01 -1.8018e+00 -1.4757e-01 +3.6567e+00
980 +2.234168930e+03 +2.234168930e+03 +2.417438930e+03 +2.417438930e+03 +5.7593e+00 +3.9912e-01 -1.8432e+00 -2.5452e-01 +3.6778e+00
% function evaluation | noise-free fitness - Fopt (-1.000000000000e+03) | best noise-free fitness - Fopt | measured fitness | best measured fitness | x1 | x2...
1 +2.424297840e+07 +2.424297840e+07 +2.424197840e+07 +2.424197840e+07 +0.0000e+00 +0.0000e+00 +0.0000e+00 +0.0000e+00 +0.0000e+00
2 +2.160741814e+06 +2.160741814e+06 +2.159741814e+06 +2.159741814e+06 +4.9029e+00 -3.5778e+00 -2.0707e-01 +4.9708e+00 +4.2982e+00
5 +2.118897769e+06 +2.118897769e+06 +2.117897769e+06 +2.117897769e+06 +4.8996e+00 -3.6209e+00 -2.0359e-01 +4.9708e+00 +4.3055e+00
52 +2.084314412e+06 +2.084314412e+06 +2.083314412e+06 +2.083314412e+06 +4.9144e+00 -3.5659e+00 -1.9502e-01 +4.9695e+00 +4.3386e+00
57 +2.008203477e+06 +2.008203477e+06 +2.007203477e+06 +2.007203477e+06 +5.1012e+00 -3.5914e+00 -2.0313e-01 +4.9716e+00 +4.2890e+00
78 +1.920982240e+06 +1.920982240e+06 +1.919982240e+06 +1.919982240e+06 +5.1235e+00 -3.6041e+00 -1.9075e-01 +4.9709e+00 +4.3146e+00
81 +1.901522519e+06 +1.901522519e+06 +1.900522519e+06 +1.900522519e+06 +5.1337e+00 -3.6006e+00 -1.9256e-01 +4.9739e+00 +4.3330e+00
105 +1.812759362e+06 +1.812759362e+06 +1.811759362e+06 +1.811759362e+06 +5.0564e+00 -3.6015e+00 -1.5841e-01 +4.9782e+00 +4.3658e+00
110 +1.522591925e+06 +1.522591925e+06 +1.521591925e+06 +1.521591925e+06 +5.1316e+00 -3.5907e+00 -1.4602e-01 +4.9717e+00 +4.5835e+00
116 +6.768295232e+05 +6.768295232e+05 +6.758295232e+05 +6.758295232e+05 +4.9720e+00 -3.5993e+00 -1.8815e-01 +4.9751e+00 +5.9190e+00
130 +4.273678791e+05 +4.273678791e+05 +4.263678791e+05 +4.263678791e+05 +4.4285e+00 -3.7041e+00 -1.8234e-01 +5.0140e+00 +6.7972e+00
151 +2.706051800e+05 +2.706051800e+05 +2.696051800e+05 +2.696051800e+05 +5.4095e+00 -3.5925e+00 -1.8573e-01 +4.9727e+00 +6.9227e+00
165 +1.355796208e+05 +1.355796208e+05 +1.345796208e+05 +1.345796208e+05 +5.1560e+00 -3.6174e+00 -1.8496e-01 +4.9761e+00 +7.6975e+00
177 +7.220858805e+04 +7.220858805e+04 +7.120858805e+04 +7.120858805e+04 +6.5779e+00 -3.6121e+00 -1.6803e-01 +4.9668e+00 +7.8469e+00
178 +6.777363759e+04 +6.777363759e+04 +6.677363759e+04 +6.677363759e+04 +5.5114e+00 -3.3415e+00 -1.8293e-01 +4.9395e+00 +8.2024e+00
207 +6.598207080e+04 +6.598207080e+04 +6.498207080e+04 +6.498207080e+04 +6.5516e+00 -3.5700e+00 -1.6856e-01 +5.0417e+00 +7.9072e+00
214 +4.200897023e+04 +4.200897023e+04 +4.100897023e+04 +4.100897023e+04 +5.3718e+00 -3.4715e+00 -1.6202e-01 +4.7045e+00 +9.1073e+00
350 +3.210355699e+04 +3.210355699e+04 +3.110355699e+04 +3.110355699e+04 +5.3214e+00 -3.9154e+00 -9.5584e-03 +4.9088e+00 +8.0301e+00
362 +3.141466557e+04 +3.141466557e+04 +3.041466557e+04 +3.041466557e+04 +5.2190e+00 -4.1606e+00 -3.9258e-02 +4.8684e+00 +8.1464e+00
544 +3.044288354e+04 +3.044288354e+04 +2.944288354e+04 +2.944288354e+04 +5.4788e+00 -4.0476e+00 -2.2519e-01 +5.3310e+00 +8.1392e+00
561 +3.010361794e+04 +3.010361794e+04 +2.910361794e+04 +2.910361794e+04 +5.4515e+00 -4.0488e+00 -1.7569e-01 +5.2847e+00 +8.1432e+00
624 +2.937767900e+04 +2.937767900e+04 +2.837767900e+04 +2.837767900e+04 +5.4550e+00 -3.8383e+00 -1.1261e-01 +5.3523e+00 +8.0618e+00
630 +2.847366176e+04 +2.847366176e+04 +2.747366176e+04 +2.747366176e+04 +5.4277e+00 -3.8358e+00 -1.5978e-01 +5.3721e+00 +8.1153e+00
694 +2.818036224e+04 +2.818036224e+04 +2.718036224e+04 +2.718036224e+04 +5.4398e+00 -3.3358e+00 -9.6477e-02 +5.2745e+00 +8.2834e+00
759 +2.745616626e+04 +2.745616626e+04 +2.645616626e+04 +2.645616626e+04 +5.4703e+00 -3.6869e+00 -2.6306e-01 +5.5521e+00 +8.3624e+00
861 +2.587190172e+04 +2.587190172e+04 +2.487190172e+04 +2.487190172e+04 +5.3322e+00 -3.3767e+00 -4.8346e-02 +5.3644e+00 +8.1469e+00
876 +2.425658484e+04 +2.425658484e+04 +2.325658484e+04 +2.325658484e+04 +5.2371e+00 -2.7243e+00 +7.4796e-02 +5.6248e+00 +7.8554e+00
886 +2.397985666e+04 +2.397985666e+04 +2.297985666e+04 +2.297985666e+04 +5.2909e+00 -3.2914e+00 -1.1810e-01 +5.6194e+00 +8.2629e+00
988 +2.286164937e+04 +2.286164937e+04 +2.186164937e+04 +2.186164937e+04 +5.2880e+00 -2.8981e+00 -1.1385e-01 +5.5080e+00 +8.5118e+00
% function evaluation | noise-free fitness - Fopt (-5.658000000000e+01) | best noise-free fitness - Fopt | measured fitness | best measured fitness | x1 | x2...
1 +3.383308706e+06 +3.383308706e+06 +3.383252126e+06 +3.383252126e+06 +0.0000e+00 +0.0000e+00 +0.0000e+00 +0.0000e+00 +0.0000e+00
2 +2.304511008e+06 +2.304511008e+06 +2.304454428e+06 +2.304454428e+06 -2.9644e-01 -4.7442e+00 +5.9562e-01 -3.7638e+00 +4.3370e+00
3 +2.286649844e+06 +2.286649844e+06 +2.286593264e+06 +2.286593264e+06 -3.0480e-01 -4.7447e+00 +5.8986e-01 -3.7634e+00 +4.3308e+00
8 +2.232995370e+06 +2.232995370e+06 +2.232938790e+06 +2.232938790e+06 -2.9802e-01 -4.8017e+00 +5.8839e-01 -3.7650e+00 +4.3352e+00
47 +2.112899226e+06 +2.112899226e+06 +2.112842646e+06 +2.112842646e+06 -5.2598e-01 -4.7639e+00 +6.1499e-01 -3.7563e+00 +4.3296e+00
56 +2.050176458e+06 +2.050176458e+06 +2.050119878e+06 +2.050119878e+06 -6.5247e-01 -4.8055e+00 +5.0543e-01 -3.7503e+00 +4.3450e+00
80 +2.015073194e+06 +2.015073194e+06 +2.015016614e+06 +2.015016614e+06 -7.6191e-01 -4.7273e+00 +3.6881e-01 -3.7599e+00 +4.3281e+00
82 +1.557757359e+06 +1.557757359e+06 +1.557700779e+06 +1.557700779e+06 -1.0295e+00 -4.7524e+00 +2.4694e-01 -3.7548e+00 +4.3369e+00
102 +1.306899152e+06 +1.306899152e+06 +1.306842572e+06 +1.306842572e+06 -7.1549e-01 -4.8089e+00 -1.0456e+00 -3.7581e+00 +4.3195e+00
109 +1.522057118e+05 +1.522057118e+05 +1.521491318e+05 +1.521491318e+05 -1.3091e+00 -4.8045e+00 -4.0988e+00 -3.7573e+00 +4.3332e+00
145 +1.377240714e+05 +1.377240714e+05 +1.376674914e+05 +1.376674914e+05 -1.6764e+00 -4.8216e+00 -4.6572e+00 -3.7500e+00 +4.3313e+00
201 +1.094550241e+05 +1.094550241e+05 +1.093984441e+05 +1.093984441e+05 -1.3707e+00 -4.7771e+00 -5.2379e+00 -3.7706e+00 +4.3322e+00
395 +1.061524562e+05 +1.061524562e+05 +1.060958762e+05 +1.060958762e+05 -1.4352e+00 -4.8466e+00 -4.2826e+00 -3.7123e+00 +4.2555e+00
410 +1.031941163e+05 +1.031941163e+05 +1.031375363e+05 +1.031375363e+05 -1.2264e+00 -4.8108e+00 -5.7955e+00 -3.6588e+00 +4.1669e+00
423 +9.656511988e+04 +9.656511988e+04 +9.650853988e+04 +9.650853988e+04 -1.1667e+00 -4.9181e+00 -5.0410e+00 -3.6899e+00 +4.2046e+00
467 +9.346605078e+04 +9.346605078e+04 +9.340947078e+04 +9.340947078e+04 -1.1041e+00 -4.7762e+00 -5.7190e+00 -3.6627e+00 +4.1010e+00
475 +8.671321466e+04 +8.671321466e+04 +8.665663466e+04 +8.665663466e+04 -9.7308e-01 -4.6365e+00 -5.9837e+00 -3.4295e+00 +4.0368e+00
497 +7.321860711e+04 +7.321860711e+04 +7.316202711e+04 +7.316202711e+04 -8.6664e-01 -4.9980e+00 -5.3870e+00 -3.4765e+00 +4.1874e+00
579 +7.022913320e+04 +7.022913320e+04 +7.017255320e+04 +7.017255320e+04 -8.2943e-01 -4.8612e+00 -5.3956e+00 -3.4786e+00 +3.9854e+00
583 +6.009300346e+04 +6.009300346e+04 +6.003642346e+04 +6.003642346e+04 -9.2530e-01 -4.9000e+00 -4.9115e+00 -3.3985e+00 +3.7915e+00
627 +5.507081185e+04 +5.507081185e+04 +5.501423185e+04 +5.501423185e+04 -8.5035e-01 -4.7661e+00 -5.5806e+00 -3.2209e+00 +3.9677e+00
630 +5.164781702e+04 +5.164781702e+04 +5.159123702e+04 +5.159123702e+04 -7.4846e-01 -4.9412e+00 -5.4609e+00 -3.3467e+00 +3.7730e+00
681 +4.932663143e+04 +4.932663143e+04 +4.927005143e+04 +4.927005143e+04 -8.4581e-01 -4.8785e+00 -4.7725e+00 -2.9547e+00 +3.8345e+00
682 +4.721042066e+04 +4.721042066e+04 +4.715384066e+04 +4.715384066e+04 -8.4350e-01 -4.8812e+00 -4.8231e+00 -3.0973e+00 +3.8500e+00
688 +3.307843912e+04 +3.307843912e+04 +3.302185912e+04 +3.302185912e+04 -5.4681e-01 -4.8900e+00 -4.7975e+00 -3.0424e+00 +3.4602e+00
732 +3.014434623e+04 +3.014434623e+04 +3.008776623e+04 +3.008776623e+04 -2.9675e-01 -4.8776e+00 -4.6154e+00 -2.4654e+00 +3.3190e+00
736 +2.849456546e+04 +2.849456546e+04 +2.843798546e+04 +2.843798546e+04 -6.2275e-01 -4.4686e+00 -4.6566e+00 -2.7077e+00 +3.2263e+00
783 +2.741639130e+04 +2.741639130e+04 +2.735981130e+04 +2.735981130e+04 -5.4660e-01 -4.6974e+00 -4.8743e+00 -1.9744e+00 +4.0004e+00
791 +2.509211996e+04 +2.509211996e+04 +2.503553996e+04 +2.503553996e+04 -1.4290e-01 -4.6097e+00 -5.6300e+00 -2.2259e+00 +3.5095e+00
796 +2.239132538e+04 +2.239132538e+04 +2.233474538e+04 +2.233474538e+04 -2.9494e-01 -4.4419e+00 -5.7771e+00 -1.9768e+00 +3.6862e+00
% function evaluation | noise-free fitness - Fopt (-2.043700000000e+02) | best noise-free fitness - Fopt | measured fitness | best measured fitness | x1 | x2...
1 +1.654496861e+06 +1.654496861e+06 +1.654292491e+06 +1.654292491e+06 +0.0000e+00 +0.0000e+00 +0.0000e+00 +0.0000e+00 +0.0000e+00
102 +1.439425774e+06 +1.439425774e+06 +1.439221404e+06 +1.439221404e+06 +2.8830e+00 +3.7073e+00 +1.6434e+00 +2.2555e+00 -3.8261e-01
103 +8.962344633e+05 +8.962344633e+05 +8.960300933e+05 +8.960300933e+05 +2.9707e+00 +3.7102e+00 +1.6528e+00 +2.5751e+00 -3.7938e-01
128 +3.935089279e+05 +3.935089279e+05 +3.933045579e+05 +3.933045579e+05 +2.4683e+00 +3.7096e+00 +1.5826e+00 +3.2119e+00 -3.9005e-01
173 +3.202268362e+05 +3.202268362e+05 +3.200224662e+05 +3.200224662e+05 +2.5190e+00 +3.7164e+00 +1.6531e+00 +3.4913e+00 -3.8703e-01
188 +2.958011187e+05 +2.958011187e+05 +2.955967487e+05 +2.955967487e+05 +2.8410e+00 +3.7077e+00 +1.5596e+00 +3.6695e+00 -3.8440e-01
208 +2.785961199e+05 +2.785961199e+05 +2.783917499e+05 +2.783917499e+05 +3.3709e+00 +3.7212e+00 +1.5869e+00 +3.8707e+00 -3.8492e-01
232 +2.725025846e+05 +2.725025846e+05 +2.722982146e+05 +2.722982146e+05 +3.6610e+00 +3.7224e+00 +1.5861e+00 +4.0045e+00 -3.8666e-01
254 +2.306876990e+05 +2.306876990e+05 +2.304833290e+05 +2.304833290e+05 +3.6831e+00 +3.3787e+00 +1.5764e+00 +3.7055e+00 -3.8677e-01
277 +2.259082623e+05 +2.259082623e+05 +2.257038923e+05 +2.257038923e+05 +4.3010e+00 +3.6073e+00 +1.5127e+00 +3.9557e+00 -3.8966e-01
280 +1.561105462e+05 +1.561105462e+05 +1.559061762e+05 +1.559061762e+05 +4.9846e+00 +3.5067e+00 +1.4986e+00 +4.2015e+00 -3.8520e-01
377 +1.476813684e+05 +1.476813684e+05 +1.474769984e+05 +1.474769984e+05 +5.3473e+00 +3.5599e+00 +1.5492e+00 +4.2076e+00 -3.8961e-01
391 +1.225990804e+05 +1.225990804e+05 +1.223947104e+05 +1.223947104e+05 +5.1586e+00 +3.4999e+00 +1.2253e+00 +4.2826e+00 -4.8815e-01
396 +1.198511312e+05 +1.198511312e+05 +1.196467612e+05 +1.196467612e+05 +4.9410e+00 +3.2814e+00 +1.3924e+00 +4.1352e+00 -4.0150e-01
407 +1.104891004e+05 +1.104891004e+05 +1.102847304e+05 +1.102847304e+05 +6.1518e+00 +3.4929e+00 +1.4057e+00 +4.4581e+00 -3.4043e-01
413 +8.163896131e+04 +8.163896131e+04 +8.143459131e+04 +8.143459131e+04 +6.4714e+00 +3.0162e+00 +1.4777e+00 +4.1922e+00 -4.0281e-01
430 +7.982761351e+04 +7.982761351e+04 +7.962324351e+04 +7.962324351e+04 +7.5675e+00 +3.3028e+00 +1.5434e+00 +4.6311e+00 -3.6583e-01
457 +6.157325005e+04 +6.157325005e+04 +6.136888005e+04 +6.136888005e+04 +8.0121e+00 +2.1623e+00 +1.5211e+00 +4.1187e+00 -3.6391e-01
492 +5.033481822e+04 +5.033481822e+04 +5.013044822e+04 +5.013044822e+04 +7.3138e+00 +2.5196e+00 +1.1305e+00 +4.4639e+00 -3.8282e-01
564 +4.863125043e+04 +4.863125043e+04 +4.842688043e+04 +4.842688043e+04 +7.5256e+00 +2.6898e+00 +9.7885e-01 +4.6396e+00 -4.1210e-01
626 +4.738950620e+04 +4.738950620e+04 +4.718513620e+04 +4.718513620e+04 +6.7659e+00 +2.6727e+00 +7.8421e-01 +4.3674e+00 -3.7661e-01
667 +4.428673228e+04 +4.428673228e+04 +4.408236228e+04 +4.408236228e+04 +6.5988e+00 +2.6617e+00 +6.9104e-01 +4.4290e+00 -5.2785e-01
688 +3.774348077e+04 +3.774348077e+04 +3.753911077e+04 +3.753911077e+04 +6.9425e+00 +2.6692e+00 +3.4946e-01 +4.6152e+00 -4.9561e-01
850 +3.679275022e+04 +3.679275022e+04 +3.658838022e+04 +3.658838022e+04 +6.9561e+00 +2.6204e+00 +5.3477e-01 +4.2795e+00 -9.5424e-01
913 +3.624960042e+04 +3.624960042e+04 +3.604523042e+04 +3.604523042e+04 +6.0431e+00 +2.6370e+00 +3.1485e-01 +4.3193e+00 -5.6236e-01
917 +3.546690572e+04 +3.546690572e+04 +3.526253572e+04 +3.526253572e+04 +6.6675e+00 +2.4915e+00 +3.0844e-01 +4.2766e+00 -7.0232e-01
993 +3.184539004e+04 +3.184539004e+04 +3.164102004e+04 +3.164102004e+04 +6.3101e+00 +2.4742e+00 +2.1352e-01 +4.1731e+00 -8.9142e-01
% function evaluation | noise-free fitness - Fopt (8.550000000000e+00) | best noise-free fitness - Fopt | measured fitness | best measured fitness | x1 | x2...
1 +2.595163124e+07 +2.595163124e+07 +2.595163979e+07 +2.595163979e+07 +0.0000e+00 +0.0000e+00 +0.0000e+00 +0.0000e+00 +0.0000e+00
2 +5.031766774e+06 +5.031766774e+06 +5.031775324e+06 +5.031775324e+06 +3.4299e-01 -3.7903e+00 -4.5840e+00 +3.2270e+00 +2.5279e-02
8 +4.986620156e+06 +4.986620156e+06 +4.986628706e+06 +4.986628706e+06 +3.8236e-01 -3.7904e+00 -4.5835e+00 +3.2260e+00 +2.5008e-02
36 +4.878164602e+06 +4.878164602e+06 +4.878173152e+06 +4.878173152e+06 +4.4646e-01 -3.7943e+00 -4.5859e+00 +3.2402e+00 +1.8236e-02
59 +4.631843360e+06 +4.631843360e+06 +4.631851910e+06 +4.631851910e+06 +4.3326e-01 -3.7870e+00 -4.5856e+00 +3.3214e+00 -7.6420e-02
66 +4.472517764e+06 +4.472517764e+06 +4.472526314e+06 +4.472526314e+06 +7.8812e-01 -3.7908e+00 -4.5769e+00 +3.2694e+00 +2.3869e-02
78 +4.440365509e+06 +4.440365509e+06 +4.440374059e+06 +4.440374059e+06 +2.6357e-01 -3.7907e+00 -4.5868e+00 +3.2580e+00 -4.6632e-01
80 +4.110315785e+06 +4.110315785e+06 +4.110324335e+06 +4.110324335e+06 +9.1640e-01 -3.7921e+00 -4.5833e+00 +3.3820e+00 -2.9840e-02
103 +3.769341388e+06 +3.769341388e+06 +3.769349938e+06 +3.769349938e+06 +1.1584e+00 -3.8026e+00 -4.5855e+00 +3.4259e+00 -8.6268e-02
108 +2.552703873e+06 +2.552703873e+06 +2.552712423e+06 +2.552712423e+06 +2.7375e+00 -3.8189e+00 -4.5974e+00 +3.2319e+00 -5.2817e-02
132 +2.432832050e+06 +2.432832050e+06 +2.432840600e+06 +2.432840600e+06 +2.2155e+00 -3.7960e+00 -4.5805e+00 +3.3350e+00 -4.7999e-01
144 +2.342372827e+06 +2.342372827e+06 +2.342381377e+06 +2.342381377e+06 +3.3175e+00 -3.7959e+00 -4.5901e+00 +2.7956e+00 -2.9078e-01
152 +2.162730124e+06 +2.162730124e+06 +2.162738674e+06 +2.162738674e+06 +2.8887e+00 -3.8004e+00 -4.5944e+00 +3.3080e+00 -1.1329e-01
157 +1.612032168e+06 +1.612032168e+06 +1.612040718e+06 +1.612040718e+06 +3.0115e+00 -3.8010e+00 -4.5904e+00 +3.3727e+00 -3.4653e-01
173 +3.592691411e+05 +3.592691411e+05 +3.592776911e+05 +3.592776911e+05 +4.3041e+00 -3.7242e+00 -4.6261e+00 +4.0234e+00 +2.9728e-01
177 +2.351069140e+05 +2.351069140e+05 +2.351154640e+05 +2.351154640e+05 +3.0567e+00 -3.7750e+00 -4.6006e+00 +4.4410e+00 -8.4547e-01
180 +3.009038549e+04 +3.009038549e+04 +3.009893549e+04 +3.009893549e+04 +4.3853e+00 -3.7709e+00 -4.6703e+00 +4.4369e+00 -5.0068e-01
203 +2.214015926e+03 +2.214015926e+03 +2.222565926e+03 +2.222565926e+03 +4.4386e+00 -3.7362e+00 -4.6128e+00 +3.9205e+00 -1.3764e+00
% function evaluation | noise-free fitness - Fopt (3.258700000000e+02) | best noise-free fitness - Fopt | measured fitness | best measured fitness | x1 | x2...
1 +8.544138945e+06 +8.544138945e+06 +8.544464815e+06 +8.544464815e+06 +0.0000e+00 +0.0000e+00 +0.0000e+00 +0.0000e+00 +0.0000e+00
2 +4.207382387e+06 +4.207382387e+06 +4.207708257e+06 +4.207708257e+06 +2.9142e+00 -3.4964e+00 -2.3098e+00 +2.1425e+00 -4.8013e+00
12 +3.833980941e+06 +3.833980941e+06 +3.834306811e+06 +3.834306811e+06 +2.9068e+00 -3.5137e+00 -2.3064e+00 +2.0663e+00 -4.8181e+00
67 +3.800628156e+06 +3.800628156e+06 +3.800954026e+06 +3.800954026e+06 +2.9105e+00 -3.4873e+00 -2.3382e+00 +2.0680e+00 -4.7664e+00
77 +3.666588328e+06 +3.666588328e+06 +3.666914198e+06 +3.666914198e+06 +2.9135e+00 -3.7378e+00 -2.3160e+00 +2.0268e+00 -4.8578e+00
78 +3.425743517e+06 +3.425743517e+06 +3.426069387e+06 +3.426069387e+06 +2.9113e+00 -2.8480e+00 -2.3228e+00 +2.0597e+00 -4.7996e+00
88 +2.511183184e+06 +2.511183184e+06 +2.511509054e+06 +2.511509054e+06 +2.9125e+00 -3.4255e+00 -2.5598e+00 +1.9211e+00 -4.8033e+00
105 +2.260390478e+06 +2.260390478e+06 +2.260716348e+06 +2.260716348e+06 +2.9130e+00 -2.7058e+00 -2.3603e+00 +1.7387e+00 -4.8852e+00
127 +2.009738732e+06 +2.009738732e+06 +2.010064602e+06 +2.010064602e+06 +2.9268e+00 -2.8488e+00 -2.3833e+00 +1.3405e+00 -4.7352e+00
131 +1.862911915e+06 +1.862911915e+06 +1.863237785e+06 +1.863237785e+06 +2.9058e+00 -2.0297e+00 -2.4651e+00 +1.4329e+00 -5.0125e+00
152 +1.730401572e+06 +1.730401572e+06 +1.730727442e+06 +1.730727442e+06 +2.9403e+00 -4.3792e+00 -2.5537e+00 +1.1466e+00 -5.0017e+00
154 +8.010552855e+05 +8.010552855e+05 +8.013811555e+05 +8.013811555e+05 +2.9157e+00 -2.9263e+00 -2.4199e+00 +7.9290e-01 -4.8241e+00
175 +6.583816694e+05 +6.583816694e+05 +6.587075394e+05 +6.587075394e+05 +2.9209e+00 -5.0018e+00 -2.4393e+00 -1.7462e+00 -4.7739e+00
178 +6.144693371e+05 +6.144693371e+05 +6.147952071e+05 +6.147952071e+05 +2.9562e+00 -4.6937e+00 -2.5665e+00 +7.1155e-01 -5.2376e+00
183 +5.851771561e+05 +5.851771561e+05 +5.855030261e+05 +5.855030261e+05 +3.0103e+00 -3.2130e+00 -2.3395e+00 +5.7742e-01 -4.9246e+00
184 +3.135083197e+05 +3.135083197e+05 +3.138341897e+05 +3.138341897e+05 +2.9642e+00 -3.3459e+00 -2.8574e+00 +5.0808e-01 -4.7316e+00
188 +2.128018703e+05 +2.128018703e+05 +2.131277403e+05 +2.131277403e+05 +2.9443e+00 -3.6056e+00 -2.4242e+00 +3.9805e-03 -4.7453e+00
195 +1.876708957e+05 +1.876708957e+05 +1.879967657e+05 +1.879967657e+05 +2.9464e+00 -4.0166e+00 -2.4944e+00 +1.0643e+00 -7.4443e+00
198 +1.151797252e+05 +1.151797252e+05 +1.155055952e+05 +1.155055952e+05 +2.9572e+00 -4.1780e+00 -2.6278e+00 -8.4374e-01 -4.6180e+00
200 +3.675561256e+04 +3.675561256e+04 +3.708148256e+04 +3.708148256e+04 +2.9853e+00 -8.0140e-01 -1.9953e+00 -1.0271e+00 -4.2862e+00
246 +2.452392301e+04 +2.452392301e+04 +2.484979301e+04 +2.484979301e+04 +2.9586e+00 -3.2362e+00 -2.7911e+00 -2.0258e-01 -4.7113e+00
255 +1.870696848e+04 +1.870696848e+04 +1.903283848e+04 +1.903283848e+04 +2.9334e+00 -2.0709e+00 -2.5790e+00 -2.2477e-01 -5.0818e+00
274 +1.542433244e+04 +1.542433244e+04 +1.575020244e+04 +1.575020244e+04 +2.9143e+00 -1.8412e+00 -2.1473e+00 -1.0119e+00 -3.8053e+00
368 +1.470536874e+04 +1.470536874e+04 +1.503123874e+04 +1.503123874e+04 +3.3760e+00 -3.4908e+00 -3.1135e+00 +1.4454e-01 -5.2648e+00
455 +9.863728088e+03 +9.863728088e+03 +1.018959809e+04 +1.018959809e+04 +2.6462e+00 -3.5462e+00 -3.8215e+00 +4.9219e-01 -4.5250e+00
650 +9.667423620e+03 +9.667423620e+03 +9.993293620e+03 +9.993293620e+03 +2.9750e+00 -2.2069e+00 -2.8449e+00 -3.7970e-01 -3.9203e+00
858 +5.674331667e+03 +5.674331667e+03 +6.000201667e+03 +6.000201667e+03 +3.9523e+00 -2.4560e+00 -2.9742e+00 -6.2752e-01 -3.4194e+00
907 +4.651764672e+03 +4.651764672e+03 +4.977634672e+03 +4.977634672e+03 +5.0997e+00 -2.5640e+00 -2.7599e+00 -8.6294e-01 -3.4723e+00
934 +2.800441607e+03 +2.800441607e+03 +3.126311607e+03 +3.126311607e+03 +5.5624e+00 -2.8687e+00 -2.6631e+00 -8.6040e-01 -3.7043e+00
% function evaluation | noise-free fitness - Fopt (-9.525000000000e+01) | best noise-free fitness - Fopt | measured fitness | best measured fitness | x1 | x2...
1 +7.735281647e+06 +7.735281647e+06 +7.735186397e+06 +7.735186397e+06 +0.0000e+00 +0.0000e+00 +0.0000e+00 +0.0000e+00 +0.0000e+00
140 +3.654239069e+06 +3.654239069e+06 +3.654143819e+06 +3.654143819e+06 -4.5319e+00 -2.3074e+00 -2.8022e+00 -3.2102e-01 -1.7379e-01
157 +1.131468235e+06 +1.131468235e+06 +1.131372985e+06 +1.131372985e+06 -4.5358e+00 -2.5308e+00 -2.5931e+00 +3.9137e+00 -1.1901e-01
179 +9.759877463e+05 +9.759877463e+05 +9.758924963e+05 +9.758924963e+05 -4.5351e+00 -2.4481e+00 -2.5570e+00 +2.3958e+00 -1.8874e-01
194 +9.516685045e+05 +9.516685045e+05 +9.515732545e+05 +9.515732545e+05 -4.5313e+00 -2.4430e+00 -2.5177e+00 +3.3693e+00 -1.6800e-01
202 +8.019701018e+05 +8.019701018e+05 +8.018748518e+05 +8.018748518e+05 -4.5346e+00 -2.5197e+00 -2.2480e+00 +2.8643e+00 -2.0286e-01
208 +7.275333713e+05 +7.275333713e+05 +7.274381213e+05 +7.274381213e+05 -4.5347e+00 -2.4906e+00 -2.0457e+00 +2.7188e+00 +3.6541e-02
228 +6.550593715e+05 +6.550593715e+05 +6.549641215e+05 +6.549641215e+05 -4.5342e+00 -2.5005e+00 -1.6265e+00 +2.6486e+00 -1.4725e-01
256 +5.774090497e+05 +5.774090497e+05 +5.773137997e+05 +5.773137997e+05 -4.5355e+00 -2.6563e+00 -1.4282e+00 +2.4148e+00 -1.3121e-01
271 +3.933629357e+05 +3.933629357e+05 +3.932676857e+05 +3.932676857e+05 -4.5364e+00 -4.5229e+00 -9.4659e-01 +3.0127e+00 -2.2706e-01
273 +3.129626773e+05 +3.129626773e+05 +3.128674273e+05 +3.128674273e+05 -4.5330e+00 -4.0359e+00 -6.4496e-01 +2.8118e+00 -8.8527e-02
282 +2.080675193e+05 +2.080675193e+05 +2.079722693e+05 +2.079722693e+05 -4.5350e+00 -4.0317e+00 +3.0344e-01 +2.1059e+00 -2.1458e-01
304 +1.964968992e+05 +1.964968992e+05 +1.964016492e+05 +1.964016492e+05 -4.5187e+00 -3.7120e+00 +7.3213e-01 +1.5551e+00 +3.7449e-01
335 +1.027217506e+05 +1.027217506e+05 +1.026265006e+05 +1.026265006e+05 -4.5374e+00 -4.5478e+00 +6.7429e-01 +2.4002e+00 +1.9028e-02
339 +8.768620163e+04 +8.768620163e+04 +8.759095163e+04 +8.759095163e+04 -4.5328e+00 -3.6084e+00 +1.1877e+00 +1.8660e+00 +6.2588e-02
364 +4.239855954e+04 +4.239855954e+04 +4.230330954e+04 +4.230330954e+04 -4.5366e+00 -3.7063e+00 +1.6990e+00 +1.4946e+00 +5.4581e-02
401 +3.079620751e+04 +3.079620751e+04 +3.070095751e+04 +3.070095751e+04 -4.5484e+00 -2.9551e+00 +3.1498e+00 +1.4400e+00 +2.6183e+00
459 +1.651436190e+04 +1.651436190e+04 +1.641911190e+04 +1.641911190e+04 -4.5623e+00 -4.1262e+00 +1.9012e+00 +1.7177e+00 +2.2710e-01
474 +8.561632327e+03 +8.561632327e+03 +8.466382327e+03 +8.466382327e+03 -4.5380e+00 -4.3643e+00 +2.2740e+00 +1.5221e+00 -6.0782e-02
481 +5.469244995e+03 +5.469244995e+03 +5.373994995e+03 +5.373994995e+03 -4.5103e+00 -4.7610e+00 +2.1265e+00 +1.8702e+00 +6.4202e-02
484 +2.327029747e+03 +2.327029747e+03 +2.231779747e+03 +2.231779747e+03 -4.5523e+00 -4.7290e+00 +2.2633e+00 +1.8882e+00 +3.1514e-01
509 +1.456840243e+03 +1.456840243e+03 +1.361590243e+03 +1.361590243e+03 -4.5544e+00 -4.5185e+00 +2.5198e+00 +1.8144e+00 +5.2505e-01
571 +1.408543754e+03 +1.408543754e+03 +1.313293754e+03 +1.313293754e+03 -4.5779e+00 -4.3862e+00 +2.2579e+00 +2.1954e+00 +9.8712e-01
620 +1.169897127e+03 +1.169897127e+03 +1.074647127e+03 +1.074647127e+03 -4.5829e+00 -4.5829e+00 +2.4408e+00 +1.9361e+00 +7.1281e-01
637 +3.304787532e+02 +3.304787532e+02 +2.352287532e+02 +2.352287532e+02 -4.5737e+00 -4.6494e+00 +2.4055e+00 +2.0697e+00 +6.8947e-01
739 +2.811306736e+02 +2.811306736e+02 +1.858806736e+02 +1.858806736e+02 -4.6449e+00 -4.6058e+00 +2.4484e+00 +2.0397e+00 +6.7593e-01
804 +2.310536204e+02 +2.310536204e+02 +1.358036204e+02 +1.358036204e+02 -4.6279e+00 -4.5859e+00 +2.4321e+00 +2.0100e+00 +6.1615e-01
813 +2.255162750e+02 +2.255162750e+02 +1.302662750e+02 +1.302662750e+02 -4.5671e+00 -4.5632e+00 +2.4449e+00 +1.8989e+00 +6.2733e-01
834 +1.970778918e+02 +1.970778918e+02 +1.018278918e+02 +1.018278918e+02 -4.5953e+00 -4.5591e+00 +2.4369e+00 +1.9647e+00 +6.4525e-01
894 +1.895648150e+02 +1.895648150e+02 +9.431481505e+01 +9.431481505e+01 -4.6185e+00 -4.5835e+00 +2.4444e+00 +1.9890e+00 +6.4431e-01
961 +1.300840896e+02 +1.300840896e+02 +3.483408956e+01 +3.483408956e+01 -4.4816e+00 -4.5273e+00 +2.3515e+00 +1.9138e+00 +7.2410e-01
% function evaluation | noise-free fitness - Fopt (4.943000000000e+01) | best noise-free fitness - Fopt | measured fitness | best measured fitness | x1 | x2...
1 +2.244137192e+07 +2.244137192e+07 +2.244142135e+07 +2.244142135e+07 +0.0000e+00 +0.0000e+00 +0.0000e+00 +0.0000e+00 +0.0000e+00
166 +1.736147667e+07 +1.736147667e+07 +1.736152610e+07 +1.736152610e+07 +1.9759e+00 +1.5837e+00 -3.4214e+00 +3.4270e+00 +3.4673e+00
178 +1.070820011e+07 +1.070820011e+07 +1.070824954e+07 +1.070824954e+07 +4.5281e+00 +1.5855e+00 -3.3016e+00 +3.4302e+00 +3.0673e+00
201 +8.217567249e+06 +8.217567249e+06 +8.217616679e+06 +8.217616679e+06 +2.9301e+00 +1.5797e+00 -3.1800e+00 +3.4311e+00 +5.0246e+00
203 +7.420942274e+06 +7.420942274e+06 +7.420991704e+06 +7.420991704e+06 +6.5145e+00 +1.5828e+00 -3.4028e+00 +3.4321e+00 +2.9688e+00
204 +4.749018835e+06 +4.749018835e+06 +4.749068265e+06 +4.749068265e+06 +3.5821e+00 +1.5826e+00 -3.4482e+00 +3.4270e+00 +5.7911e+00
231 +2.831751169e+05 +2.831751169e+05 +2.832245469e+05 +2.832245469e+05 +9.5043e+00 +1.6070e+00 -3.5803e+00 +3.4285e+00 +4.6395e+00
253 +1.503345448e+05 +1.503345448e+05 +1.503839748e+05 +1.503839748e+05 +1.1605e+01 +1.5886e+00 -3.6810e+00 +3.4273e+00 +3.5234e+00
289 +1.565932485e+04 +1.565932485e+04 +1.570875485e+04 +1.570875485e+04 +1.1901e+01 +1.5892e+00 +6.5507e+00 +3.4089e+00 +3.7338e+00
754 +1.366817617e+04 +1.366817617e+04 +1.371760617e+04 +1.371760617e+04 +1.1485e+01 +1.4582e+00 +5.2107e+00 +3.3898e+00 +3.8974e+00
967 +1.326332914e+04 +1.326332914e+04 +1.331275914e+04 +1.331275914e+04 +1.1023e+01 +1.2963e+00 +5.0878e+00 +3.3143e+00 +4.0002e+00
981 +1.294002705e+04 +1.294002705e+04 +1.298945705e+04 +1.298945705e+04 +1.0913e+01 +1.1123e+00 +4.0007e+00 +3.2514e+00 +3.9247e+00
994 +1.278510798e+04 +1.278510798e+04 +1.283453798e+04 +1.283453798e+04 +1.1163e+01 +1.2827e+00 +5.0877e+00 +3.3912e+00 +3.9310e+00
% function evaluation | noise-free fitness - Fopt (-9.772000000000e+01) | best noise-free fitness - Fopt | measured fitness | best measured fitness | x1 | x2...
1 +2.466708070e+06 +2.466708070e+06 +2.466610350e+06 +2.466610350e+06 +0.0000e+00 +0.0000e+00 +0.0000e+00 +0.0000e+00 +0.0000e+00
2 +3.445269663e+04 +3.445269663e+04 +3.435497663e+04 +3.435497663e+04 +3.1187e+00 -1.9034e+00 +1.3438e+00 -2.1868e+00 -2.5133e+00
4 +3.329562755e+04 +3.329562755e+04 +3.319790755e+04 +3.319790755e+04 +3.1236e+00 -1.9032e+00 +1.3451e+00 -2.1877e+00 -2.5094e+00
12 +3.222699269e+04 +3.222699269e+04 +3.212927269e+04 +3.212927269e+04 +3.1249e+00 -1.9033e+00 +1.3377e+00 -2.1869e+00 -2.5119e+00
15 +3.153858708e+04 +3.153858708e+04 +3.144086708e+04 +3.144086708e+04 +3.1220e+00 -1.8985e+00 +1.3350e+00 -2.1867e+00 -2.5109e+00
16 +2.635621392e+04 +2.635621392e+04 +2.625849392e+04 +2.625849392e+04 +3.1207e+00 -1.8800e+00 +1.3182e+00 -2.1855e+00 -2.5054e+00
30 +1.799159021e+04 +1.799159021e+04 +1.789387021e+04 +1.789387021e+04 +3.1007e+00 -1.8973e+00 +1.2468e+00 -2.1889e+00 -2.5099e+00
39 +1.440466796e+04 +1.440466796e+04 +1.430694796e+04 +1.430694796e+04 +3.1252e+00 -1.8990e+00 +1.1079e+00 -2.1877e+00 -2.5055e+00
67 +1.394305593e+04 +1.394305593e+04 +1.384533593e+04 +1.384533593e+04 +3.1294e+00 -1.8973e+00 +1.1610e+00 -2.1874e+00 -2.5104e+00
85 +1.376468293e+04 +1.376468293e+04 +1.366696293e+04 +1.366696293e+04 +3.1362e+00 -1.8905e+00 +1.1779e+00 -2.1816e+00 -2.4960e+00
89 +1.297098525e+04 +1.297098525e+04 +1.287326525e+04 +1.287326525e+04 +3.1063e+00 -1.8226e+00 +1.1848e+00 -2.1852e+00 -2.4912e+00
141 +1.158626132e+04 +1.158626132e+04 +1.148854132e+04 +1.148854132e+04 +3.1619e+00 -1.6531e+00 +1.1670e+00 -2.2067e+00 -2.5150e+00
218 +1.125295324e+04 +1.125295324e+04 +1.115523324e+04 +1.115523324e+04 +3.1271e+00 -1.5923e+00 +1.1347e+00 -2.1880e+00 -2.5130e+00
227 +9.955324347e+03 +9.955324347e+03 +9.857604347e+03 +9.857604347e+03 +3.0385e+00 -1.6445e+00 +1.2081e+00 -2.2090e+00 -2.4231e+00
237 +9.725393160e+03 +9.725393160e+03 +9.627673160e+03 +9.627673160e+03 +3.1074e+00 -1.1705e+00 +1.1532e+00 -2.1751e+00 -2.4735e+00
239 +9.416878415e+03 +9.416878415e+03 +9.319158415e+03 +9.319158415e+03 +3.0507e+00 -1.3556e+00 +1.1272e+00 -2.1712e+00 -2.5145e+00
256 +8.419644279e+03 +8.419644279e+03 +8.321924279e+03 +8.321924279e+03 +3.1628e+00 -1.1190e+00 +1.2037e+00 -2.2469e+00 -2.5017e+00
368 +8.300529708e+03 +8.300529708e+03 +8.202809708e+03 +8.202809708e+03 +3.2913e+00 -1.0923e+00 +1.2202e+00 -2.2259e+00 -2.5317e+00
391 +8.007509955e+03 +8.007509955e+03 +7.909789955e+03 +7.909789955e+03 +3.5038e+00 -1.0921e+00 +1.3436e+00 -2.2061e+00 -2.4975e+00
510 +7.879451414e+03 +7.879451414e+03 +7.781731414e+03 +7.781731414e+03 +3.3978e+00 -1.1590e+00 +1.2664e+00 -2.5282e+00 -2.5180e+00
665 +7.601487167e+03 +7.601487167e+03 +7.503767167e+03 +7.503767167e+03 +3.3454e+00 -1.2552e+00 +1.3142e+00 -2.3791e+00 -2.4722e+00
670 +7.563153994e+03 +7.563153994e+03 +7.465433994e+03 +7.465433994e+03 +3.3587e+00 -1.2323e+00 +1.3245e+00 -2.3759e+00 -2.4697e+00
792 +7.147010801e+03 +7.147010801e+03 +7.049290801e+03 +7.049290801e+03 +3.4306e+00 -1.2817e+00 +1.3725e+00 -2.4340e+00 -2.4554e+00
881 +7.074001014e+03 +7.074001014e+03 +6.976281014e+03 +6.976281014e+03 +3.4234e+00 -1.2953e+00 +1.3518e+00 -2.5160e+00 -2.4574e+00
927 +6.857635152e+03 +6.857635152e+03 +6.759915152e+03 +6.759915152e+03 +3.4254e+00 -1.3931e+00 +1.3506e+00 -2.6518e+00 -2.4668e+00
948 +6.713374705e+03 +6.713374705e+03 +6.615654705e+03 +6.615654705e+03 +3.4789e+00 -1.3456e+00 +1.3671e+00 -2.5891e+00 -2.4648e+00
% function evaluation | noise-free fitness - Fopt (-5.100000000000e+01) | best noise-free fitness - Fopt | measured fitness | best measured fitness | x1 | x2...
1 +4.336011372e+06 +4.336011372e+06 +4.335960372e+06 +4.335960372e+06 +0.0000e+00 +0.0000e+00 +0.0000e+00 +0.0000e+00 +0.0000e+00
2 +3.308233863e+05 +3.308233863e+05 +3.307723863e+05 +3.307723863e+05 +4.4934e+00 -2.9068e+00 +3.0011e+00 -3.9959e+00 +2.0084e+00
57 +3.218309478e+05 +3.218309478e+05 +3.217799478e+05 +3.217799478e+05 +4.4920e+00 -3.0216e+00 +2.9723e+00 -3.9954e+00 +2.0072e+00
65 +3.156148979e+05 +3.156148979e+05 +3.155638979e+05 +3.155638979e+05 +4.4987e+00 -2.9123e+00 +2.9366e+00 -3.9961e+00 +2.0112e+00
82 +3.078808448e+05 +3.078808448e+05 +3.078298448e+05 +3.078298448e+05 +4.4927e+00 -2.9279e+00 +2.9100e+00 -3.9962e+00 +1.9801e+00
102 +2.864695032e+05 +2.864695032e+05 +2.864185032e+05 +2.864185032e+05 +4.4991e+00 -2.9257e+00 +2.7987e+00 -4.0029e+00 +1.9579e+00
120 +2.809602252e+05 +2.809602252e+05 +2.809092252e+05 +2.809092252e+05 +4.4819e+00 -2.8677e+00 +2.7523e+00 -3.9956e+00 +1.9821e+00
128 +2.672568026e+05 +2.672568026e+05 +2.672058026e+05 +2.672058026e+05 +4.5055e+00 -2.7917e+00 +2.6811e+00 -3.9970e+00 +1.9543e+00
175 +2.594465865e+05 +2.594465865e+05 +2.593955865e+05 +2.593955865e+05 +4.5372e+00 -2.8025e+00 +2.5185e+00 -3.9924e+00 +1.9493e+00
177 +2.427837878e+05 +2.427837878e+05 +2.427327878e+05 +2.427327878e+05 +4.5173e+00 -2.5207e+00 +2.6270e+00 -3.9898e+00 +1.9246e+00
186 +2.317870089e+05 +2.317870089e+05 +2.317360089e+05 +2.317360089e+05 +4.4171e+00 -2.6905e+00 +2.3300e+00 -3.9988e+00 +1.9623e+00
192 +1.944140360e+05 +1.944140360e+05 +1.943630360e+05 +1.943630360e+05 +4.5463e+00 -2.1549e+00 +2.5371e+00 -3.9921e+00 +1.9249e+00
203 +1.676152005e+05 +1.676152005e+05 +1.675642005e+05 +1.675642005e+05 +4.5085e+00 -2.3821e+00 +2.2187e+00 -4.0066e+00 +1.9477e+00
204 +1.294368306e+05 +1.294368306e+05 +1.293858306e+05 +1.293858306e+05 +4.5610e+00 -1.6283e+00 +2.1604e+00 -3.9882e+00 +1.9436e+00
249 +1.284330395e+05 +1.284330395e+05 +1.283820395e+05 +1.283820395e+05 +4.5035e+00 -2.2174e+00 +2.1188e+00 -3.9933e+00 +2.0473e+00
253 +1.184344198e+05 +1.184344198e+05 +1.183834198e+05 +1.183834198e+05 +4.4197e+00 -2.2178e+00 +1.9560e+00 -4.0468e+00 +1.9845e+00
260 +4.439777602e+04 +4.439777602e+04 +4.434677602e+04 +4.434677602e+04 +4.4199e+00 -1.4035e+00 +1.2437e+00 -3.9961e+00 +2.0233e+00
392 +4.324628310e+04 +4.324628310e+04 +4.319528310e+04 +4.319528310e+04 +4.2619e+00 -6.6764e-01 +5.7376e-01 -3.8613e+00 +1.4394e+00
407 +4.213630196e+04 +4.213630196e+04 +4.208530196e+04 +4.208530196e+04 +4.6175e+00 -1.2375e+00 +1.5356e+00 -3.9533e+00 +2.0005e+00
418 +4.060932455e+04 +4.060932455e+04 +4.055832455e+04 +4.055832455e+04 +4.4039e+00 -1.3454e+00 +1.3444e+00 -3.9462e+00 +1.9642e+00
450 +3.598657762e+04 +3.598657762e+04 +3.593557762e+04 +3.593557762e+04 +4.4777e+00 -6.1420e-01 +1.3266e+00 -4.0005e+00 +1.5088e+00
461 +2.972680878e+04 +2.972680878e+04 +2.967580878e+04 +2.967580878e+04 +4.5160e+00 -1.0165e+00 +1.2621e+00 -3.9153e+00 +1.8844e+00
526 +2.872121882e+04 +2.872121882e+04 +2.867021882e+04 +2.867021882e+04 +4.5269e+00 -9.6194e-01 +1.2201e+00 -3.8675e+00 +1.9134e+00
549 +2.535265556e+04 +2.535265556e+04 +2.530165556e+04 +2.530165556e+04 +4.4984e+00 -8.0253e-01 +9.4688e-01 -3.9064e+00 +2.1275e+00
614 +2.456407564e+04 +2.456407564e+04 +2.451307564e+04 +2.451307564e+04 +4.2905e+00 -9.5080e-01 +1.1135e+00 -3.9667e+00 +1.3425e+00
658 +2.379956848e+04 +2.379956848e+04 +2.374856848e+04 +2.374856848e+04 +4.3243e+00 -9.1266e-01 +9.6984e-01 -3.6518e+00 +1.9491e+00
703 +2.211125508e+04 +2.211125508e+04 +2.206025508e+04 +2.206025508e+04 +4.2828e+00 -6.7129e-01 +7.0911e-01 -3.7933e+00 +1.9332e+00
763 +2.141212846e+04 +2.141212846e+04 +2.136112846e+04 +2.136112846e+04 +4.3233e+00 -4.3876e-01 +7.6616e-01 -3.9008e+00 +1.3618e+00
782 +2.106444089e+04 +2.106444089e+04 +2.101344089e+04 +2.101344089e+04 +4.2828e+00 -7.8813e-01 +8.3258e-01 -4.1137e+00 +1.6177e+00
817 +2.080380905e+04 +2.080380905e+04 +2.075280905e+04 +2.075280905e+04 +4.2706e+00 -7.7462e-01 +7.9862e-01 -4.1885e+00 +1.6417e+00
840 +2.030800570e+04 +2.030800570e+04 +2.025700570e+04 +2.025700570e+04 +4.2619e+00 -7.1967e-01 +7.9919e-01 -3.9005e+00 +1.6250e+00
882 +1.985045049e+04 +1.985045049e+04 +1.979945049e+04 +1.979945049e+04 +4.2521e+00 -6.8271e-01 +8.6016e-01 -3.7089e+00 +1.5927e+00
883 +1.873643253e+04 +1.873643253e+04 +1.868543253e+04 +1.868543253e+04 +4.2860e+00 -6.4098e-01 +1.0199e+00 -3.6683e+00 +1.2163e+00
907 +1.802942078e+04 +1.802942078e+04 +1.797842078e+04 +1.797842078e+04 +4.0711e+00 -8.2447e-01 +1.0536e+00 -4.2776e+00 +4.7934e-01
947 +1.742736385e+04 +1.742736385e+04 +1.737636385e+04 +1.737636385e+04 +3.9900e+00 -4.5780e-01 +7.1158e-01 -4.1194e+00 +8.1351e-01
964 +1.528850296e+04 +1.528850296e+04 +1.523750296e+04 +1.523750296e+04 +4.0808e+00 -6.7360e-01 +8.0185e-01 -4.0805e+00 +9.6287e-01
974 +1.340171431e+04 +1.340171431e+04 +1.335071431e+04 +1.335071431e+04 +3.9555e+00 -7.0007e-01 +8.0767e-01 -4.0852e+00 +6.9532e-01
