% function evaluation | noise-free fitness - Fopt (-1.694000000000e+001) | best noise-free fitness - Fopt | measured fitness | best measured fitness | x1 | x2...
1 +9.470123986e+001 +9.470123986e+001 +7.776123986e+001 +7.776123986e+001 +0.0000e+000 +0.0000e+000 +0.0000e+000 +0.0000e+000 +0.0000e+000
61 +7.428376535e+001 +7.428376535e+001 +5.734376535e+001 +5.734376535e+001 +5.8217e-001 -3.4667e+000 -1.0766e+000 -8.7261e-001 +1.9007e+000
66 +6.690226629e+001 +6.690226629e+001 +4.996226629e+001 +4.996226629e+001 +7.1377e-001 -3.4675e+000 -1.5335e+000 -9.9003e-001 +1.9089e+000
80 +6.341184199e+001 +6.341184199e+001 +4.647184199e+001 +4.647184199e+001 +6.9114e-001 -3.4699e+000 -7.8422e-001 -8.8594e-001 +1.8985e+000
128 +5.786142345e+001 +5.786142345e+001 +4.092142345e+001 +4.092142345e+001 +7.4333e-001 -3.4695e+000 -4.8698e+000 -9.5768e-001 +1.8267e+000
147 +5.735562507e+001 +5.735562507e+001 +4.041562507e+001 +4.041562507e+001 +7.5939e-001 -3.4750e+000 -1.5248e+000 -1.0371e+000 +1.9574e+000
159 +5.311346152e+001 +5.311346152e+001 +3.617346152e+001 +3.617346152e+001 +7.3097e-001 -3.4741e+000 -4.3159e+000 -9.2771e-001 +1.6625e+000
163 +4.897143852e+001 +4.897143852e+001 +3.203143852e+001 +3.203143852e+001 +7.4218e-001 -3.4735e+000 -7.6911e-001 -1.0004e+000 +2.0185e+000
165 +4.511393144e+001 +4.511393144e+001 +2.817393144e+001 +2.817393144e+001 +7.0624e-001 -3.4748e+000 -4.0930e+000 -9.9948e-001 +1.8513e+000
266 +4.313473360e+001 +4.313473360e+001 +2.619473360e+001 +2.619473360e+001 +8.9295e-001 -3.4953e+000 -1.5388e+000 -9.5720e-001 +1.5422e+000
353 +4.182578758e+001 +4.182578758e+001 +2.488578758e+001 +2.488578758e+001 +1.0161e+000 -3.4865e+000 -8.0858e-001 -9.2065e-001 +1.5901e+000
376 +3.654254766e+001 +3.654254766e+001 +1.960254766e+001 +1.960254766e+001 +1.8323e+000 -3.4297e+000 -4.1895e+000 -9.5836e-001 +1.6854e+000
694 +3.272002845e+001 +3.272002845e+001 +1.578002845e+001 +1.578002845e+001 +6.4549e-001 -3.3969e+000 -2.7859e+000 -4.2846e-001 -1.7617e+000
721 +3.043330090e+001 +3.043330090e+001 +1.349330090e+001 +1.349330090e+001 +8.6479e-001 -3.3394e+000 -1.6056e+000 -7.7182e-001 -1.0315e+000
744 +2.436590636e+001 +2.436590636e+001 +7.425906357e+000 +7.425906357e+000 +7.0235e-001 -3.2774e+000 -2.5472e+000 +3.1934e-002 -1.3069e+000
921 +2.316231314e+001 +2.316231314e+001 +6.222313136e+000 +6.222313136e+000 +5.2768e-001 -2.9396e+000 -4.3093e+000 +4.8466e+000 -1.0095e-001
931 +2.146208135e+001 +2.146208135e+001 +4.522081351e+000 +4.522081351e+000 +1.6073e-001 -3.3188e+000 -2.9517e+000 +2.5373e+000 -6.5051e-001
940 +1.313472280e+001 +1.313472280e+001 -3.805277199e+000 -3.805277199e+000 -2.5098e-001 -3.3039e+000 -3.1472e+000 +3.8518e+000 -5.7306e-001
1076 +1.247873330e+001 +1.247873330e+001 -4.461266696e+000 -4.461266696e+000 +4.4753e-001 -1.2902e+000 -3.5371e+000 +3.4786e+000 -2.8777e-002
1077 +1.069926151e+001 +1.069926151e+001 -6.240738486e+000 -6.240738486e+000 -5.3110e-001 -3.5700e+000 -3.2965e+000 +4.5995e+000 -3.3986e-001
1105 +8.672625224e+000 +8.672625224e+000 -8.267374776e+000 -8.267374776e+000 +1.4722e-001 -1.3812e+000 -3.4456e+000 +4.1479e+000 -1.6764e-001
1136 +7.507675669e+000 +7.507675669e+000 -9.432324331e+000 -9.432324331e+000 +8.4769e-001 -1.8749e+000 -2.7078e+000 +4.5852e+000 -7.3885e-002
1142 +6.864597132e+000 +6.864597132e+000 -1.007540287e+001 -1.007540287e+001 +8.8959e-001 -1.6376e+000 -2.9636e+000 +4.4838e+000 -5.7964e-002
1173 +6.758202600e+000 +6.758202600e+000 -1.018179740e+001 -1.018179740e+001 +6.3036e-001 -1.5168e+000 -2.8503e+000 +4.3317e+000 -9.3145e-002
1202 +5.109543900e+000 +5.109543900e+000 -1.183045610e+001 -1.183045610e+001 +5.6674e-001 -1.7471e+000 -2.9463e+000 +4.2998e+000 +5.1947e-002
1267 +4.887751853e+000 +4.887751853e+000 -1.205224815e+001 -1.205224815e+001 +6.5109e-001 -1.5408e+000 -2.8160e+000 +4.4617e+000 +3.0653e-002
1278 +3.496008594e+000 +3.496008594e+000 -1.344399141e+001 -1.344399141e+001 +6.9743e-001 -1.5414e+000 -3.0349e+000 +4.4694e+000 +2.8915e-002
1282 +3.420074021e+000 +3.420074021e+000 -1.351992598e+001 -1.351992598e+001 +6.3512e-001 -1.6301e+000 -3.0188e+000 +4.4553e+000 +1.1889e-001
1341 +3.160020798e+000 +3.160020798e+000 -1.377997920e+001 -1.377997920e+001 +7.2072e-001 -1.6888e+000 -2.8907e+000 +4.4605e+000 +4.4252e-002
1421 +3.089032048e+000 +3.089032048e+000 -1.385096795e+001 -1.385096795e+001 +7.2824e-001 -1.6821e+000 -2.9788e+000 +4.4136e+000 +1.7690e-001
1535 +2.869410390e+000 +2.869410390e+000 -1.407058961e+001 -1.407058961e+001 +7.9555e-001 -1.7004e+000 -2.9410e+000 +4.4453e+000 +1.3844e-001
1540 +2.808552877e+000 +2.808552877e+000 -1.413144712e+001 -1.413144712e+001 +7.1239e-001 -1.5313e+000 -2.9508e+000 +4.4219e+000 +1.1238e-001
1547 +2.452129835e+000 +2.452129835e+000 -1.448787016e+001 -1.448787016e+001 +7.2141e-001 -1.5647e+000 -2.9413e+000 +4.3956e+000 +1.1302e-001
2015 +2.276624434e+000 +2.276624434e+000 -1.466337557e+001 -1.466337557e+001 +6.6236e-001 -1.5512e+000 -3.0340e+000 +4.3991e+000 +1.0898e-001
2174 +1.936439064e+000 +1.936439064e+000 -1.500356094e+001 -1.500356094e+001 +6.6470e-001 -1.5711e+000 -3.0427e+000 +4.3634e+000 +1.8534e-001
2208 +1.770907837e+000 +1.770907837e+000 -1.516909216e+001 -1.516909216e+001 +6.5329e-001 -1.6160e+000 -3.0735e+000 +4.3701e+000 +1.8435e-001
2471 +1.731706840e+000 +1.731706840e+000 -1.520829316e+001 -1.520829316e+001 +6.0332e-001 -1.5130e+000 -3.1224e+000 +4.3601e+000 +1.5083e-001
2739 +1.528773279e+000 +1.528773279e+000 -1.541122672e+001 -1.541122672e+001 +6.4070e-001 -1.5379e+000 -3.0978e+000 +4.3416e+000 +1.7027e-001
2777 +1.469677398e+000 +1.469677398e+000 -1.547032260e+001 -1.547032260e+001 +6.2219e-001 -1.5211e+000 -3.1144e+000 +4.3266e+000 +1.7192e-001
2806 +1.344203333e+000 +1.344203333e+000 -1.559579667e+001 -1.559579667e+001 +6.2891e-001 -1.5337e+000 -3.1189e+000 +4.3360e+000 +1.9044e-001
2812 +1.283418997e+000 +1.283418997e+000 -1.565658100e+001 -1.565658100e+001 +5.9825e-001 -1.5292e+000 -3.1559e+000 +4.3371e+000 +1.8960e-001
2861 +1.242671418e+000 +1.242671418e+000 -1.569732858e+001 -1.569732858e+001 +6.2386e-001 -1.5270e+000 -3.1230e+000 +4.3376e+000 +1.9009e-001
2890 +1.195097687e+000 +1.195097687e+000 -1.574490231e+001 -1.574490231e+001 +5.8807e-001 -1.5171e+000 -3.1568e+000 +4.3349e+000 +1.8283e-001
2999 +1.156363978e+000 +1.156363978e+000 -1.578363602e+001 -1.578363602e+001 +6.0877e-001 -1.5218e+000 -3.1447e+000 +4.3276e+000 +1.9034e-001
3003 +1.007840215e+000 +1.007840215e+000 -1.593215979e+001 -1.593215979e+001 +5.9986e-001 -1.5275e+000 -3.1475e+000 +4.3293e+000 +1.9111e-001
3170 +9.957714224e-001 +9.957714224e-001 -1.594422858e+001 -1.594422858e+001 +6.0203e-001 -1.5196e+000 -3.1486e+000 +4.3293e+000 +1.9098e-001
3421 +9.246713929e-001 +9.246713929e-001 -1.601532861e+001 -1.601532861e+001 +6.0657e-001 -1.5154e+000 -3.1459e+000 +4.3241e+000 +1.9217e-001
3580 +8.930450312e-001 +8.930450312e-001 -1.604695497e+001 -1.604695497e+001 +6.0568e-001 -1.5146e+000 -3.1461e+000 +4.3253e+000 +1.9066e-001
3626 +8.874399618e-001 +8.874399618e-001 -1.605256004e+001 -1.605256004e+001 +6.0611e-001 -1.5147e+000 -3.1463e+000 +4.3252e+000 +1.9066e-001
3992 +8.537386946e-001 +8.537386946e-001 -1.608626131e+001 -1.608626131e+001 +6.0704e-001 -1.5152e+000 -3.1453e+000 +4.3249e+000 +1.9121e-001
4052 +8.454317954e-001 +8.454317954e-001 -1.609456820e+001 -1.609456820e+001 +6.0752e-001 -1.5153e+000 -3.1454e+000 +4.3247e+000 +1.9196e-001
4588 +8.299263314e-001 +8.299263314e-001 -1.611007367e+001 -1.611007367e+001 +6.0673e-001 -1.5142e+000 -3.1457e+000 +4.3246e+000 +1.9124e-001
5106 +8.105280643e-001 +8.105280643e-001 -1.612947194e+001 -1.612947194e+001 +6.0664e-001 -1.5143e+000 -3.1457e+000 +4.3247e+000 +1.9110e-001
% function evaluation | noise-free fitness - Fopt (1.881000000000e+001) | best noise-free fitness - Fopt | measured fitness | best measured fitness | x1 | x2...
1 +3.169183622e+001 +3.169183622e+001 +5.050183622e+001 +5.050183622e+001 +0.0000e+000 +0.0000e+000 +0.0000e+000 +0.0000e+000 +0.0000e+000
179 +3.101831445e+001 +3.101831445e+001 +4.982831445e+001 +4.982831445e+001 +3.2455e+000 -6.0508e-001 +3.6535e+000 -2.1927e+000 +1.9780e+000
307 +3.083198693e+001 +3.083198693e+001 +4.964198693e+001 +4.964198693e+001 +3.2753e+000 -6.1387e-001 +3.6503e+000 -2.1899e+000 +2.0009e+000
% function evaluation | noise-free fitness - Fopt (2.731500000000e+002) | best noise-free fitness - Fopt | measured fitness | best measured fitness | x1 | x2...
1 +8.700664503e+001 +8.700664503e+001 +3.601566450e+002 +3.601566450e+002 +0.0000e+000 +0.0000e+000 +0.0000e+000 +0.0000e+000 +0.0000e+000
47 +7.698807615e+001 +7.698807615e+001 +3.501380761e+002 +3.501380761e+002 -3.1147e+000 -2.3822e+000 +3.4442e+000 +4.2019e+000 -8.4137e-001
70 +7.500189117e+001 +7.500189117e+001 +3.481518912e+002 +3.481518912e+002 -3.0781e+000 -2.5001e+000 +3.4320e+000 +4.2023e+000 -8.1245e-001
82 +7.376513093e+001 +7.376513093e+001 +3.469151309e+002 +3.469151309e+002 -3.0284e+000 -2.4321e+000 +3.4656e+000 +4.2141e+000 -8.1928e-001
85 +7.097332173e+001 +7.097332173e+001 +3.441233217e+002 +3.441233217e+002 -3.0734e+000 -2.4477e+000 +3.4461e+000 +4.2224e+000 -8.0022e-001
97 +5.989664701e+001 +5.989664701e+001 +3.330466470e+002 +3.330466470e+002 -3.0855e+000 -2.5425e+000 +3.4376e+000 +4.2229e+000 -7.3446e-001
128 +5.709845002e+001 +5.709845002e+001 +3.302484500e+002 +3.302484500e+002 -3.1786e+000 -2.3150e+000 +3.4388e+000 +4.1299e+000 -7.8680e-001
147 +5.516138561e+001 +5.516138561e+001 +3.283113856e+002 +3.283113856e+002 -3.2792e+000 -2.2484e+000 +3.4425e+000 +4.2031e+000 -7.7907e-001
296 +4.623522167e+001 +4.623522167e+001 +3.193852217e+002 +3.193852217e+002 -9.7166e-001 -1.5112e+000 +3.2614e+000 +4.1774e+000 -4.0116e-001
318 +4.277536907e+001 +4.277536907e+001 +3.159253691e+002 +3.159253691e+002 -8.7075e-001 -7.3665e-001 +3.4009e+000 +4.1737e+000 -7.3332e-001
341 +3.277957230e+001 +3.277957230e+001 +3.059295723e+002 +3.059295723e+002 +1.0272e+000 +4.8319e-001 +3.3001e+000 +4.1742e+000 -2.3959e-001
381 +2.840888295e+001 +2.840888295e+001 +3.015588829e+002 +3.015588829e+002 -1.7577e+000 +2.2533e+000 +3.1849e+000 +4.1526e+000 -8.7592e-001
397 +2.720538480e+001 +2.720538480e+001 +3.003553848e+002 +3.003553848e+002 -1.3859e+000 +1.7878e+000 +3.0287e+000 +4.1426e+000 -4.5380e-001
414 +2.131663596e+001 +2.131663596e+001 +2.944666360e+002 +2.944666360e+002 -2.7619e+000 +2.9321e+000 +3.4657e+000 +4.1534e+000 -1.6509e-001
431 +2.052592960e+001 +2.052592960e+001 +2.936759296e+002 +2.936759296e+002 -1.1055e+000 +2.9101e+000 +3.3234e+000 +4.0894e+000 +2.4262e+000
480 +1.599449750e+001 +1.599449750e+001 +2.891444975e+002 +2.891444975e+002 -1.7891e+000 +2.2782e+000 +3.2688e+000 +4.1132e+000 +9.8301e-001
490 +1.361640749e+001 +1.361640749e+001 +2.867664075e+002 +2.867664075e+002 -1.9207e+000 +2.5069e+000 +3.1791e+000 +3.9951e+000 +1.1034e+000
564 +1.109773256e+001 +1.109773256e+001 +2.842477326e+002 +2.842477326e+002 -1.0031e+000 +2.5693e+000 +3.1913e+000 +3.7738e+000 +1.7418e+000
585 +6.308982053e+000 +6.308982053e+000 +2.794589821e+002 +2.794589821e+002 -9.6118e-001 +2.9093e+000 +3.2485e+000 +3.8455e+000 +1.8631e+000
692 +5.490261856e+000 +5.490261856e+000 +2.786402619e+002 +2.786402619e+002 -2.2505e+000 +3.0395e+000 +3.2158e+000 +4.0036e+000 +1.8895e+000
827 +5.063951376e+000 +5.063951376e+000 +2.782139514e+002 +2.782139514e+002 -1.7854e+000 +3.1035e+000 +3.2033e+000 +4.0048e+000 +2.0219e+000
886 +4.805151577e+000 +4.805151577e+000 +2.779551516e+002 +2.779551516e+002 -1.6688e+000 +3.1464e+000 +3.3738e+000 +3.9176e+000 +1.9013e+000
903 +4.483856322e+000 +4.483856322e+000 +2.776338563e+002 +2.776338563e+002 -1.7344e+000 +3.0144e+000 +3.2453e+000 +4.0108e+000 +1.9546e+000
919 +3.816622167e+000 +3.816622167e+000 +2.769666222e+002 +2.769666222e+002 -1.7720e+000 +3.0330e+000 +3.2644e+000 +3.9773e+000 +1.9420e+000
927 +3.547220255e+000 +3.547220255e+000 +2.766972203e+002 +2.766972203e+002 -1.8903e+000 +3.0778e+000 +3.2805e+000 +3.9775e+000 +1.9748e+000
981 +3.251416710e+000 +3.251416710e+000 +2.764014167e+002 +2.764014167e+002 -1.9021e+000 +3.1019e+000 +3.2597e+000 +3.9903e+000 +1.9739e+000
1132 +3.113090343e+000 +3.113090343e+000 +2.762630903e+002 +2.762630903e+002 -1.9675e+000 +3.0655e+000 +3.2578e+000 +4.0083e+000 +1.9997e+000
1148 +3.041090597e+000 +3.041090597e+000 +2.761910906e+002 +2.761910906e+002 -1.8813e+000 +3.0706e+000 +3.2675e+000 +3.9976e+000 +1.9896e+000
1329 +2.993955367e+000 +2.993955367e+000 +2.761439554e+002 +2.761439554e+002 -1.9382e+000 +3.0560e+000 +3.2569e+000 +4.0036e+000 +2.0036e+000
1383 +2.922766692e+000 +2.922766692e+000 +2.760727667e+002 +2.760727667e+002 -1.9510e+000 +3.0596e+000 +3.2479e+000 +4.0029e+000 +2.0038e+000
1460 +2.842437786e+000 +2.842437786e+000 +2.759924378e+002 +2.759924378e+002 -1.9396e+000 +3.0433e+000 +3.2486e+000 +4.0049e+000 +2.0113e+000
1497 +2.635940900e+000 +2.635940900e+000 +2.757859409e+002 +2.757859409e+002 -1.9350e+000 +3.0457e+000 +3.2547e+000 +4.0050e+000 +2.0091e+000
1935 +2.604768380e+000 +2.604768380e+000 +2.757547684e+002 +2.757547684e+002 -1.9384e+000 +3.0477e+000 +3.2438e+000 +4.0005e+000 +2.0084e+000
2276 +2.557848121e+000 +2.557848121e+000 +2.757078481e+002 +2.757078481e+002 -1.9341e+000 +3.0480e+000 +3.2435e+000 +3.9996e+000 +2.0080e+000
3603 +2.509238910e+000 +2.509238910e+000 +2.756592389e+002 +2.756592389e+002 -1.9348e+000 +3.0481e+000 +3.2434e+000 +3.9996e+000 +2.0081e+000
% function evaluation | noise-free fitness - Fopt (3.718000000000e+001) | best noise-free fitness - Fopt | measured fitness | best measured fitness | x1 | x2...
1 +1.334312491e+002 +1.334312491e+002 +1.706112491e+002 +1.706112491e+002 +0.0000e+000 +0.0000e+000 +0.0000e+000 +0.0000e+000 +0.0000e+000
92 +1.275898267e+002 +1.275898267e+002 +1.647698267e+002 +1.647698267e+002 +2.0004e+000 +2.7593e+000 -2.6143e+000 -3.4562e+000 -2.2802e+000
107 +8.905416813e+001 +8.905416813e+001 +1.262341681e+002 +1.262341681e+002 +1.9627e+000 +2.7548e+000 -7.9067e-001 -3.6921e+000 -2.2648e+000
196 +8.349970876e+001 +8.349970876e+001 +1.206797088e+002 +1.206797088e+002 +1.9617e+000 +2.7518e+000 -8.6209e-002 -3.4703e+000 -2.2056e+000
214 +7.829094070e+001 +7.829094070e+001 +1.154709407e+002 +1.154709407e+002 +1.9233e+000 +2.7526e+000 -5.1761e-001 -3.2336e+000 -2.2875e+000
285 +6.587383665e+001 +6.587383665e+001 +1.030538366e+002 +1.030538366e+002 +1.9493e+000 +2.7534e+000 +1.7205e+000 -2.9757e+000 -2.2914e+000
292 +6.421508423e+001 +6.421508423e+001 +1.013950842e+002 +1.013950842e+002 +1.9377e+000 +2.7548e+000 +6.6748e-001 -3.1242e+000 -2.2678e+000
302 +5.190737419e+001 +5.190737419e+001 +8.908737419e+001 +8.908737419e+001 +1.9049e+000 +2.7551e+000 +2.2230e+000 -1.9933e+000 -2.2877e+000
335 +4.925036830e+001 +4.925036830e+001 +8.643036830e+001 +8.643036830e+001 +1.9186e+000 +2.7759e+000 +2.5951e+000 -2.6128e+000 -2.4068e+000
352 +4.145799813e+001 +4.145799813e+001 +7.863799813e+001 +7.863799813e+001 +2.0082e+000 +2.7426e+000 +4.8225e+000 -2.2700e+000 -2.2535e+000
390 +3.428586607e+001 +3.428586607e+001 +7.146586607e+001 +7.146586607e+001 +1.9087e+000 +2.7499e+000 +3.6916e+000 -7.4478e-001 -2.8838e+000
477 +2.662000496e+001 +2.662000496e+001 +6.380000496e+001 +6.380000496e+001 +1.7545e+000 +2.6560e+000 +5.1718e+000 -1.0871e+000 -2.7858e+000
554 +1.544909474e+001 +1.544909474e+001 +5.262909474e+001 +5.262909474e+001 -1.4640e+000 +2.3475e+000 +4.0770e+000 +3.9245e-001 -4.4138e+000
640 +1.268895758e+001 +1.268895758e+001 +4.986895758e+001 +4.986895758e+001 -1.9997e+000 +2.3411e+000 +4.1826e+000 +1.7228e+000 -2.2042e+000
644 +1.182695511e+001 +1.182695511e+001 +4.900695511e+001 +4.900695511e+001 -6.5339e-001 +2.4878e+000 +4.4375e+000 +1.7048e+000 -2.5485e+000
664 +1.150063109e+001 +1.150063109e+001 +4.868063109e+001 +4.868063109e+001 -1.5391e+000 +1.3544e+000 +5.0956e+000 +1.2893e+000 -3.5814e+000
728 +1.050215432e+001 +1.050215432e+001 +4.768215432e+001 +4.768215432e+001 -4.4703e-001 +1.1738e+000 +4.7924e+000 +1.0411e+000 -2.8004e+000
776 +5.706840769e+000 +5.706840769e+000 +4.288684077e+001 +4.288684077e+001 -1.9370e+000 +1.8192e+000 +4.9134e+000 +1.0901e+000 -2.8798e+000
804 +5.403407843e+000 +5.403407843e+000 +4.258340784e+001 +4.258340784e+001 -1.9254e+000 +1.6660e+000 +4.1462e+000 +8.1694e-001 -2.4056e+000
805 +3.902374634e+000 +3.902374634e+000 +4.108237463e+001 +4.108237463e+001 -2.5225e+000 +1.8601e+000 +4.3924e+000 +8.8628e-001 -2.7303e+000
852 +3.534857307e+000 +3.534857307e+000 +4.071485731e+001 +4.071485731e+001 -1.9668e+000 +1.9328e+000 +4.8736e+000 +8.1929e-001 -2.4080e+000
886 +3.282648063e+000 +3.282648063e+000 +4.046264806e+001 +4.046264806e+001 -2.3067e+000 +2.1488e+000 +4.4877e+000 +9.9626e-001 -2.5771e+000
907 +2.898619762e+000 +2.898619762e+000 +4.007861976e+001 +4.007861976e+001 -2.0876e+000 +1.5734e+000 +4.0063e+000 +9.5655e-001 -2.8125e+000
938 +2.361744072e+000 +2.361744072e+000 +3.954174407e+001 +3.954174407e+001 -2.0715e+000 +1.8216e+000 +4.3333e+000 +1.0416e+000 -2.6275e+000
946 +1.499851476e+000 +1.499851476e+000 +3.867985148e+001 +3.867985148e+001 -2.2451e+000 +1.8909e+000 +4.3632e+000 +9.0215e-001 -2.7771e+000
1083 +1.180373283e+000 +1.180373283e+000 +3.836037328e+001 +3.836037328e+001 -2.2450e+000 +1.8344e+000 +4.3931e+000 +9.3422e-001 -2.7489e+000
1149 +8.145668214e-001 +8.145668214e-001 +3.799456682e+001 +3.799456682e+001 -2.1555e+000 +1.7866e+000 +4.3912e+000 +9.2027e-001 -2.6569e+000
1245 +6.960872062e-001 +6.960872062e-001 +3.787608721e+001 +3.787608721e+001 -2.1944e+000 +1.8314e+000 +4.4136e+000 +9.2106e-001 -2.6835e+000
1416 +4.571312355e-001 +4.571312355e-001 +3.763713124e+001 +3.763713124e+001 -2.1609e+000 +1.8220e+000 +4.4232e+000 +9.1073e-001 -2.7010e+000
1733 +4.524049871e-001 +4.524049871e-001 +3.763240499e+001 +3.763240499e+001 -2.1486e+000 +1.8250e+000 +4.4633e+000 +8.9737e-001 -2.6855e+000
2021 +3.735452031e-001 +3.735452031e-001 +3.755354520e+001 +3.755354520e+001 -2.1589e+000 +1.8324e+000 +4.4489e+000 +9.0439e-001 -2.6924e+000
2134 +3.580265524e-001 +3.580265524e-001 +3.753802655e+001 +3.753802655e+001 -2.1530e+000 +1.8307e+000 +4.4497e+000 +9.0438e-001 -2.6848e+000
2164 +3.530130751e-001 +3.530130751e-001 +3.753301308e+001 +3.753301308e+001 -2.1602e+000 +1.8386e+000 +4.4499e+000 +9.0196e-001 -2.6912e+000
2261 +3.365534265e-001 +3.365534265e-001 +3.751655343e+001 +3.751655343e+001 -2.1570e+000 +1.8387e+000 +4.4524e+000 +9.0175e-001 -2.6902e+000
2363 +2.952313739e-001 +2.952313739e-001 +3.747523137e+001 +3.747523137e+001 -2.1544e+000 +1.8323e+000 +4.4508e+000 +9.0490e-001 -2.6933e+000
2436 +2.912362529e-001 +2.912362529e-001 +3.747123625e+001 +3.747123625e+001 -2.1556e+000 +1.8305e+000 +4.4466e+000 +9.0549e-001 -2.6912e+000
2559 +2.806744039e-001 +2.806744039e-001 +3.746067440e+001 +3.746067440e+001 -2.1592e+000 +1.8353e+000 +4.4452e+000 +9.0424e-001 -2.6936e+000
2615 +2.604882727e-001 +2.604882727e-001 +3.744048827e+001 +3.744048827e+001 -2.1603e+000 +1.8375e+000 +4.4480e+000 +9.0455e-001 -2.6937e+000
2740 +2.538112678e-001 +2.538112678e-001 +3.743381127e+001 +3.743381127e+001 -2.1611e+000 +1.8365e+000 +4.4461e+000 +9.0503e-001 -2.6936e+000
2825 +2.361973931e-001 +2.361973931e-001 +3.741619739e+001 +3.741619739e+001 -2.1616e+000 +1.8369e+000 +4.4446e+000 +9.0542e-001 -2.6939e+000
2985 +2.330579700e-001 +2.330579700e-001 +3.741305797e+001 +3.741305797e+001 -2.1613e+000 +1.8360e+000 +4.4442e+000 +9.0541e-001 -2.6936e+000
3000 +2.288776295e-001 +2.288776295e-001 +3.740887763e+001 +3.740887763e+001 -2.1615e+000 +1.8357e+000 +4.4438e+000 +9.0557e-001 -2.6936e+000
3012 +2.206199180e-001 +2.206199180e-001 +3.740061992e+001 +3.740061992e+001 -2.1613e+000 +1.8359e+000 +4.4443e+000 +9.0547e-001 -2.6937e+000
3130 +2.180952703e-001 +2.180952703e-001 +3.739809527e+001 +3.739809527e+001 -2.1611e+000 +1.8359e+000 +4.4445e+000 +9.0535e-001 -2.6936e+000
3188 +2.094491691e-001 +2.094491691e-001 +3.738944917e+001 +3.738944917e+001 -2.1611e+000 +1.8358e+000 +4.4445e+000 +9.0537e-001 -2.6936e+000
3486 +2.065211692e-001 +2.065211692e-001 +3.738652117e+001 +3.738652117e+001 -2.1611e+000 +1.8358e+000 +4.4445e+000 +9.0537e-001 -2.6936e+000
4437 +2.035703158e-001 +2.035703158e-001 +3.738357032e+001 +3.738357032e+001 -2.1611e+000 +1.8358e+000 +4.4446e+000 +9.0537e-001 -2.6936e+000
% function evaluation | noise-free fitness - Fopt (-1.479000000000e+002) | best noise-free fitness - Fopt | measured fitness | best measured fitness | x1 | x2...
1 +6.898756762e+001 +6.898756762e+001 -7.891243238e+001 -7.891243238e+001 +0.0000e+000 +0.0000e+000 +0.0000e+000 +0.0000e+000 +0.0000e+000
28 +5.910380412e+001 +5.910380412e+001 -8.879619588e+001 -8.879619588e+001 +1.7795e+000 +4.3718e-001 +4.6412e+000 -3.2158e+000 +4.3604e+000
53 +5.464053187e+001 +5.464053187e+001 -9.325946813e+001 -9.325946813e+001 +1.6341e+000 +5.6451e-001 +4.6436e+000 -3.1650e+000 +4.3930e+000
54 +5.325358822e+001 +5.325358822e+001 -9.464641178e+001 -9.464641178e+001 +1.6717e+000 +5.1008e-001 +4.6462e+000 -3.2043e+000 +4.3500e+000
98 +5.197391793e+001 +5.197391793e+001 -9.592608207e+001 -9.592608207e+001 +1.6709e+000 +5.0052e-001 +4.6425e+000 -3.1863e+000 +4.4099e+000
236 +5.047135404e+001 +5.047135404e+001 -9.742864596e+001 -9.742864596e+001 +1.7010e+000 +5.2011e-001 +4.6501e+000 -3.1498e+000 +4.3970e+000
258 +4.943341628e+001 +4.943341628e+001 -9.846658372e+001 -9.846658372e+001 +1.7259e+000 +5.0482e-001 +4.7115e+000 -3.1928e+000 +4.3847e+000
441 +4.868344080e+001 +4.868344080e+001 -9.921655920e+001 -9.921655920e+001 +1.7182e+000 +5.1156e-001 +4.8230e+000 -3.1754e+000 +4.3871e+000
562 +4.780563445e+001 +4.780563445e+001 -1.000943656e+002 -1.000943656e+002 +1.7506e+000 +5.1295e-001 +4.7992e+000 -3.1693e+000 +4.4099e+000
% function evaluation | noise-free fitness - Fopt (-6.080000000000e+000) | best noise-free fitness - Fopt | measured fitness | best measured fitness | x1 | x2...
1 +7.296558745e+001 +7.296558745e+001 +6.688558745e+001 +6.688558745e+001 +0.0000e+000 +0.0000e+000 +0.0000e+000 +0.0000e+000 +0.0000e+000
57 +6.704370724e+001 +6.704370724e+001 +6.096370724e+001 +6.096370724e+001 -1.6335e+000 +2.0833e+000 -1.3512e+000 +2.5620e+000 +4.8854e+000
97 +6.549833418e+001 +6.549833418e+001 +5.941833418e+001 +5.941833418e+001 -1.6410e+000 +2.0773e+000 -1.3480e+000 +2.5575e+000 +4.8896e+000
99 +5.874551174e+001 +5.874551174e+001 +5.266551174e+001 +5.266551174e+001 -1.6240e+000 +2.0658e+000 -1.3370e+000 +2.4851e+000 +4.9024e+000
105 +5.655617843e+001 +5.655617843e+001 +5.047617843e+001 +5.047617843e+001 -1.6539e+000 +2.1227e+000 -1.3515e+000 +2.4627e+000 +4.8996e+000
132 +5.136284275e+001 +5.136284275e+001 +4.528284275e+001 +4.528284275e+001 -1.6615e+000 +2.0896e+000 -1.3440e+000 +2.4376e+000 +4.8936e+000
137 +4.917543056e+001 +4.917543056e+001 +4.309543056e+001 +4.309543056e+001 -1.6382e+000 +2.0529e+000 -1.3467e+000 +2.4553e+000 +4.8532e+000
138 +4.891802460e+001 +4.891802460e+001 +4.283802460e+001 +4.283802460e+001 -1.6531e+000 +2.0360e+000 -1.3292e+000 +2.4114e+000 +4.8795e+000
186 +4.670531606e+001 +4.670531606e+001 +4.062531606e+001 +4.062531606e+001 -1.6468e+000 +2.0504e+000 -1.3410e+000 +2.4054e+000 +4.8644e+000
230 +4.551430322e+001 +4.551430322e+001 +3.943430322e+001 +3.943430322e+001 -1.6491e+000 +2.0645e+000 -1.3415e+000 +2.3470e+000 +4.9106e+000
449 +4.462583071e+001 +4.462583071e+001 +3.854583071e+001 +3.854583071e+001 -1.6436e+000 +2.0038e+000 -1.3382e+000 +2.3350e+000 +4.8978e+000
% function evaluation | noise-free fitness - Fopt (2.431100000000e+002) | best noise-free fitness - Fopt | measured fitness | best measured fitness | x1 | x2...
1 +8.666228617e+001 +8.666228617e+001 +3.297722862e+002 +3.297722862e+002 +0.0000e+000 +0.0000e+000 +0.0000e+000 +0.0000e+000 +0.0000e+000
172 +7.516781533e+001 +7.516781533e+001 +3.182778153e+002 +3.182778153e+002 +3.2455e+000 +1.5263e+000 +1.5598e+000 -4.0117e+000 +3.8431e+000
207 +5.671942675e+001 +5.671942675e+001 +2.998294267e+002 +2.998294267e+002 +3.0095e+000 +1.1040e+000 +9.6599e-001 -3.7898e+000 +4.1594e+000
237 +3.731847444e+001 +3.731847444e+001 +2.804284744e+002 +2.804284744e+002 +2.9951e+000 -3.9749e+000 +2.8770e+000 -2.9455e+000 +1.7101e+000
290 +3.544895761e+001 +3.544895761e+001 +2.785589576e+002 +2.785589576e+002 +2.6953e+000 -3.1566e+000 +2.7359e+000 -3.8028e+000 -3.1617e+000
350 +2.531388512e+001 +2.531388512e+001 +2.684238851e+002 +2.684238851e+002 +2.0922e+000 -1.3556e+000 +2.9849e+000 -3.0936e+000 -9.2989e-001
425 +2.169850871e+001 +2.169850871e+001 +2.648085087e+002 +2.648085087e+002 +1.5167e+000 -2.7168e+000 -4.8467e-001 -3.0016e+000 -8.4308e-001
518 +1.848056441e+001 +1.848056441e+001 +2.615905644e+002 +2.615905644e+002 -1.6422e+000 -2.5268e+000 +7.9000e-001 -1.9814e+000 -2.5285e+000
541 +1.479010478e+001 +1.479010478e+001 +2.579001048e+002 +2.579001048e+002 -3.8756e+000 -2.4275e+000 +4.1879e-001 -2.7674e+000 -8.9416e-001
571 +1.439878095e+001 +1.439878095e+001 +2.575087809e+002 +2.575087809e+002 -2.6381e+000 -2.4039e+000 +1.2688e-001 -2.9207e+000 -2.5448e+000
610 +1.133404636e+001 +1.133404636e+001 +2.544440464e+002 +2.544440464e+002 -2.2387e+000 -2.7060e+000 -4.8436e-001 -1.7314e+000 -2.7408e+000
611 +9.253469481e+000 +9.253469481e+000 +2.523634695e+002 +2.523634695e+002 -3.1239e+000 -2.6162e+000 +6.5386e-002 -2.2204e+000 -1.3280e+000
612 +8.687446947e+000 +8.687446947e+000 +2.517974469e+002 +2.517974469e+002 -3.3861e+000 -2.6513e+000 +1.7724e-001 -1.5616e+000 -1.3711e+000
654 +6.380576759e+000 +6.380576759e+000 +2.494905768e+002 +2.494905768e+002 -2.4471e+000 -2.4872e+000 -4.9573e-001 -1.2666e+000 -2.0212e+000
681 +6.214455865e+000 +6.214455865e+000 +2.493244559e+002 +2.493244559e+002 -3.2685e+000 -2.4021e+000 -4.8819e-001 -1.5194e+000 -1.6213e+000
747 +5.740411624e+000 +5.740411624e+000 +2.488504116e+002 +2.488504116e+002 -2.8827e+000 -2.1433e+000 -5.8735e-001 -1.5704e+000 -1.8094e+000
757 +4.587074230e+000 +4.587074230e+000 +2.476970742e+002 +2.476970742e+002 -2.6467e+000 -1.7070e+000 -2.3905e-001 -5.9869e-001 -6.7929e-001
778 +3.093697320e+000 +3.093697320e+000 +2.462036973e+002 +2.462036973e+002 -2.4559e+000 -1.9500e+000 -2.4724e-001 -1.0591e+000 -1.5721e+000
799 +2.344979321e+000 +2.344979321e+000 +2.454549793e+002 +2.454549793e+002 -2.4087e+000 -1.8830e+000 -3.7928e-001 -1.1173e+000 -1.6098e+000
846 +1.834720189e+000 +1.834720189e+000 +2.449447202e+002 +2.449447202e+002 -2.6742e+000 -1.7992e+000 -3.7898e-001 -1.1940e+000 -1.4894e+000
863 +1.806500783e+000 +1.806500783e+000 +2.449165008e+002 +2.449165008e+002 -2.5728e+000 -1.7338e+000 -1.2305e-001 -1.1503e+000 -1.3347e+000
915 +1.566414708e+000 +1.566414708e+000 +2.446764147e+002 +2.446764147e+002 -2.6662e+000 -1.7531e+000 -2.3124e-001 -1.1039e+000 -1.5111e+000
965 +1.478195572e+000 +1.478195572e+000 +2.445881956e+002 +2.445881956e+002 -2.5663e+000 -1.5849e+000 -1.4702e-001 -1.2188e+000 -1.4242e+000
986 +1.136268629e+000 +1.136268629e+000 +2.442462686e+002 +2.442462686e+002 -2.6692e+000 -1.6867e+000 -2.6153e-001 -1.1989e+000 -1.4670e+000
1003 +9.935033877e-001 +9.935033877e-001 +2.441035034e+002 +2.441035034e+002 -2.8987e+000 -1.5753e+000 -3.3295e-001 -1.2580e+000 -1.3678e+000
1015 +7.866999828e-001 +7.866999828e-001 +2.438967000e+002 +2.438967000e+002 -2.8369e+000 -1.5992e+000 -2.7194e-001 -1.1731e+000 -1.3969e+000
1021 +6.953481297e-001 +6.953481297e-001 +2.438053481e+002 +2.438053481e+002 -2.8682e+000 -1.5704e+000 -2.5411e-001 -1.2613e+000 -1.3929e+000
1043 +6.236069006e-001 +6.236069006e-001 +2.437336069e+002 +2.437336069e+002 -2.8639e+000 -1.5204e+000 -2.4899e-001 -1.2260e+000 -1.3540e+000
1063 +6.125121929e-001 +6.125121929e-001 +2.437225122e+002 +2.437225122e+002 -2.9257e+000 -1.4946e+000 -2.6330e-001 -1.2151e+000 -1.3383e+000
1065 +5.078651284e-001 +5.078651284e-001 +2.436178651e+002 +2.436178651e+002 -2.9015e+000 -1.5684e+000 -3.0474e-001 -1.2243e+000 -1.3808e+000
1150 +3.329552578e-001 +3.329552578e-001 +2.434429553e+002 +2.434429553e+002 -2.8500e+000 -1.5285e+000 -2.3256e-001 -1.2208e+000 -1.3547e+000
2197 +3.194566448e-001 +3.194566448e-001 +2.434294566e+002 +2.434294566e+002 -2.8988e+000 -1.5517e+000 -2.7912e-001 -1.2431e+000 -1.4013e+000
2324 +3.112808168e-001 +3.112808168e-001 +2.434212808e+002 +2.434212808e+002 -2.8972e+000 -1.5524e+000 -2.7853e-001 -1.2434e+000 -1.4024e+000
2525 +3.083016992e-001 +3.083016992e-001 +2.434183017e+002 +2.434183017e+002 -2.8990e+000 -1.5505e+000 -2.7817e-001 -1.2432e+000 -1.4002e+000
2669 +3.012961666e-001 +3.012961666e-001 +2.434112962e+002 +2.434112962e+002 -2.8994e+000 -1.5505e+000 -2.7801e-001 -1.2434e+000 -1.4000e+000
3999 +2.950400033e-001 +2.950400033e-001 +2.434050400e+002 +2.434050400e+002 -2.8997e+000 -1.5503e+000 -2.7807e-001 -1.2437e+000 -1.4003e+000
% function evaluation | noise-free fitness - Fopt (-1.436200000000e+002) | best noise-free fitness - Fopt | measured fitness | best measured fitness | x1 | x2...
1 +8.589019766e+001 +8.589019766e+001 -5.772980234e+001 -5.772980234e+001 +0.0000e+000 +0.0000e+000 +0.0000e+000 +0.0000e+000 +0.0000e+000
136 +8.401479990e+001 +8.401479990e+001 -5.960520010e+001 -5.960520010e+001 +3.3475e+000 -4.8310e+000 -1.3783e+000 +4.1885e+000 +5.0838e+000
139 +7.503655346e+001 +7.503655346e+001 -6.858344654e+001 -6.858344654e+001 +3.2103e+000 -4.8350e+000 -1.4259e+000 +4.2560e+000 +5.1328e+000
170 +7.247948028e+001 +7.247948028e+001 -7.114051972e+001 -7.114051972e+001 +3.0634e+000 -4.8292e+000 -1.4041e+000 +4.2589e+000 +5.1398e+000
182 +7.106457307e+001 +7.106457307e+001 -7.255542693e+001 -7.255542693e+001 +3.1050e+000 -4.8297e+000 -1.4034e+000 +4.3005e+000 +5.2307e+000
187 +6.864449004e+001 +6.864449004e+001 -7.497550996e+001 -7.497550996e+001 +3.1374e+000 -4.8291e+000 -1.3968e+000 +4.2771e+000 +5.2913e+000
188 +6.419675507e+001 +6.419675507e+001 -7.942324493e+001 -7.942324493e+001 +3.1638e+000 -4.8290e+000 -1.3947e+000 +4.1887e+000 +5.3185e+000
610 +6.307148935e+001 +6.307148935e+001 -8.054851065e+001 -8.054851065e+001 +3.1919e+000 -4.7858e+000 -1.3866e+000 +4.1615e+000 +5.3516e+000
% function evaluation | noise-free fitness - Fopt (4.290000000000e+001) | best noise-free fitness - Fopt | measured fitness | best measured fitness | x1 | x2...
1 +2.998582459e+001 +2.998582459e+001 +7.288582459e+001 +7.288582459e+001 +0.0000e+000 +0.0000e+000 +0.0000e+000 +0.0000e+000 +0.0000e+000
354 +1.607405374e+001 +1.607405374e+001 +5.897405374e+001 +5.897405374e+001 +4.3944e-001 -1.4156e+000 -1.4016e+000 +6.3860e-001 +3.2398e+000
405 +1.344152258e+001 +1.344152258e+001 +5.634152258e+001 +5.634152258e+001 -1.9417e-001 -3.7069e-002 +4.9748e-002 +5.9182e-001 +3.2663e+000
592 +1.281798583e+001 +1.281798583e+001 +5.571798583e+001 +5.571798583e+001 -6.1973e-001 +1.5116e+000 +3.0406e+000 +9.3707e-001 +3.1233e+000
629 +8.274359746e+000 +8.274359746e+000 +5.117435975e+001 +5.117435975e+001 -5.7812e-001 +1.5196e+000 +2.7270e+000 -1.8552e-001 +3.0756e+000
686 +8.067861300e+000 +8.067861300e+000 +5.096786130e+001 +5.096786130e+001 -5.0898e-001 +1.4099e+000 +2.4372e+000 -1.2829e+000 +2.7530e+000
770 +7.783964090e+000 +7.783964090e+000 +5.068396409e+001 +5.068396409e+001 -4.8815e-001 +1.4781e+000 +3.8069e+000 +2.3265e-001 +2.7800e+000
843 +3.636726143e+000 +3.636726143e+000 +4.653672614e+001 +4.653672614e+001 -6.5846e-001 +1.5675e+000 +3.5335e+000 +3.2136e-002 +2.6367e+000
911 +2.355978524e+000 +2.355978524e+000 +4.525597852e+001 +4.525597852e+001 -6.9349e-001 +1.6505e+000 +3.2700e+000 -1.0052e+000 +2.4555e+000
1317 +2.071181784e+000 +2.071181784e+000 +4.497118178e+001 +4.497118178e+001 -3.2359e-001 +1.2878e+000 +3.0071e+000 -9.5148e-001 +2.1767e+000
1323 +1.704983529e+000 +1.704983529e+000 +4.460498353e+001 +4.460498353e+001 -3.0983e-001 +1.2679e+000 +3.0410e+000 -7.9179e-001 +2.1838e+000
1389 +1.013534773e+000 +1.013534773e+000 +4.391353477e+001 +4.391353477e+001 -3.3043e-001 +1.3098e+000 +3.1213e+000 -8.8046e-001 +2.1814e+000
1518 +9.995373948e-001 +9.995373948e-001 +4.389953739e+001 +4.389953739e+001 -3.4168e-001 +1.3052e+000 +3.2042e+000 -8.9740e-001 +2.0947e+000
1575 +9.757073140e-001 +9.757073140e-001 +4.387570731e+001 +4.387570731e+001 -3.7304e-001 +1.2851e+000 +3.1516e+000 -9.4608e-001 +2.1139e+000
1621 +7.920916648e-001 +7.920916648e-001 +4.369209166e+001 +4.369209166e+001 -3.0176e-001 +1.3321e+000 +3.2243e+000 -9.0743e-001 +2.1106e+000
1649 +5.212322322e-001 +5.212322322e-001 +4.342123223e+001 +4.342123223e+001 -3.0382e-001 +1.2834e+000 +3.1977e+000 -8.9338e-001 +2.0754e+000
1870 +4.403941353e-001 +4.403941353e-001 +4.334039414e+001 +4.334039414e+001 -3.4533e-001 +1.3486e+000 +3.1660e+000 -9.6035e-001 +2.1093e+000
1897 +3.489084616e-001 +3.489084616e-001 +4.324890846e+001 +4.324890846e+001 -3.2266e-001 +1.3224e+000 +3.1650e+000 -9.5287e-001 +2.0756e+000
2000 +3.291936315e-001 +3.291936315e-001 +4.322919363e+001 +4.322919363e+001 -3.1886e-001 +1.3177e+000 +3.1464e+000 -9.5702e-001 +2.0729e+000
2105 +2.775757094e-001 +2.775757094e-001 +4.317757571e+001 +4.317757571e+001 -3.2818e-001 +1.3220e+000 +3.1539e+000 -9.6232e-001 +2.0788e+000
2231 +2.198425256e-001 +2.198425256e-001 +4.311984253e+001 +4.311984253e+001 -3.2729e-001 +1.3311e+000 +3.1503e+000 -9.6940e-001 +2.0799e+000
2287 +1.978822293e-001 +1.978822293e-001 +4.309788223e+001 +4.309788223e+001 -3.2710e-001 +1.3300e+000 +3.1474e+000 -9.7036e-001 +2.0797e+000
2628 +1.918279855e-001 +1.918279855e-001 +4.309182799e+001 +4.309182799e+001 -3.2694e-001 +1.3296e+000 +3.1476e+000 -9.6944e-001 +2.0799e+000
2631 +1.866502554e-001 +1.866502554e-001 +4.308665026e+001 +4.308665026e+001 -3.2710e-001 +1.3300e+000 +3.1476e+000 -9.6959e-001 +2.0800e+000
2708 +1.842436604e-001 +1.842436604e-001 +4.308424366e+001 +4.308424366e+001 -3.2699e-001 +1.3297e+000 +3.1476e+000 -9.6940e-001 +2.0800e+000
2874 +1.805091507e-001 +1.805091507e-001 +4.308050915e+001 +4.308050915e+001 -3.2711e-001 +1.3299e+000 +3.1478e+000 -9.6946e-001 +2.0801e+000
3235 +1.776879979e-001 +1.776879979e-001 +4.307768800e+001 +4.307768800e+001 -3.2707e-001 +1.3299e+000 +3.1477e+000 -9.6941e-001 +2.0801e+000
% function evaluation | noise-free fitness - Fopt (6.286500000000e+002) | best noise-free fitness - Fopt | measured fitness | best measured fitness | x1 | x2...
1 +6.308560803e+001 +6.308560803e+001 +6.917356080e+002 +6.917356080e+002 +0.0000e+000 +0.0000e+000 +0.0000e+000 +0.0000e+000 +0.0000e+000
407 +6.160224598e+001 +6.160224598e+001 +6.902522460e+002 +6.902522460e+002 -1.7198e+000 +2.8861e+000 +4.4601e+000 -1.3049e-001 +2.7758e+000
% function evaluation | noise-free fitness - Fopt (-7.163000000000e+001) | best noise-free fitness - Fopt | measured fitness | best measured fitness | x1 | x2...
1 +2.733428486e+002 +2.733428486e+002 +2.017128486e+002 +2.017128486e+002 +0.0000e+000 +0.0000e+000 +0.0000e+000 +0.0000e+000 +0.0000e+000
3 +2.591146893e+002 +2.591146893e+002 +1.874846893e+002 +1.874846893e+002 +4.7759e+000 -4.0468e+000 -9.7290e-001 -1.7987e+000 -2.2260e+000
4 +2.411023619e+002 +2.411023619e+002 +1.694723619e+002 +1.694723619e+002 +4.7750e+000 -4.0364e+000 -9.8536e-001 -1.7973e+000 -2.2295e+000
6 +2.271088594e+002 +2.271088594e+002 +1.554788594e+002 +1.554788594e+002 +4.7817e+000 -4.0282e+000 -9.9704e-001 -1.7988e+000 -2.2264e+000
29 +1.727964432e+002 +1.727964432e+002 +1.011664432e+002 +1.011664432e+002 +4.8158e+000 -3.9496e+000 -9.7475e-001 -1.7925e+000 -2.2260e+000
57 +1.430087415e+002 +1.430087415e+002 +7.137874154e+001 +7.137874154e+001 +4.7854e+000 -3.9355e+000 -1.0451e+000 -1.7898e+000 -2.2380e+000
81 +1.208024139e+002 +1.208024139e+002 +4.917241389e+001 +4.917241389e+001 +4.9125e+000 -3.9690e+000 -9.9295e-001 -1.8149e+000 -2.2383e+000
107 +1.103938037e+002 +1.103938037e+002 +3.876380375e+001 +3.876380375e+001 +4.9454e+000 -3.8913e+000 -9.9557e-001 -1.7368e+000 -2.2577e+000
141 +1.072592350e+002 +1.072592350e+002 +3.562923500e+001 +3.562923500e+001 +4.8830e+000 -3.9742e+000 -1.0180e+000 -1.9729e+000 -2.1345e+000
178 +1.040732857e+002 +1.040732857e+002 +3.244328572e+001 +3.244328572e+001 +4.9710e+000 -3.9195e+000 -1.0435e+000 -1.7730e+000 -2.2180e+000
189 +1.019186661e+002 +1.019186661e+002 +3.028866608e+001 +3.028866608e+001 +4.9855e+000 -4.0274e+000 -1.0347e+000 -1.8035e+000 -2.2878e+000
200 +9.923036391e+001 +9.923036391e+001 +2.760036391e+001 +2.760036391e+001 +4.9855e+000 -3.9498e+000 -1.0420e+000 -1.7461e+000 -2.2636e+000
247 +9.725091554e+001 +9.725091554e+001 +2.562091554e+001 +2.562091554e+001 +4.9833e+000 -3.9915e+000 -1.0437e+000 -1.7998e+000 -2.2654e+000
% function evaluation | noise-free fitness - Fopt (1.976000000000e+001) | best noise-free fitness - Fopt | measured fitness | best measured fitness | x1 | x2...
1 +7.510062496e+001 +7.510062496e+001 +9.486062496e+001 +9.486062496e+001 +0.0000e+000 +0.0000e+000 +0.0000e+000 +0.0000e+000 +0.0000e+000
607 +7.411391973e+001 +7.411391973e+001 +9.387391973e+001 +9.387391973e+001 +3.5082e+000 +1.0335e+000 +4.7929e+000 -1.8999e+000 -1.8909e+000
674 +7.234661206e+001 +7.234661206e+001 +9.210661206e+001 +9.210661206e+001 +3.5012e+000 +1.0105e+000 +4.8102e+000 -1.8898e+000 -1.8913e+000
756 +7.057211890e+001 +7.057211890e+001 +9.033211890e+001 +9.033211890e+001 +3.5283e+000 +1.0185e+000 +4.8352e+000 -1.8907e+000 -1.8954e+000
832 +6.866088015e+001 +6.866088015e+001 +8.842088015e+001 +8.842088015e+001 +3.5629e+000 +1.0142e+000 +4.8737e+000 -1.8839e+000 -1.8928e+000
909 +6.724050658e+001 +6.724050658e+001 +8.700050658e+001 +8.700050658e+001 +3.5688e+000 +1.0129e+000 +4.8724e+000 -1.8728e+000 -1.8941e+000
994 +6.605396050e+001 +6.605396050e+001 +8.581396050e+001 +8.581396050e+001 +3.5808e+000 +1.0170e+000 +4.8842e+000 -1.8647e+000 -1.8970e+000
1104 +6.417417870e+001 +6.417417870e+001 +8.393417870e+001 +8.393417870e+001 +3.6392e+000 +1.0143e+000 +4.9161e+000 -1.8574e+000 -1.9065e+000
1215 +6.225673391e+001 +6.225673391e+001 +8.201673391e+001 +8.201673391e+001 +3.6991e+000 +1.0305e+000 +4.9593e+000 -1.8574e+000 -1.9061e+000
1304 +6.138248273e+001 +6.138248273e+001 +8.114248273e+001 +8.114248273e+001 +3.6985e+000 +1.0300e+000 +4.9728e+000 -1.8533e+000 -1.9130e+000
% function evaluation | noise-free fitness - Fopt (6.100000000000e-001) | best noise-free fitness - Fopt | measured fitness | best measured fitness | x1 | x2...
1 +1.525209808e+002 +1.525209808e+002 +1.531309808e+002 +1.531309808e+002 +0.0000e+000 +0.0000e+000 +0.0000e+000 +0.0000e+000 +0.0000e+000
129 +1.499739437e+002 +1.499739437e+002 +1.505839437e+002 +1.505839437e+002 +3.4718e+000 -6.3015e-001 -9.0512e-001 -2.8096e+000 +2.6390e+000
172 +1.399530571e+002 +1.399530571e+002 +1.405630571e+002 +1.405630571e+002 +3.4605e+000 -6.0913e-001 -8.6942e-001 -2.7642e+000 +2.6468e+000
205 +1.306436741e+002 +1.306436741e+002 +1.312536741e+002 +1.312536741e+002 +3.4575e+000 -5.0109e-001 -8.6462e-001 -2.6334e+000 +2.6585e+000
233 +1.241418989e+002 +1.241418989e+002 +1.247518989e+002 +1.247518989e+002 +3.4366e+000 -6.4335e-001 -8.8372e-001 -2.6150e+000 +2.7072e+000
270 +1.204051206e+002 +1.204051206e+002 +1.210151206e+002 +1.210151206e+002 +3.4177e+000 -6.9857e-001 -8.7244e-001 -2.5860e+000 +2.7168e+000
279 +1.156622464e+002 +1.156622464e+002 +1.162722464e+002 +1.162722464e+002 +3.3011e+000 -6.8016e-001 -8.9241e-001 -2.1324e+000 +2.8345e+000
316 +1.044893371e+002 +1.044893371e+002 +1.050993371e+002 +1.050993371e+002 +3.3791e+000 -7.6695e-001 -8.4745e-001 -2.3728e+000 +2.7007e+000
363 +9.881444971e+001 +9.881444971e+001 +9.942444971e+001 +9.942444971e+001 +3.3298e+000 -8.5617e-001 -8.2110e-001 -2.3867e+000 +2.7050e+000
437 +9.662240013e+001 +9.662240013e+001 +9.723240013e+001 +9.723240013e+001 +3.3656e+000 -7.1701e-001 -8.2075e-001 -2.3532e+000 +2.7152e+000
456 +9.443386570e+001 +9.443386570e+001 +9.504386570e+001 +9.504386570e+001 +3.3325e+000 -7.7251e-001 -8.0031e-001 -2.2697e+000 +2.7059e+000
550 +9.297675039e+001 +9.297675039e+001 +9.358675039e+001 +9.358675039e+001 +3.3529e+000 -6.8077e-001 -7.8597e-001 -2.3178e+000 +2.7085e+000
606 +9.095301824e+001 +9.095301824e+001 +9.156301824e+001 +9.156301824e+001 +3.3485e+000 -7.0684e-001 -7.6830e-001 -2.2535e+000 +2.7087e+000
% function evaluation | noise-free fitness - Fopt (-8.634400000000e+002) | best noise-free fitness - Fopt | measured fitness | best measured fitness | x1 | x2...
1 +1.570311397e+002 +1.570311397e+002 -7.064088603e+002 -7.064088603e+002 +0.0000e+000 +0.0000e+000 +0.0000e+000 +0.0000e+000 +0.0000e+000
2 +9.685603957e+001 +9.685603957e+001 -7.665839604e+002 -7.665839604e+002 +3.0313e+000 -1.3096e+000 +4.6773e+000 +9.4058e-001 +3.7697e+000
20 +9.522047296e+001 +9.522047296e+001 -7.682195270e+002 -7.682195270e+002 +3.0241e+000 -1.3064e+000 +4.6726e+000 +9.3930e-001 +3.7946e+000
46 +9.331577426e+001 +9.331577426e+001 -7.701242257e+002 -7.701242257e+002 +3.0241e+000 -1.3084e+000 +4.6751e+000 +9.5135e-001 +3.8473e+000
100 +9.094850985e+001 +9.094850985e+001 -7.724914901e+002 -7.724914901e+002 +3.0368e+000 -1.2996e+000 +4.6686e+000 +1.0246e+000 +3.8208e+000
124 +8.776289429e+001 +8.776289429e+001 -7.756771057e+002 -7.756771057e+002 +3.0392e+000 -1.2978e+000 +4.6594e+000 +1.0442e+000 +3.8531e+000
177 +8.493492999e+001 +8.493492999e+001 -7.785050700e+002 -7.785050700e+002 +3.0560e+000 -1.2957e+000 +4.6789e+000 +1.1348e+000 +3.9334e+000
217 +8.310711038e+001 +8.310711038e+001 -7.803328896e+002 -7.803328896e+002 +3.0383e+000 -1.2989e+000 +4.6456e+000 +1.0985e+000 +3.8717e+000
229 +7.949041856e+001 +7.949041856e+001 -7.839495814e+002 -7.839495814e+002 +3.0380e+000 -1.2702e+000 +4.6541e+000 +1.0946e+000 +4.0336e+000
249 +7.792678266e+001 +7.792678266e+001 -7.855132173e+002 -7.855132173e+002 +3.0427e+000 -1.2935e+000 +4.6610e+000 +1.1445e+000 +4.0292e+000
253 +7.614461809e+001 +7.614461809e+001 -7.872953819e+002 -7.872953819e+002 +3.0446e+000 -1.2908e+000 +4.6398e+000 +1.1844e+000 +4.0265e+000
256 +7.477884940e+001 +7.477884940e+001 -7.886611506e+002 -7.886611506e+002 +3.0388e+000 -1.3159e+000 +4.6453e+000 +1.2643e+000 +4.0306e+000
264 +6.785065262e+001 +6.785065262e+001 -7.955893474e+002 -7.955893474e+002 +3.0440e+000 -1.3199e+000 +4.6484e+000 +7.2284e-001 +4.2686e+000
362 +6.497230175e+001 +6.497230175e+001 -7.984676983e+002 -7.984676983e+002 +3.0577e+000 -1.4222e+000 +4.6680e+000 +1.2661e+000 +3.6017e+000
403 +6.297910645e+001 +6.297910645e+001 -8.004608935e+002 -8.004608935e+002 +3.1145e+000 -1.3327e+000 +4.6597e+000 +1.0570e+000 +1.5029e+000
418 +5.459947394e+001 +5.459947394e+001 -8.088405261e+002 -8.088405261e+002 +3.0323e+000 -1.2381e+000 +4.6871e+000 +1.0419e+000 +3.2898e-001
419 +5.264683656e+001 +5.264683656e+001 -8.107931634e+002 -8.107931634e+002 +3.0353e+000 -1.4548e+000 +4.6795e+000 +1.4523e+000 +2.1342e+000
428 +3.265515988e+001 +3.265515988e+001 -8.307848401e+002 -8.307848401e+002 +3.0793e+000 -9.8129e-001 +4.6940e+000 +1.2670e+000 -1.0766e+000
455 +2.916278083e+001 +2.916278083e+001 -8.342772192e+002 -8.342772192e+002 +3.3776e+000 -9.5386e-001 +4.4812e+000 +4.5219e+000 +1.1262e+000
510 +1.739851242e+001 +1.739851242e+001 -8.460414876e+002 -8.460414876e+002 +1.7215e+000 -1.1123e+000 +4.7004e+000 +2.6044e+000 +9.6882e-001
559 +1.736329271e+001 +1.736329271e+001 -8.460767073e+002 -8.460767073e+002 +2.4790e+000 -1.1931e+000 +4.2952e+000 +3.6772e+000 +1.2243e-001
560 +1.678365017e+001 +1.678365017e+001 -8.466563498e+002 -8.466563498e+002 +2.4284e+000 -1.2969e+000 +4.7577e+000 +3.1308e+000 +4.2623e-001
563 +1.401186076e+001 +1.401186076e+001 -8.494281392e+002 -8.494281392e+002 +2.4071e+000 -1.2464e+000 +4.5967e+000 +3.6662e+000 +7.3872e-001
569 +1.357448236e+001 +1.357448236e+001 -8.498655176e+002 -8.498655176e+002 +2.4840e+000 -1.2568e+000 +4.5931e+000 +3.6235e+000 +3.8022e-001
609 +1.242202728e+001 +1.242202728e+001 -8.510179727e+002 -8.510179727e+002 +2.4117e+000 -9.0180e-001 +4.3796e+000 +3.4487e+000 +8.2051e-001
654 +1.123488903e+001 +1.123488903e+001 -8.522051110e+002 -8.522051110e+002 +2.0966e+000 -8.5790e-001 +4.2370e+000 +4.3289e+000 +5.8411e-001
680 +1.021002888e+001 +1.021002888e+001 -8.532299711e+002 -8.532299711e+002 +2.0804e+000 -6.3481e-001 +4.2851e+000 +4.1879e+000 +5.5375e-001
708 +9.978295742e+000 +9.978295742e+000 -8.534617043e+002 -8.534617043e+002 +2.0258e+000 -7.3226e-001 +4.2230e+000 +3.6897e+000 +6.8826e-001
710 +9.259214569e+000 +9.259214569e+000 -8.541807854e+002 -8.541807854e+002 +2.1603e+000 -6.9505e-001 +4.1719e+000 +4.0061e+000 +4.9334e-001
731 +7.854891845e+000 +7.854891845e+000 -8.555851082e+002 -8.555851082e+002 +2.0759e+000 -7.4763e-001 +4.2525e+000 +3.7422e+000 +5.5752e-001
780 +5.261370576e+000 +5.261370576e+000 -8.581786294e+002 -8.581786294e+002 +2.0732e+000 -7.0082e-001 +3.9727e+000 +3.9072e+000 +7.8619e-001
788 +3.369460595e+000 +3.369460595e+000 -8.600705394e+002 -8.600705394e+002 +1.6912e+000 -6.6581e-001 +3.8143e+000 +3.9725e+000 +1.1145e+000
920 +3.175520077e+000 +3.175520077e+000 -8.602644799e+002 -8.602644799e+002 +1.9165e+000 -5.2601e-001 +3.9386e+000 +3.8446e+000 +8.5170e-001
931 +2.827105689e+000 +2.827105689e+000 -8.606128943e+002 -8.606128943e+002 +1.9195e+000 -4.5390e-001 +3.9468e+000 +3.8555e+000 +8.7481e-001
989 +2.680591017e+000 +2.680591017e+000 -8.607594090e+002 -8.607594090e+002 +1.9421e+000 -4.8721e-001 +3.9460e+000 +3.8512e+000 +8.9967e-001
1006 +2.572306969e+000 +2.572306969e+000 -8.608676930e+002 -8.608676930e+002 +1.9254e+000 -4.7567e-001 +3.9374e+000 +3.8956e+000 +9.3826e-001
1052 +2.304747998e+000 +2.304747998e+000 -8.611352520e+002 -8.611352520e+002 +1.8792e+000 -4.7650e-001 +3.8961e+000 +3.8242e+000 +8.4040e-001
1053 +2.066729760e+000 +2.066729760e+000 -8.613732702e+002 -8.613732702e+002 +1.9190e+000 -5.1636e-001 +3.8653e+000 +3.8934e+000 +9.0109e-001
1157 +1.776260004e+000 +1.776260004e+000 -8.616637400e+002 -8.616637400e+002 +1.8651e+000 -4.9896e-001 +3.8804e+000 +3.8896e+000 +9.3475e-001
1244 +1.737182994e+000 +1.737182994e+000 -8.617028170e+002 -8.617028170e+002 +1.8683e+000 -5.0036e-001 +3.8592e+000 +3.8693e+000 +9.4926e-001
1273 +1.409751207e+000 +1.409751207e+000 -8.620302488e+002 -8.620302488e+002 +1.8535e+000 -4.8503e-001 +3.8689e+000 +3.8692e+000 +9.6592e-001
1405 +1.317268574e+000 +1.317268574e+000 -8.621227314e+002 -8.621227314e+002 +1.8439e+000 -5.1904e-001 +3.8447e+000 +3.8891e+000 +1.0113e+000
1532 +1.287491522e+000 +1.287491522e+000 -8.621525085e+002 -8.621525085e+002 +1.8443e+000 -5.2282e-001 +3.8495e+000 +3.8991e+000 +1.0083e+000
1779 +1.251451216e+000 +1.251451216e+000 -8.621885488e+002 -8.621885488e+002 +1.8413e+000 -5.1865e-001 +3.8471e+000 +3.8830e+000 +9.9523e-001
1835 +1.225355213e+000 +1.225355213e+000 -8.622146448e+002 -8.622146448e+002 +1.8350e+000 -5.2238e-001 +3.8475e+000 +3.8832e+000 +9.9720e-001
2059 +1.112074322e+000 +1.112074322e+000 -8.623279257e+002 -8.623279257e+002 +1.8448e+000 -5.2198e-001 +3.8491e+000 +3.8993e+000 +1.0008e+000
2156 +1.071944026e+000 +1.071944026e+000 -8.623680560e+002 -8.623680560e+002 +1.8422e+000 -5.2343e-001 +3.8479e+000 +3.8959e+000 +1.0011e+000
2190 +1.016058028e+000 +1.016058028e+000 -8.624239420e+002 -8.624239420e+002 +1.8430e+000 -5.2162e-001 +3.8484e+000 +3.8962e+000 +1.0009e+000
2384 +9.982996876e-001 +9.982996876e-001 -8.624417003e+002 -8.624417003e+002 +1.8435e+000 -5.2184e-001 +3.8478e+000 +3.8977e+000 +1.0042e+000
2532 +9.684139890e-001 +9.684139890e-001 -8.624715860e+002 -8.624715860e+002 +1.8427e+000 -5.2235e-001 +3.8466e+000 +3.8968e+000 +1.0050e+000
2613 +9.514313118e-001 +9.514313118e-001 -8.624885687e+002 -8.624885687e+002 +1.8429e+000 -5.2142e-001 +3.8468e+000 +3.8956e+000 +1.0052e+000
2643 +9.254695251e-001 +9.254695251e-001 -8.625145305e+002 -8.625145305e+002 +1.8429e+000 -5.2170e-001 +3.8466e+000 +3.8960e+000 +1.0054e+000
2775 +9.031024237e-001 +9.031024237e-001 -8.625368976e+002 -8.625368976e+002 +1.8428e+000 -5.2159e-001 +3.8466e+000 +3.8955e+000 +1.0053e+000
3694 +8.909233975e-001 +8.909233975e-001 -8.625490766e+002 -8.625490766e+002 +1.8429e+000 -5.2167e-001 +3.8466e+000 +3.8959e+000 +1.0053e+000
% function evaluation | noise-free fitness - Fopt (1.318500000000e+002) | best noise-free fitness - Fopt | measured fitness | best measured fitness | x1 | x2...
1 +5.411100743e+001 +5.411100743e+001 +1.859610074e+002 +1.859610074e+002 +0.0000e+000 +0.0000e+000 +0.0000e+000 +0.0000e+000 +0.0000e+000
532 +5.008990543e+001 +5.008990543e+001 +1.819399054e+002 +1.819399054e+002 +2.1102e+000 +5.3167e-001 -1.6243e+000 -1.8440e+000 +5.8376e-001
557 +3.296286723e+001 +3.296286723e+001 +1.648128672e+002 +1.648128672e+002 +6.1293e-001 -2.8462e+000 -4.9064e-001 -1.7304e+000 -3.5428e+000
608 +2.075465421e+001 +2.075465421e+001 +1.526046542e+002 +1.526046542e+002 -2.5367e-001 +4.7377e-001 -1.2405e+000 -2.5619e+000 -1.0263e+000
628 +1.970089529e+001 +1.970089529e+001 +1.515508953e+002 +1.515508953e+002 +3.8692e-001 -5.6578e-001 +4.6361e-001 -1.8697e+000 -1.0866e+000
761 +1.269419823e+001 +1.269419823e+001 +1.445441982e+002 +1.445441982e+002 -4.7514e-001 -3.0573e-001 -1.5127e+000 -7.0054e-001 -1.3031e+000
821 +9.505009639e+000 +9.505009639e+000 +1.413550096e+002 +1.413550096e+002 +4.6353e-001 -2.0411e+000 +3.3094e+000 -2.8668e+000 -1.3549e+000
914 +8.609238061e+000 +8.609238061e+000 +1.404592381e+002 +1.404592381e+002 -3.7116e-002 -2.1795e-001 +1.5571e+000 -2.3604e+000 -1.5590e+000
1047 +6.941526011e+000 +6.941526011e+000 +1.387915260e+002 +1.387915260e+002 +4.1173e-001 +7.3985e-001 +9.5204e-001 -2.3037e+000 -2.5167e+000
1207 +6.742248284e+000 +6.742248284e+000 +1.385922483e+002 +1.385922483e+002 -8.0533e-002 +8.2721e-001 +3.6035e-001 -3.6060e+000 -1.7072e+000
1230 +6.263065213e+000 +6.263065213e+000 +1.381130652e+002 +1.381130652e+002 -7.5158e-001 +8.0516e-001 +1.2759e+000 -3.9064e+000 -1.9429e+000
1233 +5.359212915e+000 +5.359212915e+000 +1.372092129e+002 +1.372092129e+002 -6.1807e-001 +8.8971e-001 +7.0291e-001 -5.0864e+000 -1.8454e+000
1271 +4.269399492e+000 +4.269399492e+000 +1.361193995e+002 +1.361193995e+002 -7.9985e-002 +9.0347e-001 +1.2293e+000 -3.3819e+000 -2.2292e+000
1304 +3.817772598e+000 +3.817772598e+000 +1.356677726e+002 +1.356677726e+002 -1.0016e-001 +9.5682e-001 +8.5073e-001 -3.8375e+000 -1.8196e+000
1319 +3.555436552e+000 +3.555436552e+000 +1.354054366e+002 +1.354054366e+002 -7.9731e-002 +8.9625e-001 +1.0534e+000 -3.4117e+000 -1.7245e+000
1345 +1.672479235e+000 +1.672479235e+000 +1.335224792e+002 +1.335224792e+002 -1.6897e-001 +5.5976e-001 +9.7908e-001 -4.0410e+000 -1.6898e+000
1503 +1.453247557e+000 +1.453247557e+000 +1.333032476e+002 +1.333032476e+002 -2.6656e-001 +8.0351e-001 +9.8077e-001 -3.8524e+000 -1.6904e+000
1543 +1.336935318e+000 +1.336935318e+000 +1.331869353e+002 +1.331869353e+002 -2.1559e-001 +7.3572e-001 +1.0332e+000 -3.9325e+000 -1.6826e+000
1553 +1.050185886e+000 +1.050185886e+000 +1.329001859e+002 +1.329001859e+002 -2.2535e-001 +7.4932e-001 +9.2857e-001 -3.8650e+000 -1.7049e+000
1632 +6.084733789e-001 +6.084733789e-001 +1.324584734e+002 +1.324584734e+002 -2.6438e-001 +7.3716e-001 +9.2675e-001 -4.0945e+000 -1.6943e+000
1713 +5.691637799e-001 +5.691637799e-001 +1.324191638e+002 +1.324191638e+002 -2.3924e-001 +7.4913e-001 +9.5698e-001 -4.0264e+000 -1.7113e+000
1763 +5.405716194e-001 +5.405716194e-001 +1.323905716e+002 +1.323905716e+002 -2.3873e-001 +7.3837e-001 +9.5243e-001 -4.0150e+000 -1.7010e+000
1770 +4.428545957e-001 +4.428545957e-001 +1.322928546e+002 +1.322928546e+002 -2.3658e-001 +7.4099e-001 +9.4417e-001 -3.9817e+000 -1.6981e+000
1780 +4.143164634e-001 +4.143164634e-001 +1.322643165e+002 +1.322643165e+002 -2.4263e-001 +7.3176e-001 +9.6900e-001 -4.0653e+000 -1.6985e+000
1830 +4.034167624e-001 +4.034167624e-001 +1.322534168e+002 +1.322534168e+002 -2.4472e-001 +7.3633e-001 +9.6234e-001 -4.0892e+000 -1.7042e+000
1834 +3.487608706e-001 +3.487608706e-001 +1.321987609e+002 +1.321987609e+002 -2.4830e-001 +7.3751e-001 +9.6302e-001 -4.0710e+000 -1.6981e+000
1842 +3.202782403e-001 +3.202782403e-001 +1.321702782e+002 +1.321702782e+002 -2.4480e-001 +7.3174e-001 +9.7387e-001 -4.0764e+000 -1.7022e+000
1890 +2.830772131e-001 +2.830772131e-001 +1.321330772e+002 +1.321330772e+002 -2.4592e-001 +7.3012e-001 +9.8695e-001 -4.0874e+000 -1.7016e+000
1926 +2.550431850e-001 +2.550431850e-001 +1.321050432e+002 +1.321050432e+002 -2.4954e-001 +7.3585e-001 +9.6960e-001 -4.0832e+000 -1.7010e+000
1944 +1.907521308e-001 +1.907521308e-001 +1.320407521e+002 +1.320407521e+002 -2.4759e-001 +7.2577e-001 +9.8304e-001 -4.0886e+000 -1.7008e+000
2007 +1.624728203e-001 +1.624728203e-001 +1.320124728e+002 +1.320124728e+002 -2.4923e-001 +7.2890e-001 +9.7489e-001 -4.0729e+000 -1.6949e+000
2218 +1.601358003e-001 +1.601358003e-001 +1.320101358e+002 +1.320101358e+002 -2.4769e-001 +7.2230e-001 +9.7710e-001 -4.0695e+000 -1.6930e+000
2246 +1.510098740e-001 +1.510098740e-001 +1.320010099e+002 +1.320010099e+002 -2.4859e-001 +7.2074e-001 +9.7888e-001 -4.0704e+000 -1.6924e+000
2258 +1.454783463e-001 +1.454783463e-001 +1.319954783e+002 +1.319954783e+002 -2.4857e-001 +7.2193e-001 +9.7973e-001 -4.0705e+000 -1.6928e+000
2270 +1.391443643e-001 +1.391443643e-001 +1.319891444e+002 +1.319891444e+002 -2.4876e-001 +7.2256e-001 +9.7828e-001 -4.0708e+000 -1.6927e+000
2906 +1.379028526e-001 +1.379028526e-001 +1.319879029e+002 +1.319879029e+002 -2.4844e-001 +7.2115e-001 +9.7989e-001 -4.0703e+000 -1.6926e+000
2921 +1.309486866e-001 +1.309486866e-001 +1.319809487e+002 +1.319809487e+002 -2.4845e-001 +7.2149e-001 +9.7931e-001 -4.0698e+000 -1.6926e+000
3287 +1.284356435e-001 +1.284356435e-001 +1.319784356e+002 +1.319784356e+002 -2.4833e-001 +7.2114e-001 +9.7962e-001 -4.0694e+000 -1.6925e+000
4365 +1.258071535e-001 +1.258071535e-001 +1.319758072e+002 +1.319758072e+002 -2.4834e-001 +7.2123e-001 +9.7969e-001 -4.0697e+000 -1.6926e+000
