% function evaluation | noise-free fitness - Fopt (6.870000000000e+00) | best noise-free fitness - Fopt | measured fitness | best measured fitness | x1 | x2...
1 +4.405119605e+00 +4.405119605e+00 +1.127511961e+01 +1.127511961e+01 +0.0000e+00 +0.0000e+00 +0.0000e+00
50 +3.472640672e+00 +3.472640672e+00 +1.034264067e+01 +1.034264067e+01 -2.0678e+00 +2.3749e+00 -4.1049e+00
63 +2.146844168e+00 +2.146844168e+00 +9.016844168e+00 +9.016844168e+00 -2.0722e+00 +2.3924e+00 -4.1054e+00
103 +1.352948754e+00 +1.352948754e+00 +8.222948754e+00 +8.222948754e+00 -2.0704e+00 +2.3907e+00 -4.1057e+00
139 +1.177657529e+00 +1.177657529e+00 +8.047657529e+00 +8.047657529e+00 -2.0696e+00 +2.3902e+00 -4.1054e+00
% function evaluation | noise-free fitness - Fopt (1.000000000000e-02) | best noise-free fitness - Fopt | measured fitness | best measured fitness | x1 | x2...
1 +1.295653969e+01 +1.295653969e+01 +1.296653969e+01 +1.296653969e+01 +0.0000e+00 +0.0000e+00 +0.0000e+00
16 +9.146604368e+00 +9.146604368e+00 +9.156604368e+00 +9.156604368e+00 +1.9681e+00 +3.8182e+00 -1.8032e+00
24 +2.961608981e+00 +2.961608981e+00 +2.971608981e+00 +2.971608981e+00 +1.9780e+00 +3.7322e+00 -1.8031e+00
32 +2.603912073e+00 +2.603912073e+00 +2.613912073e+00 +2.613912073e+00 +1.9715e+00 +3.7692e+00 -1.8030e+00
51 +1.130677625e+00 +1.130677625e+00 +1.140677625e+00 +1.140677625e+00 +1.9659e+00 +3.7726e+00 -1.8028e+00
60 +1.092022970e+00 +1.092022970e+00 +1.102022970e+00 +1.102022970e+00 +1.9666e+00 +3.7741e+00 -1.8037e+00
85 +1.018103069e+00 +1.018103069e+00 +1.028103069e+00 +1.028103069e+00 +1.9670e+00 +3.7803e+00 -1.8031e+00
110 +9.348763580e-01 +9.348763580e-01 +9.448763580e-01 +9.448763580e-01 +1.9627e+00 +3.7818e+00 -1.8021e+00
118 +8.946780954e-01 +8.946780954e-01 +9.046780954e-01 +9.046780954e-01 +1.9628e+00 +3.7800e+00 -1.8023e+00
124 +7.980430027e-01 +7.980430027e-01 +8.080430027e-01 +8.080430027e-01 +1.9621e+00 +3.7825e+00 -1.8023e+00
138 +7.662595206e-01 +7.662595206e-01 +7.762595206e-01 +7.762595206e-01 +1.9619e+00 +3.7825e+00 -1.8023e+00
150 +7.499509503e-01 +7.499509503e-01 +7.599509503e-01 +7.599509503e-01 +1.9619e+00 +3.7817e+00 -1.8025e+00
% function evaluation | noise-free fitness - Fopt (-1.306100000000e+02) | best noise-free fitness - Fopt | measured fitness | best measured fitness | x1 | x2...
1 +1.229607456e+01 +1.229607456e+01 -1.183139254e+02 -1.183139254e+02 +0.0000e+00 +0.0000e+00 +0.0000e+00
34 +1.054463977e+01 +1.054463977e+01 -1.200653602e+02 -1.200653602e+02 +4.6522e+00 +2.5003e+00 -3.8368e+00
37 +6.233629655e+00 +6.233629655e+00 -1.243763703e+02 -1.243763703e+02 +4.6859e+00 +2.5037e+00 -3.8221e+00
80 +4.241527676e+00 +4.241527676e+00 -1.263684723e+02 -1.263684723e+02 +4.6630e+00 +2.5065e+00 -3.8386e+00
135 +3.380649941e+00 +3.380649941e+00 -1.272293501e+02 -1.272293501e+02 +4.7721e+00 +2.5067e+00 -3.7768e+00
139 +3.112364004e+00 +3.112364004e+00 -1.274976360e+02 -1.274976360e+02 +4.7744e+00 +2.5074e+00 -3.7797e+00
% function evaluation | noise-free fitness - Fopt (-2.231200000000e+02) | best noise-free fitness - Fopt | measured fitness | best measured fitness | x1 | x2...
1 +5.339703202e+01 +5.339703202e+01 -1.697229680e+02 -1.697229680e+02 +0.0000e+00 +0.0000e+00 +0.0000e+00
2 +3.580028681e+01 +3.580028681e+01 -1.873197132e+02 -1.873197132e+02 -2.2928e+00 -3.9896e+00 -4.1831e+00
3 +1.115178775e+01 +1.115178775e+01 -2.119682122e+02 -2.119682122e+02 -2.3124e+00 -3.9895e+00 -4.1782e+00
7 +4.711888397e+00 +4.711888397e+00 -2.184081116e+02 -2.184081116e+02 -2.1828e+00 -3.9897e+00 -4.1720e+00
33 +1.767590761e+00 +1.767590761e+00 -2.213524092e+02 -2.213524092e+02 -2.3196e+00 -3.9876e+00 -4.1746e+00
47 +7.006457393e-01 +7.006457393e-01 -2.224193543e+02 -2.224193543e+02 -2.3217e+00 -3.9870e+00 -4.1753e+00
65 +6.516199078e-01 +6.516199078e-01 -2.224683801e+02 -2.224683801e+02 -2.3220e+00 -3.9881e+00 -4.1769e+00
71 +5.717338583e-01 +5.717338583e-01 -2.225482661e+02 -2.225482661e+02 -2.3216e+00 -3.9876e+00 -4.1756e+00
75 +4.235495678e-01 +4.235495678e-01 -2.226964504e+02 -2.226964504e+02 -2.3219e+00 -3.9873e+00 -4.1776e+00
% function evaluation | noise-free fitness - Fopt (-4.443000000000e+01) | best noise-free fitness - Fopt | measured fitness | best measured fitness | x1 | x2...
1 +4.437367499e+00 +4.437367499e+00 -3.999263250e+01 -3.999263250e+01 +0.0000e+00 +0.0000e+00 +0.0000e+00
79 +4.161965861e+00 +4.161965861e+00 -4.026803414e+01 -4.026803414e+01 -2.5620e+00 -2.3913e+00 +3.4102e+00
146 +2.430890634e+00 +2.430890634e+00 -4.199910937e+01 -4.199910937e+01 -2.5696e+00 -2.3241e+00 +3.3971e+00
% function evaluation | noise-free fitness - Fopt (-3.845400000000e+02) | best noise-free fitness - Fopt | measured fitness | best measured fitness | x1 | x2...
1 +2.793935638e+01 +2.793935638e+01 -3.566006436e+02 -3.566006436e+02 +0.0000e+00 +0.0000e+00 +0.0000e+00
2 +2.605354266e+01 +2.605354266e+01 -3.584864573e+02 -3.584864573e+02 -3.9420e+00 +3.0649e+00 +1.6454e+00
3 +9.474256267e+00 +9.474256267e+00 -3.750657437e+02 -3.750657437e+02 -3.9278e+00 +3.0671e+00 +1.6316e+00
9 +8.673040093e+00 +8.673040093e+00 -3.758669599e+02 -3.758669599e+02 -3.9663e+00 +3.0639e+00 +1.6297e+00
12 +6.957239502e+00 +6.957239502e+00 -3.775827605e+02 -3.775827605e+02 -3.9819e+00 +3.0667e+00 +1.6361e+00
31 +6.198926656e+00 +6.198926656e+00 -3.783410733e+02 -3.783410733e+02 -3.9614e+00 +3.0694e+00 +1.6246e+00
40 +5.561245906e+00 +5.561245906e+00 -3.789787541e+02 -3.789787541e+02 -3.9692e+00 +3.0639e+00 +1.6281e+00
50 +2.146034809e+00 +2.146034809e+00 -3.823939652e+02 -3.823939652e+02 -3.9690e+00 +3.0658e+00 +1.6252e+00
56 +1.766036050e+00 +1.766036050e+00 -3.827739640e+02 -3.827739640e+02 -3.9729e+00 +3.0634e+00 +1.6264e+00
94 +1.608292173e+00 +1.608292173e+00 -3.829317078e+02 -3.829317078e+02 -3.9722e+00 +3.0643e+00 +1.6261e+00
97 +1.493969918e+00 +1.493969918e+00 -3.830460301e+02 -3.830460301e+02 -3.9721e+00 +3.0653e+00 +1.6260e+00
% function evaluation | noise-free fitness - Fopt (-6.071200000000e+02) | best noise-free fitness - Fopt | measured fitness | best measured fitness | x1 | x2...
1 +1.955698130e+01 +1.955698130e+01 -5.875630187e+02 -5.875630187e+02 +0.0000e+00 +0.0000e+00 +0.0000e+00
3 +1.946249383e+01 +1.946249383e+01 -5.876575062e+02 -5.876575062e+02 -4.6866e+00 -3.9089e+00 +3.8796e+00
6 +1.563566978e+01 +1.563566978e+01 -5.914843302e+02 -5.914843302e+02 -4.6862e+00 -3.9054e+00 +3.8893e+00
7 +1.522422815e+01 +1.522422815e+01 -5.918957718e+02 -5.918957718e+02 -4.6825e+00 -3.9050e+00 +3.8776e+00
8 +1.376263436e+01 +1.376263436e+01 -5.933573656e+02 -5.933573656e+02 -4.6889e+00 -3.9047e+00 +3.8845e+00
9 +1.295883624e+01 +1.295883624e+01 -5.941611638e+02 -5.941611638e+02 -4.6892e+00 -3.9009e+00 +3.8791e+00
23 +1.086519746e+01 +1.086519746e+01 -5.962548025e+02 -5.962548025e+02 -4.6932e+00 -3.9021e+00 +3.8920e+00
38 +7.059974789e+00 +7.059974789e+00 -6.000600252e+02 -6.000600252e+02 -4.6921e+00 -3.9061e+00 +3.8993e+00
71 +5.845671666e+00 +5.845671666e+00 -6.012743283e+02 -6.012743283e+02 -4.6979e+00 -3.9018e+00 +3.9001e+00
% function evaluation | noise-free fitness - Fopt (-2.955000000000e+01) | best noise-free fitness - Fopt | measured fitness | best measured fitness | x1 | x2...
1 +5.722703360e+00 +5.722703360e+00 -2.382729664e+01 -2.382729664e+01 +0.0000e+00 +0.0000e+00 +0.0000e+00
84 +2.967249403e+00 +2.967249403e+00 -2.658275060e+01 -2.658275060e+01 +4.0626e+00 -1.4870e-01 +1.4419e+00
103 +1.645512702e+00 +1.645512702e+00 -2.790448730e+01 -2.790448730e+01 +4.0712e+00 -7.3639e-01 +1.7080e+00
% function evaluation | noise-free fitness - Fopt (1.000000000000e+03) | best noise-free fitness - Fopt | measured fitness | best measured fitness | x1 | x2...
1 +1.281594335e+01 +1.281594335e+01 +1.012815943e+03 +1.012815943e+03 +0.0000e+00 +0.0000e+00 +0.0000e+00
2 +9.991419768e+00 +9.991419768e+00 +1.009991420e+03 +1.009991420e+03 +4.7046e+00 +9.3919e-01 +4.2042e+00
6 +5.017311483e+00 +5.017311483e+00 +1.005017311e+03 +1.005017311e+03 +4.7033e+00 +9.4330e-01 +4.1831e+00
8 +4.838309458e+00 +4.838309458e+00 +1.004838309e+03 +1.004838309e+03 +4.7056e+00 +9.3597e-01 +4.1940e+00
19 +3.912191712e+00 +3.912191712e+00 +1.003912192e+03 +1.003912192e+03 +4.7045e+00 +9.4151e-01 +4.1851e+00
34 +3.556840484e+00 +3.556840484e+00 +1.003556840e+03 +1.003556840e+03 +4.7042e+00 +9.3848e-01 +4.1913e+00
56 +3.259171242e+00 +3.259171242e+00 +1.003259171e+03 +1.003259171e+03 +4.7041e+00 +9.3691e-01 +4.1916e+00
61 +2.961973426e+00 +2.961973426e+00 +1.002961973e+03 +1.002961973e+03 +4.7041e+00 +9.3862e-01 +4.1904e+00
76 +2.722683600e+00 +2.722683600e+00 +1.002722684e+03 +1.002722684e+03 +4.7052e+00 +9.3712e-01 +4.1894e+00
100 +2.574839726e+00 +2.574839726e+00 +1.002574840e+03 +1.002574840e+03 +4.7038e+00 +9.3842e-01 +4.1906e+00
% function evaluation | noise-free fitness - Fopt (-4.456000000000e+01) | best noise-free fitness - Fopt | measured fitness | best measured fitness | x1 | x2...
1 +6.496265740e+00 +6.496265740e+00 -3.806373426e+01 -3.806373426e+01 +0.0000e+00 +0.0000e+00 +0.0000e+00
42 +5.037611995e+00 +5.037611995e+00 -3.952238800e+01 -3.952238800e+01 +6.3139e-01 +3.8065e+00 -1.7926e+00
138 +4.375010895e+00 +4.375010895e+00 -4.018498910e+01 -4.018498910e+01 +2.4760e-01 +2.7055e+00 -6.6229e-01
142 +1.656433943e+00 +1.656433943e+00 -4.290356606e+01 -4.290356606e+01 +4.1107e-01 -3.8142e-01 +1.2241e+00
% function evaluation | noise-free fitness - Fopt (6.442000000000e+01) | best noise-free fitness - Fopt | measured fitness | best measured fitness | x1 | x2...
1 +1.756941011e+01 +1.756941011e+01 +8.198941011e+01 +8.198941011e+01 +0.0000e+00 +0.0000e+00 +0.0000e+00
26 +1.073001540e+01 +1.073001540e+01 +7.515001540e+01 +7.515001540e+01 -3.5876e-01 -4.0753e+00 +1.1811e+00
50 +5.416245841e+00 +5.416245841e+00 +6.983624584e+01 +6.983624584e+01 -3.8071e-01 -4.2021e+00 +1.1528e+00
66 +4.964762439e+00 +4.964762439e+00 +6.938476244e+01 +6.938476244e+01 -3.8477e-01 -4.1417e+00 +1.1273e+00
69 +4.278152235e+00 +4.278152235e+00 +6.869815223e+01 +6.869815223e+01 -2.3725e-01 -4.2053e+00 +1.1624e+00
121 +3.832288287e+00 +3.832288287e+00 +6.825228829e+01 +6.825228829e+01 -3.9407e-01 -4.4259e+00 +1.1825e+00
125 +1.212076317e+00 +1.212076317e+00 +6.563207632e+01 +6.563207632e+01 -3.7084e-01 -4.2631e+00 +1.0073e+00
% function evaluation | noise-free fitness - Fopt (7.514000000000e+01) | best noise-free fitness - Fopt | measured fitness | best measured fitness | x1 | x2...
1 +3.075892013e+01 +3.075892013e+01 +1.058989201e+02 +1.058989201e+02 +0.0000e+00 +0.0000e+00 +0.0000e+00
2 +2.195156166e+01 +2.195156166e+01 +9.709156166e+01 +9.709156166e+01 -4.8688e+00 +3.9883e+00 +1.5234e+00
14 +2.101439121e+01 +2.101439121e+01 +9.615439121e+01 +9.615439121e+01 -4.8668e+00 +3.9945e+00 +1.5074e+00
16 +1.053033087e+01 +1.053033087e+01 +8.567033087e+01 +8.567033087e+01 -4.8633e+00 +3.9845e+00 +1.5448e+00
50 +3.011047764e+00 +3.011047764e+00 +7.815104776e+01 +7.815104776e+01 -4.9286e+00 +4.0266e+00 +1.5349e+00
95 +2.796346862e+00 +2.796346862e+00 +7.793634686e+01 +7.793634686e+01 -4.9277e+00 +4.0111e+00 +1.5512e+00
137 +2.618624787e+00 +2.618624787e+00 +7.775862479e+01 +7.775862479e+01 -4.9212e+00 +3.9933e+00 +1.5723e+00
% function evaluation | noise-free fitness - Fopt (1.042500000000e+02) | best noise-free fitness - Fopt | measured fitness | best measured fitness | x1 | x2...
1 +2.665552457e+01 +2.665552457e+01 +1.309055246e+02 +1.309055246e+02 +0.0000e+00 +0.0000e+00 +0.0000e+00
2 +1.849038440e+01 +1.849038440e+01 +1.227403844e+02 +1.227403844e+02 -3.1587e+00 -1.8943e+00 -1.9880e+00
6 +1.361975474e+01 +1.361975474e+01 +1.178697547e+02 +1.178697547e+02 -3.1489e+00 -1.9121e+00 -1.9887e+00
17 +6.241575794e+00 +6.241575794e+00 +1.104915758e+02 +1.104915758e+02 -3.1501e+00 -1.9081e+00 -1.9789e+00
18 +3.353036884e+00 +3.353036884e+00 +1.076030369e+02 +1.076030369e+02 -3.1490e+00 -1.9208e+00 -1.9806e+00
49 +1.217960955e+00 +1.217960955e+00 +1.054679610e+02 +1.054679610e+02 -3.1505e+00 -1.9272e+00 -1.9847e+00
92 +1.121608231e+00 +1.121608231e+00 +1.053716082e+02 +1.053716082e+02 -3.1527e+00 -1.9262e+00 -1.9858e+00
110 +7.289065824e-01 +7.289065824e-01 +1.049789066e+02 +1.049789066e+02 -3.1512e+00 -1.9294e+00 -1.9870e+00
125 +6.806743003e-01 +6.806743003e-01 +1.049306743e+02 +1.049306743e+02 -3.1527e+00 -1.9283e+00 -1.9869e+00
151 +6.705787694e-01 +6.705787694e-01 +1.049205788e+02 +1.049205788e+02 -3.1522e+00 -1.9282e+00 -1.9866e+00
% function evaluation | noise-free fitness - Fopt (-8.550000000000e+00) | best noise-free fitness - Fopt | measured fitness | best measured fitness | x1 | x2...
1 +4.717140577e+01 +4.717140577e+01 +3.862140577e+01 +3.862140577e+01 +0.0000e+00 +0.0000e+00 +0.0000e+00
2 +3.741285628e+01 +3.741285628e+01 +2.886285628e+01 +2.886285628e+01 -1.2394e+00 +3.3807e-01 -7.2455e-01
3 +2.847643895e+01 +2.847643895e+01 +1.992643895e+01 +1.992643895e+01 -1.2437e+00 +3.3488e-01 -7.2325e-01
4 +1.452634491e+01 +1.452634491e+01 +5.976344910e+00 +5.976344910e+00 -1.2394e+00 +3.1621e-01 -7.2298e-01
18 +1.093722334e+01 +1.093722334e+01 +2.387223342e+00 +2.387223342e+00 -1.2370e+00 +2.9051e-01 -7.1838e-01
27 +7.208815774e+00 +7.208815774e+00 -1.341184226e+00 -1.341184226e+00 -1.2411e+00 +2.8837e-01 -7.1102e-01
32 +5.836272502e+00 +5.836272502e+00 -2.713727498e+00 -2.713727498e+00 -1.2481e+00 +2.9255e-01 -7.1097e-01
33 +4.607501379e+00 +4.607501379e+00 -3.942498621e+00 -3.942498621e+00 -1.2439e+00 +2.8582e-01 -7.1713e-01
38 +4.173889956e+00 +4.173889956e+00 -4.376110044e+00 -4.376110044e+00 -1.2382e+00 +2.7287e-01 -7.1657e-01
54 +2.181448674e+00 +2.181448674e+00 -6.368551326e+00 -6.368551326e+00 -1.2426e+00 +2.8132e-01 -7.1371e-01
61 +2.125778250e+00 +2.125778250e+00 -6.424221750e+00 -6.424221750e+00 -1.2481e+00 +2.8621e-01 -7.1304e-01
78 +2.049069180e+00 +2.049069180e+00 -6.500930820e+00 -6.500930820e+00 -1.2442e+00 +2.8070e-01 -7.1400e-01
111 +1.566521671e+00 +1.566521671e+00 -6.983478329e+00 -6.983478329e+00 -1.2453e+00 +2.8213e-01 -7.1371e-01
% function evaluation | noise-free fitness - Fopt (-1.014500000000e+02) | best noise-free fitness - Fopt | measured fitness | best measured fitness | x1 | x2...
1 +4.482487590e+01 +4.482487590e+01 -5.662512410e+01 -5.662512410e+01 +0.0000e+00 +0.0000e+00 +0.0000e+00
2 +2.652208106e+01 +2.652208106e+01 -7.492791894e+01 -7.492791894e+01 +1.1870e+00 +2.6633e+00 -1.5141e+00
3 +2.189353175e+01 +2.189353175e+01 -7.955646825e+01 -7.955646825e+01 +1.1874e+00 +2.6582e+00 -1.4973e+00
4 +1.934696198e+01 +1.934696198e+01 -8.210303802e+01 -8.210303802e+01 +1.1644e+00 +2.6582e+00 -1.4979e+00
5 +1.895853010e+01 +1.895853010e+01 -8.249146990e+01 -8.249146990e+01 +1.1713e+00 +2.6578e+00 -1.4932e+00
6 +1.665378112e+01 +1.665378112e+01 -8.479621888e+01 -8.479621888e+01 +1.1784e+00 +2.6585e+00 -1.4902e+00
8 +7.118192249e+00 +7.118192249e+00 -9.433180775e+01 -9.433180775e+01 +1.1921e+00 +2.6567e+00 -1.4813e+00
41 +6.872664581e+00 +6.872664581e+00 -9.457733542e+01 -9.457733542e+01 +1.1724e+00 +2.6526e+00 -1.4930e+00
60 +6.024553007e+00 +6.024553007e+00 -9.542544699e+01 -9.542544699e+01 +1.1714e+00 +2.6532e+00 -1.4943e+00
