% function evaluation | noise-free fitness - Fopt (6.870000000000e+000) | best noise-free fitness - Fopt | measured fitness | best measured fitness | x1 | x2...
1 +4.405119605e+000 +4.405119605e+000 +1.127511961e+001 +1.127511961e+001 +0.0000e+000 +0.0000e+000 +0.0000e+000
16 +3.703087468e+000 +3.703087468e+000 +1.057308747e+001 +1.057308747e+001 +1.7540e+000 +2.4585e+000 +4.1941e+000
35 +2.584033313e+000 +2.584033313e+000 +9.454033313e+000 +9.454033313e+000 +1.7597e+000 +2.4499e+000 +4.1923e+000
40 +2.083711218e+000 +2.083711218e+000 +8.953711218e+000 +8.953711218e+000 +1.7628e+000 +2.4467e+000 +4.1866e+000
51 +1.882173572e+000 +1.882173572e+000 +8.752173572e+000 +8.752173572e+000 +1.7610e+000 +2.4515e+000 +4.1887e+000
59 +1.499230036e+000 +1.499230036e+000 +8.369230036e+000 +8.369230036e+000 +1.7634e+000 +2.4504e+000 +4.1838e+000
72 +9.204119978e-001 +9.204119978e-001 +7.790411998e+000 +7.790411998e+000 +1.7635e+000 +2.4520e+000 +4.1881e+000
97 +3.207624361e-001 +3.207624361e-001 +7.190762436e+000 +7.190762436e+000 +1.7666e+000 +2.4476e+000 +4.1851e+000
99 +1.880371500e-001 +1.880371500e-001 +7.058037150e+000 +7.058037150e+000 +1.7665e+000 +2.4490e+000 +4.1848e+000
184 +1.720669922e-001 +1.720669922e-001 +7.042066992e+000 +7.042066992e+000 +1.7667e+000 +2.4470e+000 +4.1837e+000
217 +1.614357970e-001 +1.614357970e-001 +7.031435797e+000 +7.031435797e+000 +1.7668e+000 +2.4471e+000 +4.1839e+000
219 +1.576756073e-001 +1.576756073e-001 +7.027675607e+000 +7.027675607e+000 +1.7669e+000 +2.4467e+000 +4.1838e+000
235 +1.313664080e-001 +1.313664080e-001 +7.001366408e+000 +7.001366408e+000 +1.7667e+000 +2.4468e+000 +4.1839e+000
243 +1.248879592e-001 +1.248879592e-001 +6.994887959e+000 +6.994887959e+000 +1.7668e+000 +2.4468e+000 +4.1838e+000
258 +1.208542947e-001 +1.208542947e-001 +6.990854295e+000 +6.990854295e+000 +1.7667e+000 +2.4468e+000 +4.1838e+000
272 +1.167068143e-001 +1.167068143e-001 +6.986706814e+000 +6.986706814e+000 +1.7667e+000 +2.4468e+000 +4.1838e+000
280 +1.142061315e-001 +1.142061315e-001 +6.984206131e+000 +6.984206131e+000 +1.7667e+000 +2.4468e+000 +4.1838e+000
296 +1.109191672e-001 +1.109191672e-001 +6.980919167e+000 +6.980919167e+000 +1.7668e+000 +2.4468e+000 +4.1838e+000
473 +1.077571159e-001 +1.077571159e-001 +6.977757116e+000 +6.977757116e+000 +1.7667e+000 +2.4468e+000 +4.1838e+000
531 +1.070977601e-001 +1.070977601e-001 +6.977097760e+000 +6.977097760e+000 +1.7667e+000 +2.4468e+000 +4.1838e+000
% function evaluation | noise-free fitness - Fopt (1.000000000000e-002) | best noise-free fitness - Fopt | measured fitness | best measured fitness | x1 | x2...
1 +1.295653969e+001 +1.295653969e+001 +1.296653969e+001 +1.296653969e+001 +0.0000e+000 +0.0000e+000 +0.0000e+000
2 +1.211244060e+001 +1.211244060e+001 +1.212244060e+001 +1.212244060e+001 +4.6798e-002 -3.8795e+000 +1.6531e+000
35 +5.605279902e+000 +5.605279902e+000 +5.615279902e+000 +5.615279902e+000 +7.5029e-003 -3.8801e+000 +1.6322e+000
69 +4.933130861e+000 +4.933130861e+000 +4.943130861e+000 +4.943130861e+000 +3.5720e-001 -3.9092e+000 +1.6413e+000
101 +3.581310165e+000 +3.581310165e+000 +3.591310165e+000 +3.591310165e+000 -1.6814e+000 -3.8739e+000 +1.6462e+000
285 +1.862506345e+000 +1.862506345e+000 +1.872506345e+000 +1.872506345e+000 +2.3950e+000 -1.9147e+000 +2.1777e+000
% function evaluation | noise-free fitness - Fopt (-1.306100000000e+002) | best noise-free fitness - Fopt | measured fitness | best measured fitness | x1 | x2...
1 +1.229607456e+001 +1.229607456e+001 -1.183139254e+002 -1.183139254e+002 +0.0000e+000 +0.0000e+000 +0.0000e+000
27 +1.147585504e+001 +1.147585504e+001 -1.191341450e+002 -1.191341450e+002 +1.6670e+000 -2.5143e-001 +3.4356e+000
35 +7.951407287e+000 +7.951407287e+000 -1.226585927e+002 -1.226585927e+002 +1.6662e+000 -2.5428e-001 +3.3648e+000
126 +7.362746086e+000 +7.362746086e+000 -1.232472539e+002 -1.232472539e+002 +1.6712e+000 -2.5611e-001 +4.0309e+000
142 +5.821393693e+000 +5.821393693e+000 -1.247886063e+002 -1.247886063e+002 +1.6749e+000 -2.5575e-001 +3.8334e+000
145 +1.808961663e+000 +1.808961663e+000 -1.288010383e+002 -1.288010383e+002 +1.6759e+000 -2.5605e-001 +3.8410e+000
257 +1.557179693e+000 +1.557179693e+000 -1.290528203e+002 -1.290528203e+002 +1.4112e+000 -3.9070e-001 +3.9461e+000
1933 +1.439317326e+000 +1.439317326e+000 -1.291706827e+002 -1.291706827e+002 -3.9614e+000 +3.1771e+000 -1.2023e+000
% function evaluation | noise-free fitness - Fopt (-2.231200000000e+002) | best noise-free fitness - Fopt | measured fitness | best measured fitness | x1 | x2...
1 +5.339703202e+001 +5.339703202e+001 -1.697229680e+002 -1.697229680e+002 +0.0000e+000 +0.0000e+000 +0.0000e+000
2 +4.533380521e+001 +4.533380521e+001 -1.777861948e+002 -1.777861948e+002 +7.3788e-001 -1.2256e+000 -4.2857e-001
4 +3.840803257e+001 +3.840803257e+001 -1.847119674e+002 -1.847119674e+002 +7.3640e-001 -1.2258e+000 -4.1582e-001
17 +3.338910380e+001 +3.338910380e+001 -1.897308962e+002 -1.897308962e+002 +7.3787e-001 -1.2260e+000 -4.5652e-001
19 +2.358582380e+001 +2.358582380e+001 -1.995341762e+002 -1.995341762e+002 +7.3611e-001 -1.2257e+000 -3.8422e-001
32 +2.067499692e+001 +2.067499692e+001 -2.024450031e+002 -2.024450031e+002 +7.3538e-001 -1.2258e+000 -3.4749e-001
36 +1.880417080e+001 +1.880417080e+001 -2.043158292e+002 -2.043158292e+002 +7.3938e-001 -1.2261e+000 -3.6449e-001
44 +1.649288310e+001 +1.649288310e+001 -2.066271169e+002 -2.066271169e+002 +7.3782e-001 -1.2259e+000 -3.4863e-001
47 +1.077048521e+001 +1.077048521e+001 -2.123495148e+002 -2.123495148e+002 +7.3870e-001 -1.2256e+000 -3.5755e-001
69 +8.535501221e+000 +8.535501221e+000 -2.145844988e+002 -2.145844988e+002 +7.2931e-001 -1.2257e+000 -3.6384e-001
81 +6.197971177e+000 +6.197971177e+000 -2.169220288e+002 -2.169220288e+002 +7.1269e-001 -1.2255e+000 -4.0566e-001
101 +4.115019553e+000 +4.115019553e+000 -2.190049804e+002 -2.190049804e+002 +7.2050e-001 -1.2258e+000 -3.5910e-001
297 +3.779819520e+000 +3.779819520e+000 -2.193401805e+002 -2.193401805e+002 +4.9078e+000 -1.2309e+000 -1.7115e+000
706 +2.321611051e+000 +2.321611051e+000 -2.207983889e+002 -2.207983889e+002 +5.3712e+000 -1.2349e+000 +1.8088e+000
2265 +1.648689979e+000 +1.648689979e+000 -2.214713100e+002 -2.214713100e+002 -5.1503e-001 -5.5936e+000 -9.0312e-001
% function evaluation | noise-free fitness - Fopt (-4.443000000000e+001) | best noise-free fitness - Fopt | measured fitness | best measured fitness | x1 | x2...
1 +4.437367499e+000 +4.437367499e+000 -3.999263250e+001 -3.999263250e+001 +0.0000e+000 +0.0000e+000 +0.0000e+000
258 +3.161319492e+000 +3.161319492e+000 -4.126868051e+001 -4.126868051e+001 -3.4000e+000 -2.0577e+000 +2.7831e+000
613 +2.852964875e+000 +2.852964875e+000 -4.157703512e+001 -4.157703512e+001 -3.7687e+000 +3.2995e+000 +2.7575e+000
676 +2.260298145e+000 +2.260298145e+000 -4.216970185e+001 -4.216970185e+001 -3.9107e+000 -1.6551e+000 +2.7674e+000
2287 +1.869684311e+000 +1.869684311e+000 -4.256031569e+001 -4.256031569e+001 -4.9224e+000 -4.9376e+000 -7.1319e-001
2693 +3.591944797e-001 +3.591944797e-001 -4.407080552e+001 -4.407080552e+001 -4.9865e+000 +4.3208e+000 -1.0084e-001
% function evaluation | noise-free fitness - Fopt (-3.845400000000e+002) | best noise-free fitness - Fopt | measured fitness | best measured fitness | x1 | x2...
1 +2.793935638e+001 +2.793935638e+001 -3.566006436e+002 -3.566006436e+002 +0.0000e+000 +0.0000e+000 +0.0000e+000
12 +1.691574401e+001 +1.691574401e+001 -3.676242560e+002 -3.676242560e+002 +3.9700e+000 +2.5295e+000 +4.0628e+000
23 +7.229918147e+000 +7.229918147e+000 -3.773100819e+002 -3.773100819e+002 +3.9754e+000 +2.5292e+000 +4.0978e+000
57 +6.924332441e+000 +6.924332441e+000 -3.776156676e+002 -3.776156676e+002 +3.9290e+000 +2.5134e+000 +4.0605e+000
63 +1.641724996e+000 +1.641724996e+000 -3.828982750e+002 -3.828982750e+002 +3.9193e+000 +2.5258e+000 +4.0586e+000
186 +1.327090385e+000 +1.327090385e+000 -3.832129096e+002 -3.832129096e+002 +3.8313e+000 +2.6289e+000 +4.0418e+000
201 +1.187573884e+000 +1.187573884e+000 -3.833524261e+002 -3.833524261e+002 +3.8321e+000 +2.6475e+000 +4.0414e+000
206 +1.082682707e+000 +1.082682707e+000 -3.834573173e+002 -3.834573173e+002 +3.8316e+000 +2.6431e+000 +4.0413e+000
215 +9.220078372e-001 +9.220078372e-001 -3.836179922e+002 -3.836179922e+002 +3.8308e+000 +2.6391e+000 +4.0421e+000
277 +7.711695847e-001 +7.711695847e-001 -3.837688304e+002 -3.837688304e+002 +3.8294e+000 +2.6423e+000 +4.0439e+000
322 +7.321313638e-001 +7.321313638e-001 -3.838078686e+002 -3.838078686e+002 +3.8281e+000 +2.6572e+000 +4.0443e+000
325 +6.424097147e-001 +6.424097147e-001 -3.838975903e+002 -3.838975903e+002 +3.8278e+000 +2.6548e+000 +4.0446e+000
329 +4.103909213e-001 +4.103909213e-001 -3.841296091e+002 -3.841296091e+002 +3.8276e+000 +2.6437e+000 +4.0443e+000
333 +3.701861377e-001 +3.701861377e-001 -3.841698139e+002 -3.841698139e+002 +3.8278e+000 +2.6464e+000 +4.0444e+000
356 +3.541523901e-001 +3.541523901e-001 -3.841858476e+002 -3.841858476e+002 +3.8274e+000 +2.6424e+000 +4.0444e+000
358 +2.991830439e-001 +2.991830439e-001 -3.842408170e+002 -3.842408170e+002 +3.8275e+000 +2.6409e+000 +4.0446e+000
392 +1.989550627e-001 +1.989550627e-001 -3.843410449e+002 -3.843410449e+002 +3.8275e+000 +2.6421e+000 +4.0446e+000
397 +1.910838292e-001 +1.910838292e-001 -3.843489162e+002 -3.843489162e+002 +3.8276e+000 +2.6418e+000 +4.0446e+000
424 +1.366817699e-001 +1.366817699e-001 -3.844033182e+002 -3.844033182e+002 +3.8273e+000 +2.6401e+000 +4.0449e+000
430 +1.310203066e-001 +1.310203066e-001 -3.844089797e+002 -3.844089797e+002 +3.8271e+000 +2.6389e+000 +4.0451e+000
432 +1.272750549e-001 +1.272750549e-001 -3.844127249e+002 -3.844127249e+002 +3.8270e+000 +2.6401e+000 +4.0453e+000
441 +6.468730803e-002 +6.468730803e-002 -3.844753127e+002 -3.844753127e+002 +3.8269e+000 +2.6394e+000 +4.0453e+000
485 +3.421253449e-002 +3.421253449e-002 -3.845057875e+002 -3.845057875e+002 +3.8268e+000 +2.6409e+000 +4.0452e+000
535 +2.991231383e-002 +2.991231383e-002 -3.845100877e+002 -3.845100877e+002 +3.8269e+000 +2.6409e+000 +4.0452e+000
538 +2.632079398e-002 +2.632079398e-002 -3.845136792e+002 -3.845136792e+002 +3.8269e+000 +2.6407e+000 +4.0452e+000
548 +2.003694462e-002 +2.003694462e-002 -3.845199631e+002 -3.845199631e+002 +3.8269e+000 +2.6409e+000 +4.0452e+000
593 +1.749666621e-002 +1.749666621e-002 -3.845225033e+002 -3.845225033e+002 +3.8269e+000 +2.6407e+000 +4.0452e+000
609 +1.325227002e-002 +1.325227002e-002 -3.845267477e+002 -3.845267477e+002 +3.8269e+000 +2.6404e+000 +4.0452e+000
617 +5.269835285e-003 +5.269835285e-003 -3.845347302e+002 -3.845347302e+002 +3.8269e+000 +2.6404e+000 +4.0452e+000
654 +5.184001123e-003 +5.184001123e-003 -3.845348160e+002 -3.845348160e+002 +3.8269e+000 +2.6405e+000 +4.0452e+000
657 +3.869656468e-003 +3.869656468e-003 -3.845361303e+002 -3.845361303e+002 +3.8269e+000 +2.6405e+000 +4.0452e+000
665 +1.878739232e-003 +1.878739232e-003 -3.845381213e+002 -3.845381213e+002 +3.8269e+000 +2.6405e+000 +4.0452e+000
797 +1.851514679e-003 +1.851514679e-003 -3.845381485e+002 -3.845381485e+002 +3.8269e+000 +2.6405e+000 +4.0452e+000
808 +1.345625551e-003 +1.345625551e-003 -3.845386544e+002 -3.845386544e+002 +3.8269e+000 +2.6405e+000 +4.0452e+000
909 +1.115083057e-003 +1.115083057e-003 -3.845388849e+002 -3.845388849e+002 +3.8269e+000 +2.6405e+000 +4.0452e+000
910 +7.759744488e-004 +7.759744488e-004 -3.845392240e+002 -3.845392240e+002 +3.8269e+000 +2.6405e+000 +4.0452e+000
928 +4.268216169e-004 +4.268216169e-004 -3.845395732e+002 -3.845395732e+002 +3.8269e+000 +2.6405e+000 +4.0452e+000
952 +3.535612134e-004 +3.535612134e-004 -3.845396464e+002 -3.845396464e+002 +3.8269e+000 +2.6405e+000 +4.0452e+000
966 +2.350861379e-004 +2.350861379e-004 -3.845397649e+002 -3.845397649e+002 +3.8269e+000 +2.6405e+000 +4.0452e+000
1008 +2.172380699e-004 +2.172380699e-004 -3.845397828e+002 -3.845397828e+002 +3.8269e+000 +2.6405e+000 +4.0452e+000
1023 +1.772458609e-004 +1.772458609e-004 -3.845398228e+002 -3.845398228e+002 +3.8269e+000 +2.6405e+000 +4.0452e+000
1026 +1.709829636e-004 +1.709829636e-004 -3.845398290e+002 -3.845398290e+002 +3.8269e+000 +2.6405e+000 +4.0452e+000
1030 +1.249568404e-004 +1.249568404e-004 -3.845398750e+002 -3.845398750e+002 +3.8269e+000 +2.6405e+000 +4.0452e+000
1084 +8.267793788e-005 +8.267793788e-005 -3.845399173e+002 -3.845399173e+002 +3.8269e+000 +2.6405e+000 +4.0452e+000
1101 +6.074671620e-005 +6.074671620e-005 -3.845399393e+002 -3.845399393e+002 +3.8269e+000 +2.6405e+000 +4.0452e+000
1121 +2.997339539e-005 +2.997339539e-005 -3.845399700e+002 -3.845399700e+002 +3.8269e+000 +2.6405e+000 +4.0452e+000
1166 +2.285025778e-005 +2.285025778e-005 -3.845399771e+002 -3.845399771e+002 +3.8269e+000 +2.6405e+000 +4.0452e+000
1173 +1.372932559e-005 +1.372932559e-005 -3.845399863e+002 -3.845399863e+002 +3.8269e+000 +2.6405e+000 +4.0452e+000
1196 +1.254263856e-005 +1.254263856e-005 -3.845399875e+002 -3.845399875e+002 +3.8269e+000 +2.6405e+000 +4.0452e+000
1208 +1.171486235e-005 +1.171486235e-005 -3.845399883e+002 -3.845399883e+002 +3.8269e+000 +2.6405e+000 +4.0452e+000
1209 +7.786577385e-006 +7.786577385e-006 -3.845399922e+002 -3.845399922e+002 +3.8269e+000 +2.6405e+000 +4.0452e+000
1221 +5.171866064e-006 +5.171866064e-006 -3.845399948e+002 -3.845399948e+002 +3.8269e+000 +2.6405e+000 +4.0452e+000
1238 +3.887563082e-006 +3.887563082e-006 -3.845399961e+002 -3.845399961e+002 +3.8269e+000 +2.6405e+000 +4.0452e+000
1239 +1.790383806e-006 +1.790383806e-006 -3.845399982e+002 -3.845399982e+002 +3.8269e+000 +2.6405e+000 +4.0452e+000
1243 +1.481932088e-006 +1.481932088e-006 -3.845399985e+002 -3.845399985e+002 +3.8269e+000 +2.6405e+000 +4.0452e+000
1277 +1.427348877e-006 +1.427348877e-006 -3.845399986e+002 -3.845399986e+002 +3.8269e+000 +2.6405e+000 +4.0452e+000
1288 +1.068919914e-006 +1.068919914e-006 -3.845399989e+002 -3.845399989e+002 +3.8269e+000 +2.6405e+000 +4.0452e+000
1294 +9.461547847e-007 +9.461547847e-007 -3.845399991e+002 -3.845399991e+002 +3.8269e+000 +2.6405e+000 +4.0452e+000
1302 +8.003001426e-007 +8.003001426e-007 -3.845399992e+002 -3.845399992e+002 +3.8269e+000 +2.6405e+000 +4.0452e+000
1379 +7.649881013e-007 +7.649881013e-007 -3.845399992e+002 -3.845399992e+002 +3.8269e+000 +2.6405e+000 +4.0452e+000
1449 +6.783999424e-007 +6.783999424e-007 -3.845399993e+002 -3.845399993e+002 +3.8269e+000 +2.6405e+000 +4.0452e+000
1467 +6.424191383e-007 +6.424191383e-007 -3.845399994e+002 -3.845399994e+002 +3.8269e+000 +2.6405e+000 +4.0452e+000
1472 +4.933945092e-007 +4.933945092e-007 -3.845399995e+002 -3.845399995e+002 +3.8269e+000 +2.6405e+000 +4.0452e+000
1489 +4.528225759e-007 +4.528225759e-007 -3.845399995e+002 -3.845399995e+002 +3.8269e+000 +2.6405e+000 +4.0452e+000
1491 +2.393408067e-007 +2.393408067e-007 -3.845399998e+002 -3.845399998e+002 +3.8269e+000 +2.6405e+000 +4.0452e+000
1563 +2.343206233e-007 +2.343206233e-007 -3.845399998e+002 -3.845399998e+002 +3.8269e+000 +2.6405e+000 +4.0452e+000
1604 +1.817924726e-007 +1.817924726e-007 -3.845399998e+002 -3.845399998e+002 +3.8269e+000 +2.6405e+000 +4.0452e+000
1653 +1.677148020e-007 +1.677148020e-007 -3.845399998e+002 -3.845399998e+002 +3.8269e+000 +2.6405e+000 +4.0452e+000
1661 +1.606381943e-007 +1.606381943e-007 -3.845399998e+002 -3.845399998e+002 +3.8269e+000 +2.6405e+000 +4.0452e+000
1713 +1.578864044e-007 +1.578864044e-007 -3.845399998e+002 -3.845399998e+002 +3.8269e+000 +2.6405e+000 +4.0452e+000
1794 +1.522727189e-007 +1.522727189e-007 -3.845399998e+002 -3.845399998e+002 +3.8269e+000 +2.6405e+000 +4.0452e+000
1946 +1.511299388e-007 +1.511299388e-007 -3.845399998e+002 -3.845399998e+002 +3.8269e+000 +2.6405e+000 +4.0452e+000
% function evaluation | noise-free fitness - Fopt (-6.071200000000e+002) | best noise-free fitness - Fopt | measured fitness | best measured fitness | x1 | x2...
1 +1.955698130e+001 +1.955698130e+001 -5.875630187e+002 -5.875630187e+002 +0.0000e+000 +0.0000e+000 +0.0000e+000
2 +1.912669211e+001 +1.912669211e+001 -5.879933079e+002 -5.879933079e+002 -1.3855e+000 +2.3158e+000 -2.6981e+000
4 +1.902066038e+001 +1.902066038e+001 -5.880993396e+002 -5.880993396e+002 -1.3835e+000 +2.3149e+000 -2.7193e+000
5 +1.856337310e+001 +1.856337310e+001 -5.885566269e+002 -5.885566269e+002 -1.3828e+000 +2.3130e+000 -2.7142e+000
6 +1.068440987e+001 +1.068440987e+001 -5.964355901e+002 -5.964355901e+002 -1.5068e+000 +2.3140e+000 -2.7223e+000
47 +4.874236445e+000 +4.874236445e+000 -6.022457636e+002 -6.022457636e+002 -1.5001e+000 +2.3164e+000 -2.7374e+000
73 +3.138507088e+000 +3.138507088e+000 -6.039814929e+002 -6.039814929e+002 -1.4932e+000 +2.3083e+000 -2.7430e+000
195 +2.922303266e+000 +2.922303266e+000 -6.041976967e+002 -6.041976967e+002 -5.0264e+000 +2.1874e+000 -5.8390e+000
1033 +1.382737944e+000 +1.382737944e+000 -6.057372621e+002 -6.057372621e+002 -2.4885e+000 -1.9968e+000 +4.8866e+000
% function evaluation | noise-free fitness - Fopt (-2.955000000000e+001) | best noise-free fitness - Fopt | measured fitness | best measured fitness | x1 | x2...
1 +5.722703360e+000 +5.722703360e+000 -2.382729664e+001 -2.382729664e+001 +0.0000e+000 +0.0000e+000 +0.0000e+000
% function evaluation | noise-free fitness - Fopt (1.000000000000e+003) | best noise-free fitness - Fopt | measured fitness | best measured fitness | x1 | x2...
1 +1.281594335e+001 +1.281594335e+001 +1.012815943e+003 +1.012815943e+003 +0.0000e+000 +0.0000e+000 +0.0000e+000
2 +1.079209143e+001 +1.079209143e+001 +1.010792091e+003 +1.010792091e+003 -1.8883e+000 -1.2436e-001 +2.6885e+000
6 +9.636935854e+000 +9.636935854e+000 +1.009636936e+003 +1.009636936e+003 -1.8885e+000 -1.2474e-001 +2.6878e+000
8 +7.086871645e+000 +7.086871645e+000 +1.007086872e+003 +1.007086872e+003 -1.8884e+000 -1.2507e-001 +2.6807e+000
17 +6.735507744e+000 +6.735507744e+000 +1.006735508e+003 +1.006735508e+003 -1.8885e+000 -1.2484e-001 +2.6849e+000
20 +6.368429145e+000 +6.368429145e+000 +1.006368429e+003 +1.006368429e+003 -1.8884e+000 -1.2450e-001 +2.6809e+000
32 +5.501722606e+000 +5.501722606e+000 +1.005501723e+003 +1.005501723e+003 -1.8884e+000 -1.2472e-001 +2.6826e+000
40 +5.360960962e+000 +5.360960962e+000 +1.005360961e+003 +1.005360961e+003 -1.8885e+000 -1.2483e-001 +2.6829e+000
47 +5.196652726e+000 +5.196652726e+000 +1.005196653e+003 +1.005196653e+003 -1.8883e+000 -1.2475e-001 +2.6828e+000
62 +5.116200715e+000 +5.116200715e+000 +1.005116201e+003 +1.005116201e+003 -1.8883e+000 -1.2474e-001 +2.6827e+000
% function evaluation | noise-free fitness - Fopt (-4.456000000000e+001) | best noise-free fitness - Fopt | measured fitness | best measured fitness | x1 | x2...
1 +6.496265740e+000 +6.496265740e+000 -3.806373426e+001 -3.806373426e+001 +0.0000e+000 +0.0000e+000 +0.0000e+000
53 +5.973612822e+000 +5.973612822e+000 -3.858638718e+001 -3.858638718e+001 -9.4560e-001 -3.9932e+000 +4.3789e+000
78 +3.885076522e+000 +3.885076522e+000 -4.067492348e+001 -4.067492348e+001 -1.9027e+000 -4.0758e+000 +4.2828e+000
96 +3.248697807e+000 +3.248697807e+000 -4.131130219e+001 -4.131130219e+001 -6.9127e-001 -3.3701e+000 +3.8327e+000
314 +1.363341170e+000 +1.363341170e+000 -4.319665883e+001 -4.319665883e+001 -2.9315e+000 -5.4215e-002 +9.6487e-001
544 +8.367584698e-001 +8.367584698e-001 -4.372324153e+001 -4.372324153e+001 -2.7622e+000 +1.5217e+000 +2.9732e+000
% function evaluation | noise-free fitness - Fopt (6.442000000000e+001) | best noise-free fitness - Fopt | measured fitness | best measured fitness | x1 | x2...
1 +1.756941011e+001 +1.756941011e+001 +8.198941011e+001 +8.198941011e+001 +0.0000e+000 +0.0000e+000 +0.0000e+000
2 +9.339582179e+000 +9.339582179e+000 +7.375958218e+001 +7.375958218e+001 -1.2345e+000 -1.4587e+000 -8.8326e-001
17 +8.157708298e+000 +8.157708298e+000 +7.257770830e+001 +7.257770830e+001 -1.2423e+000 -1.4616e+000 -8.8554e-001
18 +6.516045230e+000 +6.516045230e+000 +7.093604523e+001 +7.093604523e+001 -1.2282e+000 -1.4294e+000 -8.8164e-001
37 +3.654570020e+000 +3.654570020e+000 +6.807457002e+001 +6.807457002e+001 -1.2349e+000 -1.4964e+000 -8.8316e-001
87 +3.557372742e+000 +3.557372742e+000 +6.797737274e+001 +6.797737274e+001 -1.2352e+000 -1.4934e+000 -8.8616e-001
112 +2.338187271e+000 +2.338187271e+000 +6.675818727e+001 +6.675818727e+001 -1.2399e+000 -1.5279e+000 -8.8577e-001
139 +2.249159338e+000 +2.249159338e+000 +6.666915934e+001 +6.666915934e+001 -1.2420e+000 -1.5530e+000 -8.8549e-001
145 +1.996867080e+000 +1.996867080e+000 +6.641686708e+001 +6.641686708e+001 -1.2404e+000 -1.5282e+000 -8.8693e-001
154 +1.102047084e+000 +1.102047084e+000 +6.552204708e+001 +6.552204708e+001 -1.2409e+000 -1.5517e+000 -8.8680e-001
186 +8.640724450e-001 +8.640724450e-001 +6.528407244e+001 +6.528407244e+001 -1.2407e+000 -1.5501e+000 -8.8627e-001
202 +8.059676199e-001 +8.059676199e-001 +6.522596762e+001 +6.522596762e+001 -1.2405e+000 -1.5464e+000 -8.8643e-001
214 +7.392589562e-001 +7.392589562e-001 +6.515925896e+001 +6.515925896e+001 -1.2404e+000 -1.5467e+000 -8.8627e-001
230 +6.842132457e-001 +6.842132457e-001 +6.510421325e+001 +6.510421325e+001 -1.2404e+000 -1.5464e+000 -8.8615e-001
267 +6.594466673e-001 +6.594466673e-001 +6.507944667e+001 +6.507944667e+001 -1.2404e+000 -1.5463e+000 -8.8615e-001
% function evaluation | noise-free fitness - Fopt (7.514000000000e+001) | best noise-free fitness - Fopt | measured fitness | best measured fitness | x1 | x2...
1 +3.075892013e+001 +3.075892013e+001 +1.058989201e+002 +1.058989201e+002 +0.0000e+000 +0.0000e+000 +0.0000e+000
2 +2.947072351e+001 +2.947072351e+001 +1.046107235e+002 +1.046107235e+002 -4.7799e+000 +2.4082e+000 -4.2684e+000
3 +1.707538983e+001 +1.707538983e+001 +9.221538983e+001 +9.221538983e+001 -4.7687e+000 +2.4091e+000 -4.2536e+000
4 +1.506506540e+001 +1.506506540e+001 +9.020506540e+001 +9.020506540e+001 -4.7721e+000 +2.4208e+000 -4.2656e+000
7 +9.708245567e+000 +9.708245567e+000 +8.484824557e+001 +8.484824557e+001 -4.7736e+000 +2.4055e+000 -4.2510e+000
17 +6.389693184e+000 +6.389693184e+000 +8.152969318e+001 +8.152969318e+001 -4.7847e+000 +2.4191e+000 -4.2609e+000
19 +5.585256116e+000 +5.585256116e+000 +8.072525612e+001 +8.072525612e+001 -4.7667e+000 +2.4559e+000 -4.2575e+000
25 +5.394748962e+000 +5.394748962e+000 +8.053474896e+001 +8.053474896e+001 -4.7745e+000 +2.4589e+000 -4.2665e+000
36 +4.772416736e+000 +4.772416736e+000 +7.991241674e+001 +7.991241674e+001 -4.7901e+000 +2.4238e+000 -4.2631e+000
47 +3.601964994e+000 +3.601964994e+000 +7.874196499e+001 +7.874196499e+001 -4.7696e+000 +2.4589e+000 -4.2581e+000
104 +1.993031266e+000 +1.993031266e+000 +7.713303127e+001 +7.713303127e+001 -4.7955e+000 +2.4370e+000 -4.2735e+000
142 +1.450169233e+000 +1.450169233e+000 +7.659016923e+001 +7.659016923e+001 -4.7958e+000 +2.4317e+000 -4.2672e+000
422 +1.428531877e+000 +1.428531877e+000 +7.656853188e+001 +7.656853188e+001 -4.7960e+000 +2.4417e+000 -4.2777e+000
436 +1.359574566e+000 +1.359574566e+000 +7.649957457e+001 +7.649957457e+001 -4.7961e+000 +2.4418e+000 -4.2778e+000
461 +1.329781775e+000 +1.329781775e+000 +7.646978178e+001 +7.646978178e+001 -4.7962e+000 +2.4417e+000 -4.2776e+000
477 +1.305290544e+000 +1.305290544e+000 +7.644529054e+001 +7.644529054e+001 -4.7962e+000 +2.4417e+000 -4.2776e+000
482 +1.283185820e+000 +1.283185820e+000 +7.642318582e+001 +7.642318582e+001 -4.7962e+000 +2.4417e+000 -4.2776e+000
% function evaluation | noise-free fitness - Fopt (1.042500000000e+002) | best noise-free fitness - Fopt | measured fitness | best measured fitness | x1 | x2...
1 +2.665552457e+001 +2.665552457e+001 +1.309055246e+002 +1.309055246e+002 +0.0000e+000 +0.0000e+000 +0.0000e+000
19 +1.492222219e+001 +1.492222219e+001 +1.191722222e+002 +1.191722222e+002 +4.9545e+000 +2.3048e+000 -2.8729e+000
36 +1.302842399e+001 +1.302842399e+001 +1.172784240e+002 +1.172784240e+002 +4.9469e+000 +2.3093e+000 -2.8709e+000
37 +8.465205072e+000 +8.465205072e+000 +1.127152051e+002 +1.127152051e+002 +4.9645e+000 +2.3241e+000 -2.8741e+000
41 +7.776221321e+000 +7.776221321e+000 +1.120262213e+002 +1.120262213e+002 +4.9589e+000 +2.3081e+000 -2.8785e+000
45 +1.411631351e+000 +1.411631351e+000 +1.056616314e+002 +1.056616314e+002 +4.9560e+000 +2.3011e+000 -2.8873e+000
310 +1.349532945e+000 +1.349532945e+000 +1.055995329e+002 +1.055995329e+002 +4.9633e+000 +2.3008e+000 -2.8853e+000
336 +1.346067419e+000 +1.346067419e+000 +1.055960674e+002 +1.055960674e+002 +4.9631e+000 +2.3007e+000 -2.8853e+000
342 +1.306370733e+000 +1.306370733e+000 +1.055563707e+002 +1.055563707e+002 +4.9633e+000 +2.3008e+000 -2.8852e+000
465 +1.275334908e+000 +1.275334908e+000 +1.055253349e+002 +1.055253349e+002 +4.9632e+000 +2.3008e+000 -2.8852e+000
664 +1.258902892e+000 +1.258902892e+000 +1.055089029e+002 +1.055089029e+002 +4.9634e+000 +2.3009e+000 -2.8851e+000
% function evaluation | noise-free fitness - Fopt (-8.550000000000e+000) | best noise-free fitness - Fopt | measured fitness | best measured fitness | x1 | x2...
1 +4.717140577e+001 +4.717140577e+001 +3.862140577e+001 +3.862140577e+001 +0.0000e+000 +0.0000e+000 +0.0000e+000
2 +3.391572164e+001 +3.391572164e+001 +2.536572164e+001 +2.536572164e+001 +2.5237e+000 -2.7279e+000 -3.6332e+000
5 +3.074869967e+001 +3.074869967e+001 +2.219869967e+001 +2.219869967e+001 +2.5201e+000 -2.7255e+000 -3.6336e+000
8 +2.849771748e+001 +2.849771748e+001 +1.994771748e+001 +1.994771748e+001 +2.5185e+000 -2.7272e+000 -3.6331e+000
11 +2.716919564e+001 +2.716919564e+001 +1.861919564e+001 +1.861919564e+001 +2.5180e+000 -2.7268e+000 -3.6342e+000
12 +8.991853320e+000 +8.991853320e+000 +4.418533197e-001 +4.418533197e-001 +2.5017e+000 -2.7411e+000 -3.6322e+000
18 +8.307959613e+000 +8.307959613e+000 -2.420403868e-001 -2.420403868e-001 +2.5088e+000 -2.7602e+000 -3.6330e+000
39 +3.261150494e+000 +3.261150494e+000 -5.288849506e+000 -5.288849506e+000 +2.4871e+000 -2.7435e+000 -3.6336e+000
93 +2.927807438e+000 +2.927807438e+000 -5.622192562e+000 -5.622192562e+000 +2.4845e+000 -2.7474e+000 -3.6326e+000
98 +2.588969924e+000 +2.588969924e+000 -5.961030076e+000 -5.961030076e+000 +2.4854e+000 -2.7465e+000 -3.6336e+000
107 +2.445372743e+000 +2.445372743e+000 -6.104627257e+000 -6.104627257e+000 +2.4845e+000 -2.7463e+000 -3.6330e+000
117 +1.952450009e+000 +1.952450009e+000 -6.597549991e+000 -6.597549991e+000 +2.4855e+000 -2.7444e+000 -3.6330e+000
124 +1.927250450e+000 +1.927250450e+000 -6.622749550e+000 -6.622749550e+000 +2.4836e+000 -2.7450e+000 -3.6333e+000
148 +1.897914398e+000 +1.897914398e+000 -6.652085602e+000 -6.652085602e+000 +2.4835e+000 -2.7455e+000 -3.6333e+000
225 +1.761934434e+000 +1.761934434e+000 -6.788065566e+000 -6.788065566e+000 +2.4834e+000 -2.7450e+000 -3.6335e+000
229 +1.590498779e+000 +1.590498779e+000 -6.959501221e+000 -6.959501221e+000 +2.4835e+000 -2.7441e+000 -3.6335e+000
251 +1.507352450e+000 +1.507352450e+000 -7.042647550e+000 -7.042647550e+000 +2.4822e+000 -2.7433e+000 -3.6335e+000
274 +1.379968600e+000 +1.379968600e+000 -7.170031400e+000 -7.170031400e+000 +2.4828e+000 -2.7436e+000 -3.6338e+000
287 +1.341612504e+000 +1.341612504e+000 -7.208387496e+000 -7.208387496e+000 +2.4830e+000 -2.7436e+000 -3.6336e+000
369 +1.306610955e+000 +1.306610955e+000 -7.243389045e+000 -7.243389045e+000 +2.4829e+000 -2.7436e+000 -3.6336e+000
416 +1.285219480e+000 +1.285219480e+000 -7.264780520e+000 -7.264780520e+000 +2.4829e+000 -2.7436e+000 -3.6336e+000
% function evaluation | noise-free fitness - Fopt (-1.014500000000e+002) | best noise-free fitness - Fopt | measured fitness | best measured fitness | x1 | x2...
1 +4.482487590e+001 +4.482487590e+001 -5.662512410e+001 -5.662512410e+001 +0.0000e+000 +0.0000e+000 +0.0000e+000
2 +3.147948661e+001 +3.147948661e+001 -6.997051339e+001 -6.997051339e+001 -2.2031e+000 +4.9517e+000 +4.3273e+000
3 +2.505436246e+001 +2.505436246e+001 -7.639563754e+001 -7.639563754e+001 -2.2195e+000 +4.9502e+000 +4.3436e+000
6 +1.407801933e+001 +1.407801933e+001 -8.737198067e+001 -8.737198067e+001 -2.1941e+000 +4.9388e+000 +4.3359e+000
20 +1.233017749e+001 +1.233017749e+001 -8.911982251e+001 -8.911982251e+001 -2.1915e+000 +4.9430e+000 +4.3228e+000
22 +8.651060537e+000 +8.651060537e+000 -9.279893946e+001 -9.279893946e+001 -2.1782e+000 +4.9387e+000 +4.3430e+000
43 +7.713546699e+000 +7.713546699e+000 -9.373645330e+001 -9.373645330e+001 -2.1954e+000 +4.9284e+000 +4.3423e+000
50 +4.512392890e+000 +4.512392890e+000 -9.693760711e+001 -9.693760711e+001 -2.2208e+000 +4.9207e+000 +4.3378e+000
68 +3.242215879e+000 +3.242215879e+000 -9.820778412e+001 -9.820778412e+001 -2.2486e+000 +4.9032e+000 +4.3412e+000
82 +2.643844884e+000 +2.643844884e+000 -9.880615512e+001 -9.880615512e+001 -2.2228e+000 +4.9169e+000 +4.3386e+000
93 +2.320237742e+000 +2.320237742e+000 -9.912976226e+001 -9.912976226e+001 -2.2304e+000 +4.9075e+000 +4.3494e+000
106 +1.329989139e+000 +1.329989139e+000 -1.001200109e+002 -1.001200109e+002 -2.2629e+000 +4.9117e+000 +4.3127e+000
166 +1.014086445e+000 +1.014086445e+000 -1.004359136e+002 -1.004359136e+002 -2.2393e+000 +4.9038e+000 +4.3447e+000
179 +8.280650840e-001 +8.280650840e-001 -1.006219349e+002 -1.006219349e+002 -2.2450e+000 +4.9078e+000 +4.3354e+000
192 +6.283134418e-001 +6.283134418e-001 -1.008216866e+002 -1.008216866e+002 -2.2443e+000 +4.9077e+000 +4.3343e+000
206 +5.094903206e-001 +5.094903206e-001 -1.009405097e+002 -1.009405097e+002 -2.2442e+000 +4.9074e+000 +4.3359e+000
214 +4.069732390e-001 +4.069732390e-001 -1.010430268e+002 -1.010430268e+002 -2.2446e+000 +4.9074e+000 +4.3351e+000
229 +3.516544238e-001 +3.516544238e-001 -1.010983456e+002 -1.010983456e+002 -2.2445e+000 +4.9075e+000 +4.3353e+000
334 +3.306144442e-001 +3.306144442e-001 -1.011193856e+002 -1.011193856e+002 -2.2434e+000 +4.9070e+000 +4.3370e+000
