% function evaluation | noise-free fitness - Fopt (7.948000000000e+01) | best noise-free fitness - Fopt | measured fitness | best measured fitness | x1 | x2...
1 +1.926270080e+00 +1.926270080e+00 +8.140627008e+01 +8.140627008e+01 +0.0000e+00 +0.0000e+00 +0.0000e+00
327 +1.765342577e+00 +1.765342577e+00 +8.124534258e+01 +8.124534258e+01 +4.4870e-01 -9.8160e-01 +5.7841e-01
332 +6.200477690e-01 +6.200477690e-01 +8.010004777e+01 +8.010004777e+01 +3.7275e-01 -1.9000e+00 -4.9322e-01
349 +2.881616911e-01 +2.881616911e-01 +7.976816169e+01 +7.976816169e+01 -1.6620e-01 -9.5356e-01 -4.5699e-01
361 +7.508541280e-02 +7.508541280e-02 +7.955508541e+01 +7.955508541e+01 +4.3666e-01 -1.3502e+00 -6.6186e-01
377 +5.235942101e-02 +5.235942101e-02 +7.953235942e+01 +7.953235942e+01 +2.2436e-01 -1.0938e+00 -9.4213e-01
396 +3.404473047e-02 +3.404473047e-02 +7.951404473e+01 +7.951404473e+01 +2.5826e-01 -1.0052e+00 -8.2897e-01
408 +2.891436917e-02 +2.891436917e-02 +7.950891437e+01 +7.950891437e+01 +2.7032e-01 -1.0436e+00 -8.4968e-01
414 +1.741706383e-02 +1.741706383e-02 +7.949741706e+01 +7.949741706e+01 +1.8787e-01 -1.0537e+00 -7.7465e-01
428 +9.172579436e-03 +9.172579436e-03 +7.948917258e+01 +7.948917258e+01 +1.8599e-01 -1.1492e+00 -7.9221e-01
466 +8.006969929e-03 +8.006969929e-03 +7.948800697e+01 +7.948800697e+01 +2.2233e-01 -1.0826e+00 -7.6368e-01
483 +7.370305804e-03 +7.370305804e-03 +7.948737031e+01 +7.948737031e+01 +2.3012e-01 -1.0823e+00 -7.6006e-01
498 +5.830137417e-03 +5.830137417e-03 +7.948583014e+01 +7.948583014e+01 +2.2859e-01 -1.0900e+00 -7.5202e-01
520 +5.392116833e-03 +5.392116833e-03 +7.948539212e+01 +7.948539212e+01 +2.4922e-01 -1.0888e+00 -7.5159e-01
522 +4.687764684e-03 +4.687764684e-03 +7.948468776e+01 +7.948468776e+01 +2.6319e-01 -1.0959e+00 -7.5349e-01
535 +4.277888682e-03 +4.277888682e-03 +7.948427789e+01 +7.948427789e+01 +2.2915e-01 -1.1242e+00 -7.7555e-01
543 +3.607007716e-03 +3.607007716e-03 +7.948360701e+01 +7.948360701e+01 +2.4582e-01 -1.1038e+00 -7.5131e-01
546 +2.138759465e-03 +2.138759465e-03 +7.948213876e+01 +7.948213876e+01 +2.6117e-01 -1.1141e+00 -7.3962e-01
561 +1.164256500e-03 +1.164256500e-03 +7.948116426e+01 +7.948116426e+01 +2.4523e-01 -1.1235e+00 -7.2449e-01
607 +8.695478521e-04 +8.695478521e-04 +7.948086955e+01 +7.948086955e+01 +2.4969e-01 -1.1303e+00 -7.3646e-01
610 +7.083028466e-04 +7.083028466e-04 +7.948070830e+01 +7.948070830e+01 +2.4692e-01 -1.1319e+00 -7.1666e-01
621 +8.233454383e-05 +8.233454383e-05 +7.948008233e+01 +7.948008233e+01 +2.5042e-01 -1.1490e+00 -7.2009e-01
651 +5.082226289e-05 +5.082226289e-05 +7.948005082e+01 +7.948005082e+01 +2.4634e-01 -1.1547e+00 -7.2185e-01
677 +4.408471688e-05 +4.408471688e-05 +7.948004408e+01 +7.948004408e+01 +2.4764e-01 -1.1566e+00 -7.2818e-01
679 +2.384709349e-05 +2.384709349e-05 +7.948002385e+01 +7.948002385e+01 +2.4920e-01 -1.1536e+00 -7.2332e-01
697 +6.892113348e-06 +6.892113348e-06 +7.948000689e+01 +7.948000689e+01 +2.5092e-01 -1.1550e+00 -7.2404e-01
723 +5.807173366e-06 +5.807173366e-06 +7.948000581e+01 +7.948000581e+01 +2.5319e-01 -1.1545e+00 -7.2357e-01
727 +3.179667218e-06 +3.179667218e-06 +7.948000318e+01 +7.948000318e+01 +2.5453e-01 -1.1572e+00 -7.2397e-01
740 +2.286712231e-06 +2.286712231e-06 +7.948000229e+01 +7.948000229e+01 +2.5398e-01 -1.1559e+00 -7.2389e-01
741 +1.935181928e-06 +1.935181928e-06 +7.948000194e+01 +7.948000194e+01 +2.5385e-01 -1.1559e+00 -7.2378e-01
745 +4.092025705e-07 +4.092025705e-07 +7.948000041e+01 +7.948000041e+01 +2.5287e-01 -1.1562e+00 -7.2383e-01
755 +1.316855389e-07 +1.316855389e-07 +7.948000013e+01 +7.948000013e+01 +2.5291e-01 -1.1569e+00 -7.2369e-01
766 +6.561650423e-08 +6.561650423e-08 +7.948000007e+01 +7.948000007e+01 +2.5288e-01 -1.1570e+00 -7.2381e-01
812 +3.499042123e-08 +3.499042123e-08 +7.948000003e+01 +7.948000003e+01 +2.5274e-01 -1.1569e+00 -7.2383e-01
857 +2.996313242e-08 +2.996313242e-08 +7.948000003e+01 +7.948000003e+01 +2.5280e-01 -1.1568e+00 -7.2383e-01
% function evaluation | noise-free fitness - Fopt (3.944800000000e+02) | best noise-free fitness - Fopt | measured fitness | best measured fitness | x1 | x2...
1 +3.801018048e+01 +3.801018048e+01 +4.324901805e+02 +4.324901805e+02 +0.0000e+00 +0.0000e+00 +0.0000e+00
2 +2.176886110e+01 +2.176886110e+01 +4.162488611e+02 +4.162488611e+02 -6.5145e-01 -3.2092e-01 -1.6521e+00
49 +2.122689993e+01 +2.122689993e+01 +4.157068999e+02 +4.157068999e+02 -6.5433e-01 -4.1669e-01 -1.6614e+00
51 +2.086856520e+01 +2.086856520e+01 +4.153485652e+02 +4.153485652e+02 -6.5129e-01 -4.9055e-01 -1.6657e+00
64 +1.940061550e+01 +1.940061550e+01 +4.138806155e+02 +4.138806155e+02 -6.2008e-01 -8.2946e-01 -1.7034e+00
65 +1.764241543e+01 +1.764241543e+01 +4.121224154e+02 +4.121224154e+02 -1.2632e+00 -4.0624e-01 -1.6747e+00
66 +1.507473829e+01 +1.507473829e+01 +4.095547383e+02 +4.095547383e+02 -6.7660e-01 -3.2855e+00 -1.6720e+00
80 +1.445107514e+01 +1.445107514e+01 +4.089310751e+02 +4.089310751e+02 -7.5296e-01 -2.7610e+00 -1.6715e+00
82 +1.257522592e+01 +1.257522592e+01 +4.070552259e+02 +4.070552259e+02 -1.1837e+00 -2.0283e+00 -1.6899e+00
116 +1.009504046e+01 +1.009504046e+01 +4.045750405e+02 +4.045750405e+02 -2.5194e+00 -8.4089e-01 -1.8042e+00
124 +9.152338624e+00 +9.152338624e+00 +4.036323386e+02 +4.036323386e+02 -1.7086e+00 -3.1691e+00 -1.7337e+00
125 +7.753758064e+00 +7.753758064e+00 +4.022337581e+02 +4.022337581e+02 -1.9674e+00 -3.0935e+00 -1.8065e+00
144 +4.892437196e+00 +4.892437196e+00 +3.993724372e+02 +3.993724372e+02 -3.8239e+00 -2.0685e+00 -1.7502e+00
162 +4.589987772e+00 +4.589987772e+00 +3.990699878e+02 +3.990699878e+02 -3.3857e+00 -2.3722e+00 -1.7878e+00
170 +4.425740174e+00 +4.425740174e+00 +3.989057402e+02 +3.989057402e+02 -4.2948e+00 -2.7493e+00 -1.7412e+00
177 +4.036520243e+00 +4.036520243e+00 +3.985165202e+02 +3.985165202e+02 -3.9705e+00 -3.1328e+00 -1.8093e+00
192 +3.705045112e+00 +3.705045112e+00 +3.981850451e+02 +3.981850451e+02 -3.7732e+00 -2.9084e+00 -1.8817e+00
194 +2.282361061e+00 +2.282361061e+00 +3.967623611e+02 +3.967623611e+02 -2.6539e+00 -2.9659e+00 -2.9492e+00
205 +2.209381533e+00 +2.209381533e+00 +3.966893815e+02 +3.966893815e+02 -3.5132e+00 -2.8074e+00 -2.3692e+00
207 +3.428446276e-01 +3.428446276e-01 +3.948228446e+02 +3.948228446e+02 -3.3371e+00 -2.8650e+00 -3.6376e+00
216 +1.866010568e-01 +1.866010568e-01 +3.946666011e+02 +3.946666011e+02 -3.4967e+00 -2.7782e+00 -3.9150e+00
230 +9.717202756e-02 +9.717202756e-02 +3.945771720e+02 +3.945771720e+02 -4.0370e+00 -3.0507e+00 -3.5738e+00
243 +3.596125808e-02 +3.596125808e-02 +3.945159613e+02 +3.945159613e+02 -3.8396e+00 -2.9201e+00 -3.9802e+00
258 +3.497079803e-02 +3.497079803e-02 +3.945149708e+02 +3.945149708e+02 -3.7667e+00 -2.9918e+00 -3.7166e+00
278 +3.163297977e-02 +3.163297977e-02 +3.945116330e+02 +3.945116330e+02 -3.7513e+00 -2.9017e+00 -3.7030e+00
280 +6.182369642e-03 +6.182369642e-03 +3.944861824e+02 +3.944861824e+02 -3.8732e+00 -2.9449e+00 -3.8532e+00
305 +5.974868331e-03 +5.974868331e-03 +3.944859749e+02 +3.944859749e+02 -3.8389e+00 -2.9395e+00 -3.7968e+00
344 +4.319711526e-03 +4.319711526e-03 +3.944843197e+02 +3.944843197e+02 -3.8391e+00 -2.9129e+00 -3.8196e+00
351 +2.671370077e-03 +2.671370077e-03 +3.944826714e+02 +3.944826714e+02 -3.8510e+00 -2.9096e+00 -3.8102e+00
363 +1.996436821e-03 +1.996436821e-03 +3.944819964e+02 +3.944819964e+02 -3.8660e+00 -2.9148e+00 -3.7836e+00
364 +1.749745006e-03 +1.749745006e-03 +3.944817497e+02 +3.944817497e+02 -3.8606e+00 -2.9083e+00 -3.8003e+00
377 +1.116138183e-03 +1.116138183e-03 +3.944811161e+02 +3.944811161e+02 -3.8770e+00 -2.9156e+00 -3.7976e+00
399 +8.320091159e-04 +8.320091159e-04 +3.944808320e+02 +3.944808320e+02 -3.8850e+00 -2.9153e+00 -3.7966e+00
415 +5.271688508e-04 +5.271688508e-04 +3.944805272e+02 +3.944805272e+02 -3.8920e+00 -2.9108e+00 -3.7940e+00
426 +1.757453369e-04 +1.757453369e-04 +3.944801757e+02 +3.944801757e+02 -3.8938e+00 -2.8984e+00 -3.7929e+00
441 +8.613232177e-05 +8.613232177e-05 +3.944800861e+02 +3.944800861e+02 -3.8898e+00 -2.8912e+00 -3.7990e+00
455 +3.199608506e-05 +3.199608506e-05 +3.944800320e+02 +3.944800320e+02 -3.8963e+00 -2.8955e+00 -3.8035e+00
488 +2.761718804e-06 +2.761718804e-06 +3.944800028e+02 +3.944800028e+02 -3.8993e+00 -2.8908e+00 -3.8037e+00
572 +2.458557674e-06 +2.458557674e-06 +3.944800025e+02 +3.944800025e+02 -3.8998e+00 -2.8903e+00 -3.8017e+00
573 +2.068519450e-06 +2.068519450e-06 +3.944800021e+02 +3.944800021e+02 -3.8993e+00 -2.8893e+00 -3.8027e+00
577 +2.985905212e-07 +2.985905212e-07 +3.944800003e+02 +3.944800003e+02 -3.8986e+00 -2.8899e+00 -3.8025e+00
862 +2.488121709e-07 +2.488121709e-07 +3.944800002e+02 +3.944800002e+02 -3.8984e+00 -2.8899e+00 -3.8024e+00
885 +2.213241714e-07 +2.213241714e-07 +3.944800002e+02 +3.944800002e+02 -3.8984e+00 -2.8899e+00 -3.8024e+00
888 +2.170415883e-07 +2.170415883e-07 +3.944800002e+02 +3.944800002e+02 -3.8984e+00 -2.8899e+00 -3.8024e+00
% function evaluation | noise-free fitness - Fopt (-2.471100000000e+02) | best noise-free fitness - Fopt | measured fitness | best measured fitness | x1 | x2...
1 +1.494689024e+01 +1.494689024e+01 -2.321631098e+02 -2.321631098e+02 +0.0000e+00 +0.0000e+00 +0.0000e+00
154 +9.820919136e+00 +9.820919136e+00 -2.372890809e+02 -2.372890809e+02 -1.3343e+00 +1.4865e+00 +7.5878e-01
158 +7.069081107e+00 +7.069081107e+00 -2.400409189e+02 -2.400409189e+02 -4.2522e+00 +5.6274e-01 +1.9038e+00
170 +4.432357995e+00 +4.432357995e+00 -2.426776420e+02 -2.426776420e+02 -4.4242e+00 -1.5275e-01 +1.2872e+00
184 +1.571747980e+00 +1.571747980e+00 -2.455382520e+02 -2.455382520e+02 -4.0732e+00 +7.0859e-01 +4.2272e-01
240 +3.975150361e-01 +3.975150361e-01 -2.467124850e+02 -2.467124850e+02 -4.3747e+00 +1.7087e-01 -4.3756e-01
247 +1.906217676e-01 +1.906217676e-01 -2.469193782e+02 -2.469193782e+02 -4.0353e+00 -7.3032e-02 -4.4991e-01
259 +5.877388956e-02 +5.877388956e-02 -2.470512261e+02 -2.470512261e+02 -3.6936e+00 -1.1661e-02 -6.5092e-01
286 +4.250972610e-02 +4.250972610e-02 -2.470674903e+02 -2.470674903e+02 -3.7552e+00 +4.9777e-03 -7.2792e-01
316 +3.169845298e-02 +3.169845298e-02 -2.470783015e+02 -2.470783015e+02 -3.7571e+00 +5.6924e-02 -7.8391e-01
322 +2.400441532e-02 +2.400441532e-02 -2.470859956e+02 -2.470859956e+02 -3.6953e+00 +1.0814e-01 -7.5708e-01
332 +7.832500038e-03 +7.832500038e-03 -2.471021675e+02 -2.471021675e+02 -3.7514e+00 +2.7433e-01 -6.6752e-01
359 +3.793744307e-03 +3.793744307e-03 -2.471062063e+02 -2.471062063e+02 -3.7392e+00 +2.1922e-01 -6.9665e-01
377 +3.579680538e-03 +3.579680538e-03 -2.471064203e+02 -2.471064203e+02 -3.8064e+00 +1.7670e-01 -6.3816e-01
387 +3.034718310e-03 +3.034718310e-03 -2.471069653e+02 -2.471069653e+02 -3.7676e+00 +1.8104e-01 -6.5123e-01
406 +2.087487535e-03 +2.087487535e-03 -2.471079125e+02 -2.471079125e+02 -3.7820e+00 +1.7334e-01 -7.2167e-01
420 +8.806502388e-04 +8.806502388e-04 -2.471091193e+02 -2.471091193e+02 -3.7843e+00 +2.1632e-01 -6.6861e-01
454 +7.650838085e-04 +7.650838085e-04 -2.471092349e+02 -2.471092349e+02 -3.7818e+00 +1.8186e-01 -6.8533e-01
458 +4.284536668e-04 +4.284536668e-04 -2.471095715e+02 -2.471095715e+02 -3.7878e+00 +1.9111e-01 -6.7820e-01
463 +2.349766866e-04 +2.349766866e-04 -2.471097650e+02 -2.471097650e+02 -3.7861e+00 +1.9636e-01 -6.9729e-01
487 +1.590926679e-04 +1.590926679e-04 -2.471098409e+02 -2.471098409e+02 -3.7870e+00 +1.9876e-01 -6.8824e-01
511 +1.251272101e-04 +1.251272101e-04 -2.471098749e+02 -2.471098749e+02 -3.7993e+00 +2.0381e-01 -6.8007e-01
512 +2.395998104e-05 +2.395998104e-05 -2.471099760e+02 -2.471099760e+02 -3.8012e+00 +2.0367e-01 -6.9517e-01
530 +1.925325918e-05 +1.925325918e-05 -2.471099807e+02 -2.471099807e+02 -3.7991e+00 +1.9911e-01 -6.9264e-01
532 +6.654187388e-06 +6.654187388e-06 -2.471099933e+02 -2.471099933e+02 -3.7993e+00 +2.0344e-01 -6.9359e-01
552 +3.503919999e-06 +3.503919999e-06 -2.471099965e+02 -2.471099965e+02 -3.7987e+00 +2.0146e-01 -6.9058e-01
568 +3.217117239e-06 +3.217117239e-06 -2.471099968e+02 -2.471099968e+02 -3.7995e+00 +2.0183e-01 -6.9132e-01
579 +3.007168829e-06 +3.007168829e-06 -2.471099970e+02 -2.471099970e+02 -3.7988e+00 +2.0156e-01 -6.9163e-01
594 +2.221041314e-06 +2.221041314e-06 -2.471099978e+02 -2.471099978e+02 -3.7989e+00 +2.0182e-01 -6.9096e-01
597 +1.881328274e-06 +1.881328274e-06 -2.471099981e+02 -2.471099981e+02 -3.7982e+00 +2.0187e-01 -6.9097e-01
616 +8.994145446e-07 +8.994145446e-07 -2.471099991e+02 -2.471099991e+02 -3.7987e+00 +2.0233e-01 -6.9143e-01
621 +6.888832900e-07 +6.888832900e-07 -2.471099993e+02 -2.471099993e+02 -3.7987e+00 +2.0247e-01 -6.9139e-01
638 +6.212596873e-07 +6.212596873e-07 -2.471099994e+02 -2.471099994e+02 -3.7987e+00 +2.0248e-01 -6.9128e-01
643 +5.217055445e-07 +5.217055445e-07 -2.471099995e+02 -2.471099995e+02 -3.7977e+00 +2.0313e-01 -6.9120e-01
644 +4.998769043e-07 +4.998769043e-07 -2.471099995e+02 -2.471099995e+02 -3.7979e+00 +2.0351e-01 -6.9162e-01
645 +4.121763197e-07 +4.121763197e-07 -2.471099996e+02 -2.471099996e+02 -3.7981e+00 +2.0356e-01 -6.9166e-01
659 +1.123006825e-07 +1.123006825e-07 -2.471099999e+02 -2.471099999e+02 -3.7981e+00 +2.0305e-01 -6.9136e-01
663 +3.255621550e-08 +3.255621550e-08 -2.471100000e+02 -2.471100000e+02 -3.7983e+00 +2.0323e-01 -6.9135e-01
705 +1.122685944e-08 +1.122685944e-08 -2.471100000e+02 -2.471100000e+02 -3.7983e+00 +2.0327e-01 -6.9114e-01
708 +7.974563232e-09 +7.974563232e-09 -2.471100000e+02 -2.471100000e+02 -3.7984e+00 +2.0328e-01 -6.9118e-01
% function evaluation | noise-free fitness - Fopt (-1.520400000000e+02) | best noise-free fitness - Fopt | measured fitness | best measured fitness | x1 | x2...
1 +1.750322688e+01 +1.750322688e+01 -1.345367731e+02 -1.345367731e+02 +0.0000e+00 +0.0000e+00 +0.0000e+00
116 +1.145365435e+01 +1.145365435e+01 -1.405863456e+02 -1.405863456e+02 +1.2193e+00 +2.5737e+00 -1.1102e+00
167 +9.082268467e+00 +9.082268467e+00 -1.429577315e+02 -1.429577315e+02 +1.9811e-01 +2.1649e+00 -1.0409e+00
169 +4.861001653e+00 +4.861001653e+00 -1.471789983e+02 -1.471789983e+02 +7.9265e-02 +2.7306e+00 -2.1831e+00
183 +2.431846734e+00 +2.431846734e+00 -1.496081533e+02 -1.496081533e+02 +1.8852e-01 +2.3995e+00 -2.7968e+00
185 +2.149258387e+00 +2.149258387e+00 -1.498907416e+02 -1.498907416e+02 +2.7931e-01 +2.7433e+00 -4.2565e+00
198 +1.591943376e+00 +1.591943376e+00 -1.504480566e+02 -1.504480566e+02 +2.3762e-01 +1.8560e+00 -2.8522e+00
205 +1.198429215e+00 +1.198429215e+00 -1.508415708e+02 -1.508415708e+02 -4.4368e-01 +2.4790e+00 -4.1576e+00
232 +1.133392971e+00 +1.133392971e+00 -1.509066070e+02 -1.509066070e+02 +3.3744e-01 +2.2953e+00 -4.0180e+00
240 +1.035965549e+00 +1.035965549e+00 -1.510040345e+02 -1.510040345e+02 +1.8061e-01 +2.3234e+00 -4.0874e+00
247 +9.367721908e-01 +9.367721908e-01 -1.511032278e+02 -1.511032278e+02 +1.3922e-02 +2.2701e+00 -3.5482e+00
249 +9.119376417e-01 +9.119376417e-01 -1.511280624e+02 -1.511280624e+02 +5.0333e-02 +2.3139e+00 -4.0635e+00
258 +8.687167146e-01 +8.687167146e-01 -1.511712833e+02 -1.511712833e+02 +7.0466e-02 +2.2917e+00 -3.9681e+00
263 +7.699060705e-01 +7.699060705e-01 -1.512700939e+02 -1.512700939e+02 -6.6316e-01 +2.1869e+00 -3.7482e+00
276 +3.963737317e-01 +3.963737317e-01 -1.516436263e+02 -1.516436263e+02 -3.1877e-01 +2.0494e+00 -3.8735e+00
294 +3.257098440e-01 +3.257098440e-01 -1.517142902e+02 -1.517142902e+02 -3.1048e-02 +1.9435e+00 -3.9337e+00
318 +1.690151715e-02 +1.690151715e-02 -1.520230985e+02 -1.520230985e+02 -3.7412e-01 +1.4810e+00 -3.8776e+00
336 +1.315513654e-02 +1.315513654e-02 -1.520268449e+02 -1.520268449e+02 -3.2562e-01 +1.5144e+00 -3.8852e+00
364 +5.187941589e-03 +5.187941589e-03 -1.520348121e+02 -1.520348121e+02 -2.8311e-01 +1.3715e+00 -3.8781e+00
365 +4.768513931e-03 +4.768513931e-03 -1.520352315e+02 -1.520352315e+02 -3.1353e-01 +1.4024e+00 -3.8784e+00
374 +2.816482634e-03 +2.816482634e-03 -1.520371835e+02 -1.520371835e+02 -3.1178e-01 +1.4527e+00 -3.9223e+00
456 +2.085555783e-03 +2.085555783e-03 -1.520379144e+02 -1.520379144e+02 -2.4901e-01 +1.4218e+00 -3.8830e+00
460 +1.892656382e-03 +1.892656382e-03 -1.520381073e+02 -1.520381073e+02 -2.6468e-01 +1.4298e+00 -3.8818e+00
485 +1.837559493e-03 +1.837559493e-03 -1.520381624e+02 -1.520381624e+02 -2.6584e-01 +1.4322e+00 -3.8827e+00
493 +1.755235457e-03 +1.755235457e-03 -1.520382448e+02 -1.520382448e+02 -2.6438e-01 +1.4217e+00 -3.8831e+00
496 +7.493129481e-04 +7.493129481e-04 -1.520392507e+02 -1.520392507e+02 -2.7455e-01 +1.4211e+00 -3.8986e+00
510 +6.768797564e-04 +6.768797564e-04 -1.520393231e+02 -1.520393231e+02 -2.4571e-01 +1.4216e+00 -3.9103e+00
520 +4.384343348e-04 +4.384343348e-04 -1.520395616e+02 -1.520395616e+02 -2.5873e-01 +1.4431e+00 -3.9238e+00
538 +8.606787955e-05 +8.606787955e-05 -1.520399139e+02 -1.520399139e+02 -2.7165e-01 +1.4292e+00 -3.9185e+00
572 +1.401631013e-05 +1.401631013e-05 -1.520399860e+02 -1.520399860e+02 -2.6483e-01 +1.4218e+00 -3.9267e+00
589 +3.398005646e-06 +3.398005646e-06 -1.520399966e+02 -1.520399966e+02 -2.6611e-01 +1.4225e+00 -3.9250e+00
598 +3.189976326e-06 +3.189976326e-06 -1.520399968e+02 -1.520399968e+02 -2.6831e-01 +1.4240e+00 -3.9262e+00
648 +3.020599024e-07 +3.020599024e-07 -1.520399997e+02 -1.520399997e+02 -2.6667e-01 +1.4242e+00 -3.9248e+00
672 +1.566336323e-07 +1.566336323e-07 -1.520399998e+02 -1.520399998e+02 -2.6729e-01 +1.4239e+00 -3.9252e+00
714 +9.499663634e-08 +9.499663634e-08 -1.520399999e+02 -1.520399999e+02 -2.6747e-01 +1.4241e+00 -3.9247e+00
732 +5.104772072e-08 +5.104772072e-08 -1.520399999e+02 -1.520399999e+02 -2.6719e-01 +1.4240e+00 -3.9246e+00
737 +1.525975790e-08 +1.525975790e-08 -1.520400000e+02 -1.520400000e+02 -2.6720e-01 +1.4241e+00 -3.9247e+00
766 +2.834411816e-09 +2.834411816e-09 -1.520400000e+02 -1.520400000e+02 -2.6716e-01 +1.4240e+00 -3.9248e+00
% function evaluation | noise-free fitness - Fopt (-2.525000000000e+01) | best noise-free fitness - Fopt | measured fitness | best measured fitness | x1 | x2...
1 +1.548831296e+01 +1.548831296e+01 -9.761687040e+00 -9.761687040e+00 +0.0000e+00 +0.0000e+00 +0.0000e+00
2 +6.952557624e+00 +6.952557624e+00 -1.829744238e+01 -1.829744238e+01 +4.0780e+00 -6.1900e-01 -3.6942e+00
14 +6.859366324e+00 +6.859366324e+00 -1.839063368e+01 -1.839063368e+01 +4.0912e+00 -6.0654e-01 -3.6777e+00
18 +6.173286301e+00 +6.173286301e+00 -1.907671370e+01 -1.907671370e+01 +4.0703e+00 -5.8505e-01 -3.5373e+00
41 +6.117263547e+00 +6.117263547e+00 -1.913273645e+01 -1.913273645e+01 +4.1032e+00 -6.0490e-01 -3.5050e+00
56 +5.999178603e+00 +5.999178603e+00 -1.925082140e+01 -1.925082140e+01 +4.0862e+00 -6.0095e-01 -3.4828e+00
59 +2.376993612e+00 +2.376993612e+00 -2.287300639e+01 -2.287300639e+01 +4.0936e+00 -6.9118e-01 -7.9865e-01
64 +2.162885850e+00 +2.162885850e+00 -2.308711415e+01 -2.308711415e+01 +4.0672e+00 -5.4709e-01 -6.7321e-01
69 +1.825773586e+00 +1.825773586e+00 -2.342422641e+01 -2.342422641e+01 +4.1025e+00 -6.2460e-01 -1.4010e+00
81 +1.647774327e+00 +1.647774327e+00 -2.360222567e+01 -2.360222567e+01 +4.0950e+00 -4.7867e-01 -1.8412e+00
92 +1.368492668e+00 +1.368492668e+00 -2.388150733e+01 -2.388150733e+01 +4.0817e+00 -4.3691e-01 -1.3950e+00
95 +9.389621316e-01 +9.389621316e-01 -2.431103787e+01 -2.431103787e+01 +4.0937e+00 -1.4860e-01 -1.1135e+00
108 +5.491563942e-01 +5.491563942e-01 -2.470084361e+01 -2.470084361e+01 +4.0999e+00 +8.7183e-02 -1.5363e+00
118 +4.335136967e-01 +4.335136967e-01 -2.481648630e+01 -2.481648630e+01 +4.0495e+00 +2.0085e-01 -1.1860e+00
125 +3.963975857e-01 +3.963975857e-01 -2.485360241e+01 -2.485360241e+01 +4.0832e+00 +2.7193e-01 -1.2102e+00
128 +2.398029894e-01 +2.398029894e-01 -2.501019701e+01 -2.501019701e+01 +4.0701e+00 +6.9884e-01 -1.5891e+00
174 +2.178230112e-01 +2.178230112e-01 -2.503217699e+01 -2.503217699e+01 +3.9276e+00 +2.8933e-01 -1.4116e+00
196 +1.920789778e-01 +1.920789778e-01 -2.505792102e+01 -2.505792102e+01 +3.9706e+00 +4.3792e-01 -1.5838e+00
198 +1.476701171e-01 +1.476701171e-01 -2.510232988e+01 -2.510232988e+01 +3.9833e+00 +6.9749e-01 -1.5093e+00
202 +1.166414182e-01 +1.166414182e-01 -2.513335858e+01 -2.513335858e+01 +3.9419e+00 +6.5742e-01 -1.5160e+00
214 +5.627462784e-02 +5.627462784e-02 -2.519372537e+01 -2.519372537e+01 +3.8010e+00 +5.4595e-01 -1.5377e+00
237 +3.363718464e-02 +3.363718464e-02 -2.521636282e+01 -2.521636282e+01 +3.7653e+00 +6.2981e-01 -1.5256e+00
241 +2.690485021e-02 +2.690485021e-02 -2.522309515e+01 -2.522309515e+01 +3.7394e+00 +7.4105e-01 -1.4304e+00
247 +2.614233005e-02 +2.614233005e-02 -2.522385767e+01 -2.522385767e+01 +3.7430e+00 +6.8593e-01 -1.5055e+00
248 +2.179076082e-02 +2.179076082e-02 -2.522820924e+01 -2.522820924e+01 +3.6708e+00 +7.1982e-01 -1.5286e+00
253 +1.843529844e-02 +1.843529844e-02 -2.523156470e+01 -2.523156470e+01 +3.7293e+00 +5.8474e-01 -1.4734e+00
259 +1.012407803e-02 +1.012407803e-02 -2.523987592e+01 -2.523987592e+01 +3.5654e+00 +6.7315e-01 -1.5009e+00
264 +8.431679674e-03 +8.431679674e-03 -2.524156832e+01 -2.524156832e+01 +3.6737e+00 +6.2860e-01 -1.4914e+00
274 +6.068444678e-03 +6.068444678e-03 -2.524393156e+01 -2.524393156e+01 +3.6446e+00 +6.5257e-01 -1.4913e+00
282 +5.387048725e-03 +5.387048725e-03 -2.524461295e+01 -2.524461295e+01 +3.6341e+00 +6.0980e-01 -1.4876e+00
287 +5.269164086e-03 +5.269164086e-03 -2.524473084e+01 -2.524473084e+01 +3.5948e+00 +6.6026e-01 -1.4869e+00
288 +4.289881864e-03 +4.289881864e-03 -2.524571012e+01 -2.524571012e+01 +3.5999e+00 +6.2121e-01 -1.4839e+00
298 +3.726771112e-03 +3.726771112e-03 -2.524627323e+01 -2.524627323e+01 +3.6189e+00 +6.3410e-01 -1.4825e+00
310 +2.106931318e-03 +2.106931318e-03 -2.524789307e+01 -2.524789307e+01 +3.6060e+00 +6.3178e-01 -1.4666e+00
316 +1.850168382e-03 +1.850168382e-03 -2.524814983e+01 -2.524814983e+01 +3.6028e+00 +6.6276e-01 -1.4525e+00
317 +9.526789025e-04 +9.526789025e-04 -2.524904732e+01 -2.524904732e+01 +3.6012e+00 +6.5994e-01 -1.4345e+00
319 +7.899278091e-04 +7.899278091e-04 -2.524921007e+01 -2.524921007e+01 +3.6085e+00 +6.4825e-01 -1.4458e+00
330 +1.887814493e-04 +1.887814493e-04 -2.524981122e+01 -2.524981122e+01 +3.6033e+00 +6.4322e-01 -1.4225e+00
346 +1.666290565e-04 +1.666290565e-04 -2.524983337e+01 -2.524983337e+01 +3.6222e+00 +6.3635e-01 -1.4114e+00
348 +1.114472605e-04 +1.114472605e-04 -2.524988855e+01 -2.524988855e+01 +3.6138e+00 +6.4339e-01 -1.4150e+00
354 +9.818464646e-05 +9.818464646e-05 -2.524990182e+01 -2.524990182e+01 +3.6188e+00 +6.4140e-01 -1.4279e+00
362 +7.607356489e-05 +7.607356489e-05 -2.524992393e+01 -2.524992393e+01 +3.6106e+00 +6.3323e-01 -1.4292e+00
363 +4.012408539e-05 +4.012408539e-05 -2.524995988e+01 -2.524995988e+01 +3.6142e+00 +6.2909e-01 -1.4199e+00
387 +2.209606885e-05 +2.209606885e-05 -2.524997790e+01 -2.524997790e+01 +3.6142e+00 +6.3891e-01 -1.4245e+00
403 +1.482644713e-05 +1.482644713e-05 -2.524998517e+01 -2.524998517e+01 +3.6111e+00 +6.3627e-01 -1.4232e+00
406 +7.503520219e-06 +7.503520219e-06 -2.524999250e+01 -2.524999250e+01 +3.6136e+00 +6.3734e-01 -1.4201e+00
407 +2.632054954e-06 +2.632054954e-06 -2.524999737e+01 -2.524999737e+01 +3.6131e+00 +6.3612e-01 -1.4218e+00
476 +1.857721866e-06 +1.857721866e-06 -2.524999814e+01 -2.524999814e+01 +3.6141e+00 +6.3448e-01 -1.4227e+00
514 +1.232257038e-06 +1.232257038e-06 -2.524999877e+01 -2.524999877e+01 +3.6141e+00 +6.3508e-01 -1.4227e+00
517 +1.170782223e-06 +1.170782223e-06 -2.524999883e+01 -2.524999883e+01 +3.6134e+00 +6.3485e-01 -1.4220e+00
528 +1.018658885e-06 +1.018658885e-06 -2.524999898e+01 -2.524999898e+01 +3.6135e+00 +6.3487e-01 -1.4218e+00
541 +4.534913813e-07 +4.534913813e-07 -2.524999955e+01 -2.524999955e+01 +3.6139e+00 +6.3493e-01 -1.4220e+00
542 +3.783984290e-07 +3.783984290e-07 -2.524999962e+01 -2.524999962e+01 +3.6145e+00 +6.3560e-01 -1.4221e+00
546 +3.583271031e-07 +3.583271031e-07 -2.524999964e+01 -2.524999964e+01 +3.6143e+00 +6.3548e-01 -1.4221e+00
550 +7.733471818e-08 +7.733471818e-08 -2.524999992e+01 -2.524999992e+01 +3.6141e+00 +6.3522e-01 -1.4217e+00
626 +6.349115722e-08 +6.349115722e-08 -2.524999994e+01 -2.524999994e+01 +3.6143e+00 +6.3544e-01 -1.4217e+00
632 +5.199654751e-08 +5.199654751e-08 -2.524999995e+01 -2.524999995e+01 +3.6143e+00 +6.3503e-01 -1.4217e+00
634 +3.908732182e-08 +3.908732182e-08 -2.524999996e+01 -2.524999996e+01 +3.6144e+00 +6.3536e-01 -1.4215e+00
647 +2.716671688e-08 +2.716671688e-08 -2.524999997e+01 -2.524999997e+01 +3.6144e+00 +6.3511e-01 -1.4217e+00
651 +7.602722008e-09 +7.602722008e-09 -2.524999999e+01 -2.524999999e+01 +3.6144e+00 +6.3522e-01 -1.4217e+00
% function evaluation | noise-free fitness - Fopt (8.790000000000e+01) | best noise-free fitness - Fopt | measured fitness | best measured fitness | x1 | x2...
1 +1.260319488e+01 +1.260319488e+01 +1.005031949e+02 +1.005031949e+02 +0.0000e+00 +0.0000e+00 +0.0000e+00
121 +1.227459430e+01 +1.227459430e+01 +1.001745943e+02 +1.001745943e+02 -2.9477e+00 -3.8961e+00 +2.8921e+00
125 +1.056212773e+01 +1.056212773e+01 +9.846212773e+01 +9.846212773e+01 -2.6332e+00 -3.7238e+00 +2.6562e+00
134 +6.596317363e+00 +6.596317363e+00 +9.449631736e+01 +9.449631736e+01 -3.1793e+00 -3.6115e+00 +1.8449e+00
144 +4.714058546e+00 +4.714058546e+00 +9.261405855e+01 +9.261405855e+01 -3.3455e+00 -3.6955e+00 +7.3616e-01
179 +6.071427239e-01 +6.071427239e-01 +8.850714272e+01 +8.850714272e+01 -3.1721e+00 -1.7989e+00 +1.0189e+00
214 +5.553107142e-01 +5.553107142e-01 +8.845531071e+01 +8.845531071e+01 -2.9551e+00 -2.1991e+00 +6.3148e-01
232 +1.704133007e-01 +1.704133007e-01 +8.807041330e+01 +8.807041330e+01 -3.4556e+00 -1.6342e+00 +5.6036e-01
260 +7.573096816e-02 +7.573096816e-02 +8.797573097e+01 +8.797573097e+01 -2.9372e+00 -1.5448e+00 +1.2274e-01
370 +5.109560958e-02 +5.109560958e-02 +8.795109561e+01 +8.795109561e+01 -3.2995e+00 -1.7065e+00 +1.3632e-01
380 +3.389750271e-02 +3.389750271e-02 +8.793389750e+01 +8.793389750e+01 -3.2149e+00 -1.6208e+00 +9.6993e-02
381 +2.493956070e-02 +2.493956070e-02 +8.792493956e+01 +8.792493956e+01 -3.2174e+00 -1.7118e+00 +1.9556e-01
395 +1.377375341e-02 +1.377375341e-02 +8.791377375e+01 +8.791377375e+01 -3.1982e+00 -1.6873e+00 +2.2846e-01
403 +7.022866423e-03 +7.022866423e-03 +8.790702287e+01 +8.790702287e+01 -3.1585e+00 -1.5031e+00 +2.4439e-01
407 +8.068748645e-04 +8.068748645e-04 +8.790080687e+01 +8.790080687e+01 -3.1856e+00 -1.5955e+00 +2.8669e-01
451 +2.840133203e-04 +2.840133203e-04 +8.790028401e+01 +8.790028401e+01 -3.1754e+00 -1.5964e+00 +2.7300e-01
461 +2.541616695e-04 +2.541616695e-04 +8.790025416e+01 +8.790025416e+01 -3.1763e+00 -1.5842e+00 +2.8279e-01
467 +1.724935597e-04 +1.724935597e-04 +8.790017249e+01 +8.790017249e+01 -3.1630e+00 -1.5703e+00 +2.6665e-01
476 +1.029289777e-04 +1.029289777e-04 +8.790010293e+01 +8.790010293e+01 -3.1648e+00 -1.5850e+00 +2.8009e-01
482 +7.861622066e-05 +7.861622066e-05 +8.790007862e+01 +8.790007862e+01 -3.1626e+00 -1.5745e+00 +2.7140e-01
486 +1.340581534e-06 +1.340581534e-06 +8.790000134e+01 +8.790000134e+01 -3.1671e+00 -1.5827e+00 +2.7125e-01
561 +1.010967665e-06 +1.010967665e-06 +8.790000101e+01 +8.790000101e+01 -3.1655e+00 -1.5822e+00 +2.7009e-01
579 +2.871554727e-07 +2.871554727e-07 +8.790000029e+01 +8.790000029e+01 -3.1663e+00 -1.5827e+00 +2.6999e-01
607 +3.566503892e-08 +3.566503892e-08 +8.790000004e+01 +8.790000004e+01 -3.1663e+00 -1.5825e+00 +2.7033e-01
636 +2.232759755e-08 +2.232759755e-08 +8.790000002e+01 +8.790000002e+01 -3.1663e+00 -1.5824e+00 +2.7037e-01
641 +1.353342327e-08 +1.353342327e-08 +8.790000001e+01 +8.790000001e+01 -3.1663e+00 -1.5824e+00 +2.7049e-01
650 +1.173754072e-08 +1.173754072e-08 +8.790000001e+01 +8.790000001e+01 -3.1665e+00 -1.5823e+00 +2.7041e-01
659 +9.805631862e-10 +9.805631862e-10 +8.790000000e+01 +8.790000000e+01 -3.1664e+00 -1.5824e+00 +2.7038e-01
% function evaluation | noise-free fitness - Fopt (2.199800000000e+02) | best noise-free fitness - Fopt | measured fitness | best measured fitness | x1 | x2...
1 +1.523081856e+01 +1.523081856e+01 +2.352108186e+02 +2.352108186e+02 +0.0000e+00 +0.0000e+00 +0.0000e+00
224 +1.506910852e+01 +1.506910852e+01 +2.350491085e+02 +2.350491085e+02 -2.7933e+00 -3.8424e+00 -8.5298e-01
230 +1.455114520e+01 +1.455114520e+01 +2.345311452e+02 +2.345311452e+02 -2.5299e+00 -3.2838e+00 -1.4831e+00
236 +1.074627243e+01 +1.074627243e+01 +2.307262724e+02 +2.307262724e+02 -1.9511e+00 -3.7100e+00 -1.5620e+00
244 +5.403100172e+00 +5.403100172e+00 +2.253831002e+02 +2.253831002e+02 -1.0257e+00 -3.4713e+00 -1.2466e+00
257 +4.820067775e+00 +4.820067775e+00 +2.248000678e+02 +2.248000678e+02 -1.0653e+00 -3.1195e+00 -2.9359e-01
267 +2.443985301e+00 +2.443985301e+00 +2.224239853e+02 +2.224239853e+02 +6.1329e-01 -3.3435e+00 -1.6549e+00
276 +2.149840539e+00 +2.149840539e+00 +2.221298405e+02 +2.221298405e+02 -4.1642e-01 -3.5460e+00 -2.5709e-01
278 +1.982208475e+00 +1.982208475e+00 +2.219622085e+02 +2.219622085e+02 +1.9984e+00 -3.2612e+00 -1.1044e+00
280 +1.757447745e+00 +1.757447745e+00 +2.217374477e+02 +2.217374477e+02 -1.9802e-01 -3.6348e+00 -6.8206e-01
284 +1.426993290e+00 +1.426993290e+00 +2.214069933e+02 +2.214069933e+02 +1.9662e-01 -2.9176e+00 -6.2810e-02
288 +1.186818734e+00 +1.186818734e+00 +2.211668187e+02 +2.211668187e+02 +2.0268e+00 -3.3586e+00 -4.0991e-01
291 +7.086798949e-01 +7.086798949e-01 +2.206886799e+02 +2.206886799e+02 +5.3599e-01 -3.4051e+00 -7.8754e-01
296 +3.711006335e-01 +3.711006335e-01 +2.203511006e+02 +2.203511006e+02 +9.5290e-01 -3.1834e+00 -3.9394e-01
305 +1.569039948e-01 +1.569039948e-01 +2.201369040e+02 +2.201369040e+02 +1.1178e+00 -3.4646e+00 -4.6014e-01
337 +1.287874412e-01 +1.287874412e-01 +2.201087874e+02 +2.201087874e+02 +1.2634e+00 -3.5052e+00 -3.1794e-01
377 +1.207068950e-01 +1.207068950e-01 +2.201007069e+02 +2.201007069e+02 +9.9882e-01 -3.4476e+00 -3.6016e-01
383 +5.980594703e-02 +5.980594703e-02 +2.200398059e+02 +2.200398059e+02 +1.1391e+00 -3.5599e+00 -3.0510e-01
418 +2.141811595e-02 +2.141811595e-02 +2.200014181e+02 +2.200014181e+02 +1.1100e+00 -3.6760e+00 -1.1271e-01
437 +8.503914292e-03 +8.503914292e-03 +2.199885039e+02 +2.199885039e+02 +9.5330e-01 -3.7530e+00 -1.6210e-01
453 +5.063272324e-03 +5.063272324e-03 +2.199850633e+02 +2.199850633e+02 +1.0944e+00 -3.7513e+00 -1.7079e-01
470 +1.653719850e-03 +1.653719850e-03 +2.199816537e+02 +2.199816537e+02 +9.9724e-01 -3.7445e+00 -2.1989e-01
478 +1.142838155e-03 +1.142838155e-03 +2.199811428e+02 +2.199811428e+02 +1.0640e+00 -3.7512e+00 -1.9378e-01
483 +3.413983430e-04 +3.413983430e-04 +2.199803414e+02 +2.199803414e+02 +1.0476e+00 -3.7459e+00 -2.0435e-01
506 +1.750887067e-04 +1.750887067e-04 +2.199801751e+02 +2.199801751e+02 +1.0382e+00 -3.7564e+00 -1.9486e-01
522 +1.035687347e-04 +1.035687347e-04 +2.199801036e+02 +2.199801036e+02 +1.0417e+00 -3.7597e+00 -2.0134e-01
530 +7.700560820e-05 +7.700560820e-05 +2.199800770e+02 +2.199800770e+02 +1.0315e+00 -3.7613e+00 -1.9950e-01
545 +1.061205188e-05 +1.061205188e-05 +2.199800106e+02 +2.199800106e+02 +1.0340e+00 -3.7596e+00 -2.0468e-01
557 +4.723308678e-06 +4.723308678e-06 +2.199800047e+02 +2.199800047e+02 +1.0322e+00 -3.7590e+00 -2.0642e-01
581 +4.634053852e-06 +4.634053852e-06 +2.199800046e+02 +2.199800046e+02 +1.0332e+00 -3.7597e+00 -2.0769e-01
592 +4.187858423e-06 +4.187858423e-06 +2.199800042e+02 +2.199800042e+02 +1.0338e+00 -3.7585e+00 -2.0905e-01
608 +3.441599517e-06 +3.441599517e-06 +2.199800034e+02 +2.199800034e+02 +1.0331e+00 -3.7592e+00 -2.0647e-01
609 +2.121148867e-06 +2.121148867e-06 +2.199800021e+02 +2.199800021e+02 +1.0337e+00 -3.7590e+00 -2.0749e-01
632 +2.052357303e-06 +2.052357303e-06 +2.199800021e+02 +2.199800021e+02 +1.0332e+00 -3.7590e+00 -2.0726e-01
637 +9.215444265e-07 +9.215444265e-07 +2.199800009e+02 +2.199800009e+02 +1.0327e+00 -3.7579e+00 -2.0712e-01
641 +6.350919364e-07 +6.350919364e-07 +2.199800006e+02 +2.199800006e+02 +1.0339e+00 -3.7583e+00 -2.0691e-01
650 +2.507790100e-07 +2.507790100e-07 +2.199800003e+02 +2.199800003e+02 +1.0338e+00 -3.7572e+00 -2.0691e-01
670 +1.637732794e-07 +1.637732794e-07 +2.199800002e+02 +2.199800002e+02 +1.0332e+00 -3.7578e+00 -2.0719e-01
678 +1.315667362e-07 +1.315667362e-07 +2.199800001e+02 +2.199800001e+02 +1.0335e+00 -3.7573e+00 -2.0734e-01
683 +6.116056284e-08 +6.116056284e-08 +2.199800001e+02 +2.199800001e+02 +1.0337e+00 -3.7575e+00 -2.0741e-01
695 +4.971545309e-08 +4.971545309e-08 +2.199800000e+02 +2.199800000e+02 +1.0334e+00 -3.7576e+00 -2.0731e-01
697 +1.666904836e-09 +1.666904836e-09 +2.199800000e+02 +2.199800000e+02 +1.0336e+00 -3.7576e+00 -2.0723e-01
% function evaluation | noise-free fitness - Fopt (-2.784000000000e+01) | best noise-free fitness - Fopt | measured fitness | best measured fitness | x1 | x2...
1 +6.179761280e+00 +6.179761280e+00 -2.166023872e+01 -2.166023872e+01 +0.0000e+00 +0.0000e+00 +0.0000e+00
122 +2.092046712e+00 +2.092046712e+00 -2.574795329e+01 -2.574795329e+01 +1.0234e+00 +1.8411e+00 +5.7933e-01
139 +5.549731706e-01 +5.549731706e-01 -2.728502683e+01 -2.728502683e+01 -2.8104e-01 +2.3156e+00 +1.7971e+00
159 +2.255245337e-01 +2.255245337e-01 -2.761447547e+01 -2.761447547e+01 +1.6113e-02 +2.4799e+00 +1.3280e+00
175 +2.021597922e-01 +2.021597922e-01 -2.763784021e+01 -2.763784021e+01 -2.2188e-01 +2.6681e+00 +9.6721e-01
189 +5.410133950e-02 +5.410133950e-02 -2.778589866e+01 -2.778589866e+01 -6.9974e-02 +2.1667e+00 +9.9611e-01
206 +5.205007209e-02 +5.205007209e-02 -2.778794993e+01 -2.778794993e+01 -2.8336e-01 +2.4567e+00 +1.0173e+00
222 +7.663082762e-03 +7.663082762e-03 -2.783233692e+01 -2.783233692e+01 -3.1296e-01 +2.3108e+00 +1.0310e+00
304 +4.189892831e-03 +4.189892831e-03 -2.783581011e+01 -2.783581011e+01 -2.3085e-01 +2.2405e+00 +1.0221e+00
318 +4.016512107e-03 +4.016512107e-03 -2.783598349e+01 -2.783598349e+01 -2.3227e-01 +2.2197e+00 +1.0235e+00
329 +3.650402273e-03 +3.650402273e-03 -2.783634960e+01 -2.783634960e+01 -2.4759e-01 +2.2405e+00 +1.0100e+00
335 +2.733124941e-03 +2.733124941e-03 -2.783726688e+01 -2.783726688e+01 -3.2328e-01 +2.2638e+00 +1.0412e+00
338 +1.565245955e-03 +1.565245955e-03 -2.783843475e+01 -2.783843475e+01 -2.5238e-01 +2.2341e+00 +1.0342e+00
340 +1.079085402e-03 +1.079085402e-03 -2.783892091e+01 -2.783892091e+01 -2.7495e-01 +2.2354e+00 +1.0880e+00
350 +4.653872945e-04 +4.653872945e-04 -2.783953461e+01 -2.783953461e+01 -2.7046e-01 +2.2162e+00 +1.0538e+00
365 +2.427788174e-04 +2.427788174e-04 -2.783975722e+01 -2.783975722e+01 -2.7945e-01 +2.2268e+00 +1.0431e+00
381 +1.251440547e-04 +1.251440547e-04 -2.783987486e+01 -2.783987486e+01 -2.8153e-01 +2.2392e+00 +1.0489e+00
405 +4.403994430e-05 +4.403994430e-05 -2.783995596e+01 -2.783995596e+01 -2.8408e-01 +2.2280e+00 +1.0516e+00
417 +2.999750168e-05 +2.999750168e-05 -2.783997000e+01 -2.783997000e+01 -2.8446e-01 +2.2305e+00 +1.0515e+00
424 +9.566459610e-06 +9.566459610e-06 -2.783999043e+01 -2.783999043e+01 -2.8340e-01 +2.2295e+00 +1.0557e+00
441 +5.753790276e-06 +5.753790276e-06 -2.783999425e+01 -2.783999425e+01 -2.8401e-01 +2.2342e+00 +1.0575e+00
448 +2.932826394e-06 +2.932826394e-06 -2.783999707e+01 -2.783999707e+01 -2.8599e-01 +2.2325e+00 +1.0557e+00
449 +1.483940025e-06 +1.483940025e-06 -2.783999852e+01 -2.783999852e+01 -2.8458e-01 +2.2326e+00 +1.0558e+00
461 +1.286155104e-06 +1.286155104e-06 -2.783999871e+01 -2.783999871e+01 -2.8518e-01 +2.2330e+00 +1.0570e+00
503 +4.502974527e-07 +4.502974527e-07 -2.783999955e+01 -2.783999955e+01 -2.8500e-01 +2.2325e+00 +1.0564e+00
545 +4.259152497e-07 +4.259152497e-07 -2.783999957e+01 -2.783999957e+01 -2.8485e-01 +2.2327e+00 +1.0568e+00
557 +2.978589642e-07 +2.978589642e-07 -2.783999970e+01 -2.783999970e+01 -2.8488e-01 +2.2325e+00 +1.0570e+00
559 +1.160534211e-07 +1.160534211e-07 -2.783999988e+01 -2.783999988e+01 -2.8491e-01 +2.2323e+00 +1.0569e+00
572 +3.550886163e-08 +3.550886163e-08 -2.783999996e+01 -2.783999996e+01 -2.8485e-01 +2.2321e+00 +1.0569e+00
576 +2.241745989e-08 +2.241745989e-08 -2.783999998e+01 -2.783999998e+01 -2.8487e-01 +2.2321e+00 +1.0568e+00
578 +1.006616657e-08 +1.006616657e-08 -2.783999999e+01 -2.783999999e+01 -2.8482e-01 +2.2319e+00 +1.0568e+00
588 +7.609148867e-09 +7.609148867e-09 -2.783999999e+01 -2.783999999e+01 -2.8481e-01 +2.2321e+00 +1.0568e+00
% function evaluation | noise-free fitness - Fopt (2.027000000000e+01) | best noise-free fitness - Fopt | measured fitness | best measured fitness | x1 | x2...
1 +2.235283520e+01 +2.235283520e+01 +4.262283520e+01 +4.262283520e+01 +0.0000e+00 +0.0000e+00 +0.0000e+00
101 +1.541310414e+01 +1.541310414e+01 +3.568310414e+01 +3.568310414e+01 +2.4246e+00 +2.4381e+00 -1.9017e+00
121 +1.364391698e+01 +1.364391698e+01 +3.391391698e+01 +3.391391698e+01 +1.6921e+00 +2.3199e+00 -3.2714e+00
138 +1.255017876e+01 +1.255017876e+01 +3.282017876e+01 +3.282017876e+01 +3.4954e+00 +2.2643e+00 -2.5035e+00
160 +1.153709133e+01 +1.153709133e+01 +3.180709133e+01 +3.180709133e+01 +3.0011e+00 +2.2555e+00 -3.0531e+00
174 +1.118599283e+01 +1.118599283e+01 +3.145599283e+01 +3.145599283e+01 +3.0885e+00 +2.1232e+00 -4.2760e+00
184 +1.032334696e+01 +1.032334696e+01 +3.059334696e+01 +3.059334696e+01 +2.9155e+00 +2.0927e+00 -3.3917e+00
198 +7.495720779e+00 +7.495720779e+00 +2.776572078e+01 +2.776572078e+01 +3.2659e+00 +1.6075e+00 -3.5733e+00
228 +2.862080643e+00 +2.862080643e+00 +2.313208064e+01 +2.313208064e+01 +3.0265e+00 +5.2718e-01 -3.8471e+00
272 +2.720163903e+00 +2.720163903e+00 +2.299016390e+01 +2.299016390e+01 +2.4223e+00 +4.0572e-01 -3.2840e+00
302 +1.696288027e+00 +1.696288027e+00 +2.196628803e+01 +2.196628803e+01 +3.7005e+00 -6.8261e-02 -3.0662e+00
317 +1.233987975e+00 +1.233987975e+00 +2.150398798e+01 +2.150398798e+01 +3.2165e+00 -1.5984e-01 -3.9829e+00
338 +1.422826317e-01 +1.422826317e-01 +2.041228263e+01 +2.041228263e+01 +2.9579e+00 -1.0868e+00 -3.0826e+00
380 +1.341648423e-01 +1.341648423e-01 +2.040416484e+01 +2.040416484e+01 +3.0745e+00 -7.6119e-01 -3.5242e+00
382 +9.653865894e-02 +9.653865894e-02 +2.036653866e+01 +2.036653866e+01 +3.1035e+00 -8.7420e-01 -3.2718e+00
387 +2.548052207e-03 +2.548052207e-03 +2.027254805e+01 +2.027254805e+01 +3.0815e+00 -1.1193e+00 -3.4414e+00
454 +2.092950858e-03 +2.092950858e-03 +2.027209295e+01 +2.027209295e+01 +2.9932e+00 -1.1398e+00 -3.4415e+00
467 +6.516180602e-04 +6.516180602e-04 +2.027065162e+01 +2.027065162e+01 +3.0142e+00 -1.0993e+00 -3.4524e+00
556 +2.296245012e-04 +2.296245012e-04 +2.027022962e+01 +2.027022962e+01 +3.0309e+00 -1.1326e+00 -3.4498e+00
559 +1.674781586e-04 +1.674781586e-04 +2.027016748e+01 +2.027016748e+01 +3.0424e+00 -1.1122e+00 -3.4566e+00
580 +1.505460657e-04 +1.505460657e-04 +2.027015055e+01 +2.027015055e+01 +3.0304e+00 -1.1055e+00 -3.4500e+00
595 +9.852019377e-05 +9.852019377e-05 +2.027009852e+01 +2.027009852e+01 +3.0342e+00 -1.1137e+00 -3.4423e+00
597 +9.365649505e-05 +9.365649505e-05 +2.027009366e+01 +2.027009366e+01 +3.0293e+00 -1.1089e+00 -3.4480e+00
620 +5.377848437e-05 +5.377848437e-05 +2.027005378e+01 +2.027005378e+01 +3.0297e+00 -1.1120e+00 -3.4471e+00
622 +4.571870486e-05 +4.571870486e-05 +2.027004572e+01 +2.027004572e+01 +3.0268e+00 -1.1145e+00 -3.4482e+00
623 +3.443968836e-05 +3.443968836e-05 +2.027003444e+01 +2.027003444e+01 +3.0263e+00 -1.1168e+00 -3.4502e+00
632 +1.904207674e-05 +1.904207674e-05 +2.027001904e+01 +2.027001904e+01 +3.0286e+00 -1.1181e+00 -3.4539e+00
653 +9.592475987e-06 +9.592475987e-06 +2.027000959e+01 +2.027000959e+01 +3.0319e+00 -1.1151e+00 -3.4493e+00
672 +1.560846592e-06 +1.560846592e-06 +2.027000156e+01 +2.027000156e+01 +3.0329e+00 -1.1169e+00 -3.4507e+00
753 +6.390038081e-07 +6.390038081e-07 +2.027000064e+01 +2.027000064e+01 +3.0327e+00 -1.1175e+00 -3.4515e+00
772 +6.005463291e-07 +6.005463291e-07 +2.027000060e+01 +2.027000060e+01 +3.0316e+00 -1.1179e+00 -3.4518e+00
779 +3.663041070e-08 +3.663041070e-08 +2.027000004e+01 +2.027000004e+01 +3.0321e+00 -1.1177e+00 -3.4511e+00
830 +1.636244207e-08 +1.636244207e-08 +2.027000002e+01 +2.027000002e+01 +3.0319e+00 -1.1176e+00 -3.4513e+00
846 +1.500598046e-08 +1.500598046e-08 +2.027000002e+01 +2.027000002e+01 +3.0319e+00 -1.1177e+00 -3.4513e+00
848 +1.461768662e-08 +1.461768662e-08 +2.027000001e+01 +2.027000001e+01 +3.0321e+00 -1.1176e+00 -3.4511e+00
861 +7.533397905e-09 +7.533397905e-09 +2.027000001e+01 +2.027000001e+01 +3.0320e+00 -1.1177e+00 -3.4513e+00
% function evaluation | noise-free fitness - Fopt (9.302900000000e+02) | best noise-free fitness - Fopt | measured fitness | best measured fitness | x1 | x2...
1 +1.602589440e+01 +1.602589440e+01 +9.463158944e+02 +9.463158944e+02 +0.0000e+00 +0.0000e+00 +0.0000e+00
171 +1.097601722e+01 +1.097601722e+01 +9.412660172e+02 +9.412660172e+02 +1.3984e+00 -1.5096e+00 -2.2133e+00
175 +1.037969589e+01 +1.037969589e+01 +9.406696959e+02 +9.406696959e+02 +6.3340e-01 -2.2139e+00 -1.5084e+00
180 +8.789875028e+00 +8.789875028e+00 +9.390798750e+02 +9.390798750e+02 +8.8946e-01 -2.2272e+00 -2.4368e+00
186 +4.081114374e+00 +4.081114374e+00 +9.343711144e+02 +9.343711144e+02 +1.6520e-01 -1.7051e+00 -4.1955e+00
197 +2.812377706e+00 +2.812377706e+00 +9.331023777e+02 +9.331023777e+02 -1.6839e+00 -2.4622e+00 -4.4262e+00
201 +2.550503681e+00 +2.550503681e+00 +9.328405037e+02 +9.328405037e+02 -6.2913e-01 -2.2262e+00 -3.9675e+00
203 +5.732867123e-01 +5.732867123e-01 +9.308632867e+02 +9.308632867e+02 -1.5412e+00 -9.4025e-01 -2.7597e+00
243 +1.496968940e-01 +1.496968940e-01 +9.304396969e+02 +9.304396969e+02 -1.7212e+00 -6.9542e-01 -3.5638e+00
258 +1.050493979e-01 +1.050493979e-01 +9.303950494e+02 +9.303950494e+02 -1.7140e+00 -1.2133e+00 -3.7746e+00
264 +3.924118075e-02 +3.924118075e-02 +9.303292412e+02 +9.303292412e+02 -1.6916e+00 -9.6873e-01 -3.6610e+00
275 +2.405339497e-02 +2.405339497e-02 +9.303140534e+02 +9.303140534e+02 -1.6481e+00 -1.0469e+00 -3.6541e+00
291 +2.367591095e-02 +2.367591095e-02 +9.303136759e+02 +9.303136759e+02 -1.7208e+00 -9.5104e-01 -3.5326e+00
310 +1.782511838e-02 +1.782511838e-02 +9.303078251e+02 +9.303078251e+02 -1.6527e+00 -1.0464e+00 -3.6308e+00
316 +1.355775909e-02 +1.355775909e-02 +9.303035578e+02 +9.303035578e+02 -1.7192e+00 -1.0578e+00 -3.5643e+00
322 +9.967612402e-03 +9.967612402e-03 +9.302999676e+02 +9.302999676e+02 -1.7049e+00 -1.0816e+00 -3.4516e+00
343 +5.424240225e-03 +5.424240225e-03 +9.302954242e+02 +9.302954242e+02 -1.5981e+00 -1.0175e+00 -3.5548e+00
347 +1.212450279e-03 +1.212450279e-03 +9.302912125e+02 +9.302912125e+02 -1.6085e+00 -1.0421e+00 -3.4783e+00
364 +5.552865446e-04 +5.552865446e-04 +9.302905553e+02 +9.302905553e+02 -1.5984e+00 -1.0634e+00 -3.4952e+00
377 +2.984106914e-05 +2.984106914e-05 +9.302900298e+02 +9.302900298e+02 -1.6196e+00 -1.0610e+00 -3.5068e+00
413 +3.274495384e-06 +3.274495384e-06 +9.302900033e+02 +9.302900033e+02 -1.6199e+00 -1.0645e+00 -3.5039e+00
428 +2.383739229e-06 +2.383739229e-06 +9.302900024e+02 +9.302900024e+02 -1.6218e+00 -1.0650e+00 -3.5030e+00
474 +1.887849066e-06 +1.887849066e-06 +9.302900019e+02 +9.302900019e+02 -1.6210e+00 -1.0628e+00 -3.5030e+00
499 +1.264201615e-06 +1.264201615e-06 +9.302900013e+02 +9.302900013e+02 -1.6202e+00 -1.0638e+00 -3.5034e+00
527 +1.029505029e-06 +1.029505029e-06 +9.302900010e+02 +9.302900010e+02 -1.6206e+00 -1.0632e+00 -3.5030e+00
532 +1.002037834e-06 +1.002037834e-06 +9.302900010e+02 +9.302900010e+02 -1.6204e+00 -1.0634e+00 -3.5030e+00
538 +6.619449096e-07 +6.619449096e-07 +9.302900007e+02 +9.302900007e+02 -1.6204e+00 -1.0635e+00 -3.5030e+00
557 +5.923651543e-07 +5.923651543e-07 +9.302900006e+02 +9.302900006e+02 -1.6204e+00 -1.0641e+00 -3.5030e+00
560 +4.600226475e-07 +4.600226475e-07 +9.302900005e+02 +9.302900005e+02 -1.6204e+00 -1.0640e+00 -3.5030e+00
571 +3.744092965e-07 +3.744092965e-07 +9.302900004e+02 +9.302900004e+02 -1.6205e+00 -1.0637e+00 -3.5028e+00
575 +2.963730594e-07 +2.963730594e-07 +9.302900003e+02 +9.302900003e+02 -1.6205e+00 -1.0639e+00 -3.5029e+00
588 +2.069918992e-07 +2.069918992e-07 +9.302900002e+02 +9.302900002e+02 -1.6206e+00 -1.0640e+00 -3.5020e+00
590 +1.411000312e-07 +1.411000312e-07 +9.302900001e+02 +9.302900001e+02 -1.6205e+00 -1.0639e+00 -3.5027e+00
607 +9.162590686e-09 +9.162590686e-09 +9.302900000e+02 +9.302900000e+02 -1.6209e+00 -1.0640e+00 -3.5023e+00
% function evaluation | noise-free fitness - Fopt (7.786100000000e+02) | best noise-free fitness - Fopt | measured fitness | best measured fitness | x1 | x2...
1 +3.742419584e+01 +3.742419584e+01 +8.160341958e+02 +8.160341958e+02 +0.0000e+00 +0.0000e+00 +0.0000e+00
77 +1.856262111e+01 +1.856262111e+01 +7.971726211e+02 +7.971726211e+02 -8.0155e+00 -3.7225e+00 -1.8286e+00
87 +1.084112683e+01 +1.084112683e+01 +7.894511268e+02 +7.894511268e+02 -6.9438e-01 -3.7466e+00 -1.8644e+00
92 +2.795195696e+00 +2.795195696e+00 +7.814051957e+02 +7.814051957e+02 -5.1591e+00 -3.6586e+00 -1.8521e+00
93 +2.522273483e+00 +2.522273483e+00 +7.811322735e+02 +7.811322735e+02 -2.7432e+00 -3.2517e+00 -1.8498e+00
94 +1.334867872e+00 +1.334867872e+00 +7.799448679e+02 +7.799448679e+02 -4.4955e+00 -3.7131e+00 -1.9169e+00
95 +1.232885451e+00 +1.232885451e+00 +7.798428855e+02 +7.798428855e+02 -3.6924e+00 -3.7261e+00 -1.7599e+00
96 +1.091319416e+00 +1.091319416e+00 +7.797013194e+02 +7.797013194e+02 -4.0802e+00 -3.6693e+00 -1.8534e+00
118 +7.884729543e-01 +7.884729543e-01 +7.793984730e+02 +7.793984730e+02 -3.2499e+00 -3.6950e+00 -2.1989e+00
130 +7.496823941e-01 +7.496823941e-01 +7.793596824e+02 +7.793596824e+02 -4.2058e+00 -3.6623e+00 -2.0917e+00
171 +7.323429088e-01 +7.323429088e-01 +7.793423429e+02 +7.793423429e+02 -3.5750e+00 -3.7077e+00 -2.0489e+00
185 +4.914214863e-01 +4.914214863e-01 +7.791014215e+02 +7.791014215e+02 -3.4559e+00 -3.7508e+00 -2.2702e+00
199 +3.232156487e-01 +3.232156487e-01 +7.789332156e+02 +7.789332156e+02 -4.1314e+00 -3.7418e+00 -2.3796e+00
205 +2.210847224e-01 +2.210847224e-01 +7.788310847e+02 +7.788310847e+02 -3.8526e+00 -3.7402e+00 -2.3941e+00
243 +1.840343713e-01 +1.840343713e-01 +7.787940344e+02 +7.787940344e+02 -3.6895e+00 -3.8617e+00 -2.4557e+00
248 +1.612629409e-01 +1.612629409e-01 +7.787712629e+02 +7.787712629e+02 -3.8391e+00 -3.8494e+00 -2.4574e+00
263 +6.497465235e-02 +6.497465235e-02 +7.786749747e+02 +7.786749747e+02 -3.7130e+00 -3.8680e+00 -2.6385e+00
265 +3.724664606e-02 +3.724664606e-02 +7.786472466e+02 +7.786472466e+02 -3.7841e+00 -3.8639e+00 -2.6769e+00
286 +4.632190715e-03 +4.632190715e-03 +7.786146322e+02 +7.786146322e+02 -3.8751e+00 -3.8615e+00 -2.8286e+00
288 +2.041327553e-03 +2.041327553e-03 +7.786120413e+02 +7.786120413e+02 -3.8450e+00 -3.8603e+00 -2.8574e+00
295 +1.241333208e-03 +1.241333208e-03 +7.786112413e+02 +7.786112413e+02 -3.8268e+00 -3.8512e+00 -2.8623e+00
521 +1.118444669e-03 +1.118444669e-03 +7.786111184e+02 +7.786111184e+02 -3.8317e+00 -3.8500e+00 -2.8611e+00
523 +9.548812860e-04 +9.548812860e-04 +7.786109549e+02 +7.786109549e+02 -3.8299e+00 -3.8475e+00 -2.8565e+00
545 +4.398034139e-04 +4.398034139e-04 +7.786104398e+02 +7.786104398e+02 -3.8336e+00 -3.8247e+00 -2.8382e+00
561 +3.300029722e-04 +3.300029722e-04 +7.786103300e+02 +7.786103300e+02 -3.8279e+00 -3.8196e+00 -2.8403e+00
572 +2.452830086e-05 +2.452830086e-05 +7.786100245e+02 +7.786100245e+02 -3.8288e+00 -3.8170e+00 -2.8547e+00
612 +2.115091127e-05 +2.115091127e-05 +7.786100212e+02 +7.786100212e+02 -3.8336e+00 -3.8208e+00 -2.8556e+00
625 +1.500428971e-05 +1.500428971e-05 +7.786100150e+02 +7.786100150e+02 -3.8320e+00 -3.8187e+00 -2.8543e+00
633 +7.401941730e-06 +7.401941730e-06 +7.786100074e+02 +7.786100074e+02 -3.8305e+00 -3.8183e+00 -2.8577e+00
639 +5.873020086e-06 +5.873020086e-06 +7.786100059e+02 +7.786100059e+02 -3.8330e+00 -3.8187e+00 -2.8561e+00
652 +3.293503596e-06 +3.293503596e-06 +7.786100033e+02 +7.786100033e+02 -3.8320e+00 -3.8182e+00 -2.8585e+00
666 +2.510721401e-06 +2.510721401e-06 +7.786100025e+02 +7.786100025e+02 -3.8321e+00 -3.8181e+00 -2.8580e+00
684 +5.668454151e-07 +5.668454151e-07 +7.786100006e+02 +7.786100006e+02 -3.8325e+00 -3.8175e+00 -2.8576e+00
744 +3.083557658e-07 +3.083557658e-07 +7.786100003e+02 +7.786100003e+02 -3.8331e+00 -3.8172e+00 -2.8573e+00
759 +2.321978627e-07 +2.321978627e-07 +7.786100002e+02 +7.786100002e+02 -3.8325e+00 -3.8170e+00 -2.8573e+00
760 +1.902966460e-07 +1.902966460e-07 +7.786100002e+02 +7.786100002e+02 -3.8327e+00 -3.8171e+00 -2.8579e+00
774 +1.849052751e-07 +1.849052751e-07 +7.786100002e+02 +7.786100002e+02 -3.8329e+00 -3.8172e+00 -2.8576e+00
778 +1.442384701e-07 +1.442384701e-07 +7.786100001e+02 +7.786100001e+02 -3.8329e+00 -3.8169e+00 -2.8580e+00
779 +1.142886958e-07 +1.142886958e-07 +7.786100001e+02 +7.786100001e+02 -3.8325e+00 -3.8169e+00 -2.8577e+00
787 +8.440906640e-08 +8.440906640e-08 +7.786100001e+02 +7.786100001e+02 -3.8329e+00 -3.8168e+00 -2.8579e+00
789 +7.097003163e-08 +7.097003163e-08 +7.786100001e+02 +7.786100001e+02 -3.8328e+00 -3.8169e+00 -2.8578e+00
790 +6.240657058e-08 +6.240657058e-08 +7.786100001e+02 +7.786100001e+02 -3.8327e+00 -3.8170e+00 -2.8577e+00
794 +3.189404651e-08 +3.189404651e-08 +7.786100000e+02 +7.786100000e+02 -3.8329e+00 -3.8169e+00 -2.8577e+00
795 +2.900981144e-08 +2.900981144e-08 +7.786100000e+02 +7.786100000e+02 -3.8328e+00 -3.8169e+00 -2.8577e+00
858 +2.283957201e-08 +2.283957201e-08 +7.786100000e+02 +7.786100000e+02 -3.8328e+00 -3.8169e+00 -2.8576e+00
860 +2.069998573e-08 +2.069998573e-08 +7.786100000e+02 +7.786100000e+02 -3.8327e+00 -3.8169e+00 -2.8577e+00
888 +1.592854915e-08 +1.592854915e-08 +7.786100000e+02 +7.786100000e+02 -3.8328e+00 -3.8169e+00 -2.8576e+00
% function evaluation | noise-free fitness - Fopt (-2.051000000000e+01) | best noise-free fitness - Fopt | measured fitness | best measured fitness | x1 | x2...
1 +2.135115008e+01 +2.135115008e+01 +8.411500800e-01 +8.411500800e-01 +0.0000e+00 +0.0000e+00 +0.0000e+00
106 +1.391737146e+01 +1.391737146e+01 -6.592628539e+00 -6.592628539e+00 -5.1669e-01 +6.9215e-01 +4.6657e+00
115 +1.219481052e+01 +1.219481052e+01 -8.315189484e+00 -8.315189484e+00 -6.6328e-01 +2.5625e+00 +4.6628e+00
119 +8.894697859e+00 +8.894697859e+00 -1.161530214e+01 -1.161530214e+01 -1.3999e+00 +2.6549e+00 +4.6623e+00
153 +8.534100159e+00 +8.534100159e+00 -1.197589984e+01 -1.197589984e+01 -1.3353e+00 +1.7424e+00 +4.6591e+00
159 +8.308678010e+00 +8.308678010e+00 -1.220132199e+01 -1.220132199e+01 -1.5272e+00 +1.2190e+00 +4.6855e+00
187 +8.017084926e+00 +8.017084926e+00 -1.249291507e+01 -1.249291507e+01 -1.4821e+00 +1.7508e+00 +4.6730e+00
205 +7.269226243e+00 +7.269226243e+00 -1.324077376e+01 -1.324077376e+01 -1.6639e+00 +1.6485e+00 +4.6418e+00
268 +4.704347450e+00 +4.704347450e+00 -1.580565255e+01 -1.580565255e+01 -2.5943e+00 +1.3412e+00 +4.5187e+00
273 +4.645473519e+00 +4.645473519e+00 -1.586452648e+01 -1.586452648e+01 -2.4408e+00 +1.8263e+00 +4.5076e+00
305 +4.130698075e+00 +4.130698075e+00 -1.637930193e+01 -1.637930193e+01 -3.8808e+00 +1.6876e+00 +4.5172e+00
318 +3.859090100e+00 +3.859090100e+00 -1.665090990e+01 -1.665090990e+01 -3.4708e+00 +1.6464e+00 +4.5090e+00
321 +3.634544464e+00 +3.634544464e+00 -1.687545554e+01 -1.687545554e+01 -3.4378e+00 +2.2018e+00 +4.4354e+00
324 +3.003381651e+00 +3.003381651e+00 -1.750661835e+01 -1.750661835e+01 -3.1925e+00 +2.0420e+00 +4.2757e+00
332 +2.659936342e+00 +2.659936342e+00 -1.785006366e+01 -1.785006366e+01 -3.2135e+00 +2.0521e+00 +4.1735e+00
339 +1.565236970e+00 +1.565236970e+00 -1.894476303e+01 -1.894476303e+01 -3.4880e+00 +1.8452e+00 +3.8047e+00
353 +1.097954083e+00 +1.097954083e+00 -1.941204592e+01 -1.941204592e+01 -2.6491e+00 +2.1386e+00 +3.2772e+00
362 +4.448097247e-01 +4.448097247e-01 -2.006519028e+01 -2.006519028e+01 -2.7211e+00 +1.8961e+00 +2.7380e+00
363 +3.494490311e-01 +3.494490311e-01 -2.016055097e+01 -2.016055097e+01 -3.0630e+00 +1.3706e+00 +2.6730e+00
367 +2.600498331e-01 +2.600498331e-01 -2.024995017e+01 -2.024995017e+01 -3.0343e+00 +2.0165e+00 +2.9200e+00
383 +1.278601893e-01 +1.278601893e-01 -2.038213981e+01 -2.038213981e+01 -3.0484e+00 +1.9848e+00 +2.4379e+00
427 +1.218880865e-01 +1.218880865e-01 -2.038811191e+01 -2.038811191e+01 -3.0452e+00 +1.9292e+00 +2.6901e+00
444 +1.032751665e-01 +1.032751665e-01 -2.040672483e+01 -2.040672483e+01 -3.1224e+00 +2.0289e+00 +2.6983e+00
445 +7.458924529e-02 +7.458924529e-02 -2.043541075e+01 -2.043541075e+01 -3.1161e+00 +1.9437e+00 +2.6477e+00
459 +5.866743628e-02 +5.866743628e-02 -2.045133256e+01 -2.045133256e+01 -3.1545e+00 +1.9811e+00 +2.5137e+00
467 +5.248919813e-02 +5.248919813e-02 -2.045751080e+01 -2.045751080e+01 -3.2002e+00 +1.8015e+00 +2.4130e+00
469 +2.720865930e-02 +2.720865930e-02 -2.048279134e+01 -2.048279134e+01 -3.2245e+00 +1.8381e+00 +2.6443e+00
483 +5.598307120e-03 +5.598307120e-03 -2.050440169e+01 -2.050440169e+01 -3.3758e+00 +1.9408e+00 +2.5560e+00
536 +4.746672062e-03 +4.746672062e-03 -2.050525333e+01 -2.050525333e+01 -3.2950e+00 +1.8708e+00 +2.5694e+00
551 +1.507972758e-03 +1.507972758e-03 -2.050849203e+01 -2.050849203e+01 -3.3294e+00 +1.8863e+00 +2.5604e+00
558 +3.141880384e-04 +3.141880384e-04 -2.050968581e+01 -2.050968581e+01 -3.3550e+00 +1.8716e+00 +2.5751e+00
577 +9.641103340e-05 +9.641103340e-05 -2.050990359e+01 -2.050990359e+01 -3.3627e+00 +1.8634e+00 +2.5690e+00
585 +7.418147856e-05 +7.418147856e-05 -2.050992582e+01 -2.050992582e+01 -3.3633e+00 +1.8742e+00 +2.5651e+00
602 +3.445153352e-05 +3.445153352e-05 -2.050996555e+01 -2.050996555e+01 -3.3608e+00 +1.8684e+00 +2.5652e+00
655 +3.001304870e-05 +3.001304870e-05 -2.050996999e+01 -2.050996999e+01 -3.3624e+00 +1.8684e+00 +2.5653e+00
667 +1.759909467e-05 +1.759909467e-05 -2.050998240e+01 -2.050998240e+01 -3.3625e+00 +1.8690e+00 +2.5637e+00
696 +9.379643846e-06 +9.379643846e-06 -2.050999062e+01 -2.050999062e+01 -3.3648e+00 +1.8658e+00 +2.5622e+00
732 +5.522346495e-06 +5.522346495e-06 -2.050999448e+01 -2.050999448e+01 -3.3640e+00 +1.8673e+00 +2.5622e+00
738 +5.036286527e-06 +5.036286527e-06 -2.050999496e+01 -2.050999496e+01 -3.3634e+00 +1.8671e+00 +2.5622e+00
751 +4.613893584e-06 +4.613893584e-06 -2.050999539e+01 -2.050999539e+01 -3.3630e+00 +1.8674e+00 +2.5621e+00
753 +3.003339287e-06 +3.003339287e-06 -2.050999700e+01 -2.050999700e+01 -3.3634e+00 +1.8674e+00 +2.5617e+00
767 +1.620510250e-06 +1.620510250e-06 -2.050999838e+01 -2.050999838e+01 -3.3630e+00 +1.8674e+00 +2.5612e+00
772 +2.654580129e-07 +2.654580129e-07 -2.050999973e+01 -2.050999973e+01 -3.3631e+00 +1.8668e+00 +2.5603e+00
778 +2.419496923e-07 +2.419496923e-07 -2.050999976e+01 -2.050999976e+01 -3.3627e+00 +1.8674e+00 +2.5600e+00
788 +3.395548376e-08 +3.395548376e-08 -2.050999997e+01 -2.050999997e+01 -3.3630e+00 +1.8673e+00 +2.5600e+00
829 +2.524257425e-08 +2.524257425e-08 -2.050999997e+01 -2.050999997e+01 -3.3631e+00 +1.8671e+00 +2.5599e+00
843 +2.016809830e-08 +2.016809830e-08 -2.050999998e+01 -2.050999998e+01 -3.3632e+00 +1.8671e+00 +2.5600e+00
858 +1.246397119e-08 +1.246397119e-08 -2.050999999e+01 -2.050999999e+01 -3.3631e+00 +1.8671e+00 +2.5600e+00
875 +1.110905146e-08 +1.110905146e-08 -2.050999999e+01 -2.050999999e+01 -3.3631e+00 +1.8672e+00 +2.5600e+00
876 +9.375447974e-09 +9.375447974e-09 -2.050999999e+01 -2.050999999e+01 -3.3631e+00 +1.8672e+00 +2.5600e+00
% function evaluation | noise-free fitness - Fopt (-1.000000000000e+03) | best noise-free fitness - Fopt | measured fitness | best measured fitness | x1 | x2...
1 +1.951587200e+01 +1.951587200e+01 -9.804841280e+02 -9.804841280e+02 +0.0000e+00 +0.0000e+00 +0.0000e+00
2 +1.701439719e+01 +1.701439719e+01 -9.829856028e+02 -9.829856028e+02 +3.6250e+00 +4.2378e+00 +6.7902e-01
17 +1.694368188e+01 +1.694368188e+01 -9.830563181e+02 -9.830563181e+02 +3.5990e+00 +4.2393e+00 +6.7702e-01
38 +1.636887759e+01 +1.636887759e+01 -9.836311224e+02 -9.836311224e+02 +3.5376e+00 +4.2361e+00 +6.1609e-01
49 +1.617980076e+01 +1.617980076e+01 -9.838201992e+02 -9.838201992e+02 +3.4674e+00 +4.2374e+00 +6.1010e-01
68 +1.449175988e+01 +1.449175988e+01 -9.855082401e+02 -9.855082401e+02 +3.4329e+00 +4.2372e+00 +3.6526e-01
79 +1.376503223e+01 +1.376503223e+01 -9.862349678e+02 -9.862349678e+02 +3.3870e+00 +4.2383e+00 +2.6302e-01
92 +1.231915757e+01 +1.231915757e+01 -9.876808424e+02 -9.876808424e+02 +3.1493e+00 +4.2378e+00 +8.9401e-02
96 +1.205036829e+01 +1.205036829e+01 -9.879496317e+02 -9.879496317e+02 +3.2662e+00 +4.2355e+00 +1.1428e-02
100 +7.412367094e+00 +7.412367094e+00 -9.925876329e+02 -9.925876329e+02 +2.7273e+00 +4.2395e+00 -8.2508e-01
108 +6.563622912e+00 +6.563622912e+00 -9.934363771e+02 -9.934363771e+02 +2.7107e+00 +4.2437e+00 -1.0531e+00
120 +5.974816038e+00 +5.974816038e+00 -9.940251840e+02 -9.940251840e+02 +2.5180e+00 +4.2380e+00 -1.1986e+00
126 +5.104186853e+00 +5.104186853e+00 -9.948958131e+02 -9.948958131e+02 +2.7820e+00 +4.2424e+00 -1.5504e+00
132 +4.441949925e+00 +4.441949925e+00 -9.955580501e+02 -9.955580501e+02 +2.4591e+00 +4.2385e+00 -3.8499e+00
137 +3.409908033e+00 +3.409908033e+00 -9.965900920e+02 -9.965900920e+02 +2.5828e+00 +4.2406e+00 -2.9171e+00
179 +3.381697467e+00 +3.381697467e+00 -9.966183025e+02 -9.966183025e+02 +2.3309e+00 +4.2401e+00 -2.7323e+00
205 +3.255934911e+00 +3.255934911e+00 -9.967440651e+02 -9.967440651e+02 +2.4263e+00 +4.2077e+00 -2.8854e+00
221 +3.074195154e+00 +3.074195154e+00 -9.969258048e+02 -9.969258048e+02 +2.3241e+00 +4.1192e+00 -3.1684e+00
241 +3.011362090e+00 +3.011362090e+00 -9.969886379e+02 -9.969886379e+02 +2.5006e+00 +4.1378e+00 -2.8309e+00
260 +2.903959357e+00 +2.903959357e+00 -9.970960406e+02 -9.970960406e+02 +2.4446e+00 +4.1085e+00 -2.8333e+00
261 +2.879084898e+00 +2.879084898e+00 -9.971209151e+02 -9.971209151e+02 +2.4415e+00 +4.0543e+00 -3.2086e+00
265 +2.406270779e+00 +2.406270779e+00 -9.975937292e+02 -9.975937292e+02 +2.4478e+00 +3.9493e+00 -2.6719e+00
279 +1.978294213e+00 +1.978294213e+00 -9.980217058e+02 -9.980217058e+02 +2.4776e+00 +3.8000e+00 -2.9779e+00
292 +1.812041349e+00 +1.812041349e+00 -9.981879587e+02 -9.981879587e+02 +2.5053e+00 +3.7141e+00 -3.1108e+00
310 +1.423026661e+00 +1.423026661e+00 -9.985769733e+02 -9.985769733e+02 +2.4853e+00 +3.5303e+00 -3.2008e+00
312 +1.328636594e+00 +1.328636594e+00 -9.986713634e+02 -9.986713634e+02 +2.5222e+00 +3.5112e+00 -3.1164e+00
315 +1.086700571e+00 +1.086700571e+00 -9.989132994e+02 -9.989132994e+02 +2.4632e+00 +3.3588e+00 -3.2292e+00
321 +4.254358025e-01 +4.254358025e-01 -9.995745642e+02 -9.995745642e+02 +2.4326e+00 +3.0307e+00 -2.9945e+00
325 +4.269614866e-02 +4.269614866e-02 -9.999573039e+02 -9.999573039e+02 +2.4772e+00 +2.4825e+00 -2.9926e+00
415 +2.798875381e-02 +2.798875381e-02 -9.999720112e+02 -9.999720112e+02 +2.3449e+00 +2.3530e+00 -2.9555e+00
420 +2.126245403e-02 +2.126245403e-02 -9.999787375e+02 -9.999787375e+02 +2.4137e+00 +2.2623e+00 -2.8427e+00
444 +6.661096785e-03 +6.661096785e-03 -9.999933389e+02 -9.999933389e+02 +2.4174e+00 +2.3483e+00 -2.7532e+00
457 +5.675226590e-03 +5.675226590e-03 -9.999943248e+02 -9.999943248e+02 +2.4166e+00 +2.3876e+00 -2.7387e+00
458 +2.364241373e-03 +2.364241373e-03 -9.999976358e+02 -9.999976358e+02 +2.4386e+00 +2.4255e+00 -2.7758e+00
469 +1.396693722e-03 +1.396693722e-03 -9.999986033e+02 -9.999986033e+02 +2.4311e+00 +2.3971e+00 -2.7799e+00
484 +9.523640472e-04 +9.523640472e-04 -9.999990476e+02 -9.999990476e+02 +2.4254e+00 +2.4175e+00 -2.7865e+00
506 +3.617066179e-04 +3.617066179e-04 -9.999996383e+02 -9.999996383e+02 +2.4162e+00 +2.4130e+00 -2.7950e+00
548 +1.933446109e-04 +1.933446109e-04 -9.999998067e+02 -9.999998067e+02 +2.4256e+00 +2.4015e+00 -2.8182e+00
575 +1.474783137e-04 +1.474783137e-04 -9.999998525e+02 -9.999998525e+02 +2.4022e+00 +2.4068e+00 -2.8158e+00
576 +9.573922341e-05 +9.573922341e-05 -9.999999043e+02 -9.999999043e+02 +2.4214e+00 +2.4104e+00 -2.8101e+00
583 +9.297958673e-05 +9.297958673e-05 -9.999999070e+02 -9.999999070e+02 +2.4202e+00 +2.4098e+00 -2.8169e+00
619 +3.410186775e-05 +3.410186775e-05 -9.999999659e+02 -9.999999659e+02 +2.4194e+00 +2.4053e+00 -2.8124e+00
661 +3.082040109e-05 +3.082040109e-05 -9.999999692e+02 -9.999999692e+02 +2.4146e+00 +2.4089e+00 -2.8156e+00
663 +2.494461955e-05 +2.494461955e-05 -9.999999751e+02 -9.999999751e+02 +2.4180e+00 +2.4050e+00 -2.8096e+00
667 +2.165327862e-05 +2.165327862e-05 -9.999999783e+02 -9.999999783e+02 +2.4170e+00 +2.4037e+00 -2.8150e+00
685 +9.955805353e-06 +9.955805353e-06 -9.999999900e+02 -9.999999900e+02 +2.4162e+00 +2.4048e+00 -2.8138e+00
696 +8.676642892e-06 +8.676642892e-06 -9.999999913e+02 -9.999999913e+02 +2.4157e+00 +2.4065e+00 -2.8132e+00
704 +7.556196351e-06 +7.556196351e-06 -9.999999924e+02 -9.999999924e+02 +2.4161e+00 +2.4053e+00 -2.8130e+00
708 +6.818973702e-06 +6.818973702e-06 -9.999999932e+02 -9.999999932e+02 +2.4160e+00 +2.4059e+00 -2.8119e+00
710 +6.635443128e-06 +6.635443128e-06 -9.999999934e+02 -9.999999934e+02 +2.4143e+00 +2.4058e+00 -2.8143e+00
716 +3.941946943e-06 +3.941946943e-06 -9.999999961e+02 -9.999999961e+02 +2.4153e+00 +2.4051e+00 -2.8130e+00
717 +3.374096423e-06 +3.374096423e-06 -9.999999966e+02 -9.999999966e+02 +2.4152e+00 +2.4053e+00 -2.8127e+00
739 +2.648607961e-06 +2.648607961e-06 -9.999999974e+02 -9.999999974e+02 +2.4143e+00 +2.4042e+00 -2.8133e+00
751 +2.373068014e-06 +2.373068014e-06 -9.999999976e+02 -9.999999976e+02 +2.4148e+00 +2.4045e+00 -2.8130e+00
753 +2.301683480e-06 +2.301683480e-06 -9.999999977e+02 -9.999999977e+02 +2.4148e+00 +2.4051e+00 -2.8129e+00
759 +1.790753345e-06 +1.790753345e-06 -9.999999982e+02 -9.999999982e+02 +2.4147e+00 +2.4041e+00 -2.8124e+00
767 +1.311572191e-06 +1.311572191e-06 -9.999999987e+02 -9.999999987e+02 +2.4144e+00 +2.4048e+00 -2.8128e+00
772 +9.746946716e-07 +9.746946716e-07 -9.999999990e+02 -9.999999990e+02 +2.4146e+00 +2.4049e+00 -2.8119e+00
775 +9.400712315e-07 +9.400712315e-07 -9.999999991e+02 -9.999999991e+02 +2.4140e+00 +2.4054e+00 -2.8126e+00
783 +1.427072220e-07 +1.427072220e-07 -9.999999999e+02 -9.999999999e+02 +2.4139e+00 +2.4050e+00 -2.8121e+00
799 +7.852543149e-08 +7.852543149e-08 -9.999999999e+02 -9.999999999e+02 +2.4136e+00 +2.4051e+00 -2.8120e+00
827 +2.090041562e-08 +2.090041562e-08 -1.000000000e+03 -1.000000000e+03 +2.4136e+00 +2.4048e+00 -2.8119e+00
849 +1.080627499e-08 +1.080627499e-08 -1.000000000e+03 -1.000000000e+03 +2.4137e+00 +2.4048e+00 -2.8120e+00
867 +1.389821591e-09 +1.389821591e-09 -1.000000000e+03 -1.000000000e+03 +2.4136e+00 +2.4048e+00 -2.8120e+00
% function evaluation | noise-free fitness - Fopt (-1.730800000000e+02) | best noise-free fitness - Fopt | measured fitness | best measured fitness | x1 | x2...
1 +2.759479168e+01 +2.759479168e+01 -1.454852083e+02 -1.454852083e+02 +0.0000e+00 +0.0000e+00 +0.0000e+00
47 +2.067324266e+01 +2.067324266e+01 -1.524067573e+02 -1.524067573e+02 -2.8460e-02 -4.5148e+00 -1.4311e+00
52 +8.177375049e+00 +8.177375049e+00 -1.649026250e+02 -1.649026250e+02 -4.1263e+00 -4.5128e+00 -1.4546e+00
62 +8.121317128e+00 +8.121317128e+00 -1.649586829e+02 -1.649586829e+02 -3.1533e+00 -4.5164e+00 -1.4512e+00
86 +7.922113108e+00 +7.922113108e+00 -1.651578869e+02 -1.651578869e+02 -3.3044e+00 -4.5551e+00 -1.4222e+00
135 +7.488542198e+00 +7.488542198e+00 -1.655914578e+02 -1.655914578e+02 -3.6004e+00 -4.2470e+00 -1.4506e+00
144 +7.230604238e+00 +7.230604238e+00 -1.658493958e+02 -1.658493958e+02 -3.8651e+00 -4.0402e+00 -1.4318e+00
152 +7.015970543e+00 +7.015970543e+00 -1.660640295e+02 -1.660640295e+02 -3.8359e+00 -4.3143e+00 -1.3333e+00
154 +6.811477243e+00 +6.811477243e+00 -1.662685228e+02 -1.662685228e+02 -3.6418e+00 -4.2564e+00 -1.3178e+00
159 +5.898230072e+00 +5.898230072e+00 -1.671817699e+02 -1.671817699e+02 -3.3540e+00 -3.6829e+00 -1.2021e+00
164 +5.771822259e+00 +5.771822259e+00 -1.673081777e+02 -1.673081777e+02 -3.6172e+00 -4.3969e+00 -1.0594e+00
168 +5.256604651e+00 +5.256604651e+00 -1.678233953e+02 -1.678233953e+02 -3.8119e+00 -3.7917e+00 -1.0661e+00
169 +4.617518973e+00 +4.617518973e+00 -1.684624810e+02 -1.684624810e+02 -3.5503e+00 -3.8077e+00 -9.2768e-01
177 +3.806455345e+00 +3.806455345e+00 -1.692735447e+02 -1.692735447e+02 -3.6137e+00 -3.2566e+00 -7.0716e-01
184 +3.558883450e+00 +3.558883450e+00 -1.695211165e+02 -1.695211165e+02 -3.5236e+00 -4.2866e+00 +2.9705e+00
191 +2.174736622e+00 +2.174736622e+00 -1.709052634e+02 -1.709052634e+02 -3.5326e+00 -3.7572e+00 -2.5392e-01
197 +5.682269700e-01 +5.682269700e-01 -1.725117730e+02 -1.725117730e+02 -3.2835e+00 -4.2740e+00 +1.0735e+00
200 +4.213093129e-01 +4.213093129e-01 -1.726586907e+02 -1.726586907e+02 -3.3448e+00 -4.1174e+00 +1.5143e+00
204 +3.761973449e-01 +3.761973449e-01 -1.727038027e+02 -1.727038027e+02 -3.4601e+00 -3.9838e+00 +7.4924e-01
209 +2.526469678e-01 +2.526469678e-01 -1.728273530e+02 -1.728273530e+02 -3.3611e+00 -3.8196e+00 +8.3150e-01
212 +9.353376364e-02 +9.353376364e-02 -1.729864662e+02 -1.729864662e+02 -3.4992e+00 -3.8862e+00 +1.1439e+00
247 +8.086938748e-02 +8.086938748e-02 -1.729991306e+02 -1.729991306e+02 -3.5641e+00 -3.8307e+00 +1.0372e+00
248 +2.424521851e-02 +2.424521851e-02 -1.730557548e+02 -1.730557548e+02 -3.4996e+00 -3.6906e+00 +1.1454e+00
258 +1.140522583e-02 +1.140522583e-02 -1.730685948e+02 -1.730685948e+02 -3.5211e+00 -3.5734e+00 +1.1838e+00
304 +5.023749367e-03 +5.023749367e-03 -1.730749763e+02 -1.730749763e+02 -3.5561e+00 -3.5758e+00 +1.2064e+00
419 +4.530837027e-03 +4.530837027e-03 -1.730754692e+02 -1.730754692e+02 -3.5776e+00 -3.5599e+00 +1.2281e+00
424 +4.448038272e-03 +4.448038272e-03 -1.730755520e+02 -1.730755520e+02 -3.5696e+00 -3.6470e+00 +1.2428e+00
425 +4.094862891e-03 +4.094862891e-03 -1.730759051e+02 -1.730759051e+02 -3.5789e+00 -3.5662e+00 +1.2349e+00
431 +3.683206211e-03 +3.683206211e-03 -1.730763168e+02 -1.730763168e+02 -3.5562e+00 -3.6082e+00 +1.2115e+00
439 +3.362271976e-03 +3.362271976e-03 -1.730766377e+02 -1.730766377e+02 -3.5617e+00 -3.6032e+00 +1.2271e+00
442 +3.123396627e-03 +3.123396627e-03 -1.730768766e+02 -1.730768766e+02 -3.5677e+00 -3.5861e+00 +1.2173e+00
448 +2.929534655e-03 +2.929534655e-03 -1.730770705e+02 -1.730770705e+02 -3.5726e+00 -3.5831e+00 +1.2233e+00
449 +3.428876369e-04 +3.428876369e-04 -1.730796571e+02 -1.730796571e+02 -3.5997e+00 -3.6184e+00 +1.2083e+00
489 +3.055816285e-04 +3.055816285e-04 -1.730796944e+02 -1.730796944e+02 -3.6320e+00 -3.6040e+00 +1.2078e+00
548 +2.790237068e-04 +2.790237068e-04 -1.730797210e+02 -1.730797210e+02 -3.6290e+00 -3.6070e+00 +1.2009e+00
561 +2.341619124e-04 +2.341619124e-04 -1.730797658e+02 -1.730797658e+02 -3.6201e+00 -3.6253e+00 +1.2044e+00
572 +2.024930579e-04 +2.024930579e-04 -1.730797975e+02 -1.730797975e+02 -3.6116e+00 -3.6208e+00 +1.2013e+00
577 +1.670001034e-04 +1.670001034e-04 -1.730798330e+02 -1.730798330e+02 -3.6262e+00 -3.6167e+00 +1.2187e+00
582 +1.211894699e-04 +1.211894699e-04 -1.730798788e+02 -1.730798788e+02 -3.6100e+00 -3.6104e+00 +1.2027e+00
587 +5.940699600e-05 +5.940699600e-05 -1.730799406e+02 -1.730799406e+02 -3.6123e+00 -3.6123e+00 +1.2050e+00
601 +2.787814299e-05 +2.787814299e-05 -1.730799721e+02 -1.730799721e+02 -3.6187e+00 -3.6089e+00 +1.2073e+00
632 +2.596353588e-05 +2.596353588e-05 -1.730799740e+02 -1.730799740e+02 -3.6170e+00 -3.6092e+00 +1.2069e+00
641 +2.456587126e-05 +2.456587126e-05 -1.730799754e+02 -1.730799754e+02 -3.6176e+00 -3.6106e+00 +1.2065e+00
644 +1.525547617e-05 +1.525547617e-05 -1.730799847e+02 -1.730799847e+02 -3.6161e+00 -3.6086e+00 +1.2094e+00
649 +1.031684110e-05 +1.031684110e-05 -1.730799897e+02 -1.730799897e+02 -3.6187e+00 -3.6096e+00 +1.2102e+00
659 +9.583517823e-06 +9.583517823e-06 -1.730799904e+02 -1.730799904e+02 -3.6175e+00 -3.6098e+00 +1.2092e+00
669 +8.891588124e-06 +8.891588124e-06 -1.730799911e+02 -1.730799911e+02 -3.6182e+00 -3.6097e+00 +1.2100e+00
671 +5.629232447e-06 +5.629232447e-06 -1.730799944e+02 -1.730799944e+02 -3.6175e+00 -3.6102e+00 +1.2126e+00
680 +5.237467860e-06 +5.237467860e-06 -1.730799948e+02 -1.730799948e+02 -3.6173e+00 -3.6098e+00 +1.2110e+00
683 +3.683700015e-06 +3.683700015e-06 -1.730799963e+02 -1.730799963e+02 -3.6178e+00 -3.6104e+00 +1.2113e+00
692 +2.894208023e-06 +2.894208023e-06 -1.730799971e+02 -1.730799971e+02 -3.6178e+00 -3.6106e+00 +1.2113e+00
710 +1.419918135e-06 +1.419918135e-06 -1.730799986e+02 -1.730799986e+02 -3.6179e+00 -3.6115e+00 +1.2110e+00
720 +8.404780090e-07 +8.404780090e-07 -1.730799992e+02 -1.730799992e+02 -3.6174e+00 -3.6115e+00 +1.2108e+00
737 +3.476438621e-07 +3.476438621e-07 -1.730799997e+02 -1.730799997e+02 -3.6172e+00 -3.6116e+00 +1.2113e+00
772 +2.117341751e-07 +2.117341751e-07 -1.730799998e+02 -1.730799998e+02 -3.6172e+00 -3.6121e+00 +1.2111e+00
783 +1.382683479e-07 +1.382683479e-07 -1.730799999e+02 -1.730799999e+02 -3.6172e+00 -3.6120e+00 +1.2112e+00
794 +3.092759471e-08 +3.092759471e-08 -1.730800000e+02 -1.730800000e+02 -3.6169e+00 -3.6119e+00 +1.2111e+00
807 +2.440830826e-08 +2.440830826e-08 -1.730800000e+02 -1.730800000e+02 -3.6168e+00 -3.6121e+00 +1.2111e+00
813 +7.627647847e-09 +7.627647847e-09 -1.730800000e+02 -1.730800000e+02 -3.6168e+00 -3.6119e+00 +1.2112e+00
% function evaluation | noise-free fitness - Fopt (5.309000000000e+01) | best noise-free fitness - Fopt | measured fitness | best measured fitness | x1 | x2...
1 +1.511276416e+01 +1.511276416e+01 +6.820276416e+01 +6.820276416e+01 +0.0000e+00 +0.0000e+00 +0.0000e+00
117 +1.245191149e+01 +1.245191149e+01 +6.554191149e+01 +6.554191149e+01 +4.7238e-02 -2.7155e+00 +2.4479e+00
123 +9.723523725e+00 +9.723523725e+00 +6.281352373e+01 +6.281352373e+01 +1.5836e+00 -3.0033e+00 -5.3146e-01
128 +5.570637175e+00 +5.570637175e+00 +5.866063718e+01 +5.866063718e+01 +7.0121e-01 -2.7582e+00 -2.0451e-01
138 +2.922716055e+00 +2.922716055e+00 +5.601271606e+01 +5.601271606e+01 -2.2130e-01 -3.0180e+00 -1.6464e+00
168 +1.900222728e+00 +1.900222728e+00 +5.499022273e+01 +5.499022273e+01 -4.6996e-01 -2.6228e+00 -7.9067e-01
189 +1.337935646e+00 +1.337935646e+00 +5.442793565e+01 +5.442793565e+01 -3.7983e-01 -3.8695e+00 -6.6065e-01
203 +2.432650063e-01 +2.432650063e-01 +5.333326501e+01 +5.333326501e+01 -1.2074e+00 -3.3516e+00 -9.8269e-01
209 +8.428668483e-02 +8.428668483e-02 +5.317428668e+01 +5.317428668e+01 -1.7529e+00 -3.5103e+00 -7.3536e-01
301 +3.579695792e-02 +3.579695792e-02 +5.312579696e+01 +5.312579696e+01 -1.4369e+00 -3.4108e+00 -4.9052e-01
397 +2.071171325e-02 +2.071171325e-02 +5.311071171e+01 +5.311071171e+01 -1.4716e+00 -3.4063e+00 -6.7835e-01
415 +3.117419043e-03 +3.117419043e-03 +5.309311742e+01 +5.309311742e+01 -1.5397e+00 -3.5212e+00 -6.1206e-01
451 +2.231433884e-04 +2.231433884e-04 +5.309022314e+01 +5.309022314e+01 -1.4895e+00 -3.5229e+00 -6.2240e-01
570 +1.321661114e-04 +1.321661114e-04 +5.309013217e+01 +5.309013217e+01 -1.4820e+00 -3.5300e+00 -6.2846e-01
579 +1.119385791e-04 +1.119385791e-04 +5.309011194e+01 +5.309011194e+01 -1.4959e+00 -3.5329e+00 -6.2548e-01
586 +7.662986878e-05 +7.662986878e-05 +5.309007663e+01 +5.309007663e+01 -1.4912e+00 -3.5334e+00 -6.2815e-01
588 +5.518646001e-05 +5.518646001e-05 +5.309005519e+01 +5.309005519e+01 -1.4917e+00 -3.5352e+00 -6.2697e-01
597 +4.479559779e-05 +4.479559779e-05 +5.309004480e+01 +5.309004480e+01 -1.4918e+00 -3.5328e+00 -6.2249e-01
600 +3.252751939e-05 +3.252751939e-05 +5.309003253e+01 +5.309003253e+01 -1.4871e+00 -3.5324e+00 -6.2387e-01
617 +8.595069296e-06 +8.595069296e-06 +5.309000860e+01 +5.309000860e+01 -1.4874e+00 -3.5347e+00 -6.2198e-01
646 +1.589261764e-06 +1.589261764e-06 +5.309000159e+01 +5.309000159e+01 -1.4869e+00 -3.5365e+00 -6.2213e-01
655 +4.597396810e-07 +4.597396810e-07 +5.309000046e+01 +5.309000046e+01 -1.4868e+00 -3.5374e+00 -6.2212e-01
687 +1.313430573e-07 +1.313430573e-07 +5.309000013e+01 +5.309000013e+01 -1.4869e+00 -3.5377e+00 -6.2175e-01
698 +1.249971007e-07 +1.249971007e-07 +5.309000012e+01 +5.309000012e+01 -1.4871e+00 -3.5376e+00 -6.2194e-01
740 +9.062974016e-08 +9.062974016e-08 +5.309000009e+01 +5.309000009e+01 -1.4873e+00 -3.5377e+00 -6.2186e-01
744 +2.450047276e-08 +2.450047276e-08 +5.309000002e+01 +5.309000002e+01 -1.4874e+00 -3.5376e+00 -6.2163e-01
751 +1.001694727e-08 +1.001694727e-08 +5.309000001e+01 +5.309000001e+01 -1.4871e+00 -3.5376e+00 -6.2164e-01
765 +1.194521815e-09 +1.194521815e-09 +5.309000000e+01 +5.309000000e+01 -1.4872e+00 -3.5376e+00 -6.2157e-01
