% function evaluation | noise-free fitness - Fopt (7.627000000000e+01) | best noise-free fitness - Fopt | measured fitness | best measured fitness | x1 | x2...
1 +5.445689776e+06 +5.445689776e+06 +5.445766046e+06 +5.445766046e+06 +0.0000e+00 +0.0000e+00 +0.0000e+00 +0.0000e+00 +0.0000e+00
209 +4.489857859e+06 +4.489857859e+06 +4.489934129e+06 +4.489934129e+06 +4.0346e+00 +1.7253e-01 +1.0257e+00 -4.3857e-01 -2.8816e+00
227 +2.974408850e+06 +2.974408850e+06 +2.974485120e+06 +2.974485120e+06 +3.9206e+00 +2.3562e-01 +1.0915e+00 -4.1570e-01 -6.7139e+00
229 +2.901152322e+06 +2.901152322e+06 +2.901228592e+06 +2.901228592e+06 +4.0984e+00 -4.2389e-01 +1.0497e+00 -4.4307e-01 +3.7529e-01
247 +2.696602164e+06 +2.696602164e+06 +2.696678434e+06 +2.696678434e+06 +4.0579e+00 -1.5495e-01 +1.0557e+00 -4.6476e-01 -3.1436e+00
255 +8.902464663e+05 +8.902464663e+05 +8.903227363e+05 +8.903227363e+05 +4.1559e+00 -1.5768e+00 +1.0959e+00 -1.0905e-01 +3.4206e-02
258 +5.802779163e+05 +5.802779163e+05 +5.803541863e+05 +5.803541863e+05 +3.9807e+00 -1.4396e+00 +1.0331e+00 -2.3720e-01 -2.5796e+00
267 +5.691002318e+05 +5.691002318e+05 +5.691765018e+05 +5.691765018e+05 +4.0174e+00 -1.2583e+00 +1.0675e+00 -3.8350e-01 -3.8044e+00
277 +2.188394221e+04 +2.188394221e+04 +2.196021221e+04 +2.196021221e+04 +3.5802e+00 -2.0072e+00 +9.2584e-01 -5.8029e-01 -3.3103e+00
282 +4.469851089e+03 +4.469851089e+03 +4.546121089e+03 +4.546121089e+03 +3.9399e+00 -2.6382e+00 +1.0064e+00 -3.0086e-01 -1.0575e+00
369 +1.073454751e+02 +1.073454751e+02 +1.836154751e+02 +1.836154751e+02 +3.0040e+00 -2.0087e+00 +1.2403e+00 -6.4497e-01 -2.6770e+00
408 +5.013124677e+01 +5.013124677e+01 +1.264012468e+02 +1.264012468e+02 +3.9249e+00 -2.6517e+00 +7.7543e-01 -7.6956e-01 +2.0067e+00
788 +4.776869760e+01 +4.776869760e+01 +1.240386976e+02 +1.240386976e+02 +4.4148e+00 -2.0907e+00 +1.5805e+00 -8.7516e-01 -1.0616e+00
% function evaluation | noise-free fitness - Fopt (-2.255000000000e+01) | best noise-free fitness - Fopt | measured fitness | best measured fitness | x1 | x2...
1 +2.352302546e+06 +2.352302546e+06 +2.352279996e+06 +2.352279996e+06 +0.0000e+00 +0.0000e+00 +0.0000e+00 +0.0000e+00 +0.0000e+00
119 +7.764120531e+05 +7.764120531e+05 +7.763895031e+05 +7.763895031e+05 +3.4842e+00 +1.6038e+00 -4.3009e+00 -4.7223e+00 -1.2529e+00
130 +6.425919856e+05 +6.425919856e+05 +6.425694356e+05 +6.425694356e+05 +3.3139e+00 +1.3817e+00 -3.5348e+00 -4.0873e+00 -8.0731e-01
131 +5.523591401e+05 +5.523591401e+05 +5.523365901e+05 +5.523365901e+05 +3.6794e+00 +1.2418e+00 -3.2251e+00 -4.6390e+00 -4.0155e-01
142 +2.478135588e+05 +2.478135588e+05 +2.477910088e+05 +2.477910088e+05 +3.5911e+00 +1.6998e+00 -2.1450e+00 -4.3537e+00 -9.1822e-02
155 +5.996474365e+04 +5.996474365e+04 +5.994219365e+04 +5.994219365e+04 +4.2919e+00 +1.6733e+00 -3.2884e+00 -1.7363e+00 +2.4938e-01
171 +3.604701898e+03 +3.604701898e+03 +3.582151898e+03 +3.582151898e+03 +3.2708e+00 +1.5030e+00 -3.6060e+00 -4.3477e+00 -2.5979e+00
198 +2.453010226e+03 +2.453010226e+03 +2.430460226e+03 +2.430460226e+03 +3.7215e+00 +1.3637e+00 -4.1878e+00 -2.0542e+00 -1.6027e+00
317 +1.842605920e+03 +1.842605920e+03 +1.820055920e+03 +1.820055920e+03 +3.6877e+00 +1.3486e+00 -2.7105e+00 -1.1972e+00 -2.6802e-01
357 +6.989016811e+01 +6.989016811e+01 +4.734016811e+01 +4.734016811e+01 +2.0518e+00 -4.5625e-01 -6.5130e-01 -3.8644e+00 -1.7325e+00
962 +4.552494325e+01 +4.552494325e+01 +2.297494325e+01 +2.297494325e+01 +2.3298e+00 +6.1594e+00 +1.3729e+00 -1.7647e+00 +1.3338e+00
% function evaluation | noise-free fitness - Fopt (1.366000000000e+01) | best noise-free fitness - Fopt | measured fitness | best measured fitness | x1 | x2...
1 +6.739884890e+06 +6.739884890e+06 +6.739898550e+06 +6.739898550e+06 +0.0000e+00 +0.0000e+00 +0.0000e+00 +0.0000e+00 +0.0000e+00
180 +2.002961689e+06 +2.002961689e+06 +2.002975349e+06 +2.002975349e+06 -7.8921e-03 -7.7107e-01 +2.9993e+00 -4.0390e-01 -4.0256e+00
202 +4.236158495e+04 +4.236158495e+04 +4.237524495e+04 +4.237524495e+04 -9.9366e-02 -3.2438e+00 +9.2373e-01 -3.7558e-01 -1.0903e+01
233 +2.770123691e+03 +2.770123691e+03 +2.783783691e+03 +2.783783691e+03 +3.5339e-01 +4.7812e-01 +1.2870e+00 -3.7946e-01 -5.2089e+00
269 +3.407693713e+01 +3.407693713e+01 +4.773693713e+01 +4.773693713e+01 -8.8949e-02 -3.3805e-01 +4.5355e+00 -4.0733e-01 -6.3254e+00
% function evaluation | noise-free fitness - Fopt (9.378400000000e+02) | best noise-free fitness - Fopt | measured fitness | best measured fitness | x1 | x2...
1 +8.250763278e+02 +8.250763278e+02 +1.762916328e+03 +1.762916328e+03 +0.0000e+00 +0.0000e+00 +0.0000e+00 +0.0000e+00 +0.0000e+00
157 +4.863406558e+02 +4.863406558e+02 +1.424180656e+03 +1.424180656e+03 +2.6285e+00 -9.0772e+00 -2.6352e+00 +3.0290e+00 +1.5635e+00
299 +2.320148380e+02 +2.320148380e+02 +1.169854838e+03 +1.169854838e+03 +2.2744e+00 -8.1761e+00 -1.0190e+00 +2.3587e+00 +1.7038e+00
324 +1.524037629e+02 +1.524037629e+02 +1.090243763e+03 +1.090243763e+03 +1.7381e+00 -6.2551e+00 +1.1061e+00 +1.7732e+00 +2.3211e+00
% function evaluation | noise-free fitness - Fopt (-7.872000000000e+01) | best noise-free fitness - Fopt | measured fitness | best measured fitness | x1 | x2...
1 +9.761742109e+04 +9.761742109e+04 +9.753870109e+04 +9.753870109e+04 +0.0000e+00 +0.0000e+00 +0.0000e+00 +0.0000e+00 +0.0000e+00
124 +1.593579166e+04 +1.593579166e+04 +1.585707166e+04 +1.585707166e+04 +2.1272e+00 -2.9575e-01 +3.7989e+00 +1.8685e+00 -5.0377e-01
135 +3.735523748e+03 +3.735523748e+03 +3.656803748e+03 +3.656803748e+03 +2.1262e+00 -2.8827e-01 +3.8182e+00 +1.8252e+00 -5.5158e-01
141 +3.269535453e+03 +3.269535453e+03 +3.190815453e+03 +3.190815453e+03 +2.1350e+00 -2.4970e-01 +3.8138e+00 +1.8055e+00 -5.3509e-01
155 +7.241989426e+02 +7.241989426e+02 +6.454789426e+02 +6.454789426e+02 +2.1639e+00 -1.9949e-01 +3.3562e+00 +1.6194e+00 -5.5848e-01
183 +2.987123947e+02 +2.987123947e+02 +2.199923947e+02 +2.199923947e+02 +2.1179e+00 -3.3359e-01 +3.8029e+00 +1.7339e+00 -5.4282e-01
185 +1.960164117e+02 +1.960164117e+02 +1.172964117e+02 +1.172964117e+02 +2.1411e+00 -5.2518e-01 +3.7816e+00 +1.7835e+00 -5.2524e-01
188 +5.643364971e+01 +5.643364971e+01 -2.228635029e+01 -2.228635029e+01 +2.1860e+00 -3.0904e-01 +3.5082e+00 +1.6525e+00 -5.3012e-01
207 +3.856184896e+01 +3.856184896e+01 -4.015815104e+01 -4.015815104e+01 +2.1912e+00 -4.4625e-01 +3.7297e+00 +1.7424e+00 -5.2913e-01
357 +3.710404349e+01 +3.710404349e+01 -4.161595651e+01 -4.161595651e+01 +2.1922e+00 -3.2481e-01 +3.6937e+00 +1.7174e+00 -5.5665e-01
442 +3.585403543e+01 +3.585403543e+01 -4.286596457e+01 -4.286596457e+01 +3.2318e+00 -1.0114e-01 +3.7988e+00 +1.6892e+00 -5.2477e-01
% function evaluation | noise-free fitness - Fopt (-6.949000000000e+01) | best noise-free fitness - Fopt | measured fitness | best measured fitness | x1 | x2...
1 +1.273935959e+07 +1.273935959e+07 +1.273929010e+07 +1.273929010e+07 +0.0000e+00 +0.0000e+00 +0.0000e+00 +0.0000e+00 +0.0000e+00
121 +9.184409501e+06 +9.184409501e+06 +9.184340011e+06 +9.184340011e+06 -6.5717e-01 -4.2807e-01 +4.7863e+00 +8.9921e-01 +4.0613e+00
128 +3.632328821e+06 +3.632328821e+06 +3.632259331e+06 +3.632259331e+06 -7.0419e-01 -3.5708e-01 +4.7334e+00 +7.0723e-01 +5.5489e+00
156 +9.781196381e+05 +9.781196381e+05 +9.780501481e+05 +9.780501481e+05 -7.5914e-01 -5.9915e-01 +4.5533e+00 +1.1171e+00 +8.9696e+00
163 +4.377306657e+05 +4.377306657e+05 +4.376611757e+05 +4.376611757e+05 -6.4029e-01 -4.5668e-01 +4.7479e+00 +7.2507e-01 +6.9434e+00
178 +3.686646266e+05 +3.686646266e+05 +3.685951366e+05 +3.685951366e+05 -6.5328e-01 -1.6297e-01 +4.6347e+00 -3.7571e-01 +6.8317e+00
179 +6.722487184e+04 +6.722487184e+04 +6.715538184e+04 +6.715538184e+04 -8.7960e-01 +1.7961e-01 +4.8836e+00 +8.2550e-01 +7.5196e+00
187 +5.637654749e+04 +5.637654749e+04 +5.630705749e+04 +5.630705749e+04 -6.3162e-01 -2.8634e-01 +4.6886e+00 +1.0779e+00 +8.0768e+00
202 +4.197055374e+04 +4.197055374e+04 +4.190106374e+04 +4.190106374e+04 -8.2146e-01 -2.5711e-01 +4.6523e+00 +9.3277e-01 +8.0017e+00
207 +4.292168391e+03 +4.292168391e+03 +4.222678391e+03 +4.222678391e+03 -7.3313e-01 -2.1994e-01 +4.7825e+00 +9.8506e-01 +7.9245e+00
242 +1.362276667e+03 +1.362276667e+03 +1.292786667e+03 +1.292786667e+03 -9.5823e-01 -1.5593e-01 +4.8461e+00 +9.8693e-01 +7.9259e+00
254 +8.613977604e+02 +8.613977604e+02 +7.919077604e+02 +7.919077604e+02 -9.0672e-01 +7.0411e-02 +4.6772e+00 +9.0720e-01 +7.6847e+00
275 +6.866331768e+02 +6.866331768e+02 +6.171431768e+02 +6.171431768e+02 -7.3657e-01 -1.3958e-01 +4.5512e+00 +5.9435e-01 +7.6105e+00
279 +2.391456276e+02 +2.391456276e+02 +1.696556276e+02 +1.696556276e+02 -6.6929e-01 -8.6886e-01 +4.3807e+00 +8.2362e-01 +7.6666e+00
283 +8.212710862e+01 +8.212710862e+01 +1.263710862e+01 +1.263710862e+01 -5.4544e-01 -1.0717e-01 +4.6327e+00 +9.6017e-01 +7.7036e+00
565 +8.038650634e+01 +8.038650634e+01 +1.089650634e+01 +1.089650634e+01 -6.5506e-01 +2.1331e-01 +4.9468e+00 +1.1024e+00 +7.8866e+00
% function evaluation | noise-free fitness - Fopt (-2.718000000000e+01) | best noise-free fitness - Fopt | measured fitness | best measured fitness | x1 | x2...
1 +4.094925691e+02 +4.094925691e+02 +3.823125691e+02 +3.823125691e+02 +0.0000e+00 +0.0000e+00 +0.0000e+00 +0.0000e+00 +0.0000e+00
% function evaluation | noise-free fitness - Fopt (-6.968800000000e+02) | best noise-free fitness - Fopt | measured fitness | best measured fitness | x1 | x2...
1 +1.360679606e+07 +1.360679606e+07 +1.360609918e+07 +1.360609918e+07 +0.0000e+00 +0.0000e+00 +0.0000e+00 +0.0000e+00 +0.0000e+00
198 +6.951620636e+06 +6.951620636e+06 +6.950923756e+06 +6.950923756e+06 +1.4388e+00 -2.5598e+00 -1.4064e+00 +2.6633e+00 -1.7358e+00
232 +7.846968806e+02 +7.846968806e+02 +8.781688057e+01 +8.781688057e+01 -1.7763e-01 -5.5661e+00 -1.3702e+00 +7.0919e+00 -2.4307e+00
295 +8.775270129e+01 +8.775270129e+01 -6.091272987e+02 -6.091272987e+02 +1.3237e+00 -5.9683e+00 -1.3886e+00 +5.4711e+00 -3.2587e+00
733 +7.602771766e+01 +7.602771766e+01 -6.208522823e+02 -6.208522823e+02 +1.1354e+00 -4.8961e+00 -1.3660e+00 +6.7136e+00 -8.4257e-01
% function evaluation | noise-free fitness - Fopt (-4.895300000000e+02) | best noise-free fitness - Fopt | measured fitness | best measured fitness | x1 | x2...
1 +6.575673575e+06 +6.575673575e+06 +6.575184045e+06 +6.575184045e+06 +0.0000e+00 +0.0000e+00 +0.0000e+00 +0.0000e+00 +0.0000e+00
153 +4.124053965e+05 +4.124053965e+05 +4.119158665e+05 +4.119158665e+05 +2.3441e+00 -9.2003e-02 +1.2719e+00 -6.1424e-01 -7.9514e+00
185 +2.611473316e+04 +2.611473316e+04 +2.562520316e+04 +2.562520316e+04 +2.3472e+00 +1.3292e+00 +8.9136e-02 -5.8502e-01 -5.6031e+00
187 +3.698771341e+02 +3.698771341e+02 -1.196528659e+02 -1.196528659e+02 +2.3434e+00 +3.4002e-01 +1.6011e+00 -7.0163e-01 -1.0127e+01
216 +6.603188041e+01 +6.603188041e+01 -4.234981196e+02 -4.234981196e+02 +2.3456e+00 +1.9200e+00 +1.4177e+00 -6.5932e-01 -8.5175e+00
% function evaluation | noise-free fitness - Fopt (-4.004000000000e+01) | best noise-free fitness - Fopt | measured fitness | best measured fitness | x1 | x2...
1 +1.328368176e+06 +1.328368176e+06 +1.328328136e+06 +1.328328136e+06 +0.0000e+00 +0.0000e+00 +0.0000e+00 +0.0000e+00 +0.0000e+00
232 +4.508754432e+04 +4.508754432e+04 +4.504750432e+04 +4.504750432e+04 +2.8227e+00 +4.9796e+00 +2.2811e+00 +5.9158e-01 +3.3710e+00
279 +9.522867735e+02 +9.522867735e+02 +9.122467735e+02 +9.122467735e+02 +2.8315e+00 +5.1350e+00 +3.3971e+00 -4.5128e-01 +8.7970e-01
311 +4.245499369e+02 +4.245499369e+02 +3.845099369e+02 +3.845099369e+02 +2.8336e+00 +4.7730e+00 +3.8950e+00 -5.8884e-02 +1.1803e+00
333 +4.036214934e+02 +4.036214934e+02 +3.635814934e+02 +3.635814934e+02 +2.8745e+00 +5.6136e+00 +3.6462e+00 -6.2988e-02 +1.2667e+00
359 +1.988089307e+02 +1.988089307e+02 +1.587689307e+02 +1.587689307e+02 +2.8034e+00 +6.2469e+00 +3.7293e+00 +1.4912e-01 +1.3520e+00
549 +1.711116024e+02 +1.711116024e+02 +1.310716024e+02 +1.310716024e+02 +2.7961e+00 +6.7157e+00 +4.6394e+00 +3.3278e-01 +1.1115e+00
860 +1.693661488e+02 +1.693661488e+02 +1.293261488e+02 +1.293261488e+02 +2.3994e+00 +7.2151e+00 +1.6966e+00 -5.5653e-01 +9.3395e-01
876 +1.565689220e+02 +1.565689220e+02 +1.165289220e+02 +1.165289220e+02 +2.6327e+00 +6.2139e+00 +4.3347e+00 +2.1906e-01 +1.0578e+00
1009 +1.361034608e+02 +1.361034608e+02 +9.606346080e+01 +9.606346080e+01 +2.6941e+00 +4.9777e+00 +4.1661e+00 +5.6548e-03 +1.0495e+00
% function evaluation | noise-free fitness - Fopt (-1.038100000000e+02) | best noise-free fitness - Fopt | measured fitness | best measured fitness | x1 | x2...
1 +1.885637353e+07 +1.885637353e+07 +1.885626972e+07 +1.885626972e+07 +0.0000e+00 +0.0000e+00 +0.0000e+00 +0.0000e+00 +0.0000e+00
2 +3.519368540e+06 +3.519368540e+06 +3.519264730e+06 +3.519264730e+06 +2.0100e+00 -1.7811e-01 +4.3747e+00 -4.2493e+00 +5.6270e-01
8 +3.423588660e+06 +3.423588660e+06 +3.423484850e+06 +3.423484850e+06 +2.0063e+00 -1.9579e-01 +4.3587e+00 -4.2364e+00 +5.7258e-01
31 +3.384562203e+06 +3.384562203e+06 +3.384458393e+06 +3.384458393e+06 +1.9712e+00 -2.3130e-01 +4.3582e+00 -4.2428e+00 +5.6547e-01
33 +3.249246222e+06 +3.249246222e+06 +3.249142412e+06 +3.249142412e+06 +1.8847e+00 -1.9128e-01 +4.3735e+00 -4.2415e+00 +5.4469e-01
53 +3.061174220e+06 +3.061174220e+06 +3.061070410e+06 +3.061070410e+06 +1.9380e+00 -1.4200e-01 +4.2822e+00 -4.2300e+00 +5.8322e-01
56 +2.703070528e+06 +2.703070528e+06 +2.702966718e+06 +2.702966718e+06 +1.5267e+00 -2.0180e-01 +4.3679e+00 -4.2321e+00 +5.4086e-01
70 +2.376780512e+06 +2.376780512e+06 +2.376676702e+06 +2.376676702e+06 +1.8856e+00 -1.4679e-01 +3.9811e+00 -4.2354e+00 +6.1266e-01
79 +2.281068690e+06 +2.281068690e+06 +2.280964880e+06 +2.280964880e+06 +1.9262e+00 -1.5568e-01 +3.9253e+00 -4.2417e+00 +5.3154e-01
91 +2.063637592e+06 +2.063637592e+06 +2.063533782e+06 +2.063533782e+06 +1.8630e+00 -1.2279e-01 +3.7009e+00 -4.2342e+00 +5.5171e-01
107 +1.238267167e+06 +1.238267167e+06 +1.238163357e+06 +1.238163357e+06 +1.9520e+00 -1.2075e-01 +2.9505e+00 -4.2057e+00 +5.0035e-01
120 +1.160793009e+06 +1.160793009e+06 +1.160689199e+06 +1.160689199e+06 +1.4689e+00 -1.3257e-02 +3.2073e+00 -4.1384e+00 +5.9499e-01
130 +4.925708367e+05 +4.925708367e+05 +4.924670267e+05 +4.924670267e+05 +1.3429e+00 -2.9535e-01 +2.6542e+00 -4.1740e+00 +4.7269e-01
152 +1.525218372e+05 +1.525218372e+05 +1.524180272e+05 +1.524180272e+05 +1.3846e+00 +5.2846e-03 +2.1744e+00 -4.2472e+00 +2.4253e-01
156 +9.315142521e+04 +9.315142521e+04 +9.304761521e+04 +9.304761521e+04 +5.6527e-01 -9.5888e-02 +1.2237e+00 -4.2211e+00 +5.0109e-01
168 +6.502113427e+04 +6.502113427e+04 +6.491732427e+04 +6.491732427e+04 -2.5445e+00 -1.6635e-01 +3.0393e+00 -4.0674e+00 +5.7436e-01
170 +8.737500578e+02 +8.737500578e+02 +7.699400578e+02 +7.699400578e+02 +7.0950e-02 -4.1118e-01 +1.8508e+00 -4.2687e+00 +5.6244e-01
176 +5.551629152e+01 +5.551629152e+01 -4.829370848e+01 -4.829370848e+01 +1.5082e+00 +8.2731e-02 +8.6754e-01 -4.5178e+00 +6.0619e-01
178 +4.775414296e+01 +4.775414296e+01 -5.605585704e+01 -5.605585704e+01 +1.1059e+00 -6.8240e-02 +1.8138e+00 -3.9148e+00 +6.1320e-01
444 +2.851012953e+01 +2.851012953e+01 -7.529987047e+01 -7.529987047e+01 +1.7011e+00 -4.8858e-01 +1.4724e+00 -4.1884e+00 -5.4882e-02
476 +2.651349911e+01 +2.651349911e+01 -7.729650089e+01 -7.729650089e+01 +1.1487e+00 -4.8804e-01 +1.7301e+00 -4.1987e+00 -2.7678e-02
% function evaluation | noise-free fitness - Fopt (-2.380000000000e+01) | best noise-free fitness - Fopt | measured fitness | best measured fitness | x1 | x2...
1 +1.272255517e+07 +1.272255517e+07 +1.272253137e+07 +1.272253137e+07 +0.0000e+00 +0.0000e+00 +0.0000e+00 +0.0000e+00 +0.0000e+00
2 +4.951781459e+05 +4.951781459e+05 +4.951543459e+05 +4.951543459e+05 -2.7272e+00 -4.0275e+00 +3.1079e+00 -3.0798e+00 +3.0316e+00
41 +4.869015373e+05 +4.869015373e+05 +4.868777373e+05 +4.868777373e+05 -2.7516e+00 -3.9623e+00 +3.0973e+00 -3.0638e+00 +3.0269e+00
82 +4.701178105e+05 +4.701178105e+05 +4.700940105e+05 +4.700940105e+05 -2.6186e+00 -3.8380e+00 +3.1089e+00 -2.9994e+00 +3.0162e+00
84 +4.624551268e+05 +4.624551268e+05 +4.624313268e+05 +4.624313268e+05 -2.6928e+00 -3.8679e+00 +3.0743e+00 -3.1490e+00 +3.0191e+00
102 +3.839054898e+05 +3.839054898e+05 +3.838816898e+05 +3.838816898e+05 -2.6369e+00 -3.5130e+00 +3.0028e+00 -3.0402e+00 +3.0729e+00
111 +2.864522771e+05 +2.864522771e+05 +2.864284771e+05 +2.864284771e+05 -2.6964e+00 -3.7907e+00 +2.6458e+00 -3.0710e+00 +3.0106e+00
120 +1.409761933e+05 +1.409761933e+05 +1.409523933e+05 +1.409523933e+05 -2.6621e+00 -3.0597e+00 +3.1480e+00 -3.0605e+00 +2.9986e+00
133 +6.892634639e+02 +6.892634639e+02 +6.654634639e+02 +6.654634639e+02 -2.7244e+00 -1.8369e+00 +3.0275e+00 -3.1291e+00 +2.9788e+00
170 +6.374053061e+00 +6.374053061e+00 -1.742594694e+01 -1.742594694e+01 -3.5930e+00 -2.5123e+00 +2.9912e+00 -3.0972e+00 +2.8580e+00
197 +2.182632177e+00 +2.182632177e+00 -2.161736782e+01 -2.161736782e+01 -2.3406e+00 -2.0285e+00 +2.6582e+00 -3.1362e+00 +2.9993e+00
241 +5.115471398e-01 +5.115471398e-01 -2.328845286e+01 -2.328845286e+01 -2.4541e+00 -1.8381e+00 +2.6833e+00 -3.0517e+00 +3.0573e+00
% function evaluation | noise-free fitness - Fopt (7.459000000000e+01) | best noise-free fitness - Fopt | measured fitness | best measured fitness | x1 | x2...
1 +1.382321277e+06 +1.382321277e+06 +1.382395867e+06 +1.382395867e+06 +0.0000e+00 +0.0000e+00 +0.0000e+00 +0.0000e+00 +0.0000e+00
2 +6.435363908e+03 +6.435363908e+03 +6.509953908e+03 +6.509953908e+03 -1.9556e+00 +1.7839e+00 +4.9867e+00 -1.8399e+00 +3.3446e+00
4 +5.671697231e+03 +5.671697231e+03 +5.746287231e+03 +5.746287231e+03 -1.9611e+00 +1.7984e+00 +4.9837e+00 -1.8377e+00 +3.3452e+00
6 +4.576489871e+03 +4.576489871e+03 +4.651079871e+03 +4.651079871e+03 -1.9592e+00 +1.7835e+00 +4.9508e+00 -1.8435e+00 +3.3409e+00
20 +4.086283480e+03 +4.086283480e+03 +4.160873480e+03 +4.160873480e+03 -1.9544e+00 +1.8233e+00 +4.9823e+00 -1.8438e+00 +3.3476e+00
30 +2.622179630e+03 +2.622179630e+03 +2.696769630e+03 +2.696769630e+03 -1.9539e+00 +1.7640e+00 +4.9982e+00 -1.8943e+00 +3.3445e+00
52 +6.571870807e+02 +6.571870807e+02 +7.317770807e+02 +7.317770807e+02 -1.9701e+00 +1.7934e+00 +4.9789e+00 -1.9026e+00 +3.3482e+00
59 +4.267264702e+02 +4.267264702e+02 +5.013164702e+02 +5.013164702e+02 -1.9748e+00 +1.8064e+00 +4.9660e+00 -1.8994e+00 +3.3439e+00
67 +4.046412757e+02 +4.046412757e+02 +4.792312757e+02 +4.792312757e+02 -1.9578e+00 +1.8089e+00 +4.9664e+00 -1.9020e+00 +3.3437e+00
80 +2.226960777e+02 +2.226960777e+02 +2.972860777e+02 +2.972860777e+02 -1.9654e+00 +1.8027e+00 +4.9685e+00 -1.9103e+00 +3.3433e+00
84 +1.231697377e+02 +1.231697377e+02 +1.977597377e+02 +1.977597377e+02 -1.9743e+00 +1.8095e+00 +4.9503e+00 -1.9089e+00 +3.3454e+00
96 +1.186489375e+02 +1.186489375e+02 +1.932389375e+02 +1.932389375e+02 -1.9596e+00 +1.8021e+00 +4.9739e+00 -1.9214e+00 +3.3450e+00
116 +1.161870938e+02 +1.161870938e+02 +1.907770938e+02 +1.907770938e+02 -1.9596e+00 +1.8045e+00 +4.9722e+00 -1.9199e+00 +3.3410e+00
134 +1.115593363e+02 +1.115593363e+02 +1.861493363e+02 +1.861493363e+02 -1.9912e+00 +1.8309e+00 +5.0573e+00 -1.9382e+00 +3.3538e+00
138 +1.089536630e+02 +1.089536630e+02 +1.835436630e+02 +1.835436630e+02 -1.9650e+00 +1.8205e+00 +4.9734e+00 -1.9145e+00 +3.3477e+00
154 +1.008977377e+02 +1.008977377e+02 +1.754877377e+02 +1.754877377e+02 -1.9736e+00 +1.8211e+00 +5.0194e+00 -1.9314e+00 +3.3582e+00
203 +9.984216164e+01 +9.984216164e+01 +1.744321616e+02 +1.744321616e+02 -1.9426e+00 +1.7369e+00 +5.0171e+00 -1.9663e+00 +3.3549e+00
368 +9.655801816e+01 +9.655801816e+01 +1.711480182e+02 +1.711480182e+02 -1.9648e+00 +1.7266e+00 +5.0222e+00 -1.9461e+00 +3.0369e+00
% function evaluation | noise-free fitness - Fopt (2.225900000000e+02) | best noise-free fitness - Fopt | measured fitness | best measured fitness | x1 | x2...
1 +7.674979651e+05 +7.674979651e+05 +7.677205551e+05 +7.677205551e+05 +0.0000e+00 +0.0000e+00 +0.0000e+00 +0.0000e+00 +0.0000e+00
199 +8.409579231e+04 +8.409579231e+04 +8.431838231e+04 +8.431838231e+04 -4.4494e+00 -4.4487e+00 -1.7237e+00 -3.1589e+00 -1.8674e+00
210 +2.564839471e+03 +2.564839471e+03 +2.787429471e+03 +2.787429471e+03 -4.4651e+00 -5.3205e+00 -2.0738e+00 -3.1719e+00 -1.8616e+00
258 +5.044871982e+02 +5.044871982e+02 +7.270771982e+02 +7.270771982e+02 -4.4730e+00 -4.3825e+00 -2.1283e+00 -3.2864e+00 -1.8680e+00
261 +4.469174322e+02 +4.469174322e+02 +6.695074322e+02 +6.695074322e+02 -4.4916e+00 -5.0194e+00 -2.0432e+00 -3.1574e+00 -1.8970e+00
291 +1.846152257e+02 +1.846152257e+02 +4.072052257e+02 +4.072052257e+02 -4.4796e+00 -6.0447e+00 -1.9981e+00 -3.2171e+00 -1.8810e+00
341 +1.690285284e+02 +1.690285284e+02 +3.916185284e+02 +3.916185284e+02 -4.3697e+00 -4.7604e+00 -2.0565e+00 -3.4734e+00 -1.8591e+00
354 +1.563717842e+02 +1.563717842e+02 +3.789617842e+02 +3.789617842e+02 -4.4492e+00 -5.4373e+00 -2.0109e+00 -3.1856e+00 -1.8837e+00
390 +1.400081068e+02 +1.400081068e+02 +3.625981068e+02 +3.625981068e+02 -4.6015e+00 -5.0168e+00 -1.9798e+00 -2.2274e+00 -1.8993e+00
607 +1.299812424e+02 +1.299812424e+02 +3.525712424e+02 +3.525712424e+02 -4.3298e+00 -2.3058e+00 -2.0820e+00 -2.6293e+00 -1.8965e+00
705 +1.274657189e+02 +1.274657189e+02 +3.500557189e+02 +3.500557189e+02 -4.2743e+00 -2.8290e+00 -2.0313e+00 -2.5266e+00 -1.9817e+00
716 +1.241922077e+02 +1.241922077e+02 +3.467822077e+02 +3.467822077e+02 -4.2455e+00 -2.3967e+00 -2.0401e+00 -2.5746e+00 -1.9430e+00
790 +1.226753488e+02 +1.226753488e+02 +3.452653488e+02 +3.452653488e+02 -4.2606e+00 -2.3679e+00 -2.0331e+00 -2.4578e+00 -1.9478e+00
861 +1.173787833e+02 +1.173787833e+02 +3.399687833e+02 +3.399687833e+02 -4.1897e+00 -1.4476e+00 -2.0463e+00 -2.3005e+00 -1.9802e+00
% function evaluation | noise-free fitness - Fopt (-2.977700000000e+02) | best noise-free fitness - Fopt | measured fitness | best measured fitness | x1 | x2...
1 +1.039463448e+05 +1.039463448e+05 +1.036485748e+05 +1.036485748e+05 +0.0000e+00 +0.0000e+00 +0.0000e+00 +0.0000e+00 +0.0000e+00
80 +9.557869019e+04 +9.557869019e+04 +9.528092019e+04 +9.528092019e+04 +2.7024e+00 -2.0622e+00 -4.9394e-01 -1.0087e+00 -1.4428e+00
103 +3.930668429e+04 +3.930668429e+04 +3.900891429e+04 +3.900891429e+04 +2.6922e+00 -2.0654e+00 -4.8363e-01 -1.2221e+00 -1.7500e+00
106 +1.562147134e+04 +1.562147134e+04 +1.532370134e+04 +1.532370134e+04 +2.6377e+00 -1.9572e+00 -4.8522e-01 -1.2883e+00 -1.7995e+00
113 +1.158946221e+03 +1.158946221e+03 +8.611762210e+02 +8.611762210e+02 +2.6843e+00 -2.0669e+00 -4.8066e-01 -1.3581e+00 -1.5110e+00
163 +4.526817589e+01 +4.526817589e+01 -2.525018241e+02 -2.525018241e+02 +2.6704e+00 -2.0491e+00 -4.6150e-01 -1.3582e+00 -1.3756e+00
170 +1.932538358e+01 +1.932538358e+01 -2.784446164e+02 -2.784446164e+02 +2.6642e+00 -2.0509e+00 -4.7453e-01 -1.4009e+00 -1.5179e+00
225 +1.887720289e+01 +1.887720289e+01 -2.788927971e+02 -2.788927971e+02 +2.8070e+00 -2.0533e+00 -4.8836e-01 -1.4201e+00 -1.6593e+00
457 +1.841299587e+01 +1.841299587e+01 -2.793570041e+02 -2.793570041e+02 +2.6408e+00 -2.0726e+00 -3.7916e-01 -1.4182e+00 -1.7271e+00
