% function evaluation | noise-free fitness - Fopt (9.294000000000e+01) | best noise-free fitness - Fopt | measured fitness | best measured fitness | x1 | x2...
1 +1.253398105e+01 +1.253398105e+01 +1.054739811e+02 +1.054739811e+02 +0.0000e+00 +0.0000e+00 +0.0000e+00
423 +7.934698539e+00 +7.934698539e+00 +1.008746985e+02 +1.008746985e+02 +5.2232e-01 +2.1448e+00 +4.6863e+00
455 +4.894420895e+00 +4.894420895e+00 +9.783442090e+01 +9.783442090e+01 +3.0602e-02 +1.9527e+00 +4.6277e+00
505 +4.599184030e+00 +4.599184030e+00 +9.753918403e+01 +9.753918403e+01 -4.0587e-01 +2.2259e+00 +4.6552e+00
557 +3.242140653e+00 +3.242140653e+00 +9.618214065e+01 +9.618214065e+01 -2.5159e-01 +1.8700e+00 +4.1994e+00
609 +2.250059636e+00 +2.250059636e+00 +9.519005964e+01 +9.519005964e+01 +3.1458e-02 +2.0916e+00 +4.2108e+00
694 +2.052233753e+00 +2.052233753e+00 +9.499223375e+01 +9.499223375e+01 -2.2876e-01 +2.1846e+00 +4.4804e+00
832 +1.328492692e+00 +1.328492692e+00 +9.426849269e+01 +9.426849269e+01 -3.2953e-01 +1.8264e+00 +3.3996e+00
1177 +1.270399378e+00 +1.270399378e+00 +9.421039938e+01 +9.421039938e+01 -3.6153e-01 +1.8484e+00 +3.5243e+00
5677 +1.221111460e+00 +1.221111460e+00 +9.416111146e+01 +9.416111146e+01 -7.3648e-01 +7.9309e-01 +5.1145e-01
5717 +1.682848336e-01 +1.682848336e-01 +9.310828483e+01 +9.310828483e+01 -3.6388e-01 +8.3046e-01 +5.5199e-01
5757 +5.180641918e-03 +5.180641918e-03 +9.294518064e+01 +9.294518064e+01 -1.9881e-01 +7.8429e-01 +3.8633e-01
5952 +3.227848726e-03 +3.227848726e-03 +9.294322785e+01 +9.294322785e+01 -2.4951e-01 +7.4536e-01 +3.6777e-01
6026 +1.716753957e-07 +1.716753957e-07 +9.294000017e+01 +9.294000017e+01 -2.2609e-01 +7.6536e-01 +2.8468e-01
6057 +3.212825561e-08 +3.212825561e-08 +9.294000003e+01 +9.294000003e+01 -2.2134e-01 +7.5444e-01 +2.6725e-01
6296 +3.001542837e-08 +3.001542837e-08 +9.294000003e+01 +9.294000003e+01 -2.3621e-01 +7.5903e-01 +2.7036e-01
6620 +1.474178646e-08 +1.474178646e-08 +9.294000001e+01 +9.294000001e+01 -2.2240e-01 +7.3469e-01 +2.7529e-01
6769 +1.131078875e-08 +1.131078875e-08 +9.294000001e+01 +9.294000001e+01 -2.2783e-01 +7.4638e-01 +2.7356e-01
6782 +7.994032103e-09 +7.994032103e-09 +9.294000001e+01 +9.294000001e+01 -2.3213e-01 +7.1441e-01 +2.8290e-01
13244 +0.000000000e+00 +0.000000000e+00 +9.294000000e+01 +9.294000000e+01 -2.2021e-01 +7.4661e-01 +2.7332e-01
% function evaluation | noise-free fitness - Fopt (3.535000000000e+01) | best noise-free fitness - Fopt | measured fitness | best measured fitness | x1 | x2...
1 +3.012892492e+02 +3.012892492e+02 +3.366392492e+02 +3.366392492e+02 +0.0000e+00 +0.0000e+00 +0.0000e+00
206 +1.311323164e+02 +1.311323164e+02 +1.664823164e+02 +1.664823164e+02 -1.1252e+00 +2.3978e+00 +1.4752e+01
212 +2.410581647e+01 +2.410581647e+01 +5.945581647e+01 +5.945581647e+01 -7.4469e-01 +2.8920e+00 +9.3238e+00
322 +8.614591956e+00 +8.614591956e+00 +4.396459196e+01 +4.396459196e+01 +4.4155e-01 +2.2871e+00 +7.1022e+00
335 +6.762730054e+00 +6.762730054e+00 +4.211273005e+01 +4.211273005e+01 +6.0788e-01 +1.9652e+00 +6.2934e+00
346 +5.813873983e+00 +5.813873983e+00 +4.116387398e+01 +4.116387398e+01 +7.5603e-01 +1.7498e+00 +6.2763e+00
356 +3.317437930e+00 +3.317437930e+00 +3.866743793e+01 +3.866743793e+01 +5.2826e-01 +2.1332e+00 +5.7718e+00
357 +1.837282975e+00 +1.837282975e+00 +3.718728298e+01 +3.718728298e+01 +7.5230e-01 +2.0280e+00 +6.1065e+00
1884 +1.472204181e+00 +1.472204181e+00 +3.682220418e+01 +3.682220418e+01 +2.8554e+00 +7.3946e-01 +1.0106e+00
1951 +1.179680508e+00 +1.179680508e+00 +3.652968051e+01 +3.652968051e+01 +2.9637e+00 +7.2341e-01 +8.8948e-01
2031 +1.030827819e+00 +1.030827819e+00 +3.638082782e+01 +3.638082782e+01 +3.0757e+00 +7.5708e-01 +8.4555e-01
2382 +7.713368633e-01 +7.713368633e-01 +3.612133686e+01 +3.612133686e+01 +2.7170e+00 +9.3370e-01 +1.7089e+00
2539 +6.194655428e-01 +6.194655428e-01 +3.596946554e+01 +3.596946554e+01 +2.6778e+00 +9.2404e-01 +2.0358e+00
2556 +3.974083026e-01 +3.974083026e-01 +3.574740830e+01 +3.574740830e+01 +2.1553e+00 +1.3489e+00 +3.2045e+00
3734 +5.646860262e-02 +5.646860262e-02 +3.540646860e+01 +3.540646860e+01 +1.8994e+00 +1.3678e+00 +3.5258e+00
3849 +2.190536981e-02 +2.190536981e-02 +3.537190537e+01 +3.537190537e+01 +1.7144e+00 +1.5326e+00 +4.0621e+00
3885 +4.522327686e-07 +4.522327686e-07 +3.535000045e+01 +3.535000045e+01 +1.7967e+00 +1.4699e+00 +3.9411e+00
4056 +7.571322413e-08 +7.571322413e-08 +3.535000008e+01 +3.535000008e+01 +1.7439e+00 +1.4855e+00 +3.9769e+00
5278 +7.118970302e-08 +7.118970302e-08 +3.535000007e+01 +3.535000007e+01 +1.7367e+00 +1.4896e+00 +3.9735e+00
5305 +6.121199192e-08 +6.121199192e-08 +3.535000006e+01 +3.535000006e+01 +1.7677e+00 +1.4890e+00 +3.9705e+00
5350 +1.313256348e-08 +1.313256348e-08 +3.535000001e+01 +3.535000001e+01 +1.7792e+00 +1.4881e+00 +3.9827e+00
5357 +1.116431747e-08 +1.116431747e-08 +3.535000001e+01 +3.535000001e+01 +1.7365e+00 +1.4927e+00 +3.9667e+00
5447 +9.840654513e-09 +9.840654513e-09 +3.535000001e+01 +3.535000001e+01 +1.7633e+00 +1.4900e+00 +3.9764e+00
% function evaluation | noise-free fitness - Fopt (3.820000000000e+00) | best noise-free fitness - Fopt | measured fitness | best measured fitness | x1 | x2...
1 +3.465623999e+02 +3.465623999e+02 +3.503823999e+02 +3.503823999e+02 +0.0000e+00 +0.0000e+00 +0.0000e+00
2 +2.524675410e+02 +2.524675410e+02 +2.562875410e+02 +2.562875410e+02 -2.4492e+00 -1.2512e+00 +2.9089e+00
106 +2.460217310e+02 +2.460217310e+02 +2.498417310e+02 +2.498417310e+02 -2.0455e+00 -1.2536e+00 +2.9023e+00
122 +2.073282067e+02 +2.073282067e+02 +2.111482067e+02 +2.111482067e+02 -1.7756e+00 -1.2520e+00 +2.5806e+00
134 +1.667534907e+02 +1.667534907e+02 +1.705734907e+02 +1.705734907e+02 -1.2726e+00 -1.2939e+00 +2.5972e+00
145 +1.438658957e+02 +1.438658957e+02 +1.476858957e+02 +1.476858957e+02 -7.6137e-01 -1.2348e+00 +2.2390e+00
154 +1.307433932e+02 +1.307433932e+02 +1.345633932e+02 +1.345633932e+02 -2.0335e-01 -1.2603e+00 +2.2104e+00
185 +1.247440578e+02 +1.247440578e+02 +1.285640578e+02 +1.285640578e+02 -2.7475e-01 -1.2606e+00 +2.3710e+00
186 +9.929791395e+01 +9.929791395e+01 +1.031179140e+02 +1.031179140e+02 -9.2748e-02 -1.2653e+00 +2.1990e+00
197 +4.611825643e+01 +4.611825643e+01 +4.993825643e+01 +4.993825643e+01 +1.7076e+00 -1.2643e+00 +2.3452e+00
207 +2.436076892e+01 +2.436076892e+01 +2.818076892e+01 +2.818076892e+01 +2.8691e+00 -1.2718e+00 +2.1425e+00
217 +1.575624850e+01 +1.575624850e+01 +1.957624850e+01 +1.957624850e+01 +4.1499e+00 -1.2343e+00 +2.0434e+00
221 +1.509351702e+01 +1.509351702e+01 +1.891351702e+01 +1.891351702e+01 +3.8959e+00 -1.2603e+00 +2.1327e+00
228 +8.255778754e+00 +8.255778754e+00 +1.207577875e+01 +1.207577875e+01 +3.9518e+00 -1.2604e+00 +1.9799e+00
229 +7.950834452e+00 +7.950834452e+00 +1.177083445e+01 +1.177083445e+01 +3.7440e+00 -1.2541e+00 +1.9864e+00
231 +3.440738697e+00 +3.440738697e+00 +7.260738697e+00 +7.260738697e+00 +4.9571e+00 -1.2919e+00 +1.4679e+00
238 +1.377322601e+00 +1.377322601e+00 +5.197322601e+00 +5.197322601e+00 +3.9915e+00 -1.2508e+00 +1.6968e+00
243 +5.579863326e-01 +5.579863326e-01 +4.377986333e+00 +4.377986333e+00 +4.3256e+00 -1.2660e+00 +1.5543e+00
261 +5.154992767e-01 +5.154992767e-01 +4.335499277e+00 +4.335499277e+00 +4.0902e+00 -1.2652e+00 +1.7043e+00
1946 +1.766231888e-01 +1.766231888e-01 +3.996623189e+00 +3.996623189e+00 +4.0824e+00 +7.1010e-01 +1.8404e+00
6922 +1.664131342e-01 +1.664131342e-01 +3.986413134e+00 +3.986413134e+00 +4.1223e+00 +8.7528e-02 +1.7327e+00
8904 +1.373679489e-01 +1.373679489e-01 +3.957367949e+00 +3.957367949e+00 +4.0278e+00 +1.2945e+00 +1.8486e+00
8947 +2.282309183e-02 +2.282309183e-02 +3.842823092e+00 +3.842823092e+00 +3.9148e+00 +1.1872e+00 +1.8953e+00
9869 +1.340037941e-02 +1.340037941e-02 +3.833400379e+00 +3.833400379e+00 +3.9544e+00 +1.2885e+00 +1.9270e+00
10298 +8.244724814e-08 +8.244724814e-08 +3.820000082e+00 +3.820000082e+00 +4.0012e+00 +1.1857e+00 +1.8808e+00
10741 +6.993640866e-08 +6.993640866e-08 +3.820000070e+00 +3.820000070e+00 +3.9769e+00 +1.1712e+00 +1.8855e+00
22294 +6.542186570e-08 +6.542186570e-08 +3.820000065e+00 +3.820000065e+00 +4.0100e+00 +1.1833e+00 +1.8659e+00
22780 +4.705211865e-08 +4.705211865e-08 +3.820000047e+00 +3.820000047e+00 +4.0142e+00 +1.1722e+00 +1.8748e+00
22817 +1.748966216e-08 +1.748966216e-08 +3.820000017e+00 +3.820000017e+00 +4.0029e+00 +1.1749e+00 +1.8599e+00
23106 +1.233726232e-08 +1.233726232e-08 +3.820000012e+00 +3.820000012e+00 +3.9937e+00 +1.1765e+00 +1.8831e+00
23250 +2.338768290e-09 +2.338768290e-09 +3.820000002e+00 +3.820000002e+00 +4.0038e+00 +1.1768e+00 +1.8713e+00
% function evaluation | noise-free fitness - Fopt (2.175000000000e+01) | best noise-free fitness - Fopt | measured fitness | best measured fitness | x1 | x2...
1 +8.340418923e+01 +8.340418923e+01 +1.051541892e+02 +1.051541892e+02 +0.0000e+00 +0.0000e+00 +0.0000e+00
173 +7.083526940e+01 +7.083526940e+01 +9.258526940e+01 +9.258526940e+01 +6.3045e+00 +8.6226e-01 -4.7639e+00
177 +6.759063626e+01 +6.759063626e+01 +8.934063626e+01 +8.934063626e+01 +8.7950e+00 +8.0475e-01 -4.7198e+00
184 +6.062714850e+01 +6.062714850e+01 +8.237714850e+01 +8.237714850e+01 +8.2597e+00 +8.1882e-01 -4.7706e+00
187 +4.404439048e+01 +4.404439048e+01 +6.579439048e+01 +6.579439048e+01 +7.7522e+00 +8.2834e-01 -4.2400e+00
371 +3.467395628e+01 +3.467395628e+01 +5.642395628e+01 +5.642395628e+01 +7.2970e+00 +8.6165e-01 -3.5198e+00
390 +2.614760738e+01 +2.614760738e+01 +4.789760738e+01 +4.789760738e+01 +7.0667e+00 +8.5399e-01 -3.9583e+00
394 +2.300197098e+01 +2.300197098e+01 +4.475197098e+01 +4.475197098e+01 +6.5465e+00 +8.5374e-01 -3.9042e+00
407 +2.249256439e+01 +2.249256439e+01 +4.424256439e+01 +4.424256439e+01 +6.3720e+00 +8.4717e-01 -3.9218e+00
410 +1.936143273e+01 +1.936143273e+01 +4.111143273e+01 +4.111143273e+01 +6.7014e+00 +8.5702e-01 -3.4648e+00
421 +1.816040721e+01 +1.816040721e+01 +3.991040721e+01 +3.991040721e+01 +6.3015e+00 +8.9402e-01 -3.4778e+00
425 +1.506223176e+01 +1.506223176e+01 +3.681223176e+01 +3.681223176e+01 +6.3286e+00 +8.7061e-01 -2.9188e+00
456 +1.465422975e+01 +1.465422975e+01 +3.640422975e+01 +3.640422975e+01 +6.0084e+00 +8.6220e-01 -3.3295e+00
475 +1.361430359e+01 +1.361430359e+01 +3.536430359e+01 +3.536430359e+01 +5.4752e+00 +8.8081e-01 -2.9234e+00
479 +1.280580470e+01 +1.280580470e+01 +3.455580470e+01 +3.455580470e+01 +4.7259e+00 +8.3339e-01 -1.4835e+00
493 +5.546044978e+00 +5.546044978e+00 +2.729604498e+01 +2.729604498e+01 +4.7700e+00 +8.4970e-01 -1.5869e+00
541 +2.442552841e+00 +2.442552841e+00 +2.419255284e+01 +2.419255284e+01 +4.3478e+00 +8.0321e-01 -1.7653e+00
543 +5.000169348e-01 +5.000169348e-01 +2.225001693e+01 +2.225001693e+01 +4.3774e+00 +8.0822e-01 -1.5671e+00
582 +4.200810951e-01 +4.200810951e-01 +2.217008110e+01 +2.217008110e+01 +4.1878e+00 +7.9702e-01 -1.4687e+00
636 +3.816281763e-01 +3.816281763e-01 +2.213162818e+01 +2.213162818e+01 +4.2259e+00 +7.4992e-01 -1.5277e+00
764 +2.915777366e-01 +2.915777366e-01 +2.204157774e+01 +2.204157774e+01 +4.1647e+00 +7.1552e-01 -1.4981e+00
771 +2.207205868e-01 +2.207205868e-01 +2.197072059e+01 +2.197072059e+01 +3.9850e+00 +3.0377e-01 -1.4789e+00
5284 +5.942644417e-02 +5.942644417e-02 +2.180942644e+01 +2.180942644e+01 +3.7410e+00 +7.9102e-01 -1.0671e+00
6097 +1.416915941e-02 +1.416915941e-02 +2.176416916e+01 +2.176416916e+01 +3.7249e+00 +7.4525e-01 -1.1265e+00
6334 +1.065601281e-02 +1.065601281e-02 +2.176065601e+01 +2.176065601e+01 +3.7209e+00 +1.0373e+00 -1.0129e+00
6645 +1.671437602e-07 +1.671437602e-07 +2.175000017e+01 +2.175000017e+01 +3.7657e+00 +9.0615e-01 -1.1215e+00
7024 +3.729676479e-08 +3.729676479e-08 +2.175000004e+01 +2.175000004e+01 +3.7965e+00 +8.7919e-01 -1.1080e+00
7645 +1.716520259e-08 +1.716520259e-08 +2.175000002e+01 +2.175000002e+01 +3.7864e+00 +8.8451e-01 -1.1063e+00
% function evaluation | noise-free fitness - Fopt (6.479000000000e+01) | best noise-free fitness - Fopt | measured fitness | best measured fitness | x1 | x2...
1 +1.081542640e+02 +1.081542640e+02 +1.729442640e+02 +1.729442640e+02 +0.0000e+00 +0.0000e+00 +0.0000e+00
186 +3.689507186e+01 +3.689507186e+01 +1.016850719e+02 +1.016850719e+02 -1.0895e-01 +4.9244e+00 -2.6773e+00
228 +3.525289895e+01 +3.525289895e+01 +1.000428990e+02 +1.000428990e+02 -3.9570e-01 +4.9541e+00 -2.6793e+00
438 +3.032703200e+01 +3.032703200e+01 +9.511703200e+01 +9.511703200e+01 -6.8607e-01 +4.5226e+00 -2.5636e+00
467 +2.132363645e+01 +2.132363645e+01 +8.611363645e+01 +8.611363645e+01 -9.1753e-01 +3.5778e+00 -2.5694e+00
482 +2.037308989e+01 +2.037308989e+01 +8.516308989e+01 +8.516308989e+01 -9.6979e-01 +2.7366e+00 -2.5781e+00
499 +1.862697363e+01 +1.862697363e+01 +8.341697363e+01 +8.341697363e+01 -7.1917e-01 +2.5345e+00 -2.4048e+00
521 +1.842074301e+01 +1.842074301e+01 +8.321074301e+01 +8.321074301e+01 -1.1456e+00 +2.6196e+00 -2.5883e+00
561 +1.221813454e+01 +1.221813454e+01 +7.700813454e+01 +7.700813454e+01 -8.9646e-01 +2.0461e+00 -1.9580e+00
577 +9.223767964e+00 +9.223767964e+00 +7.401376796e+01 +7.401376796e+01 -1.1642e+00 +1.4087e+00 -1.5454e+00
601 +8.344126555e+00 +8.344126555e+00 +7.313412656e+01 +7.313412656e+01 -1.2477e+00 +2.5507e-01 +8.9297e-01
607 +6.173542368e+00 +6.173542368e+00 +7.096354237e+01 +7.096354237e+01 -1.2920e+00 +9.3758e-01 -9.7573e-01
614 +3.375845652e+00 +3.375845652e+00 +6.816584565e+01 +6.816584565e+01 -1.5029e+00 -1.1811e-01 -3.5342e-01
618 +2.543743293e+00 +2.543743293e+00 +6.733374329e+01 +6.733374329e+01 -1.3147e+00 -1.1142e+00 -9.8171e-01
644 +3.719064659e-01 +3.719064659e-01 +6.516190647e+01 +6.516190647e+01 -1.6346e+00 -1.7793e+00 -7.1989e-01
1992 +7.436186768e-02 +7.436186768e-02 +6.486436187e+01 +6.486436187e+01 -1.8825e+00 -2.1724e+00 -2.3549e-01
2072 +2.376562524e-02 +2.376562524e-02 +6.481376563e+01 +6.481376563e+01 -1.8322e+00 -2.0335e+00 -2.4577e-01
2125 +1.604120947e-02 +1.604120947e-02 +6.480604121e+01 +6.480604121e+01 -1.8790e+00 -2.0313e+00 -1.7119e-01
2206 +5.504590793e-03 +5.504590793e-03 +6.479550459e+01 +6.479550459e+01 -1.8498e+00 -2.0607e+00 -1.2586e-01
2313 +1.729812311e-07 +1.729812311e-07 +6.479000017e+01 +6.479000017e+01 -1.8618e+00 -2.1100e+00 -1.2163e-01
2353 +1.066704840e-07 +1.066704840e-07 +6.479000011e+01 +6.479000011e+01 -1.8789e+00 -2.1212e+00 -9.4953e-02
2462 +4.691770528e-09 +4.691770528e-09 +6.479000000e+01 +6.479000000e+01 -1.8618e+00 -2.0989e+00 -1.0656e-01
% function evaluation | noise-free fitness - Fopt (-6.173000000000e+01) | best noise-free fitness - Fopt | measured fitness | best measured fitness | x1 | x2...
1 +4.467730879e+02 +4.467730879e+02 +3.850430879e+02 +3.850430879e+02 +0.0000e+00 +0.0000e+00 +0.0000e+00
163 +2.784255664e+02 +2.784255664e+02 +2.166955664e+02 +2.166955664e+02 -2.2219e+00 +2.0915e+00 +3.1326e-01
167 +2.248146431e+02 +2.248146431e+02 +1.630846431e+02 +1.630846431e+02 -3.9359e+00 +2.0767e+00 +3.1309e-01
181 +2.121717508e+02 +2.121717508e+02 +1.504417508e+02 +1.504417508e+02 -4.7212e+00 +2.1836e+00 +3.1599e-01
186 +1.994892242e+02 +1.994892242e+02 +1.377592242e+02 +1.377592242e+02 -4.4559e+00 +1.9031e+00 +3.1330e-01
200 +1.688224734e+02 +1.688224734e+02 +1.070924734e+02 +1.070924734e+02 -4.3221e+00 +1.3461e+00 +3.1976e-01
213 +1.407223524e+02 +1.407223524e+02 +7.899235242e+01 +7.899235242e+01 -4.8507e+00 -1.3027e+00 +3.1181e-01
214 +9.418896115e+01 +9.418896115e+01 +3.245896115e+01 +3.245896115e+01 -5.7291e+00 -1.1223e+00 +3.3404e-01
257 +5.054854415e+01 +5.054854415e+01 -1.118145585e+01 -1.118145585e+01 -7.1441e+00 -5.6724e+00 +3.1688e-01
312 +3.826054634e+01 +3.826054634e+01 -2.346945366e+01 -2.346945366e+01 -8.1325e+00 -5.1414e+00 +3.0984e-01
316 +3.570056511e+01 +3.570056511e+01 -2.602943489e+01 -2.602943489e+01 -8.1226e+00 -5.4939e+00 +3.3863e-01
339 +3.488685037e+01 +3.488685037e+01 -2.684314963e+01 -2.684314963e+01 -7.9556e+00 -7.0470e+00 +3.2306e-01
368 +3.033714116e+01 +3.033714116e+01 -3.139285884e+01 -3.139285884e+01 -7.6386e+00 -6.6439e+00 +3.2285e-01
664 +2.935905574e+01 +2.935905574e+01 -3.237094426e+01 -3.237094426e+01 -8.1115e+00 -6.7360e+00 +2.3357e-01
686 +2.858964243e+01 +2.858964243e+01 -3.314035757e+01 -3.314035757e+01 -8.1218e+00 -6.4765e+00 +6.4032e-02
694 +2.692097793e+01 +2.692097793e+01 -3.480902207e+01 -3.480902207e+01 -7.7678e+00 -6.6112e+00 -2.0028e-01
719 +2.638860935e+01 +2.638860935e+01 -3.534139065e+01 -3.534139065e+01 -7.8668e+00 -6.2273e+00 -3.2000e-02
720 +2.476754879e+01 +2.476754879e+01 -3.696245121e+01 -3.696245121e+01 -7.6509e+00 -7.1822e+00 -1.2387e-01
725 +2.450375846e+01 +2.450375846e+01 -3.722624154e+01 -3.722624154e+01 -7.5945e+00 -6.0528e+00 -4.5617e-02
742 +2.207937038e+01 +2.207937038e+01 -3.965062962e+01 -3.965062962e+01 -7.3510e+00 -5.7706e+00 -7.1857e-01
746 +2.003090713e+01 +2.003090713e+01 -4.169909287e+01 -4.169909287e+01 -7.2328e+00 -7.0248e+00 -1.1520e+00
752 +1.770825792e+01 +1.770825792e+01 -4.402174208e+01 -4.402174208e+01 -7.2678e+00 -6.2575e+00 -3.7073e-01
757 +1.668324346e+01 +1.668324346e+01 -4.504675654e+01 -4.504675654e+01 -6.8805e+00 -6.2107e+00 -6.8521e-01
773 +1.550356986e+01 +1.550356986e+01 -4.622643014e+01 -4.622643014e+01 -6.9931e+00 -5.7398e+00 -6.7170e-01
791 +1.519841401e+01 +1.519841401e+01 -4.653158599e+01 -4.653158599e+01 -6.6071e+00 -5.9667e+00 -6.4379e-01
804 +1.464887978e+01 +1.464887978e+01 -4.708112022e+01 -4.708112022e+01 -6.4590e+00 -5.9160e+00 -3.8624e-01
807 +1.387855088e+01 +1.387855088e+01 -4.785144912e+01 -4.785144912e+01 -6.3362e+00 -5.7238e+00 -5.4962e-01
822 +7.106951225e+00 +7.106951225e+00 -5.462304877e+01 -5.462304877e+01 -4.8302e+00 -4.4446e+00 -1.3454e+00
851 +6.570465097e+00 +6.570465097e+00 -5.515953490e+01 -5.515953490e+01 -5.6100e+00 -5.1873e+00 -1.1272e+00
1019 +6.456085483e+00 +6.456085483e+00 -5.527391452e+01 -5.527391452e+01 -5.4828e+00 -5.2445e+00 -1.1124e+00
1027 +6.283926546e+00 +6.283926546e+00 -5.544607345e+01 -5.544607345e+01 -5.4846e+00 -5.0816e+00 -1.1179e+00
1070 +6.139039715e+00 +6.139039715e+00 -5.559096028e+01 -5.559096028e+01 -5.2688e+00 -5.1562e+00 -1.1414e+00
1195 +4.256982297e+00 +4.256982297e+00 -5.747301770e+01 -5.747301770e+01 -4.9719e+00 -5.3707e+00 -1.8961e+00
1243 +4.157551711e+00 +4.157551711e+00 -5.757244829e+01 -5.757244829e+01 -4.9988e+00 -5.1949e+00 -1.6039e+00
1327 +3.949755642e+00 +3.949755642e+00 -5.778024436e+01 -5.778024436e+01 -4.7585e+00 -5.2908e+00 -1.5460e+00
1422 +3.879844239e+00 +3.879844239e+00 -5.785015576e+01 -5.785015576e+01 -4.5542e+00 -5.1210e+00 -1.6034e+00
1487 +2.920260413e+00 +2.920260413e+00 -5.880973959e+01 -5.880973959e+01 -4.2836e+00 -4.9890e+00 -1.8301e+00
1690 +1.983923582e+00 +1.983923582e+00 -5.974607642e+01 -5.974607642e+01 -3.5927e+00 -4.8709e+00 -2.0963e+00
1746 +1.857189785e+00 +1.857189785e+00 -5.987281021e+01 -5.987281021e+01 -2.8479e+00 -4.9044e+00 -2.7400e+00
1795 +1.030840995e+00 +1.030840995e+00 -6.069915901e+01 -6.069915901e+01 -2.8679e+00 -4.7912e+00 -2.5914e+00
2226 +2.574728746e-01 +2.574728746e-01 -6.147252713e+01 -6.147252713e+01 -2.0801e+00 -3.6922e+00 -2.8398e+00
2239 +1.563337752e-01 +1.563337752e-01 -6.157366622e+01 -6.157366622e+01 -1.5681e+00 -3.2122e+00 -3.0573e+00
2452 +1.414427984e-01 +1.414427984e-01 -6.158855720e+01 -6.158855720e+01 -1.5145e+00 -3.4066e+00 -3.2289e+00
2461 +5.334337410e-02 +5.334337410e-02 -6.167665663e+01 -6.167665663e+01 -1.4777e+00 -3.3209e+00 -3.1778e+00
2629 +2.920260413e-02 +2.920260413e-02 -6.170079740e+01 -6.170079740e+01 -1.5944e+00 -3.2577e+00 -3.0996e+00
2706 +1.983923582e-02 +1.983923582e-02 -6.171016076e+01 -6.171016076e+01 -1.5662e+00 -3.3418e+00 -3.1171e+00
2720 +1.261267728e-02 +1.261267728e-02 -6.171738732e+01 -6.171738732e+01 -1.4449e+00 -3.1739e+00 -3.1728e+00
2758 +1.029891498e-02 +1.029891498e-02 -6.171970109e+01 -6.171970109e+01 -1.4866e+00 -3.2198e+00 -3.1257e+00
120742 +5.927041567e-03 +5.927041567e-03 -6.172407296e+01 -6.172407296e+01 -1.3571e+00 -3.1665e+00 -3.1795e+00
131617 +4.633972566e-07 +4.633972566e-07 -6.172999954e+01 -6.172999954e+01 -1.3400e+00 -3.1434e+00 -3.1953e+00
% function evaluation | noise-free fitness - Fopt (-2.930000000000e+00) | best noise-free fitness - Fopt | measured fitness | best measured fitness | x1 | x2...
1 +6.345331924e+01 +6.345331924e+01 +6.052331924e+01 +6.052331924e+01 +0.0000e+00 +0.0000e+00 +0.0000e+00
192 +2.549839200e+01 +2.549839200e+01 +2.256839200e+01 +2.256839200e+01 +3.0240e+00 -2.5159e+00 -7.2120e-01
207 +2.480722190e+01 +2.480722190e+01 +2.187722190e+01 +2.187722190e+01 +2.7199e+00 -2.5550e+00 -1.0076e+00
218 +7.586110695e+00 +7.586110695e+00 +4.656110695e+00 +4.656110695e+00 +3.2658e+00 -2.5749e+00 -1.9121e+00
327 +7.354094239e+00 +7.354094239e+00 +4.424094239e+00 +4.424094239e+00 +2.9473e+00 -2.5536e+00 -1.9601e+00
951 +4.362707425e+00 +4.362707425e+00 +1.432707425e+00 +1.432707425e+00 +2.7807e+00 -1.5704e+00 -1.6868e+00
992 +1.687374184e+00 +1.687374184e+00 -1.242625816e+00 -1.242625816e+00 +2.4587e+00 +2.4137e-01 -1.4684e+00
1068 +6.184501851e-01 +6.184501851e-01 -2.311549815e+00 -2.311549815e+00 +2.6299e+00 +8.3016e-01 -1.4189e+00
1076 +5.512400643e-01 +5.512400643e-01 -2.378759936e+00 -2.378759936e+00 +2.8455e+00 +4.4129e-01 -8.2565e-01
4453 +3.721783075e-01 +3.721783075e-01 -2.557821693e+00 -2.557821693e+00 +2.6636e+00 +2.1228e+00 -9.6122e-01
4546 +2.039656740e-01 +2.039656740e-01 -2.726034326e+00 -2.726034326e+00 +2.6787e+00 +2.3013e+00 -8.3228e-01
4979 +1.817863342e-01 +1.817863342e-01 -2.748213666e+00 -2.748213666e+00 +2.7499e+00 +1.6455e+00 -9.9972e-01
5950 +4.110791798e-02 +4.110791798e-02 -2.888892082e+00 -2.888892082e+00 +2.5257e+00 +1.6921e+00 -1.0443e+00
7776 +6.184501851e-03 +6.184501851e-03 -2.923815498e+00 -2.923815498e+00 +2.5759e+00 +1.7802e+00 -9.8021e-01
7979 +5.008569389e-03 +5.008569389e-03 -2.924991431e+00 -2.924991431e+00 +2.5633e+00 +1.8669e+00 -9.4691e-01
8209 +1.206855913e-07 +1.206855913e-07 -2.929999879e+00 -2.929999879e+00 +2.5759e+00 +1.9293e+00 -9.7525e-01
8449 +7.163587679e-08 +7.163587679e-08 -2.929999928e+00 -2.929999928e+00 +2.5920e+00 +1.9032e+00 -1.0010e+00
8460 +1.272149186e-08 +1.272149186e-08 -2.929999987e+00 -2.929999987e+00 +2.5918e+00 +1.9119e+00 -1.0033e+00
8607 +6.792871599e-09 +6.792871599e-09 -2.929999993e+00 -2.929999993e+00 +2.5772e+00 +1.9083e+00 -9.9628e-01
% function evaluation | noise-free fitness - Fopt (1.398800000000e+02) | best noise-free fitness - Fopt | measured fitness | best measured fitness | x1 | x2...
1 +1.208209440e+02 +1.208209440e+02 +2.607009440e+02 +2.607009440e+02 +0.0000e+00 +0.0000e+00 +0.0000e+00
525 +1.078433682e+02 +1.078433682e+02 +2.477233682e+02 +2.477233682e+02 -1.6402e+00 -4.4353e+00 +1.5345e+00
544 +8.108531917e+01 +8.108531917e+01 +2.209653192e+02 +2.209653192e+02 -1.0614e+00 -6.1546e+00 +1.6181e+00
575 +7.029242665e+01 +7.029242665e+01 +2.101724267e+02 +2.101724267e+02 -6.3593e-01 -4.7683e+00 +1.5328e+00
587 +5.893612171e+01 +5.893612171e+01 +1.988161217e+02 +1.988161217e+02 +3.0155e+00 -6.3637e+00 +1.5580e+00
606 +3.607490649e+01 +3.607490649e+01 +1.759549065e+02 +1.759549065e+02 +1.3232e+00 -7.9132e+00 +1.5569e+00
621 +3.406585829e+01 +3.406585829e+01 +1.739458583e+02 +1.739458583e+02 +5.8723e-01 -6.0551e+00 +1.5505e+00
631 +3.113193931e+01 +3.113193931e+01 +1.710119393e+02 +1.710119393e+02 +1.0030e+00 -5.9668e+00 +1.5496e+00
633 +2.986452440e+01 +2.986452440e+01 +1.697445244e+02 +1.697445244e+02 +1.3328e+00 -5.8796e+00 +1.5427e+00
637 +2.747555035e+01 +2.747555035e+01 +1.673555504e+02 +1.673555504e+02 +1.4052e+00 -6.9473e+00 +1.5499e+00
687 +2.671253726e+01 +2.671253726e+01 +1.665925373e+02 +1.665925373e+02 +1.4236e+00 -6.7403e+00 +1.5465e+00
704 +2.594023606e+01 +2.594023606e+01 +1.658202361e+02 +1.658202361e+02 +1.2400e+00 -7.4647e+00 +1.5484e+00
736 +2.502644858e+01 +2.502644858e+01 +1.649064486e+02 +1.649064486e+02 +1.2113e+00 -7.2718e+00 +1.5486e+00
907 +2.387701435e+01 +2.387701435e+01 +1.637570144e+02 +1.637570144e+02 +1.2944e+00 -7.0029e+00 +1.4891e+00
951 +2.239666518e+01 +2.239666518e+01 +1.622766652e+02 +1.622766652e+02 +1.2485e+00 -6.5910e+00 +1.4386e+00
989 +1.775684971e+01 +1.775684971e+01 +1.576368497e+02 +1.576368497e+02 +1.4836e+00 -5.9652e+00 +1.3326e+00
1172 +1.724048142e+01 +1.724048142e+01 +1.571204814e+02 +1.571204814e+02 +1.5471e+00 -5.6445e+00 +1.1831e+00
1314 +1.295893851e+01 +1.295893851e+01 +1.528389385e+02 +1.528389385e+02 +1.6347e+00 -5.6483e+00 +6.2112e-01
1329 +1.282464717e+01 +1.282464717e+01 +1.527046472e+02 +1.527046472e+02 +1.5643e+00 -5.5348e+00 +6.5984e-01
1492 +1.245995278e+01 +1.245995278e+01 +1.523399528e+02 +1.523399528e+02 +1.3601e+00 -5.3202e+00 +6.1718e-01
1625 +9.933487159e+00 +9.933487159e+00 +1.498134872e+02 +1.498134872e+02 +1.4810e+00 -4.5924e+00 -2.8473e-01
1967 +6.780077449e+00 +6.780077449e+00 +1.466600774e+02 +1.466600774e+02 +2.0837e+00 -2.8610e+00 -1.3580e+00
2346 +4.966362196e+00 +4.966362196e+00 +1.448463622e+02 +1.448463622e+02 +1.6231e+00 -2.5927e+00 -1.1009e+00
5768 +4.399944899e+00 +4.399944899e+00 +1.442799449e+02 +1.442799449e+02 +1.7774e+00 -1.8813e+00 -1.9394e+00
6044 +1.869460787e+00 +1.869460787e+00 +1.417494608e+02 +1.417494608e+02 +1.9835e+00 -6.3577e-03 -2.0206e+00
15825 +1.297961430e+00 +1.297961430e+00 +1.411779614e+02 +1.411779614e+02 +1.9641e+00 +4.1028e+00 -4.3887e+00
23428 +1.177115625e+00 +1.177115625e+00 +1.410571156e+02 +1.410571156e+02 +1.7235e+00 +1.1916e+00 -2.9652e+00
24141 +1.134154638e+00 +1.134154638e+00 +1.410141546e+02 +1.410141546e+02 +1.8653e+00 +1.4826e+00 -2.8217e+00
24541 +5.120707877e-01 +5.120707877e-01 +1.403920708e+02 +1.403920708e+02 +1.8751e+00 +1.0355e+00 -3.2171e+00
26329 +1.731428870e-01 +1.731428870e-01 +1.400531429e+02 +1.400531429e+02 +1.8541e+00 +2.4458e+00 -3.5959e+00
29916 +1.138587056e-01 +1.138587056e-01 +1.399938587e+02 +1.399938587e+02 +2.0048e+00 +2.0402e+00 -3.3619e+00
39532 +1.098328407e-01 +1.098328407e-01 +1.399898328e+02 +1.399898328e+02 +2.0589e+00 +2.2838e+00 -3.6248e+00
49960 +1.042129685e-01 +1.042129685e-01 +1.399842130e+02 +1.399842130e+02 +2.0270e+00 +2.3179e+00 -3.6318e+00
83035 +1.869460787e-02 +1.869460787e-02 +1.398986946e+02 +1.398986946e+02 +2.0050e+00 +2.1844e+00 -3.5156e+00
% function evaluation | noise-free fitness - Fopt (-2.290200000000e+02) | best noise-free fitness - Fopt | measured fitness | best measured fitness | x1 | x2...
1 +9.971659473e+00 +9.971659473e+00 -2.190483405e+02 -2.190483405e+02 +0.0000e+00 +0.0000e+00 +0.0000e+00
1370 +9.676376030e+00 +9.676376030e+00 -2.193436240e+02 -2.193436240e+02 +1.6396e+00 +1.6877e+00 -9.2581e-01
1380 +8.419565658e+00 +8.419565658e+00 -2.206004343e+02 -2.206004343e+02 +1.7640e+00 +2.0599e+00 -8.3152e-01
1412 +6.941524853e+00 +6.941524853e+00 -2.220784751e+02 -2.220784751e+02 +1.2863e+00 +1.6636e+00 -5.6076e-01
1422 +6.578995438e+00 +6.578995438e+00 -2.224410046e+02 -2.224410046e+02 +3.7799e-01 +1.8040e+00 +5.5955e-01
1508 +5.948646919e+00 +5.948646919e+00 -2.230713531e+02 -2.230713531e+02 +3.7809e-01 +9.9742e-01 -6.3374e-01
1537 +5.308349156e+00 +5.308349156e+00 -2.237116508e+02 -2.237116508e+02 +5.1641e-01 +1.4957e+00 -6.5390e-01
1649 +4.256771771e+00 +4.256771771e+00 -2.247632282e+02 -2.247632282e+02 +8.3894e-02 +1.1455e+00 -1.0398e-01
1662 +3.541214964e+00 +3.541214964e+00 -2.254787850e+02 -2.254787850e+02 -8.2527e-02 +1.3100e+00 +1.6441e-01
1855 +3.124883682e+00 +3.124883682e+00 -2.258951163e+02 -2.258951163e+02 +2.7425e-02 +7.2846e-01 -5.0437e-02
1886 +2.942791872e+00 +2.942791872e+00 -2.260772081e+02 -2.260772081e+02 -8.8430e-03 +7.5633e-01 +5.1931e-02
1940 +2.772503936e+00 +2.772503936e+00 -2.262474961e+02 -2.262474961e+02 -2.4471e-01 +6.9006e-01 +3.4734e-01
1949 +1.987144598e+00 +1.987144598e+00 -2.270328554e+02 -2.270328554e+02 -3.6837e-01 +6.1331e-01 +4.4637e-01
2293 +1.840179529e+00 +1.840179529e+00 -2.271798205e+02 -2.271798205e+02 -5.1785e-01 +5.7321e-01 +6.2126e-01
2314 +1.738133482e+00 +1.738133482e+00 -2.272818665e+02 -2.272818665e+02 -5.4809e-01 +5.1166e-01 +4.2346e-01
2322 +1.644748859e+00 +1.644748859e+00 -2.273752511e+02 -2.273752511e+02 -8.5448e-01 +7.5753e-01 +7.9711e-01
2467 +1.179717106e+00 +1.179717106e+00 -2.278402829e+02 -2.278402829e+02 -7.2276e-01 +4.3049e-01 +7.3739e-01
2499 +1.127137843e+00 +1.127137843e+00 -2.278928622e+02 -2.278928622e+02 -7.2914e-01 +5.4110e-01 +8.2340e-01
2532 +1.059943524e+00 +1.059943524e+00 -2.279600565e+02 -2.279600565e+02 -8.8063e-01 +3.7251e-01 +8.6865e-01
2548 +9.981014171e-01 +9.981014171e-01 -2.280218986e+02 -2.280218986e+02 -8.6044e-01 +3.3909e-01 +7.3169e-01
2658 +9.468966156e-01 +9.468966156e-01 -2.280731034e+02 -2.280731034e+02 -7.3592e-01 +5.1783e-01 +7.4739e-01
2758 +9.192860065e-01 +9.192860065e-01 -2.281007140e+02 -2.281007140e+02 -8.0218e-01 +4.5829e-01 +6.9365e-01
2994 +6.740333458e-01 +6.740333458e-01 -2.283459667e+02 -2.283459667e+02 -1.3090e+00 +2.1160e-01 +8.8761e-01
7637 +5.940899295e-01 +5.940899295e-01 -2.284259101e+02 -2.284259101e+02 -1.1674e+00 +1.8647e-01 +1.1450e+00
24361 +4.191681911e-01 +4.191681911e-01 -2.286008318e+02 -2.286008318e+02 -1.2515e+00 +2.2537e-01 +1.0078e+00
31870 +4.756866422e-02 +4.756866422e-02 -2.289724313e+02 -2.289724313e+02 -2.1322e+00 -2.7706e-01 +1.8298e+00
32435 +1.512092600e-02 +1.512092600e-02 -2.290048791e+02 -2.290048791e+02 -2.0366e+00 -3.0430e-01 +1.7110e+00
32713 +1.925290007e-07 +1.925290007e-07 -2.290199998e+02 -2.290199998e+02 -2.1702e+00 -3.7981e-01 +1.8479e+00
36583 +6.798424579e-08 +6.798424579e-08 -2.290199999e+02 -2.290199999e+02 -2.1630e+00 -3.8264e-01 +1.8067e+00
38446 +3.101726520e-08 +3.101726520e-08 -2.290200000e+02 -2.290200000e+02 -2.1550e+00 -3.7003e-01 +1.7989e+00
38742 +7.600533536e-10 +7.600533536e-10 -2.290200000e+02 -2.290200000e+02 -2.1659e+00 -3.4876e-01 +1.8022e+00
49017 +0.000000000e+00 +0.000000000e+00 -2.290200000e+02 -2.290200000e+02 -2.1679e+00 -3.6449e-01 +1.8115e+00
% function evaluation | noise-free fitness - Fopt (6.198000000000e+01) | best noise-free fitness - Fopt | measured fitness | best measured fitness | x1 | x2...
1 +4.144464544e+02 +4.144464544e+02 +4.764264544e+02 +4.764264544e+02 +0.0000e+00 +0.0000e+00 +0.0000e+00
2 +1.528160517e+02 +1.528160517e+02 +2.147960517e+02 +2.147960517e+02 +4.6575e+00 -4.5295e-01 +1.6262e+00
47 +8.273231028e+01 +8.273231028e+01 +1.447123103e+02 +1.447123103e+02 +4.6818e+00 +1.9619e-01 +1.6277e+00
71 +5.705349765e+01 +5.705349765e+01 +1.190334977e+02 +1.190334977e+02 +4.6854e+00 +1.0353e+00 +1.6165e+00
77 +5.249958371e+01 +5.249958371e+01 +1.144795837e+02 +1.144795837e+02 +4.2729e+00 +7.1447e-01 +1.6379e+00
79 +2.927554880e+01 +2.927554880e+01 +9.125554880e+01 +9.125554880e+01 +3.9069e+00 +8.0749e-01 +1.5904e+00
80 +2.764441763e+01 +2.764441763e+01 +8.962441763e+01 +8.962441763e+01 +4.3121e+00 +1.3973e+00 +1.5677e+00
81 +6.706459501e+00 +6.706459501e+00 +6.868645950e+01 +6.868645950e+01 +4.5425e+00 +4.0048e+00 +1.3527e+00
93 +2.570716133e-01 +2.570716133e-01 +6.223707161e+01 +6.223707161e+01 +3.8108e+00 +1.7897e+00 +1.4185e+00
15849 +2.048017637e-01 +2.048017637e-01 +6.218480176e+01 +6.218480176e+01 +3.3203e+00 +7.7765e-01 +1.3166e+00
15973 +6.655783658e-02 +6.655783658e-02 +6.204655784e+01 +6.204655784e+01 +3.3145e+00 +1.1905e+00 +1.5611e+00
16267 +5.120044091e-02 +5.120044091e-02 +6.203120044e+01 +6.203120044e+01 +3.2802e+00 +9.3729e-01 +1.4436e+00
16325 +2.770839717e-02 +2.770839717e-02 +6.200770840e+01 +6.200770840e+01 +3.2954e+00 +1.2755e+00 +1.5428e+00
16533 +2.386590755e-02 +2.386590755e-02 +6.200386591e+01 +6.200386591e+01 +3.2560e+00 +1.0191e+00 +1.5518e+00
16726 +2.324564032e-02 +2.324564032e-02 +6.200324564e+01 +6.200324564e+01 +3.3726e+00 +1.1437e+00 +1.4373e+00
16808 +1.655594024e-02 +1.655594024e-02 +6.199655594e+01 +6.199655594e+01 +3.3204e+00 +1.1481e+00 +1.4799e+00
16858 +1.208965858e-02 +1.208965858e-02 +6.199208966e+01 +6.199208966e+01 +3.3082e+00 +1.1743e+00 +1.5166e+00
21989 +3.022414644e-03 +3.022414644e-03 +6.198302241e+01 +6.198302241e+01 +3.2578e+00 +1.2042e+00 +1.5985e+00
22436 +1.964203946e-07 +1.964203946e-07 +6.198000020e+01 +6.198000020e+01 +3.2234e+00 +1.1065e+00 +1.5755e+00
22999 +1.190325989e-07 +1.190325989e-07 +6.198000012e+01 +6.198000012e+01 +3.2104e+00 +1.1374e+00 +1.5839e+00
25423 +8.468937551e-09 +8.468937551e-09 +6.198000001e+01 +6.198000001e+01 +3.2358e+00 +1.1355e+00 +1.5880e+00
% function evaluation | noise-free fitness - Fopt (-2.359000000000e+01) | best noise-free fitness - Fopt | measured fitness | best measured fitness | x1 | x2...
1 +1.692778483e+02 +1.692778483e+02 +1.456878483e+02 +1.456878483e+02 +0.0000e+00 +0.0000e+00 +0.0000e+00
229 +1.544297946e+02 +1.544297946e+02 +1.308397946e+02 +1.308397946e+02 +2.9524e+00 +5.4805e+00 +1.0788e+00
256 +1.306036381e+02 +1.306036381e+02 +1.070136381e+02 +1.070136381e+02 +5.0405e-01 +9.8078e+00 +8.9246e-01
257 +2.802432018e+01 +2.802432018e+01 +4.434320177e+00 +4.434320177e+00 +1.2862e+00 +5.1310e+00 +1.8150e+00
293 +1.551458924e+01 +1.551458924e+01 -8.075410757e+00 -8.075410757e+00 +9.9512e-01 +4.4911e+00 +2.3472e+00
318 +1.122593201e+01 +1.122593201e+01 -1.236406799e+01 -1.236406799e+01 +1.2570e+00 +5.2814e+00 +3.4068e+00
320 +7.191903707e+00 +7.191903707e+00 -1.639809629e+01 -1.639809629e+01 +1.3661e+00 +4.0784e+00 +2.6793e+00
326 +5.287603496e+00 +5.287603496e+00 -1.830239650e+01 -1.830239650e+01 +1.1328e+00 +4.1334e+00 +3.6541e+00
333 +3.706958443e+00 +3.706958443e+00 -1.988304156e+01 -1.988304156e+01 +1.2256e+00 +3.0888e+00 +3.1932e+00
348 +2.926207254e+00 +2.926207254e+00 -2.066379275e+01 -2.066379275e+01 +1.1221e+00 +3.1545e+00 +3.2999e+00
360 +2.316610367e+00 +2.316610367e+00 -2.127338963e+01 -2.127338963e+01 +9.4587e-01 +3.3618e+00 +3.5123e+00
394 +2.233837462e+00 +2.233837462e+00 -2.135616254e+01 -2.135616254e+01 +1.2492e+00 +3.1331e+00 +3.5338e+00
425 +2.154876685e+00 +2.154876685e+00 -2.143512332e+01 -2.143512332e+01 +1.1910e+00 +2.5204e+00 +3.4873e+00
439 +2.070517978e+00 +2.070517978e+00 -2.151948202e+01 -2.151948202e+01 +1.1352e+00 +2.8284e+00 +3.4734e+00
677 +2.255200285e-01 +2.255200285e-01 -2.336447997e+01 -2.336447997e+01 -6.9110e-01 +2.3037e+00 +2.9256e+00
1116 +8.619506738e-02 +8.619506738e-02 -2.350380493e+01 -2.350380493e+01 -1.2416e-01 +2.4869e+00 +3.2208e+00
1310 +3.056215972e-02 +3.056215972e-02 -2.355943784e+01 -2.355943784e+01 -1.8445e-01 +2.5154e+00 +3.1817e+00
1388 +1.124961520e-02 +1.124961520e-02 -2.357875038e+01 -2.357875038e+01 -2.9000e-01 +2.4854e+00 +3.1335e+00
1573 +2.066201645e-07 +2.066201645e-07 -2.358999979e+01 -2.358999979e+01 -2.9751e-01 +2.4421e+00 +3.1141e+00
5277 +4.815411003e-08 +4.815411003e-08 -2.358999995e+01 -2.358999995e+01 -3.1876e-01 +2.4118e+00 +3.1352e+00
5432 +4.235455364e-08 +4.235455364e-08 -2.358999996e+01 -2.358999996e+01 -3.2361e-01 +2.4299e+00 +3.1402e+00
5518 +2.265016974e-08 +2.265016974e-08 -2.358999998e+01 -2.358999998e+01 -3.2506e-01 +2.4206e+00 +3.1235e+00
5598 +5.866635178e-09 +5.866635178e-09 -2.358999999e+01 -2.358999999e+01 -3.2198e-01 +2.4333e+00 +3.0914e+00
% function evaluation | noise-free fitness - Fopt (-1.214300000000e+02) | best noise-free fitness - Fopt | measured fitness | best measured fitness | x1 | x2...
1 +1.934090499e+01 +1.934090499e+01 -1.020890950e+02 -1.020890950e+02 +0.0000e+00 +0.0000e+00 +0.0000e+00
222 +1.876310076e+01 +1.876310076e+01 -1.026668992e+02 -1.026668992e+02 -6.1791e-01 -8.1185e-01 +2.2820e+00
236 +1.777239716e+01 +1.777239716e+01 -1.036576028e+02 -1.036576028e+02 -1.0921e-01 +1.8839e-01 +2.0785e+00
293 +1.484161542e+01 +1.484161542e+01 -1.065883846e+02 -1.065883846e+02 +4.1196e-02 +2.1425e-01 -5.9962e-02
295 +1.332289882e+01 +1.332289882e+01 -1.081071012e+02 -1.081071012e+02 -1.2521e-01 +2.7660e-01 +1.1766e+00
302 +1.299915346e+01 +1.299915346e+01 -1.084308465e+02 -1.084308465e+02 -1.7820e-02 +1.5017e-01 +1.4289e+00
306 +1.111336979e+01 +1.111336979e+01 -1.103166302e+02 -1.103166302e+02 -8.6784e-02 +3.2848e-01 +9.4927e-01
382 +1.050156091e+01 +1.050156091e+01 -1.109284391e+02 -1.109284391e+02 +2.0091e-01 +2.1410e-01 +9.4636e-01
436 +1.044124345e+01 +1.044124345e+01 -1.109887566e+02 -1.109887566e+02 +3.6494e-01 +5.3224e-01 +1.1021e+00
458 +9.901073481e+00 +9.901073481e+00 -1.115289265e+02 -1.115289265e+02 +9.2868e-01 +7.6326e-01 +9.4365e-01
469 +8.721342352e+00 +8.721342352e+00 -1.127086576e+02 -1.127086576e+02 +5.5078e-01 +6.7329e-01 +1.0432e+00
482 +8.709463792e+00 +8.709463792e+00 -1.127205362e+02 -1.127205362e+02 +6.0777e-01 +5.8465e-01 +7.0070e-01
2609 +8.208088434e+00 +8.208088434e+00 -1.132219116e+02 -1.132219116e+02 +7.1250e-01 +1.0322e+00 +5.8747e-01
2648 +7.886623667e+00 +7.886623667e+00 -1.135433763e+02 -1.135433763e+02 +1.0269e+00 +6.8945e-01 -4.2275e-02
2879 +6.673046806e+00 +6.673046806e+00 -1.147569532e+02 -1.147569532e+02 +1.2708e+00 +1.2397e+00 -6.9060e-01
3042 +6.576625561e+00 +6.576625561e+00 -1.148533744e+02 -1.148533744e+02 +1.1756e+00 +6.1742e-01 -7.1033e-01
3187 +4.603118421e+00 +4.603118421e+00 -1.168268816e+02 -1.168268816e+02 +1.1131e+00 +1.2950e+00 -8.5490e-01
3353 +2.699281157e+00 +2.699281157e+00 -1.187307188e+02 -1.187307188e+02 +1.7018e+00 +1.6958e+00 -1.0888e+00
3401 +2.661582742e+00 +2.661582742e+00 -1.187684173e+02 -1.187684173e+02 +1.8684e+00 +1.2839e+00 -1.3407e+00
3503 +2.605140502e+00 +2.605140502e+00 -1.188248595e+02 -1.188248595e+02 +1.7838e+00 +1.4300e+00 -1.2448e+00
3559 +1.982807264e+00 +1.982807264e+00 -1.194471927e+02 -1.194471927e+02 +1.9961e+00 +1.9677e+00 -1.2156e+00
5149 +1.833037013e+00 +1.833037013e+00 -1.195969630e+02 -1.195969630e+02 +2.1346e+00 +2.0136e+00 -2.3152e+00
5733 +1.698410996e+00 +1.698410996e+00 -1.197315890e+02 -1.197315890e+02 +2.4401e+00 +1.9001e+00 -2.4080e+00
6093 +1.556756938e+00 +1.556756938e+00 -1.198732431e+02 -1.198732431e+02 +2.5508e+00 +1.9198e+00 -2.2685e+00
6240 +1.150779605e+00 +1.150779605e+00 -1.202792204e+02 -1.202792204e+02 +2.3084e+00 +1.9619e+00 -2.2320e+00
6276 +1.044760390e+00 +1.044760390e+00 -1.203852396e+02 -1.203852396e+02 +2.3106e+00 +1.8805e+00 -2.1828e+00
19685 +8.314246053e-01 +8.314246053e-01 -1.205985754e+02 -1.205985754e+02 +2.7570e+00 +2.1725e+00 -2.6534e+00
21706 +4.194306167e-01 +4.194306167e-01 -1.210105694e+02 -1.210105694e+02 +2.7028e+00 +2.2089e+00 -2.4799e+00
108729 +2.241376362e-01 +2.241376362e-01 -1.212058624e+02 -1.212058624e+02 +3.3429e+00 +2.8104e+00 -3.4657e+00
108732 +1.419631589e-01 +1.419631589e-01 -1.212880368e+02 -1.212880368e+02 +3.4845e+00 +3.0917e+00 -3.7454e+00
109322 +1.048576542e-01 +1.048576542e-01 -1.213251423e+02 -1.213251423e+02 +3.1835e+00 +2.7619e+00 -3.1272e+00
109346 +4.137461562e-02 +4.137461562e-02 -1.213886254e+02 -1.213886254e+02 +3.3370e+00 +2.9435e+00 -3.4690e+00
109662 +2.621441354e-02 +2.621441354e-02 -1.214037856e+02 -1.214037856e+02 +3.2674e+00 +2.7986e+00 -3.2916e+00
110365 +1.982807264e-02 +1.982807264e-02 -1.214101719e+02 -1.214101719e+02 +3.2830e+00 +2.8832e+00 -3.2680e+00
% function evaluation | noise-free fitness - Fopt (-3.364000000000e+01) | best noise-free fitness - Fopt | measured fitness | best measured fitness | x1 | x2...
1 +7.032136413e+01 +7.032136413e+01 +3.668136413e+01 +3.668136413e+01 +0.0000e+00 +0.0000e+00 +0.0000e+00
165 +5.750546119e+01 +5.750546119e+01 +2.386546119e+01 +2.386546119e+01 -3.5200e+00 -1.9999e+00 -1.6032e+00
237 +5.399084585e+01 +5.399084585e+01 +2.035084585e+01 +2.035084585e+01 -3.1116e+00 -2.0081e+00 -4.5586e-01
254 +4.619745890e+01 +4.619745890e+01 +1.255745890e+01 +1.255745890e+01 -7.1253e-01 -2.0093e+00 +1.4055e+00
255 +4.051743765e+01 +4.051743765e+01 +6.877437652e+00 +6.877437652e+00 -2.0359e+00 -2.0123e+00 -5.7075e-01
271 +2.578589488e+01 +2.578589488e+01 -7.854105124e+00 -7.854105124e+00 +9.3437e-01 -2.0091e+00 +2.0282e+00
290 +5.759857707e+00 +5.759857707e+00 -2.788014229e+01 -2.788014229e+01 +1.4710e+00 -2.0137e+00 +1.5971e+00
414 +5.721515270e+00 +5.721515270e+00 -2.791848473e+01 -2.791848473e+01 +7.9934e-01 -2.0400e+00 +1.2513e+00
433 +5.212675376e+00 +5.212675376e+00 -2.842732462e+01 -2.842732462e+01 +9.2784e-01 -2.0365e+00 +1.2485e+00
448 +4.292292280e+00 +4.292292280e+00 -2.934770772e+01 -2.934770772e+01 +1.0468e+00 -2.0416e+00 +1.2865e+00
1150 +2.459492612e+00 +2.459492612e+00 -3.118050739e+01 -3.118050739e+01 +2.4225e+00 +4.3092e+00 +3.7743e+00
1398 +1.267178831e+00 +1.267178831e+00 -3.237282117e+01 -3.237282117e+01 +2.3844e+00 +2.6626e+00 +3.3665e+00
1817 +8.792508545e-01 +8.792508545e-01 -3.276074915e+01 -3.276074915e+01 +1.9889e+00 +3.1978e+00 +3.1473e+00
1852 +7.477297478e-01 +7.477297478e-01 -3.289227025e+01 -3.289227025e+01 +2.3098e+00 +2.9345e+00 +3.3750e+00
2047 +3.574080334e-01 +3.574080334e-01 -3.328259197e+01 -3.328259197e+01 +1.7356e+00 +2.1363e+00 +2.7979e+00
2075 +2.268685807e-01 +2.268685807e-01 -3.341313142e+01 -3.341313142e+01 +1.7023e+00 +2.0303e+00 +2.7065e+00
2113 +2.652461730e-02 +2.652461730e-02 -3.361347538e+01 -3.361347538e+01 +1.4561e+00 +2.3518e+00 +2.6919e+00
2525 +6.631154325e-03 +6.631154325e-03 -3.363336885e+01 -3.363336885e+01 +1.3855e+00 +2.2157e+00 +2.6019e+00
43614 +4.804878486e-07 +4.804878486e-07 -3.363999952e+01 -3.363999952e+01 +1.3944e+00 +2.1052e+00 +2.5935e+00
% function evaluation | noise-free fitness - Fopt (-5.323000000000e+01) | best noise-free fitness - Fopt | measured fitness | best measured fitness | x1 | x2...
1 +7.585494892e+01 +7.585494892e+01 +2.262494892e+01 +2.262494892e+01 +0.0000e+00 +0.0000e+00 +0.0000e+00
273 +4.821022331e+01 +4.821022331e+01 -5.019776694e+00 -5.019776694e+00 +7.0522e+00 +4.0230e+00 -6.2537e+00
279 +4.408861634e+01 +4.408861634e+01 -9.141383663e+00 -9.141383663e+00 +8.1309e+00 +4.0262e+00 -7.0996e+00
306 +4.236468326e+01 +4.236468326e+01 -1.086531674e+01 -1.086531674e+01 +8.6184e+00 +3.9588e+00 -7.5867e+00
308 +4.147681493e+01 +4.147681493e+01 -1.175318507e+01 -1.175318507e+01 +8.1601e+00 +3.9775e+00 -6.8592e+00
320 +4.060635742e+01 +4.060635742e+01 -1.262364258e+01 -1.262364258e+01 +8.6451e+00 +3.9695e+00 -7.3950e+00
417 +3.464446949e+01 +3.464446949e+01 -1.858553051e+01 -1.858553051e+01 +8.3958e+00 +3.0343e+00 -6.7743e+00
437 +3.229246252e+01 +3.229246252e+01 -2.093753748e+01 -2.093753748e+01 +8.4424e+00 +2.9311e+00 -6.3979e+00
498 +3.158431394e+01 +3.158431394e+01 -2.164568606e+01 -2.164568606e+01 +8.3665e+00 +3.2509e+00 -6.3278e+00
535 +2.759380833e+01 +2.759380833e+01 -2.563619167e+01 -2.563619167e+01 +7.9373e+00 +3.2114e+00 -6.3704e+00
550 +2.715776092e+01 +2.715776092e+01 -2.607223908e+01 -2.607223908e+01 +7.8647e+00 +2.9853e+00 -6.3650e+00
564 +2.681342849e+01 +2.681342849e+01 -2.641657151e+01 -2.641657151e+01 +7.7781e+00 +3.0472e+00 -6.4169e+00
589 +2.422494236e+01 +2.422494236e+01 -2.900505764e+01 -2.900505764e+01 +7.3820e+00 +2.1693e+00 -6.4888e+00
625 +2.117448748e+01 +2.117448748e+01 -3.205551252e+01 -3.205551252e+01 +7.1142e+00 +2.9058e+00 -6.4590e+00
643 +2.039067691e+01 +2.039067691e+01 -3.283932309e+01 -3.283932309e+01 +7.0257e+00 +2.5437e+00 -6.3836e+00
698 +1.991843466e+01 +1.991843466e+01 -3.331156534e+01 -3.331156534e+01 +6.8497e+00 +2.6230e+00 -6.3029e+00
730 +1.902416549e+01 +1.902416549e+01 -3.420583451e+01 -3.420583451e+01 +7.0929e+00 +3.0033e+00 -6.0456e+00
757 +1.775196614e+01 +1.775196614e+01 -3.547803386e+01 -3.547803386e+01 +6.7664e+00 +2.4537e+00 -5.9816e+00
799 +1.727469647e+01 +1.727469647e+01 -3.595530353e+01 -3.595530353e+01 +6.8377e+00 +2.4026e+00 -5.5890e+00
869 +1.541302038e+01 +1.541302038e+01 -3.781697962e+01 -3.781697962e+01 +6.7742e+00 +2.1815e+00 -5.1877e+00
1086 +1.498998763e+01 +1.498998763e+01 -3.824001237e+01 -3.824001237e+01 +6.6571e+00 +2.1249e+00 -5.1193e+00
1107 +1.451267198e+01 +1.451267198e+01 -3.871732802e+01 -3.871732802e+01 +6.5062e+00 +2.1643e+00 -5.1186e+00
1117 +1.428587377e+01 +1.428587377e+01 -3.894412623e+01 -3.894412623e+01 +6.4289e+00 +2.3075e+00 -5.1195e+00
1134 +1.401038448e+01 +1.401038448e+01 -3.921961552e+01 -3.921961552e+01 +6.3290e+00 +2.1849e+00 -5.1196e+00
1159 +1.169100375e+01 +1.169100375e+01 -4.153899625e+01 -4.153899625e+01 +6.1080e+00 +2.0711e+00 -5.1086e+00
1217 +1.148080892e+01 +1.148080892e+01 -4.174919108e+01 -4.174919108e+01 +6.0081e+00 +2.0341e+00 -5.1137e+00
1269 +1.116280477e+01 +1.116280477e+01 -4.206719523e+01 -4.206719523e+01 +5.8328e+00 +1.9012e+00 -5.1334e+00
1293 +1.009122825e+01 +1.009122825e+01 -4.313877175e+01 -4.313877175e+01 +5.0811e+00 +1.8206e+00 -5.1587e+00
1308 +8.299061762e+00 +8.299061762e+00 -4.493093824e+01 -4.493093824e+01 +5.5122e+00 +1.8588e+00 -5.1471e+00
1356 +8.080342921e+00 +8.080342921e+00 -4.514965708e+01 -4.514965708e+01 +5.5995e+00 +1.8238e+00 -5.1231e+00
1395 +7.672525863e+00 +7.672525863e+00 -4.555747414e+01 -4.555747414e+01 +5.2998e+00 +1.8274e+00 -4.7702e+00
6645 +7.585398751e+00 +7.585398751e+00 -4.564460125e+01 -4.564460125e+01 +5.0524e+00 +1.2207e+00 -4.6079e+00
7524 +5.568748021e+00 +5.568748021e+00 -4.766125198e+01 -4.766125198e+01 +4.7104e+00 +1.5506e+00 -4.2734e+00
7541 +3.573858476e+00 +3.573858476e+00 -4.965614152e+01 -4.965614152e+01 +2.7583e+00 +5.4939e-01 -3.2898e+00
8876 +3.397370590e+00 +3.397370590e+00 -4.983262941e+01 -4.983262941e+01 +3.3962e+00 +4.2632e-01 -3.4247e+00
8937 +3.387634177e+00 +3.387634177e+00 -4.984236582e+01 -4.984236582e+01 +3.3867e+00 +4.4439e-01 -3.3336e+00
8987 +1.911397538e+00 +1.911397538e+00 -5.131860246e+01 -5.131860246e+01 +2.7905e+00 -3.2421e-01 -2.9464e+00
9427 +1.895738491e+00 +1.895738491e+00 -5.133426151e+01 -5.133426151e+01 +3.0722e+00 +4.4230e-01 -3.1272e+00
10824 +1.442142642e+00 +1.442142642e+00 -5.178785736e+01 -5.178785736e+01 -6.5101e-01 -1.8669e+00 -6.3850e-03
10884 +8.564361191e-01 +8.564361191e-01 -5.237356388e+01 -5.237356388e+01 -1.5525e+00 -1.9455e+00 +1.4048e-01
10949 +8.493426475e-01 +8.493426475e-01 -5.238065735e+01 -5.238065735e+01 -1.3602e+00 -1.7181e+00 +9.7457e-02
10953 +2.106376101e-01 +2.106376101e-01 -5.301936239e+01 -5.301936239e+01 -6.6235e-01 -1.5747e+00 -4.4193e-01
16888 +1.991300826e-01 +1.991300826e-01 -5.303086992e+01 -5.303086992e+01 +2.6163e-01 -1.3515e+00 -1.1265e+00
17145 +5.480079626e-02 +5.480079626e-02 -5.317519920e+01 -5.317519920e+01 -1.3626e-01 -1.4995e+00 -8.0777e-01
25883 +4.256209152e-02 +4.256209152e-02 -5.318743791e+01 -5.318743791e+01 +4.4648e-01 -1.1816e+00 -1.1960e+00
25941 +4.135577120e-02 +4.135577120e-02 -5.318864423e+01 -5.318864423e+01 +2.6150e-01 -1.2372e+00 -1.2069e+00
26140 +3.976689951e-02 +3.976689951e-02 -5.319023310e+01 -5.319023310e+01 +3.9652e-01 -1.1896e+00 -1.1371e+00
26249 +8.768127401e-03 +8.768127401e-03 -5.322123187e+01 -5.322123187e+01 +4.6456e-01 -1.1503e+00 -1.2689e+00
26727 +2.192031850e-03 +2.192031850e-03 -5.322780797e+01 -5.322780797e+01 +3.5152e-01 -1.2058e+00 -1.1881e+00
% function evaluation | noise-free fitness - Fopt (-3.280000000000e+01) | best noise-free fitness - Fopt | measured fitness | best measured fitness | x1 | x2...
1 +1.273988540e+02 +1.273988540e+02 +9.459885396e+01 +9.459885396e+01 +0.0000e+00 +0.0000e+00 +0.0000e+00
168 +1.053444234e+02 +1.053444234e+02 +7.254442340e+01 +7.254442340e+01 -6.2938e-01 +2.7388e+00 +6.3774e+00
173 +7.358989592e+01 +7.358989592e+01 +4.078989592e+01 +4.078989592e+01 -8.6020e-01 -1.6799e-01 +2.4371e+00
175 +3.537369619e+01 +3.537369619e+01 +2.573696185e+00 +2.573696185e+00 -7.1848e-01 -3.2792e+00 +6.3428e+00
188 +2.450992540e+01 +2.450992540e+01 -8.290074597e+00 -8.290074597e+00 -7.0394e-01 -2.3419e-01 +6.5626e+00
191 +2.320906907e+01 +2.320906907e+01 -9.590930935e+00 -9.590930935e+00 -7.9953e-01 -3.7322e-01 +7.0973e+00
215 +1.763665400e+01 +1.763665400e+01 -1.516334600e+01 -1.516334600e+01 -3.6494e-01 -8.0511e-01 +5.8434e+00
224 +1.671708621e+01 +1.671708621e+01 -1.608291379e+01 -1.608291379e+01 -7.9032e-01 -1.2283e+00 +5.8877e+00
246 +1.636287558e+01 +1.636287558e+01 -1.643712442e+01 -1.643712442e+01 -4.7081e-01 -5.7829e-01 +6.3671e+00
258 +1.619900308e+01 +1.619900308e+01 -1.660099692e+01 -1.660099692e+01 -4.5637e-01 -1.1252e+00 +5.5195e+00
260 +1.253021249e+01 +1.253021249e+01 -2.026978751e+01 -2.026978751e+01 -4.4830e-01 -1.0194e+00 +5.5634e+00
304 +1.224432618e+01 +1.224432618e+01 -2.055567382e+01 -2.055567382e+01 -9.7082e-02 -8.9982e-01 +5.5739e+00
353 +1.112784210e+01 +1.112784210e+01 -2.167215790e+01 -2.167215790e+01 +1.4360e-02 -3.8343e-01 +5.5367e+00
364 +1.085902462e+01 +1.085902462e+01 -2.194097538e+01 -2.194097538e+01 +1.3329e-01 -5.9266e-01 +5.1388e+00
430 +7.847439223e+00 +7.847439223e+00 -2.495256078e+01 -2.495256078e+01 +5.5199e-01 -3.2950e-01 +4.1096e+00
448 +6.063833325e+00 +6.063833325e+00 -2.673616667e+01 -2.673616667e+01 +6.3631e-01 -7.2313e-01 +4.0819e+00
1053 +5.295539586e+00 +5.295539586e+00 -2.750446041e+01 -2.750446041e+01 +1.0250e+00 -8.0494e-01 +3.6379e+00
1165 +3.982290837e+00 +3.982290837e+00 -2.881770916e+01 -2.881770916e+01 +8.4688e-01 -5.1300e-01 +2.5854e+00
1183 +2.978741017e+00 +2.978741017e+00 -2.982125898e+01 -2.982125898e+01 +1.2204e+00 -1.7405e-01 +2.6720e+00
1189 +2.562690797e+00 +2.562690797e+00 -3.023730920e+01 -3.023730920e+01 +1.4618e+00 -3.1978e-01 +1.2133e+00
1482 +1.323884896e+00 +1.323884896e+00 -3.147611510e+01 -3.147611510e+01 +1.5679e+00 -1.4795e-01 +1.6693e+00
11013 +3.309712241e-01 +3.309712241e-01 -3.246902878e+01 -3.246902878e+01 +2.1913e+00 -3.8378e-01 +4.2451e-01
11575 +2.734908899e-01 +2.734908899e-01 -3.252650911e+01 -3.252650911e+01 +2.4705e+00 +8.0426e-03 -7.2226e-01
19217 +3.982290837e-02 +3.982290837e-02 -3.276017709e+01 -3.276017709e+01 +2.4453e+00 -2.4006e-02 -3.9816e-01
21628 +3.794329055e-02 +3.794329055e-02 -3.276205671e+01 -3.276205671e+01 +2.5401e+00 -1.1004e-02 -4.9498e-01
21881 +2.842143122e-02 +2.842143122e-02 -3.277157857e+01 -3.277157857e+01 +2.5141e+00 +1.0710e-01 -5.6368e-01
21914 +1.323884896e-02 +1.323884896e-02 -3.278676115e+01 -3.278676115e+01 +2.5002e+00 +5.6719e-02 -5.1467e-01
22323 +3.309712241e-03 +3.309712241e-03 -3.279669029e+01 -3.279669029e+01 +2.5675e+00 +4.3486e-02 -6.2252e-01
22489 +6.164525246e-08 +6.164525246e-08 -3.279999994e+01 -3.279999994e+01 +2.6094e+00 +5.5155e-02 -7.3630e-01
22968 +6.610392234e-09 +6.610392234e-09 -3.279999999e+01 -3.279999999e+01 +2.5939e+00 +3.8740e-02 -7.3589e-01
