% function evaluation | noise-free fitness - Fopt (9.294000000000e+001) | best noise-free fitness - Fopt | measured fitness | best measured fitness | x1 | x2...
1 +1.311513987e+001 +1.311513987e+001 +1.060551399e+002 +1.060551399e+002 +0.0000e+000 +0.0000e+000 +0.0000e+000 +0.0000e+000 +0.0000e+000
557 +9.909855025e+000 +9.909855025e+000 +1.028498550e+002 +1.028498550e+002 +1.2048e+000 -6.4124e-001 +7.0230e-001 +2.3121e+000 +7.6354e-001
708 +7.923571342e+000 +7.923571342e+000 +1.008635713e+002 +1.008635713e+002 +1.2914e+000 -3.0840e-001 +6.2316e-001 +1.8478e+000 -1.3231e-001
772 +6.665738255e+000 +6.665738255e+000 +9.960573826e+001 +9.960573826e+001 +1.0625e+000 +1.1684e-001 +5.4539e-001 +1.9720e+000 +1.5411e-001
858 +4.336171088e+000 +4.336171088e+000 +9.727617109e+001 +9.727617109e+001 +9.3313e-001 +3.0844e-001 +6.2570e-001 +1.9476e+000 +2.2675e-001
902 +4.048142876e+000 +4.048142876e+000 +9.698814288e+001 +9.698814288e+001 +6.5368e-001 +5.9983e-001 +4.9279e-001 +2.1186e+000 +1.3730e-001
1303 +3.206364038e+000 +3.206364038e+000 +9.614636404e+001 +9.614636404e+001 +7.0086e-001 +8.2806e-001 +4.2879e-001 +2.2930e+000 +5.8132e-001
1345 +2.445625628e+000 +2.445625628e+000 +9.538562563e+001 +9.538562563e+001 +4.1851e-001 +6.9915e-001 +1.7690e-002 +1.5697e+000 +4.2224e-001
1465 +2.363618376e+000 +2.363618376e+000 +9.530361838e+001 +9.530361838e+001 +3.9879e-001 +9.0200e-001 +2.1056e-001 +2.1424e+000 +5.4603e-001
1468 +2.269744301e+000 +2.269744301e+000 +9.520974430e+001 +9.520974430e+001 +2.9462e-001 +9.6307e-001 +2.2048e-001 +2.1501e+000 +5.6757e-001
2823 +1.461648763e+000 +1.461648763e+000 +9.440164876e+001 +9.440164876e+001 +1.0015e-001 +9.3504e-001 +2.8138e-001 +2.0988e+000 +1.3700e+000
2918 +1.379387978e+000 +1.379387978e+000 +9.431938798e+001 +9.431938798e+001 +1.3871e-001 +9.1084e-001 +1.3100e-001 +2.0619e+000 +1.4517e+000
2977 +1.234155977e+000 +1.234155977e+000 +9.417415598e+001 +9.417415598e+001 +1.0958e-001 +8.6348e-001 +3.1376e-001 +2.4548e+000 +1.4898e+000
3028 +1.204125155e+000 +1.204125155e+000 +9.414412515e+001 +9.414412515e+001 +1.5655e-001 +9.4320e-001 +2.6696e-001 +2.4181e+000 +1.4816e+000
3123 +1.197474475e+000 +1.197474475e+000 +9.413747448e+001 +9.413747448e+001 +1.4469e-001 +9.8765e-001 +3.1599e-001 +2.4622e+000 +1.3341e+000
3191 +1.120614270e+000 +1.120614270e+000 +9.406061427e+001 +9.406061427e+001 +1.4480e-001 +8.8782e-001 +2.6797e-001 +2.6073e+000 +1.3419e+000
3720 +4.739787610e-001 +4.739787610e-001 +9.341397876e+001 +9.341397876e+001 +7.9926e-002 +9.7690e-001 +6.2268e-002 +2.4507e+000 +1.4155e+000
% function evaluation | noise-free fitness - Fopt (3.535000000000e+001) | best noise-free fitness - Fopt | measured fitness | best measured fitness | x1 | x2...
1 +4.644548928e+002 +4.644548928e+002 +4.998048928e+002 +4.998048928e+002 +0.0000e+000 +0.0000e+000 +0.0000e+000 +0.0000e+000 +0.0000e+000
2 +1.841981741e+002 +1.841981741e+002 +2.195481741e+002 +2.195481741e+002 +2.2296e+000 +8.4465e-002 +1.4296e+000 +3.8805e+000 +6.0091e-001
35 +1.473135520e+002 +1.473135520e+002 +1.826635520e+002 +1.826635520e+002 +2.2293e+000 +4.1040e-001 +1.4439e+000 +3.8780e+000 +5.8603e-001
59 +1.433164183e+002 +1.433164183e+002 +1.786664183e+002 +1.786664183e+002 +2.2262e+000 +1.3481e-001 +1.5483e+000 +3.8974e+000 +5.5470e-001
77 +1.141662444e+002 +1.141662444e+002 +1.495162444e+002 +1.495162444e+002 +2.2223e+000 +7.5033e-001 +1.6904e+000 +3.8525e+000 +5.2533e-001
103 +7.803872759e+001 +7.803872759e+001 +1.133887276e+002 +1.133887276e+002 +2.2777e+000 +6.0291e-001 +2.5662e+000 +3.8398e+000 +2.0665e-001
130 +6.184823263e+001 +6.184823263e+001 +9.719823263e+001 +9.719823263e+001 +2.2236e+000 +1.8984e+000 +2.1204e+000 +3.8531e+000 +3.2903e-001
154 +4.390435153e+001 +4.390435153e+001 +7.925435153e+001 +7.925435153e+001 +2.2368e+000 +1.3236e+000 +3.0102e+000 +3.9066e+000 +4.3430e-001
173 +2.935285092e+001 +2.935285092e+001 +6.470285092e+001 +6.470285092e+001 +2.2358e+000 +2.6930e+000 +2.8408e+000 +3.8672e+000 -1.9309e-001
183 +2.779552105e+001 +2.779552105e+001 +6.314552105e+001 +6.314552105e+001 +2.2466e+000 +1.5916e+000 +3.2051e+000 +3.9211e+000 +3.3054e-002
190 +2.166801580e+001 +2.166801580e+001 +5.701801580e+001 +5.701801580e+001 +2.2034e+000 +1.8762e+000 +3.8540e+000 +3.8640e+000 +3.1023e-001
216 +1.430618421e+001 +1.430618421e+001 +4.965618421e+001 +4.965618421e+001 +2.4020e+000 +1.2068e+000 +4.4131e+000 +3.5616e+000 -4.3811e-001
334 +9.626594103e+000 +9.626594103e+000 +4.497659410e+001 +4.497659410e+001 +2.3438e+000 +1.8062e+000 +4.0689e+000 +3.3421e+000 -3.6305e-001
357 +9.396145299e+000 +9.396145299e+000 +4.474614530e+001 +4.474614530e+001 +2.4045e+000 +1.9386e+000 +4.0725e+000 +3.1392e+000 -5.3273e-001
412 +8.444277999e+000 +8.444277999e+000 +4.379427800e+001 +4.379427800e+001 +2.0005e+000 +2.1906e+000 +3.7395e+000 +3.0926e+000 -6.8445e-001
414 +7.377166705e+000 +7.377166705e+000 +4.272716670e+001 +4.272716670e+001 +2.2455e+000 +1.4518e+000 +4.1292e+000 +2.7238e+000 -9.9081e-001
437 +6.887660862e+000 +6.887660862e+000 +4.223766086e+001 +4.223766086e+001 +2.2472e+000 +1.1198e+000 +4.0451e+000 +2.9522e+000 -1.0900e+000
439 +4.884642452e+000 +4.884642452e+000 +4.023464245e+001 +4.023464245e+001 +2.4709e+000 -3.2930e-001 +4.5557e+000 +5.9614e-002 -1.7736e+000
447 +4.323234015e+000 +4.323234015e+000 +3.967323401e+001 +3.967323401e+001 +2.0379e+000 +1.1469e+000 +4.2835e+000 +2.2585e+000 -1.4671e+000
448 +4.257398070e+000 +4.257398070e+000 +3.960739807e+001 +3.960739807e+001 +2.2622e+000 +1.2639e+000 +3.9105e+000 +2.6128e+000 -9.6015e-001
455 +1.157391015e+000 +1.157391015e+000 +3.650739102e+001 +3.650739102e+001 +2.5803e+000 +1.0322e+000 +4.2122e+000 +1.4171e+000 -1.5373e+000
499 +8.467220349e-001 +8.467220349e-001 +3.619672203e+001 +3.619672203e+001 +2.3371e+000 +1.1274e+000 +4.1162e+000 +1.6169e+000 -1.5926e+000
685 +5.489553015e-001 +5.489553015e-001 +3.589895530e+001 +3.589895530e+001 +1.8643e+000 +6.0902e-001 +4.3600e+000 +1.3512e+000 -1.7906e+000
687 +4.245556565e-001 +4.245556565e-001 +3.577455566e+001 +3.577455566e+001 +2.1719e+000 +1.0214e+000 +4.0633e+000 +1.3836e+000 -1.8674e+000
775 +2.604223292e-001 +2.604223292e-001 +3.561042233e+001 +3.561042233e+001 +2.1254e+000 +8.9095e-001 +4.1673e+000 +1.4560e+000 -1.6336e+000
783 +2.507928509e-001 +2.507928509e-001 +3.560079285e+001 +3.560079285e+001 +1.9962e+000 +1.0576e+000 +4.1475e+000 +1.3734e+000 -1.9271e+000
845 +1.960062969e-001 +1.960062969e-001 +3.554600630e+001 +3.554600630e+001 +2.0530e+000 +7.7301e-001 +4.2085e+000 +1.2248e+000 -1.8361e+000
1607 +1.904841644e-001 +1.904841644e-001 +3.554048416e+001 +3.554048416e+001 +2.2812e+000 +5.9815e-001 +4.3887e+000 +1.1376e+000 -1.6415e+000
1644 +1.498361562e-001 +1.498361562e-001 +3.549983616e+001 +3.549983616e+001 +2.2547e+000 +4.7669e-001 +4.4238e+000 +1.2039e+000 -1.6806e+000
1661 +1.394247636e-001 +1.394247636e-001 +3.548942476e+001 +3.548942476e+001 +2.2846e+000 +4.5328e-001 +4.3897e+000 +1.2019e+000 -1.6802e+000
1762 +1.357778713e-001 +1.357778713e-001 +3.548577787e+001 +3.548577787e+001 +2.2649e+000 +5.1119e-001 +4.3636e+000 +1.2999e+000 -1.6366e+000
1867 +1.330777290e-001 +1.330777290e-001 +3.548307773e+001 +3.548307773e+001 +2.2733e+000 +5.9807e-001 +4.3531e+000 +1.2389e+000 -1.7166e+000
3464 +1.305530503e-001 +1.305530503e-001 +3.548055305e+001 +3.548055305e+001 +2.2806e+000 +5.6444e-001 +4.3360e+000 +1.2981e+000 -1.6380e+000
% function evaluation | noise-free fitness - Fopt (3.820000000000e+000) | best noise-free fitness - Fopt | measured fitness | best measured fitness | x1 | x2...
1 +7.329981111e+002 +7.329981111e+002 +7.368181111e+002 +7.368181111e+002 +0.0000e+000 +0.0000e+000 +0.0000e+000 +0.0000e+000 +0.0000e+000
2 +3.565063090e+002 +3.565063090e+002 +3.603263090e+002 +3.603263090e+002 +4.1797e+000 -2.3823e-001 +1.3849e-001 -4.2901e+000 +3.5083e+000
4 +2.813496915e+002 +2.813496915e+002 +2.851696915e+002 +2.851696915e+002 +4.1750e+000 -2.3564e-001 +1.2984e-001 -4.2902e+000 +3.1524e+000
35 +2.699984705e+002 +2.699984705e+002 +2.738184705e+002 +2.738184705e+002 +4.2105e+000 -2.3425e-001 +1.6181e-001 -4.2901e+000 +3.4303e+000
38 +2.678615304e+002 +2.678615304e+002 +2.716815304e+002 +2.716815304e+002 +4.1724e+000 -2.2424e-001 +1.6682e-001 -4.2904e+000 +3.5011e+000
110 +2.365493279e+002 +2.365493279e+002 +2.403693279e+002 +2.403693279e+002 +4.5670e+000 -1.3240e-001 +2.0597e-001 -4.2911e+000 +3.4724e+000
125 +2.272775533e+002 +2.272775533e+002 +2.310975533e+002 +2.310975533e+002 +4.3859e+000 -3.3487e-001 +2.7848e-001 -4.2907e+000 +2.4083e+000
131 +2.071791442e+002 +2.071791442e+002 +2.109991442e+002 +2.109991442e+002 +4.7369e+000 -1.1384e-001 +2.4732e-001 -4.2939e+000 +3.3557e+000
133 +1.923178020e+002 +1.923178020e+002 +1.961378020e+002 +1.961378020e+002 +4.3926e+000 -1.6593e-001 +8.5064e-001 -4.2912e+000 +3.2570e+000
150 +1.884701504e+002 +1.884701504e+002 +1.922901504e+002 +1.922901504e+002 +4.3740e+000 -1.8190e-001 +9.5239e-001 -4.2904e+000 +3.4533e+000
152 +1.682827571e+002 +1.682827571e+002 +1.721027571e+002 +1.721027571e+002 +4.5070e+000 -6.6323e-002 +5.9112e-001 -4.2915e+000 +3.2883e+000
163 +7.801621216e+001 +7.801621216e+001 +8.183621216e+001 +8.183621216e+001 +4.5821e+000 -1.3905e-001 +5.3982e-001 -4.2928e+000 +1.3022e+000
195 +1.496523045e+001 +1.496523045e+001 +1.878523045e+001 +1.878523045e+001 +4.8412e+000 -2.2910e-001 +3.4022e+000 -4.2914e+000 +2.9975e+000
213 +1.313257876e+001 +1.313257876e+001 +1.695257876e+001 +1.695257876e+001 +4.0327e+000 -1.1722e-001 +2.7783e+000 -4.2910e+000 +2.4040e+000
217 +1.267635004e+001 +1.267635004e+001 +1.649635004e+001 +1.649635004e+001 +5.0721e+000 +7.6790e-002 +3.1739e+000 -4.2920e+000 +2.5126e+000
230 +9.284295371e+000 +9.284295371e+000 +1.310429537e+001 +1.310429537e+001 +4.2740e+000 -5.0804e-002 +3.7852e+000 -4.2910e+000 +2.5336e+000
238 +6.995405035e+000 +6.995405035e+000 +1.081540504e+001 +1.081540504e+001 +4.5168e+000 -7.2940e-002 +2.6698e+000 -4.2946e+000 +1.7911e+000
273 +5.954508323e+000 +5.954508323e+000 +9.774508323e+000 +9.774508323e+000 +4.7511e+000 -1.7281e-002 +2.8699e+000 -4.2855e+000 +2.0136e+000
360 +3.710574279e+000 +3.710574279e+000 +7.530574279e+000 +7.530574279e+000 +4.1805e+000 -1.1072e-001 +3.2017e+000 -4.2918e+000 +1.8013e+000
978 +2.267302437e+000 +2.267302437e+000 +6.087302437e+000 +6.087302437e+000 +4.2654e+000 +4.2997e-001 +2.1377e+000 -4.3543e+000 +1.6313e+000
1225 +2.001631799e+000 +2.001631799e+000 +5.821631799e+000 +5.821631799e+000 +4.1960e+000 +1.0511e+000 +1.6270e+000 -4.2437e+000 +1.3665e+000
1411 +1.682085112e+000 +1.682085112e+000 +5.502085112e+000 +5.502085112e+000 +4.2870e+000 +8.2940e-001 +1.8897e+000 -3.0923e+000 +1.5362e+000
1430 +8.562152307e-001 +8.562152307e-001 +4.676215231e+000 +4.676215231e+000 +4.2890e+000 +7.1477e-001 +2.4805e+000 -3.0226e+000 +1.4943e+000
1856 +6.523301646e-001 +6.523301646e-001 +4.472330165e+000 +4.472330165e+000 +4.1788e+000 +7.3644e-001 +2.2241e+000 -3.2343e+000 +1.1521e+000
1955 +4.725850514e-001 +4.725850514e-001 +4.292585051e+000 +4.292585051e+000 +4.1827e+000 +8.1433e-001 +2.3375e+000 -3.1984e+000 +1.4008e+000
2069 +4.372703609e-001 +4.372703609e-001 +4.257270361e+000 +4.257270361e+000 +4.1846e+000 +7.9881e-001 +2.2608e+000 -2.9047e+000 +1.3338e+000
2353 +4.196340508e-001 +4.196340508e-001 +4.239634051e+000 +4.239634051e+000 +4.1581e+000 +8.3595e-001 +2.2763e+000 -3.1791e+000 +1.3125e+000
2398 +3.728769866e-001 +3.728769866e-001 +4.192876987e+000 +4.192876987e+000 +4.1004e+000 +8.2245e-001 +2.2578e+000 -3.0328e+000 +1.3090e+000
2590 +3.681303419e-001 +3.681303419e-001 +4.188130342e+000 +4.188130342e+000 +4.1071e+000 +8.2260e-001 +2.2343e+000 -3.0667e+000 +1.2542e+000
2825 +3.452359883e-001 +3.452359883e-001 +4.165235988e+000 +4.165235988e+000 +4.1000e+000 +7.9299e-001 +2.2428e+000 -2.9226e+000 +1.2831e+000
2846 +3.369397013e-001 +3.369397013e-001 +4.156939701e+000 +4.156939701e+000 +4.0824e+000 +7.8849e-001 +2.2421e+000 -2.9433e+000 +1.2406e+000
2945 +3.257002558e-001 +3.257002558e-001 +4.145700256e+000 +4.145700256e+000 +4.1002e+000 +7.0074e-001 +2.3469e+000 -2.6867e+000 +1.2458e+000
2957 +3.214777276e-001 +3.214777276e-001 +4.141477728e+000 +4.141477728e+000 +4.0853e+000 +7.0687e-001 +2.3252e+000 -2.8917e+000 +1.2503e+000
3006 +3.035840577e-001 +3.035840577e-001 +4.123584058e+000 +4.123584058e+000 +4.0727e+000 +6.2936e-001 +2.3319e+000 -2.7275e+000 +1.2190e+000
3580 +2.904944769e-001 +2.904944769e-001 +4.110494477e+000 +4.110494477e+000 +4.0273e+000 +6.4126e-001 +2.3957e+000 -2.6781e+000 +1.1894e+000
% function evaluation | noise-free fitness - Fopt (2.175000000000e+001) | best noise-free fitness - Fopt | measured fitness | best measured fitness | x1 | x2...
1 +1.551430652e+002 +1.551430652e+002 +1.768930652e+002 +1.768930652e+002 +0.0000e+000 +0.0000e+000 +0.0000e+000 +0.0000e+000 +0.0000e+000
241 +1.518781902e+002 +1.518781902e+002 +1.736281902e+002 +1.736281902e+002 +1.6134e+000 -2.9466e+000 -4.5017e-001 +6.2611e+000 +3.9069e+000
249 +1.505303794e+002 +1.505303794e+002 +1.722803794e+002 +1.722803794e+002 +1.5976e+000 -2.8735e+000 -4.3358e-001 +8.1302e+000 +3.5547e+000
261 +8.149311305e+001 +8.149311305e+001 +1.032431130e+002 +1.032431130e+002 +1.6109e+000 -2.8303e+000 -4.2699e-001 +7.9261e+000 +2.3497e+000
262 +7.522748245e+001 +7.522748245e+001 +9.697748245e+001 +9.697748245e+001 +1.6024e+000 -2.7542e+000 -4.4175e-001 +5.4563e+000 +2.1563e+000
294 +7.335742161e+001 +7.335742161e+001 +9.510742161e+001 +9.510742161e+001 +1.4598e+000 -2.6347e+000 -4.6611e-001 +4.4625e+000 +2.1873e+000
308 +4.377713207e+001 +4.377713207e+001 +6.552713207e+001 +6.552713207e+001 +1.7150e+000 -2.4635e+000 -5.2177e-001 +3.9558e+000 -1.6134e-001
336 +4.155411354e+001 +4.155411354e+001 +6.330411354e+001 +6.330411354e+001 +1.5583e+000 -1.0743e+000 -5.3741e-001 +7.3490e+000 +2.5178e-001
359 +2.795517200e+001 +2.795517200e+001 +4.970517200e+001 +4.970517200e+001 +1.5576e+000 -1.9867e+000 -4.7906e-001 +6.5434e+000 -4.3920e-001
385 +2.689080266e+001 +2.689080266e+001 +4.864080266e+001 +4.864080266e+001 +1.5528e+000 -1.9850e+000 -5.0138e-001 +6.1479e+000 -4.9845e-001
391 +1.556622005e+001 +1.556622005e+001 +3.731622005e+001 +3.731622005e+001 +1.5285e+000 -7.7928e-001 -4.8800e-001 +6.3162e+000 -1.1269e+000
428 +1.462378292e+001 +1.462378292e+001 +3.637378292e+001 +3.637378292e+001 +1.5798e+000 -1.3178e+000 -5.6393e-001 +6.2023e+000 -1.1715e+000
436 +1.308273471e+001 +1.308273471e+001 +3.483273471e+001 +3.483273471e+001 +1.8497e+000 -1.4917e+000 -5.4155e-001 +5.4077e+000 -6.0611e-001
504 +1.063929935e+001 +1.063929935e+001 +3.238929935e+001 +3.238929935e+001 +1.7406e+000 -7.2547e-001 -4.6654e-001 +6.1254e+000 -9.4573e-001
516 +1.037104054e+001 +1.037104054e+001 +3.212104054e+001 +3.212104054e+001 +1.8139e+000 +3.3547e-001 -4.5507e-001 +5.6576e+000 -1.1235e+000
543 +7.508980618e+000 +7.508980618e+000 +2.925898062e+001 +2.925898062e+001 +1.5487e+000 -1.9764e-001 -4.6177e-001 +5.8530e+000 -1.7278e+000
599 +7.321954714e+000 +7.321954714e+000 +2.907195471e+001 +2.907195471e+001 +1.5550e+000 -7.7630e-001 -3.6928e-001 +5.7790e+000 -1.8978e+000
605 +7.012232098e+000 +7.012232098e+000 +2.876223210e+001 +2.876223210e+001 +1.5626e+000 -2.2278e-001 -3.4169e-001 +4.9274e+000 -1.4819e+000
634 +4.198866730e+000 +4.198866730e+000 +2.594886673e+001 +2.594886673e+001 +1.8432e+000 +6.6756e-001 -1.6412e-001 +5.0514e+000 -1.7882e+000
714 +3.018261439e+000 +3.018261439e+000 +2.476826144e+001 +2.476826144e+001 +1.6125e+000 +6.8427e-001 -3.4298e-001 +4.7550e+000 -2.2051e+000
759 +2.326500260e+000 +2.326500260e+000 +2.407650026e+001 +2.407650026e+001 +1.8888e+000 +6.4669e-001 +3.7507e-002 +4.4119e+000 -2.3667e+000
841 +2.123301615e+000 +2.123301615e+000 +2.387330162e+001 +2.387330162e+001 +1.5745e+000 +6.7711e-001 +1.2791e-001 +4.9959e+000 -2.3414e+000
1178 +1.995998193e+000 +1.995998193e+000 +2.374599819e+001 +2.374599819e+001 +1.6686e+000 +8.4764e-001 -3.1010e-002 +4.7364e+000 -2.6246e+000
1394 +1.891532493e+000 +1.891532493e+000 +2.364153249e+001 +2.364153249e+001 +2.4682e+000 +8.5820e-001 -1.0734e-001 +3.9959e+000 -2.4832e+000
1438 +1.833055927e+000 +1.833055927e+000 +2.358305593e+001 +2.358305593e+001 +2.6130e+000 +1.2164e+000 -7.0803e-003 +3.7483e+000 -2.5905e+000
1500 +1.574255082e+000 +1.574255082e+000 +2.332425508e+001 +2.332425508e+001 +2.3196e+000 +1.2259e+000 -3.4536e-001 +3.4898e+000 -2.6460e+000
1510 +1.457476349e+000 +1.457476349e+000 +2.320747635e+001 +2.320747635e+001 +2.7250e+000 +1.0035e+000 -4.1284e-001 +3.4101e+000 -2.6640e+000
2504 +1.427821826e+000 +1.427821826e+000 +2.317782183e+001 +2.317782183e+001 +2.8321e+000 +1.6194e+000 -3.0783e-001 +3.1963e+000 -2.3839e+000
% function evaluation | noise-free fitness - Fopt (6.479000000000e+001) | best noise-free fitness - Fopt | measured fitness | best measured fitness | x1 | x2...
1 +3.268637627e+001 +3.268637627e+001 +9.747637627e+001 +9.747637627e+001 +0.0000e+000 +0.0000e+000 +0.0000e+000 +0.0000e+000 +0.0000e+000
520 +2.677274898e+001 +2.677274898e+001 +9.156274898e+001 +9.156274898e+001 +5.6272e-001 +1.6819e+000 +2.2971e+000 +1.8589e+000 -1.2804e+000
533 +1.957625119e+001 +1.957625119e+001 +8.436625119e+001 +8.436625119e+001 -6.7175e-001 +4.0111e-001 +6.9586e-001 +2.2552e+000 -1.3228e+000
554 +1.887403000e+001 +1.887403000e+001 +8.366403000e+001 +8.366403000e+001 -1.2530e+000 -4.5451e-001 +1.8623e+000 +1.8899e+000 -1.5531e+000
590 +1.392675437e+001 +1.392675437e+001 +7.871675437e+001 +7.871675437e+001 -2.0886e+000 -4.4883e-001 +2.3717e+000 +2.1733e+000 -2.8151e+000
603 +9.977798073e+000 +9.977798073e+000 +7.476779807e+001 +7.476779807e+001 -1.1396e+000 +1.6663e-001 +1.4667e+000 +1.9367e+000 -1.9055e+000
679 +8.131038436e+000 +8.131038436e+000 +7.292103844e+001 +7.292103844e+001 +3.2431e-002 -2.8039e-001 +2.5481e-001 +1.6483e+000 -1.4975e+000
680 +7.867144069e+000 +7.867144069e+000 +7.265714407e+001 +7.265714407e+001 -4.9357e-001 -2.2706e-001 +5.9408e-001 +1.5027e+000 -1.4312e+000
713 +3.935774406e+000 +3.935774406e+000 +6.872577441e+001 +6.872577441e+001 -5.7264e-001 -6.1681e-001 +6.2169e-001 +1.4000e+000 -3.7129e-001
725 +3.214008826e+000 +3.214008826e+000 +6.800400883e+001 +6.800400883e+001 -4.8302e-001 -7.2822e-001 +3.7415e-001 +1.6754e+000 -1.2340e+000
738 +3.118311766e+000 +3.118311766e+000 +6.790831177e+001 +6.790831177e+001 -5.1815e-001 -8.3313e-001 +5.0090e-001 +1.7596e+000 -9.0335e-001
759 +1.076179734e+000 +1.076179734e+000 +6.586617973e+001 +6.586617973e+001 -6.0055e-001 -1.1562e+000 -3.1049e-001 +1.7259e+000 -4.4616e-001
862 +8.406454716e-001 +8.406454716e-001 +6.563064547e+001 +6.563064547e+001 -6.7226e-001 -1.0220e+000 -8.3698e-002 +1.4161e+000 -4.1360e-001
865 +5.019540500e-001 +5.019540500e-001 +6.529195405e+001 +6.529195405e+001 -1.0112e+000 -1.0873e+000 +1.9744e-001 +1.3812e+000 -3.9887e-001
919 +4.674381872e-001 +4.674381872e-001 +6.525743819e+001 +6.525743819e+001 -7.9504e-001 -1.2343e+000 +3.8228e-003 +1.5777e+000 -3.3179e-001
% function evaluation | noise-free fitness - Fopt (-6.173000000000e+001) | best noise-free fitness - Fopt | measured fitness | best measured fitness | x1 | x2...
1 +2.603296367e+002 +2.603296367e+002 +1.985996367e+002 +1.985996367e+002 +0.0000e+000 +0.0000e+000 +0.0000e+000 +0.0000e+000 +0.0000e+000
179 +1.463490309e+002 +1.463490309e+002 +8.461903090e+001 +8.461903090e+001 -3.1732e+000 +2.2960e+000 -7.2972e+000 +4.3049e+000 -5.7755e-001
208 +1.184846033e+002 +1.184846033e+002 +5.675460329e+001 +5.675460329e+001 -3.3141e+000 +1.3288e+000 -6.3987e+000 +4.1670e+000 +1.8276e-001
215 +1.050489323e+002 +1.050489323e+002 +4.331893226e+001 +4.331893226e+001 -2.8599e+000 +2.7683e-001 -7.1968e+000 +4.2098e+000 +1.8914e-001
226 +1.006670300e+002 +1.006670300e+002 +3.893703004e+001 +3.893703004e+001 -2.9305e+000 +1.2135e+000 -6.2301e+000 +4.3365e+000 -1.9705e-001
273 +5.720863325e+001 +5.720863325e+001 -4.521366747e+000 -4.521366747e+000 -2.9413e+000 -3.1011e-001 -6.7356e+000 +4.2686e+000 -1.2909e-001
308 +4.360182624e+001 +4.360182624e+001 -1.812817376e+001 -1.812817376e+001 -3.2048e+000 -8.0207e-001 -5.3804e+000 +4.1228e+000 -2.0976e-001
340 +3.530569360e+001 +3.530569360e+001 -2.642430640e+001 -2.642430640e+001 -3.1458e+000 -1.3855e+000 -5.9230e+000 +3.8323e+000 -1.0573e+000
353 +1.868006829e+001 +1.868006829e+001 -4.304993171e+001 -4.304993171e+001 -2.6348e+000 -1.0484e+000 -5.8480e+000 +4.0583e+000 -1.0470e+000
448 +1.142747272e+001 +1.142747272e+001 -5.030252728e+001 -5.030252728e+001 -2.9792e+000 -2.4735e+000 -4.5974e+000 +4.2520e+000 -1.9472e+000
453 +9.669098046e+000 +9.669098046e+000 -5.206090195e+001 -5.206090195e+001 -1.8309e+000 -2.7321e+000 -4.2849e+000 +4.5857e+000 -2.5248e+000
488 +8.271621766e+000 +8.271621766e+000 -5.345837823e+001 -5.345837823e+001 -2.8698e+000 -2.0301e+000 -5.7967e+000 +4.9491e+000 -3.1610e+000
507 +7.275772009e+000 +7.275772009e+000 -5.445422799e+001 -5.445422799e+001 -3.0552e+000 -1.7139e+000 -5.6186e+000 +4.7958e+000 -1.9723e+000
533 +4.870424607e+000 +4.870424607e+000 -5.685957539e+001 -5.685957539e+001 -2.6741e+000 -1.9933e+000 -5.8319e+000 +4.7988e+000 -2.6904e+000
577 +4.512441688e+000 +4.512441688e+000 -5.721755831e+001 -5.721755831e+001 -2.4964e+000 -1.7355e+000 -5.6768e+000 +4.7479e+000 -2.4754e+000
587 +4.380310901e+000 +4.380310901e+000 -5.734968910e+001 -5.734968910e+001 -2.3304e+000 -1.8761e+000 -5.5709e+000 +4.6942e+000 -2.2269e+000
597 +4.332455159e+000 +4.332455159e+000 -5.739754484e+001 -5.739754484e+001 -2.4547e+000 -1.8070e+000 -5.6256e+000 +4.7702e+000 -2.3538e+000
612 +4.219867835e+000 +4.219867835e+000 -5.751013216e+001 -5.751013216e+001 -2.4513e+000 -1.8046e+000 -5.5280e+000 +4.9316e+000 -2.3334e+000
657 +4.071210765e+000 +4.071210765e+000 -5.765878924e+001 -5.765878924e+001 -2.2530e+000 -1.8220e+000 -5.5029e+000 +4.8391e+000 -2.4992e+000
734 +3.963223132e+000 +3.963223132e+000 -5.776677687e+001 -5.776677687e+001 -2.3297e+000 -1.9665e+000 -5.4429e+000 +4.9272e+000 -2.4900e+000
857 +3.170846307e+000 +3.170846307e+000 -5.855915369e+001 -5.855915369e+001 -2.2311e+000 -1.8482e+000 -5.2851e+000 +4.7998e+000 -1.8771e+000
1597 +2.347016980e+000 +2.347016980e+000 -5.938298302e+001 -5.938298302e+001 -2.5453e+000 -2.3171e+000 -5.1603e+000 +3.9575e+000 -2.6463e+000
1755 +2.340542754e+000 +2.340542754e+000 -5.938945725e+001 -5.938945725e+001 -2.5830e+000 -2.1113e+000 -5.0395e+000 +4.1497e+000 -2.7436e+000
1769 +2.201090193e+000 +2.201090193e+000 -5.952890981e+001 -5.952890981e+001 -2.4865e+000 -2.1842e+000 -5.0830e+000 +4.1293e+000 -2.7456e+000
1877 +2.098657512e+000 +2.098657512e+000 -5.963134249e+001 -5.963134249e+001 -2.0488e+000 -2.1741e+000 -4.9504e+000 +4.2455e+000 -2.7723e+000
4191 +1.155018660e+000 +1.155018660e+000 -6.057498134e+001 -6.057498134e+001 -1.8615e+000 -2.7224e+000 -4.2768e+000 +3.7158e+000 -2.7292e+000
% function evaluation | noise-free fitness - Fopt (-2.930000000000e+000) | best noise-free fitness - Fopt | measured fitness | best measured fitness | x1 | x2...
1 +4.652410707e+001 +4.652410707e+001 +4.359410707e+001 +4.359410707e+001 +0.0000e+000 +0.0000e+000 +0.0000e+000 +0.0000e+000 +0.0000e+000
276 +4.142854124e+001 +4.142854124e+001 +3.849854124e+001 +3.849854124e+001 +4.8531e+000 +5.9473e+000 -4.1457e+000 -1.8882e+000 -4.4231e+000
286 +3.227289578e+001 +3.227289578e+001 +2.934289578e+001 +2.934289578e+001 +4.2739e+000 +4.8974e+000 -4.1299e+000 -2.9351e+000 -3.4656e+000
310 +2.964867378e+001 +2.964867378e+001 +2.671867378e+001 +2.671867378e+001 +4.0923e+000 +4.9184e+000 -4.3188e+000 -2.2916e+000 -3.2497e+000
328 +2.190121901e+001 +2.190121901e+001 +1.897121901e+001 +1.897121901e+001 +4.6657e+000 +5.4527e+000 -3.7850e+000 -2.4331e+000 -2.7047e+000
370 +1.354184139e+001 +1.354184139e+001 +1.061184139e+001 +1.061184139e+001 +4.5558e+000 +5.5247e+000 -3.9675e+000 -2.1943e+000 -8.0952e-001
381 +1.188019206e+001 +1.188019206e+001 +8.950192058e+000 +8.950192058e+000 +4.3497e+000 +5.8325e+000 -4.1168e+000 -2.1690e+000 +1.6870e-002
470 +1.103340686e+001 +1.103340686e+001 +8.103406863e+000 +8.103406863e+000 +4.4000e+000 +6.0277e+000 -4.2351e+000 -1.8229e+000 +7.4189e-001
505 +1.035592749e+001 +1.035592749e+001 +7.425927491e+000 +7.425927491e+000 +4.1848e+000 +5.6154e+000 -4.0448e+000 -1.9856e+000 +6.7524e-001
575 +8.748499842e+000 +8.748499842e+000 +5.818499842e+000 +5.818499842e+000 +3.5593e+000 +5.5035e+000 -3.7945e+000 -1.6929e+000 +1.8300e+000
599 +6.315376030e+000 +6.315376030e+000 +3.385376030e+000 +3.385376030e+000 +4.0980e+000 +5.6067e+000 -3.5485e+000 -1.7414e+000 +7.9249e-001
669 +6.275185303e+000 +6.275185303e+000 +3.345185303e+000 +3.345185303e+000 +3.9487e+000 +5.5727e+000 -3.7962e+000 -1.5530e+000 +1.5396e+000
689 +6.112789203e+000 +6.112789203e+000 +3.182789203e+000 +3.182789203e+000 +3.9968e+000 +5.3570e+000 -3.7791e+000 -1.4913e+000 +5.1819e-001
802 +6.004415826e+000 +6.004415826e+000 +3.074415826e+000 +3.074415826e+000 +3.9341e+000 +5.1381e+000 -3.4768e+000 -1.5637e+000 +1.8102e-001
1208 +5.703917963e+000 +5.703917963e+000 +2.773917963e+000 +2.773917963e+000 +3.7981e+000 +5.1947e+000 -3.4134e+000 -1.4488e+000 +1.9378e+000
1253 +5.346348039e+000 +5.346348039e+000 +2.416348039e+000 +2.416348039e+000 +3.7212e+000 +5.1578e+000 -3.3449e+000 -1.5119e+000 +1.6673e+000
1293 +4.782736370e+000 +4.782736370e+000 +1.852736370e+000 +1.852736370e+000 +3.7557e+000 +4.8294e+000 -3.3489e+000 -1.3586e+000 +1.3229e+000
1307 +4.088110914e+000 +4.088110914e+000 +1.158110914e+000 +1.158110914e+000 +3.6450e+000 +4.9999e+000 -3.3000e+000 -1.3369e+000 +1.3146e+000
1626 +4.063969202e+000 +4.063969202e+000 +1.133969202e+000 +1.133969202e+000 +3.5964e+000 +4.6511e+000 -3.2081e+000 -1.1576e+000 +1.5490e+000
2263 +3.938693042e+000 +3.938693042e+000 +1.008693042e+000 +1.008693042e+000 +3.5702e+000 +4.8412e+000 -2.7976e+000 -1.0757e+000 +6.1537e-001
2414 +3.403823611e+000 +3.403823611e+000 +4.738236115e-001 +4.738236115e-001 +3.2629e+000 +4.0928e+000 -2.7960e+000 -9.4235e-001 +1.4335e+000
2583 +2.645429706e+000 +2.645429706e+000 -2.845702944e-001 -2.845702944e-001 +3.5592e+000 +4.2822e+000 -2.4051e+000 -1.1138e+000 +1.4159e+000
2599 +2.177717488e+000 +2.177717488e+000 -7.522825125e-001 -7.522825125e-001 +3.6474e+000 +3.6637e+000 -2.3671e+000 -1.0921e+000 +1.0804e+000
2887 +1.934164540e+000 +1.934164540e+000 -9.958354605e-001 -9.958354605e-001 +3.3554e+000 +3.6062e+000 -2.3445e+000 -1.3154e+000 +7.9550e-001
3428 +1.872315517e+000 +1.872315517e+000 -1.057684483e+000 -1.057684483e+000 +3.5456e+000 +3.7829e+000 -2.0088e+000 -8.6438e-001 +3.8312e-001
3509 +1.854263987e+000 +1.854263987e+000 -1.075736013e+000 -1.075736013e+000 +3.4094e+000 +3.5082e+000 -1.8166e+000 -8.4347e-001 +1.6185e+000
4065 +1.171841056e+000 +1.171841056e+000 -1.758158944e+000 -1.758158944e+000 +3.3142e+000 +3.0528e+000 -1.9109e+000 -8.4281e-001 +1.4362e+000
4140 +9.495307457e-001 +9.495307457e-001 -1.980469254e+000 -1.980469254e+000 +3.2839e+000 +3.3980e+000 -1.9924e+000 -9.0251e-001 +1.6147e+000
4372 +7.345403095e-001 +7.345403095e-001 -2.195459691e+000 -2.195459691e+000 +2.9482e+000 +3.1136e+000 -1.8261e+000 -7.8501e-001 +1.3237e+000
% function evaluation | noise-free fitness - Fopt (1.398800000000e+002) | best noise-free fitness - Fopt | measured fitness | best measured fitness | x1 | x2...
1 +7.740221236e+002 +7.740221236e+002 +9.139021236e+002 +9.139021236e+002 +0.0000e+000 +0.0000e+000 +0.0000e+000 +0.0000e+000 +0.0000e+000
354 +6.313591423e+002 +6.313591423e+002 +7.712391423e+002 +7.712391423e+002 -4.1490e+000 +6.6269e-001 -1.7526e+000 +1.2185e+000 -3.8946e-001
358 +5.840994251e+002 +5.840994251e+002 +7.239794251e+002 +7.239794251e+002 +1.1275e+000 +9.0595e-001 -4.7301e+000 +1.2431e+000 -2.8685e+000
364 +5.452752427e+002 +5.452752427e+002 +6.851552427e+002 +6.851552427e+002 -2.7294e-001 +9.4782e-001 -1.9829e+000 +1.2266e+000 -9.3265e-001
378 +5.008500325e+002 +5.008500325e+002 +6.407300325e+002 +6.407300325e+002 -2.3898e+000 +1.4249e+000 -3.1999e+000 +1.2374e+000 -1.4854e+000
395 +2.137773166e+002 +2.137773166e+002 +3.536573166e+002 +3.536573166e+002 -2.5938e+000 +2.1207e+000 -7.4431e+000 +1.2121e+000 -2.4390e+000
405 +1.589299247e+002 +1.589299247e+002 +2.988099247e+002 +2.988099247e+002 +3.6425e-001 +1.9137e+000 -8.0201e+000 +1.2560e+000 -1.6062e+000
406 +6.083990267e+001 +6.083990267e+001 +2.007199027e+002 +2.007199027e+002 +1.5384e+000 +1.9827e+000 -5.0108e+000 +1.2277e+000 +6.2068e-001
427 +1.918110586e+001 +1.918110586e+001 +1.590611059e+002 +1.590611059e+002 +4.9487e+000 +1.6013e+000 -4.8765e+000 +1.2362e+000 +2.7098e+000
458 +1.655357959e+001 +1.655357959e+001 +1.564335796e+002 +1.564335796e+002 +1.3071e+000 +2.8153e+000 -5.3798e+000 +1.2094e+000 +1.9140e+000
461 +1.185295424e+001 +1.185295424e+001 +1.517329542e+002 +1.517329542e+002 +2.8562e+000 +3.7565e+000 -4.1096e+000 +1.2281e+000 +2.3773e+000
493 +7.874699614e+000 +7.874699614e+000 +1.477546996e+002 +1.477546996e+002 +2.7685e+000 +3.1979e+000 -4.9330e+000 +1.2280e+000 +1.7921e+000
508 +7.476965810e+000 +7.476965810e+000 +1.473569658e+002 +1.473569658e+002 +2.6250e+000 +3.3485e+000 -4.5959e+000 +1.2310e+000 +1.7676e+000
629 +6.650555550e+000 +6.650555550e+000 +1.465305555e+002 +1.465305555e+002 +5.0687e+000 +2.4636e+000 -4.4104e+000 +1.2119e+000 +2.6643e+000
657 +5.376274335e+000 +5.376274335e+000 +1.452562743e+002 +1.452562743e+002 +3.2122e+000 +3.2051e+000 -3.8455e+000 +1.2312e+000 +2.4073e+000
724 +4.710339683e+000 +4.710339683e+000 +1.445903397e+002 +1.445903397e+002 +3.4900e+000 +3.1710e+000 -4.4386e+000 +1.3194e+000 +2.3155e+000
906 +4.650375999e+000 +4.650375999e+000 +1.445303760e+002 +1.445303760e+002 +3.6080e+000 +3.0654e+000 -4.5081e+000 +1.2484e+000 +2.2728e+000
1942 +4.545770734e+000 +4.545770734e+000 +1.444257707e+002 +1.444257707e+002 +3.6391e+000 +2.8959e+000 -4.4193e+000 +1.2391e+000 +2.5422e+000
1953 +4.418693458e+000 +4.418693458e+000 +1.442986935e+002 +1.442986935e+002 +3.5662e+000 +2.8991e+000 -4.3683e+000 +1.0069e+000 +2.4126e+000
1987 +4.323566466e+000 +4.323566466e+000 +1.442035665e+002 +1.442035665e+002 +3.6076e+000 +2.9186e+000 -4.6091e+000 +1.2400e+000 +2.4047e+000
2062 +4.163276390e+000 +4.163276390e+000 +1.440432764e+002 +1.440432764e+002 +3.6227e+000 +2.7680e+000 -4.4756e+000 +1.0699e+000 +2.3846e+000
2124 +3.968334558e+000 +3.968334558e+000 +1.438483346e+002 +1.438483346e+002 +3.9218e+000 +2.8232e+000 -4.5372e+000 +1.2120e+000 +2.4805e+000
2248 +2.355059234e+000 +2.355059234e+000 +1.422350592e+002 +1.422350592e+002 +3.7160e+000 +2.7594e+000 -4.2897e+000 +6.6428e-001 +2.7453e+000
2545 +2.263438685e+000 +2.263438685e+000 +1.421434387e+002 +1.421434387e+002 +3.2950e+000 +2.7264e+000 -4.1464e+000 +3.5237e-001 +2.5710e+000
2591 +2.119795533e+000 +2.119795533e+000 +1.419997955e+002 +1.419997955e+002 +3.4191e+000 +2.9209e+000 -4.3243e+000 +5.2656e-001 +2.5421e+000
2619 +2.067648794e+000 +2.067648794e+000 +1.419476488e+002 +1.419476488e+002 +3.3804e+000 +2.7554e+000 -4.1481e+000 +3.9038e-001 +2.6348e+000
2653 +2.012753404e+000 +2.012753404e+000 +1.418927534e+002 +1.418927534e+002 +3.4374e+000 +2.8744e+000 -4.3095e+000 +7.3181e-001 +2.6412e+000
% function evaluation | noise-free fitness - Fopt (-2.290200000000e+002) | best noise-free fitness - Fopt | measured fitness | best measured fitness | x1 | x2...
1 +1.305332661e+002 +1.305332661e+002 -9.848673392e+001 -9.848673392e+001 +0.0000e+000 +0.0000e+000 +0.0000e+000 +0.0000e+000 +0.0000e+000
237 +1.016008276e+002 +1.016008276e+002 -1.274191724e+002 -1.274191724e+002 -4.9973e-001 +3.0616e+000 +1.1417e+000 -1.8912e+000 -5.8593e-001
253 +8.189041458e+001 +8.189041458e+001 -1.471295854e+002 -1.471295854e+002 -3.3093e-001 +2.9825e+000 +1.5903e+000 -1.7239e+000 -6.8164e-001
255 +8.049656045e+001 +8.049656045e+001 -1.485234395e+002 -1.485234395e+002 -3.8560e-001 +2.7065e+000 +2.9774e-001 -2.0799e+000 -5.6865e-001
277 +5.636896855e+001 +5.636896855e+001 -1.726510314e+002 -1.726510314e+002 -4.8074e-001 +3.0879e+000 -6.6228e-001 -1.8324e+000 -5.6910e-001
290 +3.611525696e+001 +3.611525696e+001 -1.929047430e+002 -1.929047430e+002 -8.3667e-001 +3.0087e+000 +1.1671e+000 -1.2446e+000 -5.9308e-001
367 +2.206980418e+001 +2.206980418e+001 -2.069501958e+002 -2.069501958e+002 -9.6191e-001 +1.8758e+000 -8.7357e-001 -1.3254e+000 -5.0403e-001
476 +1.241236379e+001 +1.241236379e+001 -2.166076362e+002 -2.166076362e+002 -1.7040e+000 +2.6129e+000 +4.9682e-001 -4.5165e-001 +7.3683e-001
654 +7.134314180e+000 +7.134314180e+000 -2.218856858e+002 -2.218856858e+002 -2.9523e+000 +1.8130e+000 +2.8253e+000 -1.8748e-001 +2.7338e-001
727 +4.268147278e+000 +4.268147278e+000 -2.247518527e+002 -2.247518527e+002 -2.7471e+000 +3.9783e-002 +3.0778e+000 -8.3765e-001 +8.1664e-002
754 +3.971256851e+000 +3.971256851e+000 -2.250487431e+002 -2.250487431e+002 -2.1006e+000 +3.7173e-001 +1.7952e+000 -9.4764e-001 -1.4632e-001
787 +3.121600443e+000 +3.121600443e+000 -2.258983996e+002 -2.258983996e+002 -1.7625e+000 +5.1851e-001 +1.3096e+000 -8.4080e-001 +8.5972e-001
788 +3.015472824e+000 +3.015472824e+000 -2.260045272e+002 -2.260045272e+002 -2.1975e+000 +5.6793e-001 +2.3847e+000 -6.5752e-001 +6.3300e-001
824 +2.138546941e+000 +2.138546941e+000 -2.268814531e+002 -2.268814531e+002 -2.2039e+000 +4.6282e-001 +2.4492e+000 -7.7532e-001 +3.1318e-001
843 +1.829148676e+000 +1.829148676e+000 -2.271908513e+002 -2.271908513e+002 -2.5743e+000 -1.3154e-001 +2.2565e+000 -7.4810e-001 +4.3321e-001
849 +1.749376431e+000 +1.749376431e+000 -2.272706236e+002 -2.272706236e+002 -2.2358e+000 +3.8536e-001 +2.4561e+000 -6.7440e-001 +4.6538e-001
878 +1.497451351e+000 +1.497451351e+000 -2.275225486e+002 -2.275225486e+002 -2.4447e+000 +2.8120e-001 +2.5738e+000 -6.1527e-001 +2.8369e-001
889 +1.360537241e+000 +1.360537241e+000 -2.276594628e+002 -2.276594628e+002 -2.4854e+000 +1.9397e-001 +2.7499e+000 -6.3655e-001 +4.4811e-001
1003 +1.128435770e+000 +1.128435770e+000 -2.278915642e+002 -2.278915642e+002 -2.4145e+000 -3.1646e-002 +2.2806e+000 -6.9855e-001 +9.4425e-001
1051 +1.080984881e+000 +1.080984881e+000 -2.279390151e+002 -2.279390151e+002 -2.3566e+000 -1.9430e-001 +2.0627e+000 -7.3705e-001 +9.4255e-001
1076 +4.861335095e-001 +4.861335095e-001 -2.285338665e+002 -2.285338665e+002 -2.3409e+000 -3.8406e-002 +2.1648e+000 -7.8047e-001 +5.5216e-001
1431 +4.622599435e-001 +4.622599435e-001 -2.285577401e+002 -2.285577401e+002 -2.1369e+000 -1.5936e-001 +1.6552e+000 -9.7612e-001 +9.3164e-001
1542 +1.148058671e-001 +1.148058671e-001 -2.289051941e+002 -2.289051941e+002 -2.2306e+000 -2.0000e-001 +1.9367e+000 -9.5508e-001 +5.5880e-001
1627 +1.107130703e-001 +1.107130703e-001 -2.289092869e+002 -2.289092869e+002 -2.1386e+000 -2.4854e-001 +1.6582e+000 -9.9717e-001 +6.9791e-001
1645 +6.389375858e-002 +6.389375858e-002 -2.289561062e+002 -2.289561062e+002 -2.1382e+000 -2.2329e-001 +1.6330e+000 -1.0339e+000 +7.8555e-001
1669 +4.590329696e-002 +4.590329696e-002 -2.289740967e+002 -2.289740967e+002 -2.1282e+000 -2.0902e-001 +1.6497e+000 -1.0039e+000 +7.4955e-001
1731 +3.904121494e-002 +3.904121494e-002 -2.289809588e+002 -2.289809588e+002 -2.1025e+000 -2.2114e-001 +1.6441e+000 -1.0381e+000 +6.8680e-001
1860 +3.605810982e-002 +3.605810982e-002 -2.289839419e+002 -2.289839419e+002 -2.1159e+000 -3.2127e-001 +1.6387e+000 -1.0591e+000 +6.8199e-001
2017 +1.760501195e-002 +1.760501195e-002 -2.290023950e+002 -2.290023950e+002 -2.1140e+000 -2.7675e-001 +1.6846e+000 -1.0533e+000 +6.8188e-001
2082 +1.590125889e-002 +1.590125889e-002 -2.290040987e+002 -2.290040987e+002 -2.0941e+000 -2.7341e-001 +1.7126e+000 -1.0543e+000 +6.3314e-001
% function evaluation | noise-free fitness - Fopt (6.198000000000e+001) | best noise-free fitness - Fopt | measured fitness | best measured fitness | x1 | x2...
1 +2.544902707e+002 +2.544902707e+002 +3.164702707e+002 +3.164702707e+002 +0.0000e+000 +0.0000e+000 +0.0000e+000 +0.0000e+000 +0.0000e+000
638 +2.220968630e+002 +2.220968630e+002 +2.840768630e+002 +2.840768630e+002 -2.0561e+000 +2.1904e+000 +2.8835e+000 -3.2030e+000 +7.8920e+000
641 +1.790613522e+002 +1.790613522e+002 +2.410413522e+002 +2.410413522e+002 -2.2994e+000 +1.8112e+000 -3.4449e+000 -2.2317e+000 +7.4480e+000
693 +1.638897900e+002 +1.638897900e+002 +2.258697900e+002 +2.258697900e+002 -2.2716e+000 +1.8824e+000 -4.8182e+000 -3.2162e+000 +6.3018e+000
793 +1.560675470e+002 +1.560675470e+002 +2.180475470e+002 +2.180475470e+002 -1.9013e+000 +2.4167e+000 -3.3475e+000 -2.6017e+000 +6.5385e+000
806 +1.492641925e+002 +1.492641925e+002 +2.112441925e+002 +2.112441925e+002 -2.0890e+000 +2.0038e+000 -5.5075e+000 -4.8248e+000 +5.9443e+000
860 +1.423073744e+002 +1.423073744e+002 +2.042873744e+002 +2.042873744e+002 -1.9863e+000 +1.7539e+000 -5.6680e+000 -1.7439e+000 +6.8357e+000
883 +1.264471747e+002 +1.264471747e+002 +1.884271747e+002 +1.884271747e+002 -1.3827e+000 +2.0741e+000 -2.2205e+000 -1.9580e+000 +6.0268e+000
915 +1.126398440e+002 +1.126398440e+002 +1.746198440e+002 +1.746198440e+002 -1.4573e+000 +1.8643e+000 -5.5734e+000 -2.6094e+000 +6.4093e+000
955 +1.116880099e+002 +1.116880099e+002 +1.736680099e+002 +1.736680099e+002 -1.4573e+000 +1.9917e+000 -4.6840e+000 -3.5149e+000 +4.6890e+000
985 +8.139644918e+001 +8.139644918e+001 +1.433764492e+002 +1.433764492e+002 -6.5768e-001 +2.0831e+000 -3.1737e+000 -4.1226e+000 +4.3135e+000
1010 +8.023967685e+001 +8.023967685e+001 +1.422196769e+002 +1.422196769e+002 -3.8396e-001 +1.9382e+000 -5.7918e+000 -5.1475e+000 +4.7391e+000
1027 +1.862253979e+001 +1.862253979e+001 +8.060253979e+001 +8.060253979e+001 +1.2427e+000 +1.5805e+000 -3.9418e-001 -3.5531e+000 +1.8771e+000
1394 +1.818554625e+001 +1.818554625e+001 +8.016554625e+001 +8.016554625e+001 +1.4557e+000 +1.2381e+000 -3.8174e+000 -4.9462e+000 +1.1578e+000
1471 +1.581167788e+001 +1.581167788e+001 +7.779167788e+001 +7.779167788e+001 +1.6746e+000 +1.3509e+000 -1.8865e+000 -4.3067e+000 +7.0123e-001
1478 +1.457721859e+001 +1.457721859e+001 +7.655721859e+001 +7.655721859e+001 +1.6024e+000 +1.3242e+000 -3.0865e+000 -4.4943e+000 +7.4784e-001
1480 +1.358601884e+001 +1.358601884e+001 +7.556601884e+001 +7.556601884e+001 +1.8898e+000 +1.3591e+000 -3.0650e+000 -4.7390e+000 +4.1683e-001
1486 +7.652695049e+000 +7.652695049e+000 +6.963269505e+001 +6.963269505e+001 +2.7377e+000 +1.4486e+000 -2.0965e+000 -4.6409e+000 +6.1413e-003
1614 +6.641700579e+000 +6.641700579e+000 +6.862170058e+001 +6.862170058e+001 +2.1135e+000 +1.3216e+000 -1.6652e+000 -4.4700e+000 +3.6726e-001
1741 +5.886252674e+000 +5.886252674e+000 +6.786625267e+001 +6.786625267e+001 +2.1409e+000 +1.2269e+000 -1.5308e+000 -4.3212e+000 +1.8341e-001
1762 +5.736106016e+000 +5.736106016e+000 +6.771610602e+001 +6.771610602e+001 +2.2273e+000 +1.1603e+000 -1.6867e+000 -4.3885e+000 +1.6970e-001
1781 +5.413690272e+000 +5.413690272e+000 +6.739369027e+001 +6.739369027e+001 +2.3585e+000 +1.1982e+000 -1.4046e+000 -4.1417e+000 +2.1783e-001
1783 +5.359604584e+000 +5.359604584e+000 +6.733960458e+001 +6.733960458e+001 +2.2451e+000 +1.2155e+000 -1.7693e+000 -4.4047e+000 +8.3359e-002
1790 +4.609107550e+000 +4.609107550e+000 +6.658910755e+001 +6.658910755e+001 +2.2349e+000 +1.1632e+000 -7.0029e-001 -4.0450e+000 +6.0665e-001
1868 +2.872442306e+000 +2.872442306e+000 +6.485244231e+001 +6.485244231e+001 +2.6286e+000 +1.1448e+000 +4.2829e-002 -3.6507e+000 +6.9259e-001
1940 +2.422232324e+000 +2.422232324e+000 +6.440223232e+001 +6.440223232e+001 +2.8060e+000 +1.0966e+000 -3.6872e-001 -3.7811e+000 +1.4702e-001
2028 +2.376129849e+000 +2.376129849e+000 +6.435612985e+001 +6.435612985e+001 +2.7879e+000 +1.0893e+000 -4.7010e-001 -3.5549e+000 +6.5436e-002
2049 +1.383261832e+000 +1.383261832e+000 +6.336326183e+001 +6.336326183e+001 +2.8348e+000 +1.0733e+000 +2.5953e-001 -3.7873e+000 +5.5367e-001
2094 +7.927474465e-001 +7.927474465e-001 +6.277274745e+001 +6.277274745e+001 +3.0070e+000 +1.0826e+000 +4.4695e-001 -3.7408e+000 -3.6304e-001
2217 +7.017419875e-001 +7.017419875e-001 +6.268174199e+001 +6.268174199e+001 +2.9011e+000 +1.1500e+000 +4.5790e-001 -3.8514e+000 -4.0036e-001
2245 +6.734769304e-001 +6.734769304e-001 +6.265347693e+001 +6.265347693e+001 +2.9606e+000 +1.1449e+000 +3.4438e-001 -3.8904e+000 -5.8285e-001
2285 +1.841310131e-001 +1.841310131e-001 +6.216413101e+001 +6.216413101e+001 +3.1741e+000 +1.1617e+000 +1.5182e+000 -3.8845e+000 -2.4390e-001
2377 +1.452807528e-001 +1.452807528e-001 +6.212528075e+001 +6.212528075e+001 +3.1678e+000 +1.1501e+000 +1.2883e+000 -3.8628e+000 -7.3049e-002
2407 +1.336914482e-001 +1.336914482e-001 +6.211369145e+001 +6.211369145e+001 +3.1323e+000 +1.1647e+000 +1.4795e+000 -3.8081e+000 -1.1238e-001
2432 +1.211326757e-001 +1.211326757e-001 +6.210113268e+001 +6.210113268e+001 +3.1968e+000 +1.1403e+000 +1.3837e+000 -3.7234e+000 -1.9379e-001
2466 +1.132154956e-001 +1.132154956e-001 +6.209321550e+001 +6.209321550e+001 +3.2080e+000 +1.1560e+000 +1.3527e+000 -3.8247e+000 -1.8579e-001
2476 +5.336843714e-002 +5.336843714e-002 +6.203336844e+001 +6.203336844e+001 +3.2427e+000 +1.1535e+000 +1.4154e+000 -3.5338e+000 -1.5564e-001
2980 +3.589572059e-002 +3.589572059e-002 +6.201589572e+001 +6.201589572e+001 +3.1931e+000 +1.1541e+000 +1.3660e+000 -3.6328e+000 -1.0588e-001
3156 +3.070249063e-002 +3.070249063e-002 +6.201070249e+001 +6.201070249e+001 +3.1873e+000 +1.1221e+000 +1.3686e+000 -3.6153e+000 -5.3041e-002
3158 +1.087723141e-002 +1.087723141e-002 +6.199087723e+001 +6.199087723e+001 +3.2048e+000 +1.1301e+000 +1.4922e+000 -3.5439e+000 -1.2037e-001
3353 +3.336093384e-003 +3.336093384e-003 +6.198333609e+001 +6.198333609e+001 +3.2379e+000 +1.1402e+000 +1.5458e+000 -3.5659e+000 -3.8734e-002
3354 +3.941865998e-007 +3.941865998e-007 +6.198000039e+001 +6.198000039e+001 +3.2239e+000 +1.1386e+000 +1.5708e+000 -3.5075e+000 -4.1064e-002
3379 +2.159821406e-007 +2.159821406e-007 +6.198000022e+001 +6.198000022e+001 +3.2463e+000 +1.1427e+000 +1.5991e+000 -3.5418e+000 -1.9490e-002
3464 +1.574875341e-007 +1.574875341e-007 +6.198000016e+001 +6.198000016e+001 +3.2278e+000 +1.1309e+000 +1.5746e+000 -3.5705e+000 -5.3933e-003
3478 +1.469146937e-007 +1.469146937e-007 +6.198000015e+001 +6.198000015e+001 +3.2269e+000 +1.1311e+000 +1.5714e+000 -3.5644e+000 -4.7864e-003
3507 +3.894754741e-009 +3.894754741e-009 +6.198000000e+001 +6.198000000e+001 +3.2311e+000 +1.1398e+000 +1.6115e+000 -3.5679e+000 -4.2063e-003
% function evaluation | noise-free fitness - Fopt (-2.359000000000e+001) | best noise-free fitness - Fopt | measured fitness | best measured fitness | x1 | x2...
1 +2.939774755e+002 +2.939774755e+002 +2.703874755e+002 +2.703874755e+002 +0.0000e+000 +0.0000e+000 +0.0000e+000 +0.0000e+000 +0.0000e+000
196 +2.299985168e+002 +2.299985168e+002 +2.064085168e+002 +2.064085168e+002 -3.3654e+000 +4.1635e+000 +4.2079e+000 +1.1204e+000 +5.6905e-001
206 +8.431426840e+001 +8.431426840e+001 +6.072426840e+001 +6.072426840e+001 -2.7737e+000 +3.9904e+000 +3.8989e+000 +2.1057e+000 +6.1300e-001
227 +7.044526095e+001 +7.044526095e+001 +4.685526095e+001 +4.685526095e+001 -3.1005e+000 +4.2510e+000 +4.1818e+000 +3.0916e+000 +6.5262e-001
228 +4.860107373e+001 +4.860107373e+001 +2.501107373e+001 +2.501107373e+001 -2.9986e+000 +3.9842e+000 +4.1365e+000 +3.5593e+000 +6.8066e-001
249 +4.601059935e+001 +4.601059935e+001 +2.242059935e+001 +2.242059935e+001 -3.0749e+000 +3.9384e+000 +4.1785e+000 +4.7178e+000 +5.8543e-001
253 +2.859903521e+001 +2.859903521e+001 +5.009035215e+000 +5.009035215e+000 -2.3428e+000 +4.3048e+000 +4.2130e+000 +3.1155e+000 +6.4864e-001
256 +2.303634318e+001 +2.303634318e+001 -5.536568156e-001 -5.536568156e-001 -6.6630e-001 +3.8814e+000 +4.3212e+000 +3.7780e+000 +6.2392e-001
307 +1.394982532e+001 +1.394982532e+001 -9.640174681e+000 -9.640174681e+000 -6.0705e-001 +4.2713e+000 +3.9893e+000 +3.1953e+000 +2.3022e+000
321 +1.215005505e+001 +1.215005505e+001 -1.143994495e+001 -1.143994495e+001 -9.6088e-001 +4.1853e+000 +4.1601e+000 +3.2838e+000 +2.8013e-001
353 +8.719908162e+000 +8.719908162e+000 -1.487009184e+001 -1.487009184e+001 -5.9223e-001 +4.2476e+000 +4.2346e+000 +2.3902e+000 +6.4780e-001
377 +8.692510955e+000 +8.692510955e+000 -1.489748905e+001 -1.489748905e+001 -8.6747e-001 +3.6083e+000 +4.1458e+000 +3.1048e+000 +2.4697e+000
408 +6.678894174e+000 +6.678894174e+000 -1.691110583e+001 -1.691110583e+001 -1.1009e+000 +4.0242e+000 +4.6068e+000 +2.4923e+000 +1.5828e+000
414 +5.162664897e+000 +5.162664897e+000 -1.842733510e+001 -1.842733510e+001 -7.2844e-001 +4.2030e+000 +4.4643e+000 +2.4861e+000 +1.1517e+000
434 +4.789172343e+000 +4.789172343e+000 -1.880082766e+001 -1.880082766e+001 -4.6848e-001 +3.6561e+000 +3.5371e+000 +2.7122e+000 +1.7025e+000
439 +3.723422063e+000 +3.723422063e+000 -1.986657794e+001 -1.986657794e+001 -4.5099e-001 +3.8691e+000 +4.0357e+000 +2.5931e+000 +2.6892e+000
492 +3.679181094e+000 +3.679181094e+000 -1.991081891e+001 -1.991081891e+001 -5.8815e-001 +3.0288e+000 +3.9926e+000 +2.6334e+000 +1.7115e+000
515 +3.506634167e+000 +3.506634167e+000 -2.008336583e+001 -2.008336583e+001 -5.7151e-001 +3.4314e+000 +3.9296e+000 +2.3391e+000 +1.4536e+000
559 +2.038261037e+000 +2.038261037e+000 -2.155173896e+001 -2.155173896e+001 -3.4635e-001 +3.7981e+000 +3.9936e+000 +2.3393e+000 +2.2746e+000
584 +1.421102283e+000 +1.421102283e+000 -2.216889772e+001 -2.216889772e+001 -1.6012e-001 +3.7410e+000 +3.8004e+000 +2.2079e+000 +2.2993e+000
690 +1.338486318e+000 +1.338486318e+000 -2.225151368e+001 -2.225151368e+001 -2.5959e-001 +3.4211e+000 +3.8321e+000 +2.4298e+000 +2.3962e+000
706 +1.169370447e+000 +1.169370447e+000 -2.242062955e+001 -2.242062955e+001 -6.1966e-002 +3.4595e+000 +3.7813e+000 +2.2590e+000 +2.4631e+000
776 +1.123349309e+000 +1.123349309e+000 -2.246665069e+001 -2.246665069e+001 -1.5413e-002 +3.4377e+000 +3.7617e+000 +2.3276e+000 +2.3539e+000
855 +1.114429812e+000 +1.114429812e+000 -2.247557019e+001 -2.247557019e+001 -2.2276e-002 +3.4178e+000 +3.8076e+000 +2.4464e+000 +2.3960e+000
879 +7.543250973e-001 +7.543250973e-001 -2.283567490e+001 -2.283567490e+001 -1.1742e-002 +3.4209e+000 +3.7794e+000 +1.9498e+000 +2.4367e+000
1517 +5.807409632e-001 +5.807409632e-001 -2.300925904e+001 -2.300925904e+001 -7.3521e-002 +3.2593e+000 +3.8270e+000 +1.9705e+000 +2.9517e+000
1659 +3.541966929e-001 +3.541966929e-001 -2.323580331e+001 -2.323580331e+001 -5.5392e-002 +3.2051e+000 +3.7231e+000 +2.0016e+000 +3.0828e+000
1723 +3.036261565e-001 +3.036261565e-001 -2.328637384e+001 -2.328637384e+001 -6.7050e-002 +3.2926e+000 +3.5615e+000 +2.0953e+000 +2.7724e+000
1726 +2.053878753e-001 +2.053878753e-001 -2.338461212e+001 -2.338461212e+001 +2.0359e-002 +3.1925e+000 +3.6740e+000 +2.0154e+000 +2.7135e+000
1730 +1.356371852e-001 +1.356371852e-001 -2.345436281e+001 -2.345436281e+001 -6.5919e-002 +3.1943e+000 +3.6443e+000 +1.9974e+000 +2.7563e+000
2121 +1.302002908e-001 +1.302002908e-001 -2.345979971e+001 -2.345979971e+001 -6.4666e-002 +3.0889e+000 +3.5694e+000 +2.0887e+000 +2.7583e+000
% function evaluation | noise-free fitness - Fopt (-1.214300000000e+002) | best noise-free fitness - Fopt | measured fitness | best measured fitness | x1 | x2...
1 +9.527128901e+002 +9.527128901e+002 +8.312828901e+002 +8.312828901e+002 +0.0000e+000 +0.0000e+000 +0.0000e+000 +0.0000e+000 +0.0000e+000
2 +5.018189912e+002 +5.018189912e+002 +3.803889912e+002 +3.803889912e+002 +4.5561e+000 +2.4714e+000 -1.1445e-001 +2.7612e+000 -4.1952e+000
22 +4.416410488e+002 +4.416410488e+002 +3.202110488e+002 +3.202110488e+002 +4.5627e+000 +2.4812e+000 -1.2520e-001 +2.7619e+000 -4.1990e+000
54 +3.604686141e+002 +3.604686141e+002 +2.390386141e+002 +2.390386141e+002 +4.5457e+000 +2.4610e+000 -7.0784e-001 +2.7608e+000 -4.2060e+000
85 +3.467275008e+002 +3.467275008e+002 +2.252975008e+002 +2.252975008e+002 +4.4361e+000 +2.4275e+000 -1.4622e+000 +2.7600e+000 -4.2082e+000
103 +3.198583408e+002 +3.198583408e+002 +1.984283408e+002 +1.984283408e+002 +4.5253e+000 +2.5174e+000 -1.1090e+000 +2.7589e+000 -4.1853e+000
117 +2.927471231e+002 +2.927471231e+002 +1.713171231e+002 +1.713171231e+002 +4.5221e+000 +2.6148e+000 -1.5699e+000 +2.7585e+000 -4.1899e+000
130 +2.867910437e+002 +2.867910437e+002 +1.653610437e+002 +1.653610437e+002 +4.5554e+000 +2.0789e+000 -2.8464e+000 +2.7690e+000 -4.0595e+000
141 +2.713147882e+002 +2.713147882e+002 +1.498847882e+002 +1.498847882e+002 +4.5530e+000 +2.3955e+000 -1.9657e+000 +2.7604e+000 -4.1915e+000
142 +2.650342021e+002 +2.650342021e+002 +1.436042021e+002 +1.436042021e+002 +4.5273e+000 +2.8434e+000 -1.6909e+000 +2.7623e+000 -4.1865e+000
153 +2.333363909e+002 +2.333363909e+002 +1.119063909e+002 +1.119063909e+002 +4.5669e+000 +2.6581e+000 -2.6640e+000 +2.7620e+000 -4.1741e+000
274 +2.170056855e+002 +2.170056855e+002 +9.557568549e+001 +9.557568549e+001 +4.5749e+000 +3.1532e+000 -3.1562e+000 +2.7637e+000 -4.0983e+000
282 +1.782445388e+002 +1.782445388e+002 +5.681453882e+001 +5.681453882e+001 +4.0262e+000 +2.8706e+000 -3.3691e+000 +2.7224e+000 -4.1939e+000
318 +1.752434306e+002 +1.752434306e+002 +5.381343060e+001 +5.381343060e+001 +4.0959e+000 +2.9516e+000 -3.4430e+000 +2.7024e+000 -4.3362e+000
326 +5.166755306e+001 +5.166755306e+001 -6.976244694e+001 -6.976244694e+001 +2.3109e+000 +3.1659e+000 -3.2054e+000 +1.4153e+000 -4.4746e+000
353 +3.594140726e+001 +3.594140726e+001 -8.548859274e+001 -8.548859274e+001 +3.9315e+000 +6.7334e+000 -4.7139e+000 +2.4475e+000 -3.9327e+000
441 +2.495058215e+001 +2.495058215e+001 -9.647941785e+001 -9.647941785e+001 +2.6515e+000 +4.6944e+000 -3.9647e+000 -1.2450e+000 -3.8477e+000
446 +1.573765247e+001 +1.573765247e+001 -1.056923475e+002 -1.056923475e+002 +2.8076e+000 +4.7402e+000 -3.9521e+000 +4.6021e-001 -4.0456e+000
477 +9.513725043e+000 +9.513725043e+000 -1.119162750e+002 -1.119162750e+002 +3.2132e+000 +5.0513e+000 -4.3589e+000 +3.2695e-001 -2.3398e+000
560 +8.189233443e+000 +8.189233443e+000 -1.132407666e+002 -1.132407666e+002 +2.2463e+000 +3.4203e+000 -4.1787e+000 -9.0658e-001 -3.7336e+000
591 +5.783044652e+000 +5.783044652e+000 -1.156469553e+002 -1.156469553e+002 +3.1920e+000 +4.3815e+000 -4.0223e+000 -3.1173e-001 -3.4813e+000
624 +4.596150480e+000 +4.596150480e+000 -1.168338495e+002 -1.168338495e+002 +2.5637e+000 +3.0771e+000 -4.0257e+000 -1.0001e+000 -2.1247e+000
646 +3.696694792e+000 +3.696694792e+000 -1.177333052e+002 -1.177333052e+002 +2.5497e+000 +2.8428e+000 -3.8953e+000 -6.0488e-001 -2.9354e+000
648 +2.121769217e+000 +2.121769217e+000 -1.193082308e+002 -1.193082308e+002 +2.7757e+000 +2.9431e+000 -3.9368e+000 -5.8979e-001 -2.7256e+000
716 +2.058559657e+000 +2.058559657e+000 -1.193714403e+002 -1.193714403e+002 +2.8217e+000 +2.7868e+000 -4.0588e+000 -8.5361e-001 -2.5785e+000
728 +1.868882707e+000 +1.868882707e+000 -1.195611173e+002 -1.195611173e+002 +3.0186e+000 +3.0603e+000 -3.8173e+000 -1.3022e+000 -2.3144e+000
759 +1.340724848e+000 +1.340724848e+000 -1.200892752e+002 -1.200892752e+002 +2.7949e+000 +2.6867e+000 -3.8051e+000 -1.2639e+000 -2.6773e+000
809 +9.712225105e-001 +9.712225105e-001 -1.204587775e+002 -1.204587775e+002 +2.9210e+000 +2.5999e+000 -3.8220e+000 -1.5915e+000 -2.3542e+000
852 +6.726688794e-001 +6.726688794e-001 -1.207573311e+002 -1.207573311e+002 +3.0237e+000 +2.6101e+000 -3.6739e+000 -1.8272e+000 -2.1045e+000
854 +5.192410272e-001 +5.192410272e-001 -1.209107590e+002 -1.209107590e+002 +2.9346e+000 +2.8042e+000 -3.8813e+000 -1.3581e+000 -2.3053e+000
889 +5.124851883e-001 +5.124851883e-001 -1.209175148e+002 -1.209175148e+002 +2.8402e+000 +2.6913e+000 -3.8426e+000 -1.4462e+000 -2.3488e+000
919 +2.820586135e-001 +2.820586135e-001 -1.211479414e+002 -1.211479414e+002 +3.0035e+000 +2.6767e+000 -3.6178e+000 -1.6626e+000 -2.4353e+000
1134 +2.693204772e-001 +2.693204772e-001 -1.211606795e+002 -1.211606795e+002 +2.8863e+000 +2.5833e+000 -3.7293e+000 -1.5934e+000 -2.4245e+000
1291 +2.472509678e-001 +2.472509678e-001 -1.211827490e+002 -1.211827490e+002 +2.8860e+000 +2.6466e+000 -3.6860e+000 -1.6243e+000 -2.6287e+000
1302 +2.300664330e-001 +2.300664330e-001 -1.211999336e+002 -1.211999336e+002 +2.8841e+000 +2.5760e+000 -3.6707e+000 -1.6246e+000 -2.4688e+000
1441 +2.280710369e-001 +2.280710369e-001 -1.212019290e+002 -1.212019290e+002 +2.8943e+000 +2.5671e+000 -3.6689e+000 -1.5793e+000 -2.5076e+000
1726 +2.203667583e-001 +2.203667583e-001 -1.212096332e+002 -1.212096332e+002 +2.8505e+000 +2.5723e+000 -3.6414e+000 -1.6047e+000 -2.6870e+000
1996 +2.020274443e-001 +2.020274443e-001 -1.212279726e+002 -1.212279726e+002 +2.8483e+000 +2.5741e+000 -3.6415e+000 -1.5996e+000 -2.6290e+000
3745 +1.928696499e-001 +1.928696499e-001 -1.212371304e+002 -1.212371304e+002 +2.8253e+000 +2.4924e+000 -3.6097e+000 -1.6550e+000 -2.6853e+000
% function evaluation | noise-free fitness - Fopt (-3.364000000000e+001) | best noise-free fitness - Fopt | measured fitness | best measured fitness | x1 | x2...
1 +8.824899737e+001 +8.824899737e+001 +5.460899737e+001 +5.460899737e+001 +0.0000e+000 +0.0000e+000 +0.0000e+000 +0.0000e+000 +0.0000e+000
486 +8.001888666e+001 +8.001888666e+001 +4.637888666e+001 +4.637888666e+001 +4.8076e+000 -1.1477e+000 -1.3126e-001 +3.1358e+000 +3.6089e+000
520 +6.808774857e+001 +6.808774857e+001 +3.444774857e+001 +3.444774857e+001 +1.9007e+000 -2.1529e-001 -5.5611e-002 +2.8100e+000 +2.0216e+000
580 +5.828564470e+001 +5.828564470e+001 +2.464564470e+001 +2.464564470e+001 +2.2416e+000 -9.2580e-001 +1.2529e+000 +1.8580e+000 +4.3938e+000
604 +4.362656731e+001 +4.362656731e+001 +9.986567306e+000 +9.986567306e+000 +2.7447e+000 -9.5563e-002 +8.6671e-001 +1.7274e+000 +2.7635e+000
678 +4.257945556e+001 +4.257945556e+001 +8.939455562e+000 +8.939455562e+000 +2.5124e+000 +3.6485e-001 +9.0711e-001 -1.2590e+000 +1.6491e+000
713 +3.370677564e+001 +3.370677564e+001 +6.677564284e-002 +6.677564284e-002 +2.7744e+000 -5.6126e-002 +7.3020e-001 +9.1024e-001 +1.9178e+000
741 +3.151457053e+001 +3.151457053e+001 -2.125429471e+000 -2.125429471e+000 +2.8317e+000 -7.2266e-002 +1.2180e+000 +4.1063e-001 +3.3327e+000
783 +2.753826368e+001 +2.753826368e+001 -6.101736324e+000 -6.101736324e+000 +3.2445e+000 -5.9447e-001 +8.2747e-001 -6.1701e-001 +1.4217e+000
827 +1.958372294e+001 +1.958372294e+001 -1.405627706e+001 -1.405627706e+001 +3.6973e+000 +3.4791e-001 +8.9548e-001 -4.1774e-001 -2.4574e-001
871 +1.758144284e+001 +1.758144284e+001 -1.605855716e+001 -1.605855716e+001 +2.8168e+000 +2.6866e-001 +1.3241e+000 -3.4845e-001 +1.1795e+000
905 +1.627786917e+001 +1.627786917e+001 -1.736213083e+001 -1.736213083e+001 +4.1350e+000 +3.6446e-001 +1.1859e+000 -6.1115e-001 -4.3751e-002
918 +9.316588249e+000 +9.316588249e+000 -2.432341175e+001 -2.432341175e+001 +2.7654e+000 +1.0339e+000 +2.3014e+000 -2.2463e+000 -1.9207e+000
1048 +8.792642900e+000 +8.792642900e+000 -2.484735710e+001 -2.484735710e+001 +2.5559e+000 +7.8248e-001 +1.5012e+000 -1.1351e+000 -1.1231e-001
1080 +7.890394185e+000 +7.890394185e+000 -2.574960582e+001 -2.574960582e+001 +3.1048e+000 +1.1048e+000 +1.5487e+000 -1.3597e+000 -3.1315e-001
1083 +6.399366324e+000 +6.399366324e+000 -2.724063368e+001 -2.724063368e+001 +2.9644e+000 +1.1106e+000 +1.6743e+000 -1.6792e+000 -6.7883e-001
1093 +6.136832835e+000 +6.136832835e+000 -2.750316717e+001 -2.750316717e+001 +2.8975e+000 +9.5565e-001 +1.6822e+000 -1.3693e+000 -4.1611e-001
1138 +5.704141502e+000 +5.704141502e+000 -2.793585850e+001 -2.793585850e+001 +2.9569e+000 +1.2374e+000 +1.7237e+000 -1.6378e+000 -9.6267e-001
1276 +4.882311317e+000 +4.882311317e+000 -2.875768868e+001 -2.875768868e+001 +2.9817e+000 +1.1730e+000 +1.7543e+000 -1.8718e+000 -1.3031e+000
1281 +4.776927333e+000 +4.776927333e+000 -2.886307267e+001 -2.886307267e+001 +2.7298e+000 +1.0875e+000 +1.7894e+000 -1.8011e+000 -1.4497e+000
1328 +3.519877902e+000 +3.519877902e+000 -3.012012210e+001 -3.012012210e+001 +2.6745e+000 +1.2583e+000 +1.9125e+000 -2.5413e+000 -4.4564e-001
1408 +2.999169777e+000 +2.999169777e+000 -3.064083022e+001 -3.064083022e+001 +2.4853e+000 +1.5162e+000 +2.0146e+000 -2.1583e+000 -4.6487e-001
1414 +2.812616970e+000 +2.812616970e+000 -3.082738303e+001 -3.082738303e+001 +2.7038e+000 +1.5927e+000 +1.8882e+000 -2.4927e+000 -1.7054e+000
1441 +1.974620060e+000 +1.974620060e+000 -3.166537994e+001 -3.166537994e+001 +2.6278e+000 +1.5738e+000 +2.0671e+000 -2.7402e+000 -1.4427e+000
1556 +1.630180612e+000 +1.630180612e+000 -3.200981939e+001 -3.200981939e+001 +2.7309e+000 +1.5077e+000 +2.2181e+000 -2.4463e+000 -1.8462e+000
1730 +1.596521337e+000 +1.596521337e+000 -3.204347866e+001 -3.204347866e+001 +2.4549e+000 +1.7107e+000 +2.2840e+000 -2.7647e+000 -1.3541e+000
1838 +1.290733862e+000 +1.290733862e+000 -3.234926614e+001 -3.234926614e+001 +1.8586e+000 +1.6850e+000 +2.2763e+000 -2.8852e+000 -1.5619e+000
% function evaluation | noise-free fitness - Fopt (-5.323000000000e+001) | best noise-free fitness - Fopt | measured fitness | best measured fitness | x1 | x2...
1 +4.548907577e+002 +4.548907577e+002 +4.016607577e+002 +4.016607577e+002 +0.0000e+000 +0.0000e+000 +0.0000e+000 +0.0000e+000 +0.0000e+000
219 +2.844813738e+002 +2.844813738e+002 +2.312513738e+002 +2.312513738e+002 -4.2752e+000 -1.0128e+000 -1.7196e+000 +6.6894e-001 +1.8140e+000
238 +2.141949386e+002 +2.141949386e+002 +1.609649386e+002 +1.609649386e+002 -4.3208e+000 -1.2919e+000 -2.3709e+000 +5.0728e-001 +1.8285e+000
240 +1.086370023e+002 +1.086370023e+002 +5.540700235e+001 +5.540700235e+001 -4.3240e+000 -1.0163e+000 -3.7863e+000 +2.6904e-001 +1.8342e+000
259 +4.975284076e+001 +4.975284076e+001 -3.477159243e+000 -3.477159243e+000 -4.3518e+000 -1.2975e+000 -6.5213e+000 +6.7414e-002 +1.7997e+000
280 +4.297258626e+001 +4.297258626e+001 -1.025741374e+001 -1.025741374e+001 -4.3352e+000 -1.0944e+000 -4.9988e+000 -3.4494e-001 +1.7933e+000
298 +3.751059480e+001 +3.751059480e+001 -1.571940520e+001 -1.571940520e+001 -4.3165e+000 -7.2898e-001 -5.9581e+000 +3.3577e-001 +1.8320e+000
327 +3.443924132e+001 +3.443924132e+001 -1.879075868e+001 -1.879075868e+001 -4.2900e+000 -2.0133e+000 -4.2022e+000 +2.6259e-001 +1.8855e+000
343 +3.165106909e+001 +3.165106909e+001 -2.157893091e+001 -2.157893091e+001 -4.1822e+000 -1.7585e+000 -4.1918e+000 -4.2219e-001 +1.8339e+000
354 +2.724079036e+001 +2.724079036e+001 -2.598920964e+001 -2.598920964e+001 -4.3129e+000 -1.8599e+000 -4.7686e+000 -1.5609e-001 +1.9641e+000
433 +2.070273435e+001 +2.070273435e+001 -3.252726565e+001 -3.252726565e+001 -3.5005e+000 -2.0864e+000 -4.2332e+000 -1.5985e+000 +2.2085e+000
461 +2.004024095e+001 +2.004024095e+001 -3.318975905e+001 -3.318975905e+001 -3.5581e+000 -1.8878e+000 -4.3949e+000 -7.0869e-001 +1.9369e+000
468 +1.702912635e+001 +1.702912635e+001 -3.620087365e+001 -3.620087365e+001 -3.2329e+000 -1.9488e+000 -3.6508e+000 -5.8359e-002 +2.9761e+000
507 +1.634935654e+001 +1.634935654e+001 -3.688064346e+001 -3.688064346e+001 -3.4415e+000 -1.9405e+000 -4.4110e+000 -1.8292e-001 +2.0792e+000
542 +1.116400833e+001 +1.116400833e+001 -4.206599167e+001 -4.206599167e+001 -2.8991e+000 -1.7590e+000 -4.5988e+000 -1.3542e+000 +2.1556e+000
554 +8.802592143e+000 +8.802592143e+000 -4.442740786e+001 -4.442740786e+001 -2.6681e+000 -1.8382e+000 -4.4759e+000 -1.3075e+000 +2.4738e+000
593 +8.359453840e+000 +8.359453840e+000 -4.487054616e+001 -4.487054616e+001 -2.5437e+000 -1.7068e+000 -4.0572e+000 -9.1288e-001 +2.4320e+000
633 +5.691513366e+000 +5.691513366e+000 -4.753848663e+001 -4.753848663e+001 -1.8026e+000 -1.3091e+000 -3.9581e+000 -3.5043e-001 +2.5519e+000
695 +5.484542071e+000 +5.484542071e+000 -4.774545793e+001 -4.774545793e+001 -1.8566e+000 -1.2651e+000 -4.3180e+000 -1.1178e+000 +2.4421e+000
757 +5.292565534e+000 +5.292565534e+000 -4.793743447e+001 -4.793743447e+001 -1.7735e+000 -1.2458e+000 -4.1090e+000 -9.2745e-001 +2.4158e+000
779 +4.591116459e+000 +4.591116459e+000 -4.863888354e+001 -4.863888354e+001 -1.3570e+000 -1.3885e+000 -3.0792e+000 -1.0658e+000 +2.5512e+000
810 +4.171322456e+000 +4.171322456e+000 -4.905867754e+001 -4.905867754e+001 -1.5591e+000 -1.2108e+000 -4.0200e+000 -1.3111e+000 +2.5342e+000
860 +2.395436762e+000 +2.395436762e+000 -5.083456324e+001 -5.083456324e+001 -1.2323e+000 -1.0451e+000 -3.3228e+000 -1.1596e+000 +2.8745e+000
1257 +2.329772443e+000 +2.329772443e+000 -5.090022756e+001 -5.090022756e+001 -1.1883e+000 -1.2802e+000 -3.3608e+000 -8.5016e-001 +2.7132e+000
1804 +2.238464635e+000 +2.238464635e+000 -5.099153537e+001 -5.099153537e+001 -1.2899e+000 -1.2496e+000 -3.2276e+000 -1.2543e+000 +3.0775e+000
2340 +2.087247905e+000 +2.087247905e+000 -5.114275209e+001 -5.114275209e+001 -1.1384e+000 -1.3386e+000 -3.1743e+000 -1.0323e+000 +3.0685e+000
% function evaluation | noise-free fitness - Fopt (-3.280000000000e+001) | best noise-free fitness - Fopt | measured fitness | best measured fitness | x1 | x2...
1 +9.425474686e+001 +9.425474686e+001 +6.145474686e+001 +6.145474686e+001 +0.0000e+000 +0.0000e+000 +0.0000e+000 +0.0000e+000 +0.0000e+000
387 +9.248961384e+001 +9.248961384e+001 +5.968961384e+001 +5.968961384e+001 -9.6751e-002 -2.7758e+000 +2.8464e+000 +6.5542e+000 -1.1091e+000
412 +9.100840943e+001 +9.100840943e+001 +5.820840943e+001 +5.820840943e+001 -1.4235e-001 -2.6314e+000 +3.4184e+000 +4.3765e+000 -2.2147e+000
429 +8.455415361e+001 +8.455415361e+001 +5.175415361e+001 +5.175415361e+001 -2.5568e-001 -1.2144e+000 +3.1878e+000 +3.0024e+000 -2.7571e+000
438 +3.285067692e+001 +3.285067692e+001 +5.067691738e-002 +5.067691738e-002 -1.9542e-001 -2.0750e+000 +2.4813e+000 +3.7605e+000 -7.4458e-001
483 +1.956675447e+001 +1.956675447e+001 -1.323324553e+001 -1.323324553e+001 -5.2253e-002 -5.7433e-001 +2.5676e+000 +6.7289e-001 -1.8349e+000
515 +1.858958775e+001 +1.858958775e+001 -1.421041225e+001 -1.421041225e+001 -1.9324e-001 +6.6280e-001 +2.5686e+000 -1.2846e+000 -7.4560e-001
540 +1.796146314e+001 +1.796146314e+001 -1.483853686e+001 -1.483853686e+001 -3.9604e-001 -8.9255e-001 +2.9484e+000 +1.4001e+000 -1.9021e+000
544 +1.508868402e+001 +1.508868402e+001 -1.771131598e+001 -1.771131598e+001 -2.1550e-001 -9.8528e-001 +2.4746e+000 +3.1247e+000 -2.5315e-001
567 +1.282543157e+001 +1.282543157e+001 -1.997456843e+001 -1.997456843e+001 -2.4421e-001 -4.5858e-002 +2.0505e+000 +5.4670e-001 -6.4254e-001
581 +9.673853564e+000 +9.673853564e+000 -2.312614644e+001 -2.312614644e+001 -4.5629e-001 -2.2219e-001 +2.8878e+000 +1.0793e+000 -8.6171e-001
746 +7.065849874e+000 +7.065849874e+000 -2.573415013e+001 -2.573415013e+001 -1.0901e-001 -5.4559e-001 +2.1880e+000 +1.1825e+000 -7.5159e-001
854 +6.902367981e+000 +6.902367981e+000 -2.589763202e+001 -2.589763202e+001 -1.4844e-001 -9.4465e-001 +2.0451e+000 +1.3596e+000 -7.1254e-001
933 +5.787966760e+000 +5.787966760e+000 -2.701203324e+001 -2.701203324e+001 +2.1453e-002 -4.7984e-001 +2.3714e+000 +1.2671e+000 -1.0133e+000
977 +5.005014659e+000 +5.005014659e+000 -2.779498534e+001 -2.779498534e+001 +2.9808e-001 +6.7727e-002 +2.2123e+000 +8.2960e-001 -7.5480e-001
1219 +4.517921645e+000 +4.517921645e+000 -2.828207836e+001 -2.828207836e+001 +3.4315e-001 -1.6265e-001 +2.0521e+000 +1.0136e+000 -6.9223e-001
1284 +4.372089909e+000 +4.372089909e+000 -2.842791009e+001 -2.842791009e+001 +3.0495e-001 -1.3165e-001 +1.9642e+000 +7.3419e-001 -7.7980e-001
1349 +4.352047434e+000 +4.352047434e+000 -2.844795257e+001 -2.844795257e+001 +2.7497e-001 -6.8652e-002 +2.0860e+000 +7.9059e-001 -7.8589e-001
1415 +4.127279882e+000 +4.127279882e+000 -2.867272012e+001 -2.867272012e+001 +5.0511e-001 -1.6274e-001 +2.0031e+000 +1.1426e+000 -1.0726e+000
1432 +3.814807102e+000 +3.814807102e+000 -2.898519290e+001 -2.898519290e+001 +5.8672e-001 +2.4164e-002 +2.0387e+000 +1.2737e+000 -8.4555e-001
2038 +3.649603363e+000 +3.649603363e+000 -2.915039664e+001 -2.915039664e+001 +4.6471e-001 -9.5843e-003 +2.1685e+000 +7.0704e-001 -9.8689e-001
