% function evaluation | noise-free fitness - Fopt (-6.211100000000e+002) | best noise-free fitness - Fopt | measured fitness | best measured fitness | x1 | x2...
1 +6.877353523e+006 +6.877353523e+006 +6.876732413e+006 +6.876732413e+006 +0.0000e+000 +0.0000e+000 +0.0000e+000
39 +5.021105119e+006 +5.021105119e+006 +5.020484009e+006 +5.020484009e+006 +1.8410e+000 +1.3803e+000 +1.5202e+000
48 +1.304012284e+005 +1.304012284e+005 +1.297801184e+005 +1.297801184e+005 +1.8357e+000 +1.3785e+000 -5.4924e-001
98 +1.214347629e+005 +1.214347629e+005 +1.208136529e+005 +1.208136529e+005 +1.8517e+000 +1.3818e+000 -5.6938e-001
124 +1.166431929e+005 +1.166431929e+005 +1.160220829e+005 +1.160220829e+005 +1.8986e+000 +1.3815e+000 -4.8635e-001
140 +1.095577224e+005 +1.095577224e+005 +1.089366124e+005 +1.089366124e+005 +1.8815e+000 +1.3807e+000 -5.7076e-001
152 +7.396413598e+004 +7.396413598e+004 +7.334302598e+004 +7.334302598e+004 +1.9777e+000 +1.3813e+000 -5.9437e-001
198 +2.975658759e+004 +2.975658759e+004 +2.913547759e+004 +2.913547759e+004 +2.1738e+000 +1.3801e+000 -5.6470e-001
219 +2.144638938e+004 +2.144638938e+004 +2.082527938e+004 +2.082527938e+004 +2.1870e+000 +1.3781e+000 -6.2528e-001
227 +1.017252167e+004 +1.017252167e+004 +9.551411667e+003 +9.551411667e+003 +2.4861e+000 +1.3774e+000 -6.1166e-001
232 +5.297877897e+003 +5.297877897e+003 +4.676767897e+003 +4.676767897e+003 +2.3859e+000 +1.3801e+000 -6.1119e-001
241 +1.891387258e+003 +1.891387258e+003 +1.270277258e+003 +1.270277258e+003 +2.4025e+000 +1.3804e+000 -6.3325e-001
253 +4.181525377e+002 +4.181525377e+002 -2.029574623e+002 -2.029574623e+002 +2.4004e+000 +1.3802e+000 -6.5168e-001
291 +1.903182445e+002 +1.903182445e+002 -4.307917555e+002 -4.307917555e+002 +2.4132e+000 +1.3806e+000 -6.5565e-001
305 +1.468884236e+002 +1.468884236e+002 -4.742215764e+002 -4.742215764e+002 +2.4232e+000 +1.3806e+000 -6.7299e-001
310 +1.953075512e+001 +1.953075512e+001 -6.015792449e+002 -6.015792449e+002 +2.4228e+000 +1.3805e+000 -6.6541e-001
382 +1.939742748e+001 +1.939742748e+001 -6.017125725e+002 -6.017125725e+002 +2.4229e+000 +1.3807e+000 -6.6511e-001
% function evaluation | noise-free fitness - Fopt (-2.548200000000e+002) | best noise-free fitness - Fopt | measured fitness | best measured fitness | x1 | x2...
1 +5.028150026e+007 +5.028150026e+007 +5.028124544e+007 +5.028124544e+007 +0.0000e+000 +0.0000e+000 +0.0000e+000
2 +2.158931481e+007 +2.158931481e+007 +2.158905999e+007 +2.158905999e+007 +1.9774e-002 -1.9373e+000 -9.3375e-001
3 +2.125057854e+007 +2.125057854e+007 +2.125032372e+007 +2.125032372e+007 +3.1814e-002 -1.9378e+000 -9.3430e-001
5 +2.073345293e+007 +2.073345293e+007 +2.073319811e+007 +2.073319811e+007 +5.1225e-002 -1.9311e+000 -9.3327e-001
13 +2.029352965e+007 +2.029352965e+007 +2.029327483e+007 +2.029327483e+007 +2.8010e-002 -1.9287e+000 -9.6451e-001
14 +1.941624198e+007 +1.941624198e+007 +1.941598716e+007 +1.941598716e+007 +1.5374e-002 -1.9315e+000 -1.0025e+000
18 +1.808109401e+007 +1.808109401e+007 +1.808083919e+007 +1.808083919e+007 +1.0722e-001 -1.9289e+000 -9.7314e-001
31 +1.670687555e+007 +1.670687555e+007 +1.670662073e+007 +1.670662073e+007 +2.6220e-001 -1.9306e+000 -8.9919e-001
36 +8.288561565e+006 +8.288561565e+006 +8.288306745e+006 +8.288306745e+006 +4.5661e-001 -1.9301e+000 -1.1334e+000
47 +6.593600727e+006 +6.593600727e+006 +6.593345907e+006 +6.593345907e+006 +3.8156e-001 -1.9182e+000 -1.3114e+000
49 +2.963759053e+006 +2.963759053e+006 +2.963504233e+006 +2.963504233e+006 +1.1258e+000 -1.9326e+000 -1.0661e+000
65 +1.496829509e+006 +1.496829509e+006 +1.496574689e+006 +1.496574689e+006 +4.3019e-001 -1.9181e+000 -2.2301e+000
66 +1.067378166e+006 +1.067378166e+006 +1.067123346e+006 +1.067123346e+006 +7.0334e-001 -1.9430e+000 -2.3958e+000
109 +9.549142031e+005 +9.549142031e+005 +9.546593831e+005 +9.546593831e+005 +6.6304e-001 -1.9503e+000 -2.2206e+000
126 +7.636379076e+005 +7.636379076e+005 +7.633830876e+005 +7.633830876e+005 +7.7399e-001 -1.9464e+000 -2.1967e+000
138 +7.302938993e+005 +7.302938993e+005 +7.300390793e+005 +7.300390793e+005 +7.7374e-001 -1.9473e+000 -2.1259e+000
155 +3.444007949e+005 +3.444007949e+005 +3.441459749e+005 +3.441459749e+005 +1.0809e+000 -1.8751e+000 -2.0326e+000
171 +1.077427358e+005 +1.077427358e+005 +1.074879158e+005 +1.074879158e+005 +1.3645e+000 -2.2817e+000 -2.0619e+000
189 +9.320471494e+004 +9.320471494e+004 +9.294989494e+004 +9.294989494e+004 +1.3393e+000 -2.3379e+000 -2.0630e+000
200 +7.776968097e+004 +7.776968097e+004 +7.751486097e+004 +7.751486097e+004 +1.4484e+000 -2.3249e+000 -2.0145e+000
207 +6.957067435e+004 +6.957067435e+004 +6.931585435e+004 +6.931585435e+004 +1.2978e+000 -2.1821e+000 -1.9584e+000
209 +6.239869300e+004 +6.239869300e+004 +6.214387300e+004 +6.214387300e+004 +1.2725e+000 -2.4666e+000 -2.0616e+000
213 +4.807328699e+004 +4.807328699e+004 +4.781846699e+004 +4.781846699e+004 +1.2601e+000 -2.4256e+000 -2.0129e+000
219 +3.838284713e+004 +3.838284713e+004 +3.812802713e+004 +3.812802713e+004 +1.3786e+000 -2.3124e+000 -1.9665e+000
228 +3.048039559e+004 +3.048039559e+004 +3.022557559e+004 +3.022557559e+004 +1.3491e+000 -2.4057e+000 -1.9809e+000
234 +2.785561452e+004 +2.785561452e+004 +2.760079452e+004 +2.760079452e+004 +1.4028e+000 -2.6203e+000 -2.0049e+000
239 +1.045600152e+004 +1.045600152e+004 +1.020118152e+004 +1.020118152e+004 +1.3468e+000 -2.3721e+000 -1.8708e+000
240 +8.303732419e+003 +8.303732419e+003 +8.048912419e+003 +8.048912419e+003 +1.3048e+000 -2.6607e+000 -2.0005e+000
243 +4.204736044e+003 +4.204736044e+003 +3.949916044e+003 +3.949916044e+003 +1.3869e+000 -2.5512e+000 -1.9329e+000
275 +2.813102285e+003 +2.813102285e+003 +2.558282285e+003 +2.558282285e+003 +1.3426e+000 -2.6339e+000 -1.9593e+000
276 +1.651300576e+003 +1.651300576e+003 +1.396480576e+003 +1.396480576e+003 +1.3625e+000 -2.7151e+000 -1.9189e+000
281 +6.840965926e+001 +6.840965926e+001 -1.864103407e+002 -1.864103407e+002 +1.3275e+000 -2.7153e+000 -1.9465e+000
332 +5.323367119e+001 +5.323367119e+001 -2.015863288e+002 -2.015863288e+002 +1.3332e+000 -2.7016e+000 -1.9440e+000
369 +5.178633540e+001 +5.178633540e+001 -2.030336646e+002 -2.030336646e+002 +1.3325e+000 -2.7055e+000 -1.9442e+000
% function evaluation | noise-free fitness - Fopt (5.661000000000e+001) | best noise-free fitness - Fopt | measured fitness | best measured fitness | x1 | x2...
1 +2.847483922e+008 +2.847483922e+008 +2.847484488e+008 +2.847484488e+008 +0.0000e+000 +0.0000e+000 +0.0000e+000
93 +2.679902763e+008 +2.679902763e+008 +2.679903329e+008 +2.679903329e+008 +4.1756e+000 -4.7390e+000 +6.4101e-001
104 +1.504349915e+008 +1.504349915e+008 +1.504350481e+008 +1.504350481e+008 +4.1832e+000 -7.7820e+000 +6.3428e-001
115 +1.171123772e+008 +1.171123772e+008 +1.171124338e+008 +1.171124338e+008 +4.1764e+000 -9.3871e+000 +6.3818e-001
124 +1.075361891e+008 +1.075361891e+008 +1.075362457e+008 +1.075362457e+008 +4.1814e+000 -1.0168e+001 +6.3526e-001
125 +9.826879429e+007 +9.826879429e+007 +9.826885090e+007 +9.826885090e+007 +4.1600e+000 -1.1559e+001 +6.3409e-001
203 +9.742687476e+007 +9.742687476e+007 +9.742693137e+007 +9.742693137e+007 +4.1482e+000 -1.2081e+001 +6.2906e-001
245 +9.256431496e+007 +9.256431496e+007 +9.256437157e+007 +9.256437157e+007 +4.1483e+000 -1.1635e+001 +3.0204e-001
259 +8.587181694e+007 +8.587181694e+007 +8.587187355e+007 +8.587187355e+007 +4.0015e+000 -1.1763e+001 +8.7409e-002
267 +7.197099726e+007 +7.197099726e+007 +7.197105387e+007 +7.197105387e+007 +4.0943e+000 -1.2237e+001 -9.6004e-001
299 +7.047205132e+007 +7.047205132e+007 +7.047210793e+007 +7.047210793e+007 +4.5306e+000 -1.2023e+001 -2.0126e+000
300 +5.608849382e+007 +5.608849382e+007 +5.608855043e+007 +5.608855043e+007 +4.1605e+000 -1.1456e+001 -2.6125e+000
307 +5.193631353e+007 +5.193631353e+007 +5.193637014e+007 +5.193637014e+007 +3.4299e+000 -1.1728e+001 -1.7534e+000
312 +3.627721244e+007 +3.627721244e+007 +3.627726905e+007 +3.627726905e+007 +4.3215e+000 -1.1746e+001 -5.5551e+000
327 +1.987860656e+007 +1.987860656e+007 +1.987866317e+007 +1.987866317e+007 +4.1039e+000 -1.1812e+001 -7.9029e+000
329 +1.053250351e+007 +1.053250351e+007 +1.053256012e+007 +1.053256012e+007 +3.6030e+000 -1.1743e+001 -7.0126e+000
351 +7.950931006e+006 +7.950931006e+006 +7.950987616e+006 +7.950987616e+006 +3.3689e+000 -1.1492e+001 -7.0853e+000
362 +3.569816971e+006 +3.569816971e+006 +3.569873581e+006 +3.569873581e+006 +3.3396e+000 -1.1638e+001 -8.4727e+000
384 +3.047288020e+006 +3.047288020e+006 +3.047344630e+006 +3.047344630e+006 +3.3141e+000 -1.1650e+001 -8.6189e+000
386 +2.143290084e+006 +2.143290084e+006 +2.143346694e+006 +2.143346694e+006 +3.1322e+000 -1.1519e+001 -8.3977e+000
395 +4.233722748e+005 +4.233722748e+005 +4.234288848e+005 +4.234288848e+005 +2.9986e+000 -1.1591e+001 -9.2485e+000
414 +3.949455012e+005 +3.949455012e+005 +3.950021112e+005 +3.950021112e+005 +3.0955e+000 -1.2076e+001 -9.1167e+000
425 +3.450560129e+005 +3.450560129e+005 +3.451126229e+005 +3.451126229e+005 +3.1165e+000 -1.1899e+001 -9.4712e+000
442 +3.300488503e+005 +3.300488503e+005 +3.301054603e+005 +3.301054603e+005 +3.0692e+000 -1.1956e+001 -9.1664e+000
444 +2.972776107e+005 +2.972776107e+005 +2.973342207e+005 +2.973342207e+005 +3.0426e+000 -1.1899e+001 -9.1716e+000
455 +6.183044043e+004 +6.183044043e+004 +6.188705043e+004 +6.188705043e+004 +3.0783e+000 -1.2036e+001 -9.7162e+000
481 +4.756287507e+004 +4.756287507e+004 +4.761948507e+004 +4.761948507e+004 +3.0570e+000 -1.2018e+001 -9.6442e+000
491 +1.225417085e+004 +1.225417085e+004 +1.231078085e+004 +1.231078085e+004 +3.0162e+000 -1.1996e+001 -9.7640e+000
522 +5.436849298e+003 +5.436849298e+003 +5.493459298e+003 +5.493459298e+003 +2.8913e+000 -1.1777e+001 -9.5320e+000
565 +1.090389247e+003 +1.090389247e+003 +1.146999247e+003 +1.146999247e+003 +2.7650e+000 -1.1521e+001 -9.4563e+000
648 +7.624974018e+002 +7.624974018e+002 +8.191074018e+002 +8.191074018e+002 +2.7322e+000 -1.1442e+001 -9.4122e+000
650 +5.436594594e+002 +5.436594594e+002 +6.002694594e+002 +6.002694594e+002 +2.7326e+000 -1.1422e+001 -9.4046e+000
669 +3.120194634e+002 +3.120194634e+002 +3.686294634e+002 +3.686294634e+002 +2.7283e+000 -1.1416e+001 -9.4127e+000
682 +2.681166461e+002 +2.681166461e+002 +3.247266461e+002 +3.247266461e+002 +2.7268e+000 -1.1418e+001 -9.4119e+000
740 +2.544090328e+002 +2.544090328e+002 +3.110190328e+002 +3.110190328e+002 +2.7296e+000 -1.1423e+001 -9.4183e+000
% function evaluation | noise-free fitness - Fopt (-1.810000000000e+001) | best noise-free fitness - Fopt | measured fitness | best measured fitness | x1 | x2...
1 +1.616251011e+007 +1.616251011e+007 +1.616249201e+007 +1.616249201e+007 +0.0000e+000 +0.0000e+000 +0.0000e+000
2 +7.247603068e+006 +7.247603068e+006 +7.247584968e+006 +7.247584968e+006 -5.5850e-001 -1.5581e+000 +4.3014e+000
3 +7.116053967e+006 +7.116053967e+006 +7.116035867e+006 +7.116035867e+006 -5.6058e-001 -1.5456e+000 +4.3020e+000
4 +6.593069344e+006 +6.593069344e+006 +6.593051244e+006 +6.593051244e+006 -5.6128e-001 -1.4883e+000 +4.3024e+000
25 +5.122248518e+006 +5.122248518e+006 +5.122230418e+006 +5.122230418e+006 -5.5913e-001 -1.2900e+000 +4.3017e+000
32 +4.969403011e+006 +4.969403011e+006 +4.969384911e+006 +4.969384911e+006 -5.5872e-001 -1.2658e+000 +4.2971e+000
43 +3.986506766e+006 +3.986506766e+006 +3.986488666e+006 +3.986488666e+006 -5.7348e-001 -1.0880e+000 +4.3026e+000
49 +2.374008151e+006 +2.374008151e+006 +2.373990051e+006 +2.373990051e+006 -5.5580e-001 -5.0332e-001 +4.3005e+000
51 +2.280610648e+006 +2.280610648e+006 +2.280592548e+006 +2.280592548e+006 -5.7155e-001 -4.6250e-001 +4.2981e+000
64 +1.855112588e+006 +1.855112588e+006 +1.855094488e+006 +1.855094488e+006 -5.5541e-001 +3.5370e-002 +4.2989e+000
65 +1.778827929e+006 +1.778827929e+006 +1.778809829e+006 +1.778809829e+006 -5.4347e-001 +7.1005e-001 +4.2992e+000
78 +1.727388796e+006 +1.727388796e+006 +1.727370696e+006 +1.727370696e+006 -5.4997e-001 +5.4318e-001 +4.2964e+000
127 +1.668097888e+006 +1.668097888e+006 +1.668079788e+006 +1.668079788e+006 -6.0827e-001 +4.8271e-001 +4.2975e+000
153 +1.633877849e+006 +1.633877849e+006 +1.633859749e+006 +1.633859749e+006 -6.4908e-001 +3.4428e-001 +4.2975e+000
172 +1.602312121e+006 +1.602312121e+006 +1.602294021e+006 +1.602294021e+006 -6.8808e-001 +5.6301e-001 +4.2967e+000
182 +1.541221682e+006 +1.541221682e+006 +1.541203582e+006 +1.541203582e+006 -7.4576e-001 +5.2363e-001 +4.2960e+000
237 +1.511354910e+006 +1.511354910e+006 +1.511336810e+006 +1.511336810e+006 -7.6198e-001 +4.5018e-001 +4.2942e+000
244 +1.472614318e+006 +1.472614318e+006 +1.472596218e+006 +1.472596218e+006 -8.0743e-001 +4.4967e-001 +4.2952e+000
245 +1.131042737e+006 +1.131042737e+006 +1.131024637e+006 +1.131024637e+006 -1.2318e+000 +3.9602e-001 +4.2957e+000
263 +1.112908515e+006 +1.112908515e+006 +1.112890415e+006 +1.112890415e+006 -1.5404e+000 +6.0293e-001 +4.2976e+000
276 +9.304184833e+005 +9.304184833e+005 +9.304003833e+005 +9.304003833e+005 -1.5105e+000 +3.1376e-001 +4.2955e+000
280 +6.669419017e+005 +6.669419017e+005 +6.669238017e+005 +6.669238017e+005 -1.8326e+000 -1.8333e-001 +4.2973e+000
293 +5.802692624e+005 +5.802692624e+005 +5.802511624e+005 +5.802511624e+005 -2.0029e+000 -3.4164e-001 +4.2963e+000
303 +4.592277223e+005 +4.592277223e+005 +4.592096223e+005 +4.592096223e+005 -2.7480e+000 +7.4117e-002 +4.2894e+000
334 +2.644520217e+005 +2.644520217e+005 +2.644339217e+005 +2.644339217e+005 -2.5884e+000 -5.1689e-001 +4.2872e+000
352 +1.021374830e+004 +1.021374830e+004 +1.019564830e+004 +1.019564830e+004 -3.6889e+000 -7.9584e-001 +4.2420e+000
374 +3.509810858e+003 +3.509810858e+003 +3.491710858e+003 +3.491710858e+003 -3.9100e+000 -9.5409e-001 +4.2542e+000
423 +2.593513915e+003 +2.593513915e+003 +2.575413915e+003 +2.575413915e+003 -3.8285e+000 -9.2568e-001 +4.2938e+000
516 +9.635641011e+002 +9.635641011e+002 +9.454641011e+002 +9.454641011e+002 -3.8590e+000 -1.0180e+000 +4.2847e+000
552 +1.347826802e+002 +1.347826802e+002 +1.166826802e+002 +1.166826802e+002 -4.0505e+000 -1.0818e+000 +4.3693e+000
594 +8.002170887e+001 +8.002170887e+001 +6.192170887e+001 +6.192170887e+001 -4.0623e+000 -1.0813e+000 +4.3637e+000
597 +4.910086757e+001 +4.910086757e+001 +3.100086757e+001 +3.100086757e+001 -4.0555e+000 -1.0844e+000 +4.3543e+000
636 +4.679909046e+001 +4.679909046e+001 +2.869909046e+001 +2.869909046e+001 -4.0432e+000 -1.0815e+000 +4.3610e+000
652 +2.194227601e+001 +2.194227601e+001 +3.842276010e+000 +3.842276010e+000 -4.0803e+000 -1.1009e+000 +4.3693e+000
668 +2.129243098e+001 +2.129243098e+001 +3.192430980e+000 +3.192430980e+000 -4.0728e+000 -1.0969e+000 +4.3662e+000
673 +1.789112047e+001 +1.789112047e+001 -2.088795311e-001 -2.088795311e-001 -4.0692e+000 -1.0928e+000 +4.3663e+000
723 +1.765808410e+001 +1.765808410e+001 -4.419158958e-001 -4.419158958e-001 -4.0688e+000 -1.0928e+000 +4.3657e+000
814 +1.737415846e+001 +1.737415846e+001 -7.258415404e-001 -7.258415404e-001 -4.0684e+000 -1.0932e+000 +4.3658e+000
% function evaluation | noise-free fitness - Fopt (3.777000000000e+001) | best noise-free fitness - Fopt | measured fitness | best measured fitness | x1 | x2...
1 +6.756700038e+006 +6.756700038e+006 +6.756737808e+006 +6.756737808e+006 +0.0000e+000 +0.0000e+000 +0.0000e+000
334 +5.221738418e+006 +5.221738418e+006 +5.221776188e+006 +5.221776188e+006 -2.5968e+000 +2.1578e+000 -1.0205e+000
341 +4.997924780e+006 +4.997924780e+006 +4.997962550e+006 +4.997962550e+006 -2.5860e+000 -1.3078e+000 +4.0678e-001
342 +5.764150577e+005 +5.764150577e+005 +5.764528277e+005 +5.764528277e+005 -2.5266e+000 +5.2692e-001 +7.8287e-001
348 +2.237404895e+005 +2.237404895e+005 +2.237782595e+005 +2.237782595e+005 -2.5444e+000 +8.2009e-001 +1.1374e+000
381 +8.579622533e+001 +8.579622533e+001 +1.235662253e+002 +1.235662253e+002 -2.5064e+000 +5.2024e-001 +1.5222e+000
639 +6.817523937e+001 +6.817523937e+001 +1.059452394e+002 +1.059452394e+002 -2.3384e+000 +7.2784e-001 +1.3208e+000
682 +1.504298927e+001 +1.504298927e+001 +5.281298927e+001 +5.281298927e+001 -2.3362e+000 +7.3525e-001 +1.3238e+000
729 +1.053649634e+001 +1.053649634e+001 +4.830649634e+001 +4.830649634e+001 -2.3354e+000 +7.3166e-001 +1.3256e+000
734 +9.098512202e+000 +9.098512202e+000 +4.686851220e+001 +4.686851220e+001 -2.3332e+000 +7.3605e-001 +1.3213e+000
788 +8.126321523e+000 +8.126321523e+000 +4.589632152e+001 +4.589632152e+001 -2.3314e+000 +7.3806e-001 +1.3214e+000
798 +7.909445889e+000 +7.909445889e+000 +4.567944589e+001 +4.567944589e+001 -2.3316e+000 +7.3764e-001 +1.3211e+000
809 +7.565337298e+000 +7.565337298e+000 +4.533533730e+001 +4.533533730e+001 -2.3320e+000 +7.3853e-001 +1.3214e+000
822 +7.387626900e+000 +7.387626900e+000 +4.515762690e+001 +4.515762690e+001 -2.3313e+000 +7.3927e-001 +1.3203e+000
947 +7.238423531e+000 +7.238423531e+000 +4.500842353e+001 +4.500842353e+001 -2.3313e+000 +7.3891e-001 +1.3206e+000
% function evaluation | noise-free fitness - Fopt (6.054000000000e+001) | best noise-free fitness - Fopt | measured fitness | best measured fitness | x1 | x2...
1 +1.175711059e+007 +1.175711059e+007 +1.175717113e+007 +1.175717113e+007 +0.0000e+000 +0.0000e+000 +0.0000e+000
148 +1.124037209e+007 +1.124037209e+007 +1.124043263e+007 +1.124043263e+007 -1.2982e+000 +5.5411e-001 -1.7151e+000
159 +1.052111753e+007 +1.052111753e+007 +1.052117807e+007 +1.052117807e+007 -1.3115e+000 +4.8137e-001 -1.9845e+000
163 +8.499184353e+006 +8.499184353e+006 +8.499244893e+006 +8.499244893e+006 -1.3109e+000 +7.6458e-001 -2.7985e+000
184 +7.174954375e+006 +7.174954375e+006 +7.175014915e+006 +7.175014915e+006 -1.1543e+000 +1.1594e+000 -2.8875e+000
188 +5.814798532e+006 +5.814798532e+006 +5.814859072e+006 +5.814859072e+006 -1.0174e+000 +1.3480e-001 -3.2568e+000
189 +5.434646049e+006 +5.434646049e+006 +5.434706589e+006 +5.434706589e+006 -1.0191e+000 +5.2532e-001 -3.2713e+000
203 +4.865539433e+006 +4.865539433e+006 +4.865599973e+006 +4.865599973e+006 -7.2483e-001 -6.6172e-002 -2.9737e+000
213 +4.272786232e+006 +4.272786232e+006 +4.272846772e+006 +4.272846772e+006 -9.8433e-001 +8.4578e-001 -3.8545e+000
219 +3.577697686e+006 +3.577697686e+006 +3.577758226e+006 +3.577758226e+006 -8.9870e-001 +6.8312e-001 -4.0645e+000
220 +2.259807194e+006 +2.259807194e+006 +2.259867734e+006 +2.259867734e+006 -5.4528e-001 +3.5147e-001 -3.9544e+000
225 +1.337971952e+006 +1.337971952e+006 +1.338032492e+006 +1.338032492e+006 +3.7424e-001 -2.2475e-001 -3.5125e+000
227 +4.394478339e+005 +4.394478339e+005 +4.395083739e+005 +4.395083739e+005 +3.4130e-001 +2.6694e-001 -4.1606e+000
243 +7.199412504e+004 +7.199412504e+004 +7.205466504e+004 +7.205466504e+004 +3.2115e-001 +8.3957e-001 -4.2550e+000
248 +2.417489954e+004 +2.417489954e+004 +2.423543954e+004 +2.423543954e+004 +5.2147e-001 +7.3819e-001 -4.3132e+000
261 +2.282609907e+004 +2.282609907e+004 +2.288663907e+004 +2.288663907e+004 +4.2409e-001 +1.0941e+000 -4.3730e+000
266 +8.169821095e+003 +8.169821095e+003 +8.230361095e+003 +8.230361095e+003 +3.8093e-001 +9.6681e-001 -4.4502e+000
275 +3.272661527e+003 +3.272661527e+003 +3.333201527e+003 +3.333201527e+003 +3.7992e-001 +9.9829e-001 -4.5062e+000
283 +2.600383157e+003 +2.600383157e+003 +2.660923157e+003 +2.660923157e+003 +4.5522e-001 +9.2123e-001 -4.4503e+000
318 +8.889692344e+000 +8.889692344e+000 +6.942969234e+001 +6.942969234e+001 +7.6412e-001 +8.1553e-001 -4.0871e+000
684 +4.533290852e+000 +4.533290852e+000 +6.507329085e+001 +6.507329085e+001 +8.5220e-001 +7.7107e-001 -3.9950e+000
687 +1.081681238e+000 +1.081681238e+000 +6.162168124e+001 +6.162168124e+001 +8.5581e-001 +7.6973e-001 -3.9949e+000
697 +9.833712874e-001 +9.833712874e-001 +6.152337129e+001 +6.152337129e+001 +8.5294e-001 +7.7080e-001 -3.9971e+000
705 +9.462699149e-001 +9.462699149e-001 +6.148626991e+001 +6.148626991e+001 +8.5384e-001 +7.7073e-001 -3.9969e+000
729 +2.619931213e-001 +2.619931213e-001 +6.080199312e+001 +6.080199312e+001 +8.5399e-001 +7.7182e-001 -3.9959e+000
754 +1.850994161e-001 +1.850994161e-001 +6.072509942e+001 +6.072509942e+001 +8.5396e-001 +7.7122e-001 -3.9961e+000
768 +1.737133759e-001 +1.737133759e-001 +6.071371338e+001 +6.071371338e+001 +8.5400e-001 +7.7150e-001 -3.9959e+000
771 +1.315830125e-001 +1.315830125e-001 +6.067158301e+001 +6.067158301e+001 +8.5404e-001 +7.7143e-001 -3.9962e+000
8676 +1.288246002e-001 +1.288246002e-001 +6.066882460e+001 +6.066882460e+001 +8.5438e-001 +7.7135e-001 -3.9958e+000
% function evaluation | noise-free fitness - Fopt (7.079600000000e+002) | best noise-free fitness - Fopt | measured fitness | best measured fitness | x1 | x2...
1 +7.447208617e+006 +7.447208617e+006 +7.447916577e+006 +7.447916577e+006 +0.0000e+000 +0.0000e+000 +0.0000e+000
49 +2.711797371e+006 +2.711797371e+006 +2.712505331e+006 +2.712505331e+006 -2.2822e+000 -1.8060e+000 +1.3344e+000
62 +2.221909122e+006 +2.221909122e+006 +2.222617082e+006 +2.222617082e+006 -2.2635e+000 +1.3202e+000 +3.6022e+000
69 +7.636371304e+005 +7.636371304e+005 +7.643450904e+005 +7.643450904e+005 -2.3174e+000 +6.0984e-001 +2.6635e+000
78 +2.234186026e+005 +2.234186026e+005 +2.241265626e+005 +2.241265626e+005 -2.3418e+000 +4.2612e+000 +2.5241e+000
110 +1.758342510e+005 +1.758342510e+005 +1.765422110e+005 +1.765422110e+005 -2.3072e+000 +3.8215e+000 +2.5787e+000
123 +7.998397873e+004 +7.998397873e+004 +8.069193873e+004 +8.069193873e+004 -2.3392e+000 +3.1949e+000 +2.5500e+000
125 +3.839463308e+004 +3.839463308e+004 +3.910259308e+004 +3.910259308e+004 -2.2639e+000 +3.1846e+000 +2.3714e+000
165 +3.169342792e+004 +3.169342792e+004 +3.240138792e+004 +3.240138792e+004 -2.4226e+000 +2.5454e+000 +2.2207e+000
214 +2.616775925e+004 +2.616775925e+004 +2.687571925e+004 +2.687571925e+004 -2.3064e+000 +2.4942e+000 +2.1026e+000
217 +1.086501610e+004 +1.086501610e+004 +1.157297610e+004 +1.157297610e+004 -2.3619e+000 +2.7257e+000 +2.3428e+000
220 +1.053246073e+004 +1.053246073e+004 +1.124042073e+004 +1.124042073e+004 -2.2182e+000 +2.6313e+000 +2.1570e+000
228 +5.160555950e+003 +5.160555950e+003 +5.868515950e+003 +5.868515950e+003 -2.2640e+000 +2.7898e+000 +2.2105e+000
243 +2.689936155e+003 +2.689936155e+003 +3.397896155e+003 +3.397896155e+003 -2.2776e+000 +2.7056e+000 +2.2049e+000
259 +1.648198129e+003 +1.648198129e+003 +2.356158129e+003 +2.356158129e+003 -2.2446e+000 +2.5391e+000 +2.2043e+000
260 +8.511654248e+002 +8.511654248e+002 +1.559125425e+003 +1.559125425e+003 -2.2528e+000 +2.6338e+000 +2.2763e+000
263 +8.313872172e+002 +8.313872172e+002 +1.539347217e+003 +1.539347217e+003 -2.2539e+000 +2.5600e+000 +2.2190e+000
276 +1.831532156e+002 +1.831532156e+002 +8.911132156e+002 +8.911132156e+002 -2.2467e+000 +2.5619e+000 +2.2584e+000
280 +7.110689418e+001 +7.110689418e+001 +7.790668942e+002 +7.790668942e+002 -2.2504e+000 +2.5798e+000 +2.2547e+000
290 +2.748631337e+001 +2.748631337e+001 +7.354463134e+002 +7.354463134e+002 -2.2494e+000 +2.5853e+000 +2.2518e+000
309 +1.615705573e+001 +1.615705573e+001 +7.241170557e+002 +7.241170557e+002 -2.2521e+000 +2.5898e+000 +2.2509e+000
310 +6.563066142e+000 +6.563066142e+000 +7.145230661e+002 +7.145230661e+002 -2.2507e+000 +2.5872e+000 +2.2487e+000
327 +5.634803021e+000 +5.634803021e+000 +7.135948030e+002 +7.135948030e+002 -2.2522e+000 +2.5900e+000 +2.2487e+000
363 +4.611929738e+000 +4.611929738e+000 +7.125719297e+002 +7.125719297e+002 -2.2522e+000 +2.5884e+000 +2.2477e+000
383 +4.191924397e+000 +4.191924397e+000 +7.121519244e+002 +7.121519244e+002 -2.2531e+000 +2.5926e+000 +2.2479e+000
396 +4.100044218e+000 +4.100044218e+000 +7.120600442e+002 +7.120600442e+002 -2.2526e+000 +2.5924e+000 +2.2476e+000
412 +4.059321136e+000 +4.059321136e+000 +7.120193211e+002 +7.120193211e+002 -2.2531e+000 +2.5932e+000 +2.2477e+000
% function evaluation | noise-free fitness - Fopt (1.118000000000e+001) | best noise-free fitness - Fopt | measured fitness | best measured fitness | x1 | x2...
1 +6.171839111e+006 +6.171839111e+006 +6.171850291e+006 +6.171850291e+006 +0.0000e+000 +0.0000e+000 +0.0000e+000
251 +5.588489972e+006 +5.588489972e+006 +5.588501152e+006 +5.588501152e+006 +2.6265e+000 +6.5484e+000 +5.9888e+000
258 +5.072507897e+006 +5.072507897e+006 +5.072519077e+006 +5.072519077e+006 +2.6352e+000 +7.3313e+000 +6.4479e+000
267 +4.279038496e+006 +4.279038496e+006 +4.279049676e+006 +4.279049676e+006 +2.6177e+000 +7.5823e+000 +7.3038e+000
286 +4.161912825e+006 +4.161912825e+006 +4.161924005e+006 +4.161924005e+006 +2.6299e+000 +8.6234e+000 +7.2402e+000
313 +3.395196744e+006 +3.395196744e+006 +3.395207924e+006 +3.395207924e+006 +2.6347e+000 +9.0611e+000 +8.2251e+000
317 +3.254124737e+006 +3.254124737e+006 +3.254135917e+006 +3.254135917e+006 +2.6380e+000 +9.3341e+000 +8.3436e+000
318 +1.882982434e+006 +1.882982434e+006 +1.882993614e+006 +1.882993614e+006 +2.6349e+000 +1.2941e+001 +9.8667e+000
336 +6.878989742e+005 +6.878989742e+005 +6.879101542e+005 +6.879101542e+005 +2.6318e+000 +1.5594e+001 +1.2077e+001
635 +6.264142740e+005 +6.264142740e+005 +6.264254540e+005 +6.264254540e+005 +2.4077e+000 +1.4530e+001 +1.1383e+001
663 +5.836918450e+005 +5.836918450e+005 +5.837030250e+005 +5.837030250e+005 +2.3717e+000 +1.4415e+001 +1.1674e+001
676 +4.470573470e+005 +4.470573470e+005 +4.470685270e+005 +4.470685270e+005 +2.3711e+000 +1.4971e+001 +1.1683e+001
689 +6.623409807e+004 +6.623409807e+004 +6.624527807e+004 +6.624527807e+004 +1.9220e+000 +1.4505e+001 +1.1605e+001
714 +5.170413743e+004 +5.170413743e+004 +5.171531743e+004 +5.171531743e+004 +1.9104e+000 +1.4758e+001 +1.1784e+001
724 +4.849427145e+004 +4.849427145e+004 +4.850545145e+004 +4.850545145e+004 +1.9117e+000 +1.4787e+001 +1.1794e+001
729 +4.461953385e+004 +4.461953385e+004 +4.463071385e+004 +4.463071385e+004 +1.9317e+000 +1.4778e+001 +1.1741e+001
738 +3.812206958e+004 +3.812206958e+004 +3.813324958e+004 +3.813324958e+004 +1.9335e+000 +1.4918e+001 +1.1832e+001
745 +2.231845794e+004 +2.231845794e+004 +2.232963794e+004 +2.232963794e+004 +1.8271e+000 +1.4847e+001 +1.1778e+001
751 +1.653899388e+004 +1.653899388e+004 +1.655017388e+004 +1.655017388e+004 +1.7830e+000 +1.4933e+001 +1.1783e+001
766 +5.146947843e+003 +5.146947843e+003 +5.158127843e+003 +5.158127843e+003 +1.8667e+000 +1.5029e+001 +1.1786e+001
782 +2.828756068e+003 +2.828756068e+003 +2.839936068e+003 +2.839936068e+003 +1.8169e+000 +1.5011e+001 +1.1761e+001
794 +1.247125705e+003 +1.247125705e+003 +1.258305705e+003 +1.258305705e+003 +1.8220e+000 +1.5150e+001 +1.1777e+001
798 +9.650652426e+002 +9.650652426e+002 +9.762452426e+002 +9.762452426e+002 +1.8454e+000 +1.5072e+001 +1.1766e+001
807 +5.115269764e+002 +5.115269764e+002 +5.227069764e+002 +5.227069764e+002 +1.8348e+000 +1.5113e+001 +1.1769e+001
935 +4.975153340e+002 +4.975153340e+002 +5.086953340e+002 +5.086953340e+002 +1.8360e+000 +1.5106e+001 +1.1768e+001
% function evaluation | noise-free fitness - Fopt (1.818000000000e+001) | best noise-free fitness - Fopt | measured fitness | best measured fitness | x1 | x2...
1 +1.474729715e+007 +1.474729715e+007 +1.474731533e+007 +1.474731533e+007 +0.0000e+000 +0.0000e+000 +0.0000e+000
2 +1.138864115e+007 +1.138864115e+007 +1.138865933e+007 +1.138865933e+007 +1.0913e+000 -1.3240e-001 -8.7740e-002
8 +1.110330212e+007 +1.110330212e+007 +1.110332030e+007 +1.110332030e+007 +1.0993e+000 -1.2181e-001 -1.2946e-001
31 +1.035708071e+007 +1.035708071e+007 +1.035709889e+007 +1.035709889e+007 +1.0978e+000 -1.2175e-001 -2.4795e-001
54 +1.014848069e+007 +1.014848069e+007 +1.014849887e+007 +1.014849887e+007 +1.2813e+000 -1.1929e-001 -2.3426e-001
56 +8.941335164e+006 +8.941335164e+006 +8.941353344e+006 +8.941353344e+006 +1.0386e+000 -1.3025e-001 -5.0219e-001
66 +8.284649077e+006 +8.284649077e+006 +8.284667257e+006 +8.284667257e+006 +1.2710e+000 -1.2665e-001 -5.5385e-001
90 +6.619917085e+006 +6.619917085e+006 +6.619935265e+006 +6.619935265e+006 +2.0827e+000 -1.4260e-001 -7.3183e-001
100 +3.840808624e+006 +3.840808624e+006 +3.840826804e+006 +3.840826804e+006 +1.4368e+000 -1.6264e-001 -1.4608e+000
101 +1.700546379e+006 +1.700546379e+006 +1.700564559e+006 +1.700564559e+006 +2.5326e+000 -1.3471e-001 -2.0582e+000
109 +5.418776401e+005 +5.418776401e+005 +5.418958201e+005 +5.418958201e+005 +1.5889e+000 -1.4456e-001 -2.6950e+000
116 +1.415309596e+005 +1.415309596e+005 +1.415491396e+005 +1.415491396e+005 +1.4565e+000 -1.4825e-001 -3.2666e+000
139 +1.374982351e+005 +1.374982351e+005 +1.375164151e+005 +1.375164151e+005 +1.6439e+000 -1.4596e-001 -3.0783e+000
141 +9.679974568e+004 +9.679974568e+004 +9.681792568e+004 +9.681792568e+004 +1.8665e+000 -2.4359e-001 -3.0678e+000
149 +9.396250763e+001 +9.396250763e+001 +1.121425076e+002 +1.121425076e+002 +1.9330e+000 -1.2638e-001 -3.3577e+000
302 +4.998302799e+001 +4.998302799e+001 +6.816302799e+001 +6.816302799e+001 +1.9301e+000 -1.0565e-001 -3.3514e+000
312 +4.240398885e+001 +4.240398885e+001 +6.058398885e+001 +6.058398885e+001 +1.9219e+000 -1.1598e-001 -3.3614e+000
318 +1.251877931e+001 +1.251877931e+001 +3.069877931e+001 +3.069877931e+001 +1.9269e+000 -1.1402e-001 -3.3590e+000
332 +9.703112840e+000 +9.703112840e+000 +2.788311284e+001 +2.788311284e+001 +1.9302e+000 -1.1916e-001 -3.3567e+000
360 +6.711835224e+000 +6.711835224e+000 +2.489183522e+001 +2.489183522e+001 +1.9330e+000 -1.1025e-001 -3.3584e+000
361 +4.116569475e+000 +4.116569475e+000 +2.229656948e+001 +2.229656948e+001 +1.9355e+000 -1.0946e-001 -3.3539e+000
406 +3.087253681e+000 +3.087253681e+000 +2.126725368e+001 +2.126725368e+001 +1.9189e+000 -1.2627e-001 -3.3591e+000
411 +1.539129557e+000 +1.539129557e+000 +1.971912956e+001 +1.971912956e+001 +1.9215e+000 -1.2675e-001 -3.3597e+000
448 +7.603379368e-001 +7.603379368e-001 +1.894033794e+001 +1.894033794e+001 +1.9159e+000 -1.3180e-001 -3.3607e+000
459 +6.919286904e-001 +6.919286904e-001 +1.887192869e+001 +1.887192869e+001 +1.9163e+000 -1.3148e-001 -3.3606e+000
480 +6.900249056e-001 +6.900249056e-001 +1.887002491e+001 +1.887002491e+001 +1.9161e+000 -1.3157e-001 -3.3607e+000
486 +6.652656343e-001 +6.652656343e-001 +1.884526563e+001 +1.884526563e+001 +1.9169e+000 -1.3109e-001 -3.3608e+000
498 +6.559040869e-001 +6.559040869e-001 +1.883590409e+001 +1.883590409e+001 +1.9166e+000 -1.3138e-001 -3.3609e+000
514 +6.417620981e-001 +6.417620981e-001 +1.882176210e+001 +1.882176210e+001 +1.9166e+000 -1.3122e-001 -3.3609e+000
% function evaluation | noise-free fitness - Fopt (1.089300000000e+002) | best noise-free fitness - Fopt | measured fitness | best measured fitness | x1 | x2...
1 +8.745904179e+007 +8.745904179e+007 +8.745915072e+007 +8.745915072e+007 +0.0000e+000 +0.0000e+000 +0.0000e+000
2 +4.445849423e+007 +4.445849423e+007 +4.445860316e+007 +4.445860316e+007 -4.4375e+000 -4.1380e+000 -3.1656e+000
8 +4.356256842e+007 +4.356256842e+007 +4.356267735e+007 +4.356267735e+007 -4.4292e+000 -4.1573e+000 -3.1826e+000
25 +4.185954370e+007 +4.185954370e+007 +4.185965263e+007 +4.185965263e+007 -4.3296e+000 -4.1329e+000 -3.1975e+000
34 +3.518063118e+007 +3.518063118e+007 +3.518074011e+007 +3.518074011e+007 -4.1392e+000 -4.1818e+000 -3.1196e+000
49 +2.442816603e+007 +2.442816603e+007 +2.442827496e+007 +2.442827496e+007 -2.6218e+000 -4.3632e+000 -2.9190e+000
62 +1.951617377e+007 +1.951617377e+007 +1.951628270e+007 +1.951628270e+007 +3.8357e+000 -3.3440e+000 -2.2989e+000
99 +2.398760149e+006 +2.398760149e+006 +2.398869079e+006 +2.398869079e+006 -1.8401e+000 -3.8728e+000 +3.5050e+000
115 +1.643871080e+006 +1.643871080e+006 +1.643980010e+006 +1.643980010e+006 +1.3640e+001 -3.8542e+000 -4.3345e-001
122 +8.100381429e+005 +8.100381429e+005 +8.101470729e+005 +8.101470729e+005 +1.4432e+001 -3.9680e+000 +2.5008e-001
151 +5.701202516e+005 +5.701202516e+005 +5.702291816e+005 +5.702291816e+005 +1.8454e+001 -5.1691e+000 -1.2740e+000
174 +3.823669081e+005 +3.823669081e+005 +3.824758381e+005 +3.824758381e+005 +1.4581e+001 -3.9467e+000 -4.2804e-001
195 +1.047193190e+005 +1.047193190e+005 +1.048282490e+005 +1.048282490e+005 +8.6124e+000 -2.9075e+000 +1.6092e+000
266 +8.122962725e+004 +8.122962725e+004 +8.133855725e+004 +8.133855725e+004 +8.4033e+000 -3.0613e+000 +1.6131e+000
317 +2.784181388e+004 +2.784181388e+004 +2.795074388e+004 +2.795074388e+004 +2.8665e+000 -2.3528e+000 +1.9716e+000
386 +7.956462899e+003 +7.956462899e+003 +8.065392899e+003 +8.065392899e+003 -1.5418e-001 -2.9560e+000 +2.0907e+000
422 +4.061445894e+003 +4.061445894e+003 +4.170375894e+003 +4.170375894e+003 +5.9033e-001 -2.7027e+000 +2.0637e+000
433 +2.041108619e+003 +2.041108619e+003 +2.150038619e+003 +2.150038619e+003 +8.2943e-001 -2.5725e+000 +2.0252e+000
474 +3.336881108e+002 +3.336881108e+002 +4.426181108e+002 +4.426181108e+002 +8.5214e-001 -2.5853e+000 +2.0192e+000
491 +1.460193245e+002 +1.460193245e+002 +2.549493245e+002 +2.549493245e+002 +1.0147e+000 -2.5534e+000 +2.0122e+000
502 +2.430698721e+001 +2.430698721e+001 +1.332369872e+002 +1.332369872e+002 +8.0618e-001 -2.6075e+000 +2.0186e+000
516 +7.245431080e+000 +7.245431080e+000 +1.161754311e+002 +1.161754311e+002 +9.1039e-001 -2.5836e+000 +2.0196e+000
536 +6.829072190e+000 +6.829072190e+000 +1.157590722e+002 +1.157590722e+002 +9.7340e-001 -2.5687e+000 +2.0237e+000
603 +5.646928316e+000 +5.646928316e+000 +1.145769283e+002 +1.145769283e+002 +8.9726e-001 -2.5858e+000 +2.0203e+000
626 +4.952526941e+000 +4.952526941e+000 +1.138825269e+002 +1.138825269e+002 +8.9570e-001 -2.5870e+000 +2.0201e+000
677 +4.473135967e+000 +4.473135967e+000 +1.134031360e+002 +1.134031360e+002 +8.7554e-001 -2.5917e+000 +2.0205e+000
698 +3.757652402e+000 +3.757652402e+000 +1.126876524e+002 +1.126876524e+002 +8.7765e-001 -2.5918e+000 +2.0207e+000
722 +3.590050307e+000 +3.590050307e+000 +1.125200503e+002 +1.125200503e+002 +8.7814e-001 -2.5915e+000 +2.0209e+000
782 +3.505639850e+000 +3.505639850e+000 +1.124356399e+002 +1.124356399e+002 +8.7818e-001 -2.5916e+000 +2.0211e+000
8189 +3.467325123e+000 +3.467325123e+000 +1.123973251e+002 +1.123973251e+002 +8.8251e-001 -2.5904e+000 +2.0212e+000
% function evaluation | noise-free fitness - Fopt (1.966000000000e+001) | best noise-free fitness - Fopt | measured fitness | best measured fitness | x1 | x2...
1 +1.310002718e+007 +1.310002718e+007 +1.310004684e+007 +1.310004684e+007 +0.0000e+000 +0.0000e+000 +0.0000e+000
140 +1.266246911e+007 +1.266246911e+007 +1.266248877e+007 +1.266248877e+007 +5.3282e+000 -4.0026e+000 +4.8264e+000
154 +7.932589648e+006 +7.932589648e+006 +7.932609308e+006 +7.932609308e+006 +1.1435e+001 -4.1198e+000 +4.8518e+000
164 +7.323134755e+006 +7.323134755e+006 +7.323154415e+006 +7.323154415e+006 +1.0526e+001 -4.3695e+000 +4.8488e+000
175 +6.449099063e+006 +6.449099063e+006 +6.449118723e+006 +6.449118723e+006 +9.7199e+000 -6.7697e+000 +4.8368e+000
176 +6.202805337e+006 +6.202805337e+006 +6.202824997e+006 +6.202824997e+006 +1.0229e+001 -4.8825e+000 +4.8561e+000
178 +5.187731371e+006 +5.187731371e+006 +5.187751031e+006 +5.187751031e+006 +1.1570e+001 -4.9813e+000 +4.8551e+000
179 +3.947540837e+006 +3.947540837e+006 +3.947560497e+006 +3.947560497e+006 +1.8963e+001 -5.6317e+000 +4.8512e+000
181 +2.946522613e+006 +2.946522613e+006 +2.946542273e+006 +2.946542273e+006 +1.2891e+001 -5.8413e+000 +4.8436e+000
184 +1.708346876e+006 +1.708346876e+006 +1.708366536e+006 +1.708366536e+006 +1.5540e+001 -6.0885e+000 +4.8532e+000
200 +1.226088289e+006 +1.226088289e+006 +1.226107949e+006 +1.226107949e+006 +1.5103e+001 -6.7917e+000 +4.8800e+000
215 +2.566475419e+005 +2.566475419e+005 +2.566672019e+005 +2.566672019e+005 +2.0862e+001 -7.6763e+000 +4.8027e+000
231 +7.380065311e+004 +7.380065311e+004 +7.382031311e+004 +7.382031311e+004 +1.9042e+001 -7.9152e+000 +4.8602e+000
246 +2.215421686e+004 +2.215421686e+004 +2.217387686e+004 +2.217387686e+004 +1.8660e+001 -7.4367e+000 +4.6595e+000
280 +9.450860631e+003 +9.450860631e+003 +9.470520631e+003 +9.470520631e+003 +1.9189e+001 -7.6026e+000 +4.7330e+000
292 +9.048517903e+003 +9.048517903e+003 +9.068177903e+003 +9.068177903e+003 +1.8920e+001 -7.6970e+000 +4.7785e+000
305 +6.527695711e+003 +6.527695711e+003 +6.547355711e+003 +6.547355711e+003 +1.9005e+001 -7.5852e+000 +4.7551e+000
310 +3.802528650e+003 +3.802528650e+003 +3.822188650e+003 +3.822188650e+003 +1.8985e+001 -7.7066e+000 +4.7415e+000
317 +2.794371166e+003 +2.794371166e+003 +2.814031166e+003 +2.814031166e+003 +1.9137e+001 -7.6386e+000 +4.7731e+000
328 +1.812084067e+003 +1.812084067e+003 +1.831744067e+003 +1.831744067e+003 +1.9209e+001 -7.6937e+000 +4.8101e+000
333 +6.946845151e+002 +6.946845151e+002 +7.143445151e+002 +7.143445151e+002 +1.9170e+001 -7.6769e+000 +4.7683e+000
365 +6.815358210e+002 +6.815358210e+002 +7.011958210e+002 +7.011958210e+002 +1.9159e+001 -7.6753e+000 +4.7542e+000
366 +5.071420198e+002 +5.071420198e+002 +5.268020198e+002 +5.268020198e+002 +1.9142e+001 -7.6805e+000 +4.7546e+000
379 +4.985196283e+002 +4.985196283e+002 +5.181796283e+002 +5.181796283e+002 +1.9149e+001 -7.6858e+000 +4.7612e+000
3052 +4.897632681e+002 +4.897632681e+002 +5.094232681e+002 +5.094232681e+002 +1.9141e+001 -7.6845e+000 +4.7563e+000
% function evaluation | noise-free fitness - Fopt (-3.538000000000e+002) | best noise-free fitness - Fopt | measured fitness | best measured fitness | x1 | x2...
1 +3.804547619e+007 +3.804547619e+007 +3.804512239e+007 +3.804512239e+007 +0.0000e+000 +0.0000e+000 +0.0000e+000
2 +2.986549993e+006 +2.986549993e+006 +2.986196193e+006 +2.986196193e+006 +6.1058e-003 +1.7286e+000 +3.8490e+000
9 +2.921379047e+006 +2.921379047e+006 +2.921025247e+006 +2.921025247e+006 +2.3275e-003 +1.7162e+000 +3.8491e+000
10 +2.877347274e+006 +2.877347274e+006 +2.876993474e+006 +2.876993474e+006 +6.4593e-002 +1.7179e+000 +3.8514e+000
18 +2.623383855e+006 +2.623383855e+006 +2.623030055e+006 +2.623030055e+006 +1.7701e-002 +1.6671e+000 +3.8468e+000
35 +2.438427688e+006 +2.438427688e+006 +2.438073888e+006 +2.438073888e+006 +3.3002e-002 +1.6320e+000 +3.8356e+000
47 +2.199633980e+006 +2.199633980e+006 +2.199280180e+006 +2.199280180e+006 +5.1306e-002 +1.5810e+000 +3.8357e+000
54 +1.932157418e+006 +1.932157418e+006 +1.931803618e+006 +1.931803618e+006 +1.4274e-002 +1.5270e+000 +3.8350e+000
56 +1.796242434e+006 +1.796242434e+006 +1.795888634e+006 +1.795888634e+006 +3.5079e-004 +1.5104e+000 +4.0106e+000
63 +1.517752883e+006 +1.517752883e+006 +1.517399083e+006 +1.517399083e+006 +5.0813e-003 +1.4456e+000 +3.9092e+000
73 +1.490643453e+006 +1.490643453e+006 +1.490289653e+006 +1.490289653e+006 -1.7929e-002 +1.4343e+000 +3.9359e+000
76 +7.962329126e+005 +7.962329126e+005 +7.958791126e+005 +7.958791126e+005 +2.9751e-002 +1.2744e+000 +4.0254e+000
91 +2.559415746e+005 +2.559415746e+005 +2.555877746e+005 +2.555877746e+005 +1.4516e-002 +8.2965e-001 +3.9814e+000
113 +2.401041601e+005 +2.401041601e+005 +2.397503601e+005 +2.397503601e+005 +1.9298e-002 +8.3608e-001 +4.0017e+000
120 +1.875398392e+004 +1.875398392e+004 +1.840018392e+004 +1.840018392e+004 -7.2227e-002 +8.3398e-001 +3.9826e+000
139 +6.592657073e+003 +6.592657073e+003 +6.238857073e+003 +6.238857073e+003 -4.7032e-002 +8.0738e-001 +4.0481e+000
140 +2.003816683e+003 +2.003816683e+003 +1.650016683e+003 +1.650016683e+003 -3.1680e-002 +8.2001e-001 +4.1143e+000
150 +5.451534504e+002 +5.451534504e+002 +1.913534504e+002 +1.913534504e+002 -5.7457e-002 +7.8884e-001 +4.0556e+000
325 +4.841336728e+002 +4.841336728e+002 +1.303336728e+002 +1.303336728e+002 -4.3782e-002 +7.9811e-001 +4.0912e+000
369 +3.778428277e+002 +3.778428277e+002 +2.404282768e+001 +2.404282768e+001 -3.9555e-002 +8.0250e-001 +4.1078e+000
370 +2.759238574e+002 +2.759238574e+002 -7.787614260e+001 -7.787614260e+001 -3.6087e-002 +7.9678e-001 +4.1160e+000
383 +2.255643309e+002 +2.255643309e+002 -1.282356691e+002 -1.282356691e+002 -3.5879e-002 +7.9773e-001 +4.1183e+000
422 +2.167234884e+002 +2.167234884e+002 -1.370765116e+002 -1.370765116e+002 -3.4462e-002 +8.0064e-001 +4.1216e+000
436 +2.095751612e+002 +2.095751612e+002 -1.442248388e+002 -1.442248388e+002 -3.5008e-002 +8.0023e-001 +4.1214e+000
451 +2.085853727e+002 +2.085853727e+002 -1.452146273e+002 -1.452146273e+002 -3.5983e-002 +7.9878e-001 +4.1197e+000
% function evaluation | noise-free fitness - Fopt (-5.925000000000e+001) | best noise-free fitness - Fopt | measured fitness | best measured fitness | x1 | x2...
1 +3.770955072e+007 +3.770955072e+007 +3.770949147e+007 +3.770949147e+007 +0.0000e+000 +0.0000e+000 +0.0000e+000
84 +2.495146411e+007 +2.495146411e+007 +2.495140486e+007 +2.495140486e+007 -7.1285e-001 -4.5728e+000 +2.6782e-001
90 +2.167168544e+007 +2.167168544e+007 +2.167162619e+007 +2.167162619e+007 -5.3978e-001 -4.5840e+000 +4.7982e-002
92 +3.011803499e+006 +3.011803499e+006 +3.011744249e+006 +3.011744249e+006 +1.5446e+000 -4.5864e+000 +6.0436e-001
99 +1.436541571e+006 +1.436541571e+006 +1.436482321e+006 +1.436482321e+006 +2.0010e+000 -4.4695e+000 +1.3451e+000
119 +3.304686736e+005 +3.304686736e+005 +3.304094236e+005 +3.304094236e+005 +1.9145e+000 -4.5799e+000 +2.0156e+000
184 +1.067032271e+005 +1.067032271e+005 +1.066439771e+005 +1.066439771e+005 +1.8355e+000 -4.7471e+000 +2.4647e+000
212 +6.420246770e+004 +6.420246770e+004 +6.414321770e+004 +6.414321770e+004 +1.5145e+000 -4.3685e+000 +2.3193e+000
217 +4.252763257e+004 +4.252763257e+004 +4.246838257e+004 +4.246838257e+004 +1.6792e+000 -4.6137e+000 +2.2800e+000
235 +9.845210695e+003 +9.845210695e+003 +9.785960695e+003 +9.785960695e+003 +1.5205e+000 -5.0476e+000 +2.2233e+000
258 +4.367155492e+003 +4.367155492e+003 +4.307905492e+003 +4.307905492e+003 +1.5017e+000 -5.0396e+000 +2.3293e+000
266 +3.732445851e+003 +3.732445851e+003 +3.673195851e+003 +3.673195851e+003 +1.4281e+000 -5.2035e+000 +2.2834e+000
275 +8.628871102e+002 +8.628871102e+002 +8.036371102e+002 +8.036371102e+002 +1.4686e+000 -5.0309e+000 +2.2603e+000
290 +3.333961327e+002 +3.333961327e+002 +2.741461327e+002 +2.741461327e+002 +1.4456e+000 -5.1328e+000 +2.2494e+000
294 +3.057187279e+002 +3.057187279e+002 +2.464687279e+002 +2.464687279e+002 +1.4651e+000 -4.9765e+000 +2.2942e+000
306 +2.585194662e+002 +2.585194662e+002 +1.992694662e+002 +1.992694662e+002 +1.4458e+000 -5.0695e+000 +2.2887e+000
331 +2.011298442e+002 +2.011298442e+002 +1.418798442e+002 +1.418798442e+002 +1.4415e+000 -5.0909e+000 +2.2787e+000
339 +1.941552419e+002 +1.941552419e+002 +1.349052419e+002 +1.349052419e+002 +1.4386e+000 -5.0686e+000 +2.2779e+000
345 +6.762679745e+001 +6.762679745e+001 +8.376797446e+000 +8.376797446e+000 +1.4513e+000 -5.0725e+000 +2.2775e+000
417 +6.143339133e+001 +6.143339133e+001 +2.183391331e+000 +2.183391331e+000 +1.4555e+000 -5.0269e+000 +2.2926e+000
441 +2.222876479e+001 +2.222876479e+001 -3.702123521e+001 -3.702123521e+001 +1.4530e+000 -5.0542e+000 +2.2807e+000
479 +1.880710783e+001 +1.880710783e+001 -4.044289217e+001 -4.044289217e+001 +1.4566e+000 -5.0406e+000 +2.2843e+000
% function evaluation | noise-free fitness - Fopt (-2.707000000000e+001) | best noise-free fitness - Fopt | measured fitness | best measured fitness | x1 | x2...
1 +1.413792598e+007 +1.413792598e+007 +1.413789891e+007 +1.413789891e+007 +0.0000e+000 +0.0000e+000 +0.0000e+000
103 +7.858091917e+006 +7.858091917e+006 +7.858064847e+006 +7.858064847e+006 -1.6146e+000 +1.1448e+000 +4.0991e+000
113 +7.298221964e+006 +7.298221964e+006 +7.298194894e+006 +7.298194894e+006 -1.5425e+000 +1.4903e+000 +4.0110e+000
131 +9.525421322e+005 +9.525421322e+005 +9.525150622e+005 +9.525150622e+005 -1.5391e+000 +1.4659e+000 +8.4122e+000
143 +4.676890640e+005 +4.676890640e+005 +4.676619940e+005 +4.676619940e+005 -1.5270e+000 +1.2956e+000 +8.8952e+000
167 +3.417860172e+005 +3.417860172e+005 +3.417589472e+005 +3.417589472e+005 -1.6197e+000 +1.2398e+000 +8.9678e+000
187 +3.024907094e+005 +3.024907094e+005 +3.024636394e+005 +3.024636394e+005 -1.6331e+000 +1.1997e+000 +8.8244e+000
205 +3.009769525e+005 +3.009769525e+005 +3.009498825e+005 +3.009498825e+005 -1.6352e+000 +1.2255e+000 +8.9146e+000
216 +2.458615694e+005 +2.458615694e+005 +2.458344994e+005 +2.458344994e+005 -1.6326e+000 +1.1247e+000 +8.7960e+000
235 +2.421648993e+005 +2.421648993e+005 +2.421378293e+005 +2.421378293e+005 -1.6487e+000 +1.1595e+000 +8.9162e+000
245 +2.229721061e+005 +2.229721061e+005 +2.229450361e+005 +2.229450361e+005 -1.5518e+000 +1.1237e+000 +8.8611e+000
253 +1.997784090e+005 +1.997784090e+005 +1.997513390e+005 +1.997513390e+005 -1.6425e+000 +1.1184e+000 +8.9304e+000
260 +1.443689185e+005 +1.443689185e+005 +1.443418485e+005 +1.443418485e+005 -1.6235e+000 +1.0584e+000 +8.9054e+000
267 +1.307665580e+005 +1.307665580e+005 +1.307394880e+005 +1.307394880e+005 -1.5558e+000 +1.0911e+000 +8.7546e+000
276 +4.136843596e+004 +4.136843596e+004 +4.134136596e+004 +4.134136596e+004 -1.6190e+000 +8.9050e-001 +8.8572e+000
292 +3.031302320e+004 +3.031302320e+004 +3.028595320e+004 +3.028595320e+004 -1.6142e+000 +8.6533e-001 +8.8322e+000
329 +2.852341801e+004 +2.852341801e+004 +2.849634801e+004 +2.849634801e+004 -1.6239e+000 +5.8215e-001 +8.7701e+000
336 +2.370573366e+004 +2.370573366e+004 +2.367866366e+004 +2.367866366e+004 -1.6108e+000 +8.4150e-001 +8.8078e+000
357 +1.117693009e+004 +1.117693009e+004 +1.114986009e+004 +1.114986009e+004 -1.6420e+000 +7.2850e-001 +8.8361e+000
393 +6.221517517e+003 +6.221517517e+003 +6.194447517e+003 +6.194447517e+003 -1.6424e+000 +6.3788e-001 +8.8423e+000
409 +4.291653971e+003 +4.291653971e+003 +4.264583971e+003 +4.264583971e+003 -1.6361e+000 +6.8079e-001 +8.8352e+000
427 +4.258752721e+003 +4.258752721e+003 +4.231682721e+003 +4.231682721e+003 -1.6304e+000 +6.4509e-001 +8.8327e+000
430 +2.746984785e+003 +2.746984785e+003 +2.719914785e+003 +2.719914785e+003 -1.6299e+000 +6.9795e-001 +8.8348e+000
431 +2.431431018e+003 +2.431431018e+003 +2.404361018e+003 +2.404361018e+003 -1.6282e+000 +6.6848e-001 +8.8367e+000
447 +2.093894497e+003 +2.093894497e+003 +2.066824497e+003 +2.066824497e+003 -1.6280e+000 +7.0123e-001 +8.8404e+000
448 +2.027411219e+003 +2.027411219e+003 +2.000341219e+003 +2.000341219e+003 -1.6321e+000 +6.9447e-001 +8.8472e+000
457 +1.968490795e+003 +1.968490795e+003 +1.941420795e+003 +1.941420795e+003 -1.6336e+000 +6.8694e-001 +8.8493e+000
486 +1.915977064e+003 +1.915977064e+003 +1.888907064e+003 +1.888907064e+003 -1.6287e+000 +6.8876e-001 +8.8450e+000
1374 +1.905362562e+003 +1.905362562e+003 +1.878292562e+003 +1.878292562e+003 -1.6293e+000 +6.8868e-001 +8.8447e+000
14493 +1.862084326e+003 +1.862084326e+003 +1.835014326e+003 +1.835014326e+003 -1.6097e+000 +7.0150e-001 +8.8092e+000
% function evaluation | noise-free fitness - Fopt (-5.279000000000e+001) | best noise-free fitness - Fopt | measured fitness | best measured fitness | x1 | x2...
1 +5.620012940e+006 +5.620012940e+006 +5.619960150e+006 +5.619960150e+006 +0.0000e+000 +0.0000e+000 +0.0000e+000
63 +4.660632281e+006 +4.660632281e+006 +4.660579491e+006 +4.660579491e+006 +2.4627e+000 +6.3428e-001 -9.0212e-001
68 +2.811084850e+006 +2.811084850e+006 +2.811032060e+006 +2.811032060e+006 +2.5039e+000 +1.7354e-001 -1.1880e+000
77 +1.456972756e+005 +1.456972756e+005 +1.456444856e+005 +1.456444856e+005 +2.5808e+000 -1.1453e+000 -1.0588e+000
82 +1.125717669e+005 +1.125717669e+005 +1.125189769e+005 +1.125189769e+005 +3.0973e+000 -1.1314e+000 -1.0680e+000
86 +4.028548508e+004 +4.028548508e+004 +4.023269508e+004 +4.023269508e+004 +2.5996e+000 -1.3976e+000 -1.0239e+000
105 +4.302061764e+003 +4.302061764e+003 +4.249271764e+003 +4.249271764e+003 +2.6585e+000 -1.5582e+000 -1.1683e+000
115 +3.146209973e+002 +3.146209973e+002 +2.618309973e+002 +2.618309973e+002 +2.5526e+000 -1.4878e+000 -1.2063e+000
161 +2.125472092e+002 +2.125472092e+002 +1.597572092e+002 +1.597572092e+002 +2.9498e+000 -1.4864e+000 -1.1377e+000
243 +1.763342406e+002 +1.763342406e+002 +1.235442406e+002 +1.235442406e+002 +3.2056e+000 -1.4612e+000 -1.0874e+000
249 +9.444704175e+001 +9.444704175e+001 +4.165704175e+001 +4.165704175e+001 +2.7768e+000 -1.4904e+000 -1.1581e+000
286 +5.829941399e+001 +5.829941399e+001 +5.509413987e+000 +5.509413987e+000 +3.0388e+000 -1.4681e+000 -1.1096e+000
309 +5.680303174e+001 +5.680303174e+001 +4.013031741e+000 +4.013031741e+000 +3.1566e+000 -1.4607e+000 -1.0857e+000
357 +5.343476520e+001 +5.343476520e+001 +6.447651962e-001 +6.447651962e-001 +3.1826e+000 -1.4615e+000 -1.0814e+000
11845 +5.247934253e+001 +5.247934253e+001 -3.106574748e-001 -3.106574748e-001 +3.1571e+000 -1.4626e+000 -1.0862e+000
