% function evaluation | noise-free fitness - Fopt (7.135000000000e+01) | best noise-free fitness - Fopt | measured fitness | best measured fitness | x1 | x2...
1 +1.205674855e+02 +1.205674855e+02 +1.919174855e+02 +1.919174855e+02 +0.0000e+00 +0.0000e+00 +0.0000e+00 +0.0000e+00 +0.0000e+00
2 +7.353979570e+01 +7.353979570e+01 +1.448897957e+02 +1.448897957e+02 +4.2760e+00 +8.9823e-01 +7.0158e-01 -2.8183e+00 -4.2749e+00
5 +7.007200685e+01 +7.007200685e+01 +1.414220068e+02 +1.414220068e+02 +4.2705e+00 +9.1121e-01 +6.9279e-01 -2.8176e+00 -4.2806e+00
16 +6.838116035e+01 +6.838116035e+01 +1.397311603e+02 +1.397311603e+02 +4.2768e+00 +9.0729e-01 +6.8979e-01 -2.8177e+00 -4.2743e+00
17 +6.730510861e+01 +6.730510861e+01 +1.386551086e+02 +1.386551086e+02 +4.2750e+00 +9.0170e-01 +6.8823e-01 -2.8117e+00 -4.2744e+00
28 +6.311896250e+01 +6.311896250e+01 +1.344689625e+02 +1.344689625e+02 +4.3115e+00 +9.1967e-01 +6.8709e-01 -2.8126e+00 -4.2705e+00
183 +6.167552319e+01 +6.167552319e+01 +1.330255232e+02 +1.330255232e+02 +4.3087e+00 +9.2424e-01 +7.3700e-01 -2.8180e+00 -4.2964e+00
187 +6.028013464e+01 +6.028013464e+01 +1.316301346e+02 +1.316301346e+02 +4.3046e+00 +9.4197e-01 +6.4793e-01 -2.8262e+00 -4.2582e+00
189 +5.582396386e+01 +5.582396386e+01 +1.271739639e+02 +1.271739639e+02 +4.3046e+00 +9.3809e-01 +6.7141e-01 -2.8206e+00 -4.2428e+00
237 +5.331924955e+01 +5.331924955e+01 +1.246692496e+02 +1.246692496e+02 +4.3275e+00 +9.4339e-01 +6.8038e-01 -2.8206e+00 -4.2540e+00
263 +5.170613423e+01 +5.170613423e+01 +1.230561342e+02 +1.230561342e+02 +4.3286e+00 +9.4018e-01 +6.7816e-01 -2.8265e+00 -4.2538e+00
288 +4.870825552e+01 +4.870825552e+01 +1.200582555e+02 +1.200582555e+02 +4.3389e+00 +9.5868e-01 +6.6379e-01 -2.8237e+00 -4.2578e+00
685 +4.767706924e+01 +4.767706924e+01 +1.190270692e+02 +1.190270692e+02 +4.3344e+00 +9.3942e-01 +6.8015e-01 -2.8221e+00 -4.2591e+00
1500 +4.673541779e+01 +4.673541779e+01 +1.180854178e+02 +1.180854178e+02 +4.3349e+00 +9.3881e-01 +6.8192e-01 -2.8210e+00 -4.2577e+00
2846 +4.568544530e+01 +4.568544530e+01 +1.170354453e+02 +1.170354453e+02 +4.3337e+00 +9.3835e-01 +6.8303e-01 -2.8219e+00 -4.2568e+00
% function evaluation | noise-free fitness - Fopt (-3.552200000000e+02) | best noise-free fitness - Fopt | measured fitness | best measured fitness | x1 | x2...
1 +1.380502722e+02 +1.380502722e+02 -2.171697278e+02 -2.171697278e+02 +0.0000e+00 +0.0000e+00 +0.0000e+00 +0.0000e+00 +0.0000e+00
2 +7.235390419e+01 +7.235390419e+01 -2.828660958e+02 -2.828660958e+02 -3.7185e+00 +3.2126e+00 -4.1169e+00 -3.7817e+00 +1.9471e-01
10 +7.077270397e+01 +7.077270397e+01 -2.844472960e+02 -2.844472960e+02 -3.7186e+00 +3.2150e+00 -4.0983e+00 -3.7832e+00 +1.9808e-01
67 +6.793320958e+01 +6.793320958e+01 -2.872867904e+02 -2.872867904e+02 -3.7153e+00 +3.2135e+00 -4.0897e+00 -3.7810e+00 +2.0980e-01
77 +6.759730929e+01 +6.759730929e+01 -2.876226907e+02 -2.876226907e+02 -3.7141e+00 +3.2020e+00 -4.0903e+00 -3.7807e+00 +1.9441e-01
117 +4.552694731e+01 +4.552694731e+01 -3.096930527e+02 -3.096930527e+02 -3.7148e+00 +3.2095e+00 -3.8632e+00 -3.7847e+00 +2.0188e-01
156 +4.247130488e+01 +4.247130488e+01 -3.127486951e+02 -3.127486951e+02 -3.7113e+00 +3.2103e+00 -3.8548e+00 -3.7823e+00 +1.9511e-01
177 +4.165745855e+01 +4.165745855e+01 -3.135625414e+02 -3.135625414e+02 -3.7114e+00 +3.1934e+00 -3.8235e+00 -3.7822e+00 +1.9294e-01
183 +3.861421664e+01 +3.861421664e+01 -3.166057834e+02 -3.166057834e+02 -3.7137e+00 +3.2100e+00 -3.7781e+00 -3.7812e+00 +2.0070e-01
196 +3.536536989e+01 +3.536536989e+01 -3.198546301e+02 -3.198546301e+02 -3.7415e+00 +3.2270e+00 -3.8890e+00 -3.7779e+00 +1.3259e-01
236 +2.633895317e+01 +2.633895317e+01 -3.288810468e+02 -3.288810468e+02 -3.7401e+00 +3.2227e+00 -3.8581e+00 -3.7524e+00 +2.1707e+00
351 +2.478146201e+01 +2.478146201e+01 -3.304385380e+02 -3.304385380e+02 -3.7544e+00 +3.2188e+00 -3.9786e+00 -3.7681e+00 +2.3130e+00
492 +2.024096614e+01 +2.024096614e+01 -3.349790339e+02 -3.349790339e+02 -3.6344e+00 +3.2220e+00 -1.8523e+00 -3.8294e+00 -6.4314e+00
560 +1.976150914e+01 +1.976150914e+01 -3.354584909e+02 -3.354584909e+02 -3.6419e+00 +3.2264e+00 -3.0287e+00 -3.5051e+00 +5.9682e+00
696 +1.901161264e+01 +1.901161264e+01 -3.362083874e+02 -3.362083874e+02 -3.8097e+00 +3.1634e+00 -2.4468e+00 -2.4649e+00 -5.4574e+00
756 +1.207298811e+01 +1.207298811e+01 -3.431470119e+02 -3.431470119e+02 -3.8645e+00 +3.5144e+00 -2.1630e+00 -4.5726e-02 -3.7494e+00
1233 +6.296718616e+00 +6.296718616e+00 -3.489232814e+02 -3.489232814e+02 -4.5748e+00 -1.0591e+00 -2.7632e+00 -2.2780e+00 -5.4177e+00
4107 +5.362330660e+00 +5.362330660e+00 -3.498576693e+02 -3.498576693e+02 +2.8122e+00 -1.0518e+00 +2.9030e+00 -3.2390e+00 -1.5748e+00
17833 +2.809522390e+00 +2.809522390e+00 -3.524104776e+02 -3.524104776e+02 -4.1756e+00 -2.6635e+00 +3.2775e+00 -6.8751e-01 +2.3591e-01
133797 +1.651579115e+00 +1.651579115e+00 -3.535684209e+02 -3.535684209e+02 +3.0492e+00 -1.4515e+00 -3.3698e+00 +7.9648e-01 -4.2791e+00
240355 +1.563382921e+00 +1.563382921e+00 -3.536566171e+02 -3.536566171e+02 -6.3746e-01 -4.8642e-01 -6.9402e-01 -1.5424e+00 -2.2891e-01
% function evaluation | noise-free fitness - Fopt (9.917000000000e+01) | best noise-free fitness - Fopt | measured fitness | best measured fitness | x1 | x2...
1 +1.990461148e+02 +1.990461148e+02 +2.982161148e+02 +2.982161148e+02 +0.0000e+00 +0.0000e+00 +0.0000e+00 +0.0000e+00 +0.0000e+00
2 +1.303154908e+02 +1.303154908e+02 +2.294854908e+02 +2.294854908e+02 +3.9329e-01 +1.7589e+00 +1.3047e+00 -6.6542e-01 +6.5196e-01
6 +1.261581904e+02 +1.261581904e+02 +2.253281904e+02 +2.253281904e+02 +4.0449e-01 +1.7630e+00 +1.3092e+00 -6.7806e-01 +6.6625e-01
9 +1.255853856e+02 +1.255853856e+02 +2.247553856e+02 +2.247553856e+02 +3.7522e-01 +1.7590e+00 +1.3174e+00 -6.5602e-01 +6.2620e-01
20 +1.003514537e+02 +1.003514537e+02 +1.995214537e+02 +1.995214537e+02 +2.6804e-01 +1.7659e+00 +1.3029e+00 -6.5764e-01 +6.6968e-01
40 +9.953277223e+01 +9.953277223e+01 +1.987027722e+02 +1.987027722e+02 +5.1027e-01 +1.7673e+00 +1.3068e+00 -6.6363e-01 +6.6116e-01
49 +6.157932896e+01 +6.157932896e+01 +1.607493290e+02 +1.607493290e+02 +1.5969e-01 +1.7722e+00 +1.3043e+00 -7.0574e-01 +6.1041e-01
53 +5.650522434e+01 +5.650522434e+01 +1.556752243e+02 +1.556752243e+02 +2.2692e-01 +1.7816e+00 +1.3069e+00 -6.4255e-01 +5.8849e-01
85 +4.400149915e+01 +4.400149915e+01 +1.431714992e+02 +1.431714992e+02 +6.9091e-02 +1.8516e+00 +1.3024e+00 -6.7714e-01 +6.3528e-01
162 +2.557228548e+01 +2.557228548e+01 +1.247422855e+02 +1.247422855e+02 +2.9444e-01 +2.4675e+00 +1.3083e+00 -7.1068e-01 +4.6046e-01
191 +2.037338204e+01 +2.037338204e+01 +1.195433820e+02 +1.195433820e+02 +6.3421e-01 +2.5142e+00 +1.3233e+00 -6.9095e-01 +4.1710e-01
246 +1.948452248e+01 +1.948452248e+01 +1.186545225e+02 +1.186545225e+02 +6.2326e-01 +2.5089e+00 +1.3030e+00 -5.0974e-01 +3.0851e-01
311 +1.458708508e+01 +1.458708508e+01 +1.137570851e+02 +1.137570851e+02 +3.3512e-01 +3.0858e+00 +1.2416e+00 -9.4106e-01 +3.1813e-01
362 +5.609803464e+00 +5.609803464e+00 +1.047798035e+02 +1.047798035e+02 +5.8568e-01 +2.7492e+00 +1.3272e+00 -4.4863e-01 +3.8867e-01
723 +4.828341575e+00 +4.828341575e+00 +1.039983416e+02 +1.039983416e+02 +6.9458e-01 +3.0671e+00 +1.5764e+00 +4.5474e-01 +2.3911e-01
746 +4.751007938e+00 +4.751007938e+00 +1.039210079e+02 +1.039210079e+02 +7.1362e-01 +2.8115e+00 +1.5467e+00 +2.3743e-01 +3.1416e-01
779 +4.531574920e+00 +4.531574920e+00 +1.037015749e+02 +1.037015749e+02 +6.9867e-01 +3.0622e+00 +1.4869e+00 +4.6756e-01 +3.3937e-01
795 +4.312039263e+00 +4.312039263e+00 +1.034820393e+02 +1.034820393e+02 +7.0994e-01 +3.0790e+00 +1.5028e+00 +4.6530e-01 +2.9390e-01
803 +4.024676657e+00 +4.024676657e+00 +1.031946767e+02 +1.031946767e+02 +7.1009e-01 +3.1469e+00 +1.6086e+00 +5.5078e-01 +3.3343e-01
811 +3.256087036e+00 +3.256087036e+00 +1.024260870e+02 +1.024260870e+02 +7.2665e-01 +3.0815e+00 +1.7424e+00 +6.0053e-01 +3.4514e-01
822 +2.468254147e+00 +2.468254147e+00 +1.016382541e+02 +1.016382541e+02 +6.8684e-01 +3.1406e+00 +1.5214e+00 +5.7665e-01 +3.2457e-01
825 +2.406505187e+00 +2.406505187e+00 +1.015765052e+02 +1.015765052e+02 +7.7521e-01 +3.0642e+00 +1.5290e+00 +5.3770e-01 +2.9137e-01
885 +2.026833301e+00 +2.026833301e+00 +1.011968333e+02 +1.011968333e+02 +7.3474e-01 +3.1100e+00 +1.6124e+00 +5.4155e-01 +2.4274e-01
924 +1.963750404e+00 +1.963750404e+00 +1.011337504e+02 +1.011337504e+02 +7.3279e-01 +3.1079e+00 +1.5753e+00 +5.4565e-01 +2.8747e-01
942 +1.390271019e+00 +1.390271019e+00 +1.005602710e+02 +1.005602710e+02 +7.4013e-01 +3.1136e+00 +1.4907e+00 +5.6076e-01 +3.1316e-01
960 +1.379287320e+00 +1.379287320e+00 +1.005492873e+02 +1.005492873e+02 +7.5693e-01 +3.1161e+00 +1.5467e+00 +5.9100e-01 +2.8078e-01
998 +1.208131400e+00 +1.208131400e+00 +1.003781314e+02 +1.003781314e+02 +7.4089e-01 +3.1203e+00 +1.5288e+00 +5.9226e-01 +2.8733e-01
1071 +1.048898396e+00 +1.048898396e+00 +1.002188984e+02 +1.002188984e+02 +7.4469e-01 +3.1081e+00 +1.5710e+00 +5.8674e-01 +2.7927e-01
1380 +1.016353773e+00 +1.016353773e+00 +1.001863538e+02 +1.001863538e+02 +7.5353e-01 +3.1014e+00 +1.5358e+00 +5.7286e-01 +2.7780e-01
1386 +9.845757938e-01 +9.845757938e-01 +1.001545758e+02 +1.001545758e+02 +7.7020e-01 +3.1043e+00 +1.5005e+00 +5.6569e-01 +2.9706e-01
1441 +9.024745251e-01 +9.024745251e-01 +1.000724745e+02 +1.000724745e+02 +7.7012e-01 +3.0981e+00 +1.5199e+00 +5.8643e-01 +2.8688e-01
1452 +7.739131681e-01 +7.739131681e-01 +9.994391317e+01 +9.994391317e+01 +7.6448e-01 +3.1004e+00 +1.5320e+00 +5.9429e-01 +2.7219e-01
1599 +7.193281373e-01 +7.193281373e-01 +9.988932814e+01 +9.988932814e+01 +7.7115e-01 +3.0951e+00 +1.5252e+00 +6.0256e-01 +2.8069e-01
1638 +7.072087257e-01 +7.072087257e-01 +9.987720873e+01 +9.987720873e+01 +7.7229e-01 +3.0953e+00 +1.5284e+00 +5.9787e-01 +2.8154e-01
1639 +6.317925316e-01 +6.317925316e-01 +9.980179253e+01 +9.980179253e+01 +7.7733e-01 +3.0925e+00 +1.5271e+00 +6.0272e-01 +2.7719e-01
1813 +6.224594234e-01 +6.224594234e-01 +9.979245942e+01 +9.979245942e+01 +7.8805e-01 +3.0869e+00 +1.5246e+00 +6.0404e-01 +2.7751e-01
1833 +5.295034239e-01 +5.295034239e-01 +9.969950342e+01 +9.969950342e+01 +7.8782e-01 +3.0858e+00 +1.5239e+00 +6.0948e-01 +2.7898e-01
1970 +5.227720160e-01 +5.227720160e-01 +9.969277202e+01 +9.969277202e+01 +7.8787e-01 +3.0834e+00 +1.5298e+00 +6.0791e-01 +2.7747e-01
2282 +5.024759093e-01 +5.024759093e-01 +9.967247591e+01 +9.967247591e+01 +7.8807e-01 +3.0812e+00 +1.5333e+00 +6.0557e-01 +2.7242e-01
2430 +4.998403144e-01 +4.998403144e-01 +9.966984031e+01 +9.966984031e+01 +7.8782e-01 +3.0819e+00 +1.5314e+00 +6.0545e-01 +2.7269e-01
2519 +4.884411253e-01 +4.884411253e-01 +9.965844113e+01 +9.965844113e+01 +7.8734e-01 +3.0823e+00 +1.5318e+00 +6.0544e-01 +2.7364e-01
2598 +4.703121506e-01 +4.703121506e-01 +9.964031215e+01 +9.964031215e+01 +7.8733e-01 +3.0822e+00 +1.5321e+00 +6.0548e-01 +2.7347e-01
2928 +4.662329511e-01 +4.662329511e-01 +9.963623295e+01 +9.963623295e+01 +7.8738e-01 +3.0821e+00 +1.5322e+00 +6.0558e-01 +2.7334e-01
% function evaluation | noise-free fitness - Fopt (-5.179100000000e+02) | best noise-free fitness - Fopt | measured fitness | best measured fitness | x1 | x2...
1 +7.971953023e+01 +7.971953023e+01 -4.381904698e+02 -4.381904698e+02 +0.0000e+00 +0.0000e+00 +0.0000e+00 +0.0000e+00 +0.0000e+00
2 +2.235431511e+01 +2.235431511e+01 -4.955556849e+02 -4.955556849e+02 -3.3465e-01 +3.9491e-01 -4.1393e+00 +1.8662e+00 -3.7170e+00
5 +2.171548082e+01 +2.171548082e+01 -4.961945192e+02 -4.961945192e+02 -3.2667e-01 +3.9505e-01 -4.1381e+00 +1.8758e+00 -3.7192e+00
6 +2.006479345e+01 +2.006479345e+01 -4.978452066e+02 -4.978452066e+02 -3.5025e-01 +3.9044e-01 -4.1389e+00 +1.8714e+00 -3.7207e+00
15 +1.775194430e+01 +1.775194430e+01 -5.001580557e+02 -5.001580557e+02 -3.6066e-01 +3.8941e-01 -4.1377e+00 +1.8832e+00 -3.7221e+00
18 +1.662630612e+01 +1.662630612e+01 -5.012836939e+02 -5.012836939e+02 -3.3825e-01 +3.9168e-01 -4.1383e+00 +1.8729e+00 -3.7035e+00
30 +1.642160096e+01 +1.642160096e+01 -5.014883990e+02 -5.014883990e+02 -3.6034e-01 +3.9306e-01 -4.1350e+00 +1.8605e+00 -3.7181e+00
42 +1.570070203e+01 +1.570070203e+01 -5.022092980e+02 -5.022092980e+02 -3.6561e-01 +3.9102e-01 -4.1383e+00 +1.8760e+00 -3.7174e+00
44 +1.490974087e+01 +1.490974087e+01 -5.030002591e+02 -5.030002591e+02 -3.5872e-01 +4.0277e-01 -4.1380e+00 +1.8704e+00 -3.7131e+00
46 +1.323660912e+01 +1.323660912e+01 -5.046733909e+02 -5.046733909e+02 -3.7977e-01 +3.9142e-01 -4.1404e+00 +1.8951e+00 -3.7108e+00
48 +1.283018707e+01 +1.283018707e+01 -5.050798129e+02 -5.050798129e+02 -3.9046e-01 +3.7917e-01 -4.1388e+00 +1.8687e+00 -3.7148e+00
140 +1.249809072e+01 +1.249809072e+01 -5.054119093e+02 -5.054119093e+02 -3.9175e-01 +3.6798e-01 -4.1315e+00 +1.8682e+00 -3.7144e+00
157 +1.163919009e+01 +1.163919009e+01 -5.062708099e+02 -5.062708099e+02 -3.8942e-01 +3.7864e-01 -4.1326e+00 +1.8686e+00 -3.7159e+00
164 +1.124373059e+01 +1.124373059e+01 -5.066662694e+02 -5.066662694e+02 -3.8537e-01 +3.6641e-01 -4.1207e+00 +1.8734e+00 -3.7135e+00
184 +1.091063187e+01 +1.091063187e+01 -5.069993681e+02 -5.069993681e+02 -3.9319e-01 +3.4263e-01 -4.1138e+00 +1.8586e+00 -3.7151e+00
244 +1.057190335e+01 +1.057190335e+01 -5.073380966e+02 -5.073380966e+02 -3.9124e-01 +3.5474e-01 -4.1059e+00 +1.8472e+00 -3.7173e+00
269 +1.043542859e+01 +1.043542859e+01 -5.074745714e+02 -5.074745714e+02 -3.8236e-01 +3.5822e-01 -4.1049e+00 +1.8633e+00 -3.7158e+00
287 +1.008217989e+01 +1.008217989e+01 -5.078278201e+02 -5.078278201e+02 -3.8812e-01 +3.5013e-01 -4.0928e+00 +1.8580e+00 -3.7173e+00
318 +9.855888908e+00 +9.855888908e+00 -5.080541111e+02 -5.080541111e+02 -3.7507e-01 +3.7991e-01 -4.0490e+00 +1.8251e+00 -3.7170e+00
363 +9.658947723e+00 +9.658947723e+00 -5.082510523e+02 -5.082510523e+02 -3.8296e-01 +3.5799e-01 -4.0631e+00 +1.8625e+00 -3.7173e+00
395 +9.012775481e+00 +9.012775481e+00 -5.088972245e+02 -5.088972245e+02 -3.8421e-01 +3.5603e-01 -4.0408e+00 +1.8204e+00 -3.7170e+00
553 +8.520215568e+00 +8.520215568e+00 -5.093897844e+02 -5.093897844e+02 -4.0898e-01 +2.7007e-01 -3.8638e+00 +1.6103e+00 -3.6688e+00
715 +8.077174168e+00 +8.077174168e+00 -5.098328258e+02 -5.098328258e+02 -3.8941e-01 +2.5238e-01 -4.0285e+00 +1.7910e+00 -3.6400e+00
870 +4.657949599e+00 +4.657949599e+00 -5.132520504e+02 -5.132520504e+02 -3.6138e-01 +2.8613e-01 -4.0323e+00 +1.7193e+00 -3.5550e+00
877 +3.142644886e+00 +3.142644886e+00 -5.147673551e+02 -5.147673551e+02 -3.6911e-01 +2.4023e-01 -4.0381e+00 +1.7761e+00 -3.5389e+00
1075 +2.627312106e+00 +2.627312106e+00 -5.152826879e+02 -5.152826879e+02 -3.5133e-01 +2.3025e-01 -4.0262e+00 +1.7716e+00 -3.5173e+00
1192 +2.473889281e+00 +2.473889281e+00 -5.154361107e+02 -5.154361107e+02 -3.6431e-01 +2.3692e-01 -4.0228e+00 +1.7331e+00 -3.5324e+00
1231 +2.164016540e+00 +2.164016540e+00 -5.157459835e+02 -5.157459835e+02 -3.5698e-01 +2.4496e-01 -4.0229e+00 +1.7453e+00 -3.5252e+00
1602 +2.116705476e+00 +2.116705476e+00 -5.157932945e+02 -5.157932945e+02 -3.5834e-01 +2.3604e-01 -4.0216e+00 +1.7472e+00 -3.5259e+00
1669 +2.042888492e+00 +2.042888492e+00 -5.158671115e+02 -5.158671115e+02 -3.6161e-01 +2.3921e-01 -4.0208e+00 +1.7490e+00 -3.5252e+00
1706 +2.014599458e+00 +2.014599458e+00 -5.158954005e+02 -5.158954005e+02 -3.6264e-01 +2.3839e-01 -4.0220e+00 +1.7506e+00 -3.5250e+00
2047 +1.965520429e+00 +1.965520429e+00 -5.159444796e+02 -5.159444796e+02 -3.6203e-01 +2.3803e-01 -4.0215e+00 +1.7511e+00 -3.5244e+00
2397 +1.943580831e+00 +1.943580831e+00 -5.159664192e+02 -5.159664192e+02 -3.6230e-01 +2.3667e-01 -4.0201e+00 +1.7522e+00 -3.5241e+00
2754 +1.899304861e+00 +1.899304861e+00 -5.160106951e+02 -5.160106951e+02 -3.6275e-01 +2.3679e-01 -4.0207e+00 +1.7520e+00 -3.5243e+00
3495 +1.859643402e+00 +1.859643402e+00 -5.160503566e+02 -5.160503566e+02 -3.6264e-01 +2.3678e-01 -4.0210e+00 +1.7523e+00 -3.5241e+00
14397 +1.590273613e+00 +1.590273613e+00 -5.163197264e+02 -5.163197264e+02 +6.8267e-01 +3.0289e+00 -2.9013e+00 +2.3935e+00 +5.1875e-01
15013 +1.444793314e+00 +1.444793314e+00 -5.164652067e+02 -5.164652067e+02 +5.2284e-01 +3.0582e+00 -2.8585e+00 +2.4128e+00 +4.4536e-01
15184 +1.315794624e+00 +1.315794624e+00 -5.165942054e+02 -5.165942054e+02 +5.5535e-01 +3.0691e+00 -2.8791e+00 +2.4000e+00 +4.6921e-01
15385 +1.183932978e+00 +1.183932978e+00 -5.167260670e+02 -5.167260670e+02 +5.5640e-01 +3.1185e+00 -2.8752e+00 +2.3770e+00 +4.6594e-01
15565 +1.059041129e+00 +1.059041129e+00 -5.168509589e+02 -5.168509589e+02 +5.8958e-01 +3.0942e+00 -2.8929e+00 +2.3661e+00 +4.7274e-01
15615 +9.572088067e-01 +9.572088067e-01 -5.169527912e+02 -5.169527912e+02 +5.9580e-01 +3.1042e+00 -2.8946e+00 +2.3607e+00 +4.7232e-01
15659 +9.031149702e-01 +9.031149702e-01 -5.170068850e+02 -5.170068850e+02 +5.7684e-01 +3.1047e+00 -2.8778e+00 +2.3514e+00 +4.6692e-01
15739 +7.818423501e-01 +7.818423501e-01 -5.171281576e+02 -5.171281576e+02 +5.3149e-01 +3.0811e+00 -2.8549e+00 +2.3455e+00 +4.5029e-01
15776 +7.594631997e-01 +7.594631997e-01 -5.171505368e+02 -5.171505368e+02 +5.5962e-01 +3.1075e+00 -2.8548e+00 +2.3327e+00 +4.5327e-01
16133 +7.557959926e-01 +7.557959926e-01 -5.171542040e+02 -5.171542040e+02 +5.4945e-01 +3.1360e+00 -2.8812e+00 +2.3464e+00 +4.5782e-01
16261 +7.393695430e-01 +7.393695430e-01 -5.171706305e+02 -5.171706305e+02 +5.4656e-01 +3.0908e+00 -2.8524e+00 +2.3396e+00 +4.4824e-01
16327 +7.058790228e-01 +7.058790228e-01 -5.172041210e+02 -5.172041210e+02 +5.4989e-01 +3.1031e+00 -2.8637e+00 +2.3443e+00 +4.5599e-01
16607 +6.592383029e-01 +6.592383029e-01 -5.172507617e+02 -5.172507617e+02 +5.5217e-01 +3.1001e+00 -2.8612e+00 +2.3360e+00 +4.5320e-01
16629 +6.203405571e-01 +6.203405571e-01 -5.172896594e+02 -5.172896594e+02 +5.5177e-01 +3.1038e+00 -2.8620e+00 +2.3326e+00 +4.5033e-01
16958 +5.530581881e-01 +5.530581881e-01 -5.173569418e+02 -5.173569418e+02 +5.4887e-01 +3.0939e+00 -2.8555e+00 +2.3377e+00 +4.5364e-01
17373 +5.469247980e-01 +5.469247980e-01 -5.173630752e+02 -5.173630752e+02 +5.5067e-01 +3.0956e+00 -2.8594e+00 +2.3416e+00 +4.5449e-01
18232 +5.357584233e-01 +5.357584233e-01 -5.173742416e+02 -5.173742416e+02 +5.5041e-01 +3.0951e+00 -2.8593e+00 +2.3419e+00 +4.5474e-01
18533 +5.238327094e-01 +5.238327094e-01 -5.173861673e+02 -5.173861673e+02 +5.5033e-01 +3.0952e+00 -2.8591e+00 +2.3417e+00 +4.5468e-01
19460 +5.117816126e-01 +5.117816126e-01 -5.173982184e+02 -5.173982184e+02 +5.5031e-01 +3.0951e+00 -2.8590e+00 +2.3417e+00 +4.5466e-01
72535 +4.839364553e-01 +4.839364553e-01 -5.174260635e+02 -5.174260635e+02 -1.6934e+00 -3.2064e+00 -1.3579e+00 +2.6308e+00 -5.9935e-01
72586 +4.473497365e-01 +4.473497365e-01 -5.174626503e+02 -5.174626503e+02 -1.6983e+00 -3.2240e+00 -1.3489e+00 +2.6521e+00 -5.9770e-01
72621 +3.976049056e-01 +3.976049056e-01 -5.175123951e+02 -5.175123951e+02 -1.7131e+00 -3.2298e+00 -1.4123e+00 +2.7107e+00 -6.0334e-01
72718 +3.535865066e-01 +3.535865066e-01 -5.175564135e+02 -5.175564135e+02 -1.5991e+00 -3.2521e+00 -1.4422e+00 +2.8170e+00 -5.4275e-01
72813 +3.243770027e-01 +3.243770027e-01 -5.175856230e+02 -5.175856230e+02 -1.6924e+00 -3.2426e+00 -1.3826e+00 +2.6996e+00 -5.7701e-01
72829 +2.842814149e-01 +2.842814149e-01 -5.176257186e+02 -5.176257186e+02 -1.7219e+00 -3.2580e+00 -1.3772e+00 +2.7322e+00 -5.7302e-01
73608 +2.811818998e-01 +2.811818998e-01 -5.176288181e+02 -5.176288181e+02 -1.6920e+00 -3.2503e+00 -1.3922e+00 +2.7403e+00 -5.7600e-01
73738 +2.131390023e-01 +2.131390023e-01 -5.176968610e+02 -5.176968610e+02 -1.6928e+00 -3.2530e+00 -1.3863e+00 +2.7208e+00 -5.8728e-01
73953 +2.067179384e-01 +2.067179384e-01 -5.177032821e+02 -5.177032821e+02 -1.6958e+00 -3.2369e+00 -1.3854e+00 +2.7125e+00 -5.8774e-01
74370 +1.956925557e-01 +1.956925557e-01 -5.177143074e+02 -5.177143074e+02 -1.6951e+00 -3.2369e+00 -1.3885e+00 +2.7154e+00 -5.9277e-01
74383 +1.879085368e-01 +1.879085368e-01 -5.177220915e+02 -5.177220915e+02 -1.6947e+00 -3.2431e+00 -1.3891e+00 +2.7201e+00 -5.8975e-01
74428 +1.817149057e-01 +1.817149057e-01 -5.177282851e+02 -5.177282851e+02 -1.6966e+00 -3.2402e+00 -1.3883e+00 +2.7119e+00 -5.8791e-01
74488 +1.731110736e-01 +1.731110736e-01 -5.177368889e+02 -5.177368889e+02 -1.6960e+00 -3.2414e+00 -1.3895e+00 +2.7204e+00 -5.8886e-01
74522 +1.551042564e-01 +1.551042564e-01 -5.177548957e+02 -5.177548957e+02 -1.6962e+00 -3.2351e+00 -1.3887e+00 +2.7091e+00 -5.9300e-01
74569 +1.383191066e-01 +1.383191066e-01 -5.177716809e+02 -5.177716809e+02 -1.6944e+00 -3.2389e+00 -1.3882e+00 +2.7144e+00 -5.8965e-01
75154 +1.351513513e-01 +1.351513513e-01 -5.177748486e+02 -5.177748486e+02 -1.6942e+00 -3.2372e+00 -1.3888e+00 +2.7107e+00 -5.9238e-01
75427 +1.338296214e-01 +1.338296214e-01 -5.177761704e+02 -5.177761704e+02 -1.6970e+00 -3.2388e+00 -1.3861e+00 +2.7104e+00 -5.9170e-01
75995 +1.286343677e-01 +1.286343677e-01 -5.177813656e+02 -5.177813656e+02 -1.6941e+00 -3.2365e+00 -1.3881e+00 +2.7097e+00 -5.9234e-01
76139 +1.201169440e-01 +1.201169440e-01 -5.177898831e+02 -5.177898831e+02 -1.6954e+00 -3.2374e+00 -1.3879e+00 +2.7110e+00 -5.9176e-01
76503 +1.158408757e-01 +1.158408757e-01 -5.177941591e+02 -5.177941591e+02 -1.6950e+00 -3.2371e+00 -1.3879e+00 +2.7095e+00 -5.9272e-01
76644 +1.143529749e-01 +1.143529749e-01 -5.177956470e+02 -5.177956470e+02 -1.6949e+00 -3.2372e+00 -1.3878e+00 +2.7093e+00 -5.9275e-01
77201 +1.117497266e-01 +1.117497266e-01 -5.177982503e+02 -5.177982503e+02 -1.6952e+00 -3.2372e+00 -1.3877e+00 +2.7093e+00 -5.9280e-01
77826 +1.091495310e-01 +1.091495310e-01 -5.178008505e+02 -5.178008505e+02 -1.6952e+00 -3.2373e+00 -1.3877e+00 +2.7093e+00 -5.9280e-01
78231 +1.066283037e-01 +1.066283037e-01 -5.178033717e+02 -5.178033717e+02 -1.6952e+00 -3.2373e+00 -1.3877e+00 +2.7093e+00 -5.9276e-01
95109 +1.047128493e-01 +1.047128493e-01 -5.178052872e+02 -5.178052872e+02 -1.6952e+00 -3.2373e+00 -1.3877e+00 +2.7092e+00 -5.9277e-01
187636 +9.859916800e-02 +9.859916800e-02 -5.178114008e+02 -5.178114008e+02 +3.8276e+00 -3.2364e+00 +9.0448e-01 -1.6693e+00 -1.8727e+00
187997 +9.735837798e-02 +9.735837798e-02 -5.178126416e+02 -5.178126416e+02 +3.8269e+00 -3.2370e+00 +9.0505e-01 -1.6692e+00 -1.8733e+00
188139 +9.395587886e-02 +9.395587886e-02 -5.178160441e+02 -5.178160441e+02 +3.8269e+00 -3.2370e+00 +9.0479e-01 -1.6690e+00 -1.8730e+00
188343 +9.195736029e-02 +9.195736029e-02 -5.178180426e+02 -5.178180426e+02 +3.8270e+00 -3.2371e+00 +9.0541e-01 -1.6695e+00 -1.8730e+00
188501 +8.975468880e-02 +8.975468880e-02 -5.178202453e+02 -5.178202453e+02 +3.8270e+00 -3.2371e+00 +9.0555e-01 -1.6696e+00 -1.8731e+00
188598 +8.884128240e-02 +8.884128240e-02 -5.178211587e+02 -5.178211587e+02 +3.8268e+00 -3.2372e+00 +9.0569e-01 -1.6698e+00 -1.8732e+00
188680 +8.355483284e-02 +8.355483284e-02 -5.178264452e+02 -5.178264452e+02 +3.8268e+00 -3.2370e+00 +9.0576e-01 -1.6708e+00 -1.8735e+00
190019 +8.293508182e-02 +8.293508182e-02 -5.178270649e+02 -5.178270649e+02 +3.8268e+00 -3.2371e+00 +9.0585e-01 -1.6705e+00 -1.8736e+00
191145 +8.126785802e-02 +8.126785802e-02 -5.178287321e+02 -5.178287321e+02 +3.8269e+00 -3.2371e+00 +9.0577e-01 -1.6706e+00 -1.8735e+00
192650 +7.929841004e-02 +7.929841004e-02 -5.178307016e+02 -5.178307016e+02 +3.8268e+00 -3.2371e+00 +9.0582e-01 -1.6705e+00 -1.8735e+00
% function evaluation | noise-free fitness - Fopt (-5.721000000000e+01) | best noise-free fitness - Fopt | measured fitness | best measured fitness | x1 | x2...
1 +1.005348962e+02 +1.005348962e+02 +4.332489617e+01 +4.332489617e+01 +0.0000e+00 +0.0000e+00 +0.0000e+00 +0.0000e+00 +0.0000e+00
2 +7.047308779e+01 +7.047308779e+01 +1.326308779e+01 +1.326308779e+01 +4.0889e-01 -1.4566e-01 +9.3454e-02 -2.4430e+00 +1.8930e+00
3 +6.867128239e+01 +6.867128239e+01 +1.146128239e+01 +1.146128239e+01 +4.0772e-01 -1.7417e-01 +1.0934e-01 -2.4294e+00 +1.8787e+00
6 +6.343059839e+01 +6.343059839e+01 +6.220598388e+00 +6.220598388e+00 +4.0936e-01 -1.7172e-01 +1.4526e-01 -2.4400e+00 +1.8785e+00
14 +6.036776235e+01 +6.036776235e+01 +3.157762347e+00 +3.157762347e+00 +3.8503e-01 -1.7394e-01 +6.9876e-02 -2.4345e+00 +1.8836e+00
28 +5.809540935e+01 +5.809540935e+01 +8.854093491e-01 +8.854093491e-01 +4.0731e-01 -3.9884e-01 +3.7833e-02 -2.4229e+00 +1.8797e+00
59 +5.529642782e+01 +5.529642782e+01 -1.913572177e+00 -1.913572177e+00 +4.0682e-01 -2.2502e-01 +1.5355e-01 -2.4344e+00 +1.8903e+00
67 +4.491272046e+01 +4.491272046e+01 -1.229727954e+01 -1.229727954e+01 +4.0732e-01 -4.0994e-01 +1.4068e-01 -2.4440e+00 +1.8792e+00
75 +4.264636336e+01 +4.264636336e+01 -1.456363664e+01 -1.456363664e+01 +3.5248e-01 -3.4585e-01 -3.6040e-02 -2.4013e+00 +1.9147e+00
102 +3.835436023e+01 +3.835436023e+01 -1.885563977e+01 -1.885563977e+01 +4.0826e-01 -3.5301e-01 +3.1409e-03 -2.4451e+00 +1.8768e+00
189 +3.468178006e+01 +3.468178006e+01 -2.252821994e+01 -2.252821994e+01 +3.8017e-01 -3.2320e-01 +1.4164e-01 -2.3000e+00 +1.8661e+00
298 +3.372370449e+01 +3.372370449e+01 -2.348629551e+01 -2.348629551e+01 +3.0644e-01 -4.3548e-01 +3.7145e-01 -2.6935e+00 +2.0442e+00
302 +2.737891381e+01 +2.737891381e+01 -2.983108619e+01 -2.983108619e+01 +2.1216e-01 -3.8540e+00 -1.6658e-01 -2.2321e+00 +1.8431e+00
383 +2.639517067e+01 +2.639517067e+01 -3.081482933e+01 -3.081482933e+01 +1.9871e-01 -7.1386e-01 -1.4353e-02 -2.5216e+00 +2.8795e+00
490 +1.735290794e+01 +1.735290794e+01 -3.985709206e+01 -3.985709206e+01 +1.2230e+00 +4.6863e-01 -7.0159e-01 -2.5434e+00 +2.2190e+00
946 +1.636032066e+01 +1.636032066e+01 -4.084967934e+01 -4.084967934e+01 +2.9497e+00 -2.8901e-01 -2.3013e+00 -1.8554e-01 +6.7584e-01
2164 +1.476032306e+01 +1.476032306e+01 -4.244967694e+01 -4.244967694e+01 -1.7681e+00 +2.2821e+00 +4.7510e+00 -5.6899e+00 -5.1787e+00
2309 +9.086991449e+00 +9.086991449e+00 -4.812300855e+01 -4.812300855e+01 -1.4091e+00 +2.9696e-01 +1.0009e-01 +3.7070e+00 +6.4485e-01
2918 +7.759864418e+00 +7.759864418e+00 -4.945013558e+01 -4.945013558e+01 -3.9989e+00 +1.0988e+00 +3.4770e-01 +1.6871e+00 -5.5659e+00
6807 +7.436178146e+00 +7.436178146e+00 -4.977382185e+01 -4.977382185e+01 +3.7459e+00 +1.8490e+00 -4.4761e+00 +2.0058e+00 -4.6414e+00
29725 +6.614689671e+00 +6.614689671e+00 -5.059531033e+01 -5.059531033e+01 +4.7663e+00 +8.1266e-01 +4.5544e+00 +2.2010e+00 -2.0865e+00
36114 +6.592835351e+00 +6.592835351e+00 -5.061716465e+01 -5.061716465e+01 -5.4038e-01 -9.3697e-01 +3.3247e+00 -4.0655e+00 +1.5563e+00
36309 +5.887155588e+00 +5.887155588e+00 -5.132284441e+01 -5.132284441e+01 -9.9749e-02 -3.9857e-02 +2.9710e+00 +4.9918e+00 +7.9685e-01
39524 +3.815207418e+00 +3.815207418e+00 -5.339479258e+01 -5.339479258e+01 +1.6537e+00 +1.4658e+00 +2.4903e+00 +5.3344e+00 +5.3149e-01
40847 +2.428360962e+00 +2.428360962e+00 -5.478163904e+01 -5.478163904e+01 +2.8990e+00 -3.6866e-01 +2.2686e+00 +1.1881e+00 +1.2090e+00
% function evaluation | noise-free fitness - Fopt (-1.000000000000e+03) | best noise-free fitness - Fopt | measured fitness | best measured fitness | x1 | x2...
1 +4.672527583e+01 +4.672527583e+01 -9.532747242e+02 -9.532747242e+02 +0.0000e+00 +0.0000e+00 +0.0000e+00 +0.0000e+00 +0.0000e+00
80 +2.971047832e+01 +2.971047832e+01 -9.702895217e+02 -9.702895217e+02 -4.6798e+00 +2.3220e+00 +4.4987e+00 +4.0339e+00 +1.7876e-01
106 +2.456933745e+01 +2.456933745e+01 -9.754306625e+02 -9.754306625e+02 -4.6930e+00 +2.4204e+00 +3.7869e+00 +4.0296e+00 -6.4296e-02
107 +1.165240551e+01 +1.165240551e+01 -9.883475945e+02 -9.883475945e+02 -4.6680e+00 +2.3570e+00 +3.9609e+00 +4.0004e+00 +5.7125e-01
144 +9.137171973e+00 +9.137171973e+00 -9.908628280e+02 -9.908628280e+02 -4.6897e+00 +2.3915e+00 +4.2933e+00 +4.0223e+00 +3.5636e-01
148 +7.638922766e+00 +7.638922766e+00 -9.923610772e+02 -9.923610772e+02 -4.7011e+00 +2.1854e+00 +4.1632e+00 +3.9846e+00 +6.9812e-01
185 +5.893982309e+00 +5.893982309e+00 -9.941060177e+02 -9.941060177e+02 -4.6773e+00 +2.3232e+00 +4.2749e+00 +4.0117e+00 +4.1418e-01
295 +5.632705134e+00 +5.632705134e+00 -9.943672949e+02 -9.943672949e+02 -4.7241e+00 +2.3377e+00 +4.3365e+00 +4.0246e+00 +4.1523e-01
328 +4.734796118e+00 +4.734796118e+00 -9.952652039e+02 -9.952652039e+02 -4.7167e+00 +2.3530e+00 +4.3163e+00 +4.0103e+00 +3.7371e-01
454 +4.558349910e+00 +4.558349910e+00 -9.954416501e+02 -9.954416501e+02 -4.6954e+00 +2.3053e+00 +4.3289e+00 +3.9895e+00 +4.4451e-01
478 +4.093645325e+00 +4.093645325e+00 -9.959063547e+02 -9.959063547e+02 -4.7332e+00 +2.3003e+00 +4.3606e+00 +3.9637e+00 +4.4961e-01
481 +3.760429109e+00 +3.760429109e+00 -9.962395709e+02 -9.962395709e+02 -4.7137e+00 +2.2707e+00 +4.3317e+00 +4.0046e+00 +5.0782e-01
505 +3.604661377e+00 +3.604661377e+00 -9.963953386e+02 -9.963953386e+02 -4.6176e+00 +2.2309e+00 +4.3475e+00 +3.8954e+00 +4.9355e-01
881 +3.292381624e+00 +3.292381624e+00 -9.967076184e+02 -9.967076184e+02 -4.6574e+00 +2.2561e+00 +4.3251e+00 +3.9605e+00 +5.1241e-01
896 +3.196330007e+00 +3.196330007e+00 -9.968036700e+02 -9.968036700e+02 -4.6763e+00 +2.2214e+00 +4.3407e+00 +3.9973e+00 +5.2680e-01
990 +2.980220915e+00 +2.980220915e+00 -9.970197791e+02 -9.970197791e+02 -4.6169e+00 +2.2302e+00 +4.3411e+00 +3.9219e+00 +5.2840e-01
1404 +2.915665028e+00 +2.915665028e+00 -9.970843350e+02 -9.970843350e+02 -4.6108e+00 +2.2302e+00 +4.3457e+00 +3.8922e+00 +5.0681e-01
1418 +2.702529916e+00 +2.702529916e+00 -9.972974701e+02 -9.972974701e+02 -4.6473e+00 +2.2302e+00 +4.3629e+00 +3.9188e+00 +5.0870e-01
1425 +2.550108175e+00 +2.550108175e+00 -9.974498918e+02 -9.974498918e+02 -4.6566e+00 +2.2302e+00 +4.3614e+00 +3.9287e+00 +5.0895e-01
1626 +2.475631865e+00 +2.475631865e+00 -9.975243681e+02 -9.975243681e+02 -4.6384e+00 +2.2294e+00 +4.3547e+00 +3.9133e+00 +5.1429e-01
1662 +2.327817222e+00 +2.327817222e+00 -9.976721828e+02 -9.976721828e+02 -4.6360e+00 +2.2294e+00 +4.3494e+00 +3.9150e+00 +5.1345e-01
1990 +2.261513880e+00 +2.261513880e+00 -9.977384861e+02 -9.977384861e+02 -4.6320e+00 +2.2286e+00 +4.3480e+00 +3.9146e+00 +5.1812e-01
2331 +2.206143899e+00 +2.206143899e+00 -9.977938561e+02 -9.977938561e+02 -4.6331e+00 +2.2273e+00 +4.3499e+00 +3.9140e+00 +5.1721e-01
2413 +2.178115700e+00 +2.178115700e+00 -9.978218843e+02 -9.978218843e+02 -4.6311e+00 +2.2279e+00 +4.3486e+00 +3.9138e+00 +5.1707e-01
2432 +2.063001386e+00 +2.063001386e+00 -9.979369986e+02 -9.979369986e+02 -4.6299e+00 +2.2284e+00 +4.3471e+00 +3.9139e+00 +5.1742e-01
2878 +2.038803933e+00 +2.038803933e+00 -9.979611961e+02 -9.979611961e+02 -4.6299e+00 +2.2284e+00 +4.3473e+00 +3.9147e+00 +5.1753e-01
78634 +1.430700734e+00 +1.430700734e+00 -9.985692993e+02 -9.985692993e+02 -1.2304e+00 +1.1694e+00 +5.2483e+00 +3.6798e+00 -1.5534e+00
% function evaluation | noise-free fitness - Fopt (-6.554000000000e+01) | best noise-free fitness - Fopt | measured fitness | best measured fitness | x1 | x2...
1 +6.219955573e+01 +6.219955573e+01 -3.340444274e+00 -3.340444274e+00 +0.0000e+00 +0.0000e+00 +0.0000e+00 +0.0000e+00 +0.0000e+00
546 +5.891984342e+01 +5.891984342e+01 -6.620156583e+00 -6.620156583e+00 +3.3161e+00 +6.7550e-01 -1.8809e+00 +1.5008e+00 +2.3212e-01
570 +5.498052544e+01 +5.498052544e+01 -1.055947456e+01 -1.055947456e+01 +3.3267e+00 +4.8118e-01 -2.1323e+00 +1.5042e+00 +2.6982e-01
581 +5.140006138e+01 +5.140006138e+01 -1.413993862e+01 -1.413993862e+01 +3.3304e+00 +6.1832e-01 -1.9936e+00 +1.4919e+00 +1.9182e-01
592 +4.537487490e+01 +4.537487490e+01 -2.016512510e+01 -2.016512510e+01 +3.3200e+00 +6.2869e-01 -1.9857e+00 +1.4956e+00 +2.4621e-01
653 +4.012762214e+01 +4.012762214e+01 -2.541237786e+01 -2.541237786e+01 +3.2954e+00 +1.2402e+00 -2.2846e+00 +1.5229e+00 -8.7337e-01
679 +3.302612318e+01 +3.302612318e+01 -3.251387682e+01 -3.251387682e+01 +3.3172e+00 +1.4849e+00 -2.4240e+00 +1.3079e+00 +5.1583e-01
688 +2.849118192e+01 +2.849118192e+01 -3.704881808e+01 -3.704881808e+01 +3.2758e+00 +1.5154e+00 -2.4333e+00 +1.4859e+00 +1.0026e+00
718 +1.903227792e+01 +1.903227792e+01 -4.650772208e+01 -4.650772208e+01 +3.2891e+00 +6.8130e-01 -1.7913e+00 +1.6518e+00 -3.7407e+00
732 +7.792876133e+00 +7.792876133e+00 -5.774712387e+01 -5.774712387e+01 +3.2682e+00 +1.9117e+00 -7.3531e-01 +2.7877e+00 -7.8465e-01
2263 +4.642916637e+00 +4.642916637e+00 -6.089708336e+01 -6.089708336e+01 +2.2165e+00 +2.4279e-01 -3.8149e+00 +8.7052e-01 -1.0333e+00
3044 +4.271690331e+00 +4.271690331e+00 -6.126830967e+01 -6.126830967e+01 -2.3295e+00 -3.4963e-01 +3.7560e+00 +4.4513e-01 -5.8388e-01
7704 +2.097261639e+00 +2.097261639e+00 -6.344273836e+01 -6.344273836e+01 -1.4210e+00 +3.3812e-02 +8.9650e-01 +1.4717e+00 +2.9609e-01
45630 +1.670329025e+00 +1.670329025e+00 -6.386967097e+01 -6.386967097e+01 +3.3802e+00 +2.4827e+00 -1.2339e+00 +1.7826e-01 -1.3445e+00
118638 +1.594216049e+00 +1.594216049e+00 -6.394578395e+01 -6.394578395e+01 -7.7507e-02 +7.2017e-01 +1.6267e+00 -6.0168e-01 +2.1286e+00
136042 +6.308463341e-01 +6.308463341e-01 -6.490915367e+01 -6.490915367e+01 +4.3659e+00 -3.8206e+00 +2.6439e+00 +1.0053e+00 +3.7257e+00
136602 +5.349043707e-01 +5.349043707e-01 -6.500509563e+01 -6.500509563e+01 +4.3415e+00 -3.9417e+00 +2.4714e+00 +8.2301e-01 +3.6976e+00
136639 +5.198698953e-01 +5.198698953e-01 -6.502013010e+01 -6.502013010e+01 +4.3518e+00 -3.9524e+00 +2.3325e+00 +8.2926e-01 +3.6857e+00
136640 +4.629842336e-01 +4.629842336e-01 -6.507701577e+01 -6.507701577e+01 +4.3213e+00 -3.9361e+00 +2.5000e+00 +8.6360e-01 +3.5283e+00
136655 +3.466961852e-01 +3.466961852e-01 -6.519330381e+01 -6.519330381e+01 +4.3180e+00 -3.9513e+00 +2.4622e+00 +8.4016e-01 +3.5777e+00
136661 +1.986186390e-01 +1.986186390e-01 -6.534138136e+01 -6.534138136e+01 +4.4063e+00 -3.9481e+00 +2.5090e+00 +8.3295e-01 +3.6815e+00
136681 +1.925686269e-01 +1.925686269e-01 -6.534743137e+01 -6.534743137e+01 +4.3446e+00 -3.9398e+00 +2.4247e+00 +8.7523e-01 +3.6658e+00
136717 +1.305615741e-01 +1.305615741e-01 -6.540943843e+01 -6.540943843e+01 +4.3621e+00 -3.9536e+00 +2.4591e+00 +8.2282e-01 +3.6591e+00
137137 +1.229280586e-01 +1.229280586e-01 -6.541707194e+01 -6.541707194e+01 +4.3211e+00 -3.8629e+00 +2.4600e+00 +9.7101e-01 +3.5128e+00
137186 +1.023431782e-01 +1.023431782e-01 -6.543765682e+01 -6.543765682e+01 +4.3262e+00 -3.8650e+00 +2.4632e+00 +9.7194e-01 +3.5240e+00
137242 +8.622952646e-02 +8.622952646e-02 -6.545377047e+01 -6.545377047e+01 +4.3215e+00 -3.8679e+00 +2.4558e+00 +9.8261e-01 +3.5304e+00
137310 +8.167349427e-02 +8.167349427e-02 -6.545832651e+01 -6.545832651e+01 +4.3228e+00 -3.8655e+00 +2.4529e+00 +9.7962e-01 +3.5387e+00
137471 +7.572518249e-02 +7.572518249e-02 -6.546427482e+01 -6.546427482e+01 +4.3166e+00 -3.8827e+00 +2.4516e+00 +9.9088e-01 +3.5315e+00
137477 +7.395847613e-02 +7.395847613e-02 -6.546604152e+01 -6.546604152e+01 +4.3148e+00 -3.8794e+00 +2.4443e+00 +9.9016e-01 +3.5362e+00
137565 +4.835752766e-02 +4.835752766e-02 -6.549164247e+01 -6.549164247e+01 +4.3145e+00 -3.8506e+00 +2.4434e+00 +9.8677e-01 +3.5353e+00
137579 +3.990682876e-02 +3.990682876e-02 -6.550009317e+01 -6.550009317e+01 +4.3154e+00 -3.8615e+00 +2.4448e+00 +9.8639e-01 +3.5346e+00
137622 +3.975437483e-02 +3.975437483e-02 -6.550024563e+01 -6.550024563e+01 +4.3154e+00 -3.8608e+00 +2.4440e+00 +9.8658e-01 +3.5396e+00
137883 +3.503881640e-02 +3.503881640e-02 -6.550496118e+01 -6.550496118e+01 +4.3156e+00 -3.8551e+00 +2.4430e+00 +9.8456e-01 +3.5442e+00
137955 +3.280833810e-02 +3.280833810e-02 -6.550719166e+01 -6.550719166e+01 +4.3158e+00 -3.8535e+00 +2.4430e+00 +9.8422e-01 +3.5449e+00
138082 +3.140167518e-02 +3.140167518e-02 -6.550859832e+01 -6.550859832e+01 +4.3159e+00 -3.8594e+00 +2.4415e+00 +9.8397e-01 +3.5446e+00
138200 +3.031464663e-02 +3.031464663e-02 -6.550968535e+01 -6.550968535e+01 +4.3155e+00 -3.8557e+00 +2.4413e+00 +9.8516e-01 +3.5429e+00
138215 +2.908176185e-02 +2.908176185e-02 -6.551091824e+01 -6.551091824e+01 +4.3150e+00 -3.8547e+00 +2.4403e+00 +9.8525e-01 +3.5437e+00
138290 +2.841102074e-02 +2.841102074e-02 -6.551158898e+01 -6.551158898e+01 +4.3152e+00 -3.8556e+00 +2.4408e+00 +9.8497e-01 +3.5431e+00
138520 +2.755923158e-02 +2.755923158e-02 -6.551244077e+01 -6.551244077e+01 +4.3152e+00 -3.8573e+00 +2.4410e+00 +9.8504e-01 +3.5431e+00
138543 +2.700888801e-02 +2.700888801e-02 -6.551299111e+01 -6.551299111e+01 +4.3151e+00 -3.8571e+00 +2.4409e+00 +9.8514e-01 +3.5434e+00
138663 +2.691040917e-02 +2.691040917e-02 -6.551308959e+01 -6.551308959e+01 +4.3151e+00 -3.8572e+00 +2.4409e+00 +9.8521e-01 +3.5430e+00
138850 +2.617190838e-02 +2.617190838e-02 -6.551382809e+01 -6.551382809e+01 +4.3151e+00 -3.8573e+00 +2.4409e+00 +9.8526e-01 +3.5428e+00
139259 +2.568625468e-02 +2.568625468e-02 -6.551431375e+01 -6.551431375e+01 +4.3151e+00 -3.8573e+00 +2.4409e+00 +9.8526e-01 +3.5429e+00
% function evaluation | noise-free fitness - Fopt (-2.375000000000e+01) | best noise-free fitness - Fopt | measured fitness | best measured fitness | x1 | x2...
1 +1.083546752e+02 +1.083546752e+02 +8.460467518e+01 +8.460467518e+01 +0.0000e+00 +0.0000e+00 +0.0000e+00 +0.0000e+00 +0.0000e+00
2 +8.963921408e+01 +8.963921408e+01 +6.588921408e+01 +6.588921408e+01 -3.0427e+00 -3.1213e+00 -7.1445e-01 +4.0879e+00 +7.5003e-01
3 +7.024339389e+01 +7.024339389e+01 +4.649339389e+01 +4.649339389e+01 -3.0344e+00 -3.1213e+00 -7.2022e-01 +4.0944e+00 +7.9392e-01
44 +6.867986284e+01 +6.867986284e+01 +4.492986284e+01 +4.492986284e+01 -3.0397e+00 -3.1213e+00 -7.2899e-01 +4.0979e+00 +7.9447e-01
197 +6.759598036e+01 +6.759598036e+01 +4.384598036e+01 +4.384598036e+01 -3.0534e+00 -3.1216e+00 -7.3162e-01 +4.1039e+00 +7.8277e-01
2236 +6.602307157e+01 +6.602307157e+01 +4.227307157e+01 +4.227307157e+01 -3.0525e+00 -3.1239e+00 -7.3060e-01 +4.0988e+00 +7.8375e-01
% function evaluation | noise-free fitness - Fopt (3.513000000000e+01) | best noise-free fitness - Fopt | measured fitness | best measured fitness | x1 | x2...
1 +1.031865279e+02 +1.031865279e+02 +1.383165279e+02 +1.383165279e+02 +0.0000e+00 +0.0000e+00 +0.0000e+00 +0.0000e+00 +0.0000e+00
2 +4.676614650e+01 +4.676614650e+01 +8.189614650e+01 +8.189614650e+01 +1.7949e+00 +2.5806e+00 -2.1569e+00 +3.7390e+00 -3.5455e+00
3 +4.476431289e+01 +4.476431289e+01 +7.989431289e+01 +7.989431289e+01 +1.8112e+00 +2.5883e+00 -2.1566e+00 +3.7464e+00 -3.5394e+00
8 +4.438981286e+01 +4.438981286e+01 +7.951981286e+01 +7.951981286e+01 +1.7919e+00 +2.5854e+00 -2.1580e+00 +3.7412e+00 -3.5522e+00
10 +4.314620913e+01 +4.314620913e+01 +7.827620913e+01 +7.827620913e+01 +1.8031e+00 +2.5828e+00 -2.1567e+00 +3.7575e+00 -3.5373e+00
24 +4.231561421e+01 +4.231561421e+01 +7.744561421e+01 +7.744561421e+01 +1.8017e+00 +2.6042e+00 -2.1562e+00 +3.7424e+00 -3.5447e+00
46 +3.988619072e+01 +3.988619072e+01 +7.501619072e+01 +7.501619072e+01 +1.8042e+00 +2.5885e+00 -2.1549e+00 +3.7454e+00 -3.5683e+00
51 +3.938993773e+01 +3.938993773e+01 +7.451993773e+01 +7.451993773e+01 +1.7974e+00 +2.6075e+00 -2.1578e+00 +3.7815e+00 -3.5458e+00
67 +3.824553019e+01 +3.824553019e+01 +7.337553019e+01 +7.337553019e+01 +1.7967e+00 +2.6016e+00 -2.1603e+00 +3.7663e+00 -3.5451e+00
144 +3.226465939e+01 +3.226465939e+01 +6.739465939e+01 +6.739465939e+01 +1.9775e+00 +2.5919e+00 -2.1257e+00 +3.7360e+00 -3.6329e+00
146 +2.809549830e+01 +2.809549830e+01 +6.322549830e+01 +6.322549830e+01 +2.0279e+00 +2.5955e+00 -2.1658e+00 +3.7543e+00 -3.5545e+00
173 +2.242906299e+01 +2.242906299e+01 +5.755906299e+01 +5.755906299e+01 +1.8742e+00 +2.6135e+00 -2.1457e+00 +3.7644e+00 -3.2790e+00
208 +2.158153113e+01 +2.158153113e+01 +5.671153113e+01 +5.671153113e+01 +2.1057e+00 +2.5919e+00 -2.1321e+00 +3.7398e+00 -3.6308e+00
285 +1.955712858e+01 +1.955712858e+01 +5.468712858e+01 +5.468712858e+01 +2.0558e+00 +2.5998e+00 -2.1230e+00 +3.7210e+00 -3.5667e+00
369 +1.881701710e+01 +1.881701710e+01 +5.394701710e+01 +5.394701710e+01 +2.0528e+00 +2.6081e+00 -2.1035e+00 +3.7070e+00 -3.5212e+00
380 +1.836561854e+01 +1.836561854e+01 +5.349561854e+01 +5.349561854e+01 +2.0087e+00 +2.6079e+00 -2.1104e+00 +3.7024e+00 -3.4974e+00
406 +1.688658036e+01 +1.688658036e+01 +5.201658036e+01 +5.201658036e+01 +2.0240e+00 +2.6092e+00 -2.1107e+00 +3.6906e+00 -3.5174e+00
430 +1.615356327e+01 +1.615356327e+01 +5.128356327e+01 +5.128356327e+01 +2.0031e+00 +2.6121e+00 -2.1111e+00 +3.6918e+00 -3.4836e+00
853 +1.535402183e+01 +1.535402183e+01 +5.048402183e+01 +5.048402183e+01 +2.0246e+00 +2.5873e+00 -2.1137e+00 +3.7173e+00 -3.5006e+00
945 +1.481608637e+01 +1.481608637e+01 +4.994608637e+01 +4.994608637e+01 +2.0237e+00 +2.5875e+00 -2.1159e+00 +3.7132e+00 -3.4972e+00
982 +1.473434525e+01 +1.473434525e+01 +4.986434525e+01 +4.986434525e+01 +2.0234e+00 +2.5846e+00 -2.1184e+00 +3.7127e+00 -3.4999e+00
1027 +1.442052578e+01 +1.442052578e+01 +4.955052578e+01 +4.955052578e+01 +2.0229e+00 +2.5832e+00 -2.1184e+00 +3.7129e+00 -3.4994e+00
1178 +1.411093131e+01 +1.411093131e+01 +4.924093131e+01 +4.924093131e+01 +2.0226e+00 +2.5831e+00 -2.1185e+00 +3.7125e+00 -3.4977e+00
1318 +1.378700696e+01 +1.378700696e+01 +4.891700696e+01 +4.891700696e+01 +2.0216e+00 +2.5828e+00 -2.1190e+00 +3.7129e+00 -3.4965e+00
1767 +1.348518940e+01 +1.348518940e+01 +4.861518940e+01 +4.861518940e+01 +2.0215e+00 +2.5823e+00 -2.1192e+00 +3.7132e+00 -3.4965e+00
19664 +1.281653766e+01 +1.281653766e+01 +4.794653766e+01 +4.794653766e+01 +2.3593e-02 -1.5518e+00 -3.3357e-01 +5.4125e+00 -9.4187e-01
19701 +1.144275115e+01 +1.144275115e+01 +4.657275115e+01 +4.657275115e+01 +5.4464e-01 +2.1633e-01 -3.9621e-01 +3.9707e+00 -1.3027e+00
19780 +7.701280928e+00 +7.701280928e+00 +4.283128093e+01 +4.283128093e+01 +2.3850e-01 +2.2559e-01 -3.7752e-01 +4.4886e+00 -2.6768e-01
19806 +5.522938989e+00 +5.522938989e+00 +4.065293899e+01 +4.065293899e+01 +9.0294e-01 +5.0938e-02 -1.2503e-01 +4.6972e+00 -3.0405e-01
19920 +2.071204629e+00 +2.071204629e+00 +3.720120463e+01 +3.720120463e+01 +9.3142e-01 -5.1914e-01 -4.2319e-01 +4.9605e+00 -2.9061e-01
20094 +1.946378084e+00 +1.946378084e+00 +3.707637808e+01 +3.707637808e+01 +4.8686e-01 -3.4516e-01 -4.6499e-01 +4.7747e+00 -2.5290e-01
20230 +1.624725614e+00 +1.624725614e+00 +3.675472561e+01 +3.675472561e+01 +4.2181e-01 -2.0316e-01 -4.1869e-01 +4.6439e+00 +2.5298e-01
20270 +7.960958352e-01 +7.960958352e-01 +3.592609584e+01 +3.592609584e+01 +4.2245e-01 -1.6669e-01 -4.3417e-01 +4.5867e+00 -1.7036e-01
20304 +5.258726058e-01 +5.258726058e-01 +3.565587261e+01 +3.565587261e+01 +5.6124e-01 -3.0991e-01 -4.6837e-01 +4.6759e+00 -8.0556e-02
20326 +3.780784527e-01 +3.780784527e-01 +3.550807845e+01 +3.550807845e+01 +7.0530e-01 -4.2407e-01 -4.9015e-01 +4.7718e+00 -2.8443e-01
20591 +2.821858085e-01 +2.821858085e-01 +3.541218581e+01 +3.541218581e+01 +5.9302e-01 -3.8617e-01 -4.9865e-01 +4.6973e+00 -1.9840e-01
20713 +1.998208009e-01 +1.998208009e-01 +3.532982080e+01 +3.532982080e+01 +5.8919e-01 -3.4660e-01 -5.0835e-01 +4.6946e+00 -1.9267e-01
20743 +1.174442794e-01 +1.174442794e-01 +3.524744428e+01 +3.524744428e+01 +5.8331e-01 -3.6690e-01 -4.9845e-01 +4.7036e+00 -1.9776e-01
20898 +8.482774626e-02 +8.482774626e-02 +3.521482775e+01 +3.521482775e+01 +5.7371e-01 -3.5067e-01 -5.0291e-01 +4.7169e+00 -1.9079e-01
20941 +7.820357008e-02 +7.820357008e-02 +3.520820357e+01 +3.520820357e+01 +5.8260e-01 -3.6345e-01 -5.0311e-01 +4.7180e+00 -2.1443e-01
21003 +5.768693077e-02 +5.768693077e-02 +3.518768693e+01 +3.518768693e+01 +5.8321e-01 -3.4482e-01 -4.9416e-01 +4.7170e+00 -2.2155e-01
21059 +3.556167917e-02 +3.556167917e-02 +3.516556168e+01 +3.516556168e+01 +5.7220e-01 -3.5203e-01 -5.0442e-01 +4.7120e+00 -2.1860e-01
21376 +3.526617592e-02 +3.526617592e-02 +3.516526618e+01 +3.516526618e+01 +5.7495e-01 -3.5139e-01 -5.0450e-01 +4.7155e+00 -2.1801e-01
21394 +3.355914912e-02 +3.355914912e-02 +3.516355915e+01 +3.516355915e+01 +5.7218e-01 -3.5012e-01 -5.0656e-01 +4.7164e+00 -2.1696e-01
21448 +3.163399014e-02 +3.163399014e-02 +3.516163399e+01 +3.516163399e+01 +5.7292e-01 -3.4857e-01 -5.0289e-01 +4.7164e+00 -2.1690e-01
21525 +3.003561771e-02 +3.003561771e-02 +3.516003562e+01 +3.516003562e+01 +5.7545e-01 -3.5073e-01 -5.0276e-01 +4.7155e+00 -2.1989e-01
21633 +2.803107420e-02 +2.803107420e-02 +3.515803107e+01 +3.515803107e+01 +5.7310e-01 -3.5017e-01 -5.0328e-01 +4.7150e+00 -2.1656e-01
21638 +2.731171275e-02 +2.731171275e-02 +3.515731171e+01 +3.515731171e+01 +5.7281e-01 -3.4931e-01 -5.0195e-01 +4.7145e+00 -2.1785e-01
21809 +2.267827561e-02 +2.267827561e-02 +3.515267828e+01 +3.515267828e+01 +5.6997e-01 -3.4835e-01 -5.0344e-01 +4.7135e+00 -2.1375e-01
21870 +2.228301319e-02 +2.228301319e-02 +3.515228301e+01 +3.515228301e+01 +5.7030e-01 -3.5089e-01 -5.0470e-01 +4.7143e+00 -2.1363e-01
21941 +1.751301142e-02 +1.751301142e-02 +3.514751301e+01 +3.514751301e+01 +5.6911e-01 -3.5151e-01 -5.0557e-01 +4.7161e+00 -2.1285e-01
22116 +1.645977945e-02 +1.645977945e-02 +3.514645978e+01 +3.514645978e+01 +5.6890e-01 -3.4879e-01 -5.0406e-01 +4.7139e+00 -2.1504e-01
22368 +1.596731103e-02 +1.596731103e-02 +3.514596731e+01 +3.514596731e+01 +5.6841e-01 -3.4868e-01 -5.0402e-01 +4.7140e+00 -2.1421e-01
22588 +1.570375197e-02 +1.570375197e-02 +3.514570375e+01 +3.514570375e+01 +5.6889e-01 -3.4894e-01 -5.0414e-01 +4.7142e+00 -2.1431e-01
22685 +1.526043402e-02 +1.526043402e-02 +3.514526043e+01 +3.514526043e+01 +5.6869e-01 -3.4893e-01 -5.0427e-01 +4.7142e+00 -2.1429e-01
22763 +1.475513635e-02 +1.475513635e-02 +3.514475514e+01 +3.514475514e+01 +5.6882e-01 -3.4909e-01 -5.0427e-01 +4.7142e+00 -2.1439e-01
23104 +1.443217121e-02 +1.443217121e-02 +3.514443217e+01 +3.514443217e+01 +5.6885e-01 -3.4922e-01 -5.0451e-01 +4.7144e+00 -2.1458e-01
23229 +1.408567233e-02 +1.408567233e-02 +3.514408567e+01 +3.514408567e+01 +5.6886e-01 -3.4925e-01 -5.0446e-01 +4.7144e+00 -2.1462e-01
23368 +1.377616652e-02 +1.377616652e-02 +3.514377617e+01 +3.514377617e+01 +5.6887e-01 -3.4931e-01 -5.0444e-01 +4.7144e+00 -2.1439e-01
23868 +1.347738198e-02 +1.347738198e-02 +3.514347738e+01 +3.514347738e+01 +5.6886e-01 -3.4931e-01 -5.0445e-01 +4.7144e+00 -2.1447e-01
24156 +1.313779621e-02 +1.313779621e-02 +3.514313780e+01 +3.514313780e+01 +5.6885e-01 -3.4935e-01 -5.0449e-01 +4.7144e+00 -2.1444e-01
63156 +1.266291595e-02 +1.266291595e-02 +3.514266292e+01 +3.514266292e+01 +6.9376e-01 +3.2004e+00 -2.1246e+00 -7.7060e-01 -1.3847e-01
63550 +1.130150836e-02 +1.130150836e-02 +3.514130151e+01 +3.514130151e+01 +6.9774e-01 +3.1961e+00 -2.1246e+00 -7.6857e-01 -1.5076e-01
63666 +1.007503744e-02 +1.007503744e-02 +3.514007504e+01 +3.514007504e+01 +6.9789e-01 +3.2008e+00 -2.1234e+00 -7.6984e-01 -1.4970e-01
63804 +9.858073959e-03 +9.858073959e-03 +3.513985807e+01 +3.513985807e+01 +6.9675e-01 +3.1984e+00 -2.1271e+00 -7.6859e-01 -1.5189e-01
63823 +8.465846189e-03 +8.465846189e-03 +3.513846585e+01 +3.513846585e+01 +6.9711e-01 +3.1958e+00 -2.1276e+00 -7.6725e-01 -1.5312e-01
63861 +7.127497881e-03 +7.127497881e-03 +3.513712750e+01 +3.513712750e+01 +6.9651e-01 +3.1999e+00 -2.1242e+00 -7.6844e-01 -1.4595e-01
63941 +6.673088515e-03 +6.673088515e-03 +3.513667309e+01 +3.513667309e+01 +6.9641e-01 +3.1988e+00 -2.1247e+00 -7.6732e-01 -1.4549e-01
64069 +6.056657748e-03 +6.056657748e-03 +3.513605666e+01 +3.513605666e+01 +6.9597e-01 +3.1990e+00 -2.1254e+00 -7.6846e-01 -1.4972e-01
64115 +5.447539680e-03 +5.447539680e-03 +3.513544754e+01 +3.513544754e+01 +6.9572e-01 +3.1997e+00 -2.1249e+00 -7.6891e-01 -1.4838e-01
64210 +4.605456521e-03 +4.605456521e-03 +3.513460546e+01 +3.513460546e+01 +6.9448e-01 +3.1992e+00 -2.1248e+00 -7.6817e-01 -1.4412e-01
64232 +4.080635006e-03 +4.080635006e-03 +3.513408064e+01 +3.513408064e+01 +6.9450e-01 +3.1999e+00 -2.1247e+00 -7.6825e-01 -1.4423e-01
64361 +3.446957621e-03 +3.446957621e-03 +3.513344696e+01 +3.513344696e+01 +6.9371e-01 +3.1997e+00 -2.1250e+00 -7.6815e-01 -1.4334e-01
64404 +3.212239827e-03 +3.212239827e-03 +3.513321224e+01 +3.513321224e+01 +6.9430e-01 +3.1992e+00 -2.1251e+00 -7.6759e-01 -1.4340e-01
64450 +3.121461567e-03 +3.121461567e-03 +3.513312146e+01 +3.513312146e+01 +6.9381e-01 +3.1995e+00 -2.1251e+00 -7.6809e-01 -1.4380e-01
64708 +3.062739314e-03 +3.062739314e-03 +3.513306274e+01 +3.513306274e+01 +6.9389e-01 +3.1987e+00 -2.1261e+00 -7.6778e-01 -1.4324e-01
64737 +2.543677595e-03 +2.543677595e-03 +3.513254368e+01 +3.513254368e+01 +6.9378e-01 +3.1984e+00 -2.1261e+00 -7.6767e-01 -1.4371e-01
64883 +2.409902666e-03 +2.409902666e-03 +3.513240990e+01 +3.513240990e+01 +6.9381e-01 +3.1988e+00 -2.1256e+00 -7.6769e-01 -1.4355e-01
64901 +2.196600480e-03 +2.196600480e-03 +3.513219660e+01 +3.513219660e+01 +6.9364e-01 +3.1987e+00 -2.1258e+00 -7.6759e-01 -1.4337e-01
65296 +2.106303069e-03 +2.106303069e-03 +3.513210630e+01 +3.513210630e+01 +6.9346e-01 +3.1986e+00 -2.1260e+00 -7.6761e-01 -1.4341e-01
65366 +2.048973174e-03 +2.048973174e-03 +3.513204897e+01 +3.513204897e+01 +6.9351e-01 +3.1986e+00 -2.1259e+00 -7.6759e-01 -1.4335e-01
65424 +2.008744322e-03 +2.008744322e-03 +3.513200874e+01 +3.513200874e+01 +6.9362e-01 +3.1985e+00 -2.1260e+00 -7.6747e-01 -1.4342e-01
65493 +1.979220927e-03 +1.979220927e-03 +3.513197922e+01 +3.513197922e+01 +6.9356e-01 +3.1985e+00 -2.1259e+00 -7.6754e-01 -1.4340e-01
65813 +1.947280092e-03 +1.947280092e-03 +3.513194728e+01 +3.513194728e+01 +6.9351e-01 +3.1986e+00 -2.1259e+00 -7.6755e-01 -1.4336e-01
66071 +1.874315196e-03 +1.874315196e-03 +3.513187432e+01 +3.513187432e+01 +6.9352e-01 +3.1985e+00 -2.1260e+00 -7.6753e-01 -1.4342e-01
66079 +1.852353227e-03 +1.852353227e-03 +3.513185235e+01 +3.513185235e+01 +6.9355e-01 +3.1986e+00 -2.1259e+00 -7.6753e-01 -1.4341e-01
66320 +1.817234479e-03 +1.817234479e-03 +3.513181723e+01 +3.513181723e+01 +6.9340e-01 +3.1985e+00 -2.1260e+00 -7.6752e-01 -1.4339e-01
66764 +1.726806541e-03 +1.726806541e-03 +3.513172681e+01 +3.513172681e+01 +6.9346e-01 +3.1985e+00 -2.1260e+00 -7.6752e-01 -1.4339e-01
67462 +1.670927808e-03 +1.670927808e-03 +3.513167093e+01 +3.513167093e+01 +6.9343e-01 +3.1985e+00 -2.1260e+00 -7.6754e-01 -1.4336e-01
% function evaluation | noise-free fitness - Fopt (-7.982000000000e+01) | best noise-free fitness - Fopt | measured fitness | best measured fitness | x1 | x2...
1 +5.763519936e+01 +5.763519936e+01 -2.218480064e+01 -2.218480064e+01 +0.0000e+00 +0.0000e+00 +0.0000e+00 +0.0000e+00 +0.0000e+00
2072 +5.748091971e+01 +5.748091971e+01 -2.233908029e+01 -2.233908029e+01 +4.5985e+00 +8.2613e-01 +2.6542e+00 +4.9334e+00 +2.7451e+00
45433 +4.420644401e+01 +4.420644401e+01 -3.561355599e+01 -3.561355599e+01 +2.2146e+00 +2.2462e+00 -2.4999e+00 -2.0881e+00 -3.3441e+00
45434 +3.749118803e+01 +3.749118803e+01 -4.232881197e+01 -4.232881197e+01 +2.1224e+00 +2.2552e+00 -2.5019e+00 -2.0937e+00 -4.0701e+00
45525 +2.767465668e+01 +2.767465668e+01 -5.214534332e+01 -5.214534332e+01 +2.0617e+00 +2.9089e+00 -2.5007e+00 -2.0891e+00 +8.5558e-02
45668 +2.708509637e+01 +2.708509637e+01 -5.273490363e+01 -5.273490363e+01 +3.1616e+00 +1.6930e+00 -2.5006e+00 -2.0898e+00 -6.2693e+00
45728 +1.848336845e+01 +1.848336845e+01 -6.133663155e+01 -6.133663155e+01 +7.3374e+00 +1.0544e+00 -2.4857e+00 -2.1074e+00 -4.4952e+00
45863 +1.726523593e+01 +1.726523593e+01 -6.255476407e+01 -6.255476407e+01 +3.6119e+00 +2.9683e+00 -2.4957e+00 -2.1154e+00 -5.4878e+00
46037 +1.522608224e+01 +1.522608224e+01 -6.459391776e+01 -6.459391776e+01 +2.1369e+00 -7.4756e-01 -2.4366e+00 -1.9978e+00 +2.4593e+00
46315 +1.378651880e+01 +1.378651880e+01 -6.603348120e+01 -6.603348120e+01 +4.8673e+00 -1.6807e+00 -2.1905e+00 -2.0895e+00 +1.4565e-01
46341 +1.338128558e+01 +1.338128558e+01 -6.643871442e+01 -6.643871442e+01 +2.2663e+00 -9.6708e-01 -2.1335e+00 -1.8560e+00 +2.1632e+00
47788 +9.407224967e+00 +9.407224967e+00 -7.041277503e+01 -7.041277503e+01 +2.3202e+00 +1.0993e+00 +3.5311e+00 -5.8772e+00 +1.8772e-01
48914 +7.768762471e+00 +7.768762471e+00 -7.205123753e+01 -7.205123753e+01 +4.7765e+00 +6.1220e-01 +3.0554e+00 +4.9616e+00 -1.2236e+00
49027 +6.903540048e+00 +6.903540048e+00 -7.291645995e+01 -7.291645995e+01 +1.1437e+00 +1.0500e+00 -2.0941e+00 -1.9955e-01 -1.4477e+00
53168 +5.167441006e+00 +5.167441006e+00 -7.465255899e+01 -7.465255899e+01 +5.5654e+00 +1.3804e+00 -1.6329e+00 -1.5876e+00 -4.4135e+00
57358 +4.455882645e+00 +4.455882645e+00 -7.536411735e+01 -7.536411735e+01 -2.0408e+00 -2.5585e+00 -9.1928e-01 -7.1715e-01 -1.6925e+00
59199 +4.096393497e+00 +4.096393497e+00 -7.572360650e+01 -7.572360650e+01 -5.0738e+00 +3.3042e+00 +6.9092e-01 +4.6473e+00 +1.0079e+00
65347 +2.390787426e+00 +2.390787426e+00 -7.742921257e+01 -7.742921257e+01 -3.5383e+00 +1.5867e+00 -8.6711e-01 +1.0180e+00 -3.3882e+00
125010 +1.863089201e+00 +1.863089201e+00 -7.795691080e+01 -7.795691080e+01 -2.8025e-01 -2.9970e+00 -1.8498e+00 -3.7395e+00 +3.4030e+00
% function evaluation | noise-free fitness - Fopt (1.925800000000e+02) | best noise-free fitness - Fopt | measured fitness | best measured fitness | x1 | x2...
1 +3.068868514e+02 +3.068868514e+02 +4.994668514e+02 +4.994668514e+02 +0.0000e+00 +0.0000e+00 +0.0000e+00 +0.0000e+00 +0.0000e+00
2 +6.644059359e+01 +6.644059359e+01 +2.590205936e+02 +2.590205936e+02 -2.8016e+00 +1.0620e-01 +1.3414e+00 +3.4028e+00 -3.3077e-01
6 +5.965129721e+01 +5.965129721e+01 +2.522312972e+02 +2.522312972e+02 -2.7987e+00 +9.9940e-02 +1.3343e+00 +3.3351e+00 -3.4371e-01
24 +5.815501498e+01 +5.815501498e+01 +2.507350150e+02 +2.507350150e+02 -2.8008e+00 +1.0549e-01 +1.3709e+00 +3.4026e+00 -3.3638e-01
33 +5.583435650e+01 +5.583435650e+01 +2.484143565e+02 +2.484143565e+02 -2.8126e+00 +1.1324e-01 +1.3671e+00 +3.3676e+00 -3.3439e-01
53 +5.144118086e+01 +5.144118086e+01 +2.440211809e+02 +2.440211809e+02 -2.7963e+00 +1.1597e-01 +1.3672e+00 +3.3757e+00 -3.3618e-01
83 +4.970429720e+01 +4.970429720e+01 +2.422842972e+02 +2.422842972e+02 -2.7990e+00 +1.2706e-01 +1.3636e+00 +3.3685e+00 -3.2249e-01
99 +4.795090500e+01 +4.795090500e+01 +2.405309050e+02 +2.405309050e+02 -2.8004e+00 +1.2104e-01 +1.3621e+00 +3.3355e+00 -3.3489e-01
102 +4.616610845e+01 +4.616610845e+01 +2.387461085e+02 +2.387461085e+02 -2.7930e+00 +1.5918e-01 +1.3699e+00 +3.3720e+00 -3.3213e-01
103 +4.548197858e+01 +4.548197858e+01 +2.380619786e+02 +2.380619786e+02 -2.8002e+00 +1.6601e-01 +1.3758e+00 +3.3669e+00 -3.2954e-01
105 +4.427481649e+01 +4.427481649e+01 +2.368548165e+02 +2.368548165e+02 -2.8015e+00 +2.1351e-01 +1.3743e+00 +3.3442e+00 -3.3170e-01
107 +4.121932142e+01 +4.121932142e+01 +2.337993214e+02 +2.337993214e+02 -2.8133e+00 +1.7602e-01 +1.3857e+00 +3.3196e+00 -2.8860e-01
145 +3.575057854e+01 +3.575057854e+01 +2.283305785e+02 +2.283305785e+02 -2.8017e+00 +1.7046e-01 +1.4142e+00 +3.3671e+00 -3.1193e-01
294 +3.504868942e+01 +3.504868942e+01 +2.276286894e+02 +2.276286894e+02 -2.8119e+00 +1.8381e-01 +1.4091e+00 +3.3744e+00 -3.2811e-01
511 +3.443789451e+01 +3.443789451e+01 +2.270178945e+02 +2.270178945e+02 -2.8138e+00 +1.9641e-01 +1.4218e+00 +3.3860e+00 -3.4918e-01
741 +3.388348979e+01 +3.388348979e+01 +2.264634898e+02 +2.264634898e+02 -2.8148e+00 +2.0248e-01 +1.4205e+00 +3.3908e+00 -3.5080e-01
786 +3.240788876e+01 +3.240788876e+01 +2.249878888e+02 +2.249878888e+02 -2.8048e+00 +1.9775e-01 +1.4176e+00 +3.3952e+00 -3.5077e-01
812 +3.235839791e+01 +3.235839791e+01 +2.249383979e+02 +2.249383979e+02 -2.8045e+00 +1.9257e-01 +1.4190e+00 +3.3958e+00 -3.4609e-01
895 +3.103403869e+01 +3.103403869e+01 +2.236140387e+02 +2.236140387e+02 -2.7968e+00 +1.9351e-01 +1.4186e+00 +3.4038e+00 -3.4695e-01
952 +2.992312098e+01 +2.992312098e+01 +2.225031210e+02 +2.225031210e+02 -2.7903e+00 +1.8749e-01 +1.4183e+00 +3.4035e+00 -3.4200e-01
1223 +2.949122141e+01 +2.949122141e+01 +2.220712214e+02 +2.220712214e+02 -2.7903e+00 +1.8909e-01 +1.4179e+00 +3.4050e+00 -3.4184e-01
1417 +2.881233327e+01 +2.881233327e+01 +2.213923333e+02 +2.213923333e+02 -2.7903e+00 +1.8855e-01 +1.4180e+00 +3.4057e+00 -3.4257e-01
18074 +2.478820369e+01 +2.478820369e+01 +2.173682037e+02 +2.173682037e+02 +2.3374e+00 -7.6841e-01 +1.8495e+00 +1.1210e-01 -2.5429e+00
18128 +2.026858632e+01 +2.026858632e+01 +2.128485863e+02 +2.128485863e+02 +2.3401e+00 -8.2911e-01 +2.2092e+00 +2.2551e-02 -2.5307e+00
18153 +1.265480331e+01 +1.265480331e+01 +2.052348033e+02 +2.052348033e+02 +2.3466e+00 -1.3868e+00 +2.3034e+00 +2.7562e-01 -2.5316e+00
18285 +8.632010124e+00 +8.632010124e+00 +2.012120101e+02 +2.012120101e+02 +2.4671e+00 -1.5916e-01 -3.8818e+00 +3.2340e-01 -2.5351e+00
19736 +6.538210863e+00 +6.538210863e+00 +1.991182109e+02 +1.991182109e+02 -5.2099e+00 -3.9494e+00 -2.0144e+00 +5.0712e+00 -1.9728e+00
27549 +2.635423748e+00 +2.635423748e+00 +1.952154237e+02 +1.952154237e+02 +5.5437e-01 -1.1495e+00 -3.4203e+00 -1.7831e+00 +2.9866e+00
166673 +2.540849329e+00 +2.540849329e+00 +1.951208493e+02 +1.951208493e+02 -2.0774e+00 +4.5567e+00 +1.3206e+00 -9.0988e-01 -2.3533e+00
212589 +2.507176318e+00 +2.507176318e+00 +1.950871763e+02 +1.950871763e+02 -2.3854e+00 +4.9808e-02 -1.8829e+00 +1.6382e+00 +2.4528e+00
237927 +1.288981189e+00 +1.288981189e+00 +1.938689812e+02 +1.938689812e+02 -2.7758e+00 +2.8582e+00 -7.3580e-01 +3.8809e+00 +1.7953e-02
% function evaluation | noise-free fitness - Fopt (-2.684800000000e+02) | best noise-free fitness - Fopt | measured fitness | best measured fitness | x1 | x2...
1 +5.329528781e+01 +5.329528781e+01 -2.151847122e+02 -2.151847122e+02 +0.0000e+00 +0.0000e+00 +0.0000e+00 +0.0000e+00 +0.0000e+00
140 +5.115287572e+01 +5.115287572e+01 -2.173271243e+02 -2.173271243e+02 -3.0645e-01 +1.2655e+00 -4.8105e+00 +4.3097e+00 +5.4814e-02
193 +4.170454792e+01 +4.170454792e+01 -2.267754521e+02 -2.267754521e+02 -2.5434e-01 +1.2927e+00 -4.7980e+00 +4.2665e+00 -2.1792e-02
284 +3.242671678e+01 +3.242671678e+01 -2.360532832e+02 -2.360532832e+02 +5.1861e-01 +1.5084e+00 -4.7643e+00 +4.1755e+00 -4.2463e-02
292 +2.291168848e+01 +2.291168848e+01 -2.455683115e+02 -2.455683115e+02 +8.7311e-01 +1.4545e+00 -4.7855e+00 +4.4227e+00 -4.7687e-02
404 +1.967379324e+01 +1.967379324e+01 -2.488062068e+02 -2.488062068e+02 +3.3096e+00 +4.8907e-01 -4.5568e+00 +4.0628e+00 -8.8744e-01
419 +1.647960204e+01 +1.647960204e+01 -2.520003980e+02 -2.520003980e+02 +2.7459e+00 +3.6531e+00 -4.4460e+00 +2.9766e+00 -1.5425e-01
444 +8.931132131e+00 +8.931132131e+00 -2.595488679e+02 -2.595488679e+02 +1.0915e+00 +3.4714e+00 -3.7961e+00 +3.7014e+00 -7.1890e-01
669 +5.775641254e+00 +5.775641254e+00 -2.627043587e+02 -2.627043587e+02 +3.0392e+00 -4.7648e-01 +1.3655e+00 +4.2741e+00 -3.5683e+00
5711 +5.333147451e+00 +5.333147451e+00 -2.631468525e+02 -2.631468525e+02 -1.9688e+00 +5.7149e-01 +5.8773e+00 +3.7383e+00 -7.0616e-01
12315 +6.292062957e-01 +6.292062957e-01 -2.678507937e+02 -2.678507937e+02 -1.7912e+00 +4.7401e+00 -2.4864e+00 +1.2062e+00 +8.3536e-02
% function evaluation | noise-free fitness - Fopt (-1.000000000000e+03) | best noise-free fitness - Fopt | measured fitness | best measured fitness | x1 | x2...
1 +1.060293030e+02 +1.060293030e+02 -8.939706970e+02 -8.939706970e+02 +0.0000e+00 +0.0000e+00 +0.0000e+00 +0.0000e+00 +0.0000e+00
81 +5.651582515e+01 +5.651582515e+01 -9.434841749e+02 -9.434841749e+02 +1.9040e+00 -4.3783e+00 -4.4193e+00 -4.5559e+00 +1.9257e+00
91 +2.204380429e+01 +2.204380429e+01 -9.779561957e+02 -9.779561957e+02 +1.8879e+00 -4.4082e+00 -4.5592e+00 -2.9031e+00 -5.5273e+00
155 +2.092454247e+01 +2.092454247e+01 -9.790754575e+02 -9.790754575e+02 +1.7922e+00 -4.4091e+00 -1.3794e+00 -3.5567e+00 -3.0266e+00
229 +2.006872933e+01 +2.006872933e+01 -9.799312707e+02 -9.799312707e+02 +1.8136e+00 -4.1440e+00 -2.1905e+00 -5.1281e+00 -5.3386e-01
329 +1.655573056e+01 +1.655573056e+01 -9.834442694e+02 -9.834442694e+02 +1.3004e+00 -4.2074e+00 -6.9165e-01 -2.8782e+00 +3.5659e-01
787 +1.544480713e+01 +1.544480713e+01 -9.845551929e+02 -9.845551929e+02 +3.2434e+00 -1.7469e+00 -4.9155e+00 -5.3526e+00 -6.2803e+00
1098 +9.025077181e+00 +9.025077181e+00 -9.909749228e+02 -9.909749228e+02 +2.3382e-01 +3.3429e+00 -8.3684e-01 -3.9394e+00 -3.6889e+00
1336 +6.958194028e+00 +6.958194028e+00 -9.930418060e+02 -9.930418060e+02 +2.3537e+00 +1.2416e+00 +3.4658e+00 -1.1653e+00 -3.8669e+00
3167 +6.608452700e+00 +6.608452700e+00 -9.933915473e+02 -9.933915473e+02 -2.2178e-01 +4.6784e+00 -2.9894e-01 +1.6328e+00 -5.1886e+00
4363 +3.574992543e+00 +3.574992543e+00 -9.964250075e+02 -9.964250075e+02 +1.7815e+00 -1.7590e+00 -3.7976e+00 +7.4785e-01 -3.5692e+00
21054 +3.268690853e+00 +3.268690853e+00 -9.967313091e+02 -9.967313091e+02 +2.1414e+00 +4.6729e+00 -2.1811e+00 -3.6552e+00 -7.8050e-01
85751 +1.911208108e+00 +1.911208108e+00 -9.980887919e+02 -9.980887919e+02 +1.7675e+00 +3.1155e+00 +3.6672e+00 +1.9195e+00 -1.3717e+00
% function evaluation | noise-free fitness - Fopt (-1.388000000000e+01) | best noise-free fitness - Fopt | measured fitness | best measured fitness | x1 | x2...
1 +1.350085785e+02 +1.350085785e+02 +1.211285785e+02 +1.211285785e+02 +0.0000e+00 +0.0000e+00 +0.0000e+00 +0.0000e+00 +0.0000e+00
2 +5.041776904e+01 +5.041776904e+01 +3.653776904e+01 +3.653776904e+01 +4.5028e+00 -2.9730e+00 -2.3562e+00 -3.7248e+00 -4.0200e+00
4 +4.918345991e+01 +4.918345991e+01 +3.530345991e+01 +3.530345991e+01 +4.4925e+00 -2.9957e+00 -2.3551e+00 -3.6856e+00 -4.0093e+00
6 +4.896910568e+01 +4.896910568e+01 +3.508910568e+01 +3.508910568e+01 +4.4949e+00 -2.9915e+00 -2.3575e+00 -3.6842e+00 -4.0224e+00
15 +4.700517307e+01 +4.700517307e+01 +3.312517307e+01 +3.312517307e+01 +4.4934e+00 -2.9732e+00 -2.3604e+00 -3.6822e+00 -4.0198e+00
28 +4.602446076e+01 +4.602446076e+01 +3.214446076e+01 +3.214446076e+01 +4.4883e+00 -2.9804e+00 -2.3607e+00 -3.6734e+00 -4.0155e+00
36 +4.279525112e+01 +4.279525112e+01 +2.891525112e+01 +2.891525112e+01 +4.4893e+00 -2.9918e+00 -2.3593e+00 -3.6787e+00 -4.0050e+00
46 +4.156734124e+01 +4.156734124e+01 +2.768734124e+01 +2.768734124e+01 +4.4900e+00 -2.9848e+00 -2.3490e+00 -3.6779e+00 -3.9970e+00
55 +3.749770162e+01 +3.749770162e+01 +2.361770162e+01 +2.361770162e+01 +4.4668e+00 -2.9745e+00 -2.3608e+00 -3.7151e+00 -3.9914e+00
86 +3.378514986e+01 +3.378514986e+01 +1.990514986e+01 +1.990514986e+01 +4.4501e+00 -2.9757e+00 -2.3546e+00 -3.6929e+00 -3.9601e+00
99 +3.248631933e+01 +3.248631933e+01 +1.860631933e+01 +1.860631933e+01 +4.4998e+00 -3.1294e+00 -2.3744e+00 -3.6927e+00 -3.9356e+00
204 +2.642274166e+01 +2.642274166e+01 +1.254274166e+01 +1.254274166e+01 +4.4017e+00 -2.9766e+00 -2.3843e+00 -3.6361e+00 -3.7769e+00
332 +1.990643882e+01 +1.990643882e+01 +6.026438823e+00 +6.026438823e+00 +4.2582e+00 -2.6785e+00 -2.3640e+00 -3.3230e+00 -3.1097e+00
427 +1.915790326e+01 +1.915790326e+01 +5.277903260e+00 +5.277903260e+00 +3.2698e+00 -2.2570e+00 -2.1832e+00 -6.0212e+00 -2.8106e+00
454 +1.839041685e+01 +1.839041685e+01 +4.510416848e+00 +4.510416848e+00 +4.1844e+00 -2.3474e+00 -2.2021e+00 -5.1501e+00 -2.8581e+00
457 +3.233554528e+00 +3.233554528e+00 -1.064644547e+01 -1.064644547e+01 +2.9496e+00 -2.6668e+00 -2.5381e+00 -3.8506e+00 -3.1523e+00
5308 +2.909767950e+00 +2.909767950e+00 -1.097023205e+01 -1.097023205e+01 +9.0117e-01 +1.5355e+00 -2.1525e+00 -4.7988e+00 -7.6307e-01
21248 +2.753805263e+00 +2.753805263e+00 -1.112619474e+01 -1.112619474e+01 +1.2621e+00 +2.0736e+00 -1.4093e+00 -4.7814e+00 -6.7218e-01
114518 +2.444700678e+00 +2.444700678e+00 -1.143529932e+01 -1.143529932e+01 -4.0202e-01 +1.9462e+00 -1.2826e+00 -4.1754e+00 -3.0679e+00
% function evaluation | noise-free fitness - Fopt (-1.240400000000e+02) | best noise-free fitness - Fopt | measured fitness | best measured fitness | x1 | x2...
1 +5.977881306e+01 +5.977881306e+01 -6.426118694e+01 -6.426118694e+01 +0.0000e+00 +0.0000e+00 +0.0000e+00 +0.0000e+00 +0.0000e+00
2 +5.697954914e+01 +5.697954914e+01 -6.706045086e+01 -6.706045086e+01 +3.9831e+00 +4.6066e+00 -3.9325e+00 +3.7719e+00 -4.8909e+00
3 +5.293654902e+01 +5.293654902e+01 -7.110345098e+01 -7.110345098e+01 +3.9987e+00 +4.6002e+00 -3.9077e+00 +3.7393e+00 -4.8919e+00
4 +4.951315628e+01 +4.951315628e+01 -7.452684372e+01 -7.452684372e+01 +3.9929e+00 +4.6019e+00 -3.8788e+00 +3.7438e+00 -4.8970e+00
29 +4.885765024e+01 +4.885765024e+01 -7.518234976e+01 -7.518234976e+01 +3.9842e+00 +4.5979e+00 -3.9487e+00 +3.7734e+00 -4.8351e+00
30 +4.413503844e+01 +4.413503844e+01 -7.990496156e+01 -7.990496156e+01 +3.9870e+00 +4.5983e+00 -3.9048e+00 +3.7699e+00 -4.8651e+00
39 +4.111381336e+01 +4.111381336e+01 -8.292618664e+01 -8.292618664e+01 +3.9899e+00 +4.6034e+00 -3.8708e+00 +3.7685e+00 -4.8551e+00
52 +4.031062571e+01 +4.031062571e+01 -8.372937429e+01 -8.372937429e+01 +3.9885e+00 +4.5983e+00 -3.7005e+00 +3.7516e+00 -4.8573e+00
77 +3.311262198e+01 +3.311262198e+01 -9.092737802e+01 -9.092737802e+01 +4.0030e+00 +4.5431e+00 -3.6519e+00 +3.7707e+00 -4.8034e+00
104 +3.068650062e+01 +3.068650062e+01 -9.335349938e+01 -9.335349938e+01 +4.0368e+00 +4.5466e+00 -3.8152e+00 +3.8043e+00 -4.8647e+00
128 +2.216530140e+01 +2.216530140e+01 -1.018746986e+02 -1.018746986e+02 +4.0163e+00 +4.5751e+00 -3.6144e+00 +3.7863e+00 -4.8760e+00
163 +1.937778592e+01 +1.937778592e+01 -1.046622141e+02 -1.046622141e+02 +4.0715e+00 +4.6007e+00 -3.2816e+00 +3.8104e+00 -4.7158e+00
205 +1.849940786e+01 +1.849940786e+01 -1.055405921e+02 -1.055405921e+02 +4.0746e+00 +4.6100e+00 -3.2954e+00 +3.7951e+00 -4.9225e+00
209 +1.488860517e+01 +1.488860517e+01 -1.091513948e+02 -1.091513948e+02 +4.0570e+00 +4.5805e+00 -3.1470e+00 +3.7920e+00 -4.8914e+00
234 +1.423940261e+01 +1.423940261e+01 -1.098005974e+02 -1.098005974e+02 +4.0668e+00 +4.5899e+00 -3.1520e+00 +3.7921e+00 -4.9260e+00
244 +1.364388568e+01 +1.364388568e+01 -1.103961143e+02 -1.103961143e+02 +4.0637e+00 +4.6190e+00 -3.1719e+00 +3.7982e+00 -4.9227e+00
251 +1.306940499e+01 +1.306940499e+01 -1.109705950e+02 -1.109705950e+02 +4.0664e+00 +4.5892e+00 -3.1878e+00 +3.7964e+00 -4.9023e+00
253 +1.110737917e+01 +1.110737917e+01 -1.129326208e+02 -1.129326208e+02 +4.0628e+00 +4.5977e+00 -3.1385e+00 +3.7957e+00 -4.9156e+00
473 +1.088314863e+01 +1.088314863e+01 -1.131568514e+02 -1.131568514e+02 +4.0795e+00 +4.6553e+00 -3.0454e+00 +3.7837e+00 -4.8925e+00
666 +1.038261544e+01 +1.038261544e+01 -1.136573846e+02 -1.136573846e+02 +4.0843e+00 +4.6302e+00 -3.1078e+00 +3.7468e+00 -4.8896e+00
739 +9.093595313e+00 +9.093595313e+00 -1.149464047e+02 -1.149464047e+02 +4.0819e+00 +4.6416e+00 -3.1029e+00 +3.7610e+00 -4.8774e+00
879 +8.794047360e+00 +8.794047360e+00 -1.152459526e+02 -1.152459526e+02 +4.0827e+00 +4.6535e+00 -3.0762e+00 +3.7728e+00 -4.8837e+00
941 +8.662876180e+00 +8.662876180e+00 -1.153771238e+02 -1.153771238e+02 +4.0861e+00 +4.6607e+00 -3.0735e+00 +3.7672e+00 -4.8867e+00
1164 +8.181659036e+00 +8.181659036e+00 -1.158583410e+02 -1.158583410e+02 +4.0711e+00 +4.6213e+00 -3.1124e+00 +3.7731e+00 -4.8941e+00
1202 +8.028812430e+00 +8.028812430e+00 -1.160111876e+02 -1.160111876e+02 +4.0740e+00 +4.6254e+00 -3.1111e+00 +3.7721e+00 -4.8879e+00
1251 +7.922475126e+00 +7.922475126e+00 -1.161175249e+02 -1.161175249e+02 +4.0745e+00 +4.6291e+00 -3.1122e+00 +3.7729e+00 -4.8859e+00
1317 +7.503696148e+00 +7.503696148e+00 -1.165363039e+02 -1.165363039e+02 +4.0744e+00 +4.6271e+00 -3.1191e+00 +3.7679e+00 -4.8855e+00
1462 +7.390783702e+00 +7.390783702e+00 -1.166492163e+02 -1.166492163e+02 +4.0759e+00 +4.6315e+00 -3.1169e+00 +3.7691e+00 -4.8807e+00
1506 +7.210935267e+00 +7.210935267e+00 -1.168290647e+02 -1.168290647e+02 +4.0748e+00 +4.6302e+00 -3.1184e+00 +3.7645e+00 -4.8824e+00
1596 +7.072955991e+00 +7.072955991e+00 -1.169670440e+02 -1.169670440e+02 +4.0752e+00 +4.6308e+00 -3.1184e+00 +3.7650e+00 -4.8822e+00
1709 +6.847826250e+00 +6.847826250e+00 -1.171921737e+02 -1.171921737e+02 +4.0762e+00 +4.6299e+00 -3.1181e+00 +3.7651e+00 -4.8823e+00
1935 +6.750556002e+00 +6.750556002e+00 -1.172894440e+02 -1.172894440e+02 +4.0763e+00 +4.6301e+00 -3.1170e+00 +3.7649e+00 -4.8822e+00
2627 +6.604638932e+00 +6.604638932e+00 -1.174353611e+02 -1.174353611e+02 +4.0764e+00 +4.6302e+00 -3.1165e+00 +3.7649e+00 -4.8824e+00
19605 +5.738129341e+00 +5.738129341e+00 -1.183018707e+02 -1.183018707e+02 -1.4699e-02 -8.0362e-02 -1.3647e+00 -1.2961e-01 +2.3578e+00
19675 +5.299971321e+00 +5.299971321e+00 -1.187400287e+02 -1.187400287e+02 -2.9371e-02 -5.6384e-02 -1.3451e+00 -1.2245e-01 +2.3756e+00
19735 +5.164277773e+00 +5.164277773e+00 -1.188757222e+02 -1.188757222e+02 -4.0795e-02 -4.6423e-02 -1.3944e+00 -1.3666e-01 +2.3859e+00
19747 +4.920407902e+00 +4.920407902e+00 -1.191195921e+02 -1.191195921e+02 -3.4500e-02 -3.9517e-02 -1.3801e+00 -1.2724e-01 +2.3696e+00
19762 +4.660293319e+00 +4.660293319e+00 -1.193797067e+02 -1.193797067e+02 -4.9967e-02 -4.1729e-02 -1.3870e+00 -1.1837e-01 +2.3827e+00
19968 +4.440681709e+00 +4.440681709e+00 -1.195993183e+02 -1.195993183e+02 -4.6275e-02 -2.8792e-02 -1.3707e+00 -1.2013e-01 +2.3883e+00
20024 +4.171496058e+00 +4.171496058e+00 -1.198685039e+02 -1.198685039e+02 -4.9939e-02 +1.3998e-03 -1.3739e+00 -1.2831e-01 +2.3908e+00
20112 +4.154126425e+00 +4.154126425e+00 -1.198858736e+02 -1.198858736e+02 -5.4984e-02 -3.0252e-02 -1.4008e+00 -1.2389e-01 +2.3879e+00
20165 +3.914040876e+00 +3.914040876e+00 -1.201259591e+02 -1.201259591e+02 -5.4505e-02 +7.8617e-04 -1.3590e+00 -1.2743e-01 +2.3846e+00
20334 +3.880370348e+00 +3.880370348e+00 -1.201596297e+02 -1.201596297e+02 -5.8321e-02 -1.0330e-02 -1.3735e+00 -1.2181e-01 +2.3787e+00
20552 +3.794762582e+00 +3.794762582e+00 -1.202452374e+02 -1.202452374e+02 -5.7614e-02 -1.5389e-02 -1.3728e+00 -1.1943e-01 +2.3722e+00
20576 +3.664275158e+00 +3.664275158e+00 -1.203757248e+02 -1.203757248e+02 -5.7112e-02 -1.3271e-02 -1.3747e+00 -1.2168e-01 +2.3781e+00
20613 +3.568860576e+00 +3.568860576e+00 -1.204711394e+02 -1.204711394e+02 -5.3217e-02 -1.1624e-02 -1.3650e+00 -1.2493e-01 +2.3728e+00
20781 +3.527637141e+00 +3.527637141e+00 -1.205123629e+02 -1.205123629e+02 -5.6586e-02 -1.1442e-02 -1.3680e+00 -1.2109e-01 +2.3681e+00
20845 +3.447533810e+00 +3.447533810e+00 -1.205924662e+02 -1.205924662e+02 -5.8489e-02 -3.6671e-03 -1.3654e+00 -1.2197e-01 +2.3720e+00
20926 +3.200021304e+00 +3.200021304e+00 -1.208399787e+02 -1.208399787e+02 -5.6808e-02 -6.0867e-03 -1.3629e+00 -1.2049e-01 +2.3730e+00
21435 +3.144610135e+00 +3.144610135e+00 -1.208953899e+02 -1.208953899e+02 -5.7259e-02 -1.1454e-02 -1.3634e+00 -1.1980e-01 +2.3671e+00
21730 +3.081941423e+00 +3.081941423e+00 -1.209580586e+02 -1.209580586e+02 -5.6973e-02 -9.7278e-03 -1.3625e+00 -1.2012e-01 +2.3687e+00
22757 +3.019032266e+00 +3.019032266e+00 -1.210209677e+02 -1.210209677e+02 -5.6988e-02 -9.6035e-03 -1.3624e+00 -1.2003e-01 +2.3688e+00
92348 +2.183294850e+00 +2.183294850e+00 -1.218567052e+02 -1.218567052e+02 +2.8508e+00 +2.1293e+00 +6.1183e-01 +4.8135e-01 +4.9912e+00
92476 +1.147093733e+00 +1.147093733e+00 -1.228929063e+02 -1.228929063e+02 +2.8795e+00 +2.1173e+00 +7.8966e-01 +6.2315e-01 +4.9548e+00
93021 +7.971160911e-01 +7.971160911e-01 -1.232428839e+02 -1.232428839e+02 +2.9527e+00 +2.2339e+00 +6.6881e-01 +3.9935e-01 +5.0562e+00
93240 +6.704224115e-01 +6.704224115e-01 -1.233695776e+02 -1.233695776e+02 +2.9288e+00 +2.1191e+00 +7.6626e-01 +4.8659e-01 +4.9066e+00
93367 +5.410097367e-01 +5.410097367e-01 -1.234989903e+02 -1.234989903e+02 +2.9464e+00 +2.1597e+00 +7.5308e-01 +4.5847e-01 +4.9632e+00
94030 +5.016267139e-01 +5.016267139e-01 -1.235383733e+02 -1.235383733e+02 +2.9416e+00 +2.1437e+00 +7.3463e-01 +4.5656e-01 +4.9588e+00
94141 +4.654350099e-01 +4.654350099e-01 -1.235745650e+02 -1.235745650e+02 +2.9421e+00 +2.1412e+00 +7.3836e-01 +4.5423e-01 +4.9646e+00
94416 +4.228719299e-01 +4.228719299e-01 -1.236171281e+02 -1.236171281e+02 +2.9408e+00 +2.1548e+00 +7.4225e-01 +4.5281e-01 +4.9661e+00
94588 +4.014530084e-01 +4.014530084e-01 -1.236385470e+02 -1.236385470e+02 +2.9486e+00 +2.1491e+00 +7.4288e-01 +4.5070e-01 +4.9725e+00
94677 +3.583595278e-01 +3.583595278e-01 -1.236816405e+02 -1.236816405e+02 +2.9470e+00 +2.1469e+00 +7.4201e-01 +4.5123e-01 +4.9693e+00
94905 +3.525486923e-01 +3.525486923e-01 -1.236874513e+02 -1.236874513e+02 +2.9474e+00 +2.1566e+00 +7.4191e-01 +4.5063e-01 +4.9792e+00
94985 +3.444361931e-01 +3.444361931e-01 -1.236955638e+02 -1.236955638e+02 +2.9468e+00 +2.1479e+00 +7.4316e-01 +4.5079e-01 +4.9695e+00
95129 +3.371743750e-01 +3.371743750e-01 -1.237028256e+02 -1.237028256e+02 +2.9471e+00 +2.1498e+00 +7.4279e-01 +4.5103e-01 +4.9722e+00
95220 +3.174348868e-01 +3.174348868e-01 -1.237225651e+02 -1.237225651e+02 +2.9465e+00 +2.1494e+00 +7.4445e-01 +4.5161e-01 +4.9696e+00
95263 +3.091794449e-01 +3.091794449e-01 -1.237308206e+02 -1.237308206e+02 +2.9470e+00 +2.1505e+00 +7.4716e-01 +4.5166e-01 +4.9688e+00
95548 +3.009568086e-01 +3.009568086e-01 -1.237390432e+02 -1.237390432e+02 +2.9473e+00 +2.1555e+00 +7.4642e-01 +4.5097e-01 +4.9737e+00
96023 +2.931824383e-01 +2.931824383e-01 -1.237468176e+02 -1.237468176e+02 +2.9469e+00 +2.1537e+00 +7.4624e-01 +4.5114e-01 +4.9707e+00
96182 +2.857254169e-01 +2.857254169e-01 -1.237542746e+02 -1.237542746e+02 +2.9467e+00 +2.1525e+00 +7.4624e-01 +4.5136e-01 +4.9699e+00
96341 +2.780826534e-01 +2.780826534e-01 -1.237619173e+02 -1.237619173e+02 +2.9468e+00 +2.1525e+00 +7.4597e-01 +4.5118e-01 +4.9700e+00
96825 +2.736943389e-01 +2.736943389e-01 -1.237663057e+02 -1.237663057e+02 +2.9468e+00 +2.1531e+00 +7.4676e-01 +4.5173e-01 +4.9702e+00
96861 +2.687672816e-01 +2.687672816e-01 -1.237712327e+02 -1.237712327e+02 +2.9467e+00 +2.1529e+00 +7.4649e-01 +4.5174e-01 +4.9701e+00
97901 +2.625576034e-01 +2.625576034e-01 -1.237774424e+02 -1.237774424e+02 +2.9468e+00 +2.1529e+00 +7.4660e-01 +4.5179e-01 +4.9701e+00
168244 +2.560382208e-01 +2.560382208e-01 -1.237839618e+02 -1.237839618e+02 +3.4070e+00 +1.7300e+00 +1.2778e+00 -1.9735e-02 +4.7974e-01
168435 +2.298386441e-01 +2.298386441e-01 -1.238101614e+02 -1.238101614e+02 +3.4076e+00 +1.7238e+00 +1.2686e+00 -2.1495e-02 +4.7905e-01
168604 +2.096535311e-01 +2.096535311e-01 -1.238303465e+02 -1.238303465e+02 +3.4085e+00 +1.7233e+00 +1.2636e+00 -2.1886e-02 +4.8635e-01
169034 +2.083093555e-01 +2.083093555e-01 -1.238316906e+02 -1.238316906e+02 +3.4076e+00 +1.7170e+00 +1.2614e+00 -2.3774e-02 +4.8383e-01
169537 +2.039782394e-01 +2.039782394e-01 -1.238360218e+02 -1.238360218e+02 +3.4063e+00 +1.7175e+00 +1.2615e+00 -2.2035e-02 +4.8358e-01
169569 +1.969233647e-01 +1.969233647e-01 -1.238430766e+02 -1.238430766e+02 +3.4058e+00 +1.7162e+00 +1.2596e+00 -2.2544e-02 +4.7868e-01
169646 +1.849117469e-01 +1.849117469e-01 -1.238550883e+02 -1.238550883e+02 +3.4070e+00 +1.7166e+00 +1.2559e+00 -2.3524e-02 +4.8300e-01
169917 +1.646583902e-01 +1.646583902e-01 -1.238753416e+02 -1.238753416e+02 +3.4070e+00 +1.7171e+00 +1.2565e+00 -2.3543e-02 +4.8462e-01
170823 +1.606476489e-01 +1.606476489e-01 -1.238793524e+02 -1.238793524e+02 +3.4067e+00 +1.7177e+00 +1.2559e+00 -2.3245e-02 +4.8384e-01
171021 +1.564738170e-01 +1.564738170e-01 -1.238835262e+02 -1.238835262e+02 +3.4066e+00 +1.7171e+00 +1.2553e+00 -2.3187e-02 +4.8398e-01
171866 +1.526905950e-01 +1.526905950e-01 -1.238873094e+02 -1.238873094e+02 +3.4067e+00 +1.7159e+00 +1.2548e+00 -2.3251e-02 +4.8310e-01
172428 +1.512438931e-01 +1.512438931e-01 -1.238887561e+02 -1.238887561e+02 +3.4066e+00 +1.7162e+00 +1.2551e+00 -2.2756e-02 +4.8405e-01
173824 +1.464708398e-01 +1.464708398e-01 -1.238935292e+02 -1.238935292e+02 +3.4067e+00 +1.7165e+00 +1.2555e+00 -2.3081e-02 +4.8375e-01
175231 +1.443484179e-01 +1.443484179e-01 -1.238956516e+02 -1.238956516e+02 +3.4068e+00 +1.7166e+00 +1.2555e+00 -2.3168e-02 +4.8386e-01
