% function evaluation | noise-free fitness - Fopt (1.238300000000e+02) | best noise-free fitness - Fopt | measured fitness | best measured fitness | x1 | x2...
1 +2.600000000e+01 +2.600000000e+01 +1.498300000e+02 +1.498300000e+02 +0.0000e+00 +0.0000e+00 +0.0000e+00 +0.0000e+00 +0.0000e+00
404 +1.750941449e+01 +1.750941449e+01 +1.413394145e+02 +1.413394145e+02 -7.5913e-01 +2.0397e-01 -1.0387e+00 +5.3394e-01 -3.4902e-01
412 +1.311869991e+01 +1.311869991e+01 +1.369486999e+02 +1.369486999e+02 -6.1528e-01 +3.6645e-01 -1.1278e+00 +3.1884e-01 +1.4133e-01
515 +1.286232125e+01 +1.286232125e+01 +1.366923212e+02 +1.366923212e+02 -5.0538e-01 +3.1260e-01 -1.0142e+00 +9.9240e-02 +6.1545e-02
523 +6.441882850e+00 +6.441882850e+00 +1.302718829e+02 +1.302718829e+02 -6.6817e-01 +2.9700e-01 -1.0456e+00 +2.7727e-01 -1.1457e-01
531 +5.937394584e+00 +5.937394584e+00 +1.297673946e+02 +1.297673946e+02 -5.6577e-01 +2.3535e-01 -9.6510e-01 +2.7611e-01 -7.7116e-02
578 +5.374791148e+00 +5.374791148e+00 +1.292047911e+02 +1.292047911e+02 -5.0160e-01 +3.2251e-01 -9.4713e-01 +2.4263e-01 -1.7709e-01
605 +5.149133608e+00 +5.149133608e+00 +1.289791336e+02 +1.289791336e+02 -5.8424e-01 +4.0210e-01 -9.7665e-01 +2.6991e-01 -2.3509e-01
641 +4.810821724e+00 +4.810821724e+00 +1.286408217e+02 +1.286408217e+02 -5.4851e-01 +4.8413e-01 -9.0673e-01 +2.0730e-01 -1.9324e-01
667 +4.468981388e+00 +4.468981388e+00 +1.282989814e+02 +1.282989814e+02 -5.3678e-01 +4.3327e-01 -9.3594e-01 +1.4941e-01 -1.7982e-01
799 +4.463007412e+00 +4.463007412e+00 +1.282930074e+02 +1.282930074e+02 -5.5101e-01 +4.1765e-01 -9.8341e-01 +1.9954e-01 -1.9786e-01
1122 +4.358343689e+00 +4.358343689e+00 +1.281883437e+02 +1.281883437e+02 -5.3078e-01 +4.4104e-01 -9.4391e-01 +1.7664e-01 -2.0942e-01
% function evaluation | noise-free fitness - Fopt (4.751000000000e+01) | best noise-free fitness - Fopt | measured fitness | best measured fitness | x1 | x2...
1 +2.600000000e+01 +2.600000000e+01 +7.351000000e+01 +7.351000000e+01 +0.0000e+00 +0.0000e+00 +0.0000e+00 +0.0000e+00 +0.0000e+00
1055 +2.365442391e+01 +2.365442391e+01 +7.116442391e+01 +7.116442391e+01 -5.4272e-01 -8.5008e-01 +8.1454e-01 +4.9252e-01 +4.2400e-02
1068 +1.823354542e+01 +1.823354542e+01 +6.574354542e+01 +6.574354542e+01 -2.3230e-01 -7.5730e-01 +4.9675e-01 +4.1390e-01 -5.9456e-01
1097 +1.463597937e+01 +1.463597937e+01 +6.214597937e+01 +6.214597937e+01 -6.1300e-01 -7.7645e-01 +6.7201e-01 +5.3835e-01 -2.1938e-01
1132 +1.123683263e+01 +1.123683263e+01 +5.874683263e+01 +5.874683263e+01 -3.2317e-01 -7.0363e-01 +4.9128e-01 +4.1409e-01 -3.1821e-01
1163 +9.983824186e+00 +9.983824186e+00 +5.749382419e+01 +5.749382419e+01 -3.7045e-01 -7.4157e-01 +6.8450e-01 +4.1073e-01 -1.2715e-01
1174 +7.771387814e+00 +7.771387814e+00 +5.528138781e+01 +5.528138781e+01 -3.2984e-01 -6.3516e-01 +6.3725e-01 +4.2023e-01 -3.4771e-01
1192 +7.118788101e+00 +7.118788101e+00 +5.462878810e+01 +5.462878810e+01 -2.7977e-01 -6.4911e-01 +5.6934e-01 +7.8018e-01 -3.3182e-01
1215 +5.899407673e+00 +5.899407673e+00 +5.340940767e+01 +5.340940767e+01 -4.1472e-01 -5.9224e-01 +6.9758e-01 +4.1715e-01 -1.5367e-01
1286 +5.682643879e+00 +5.682643879e+00 +5.319264388e+01 +5.319264388e+01 -3.3588e-01 -6.7731e-01 +7.0536e-01 +4.7685e-01 -2.2472e-01
1288 +5.505808191e+00 +5.505808191e+00 +5.301580819e+01 +5.301580819e+01 -3.4521e-01 -6.6765e-01 +7.0400e-01 +5.5024e-01 -1.8166e-01
1294 +5.484854917e+00 +5.484854917e+00 +5.299485492e+01 +5.299485492e+01 -3.3590e-01 -6.3253e-01 +7.1178e-01 +4.6092e-01 -3.0441e-01
1308 +4.869959104e+00 +4.869959104e+00 +5.237995910e+01 +5.237995910e+01 -3.3994e-01 -5.9835e-01 +6.7717e-01 +4.9764e-01 -2.9534e-01
1351 +4.435277542e+00 +4.435277542e+00 +5.194527754e+01 +5.194527754e+01 -3.3316e-01 -6.1080e-01 +6.8151e-01 +5.4782e-01 -2.5744e-01
1402 +4.281489661e+00 +4.281489661e+00 +5.179148966e+01 +5.179148966e+01 -3.6818e-01 -5.8155e-01 +7.3851e-01 +5.2821e-01 -2.6821e-01
1423 +4.216994309e+00 +4.216994309e+00 +5.172699431e+01 +5.172699431e+01 -3.5846e-01 -5.4271e-01 +7.5075e-01 +5.2010e-01 -2.5082e-01
1490 +4.166452504e+00 +4.166452504e+00 +5.167645250e+01 +5.167645250e+01 -3.6298e-01 -5.5753e-01 +7.3801e-01 +5.1963e-01 -2.4220e-01
% function evaluation | noise-free fitness - Fopt (5.534000000000e+01) | best noise-free fitness - Fopt | measured fitness | best measured fitness | x1 | x2...
1 +2.600000000e+01 +2.600000000e+01 +8.134000000e+01 +8.134000000e+01 +0.0000e+00 +0.0000e+00 +0.0000e+00 +0.0000e+00 +0.0000e+00
433 +2.427827655e+01 +2.427827655e+01 +7.961827655e+01 +7.961827655e+01 +1.1510e+00 +6.3612e-01 -3.4401e+00 -1.9198e+00 +2.1395e+00
519 +1.732389089e+01 +1.732389089e+01 +7.266389089e+01 +7.266389089e+01 +1.1436e+00 +6.6716e-01 -3.4412e+00 -2.0324e+00 +2.2467e+00
548 +1.237994984e+01 +1.237994984e+01 +6.771994984e+01 +6.771994984e+01 +1.1595e+00 +6.7547e-01 -3.4369e+00 -1.9653e+00 +2.2187e+00
561 +1.157567154e+01 +1.157567154e+01 +6.691567154e+01 +6.691567154e+01 +1.2398e+00 +7.1865e-01 -3.4380e+00 -1.9940e+00 +2.1400e+00
578 +9.224908501e+00 +9.224908501e+00 +6.456490850e+01 +6.456490850e+01 +1.1404e+00 +7.3175e-01 -3.4174e+00 -1.9614e+00 +2.1043e+00
590 +2.904885692e+00 +2.904885692e+00 +5.824488569e+01 +5.824488569e+01 +1.2039e+00 +9.0218e-01 -3.4563e+00 -2.0175e+00 +2.1713e+00
704 +2.616769346e+00 +2.616769346e+00 +5.795676935e+01 +5.795676935e+01 +1.1816e+00 +8.1586e-01 -3.4125e+00 -1.9842e+00 +2.1421e+00
745 +2.563763008e+00 +2.563763008e+00 +5.790376301e+01 +5.790376301e+01 +1.1635e+00 +8.4701e-01 -3.4309e+00 -1.9910e+00 +2.1688e+00
812 +2.190904582e+00 +2.190904582e+00 +5.753090458e+01 +5.753090458e+01 +1.1548e+00 +8.4304e-01 -3.4205e+00 -1.9666e+00 +2.1508e+00
860 +2.160779081e+00 +2.160779081e+00 +5.750077908e+01 +5.750077908e+01 +1.1931e+00 +8.8661e-01 -3.4241e+00 -1.9650e+00 +2.1421e+00
878 +1.808044663e+00 +1.808044663e+00 +5.714804466e+01 +5.714804466e+01 +1.1836e+00 +8.7357e-01 -3.4175e+00 -1.9646e+00 +2.1414e+00
930 +1.701748607e+00 +1.701748607e+00 +5.704174861e+01 +5.704174861e+01 +1.1831e+00 +8.6573e-01 -3.4087e+00 -1.9617e+00 +2.1297e+00
981 +1.655818193e+00 +1.655818193e+00 +5.699581819e+01 +5.699581819e+01 +1.1745e+00 +8.6493e-01 -3.4063e+00 -1.9630e+00 +2.1228e+00
% function evaluation | noise-free fitness - Fopt (-9.033000000000e+01) | best noise-free fitness - Fopt | measured fitness | best measured fitness | x1 | x2...
1 +2.600000000e+01 +2.600000000e+01 -6.433000000e+01 -6.433000000e+01 +0.0000e+00 +0.0000e+00 +0.0000e+00 +0.0000e+00 +0.0000e+00
528 +1.533918620e+01 +1.533918620e+01 -7.499081380e+01 -7.499081380e+01 -9.1034e-01 +1.7124e+00 +8.6184e-01 +4.0142e-01 -1.1041e+00
605 +1.165025628e+01 +1.165025628e+01 -7.867974372e+01 -7.867974372e+01 -8.5662e-01 +1.6798e+00 +8.2941e-01 +2.5498e-01 -9.2905e-01
643 +1.038076074e+01 +1.038076074e+01 -7.994923926e+01 -7.994923926e+01 -8.1558e-01 +1.7432e+00 +8.5368e-01 +2.3324e-01 -9.1512e-01
657 +5.732134713e+00 +5.732134713e+00 -8.459786529e+01 -8.459786529e+01 -8.0690e-01 +1.7803e+00 +8.8682e-01 +3.4042e-01 -1.0514e+00
752 +5.382323215e+00 +5.382323215e+00 -8.494767679e+01 -8.494767679e+01 -8.4733e-01 +1.7934e+00 +8.9228e-01 +3.0846e-01 -9.8602e-01
758 +4.789146071e+00 +4.789146071e+00 -8.554085393e+01 -8.554085393e+01 -8.2265e-01 +1.8109e+00 +9.2182e-01 +3.1871e-01 -1.0118e+00
810 +4.682587890e+00 +4.682587890e+00 -8.564741211e+01 -8.564741211e+01 -8.2354e-01 +1.7936e+00 +8.8942e-01 +3.4856e-01 -1.0085e+00
814 +4.605929762e+00 +4.605929762e+00 -8.572407024e+01 -8.572407024e+01 -8.2357e-01 +1.7889e+00 +9.0602e-01 +3.1700e-01 -1.0113e+00
826 +4.381774650e+00 +4.381774650e+00 -8.594822535e+01 -8.594822535e+01 -8.2977e-01 +1.7959e+00 +8.9946e-01 +3.2113e-01 -1.0239e+00
856 +4.364436150e+00 +4.364436150e+00 -8.596556385e+01 -8.596556385e+01 -8.3756e-01 +1.8035e+00 +9.0037e-01 +3.2604e-01 -1.0352e+00
% function evaluation | noise-free fitness - Fopt (6.561000000000e+01) | best noise-free fitness - Fopt | measured fitness | best measured fitness | x1 | x2...
1 +2.600000000e+01 +2.600000000e+01 +9.161000000e+01 +9.161000000e+01 +0.0000e+00 +0.0000e+00 +0.0000e+00 +0.0000e+00 +0.0000e+00
460 +2.001239963e+01 +2.001239963e+01 +8.562239963e+01 +8.562239963e+01 +4.7182e-01 +2.8922e-01 +9.0717e-01 +3.1423e-01 +1.4002e-01
470 +1.350309416e+01 +1.350309416e+01 +7.911309416e+01 +7.911309416e+01 +5.9782e-01 +2.4257e-01 +7.8755e-01 +4.3912e-01 +1.3710e-01
558 +6.801189604e+00 +6.801189604e+00 +7.241118960e+01 +7.241118960e+01 +4.6185e-01 +2.6135e-01 +7.5430e-01 +5.4986e-01 +4.9127e-02
627 +6.702265594e+00 +6.702265594e+00 +7.231226559e+01 +7.231226559e+01 +3.5955e-01 +2.8404e-01 +8.7042e-01 +4.6490e-01 +1.2903e-02
630 +6.542354097e+00 +6.542354097e+00 +7.215235410e+01 +7.215235410e+01 +3.4037e-01 +2.7186e-01 +7.1381e-01 +4.9892e-01 -7.6225e-02
635 +6.064797182e+00 +6.064797182e+00 +7.167479718e+01 +7.167479718e+01 +1.9250e-01 +1.1487e-01 +8.6112e-01 +4.0625e-01 +7.2408e-02
659 +5.482024890e+00 +5.482024890e+00 +7.109202489e+01 +7.109202489e+01 +6.0369e-01 +1.1177e-01 +7.8008e-01 +5.0552e-01 -9.5259e-02
678 +4.876029769e+00 +4.876029769e+00 +7.048602977e+01 +7.048602977e+01 +3.8140e-01 +1.7098e-01 +7.8982e-01 +4.3826e-01 -7.8878e-02
692 +4.351013080e+00 +4.351013080e+00 +6.996101308e+01 +6.996101308e+01 +2.3843e-01 +1.3721e-01 +8.2397e-01 +3.9733e-01 -8.8985e-02
719 +4.255117325e+00 +4.255117325e+00 +6.986511733e+01 +6.986511733e+01 +3.2521e-01 +1.6508e-01 +7.8624e-01 +4.6504e-01 -5.4329e-02
738 +3.820352144e+00 +3.820352144e+00 +6.943035214e+01 +6.943035214e+01 +2.6019e-01 +1.1202e-01 +8.1027e-01 +5.3268e-01 -8.5784e-02
759 +3.746977723e+00 +3.746977723e+00 +6.935697772e+01 +6.935697772e+01 +2.8612e-01 +1.5796e-01 +8.3225e-01 +5.0553e-01 -7.1919e-02
858 +3.622759549e+00 +3.622759549e+00 +6.923275955e+01 +6.923275955e+01 +2.7883e-01 +1.2680e-01 +8.3280e-01 +4.9175e-01 -6.9392e-02
868 +3.449248773e+00 +3.449248773e+00 +6.905924877e+01 +6.905924877e+01 +2.0954e-01 +1.0260e-01 +8.1889e-01 +4.7834e-01 -6.2260e-02
976 +3.355957919e+00 +3.355957919e+00 +6.896595792e+01 +6.896595792e+01 +1.8408e-01 +5.7682e-02 +8.3520e-01 +4.5442e-01 -4.9112e-02
1133 +3.306085924e+00 +3.306085924e+00 +6.891608592e+01 +6.891608592e+01 +1.6676e-01 +8.0844e-02 +8.2673e-01 +4.5441e-01 -6.0096e-02
1279 +3.223077683e+00 +3.223077683e+00 +6.883307768e+01 +6.883307768e+01 +1.3976e-01 +6.1919e-02 +8.2659e-01 +4.4234e-01 -6.4286e-02
1457 +3.161380351e+00 +3.161380351e+00 +6.877138035e+01 +6.877138035e+01 +1.2725e-01 +4.6527e-02 +8.2967e-01 +4.2621e-01 -6.4409e-02
% function evaluation | noise-free fitness - Fopt (-2.259500000000e+02) | best noise-free fitness - Fopt | measured fitness | best measured fitness | x1 | x2...
1 +2.600000000e+01 +2.600000000e+01 -1.999500000e+02 -1.999500000e+02 +0.0000e+00 +0.0000e+00 +0.0000e+00 +0.0000e+00 +0.0000e+00
627 +1.257631586e+01 +1.257631586e+01 -2.133736841e+02 -2.133736841e+02 +1.8753e-01 -5.1301e-01 +5.1411e-01 -2.9505e-01 -3.6783e-01
678 +1.032901405e+01 +1.032901405e+01 -2.156209860e+02 -2.156209860e+02 +7.3468e-01 -5.1678e-01 +6.0173e-01 -3.4557e-01 -2.8025e-01
716 +9.308272437e+00 +9.308272437e+00 -2.166417276e+02 -2.166417276e+02 +5.9578e-01 -3.5143e-01 +7.2396e-01 -5.6231e-01 -4.2905e-01
717 +4.158776103e+00 +4.158776103e+00 -2.217912239e+02 -2.217912239e+02 +4.2278e-01 -3.3384e-01 +6.4394e-01 -4.6178e-01 -3.6522e-01
822 +4.033952313e+00 +4.033952313e+00 -2.219160477e+02 -2.219160477e+02 +4.9927e-01 -2.3999e-01 +6.0426e-01 -4.1439e-01 -3.6356e-01
839 +3.895164950e+00 +3.895164950e+00 -2.220548350e+02 -2.220548350e+02 +5.5108e-01 -3.1112e-01 +6.3469e-01 -4.1177e-01 -2.9953e-01
880 +3.433693405e+00 +3.433693405e+00 -2.225163066e+02 -2.225163066e+02 +3.1863e-01 -2.9941e-01 +6.4453e-01 -3.8573e-01 -3.4008e-01
919 +3.288505271e+00 +3.288505271e+00 -2.226614947e+02 -2.226614947e+02 +3.5569e-01 -2.6604e-01 +6.0779e-01 -4.0900e-01 -3.3347e-01
1000 +3.201602654e+00 +3.201602654e+00 -2.227483973e+02 -2.227483973e+02 +3.2851e-01 -2.5039e-01 +6.5107e-01 -4.3901e-01 -3.4816e-01
1092 +3.095278489e+00 +3.095278489e+00 -2.228547215e+02 -2.228547215e+02 +2.8055e-01 -2.6199e-01 +6.5140e-01 -4.1931e-01 -3.4322e-01
1113 +3.066747883e+00 +3.066747883e+00 -2.228832521e+02 -2.228832521e+02 +3.0371e-01 -2.6530e-01 +6.3628e-01 -4.2487e-01 -3.3644e-01
1128 +3.008535700e+00 +3.008535700e+00 -2.229414643e+02 -2.229414643e+02 +2.5171e-01 -2.5200e-01 +6.3889e-01 -4.2319e-01 -3.3690e-01
1207 +2.869845811e+00 +2.869845811e+00 -2.230801542e+02 -2.230801542e+02 +2.1237e-01 -2.5410e-01 +6.1456e-01 -4.4487e-01 -3.4126e-01
1270 +2.816050566e+00 +2.816050566e+00 -2.231339494e+02 -2.231339494e+02 +1.8837e-01 -2.5746e-01 +6.0968e-01 -4.3674e-01 -3.4610e-01
1311 +2.742338553e+00 +2.742338553e+00 -2.232076614e+02 -2.232076614e+02 +1.4702e-01 -2.6266e-01 +5.9237e-01 -4.3281e-01 -3.4841e-01
1331 +2.540994714e+00 +2.540994714e+00 -2.234090053e+02 -2.234090053e+02 +1.0149e-01 -2.5181e-01 +5.4655e-01 -4.4907e-01 -3.4881e-01
1373 +2.459434632e+00 +2.459434632e+00 -2.234905654e+02 -2.234905654e+02 +6.2445e-02 -2.6161e-01 +5.2395e-01 -4.2970e-01 -3.5194e-01
1379 +2.436325143e+00 +2.436325143e+00 -2.235136749e+02 -2.235136749e+02 +6.0796e-02 -2.5563e-01 +5.0845e-01 -4.3408e-01 -3.5212e-01
% function evaluation | noise-free fitness - Fopt (1.306000000000e+01) | best noise-free fitness - Fopt | measured fitness | best measured fitness | x1 | x2...
1 +2.600000000e+01 +2.600000000e+01 +3.906000000e+01 +3.906000000e+01 +0.0000e+00 +0.0000e+00 +0.0000e+00 +0.0000e+00 +0.0000e+00
627 +2.257928365e+01 +2.257928365e+01 +3.563928365e+01 +3.563928365e+01 -4.9732e-01 +1.0191e+00 -3.1187e-01 +3.4654e-01 -1.8676e-02
633 +1.837664122e+01 +1.837664122e+01 +3.143664122e+01 +3.143664122e+01 -4.4837e-01 +1.1377e+00 -4.6238e-02 +4.3488e-01 +6.3138e-02
645 +6.283219198e+00 +6.283219198e+00 +1.934321920e+01 +1.934321920e+01 -4.2746e-01 +8.8619e-01 -5.1115e-02 +3.4884e-01 -7.1953e-02
720 +6.114491486e+00 +6.114491486e+00 +1.917449149e+01 +1.917449149e+01 -4.2882e-01 +8.3576e-01 +1.3436e-01 +3.5459e-01 -1.0071e-01
735 +5.214077816e+00 +5.214077816e+00 +1.827407782e+01 +1.827407782e+01 -4.8155e-01 +1.0166e+00 +1.7583e-01 +1.4147e-01 -5.6231e-02
748 +4.038912284e+00 +4.038912284e+00 +1.709891228e+01 +1.709891228e+01 -4.5298e-01 +8.7958e-01 +1.8781e-02 +2.1309e-01 -5.6304e-02
779 +3.599539812e+00 +3.599539812e+00 +1.665953981e+01 +1.665953981e+01 -4.3917e-01 +8.8465e-01 +6.4450e-02 +2.4018e-01 -4.8280e-02
890 +3.538167354e+00 +3.538167354e+00 +1.659816735e+01 +1.659816735e+01 -4.0411e-01 +8.5262e-01 +8.9974e-02 +2.3048e-01 -2.2433e-02
994 +3.462707616e+00 +3.462707616e+00 +1.652270762e+01 +1.652270762e+01 -4.3018e-01 +8.2406e-01 +8.2859e-02 +2.6701e-01 -4.1411e-02
1115 +3.386710192e+00 +3.386710192e+00 +1.644671019e+01 +1.644671019e+01 -4.3729e-01 +8.3211e-01 +7.9777e-02 +2.4452e-01 -3.6212e-02
1226 +3.309589098e+00 +3.309589098e+00 +1.636958910e+01 +1.636958910e+01 -4.4490e-01 +8.0743e-01 +6.7627e-02 +2.6268e-01 -3.2310e-02
1430 +3.223669035e+00 +3.223669035e+00 +1.628366903e+01 +1.628366903e+01 -4.5448e-01 +7.6758e-01 +4.4062e-02 +2.6207e-01 -2.7466e-02
% function evaluation | noise-free fitness - Fopt (-3.270100000000e+02) | best noise-free fitness - Fopt | measured fitness | best measured fitness | x1 | x2...
1 +2.600000000e+01 +2.600000000e+01 -3.010100000e+02 -3.010100000e+02 +0.0000e+00 +0.0000e+00 +0.0000e+00 +0.0000e+00 +0.0000e+00
1082 +2.340641542e+01 +2.340641542e+01 -3.036035846e+02 -3.036035846e+02 +3.7033e-01 -5.1561e-01 -8.1070e-01 -2.6531e-01 +5.8609e-01
1104 +1.245554283e+01 +1.245554283e+01 -3.145544572e+02 -3.145544572e+02 -2.1566e-02 -5.5474e-01 -6.9974e-01 -3.2084e-01 +4.0645e-01
1135 +1.033788944e+01 +1.033788944e+01 -3.166721106e+02 -3.166721106e+02 +2.4753e-01 -5.8210e-01 -6.4852e-01 -3.8192e-01 +6.0027e-01
1208 +8.007264208e+00 +8.007264208e+00 -3.190027358e+02 -3.190027358e+02 +1.1768e-01 -9.0280e-01 -4.4512e-01 -4.4415e-01 +7.6711e-01
1212 +7.618020310e+00 +7.618020310e+00 -3.193919797e+02 -3.193919797e+02 +8.7190e-02 -5.4099e-01 -7.5855e-01 -5.6047e-01 +4.2111e-01
1226 +7.532262670e+00 +7.532262670e+00 -3.194777373e+02 -3.194777373e+02 +7.3034e-02 -4.6114e-01 -6.6988e-01 -4.5711e-01 +5.4004e-01
1233 +6.921727810e+00 +6.921727810e+00 -3.200882722e+02 -3.200882722e+02 +5.4199e-02 -5.5707e-01 -7.2444e-01 -4.8901e-01 +5.2955e-01
1259 +4.533831795e+00 +4.533831795e+00 -3.224761682e+02 -3.224761682e+02 +7.9638e-02 -5.8576e-01 -6.3202e-01 -5.5100e-01 +5.4209e-01
1350 +4.278254571e+00 +4.278254571e+00 -3.227317454e+02 -3.227317454e+02 +5.7729e-02 -5.5423e-01 -5.9599e-01 -5.6577e-01 +4.7361e-01
1353 +4.122586565e+00 +4.122586565e+00 -3.228874134e+02 -3.228874134e+02 +5.1468e-02 -5.6458e-01 -5.8483e-01 -6.0042e-01 +4.9843e-01
1446 +4.056928584e+00 +4.056928584e+00 -3.229530714e+02 -3.229530714e+02 +4.8159e-02 -5.1943e-01 -5.9656e-01 -5.8732e-01 +4.8474e-01
1459 +3.951729530e+00 +3.951729530e+00 -3.230582705e+02 -3.230582705e+02 +3.9659e-02 -4.7625e-01 -5.8099e-01 -6.0085e-01 +4.4989e-01
% function evaluation | noise-free fitness - Fopt (2.100000000000e-01) | best noise-free fitness - Fopt | measured fitness | best measured fitness | x1 | x2...
1 +2.600000000e+01 +2.600000000e+01 +2.621000000e+01 +2.621000000e+01 +0.0000e+00 +0.0000e+00 +0.0000e+00 +0.0000e+00 +0.0000e+00
714 +1.959367162e+01 +1.959367162e+01 +1.980367162e+01 +1.980367162e+01 +6.1320e-01 +2.3694e-01 -1.6885e-02 +1.3185e+00 +4.7394e-01
729 +1.747827164e+01 +1.747827164e+01 +1.768827164e+01 +1.768827164e+01 +2.3248e-01 +1.6828e-01 +2.2946e-01 +1.3818e+00 +4.6128e-01
736 +5.482168674e+00 +5.482168674e+00 +5.692168674e+00 +5.692168674e+00 +4.2311e-01 +2.3208e-01 +1.0094e-01 +1.1315e+00 +1.4083e-01
862 +5.189684896e+00 +5.189684896e+00 +5.399684896e+00 +5.399684896e+00 +3.7094e-01 +1.1595e-01 +1.5281e-01 +1.1922e+00 +3.0511e-01
917 +4.988624491e+00 +4.988624491e+00 +5.198624491e+00 +5.198624491e+00 +4.3450e-01 +2.5030e-02 +1.9533e-01 +1.1812e+00 +3.7446e-01
938 +4.831351692e+00 +4.831351692e+00 +5.041351692e+00 +5.041351692e+00 +4.2829e-01 +1.0592e-01 +1.7144e-01 +1.2093e+00 +3.0555e-01
1025 +4.783070850e+00 +4.783070850e+00 +4.993070850e+00 +4.993070850e+00 +4.5529e-01 +7.2732e-02 +1.7983e-01 +1.2165e+00 +4.3356e-01
1183 +4.648443367e+00 +4.648443367e+00 +4.858443367e+00 +4.858443367e+00 +4.7875e-01 +5.1880e-02 +2.0018e-01 +1.1854e+00 +4.2422e-01
% function evaluation | noise-free fitness - Fopt (-1.000000000000e+03) | best noise-free fitness - Fopt | measured fitness | best measured fitness | x1 | x2...
1 +2.600000000e+01 +2.600000000e+01 -9.740000000e+02 -9.740000000e+02 +0.0000e+00 +0.0000e+00 +0.0000e+00 +0.0000e+00 +0.0000e+00
% function evaluation | noise-free fitness - Fopt (-1.076400000000e+02) | best noise-free fitness - Fopt | measured fitness | best measured fitness | x1 | x2...
1 +2.600000000e+01 +2.600000000e+01 -8.164000000e+01 -8.164000000e+01 +0.0000e+00 +0.0000e+00 +0.0000e+00 +0.0000e+00 +0.0000e+00
934 +1.949111055e+01 +1.949111055e+01 -8.814888945e+01 -8.814888945e+01 +2.8827e-01 +2.2790e-02 -5.1639e-01 +8.1829e-01 -8.8367e-02
945 +1.601014150e+01 +1.601014150e+01 -9.162985850e+01 -9.162985850e+01 +9.8811e-02 -3.8244e-02 -2.9394e-01 +7.3203e-01 +4.1257e-01
965 +1.299491145e+01 +1.299491145e+01 -9.464508855e+01 -9.464508855e+01 +1.8534e-01 -3.6044e-02 +1.9383e-01 +7.8882e-01 -1.6352e-01
999 +9.457869236e+00 +9.457869236e+00 -9.818213076e+01 -9.818213076e+01 +2.4074e-01 +3.3430e-02 -1.5905e-01 +8.7184e-01 -9.9560e-02
1015 +7.928641659e+00 +7.928641659e+00 -9.971135834e+01 -9.971135834e+01 +2.9500e-01 -1.1600e-02 -3.0217e-01 +7.9947e-01 +1.7337e-01
1038 +6.919903348e+00 +6.919903348e+00 -1.007200967e+02 -1.007200967e+02 +2.7155e-01 +4.1757e-02 -3.3786e-01 +8.2651e-01 +1.5004e-01
1063 +6.889566156e+00 +6.889566156e+00 -1.007504338e+02 -1.007504338e+02 +2.9354e-01 +1.5969e-02 -2.6087e-01 +8.2171e-01 +1.3981e-01
1091 +5.865306733e+00 +5.865306733e+00 -1.017746933e+02 -1.017746933e+02 +3.0812e-01 +1.2846e-01 -1.5683e-01 +8.5925e-01 +1.2873e-01
1092 +4.805885591e+00 +4.805885591e+00 -1.028341144e+02 -1.028341144e+02 +2.9279e-01 +7.8862e-02 -1.9295e-01 +7.8952e-01 +2.0940e-01
1120 +4.549940806e+00 +4.549940806e+00 -1.030900592e+02 -1.030900592e+02 +3.0908e-01 +1.4008e-01 -2.1405e-01 +7.7604e-01 +1.8996e-01
1131 +3.825713799e+00 +3.825713799e+00 -1.038142862e+02 -1.038142862e+02 +2.7577e-01 +1.7032e-01 -1.9684e-01 +8.0847e-01 +1.6268e-01
1145 +3.358353919e+00 +3.358353919e+00 -1.042816461e+02 -1.042816461e+02 +1.7482e-01 +1.4090e-01 -5.4988e-02 +8.7676e-01 +1.4274e-01
1152 +3.156853601e+00 +3.156853601e+00 -1.044831464e+02 -1.044831464e+02 +1.6167e-01 +1.4326e-01 -1.5774e-01 +8.7631e-01 +1.3282e-01
1175 +2.986023650e+00 +2.986023650e+00 -1.046539763e+02 -1.046539763e+02 +1.6657e-01 +1.2190e-01 -1.6392e-01 +7.9982e-01 +1.8657e-01
1235 +2.777714671e+00 +2.777714671e+00 -1.048622853e+02 -1.048622853e+02 +1.9170e-01 +1.3893e-01 -1.7361e-01 +8.1244e-01 +1.7042e-01
1253 +2.679308747e+00 +2.679308747e+00 -1.049606913e+02 -1.049606913e+02 +1.8791e-01 +1.5370e-01 -1.8134e-01 +7.8327e-01 +1.5949e-01
1304 +2.605829819e+00 +2.605829819e+00 -1.050341702e+02 -1.050341702e+02 +2.0785e-01 +1.6193e-01 -2.0060e-01 +7.6023e-01 +1.7679e-01
% function evaluation | noise-free fitness - Fopt (-4.480000000000e+01) | best noise-free fitness - Fopt | measured fitness | best measured fitness | x1 | x2...
1 +2.600000000e+01 +2.600000000e+01 -1.880000000e+01 -1.880000000e+01 +0.0000e+00 +0.0000e+00 +0.0000e+00 +0.0000e+00 +0.0000e+00
637 +1.147263093e+01 +1.147263093e+01 -3.332736907e+01 -3.332736907e+01 +1.2918e-01 +5.2423e-01 -1.0016e-01 +5.7983e-02 +3.9204e-01
715 +9.603599974e+00 +9.603599974e+00 -3.519640003e+01 -3.519640003e+01 -2.1334e-01 +3.7486e-01 +2.6317e-01 +9.0954e-02 -2.0709e-02
760 +9.170728245e+00 +9.170728245e+00 -3.562927175e+01 -3.562927175e+01 -1.5700e-01 +2.3323e-01 +2.0113e-01 -2.5115e-02 +4.5555e-02
809 +8.938312160e+00 +8.938312160e+00 -3.586168784e+01 -3.586168784e+01 -1.1587e-01 +3.0184e-01 +1.8711e-01 +2.8103e-02 +2.9903e-02
814 +8.353106770e+00 +8.353106770e+00 -3.644689323e+01 -3.644689323e+01 -1.2201e-01 +3.0176e-01 +1.8926e-01 +4.6097e-03 +2.3182e-02
816 +8.036779003e+00 +8.036779003e+00 -3.676322100e+01 -3.676322100e+01 -2.4679e-01 +4.5825e-01 +2.0171e-01 +7.2894e-02 +1.8063e-01
827 +5.270605228e+00 +5.270605228e+00 -3.952939477e+01 -3.952939477e+01 -1.6842e-01 +3.6299e-01 +2.0424e-01 -7.4002e-04 +7.1034e-02
833 +4.129410869e+00 +4.129410869e+00 -4.067058913e+01 -4.067058913e+01 -2.6529e-01 +3.1198e-01 +1.9134e-01 -4.0527e-02 +1.4835e-02
844 +3.837735189e+00 +3.837735189e+00 -4.096226481e+01 -4.096226481e+01 -2.0986e-01 +3.6056e-01 +1.8949e-01 -4.1284e-02 +5.1119e-02
856 +2.206134229e+00 +2.206134229e+00 -4.259386577e+01 -4.259386577e+01 -2.8269e-01 +3.9609e-01 +1.9769e-01 -1.3543e-01 +8.1018e-02
894 +9.694578711e-01 +9.694578711e-01 -4.383054213e+01 -4.383054213e+01 -2.5541e-01 +4.5671e-01 +1.4825e-01 -1.1367e-01 +2.0737e-01
1090 +9.183921983e-01 +9.183921983e-01 -4.388160780e+01 -4.388160780e+01 -2.8607e-01 +4.5170e-01 +1.8922e-01 -8.1297e-02 +1.6549e-01
1100 +9.058381308e-01 +9.058381308e-01 -4.389416187e+01 -4.389416187e+01 -2.7178e-01 +4.6284e-01 +1.8222e-01 -8.4300e-02 +1.7454e-01
1103 +8.075085269e-01 +8.075085269e-01 -4.399249147e+01 -4.399249147e+01 -2.9002e-01 +4.5625e-01 +1.9561e-01 -1.0119e-01 +1.7230e-01
1236 +7.848315050e-01 +7.848315050e-01 -4.401516849e+01 -4.401516849e+01 -3.0890e-01 +4.5193e-01 +1.9889e-01 -1.0236e-01 +1.5689e-01
1280 +7.703096992e-01 +7.703096992e-01 -4.402969030e+01 -4.402969030e+01 -3.2162e-01 +4.5655e-01 +1.8742e-01 -1.1657e-01 +1.7787e-01
1285 +7.499307509e-01 +7.499307509e-01 -4.405006925e+01 -4.405006925e+01 -3.0272e-01 +4.5680e-01 +1.9239e-01 -1.0318e-01 +1.7117e-01
1352 +7.226562154e-01 +7.226562154e-01 -4.407734378e+01 -4.407734378e+01 -3.0295e-01 +4.6022e-01 +1.8307e-01 -1.0339e-01 +1.7520e-01
% function evaluation | noise-free fitness - Fopt (-1.245500000000e+02) | best noise-free fitness - Fopt | measured fitness | best measured fitness | x1 | x2...
1 +2.600000000e+01 +2.600000000e+01 -9.855000000e+01 -9.855000000e+01 +0.0000e+00 +0.0000e+00 +0.0000e+00 +0.0000e+00 +0.0000e+00
587 +1.594612499e+01 +1.594612499e+01 -1.086038750e+02 -1.086038750e+02 +1.0851e+00 -6.0180e-01 -8.9887e-03 +8.9197e-01 +2.4470e-02
608 +1.120650451e+01 +1.120650451e+01 -1.133434955e+02 -1.133434955e+02 +6.9764e-01 -6.0375e-01 -1.4572e-01 +7.5472e-01 -1.3038e-01
618 +9.914843497e+00 +9.914843497e+00 -1.146351565e+02 -1.146351565e+02 +7.3412e-01 -8.7030e-01 -4.5674e-02 +8.4090e-01 -1.0922e-01
632 +6.180488613e+00 +6.180488613e+00 -1.183695114e+02 -1.183695114e+02 +8.9850e-01 -6.7133e-01 -1.9116e-01 +8.2765e-01 -4.3234e-02
636 +5.834906360e+00 +5.834906360e+00 -1.187150936e+02 -1.187150936e+02 +3.3104e-01 -8.6660e-01 +7.6397e-02 +5.0733e-01 -2.1665e-01
688 +5.258855015e+00 +5.258855015e+00 -1.192911450e+02 -1.192911450e+02 +7.1023e-01 -8.0829e-01 -4.6962e-02 +6.8687e-01 -7.2956e-02
706 +5.048771257e+00 +5.048771257e+00 -1.195012287e+02 -1.195012287e+02 +7.5448e-01 -7.8933e-01 -7.7694e-02 +6.6646e-01 -4.6195e-02
712 +4.817699650e+00 +4.817699650e+00 -1.197323003e+02 -1.197323003e+02 +7.6308e-01 -7.4429e-01 -1.0191e-01 +6.5409e-01 -4.7140e-02
743 +4.760213613e+00 +4.760213613e+00 -1.197897864e+02 -1.197897864e+02 +7.6669e-01 -7.6384e-01 -6.8113e-02 +6.3356e-01 -6.1884e-02
799 +4.593207367e+00 +4.593207367e+00 -1.199567926e+02 -1.199567926e+02 +7.7818e-01 -7.4369e-01 -7.5974e-02 +6.7926e-01 -7.4643e-02
837 +4.568933018e+00 +4.568933018e+00 -1.199810670e+02 -1.199810670e+02 +7.6150e-01 -7.6135e-01 -5.1007e-02 +6.4937e-01 -1.0684e-01
% function evaluation | noise-free fitness - Fopt (-6.322000000000e+01) | best noise-free fitness - Fopt | measured fitness | best measured fitness | x1 | x2...
1 +2.600000000e+01 +2.600000000e+01 -3.722000000e+01 -3.722000000e+01 +0.0000e+00 +0.0000e+00 +0.0000e+00 +0.0000e+00 +0.0000e+00
928 +2.069085495e+01 +2.069085495e+01 -4.252914505e+01 -4.252914505e+01 -3.4849e-01 -4.8437e-01 +1.1197e+00 +1.9651e-01 -5.8270e-02
936 +1.922942565e+01 +1.922942565e+01 -4.399057435e+01 -4.399057435e+01 -1.6160e-01 -4.7374e-01 +1.1435e+00 +7.5704e-02 -1.5889e-01
977 +1.297838018e+01 +1.297838018e+01 -5.024161982e+01 -5.024161982e+01 -2.4475e-01 -1.6171e-01 +9.2577e-01 +9.6564e-02 -2.2717e-01
984 +8.018348309e+00 +8.018348309e+00 -5.520165169e+01 -5.520165169e+01 -4.6759e-01 -3.0515e-01 +5.4184e-01 +8.9280e-02 -1.8903e-01
991 +5.136204918e+00 +5.136204918e+00 -5.808379508e+01 -5.808379508e+01 -2.5463e-01 -3.5079e-01 +8.5445e-01 +1.5475e-01 -3.8238e-01
1031 +4.777835795e+00 +4.777835795e+00 -5.844216420e+01 -5.844216420e+01 -2.8417e-01 -4.8286e-01 +9.0745e-01 +1.5513e-01 -5.0183e-01
1053 +4.445824688e+00 +4.445824688e+00 -5.877417531e+01 -5.877417531e+01 -4.7395e-01 -4.0289e-01 +6.0064e-01 +1.3805e-01 -1.2349e-01
1077 +4.281469260e+00 +4.281469260e+00 -5.893853074e+01 -5.893853074e+01 -2.0994e-01 -4.9017e-01 +8.9330e-01 +1.3714e-01 -4.3311e-01
1078 +4.054711524e+00 +4.054711524e+00 -5.916528848e+01 -5.916528848e+01 -2.8898e-01 -4.6010e-01 +7.7479e-01 +1.3893e-01 -3.4059e-01
1100 +3.903591969e+00 +3.903591969e+00 -5.931640803e+01 -5.931640803e+01 -3.1745e-01 -4.3875e-01 +8.5067e-01 +1.4233e-01 -3.7176e-01
1105 +3.863086391e+00 +3.863086391e+00 -5.935691361e+01 -5.935691361e+01 -2.8456e-01 -4.5728e-01 +8.2084e-01 +1.4218e-01 -3.6415e-01
1152 +3.786108404e+00 +3.786108404e+00 -5.943389160e+01 -5.943389160e+01 -3.1967e-01 -4.5381e-01 +8.2060e-01 +1.4511e-01 -3.5494e-01
1184 +3.695127076e+00 +3.695127076e+00 -5.952487292e+01 -5.952487292e+01 -3.5079e-01 -4.2850e-01 +8.0524e-01 +1.4548e-01 -3.0121e-01
1336 +3.615794921e+00 +3.615794921e+00 -5.960420508e+01 -5.960420508e+01 -3.3722e-01 -4.3832e-01 +7.9494e-01 +1.6047e-01 -2.9273e-01
1381 +3.543406139e+00 +3.543406139e+00 -5.967659386e+01 -5.967659386e+01 -3.4466e-01 -4.4045e-01 +7.7350e-01 +1.6371e-01 -2.5184e-01
1473 +3.449082174e+00 +3.449082174e+00 -5.977091783e+01 -5.977091783e+01 -3.6631e-01 -4.3112e-01 +7.5708e-01 +1.7077e-01 -2.2122e-01
1480 +3.371626306e+00 +3.371626306e+00 -5.984837369e+01 -5.984837369e+01 -3.7763e-01 -4.3856e-01 +7.2876e-01 +1.7376e-01 -1.7614e-01
% function evaluation | noise-free fitness - Fopt (-1.045400000000e+02) | best noise-free fitness - Fopt | measured fitness | best measured fitness | x1 | x2...
1 +2.600000000e+01 +2.600000000e+01 -7.854000000e+01 -7.854000000e+01 +0.0000e+00 +0.0000e+00 +0.0000e+00 +0.0000e+00 +0.0000e+00
658 +1.011613618e+01 +1.011613618e+01 -9.442386382e+01 -9.442386382e+01 -3.3149e-01 +8.8034e-01 -1.8469e+00 -2.0743e-01 -1.7092e+00
834 +9.763161547e+00 +9.763161547e+00 -9.477683845e+01 -9.477683845e+01 -2.3112e-01 +9.1741e-01 -2.0382e+00 -1.8325e-01 -1.6423e+00
883 +8.511959438e+00 +8.511959438e+00 -9.602804056e+01 -9.602804056e+01 -2.2866e-01 +9.5188e-01 -2.0626e+00 -1.5074e-01 -1.6620e+00
916 +7.726351767e+00 +7.726351767e+00 -9.681364823e+01 -9.681364823e+01 -2.2036e-01 +9.8026e-01 -2.1424e+00 -1.6333e-01 -1.6719e+00
938 +6.661381784e+00 +6.661381784e+00 -9.787861822e+01 -9.787861822e+01 -2.4496e-01 +9.6239e-01 -2.0894e+00 -1.6664e-01 -1.6608e+00
1010 +6.338349713e+00 +6.338349713e+00 -9.820165029e+01 -9.820165029e+01 -2.4128e-01 +9.6690e-01 -2.1510e+00 -1.4843e-01 -1.7167e+00
1036 +5.962638521e+00 +5.962638521e+00 -9.857736148e+01 -9.857736148e+01 -2.3318e-01 +9.9768e-01 -2.1550e+00 -1.3134e-01 -1.7017e+00
1062 +5.649950831e+00 +5.649950831e+00 -9.889004917e+01 -9.889004917e+01 -2.4098e-01 +9.9060e-01 -2.1530e+00 -1.3829e-01 -1.6813e+00
1083 +5.522245562e+00 +5.522245562e+00 -9.901775444e+01 -9.901775444e+01 -2.3864e-01 +1.0147e+00 -2.1748e+00 -1.4462e-01 -1.7013e+00
1118 +5.473284857e+00 +5.473284857e+00 -9.906671514e+01 -9.906671514e+01 -2.4497e-01 +9.9739e-01 -2.1624e+00 -1.1992e-01 -1.7067e+00
1119 +5.162455514e+00 +5.162455514e+00 -9.937754449e+01 -9.937754449e+01 -2.7011e-01 +1.0024e+00 -2.1574e+00 -1.4629e-01 -1.6999e+00
1129 +5.008700428e+00 +5.008700428e+00 -9.953129957e+01 -9.953129957e+01 -2.5048e-01 +9.9393e-01 -2.1822e+00 -1.4144e-01 -1.7144e+00
1186 +4.896328612e+00 +4.896328612e+00 -9.964367139e+01 -9.964367139e+01 -2.5626e-01 +1.0118e+00 -2.1902e+00 -1.3308e-01 -1.7070e+00
1218 +4.777955703e+00 +4.777955703e+00 -9.976204430e+01 -9.976204430e+01 -2.5640e-01 +1.0023e+00 -2.1901e+00 -1.3217e-01 -1.7115e+00
