% function evaluation | noise-free fitness - Fopt (6.870000000000e+000) | best noise-free fitness - Fopt | measured fitness | best measured fitness | x1 | x2...
1 +6.716939245e+000 +6.716939245e+000 +1.358693924e+001 +1.358693924e+001 +0.0000e+000 +0.0000e+000 +0.0000e+000 +0.0000e+000 +0.0000e+000
2 +3.701137088e+000 +3.701137088e+000 +1.057113709e+001 +1.057113709e+001 -6.0876e-001 +6.1061e-001 -4.0295e+000 -8.0328e-001 +2.5879e+000
3 +2.427076239e+000 +2.427076239e+000 +9.297076239e+000 +9.297076239e+000 -6.1040e-001 +6.0864e-001 -4.0328e+000 -7.9925e-001 +2.5868e+000
26 +1.940829576e+000 +1.940829576e+000 +8.810829576e+000 +8.810829576e+000 -6.0928e-001 +6.1448e-001 -4.0089e+000 -8.0102e-001 +2.5960e+000
136 +1.895521069e+000 +1.895521069e+000 +8.765521069e+000 +8.765521069e+000 -6.0965e-001 +6.1235e-001 -4.0232e+000 -7.9937e-001 +2.5899e+000
193 +1.790877418e+000 +1.790877418e+000 +8.660877418e+000 +8.660877418e+000 -6.0967e-001 +6.1080e-001 -4.0314e+000 -8.0001e-001 +2.5913e+000
351 +1.730658721e+000 +1.730658721e+000 +8.600658721e+000 +8.600658721e+000 -6.1048e-001 +6.1123e-001 -4.0376e+000 -7.9954e-001 +2.5883e+000
383 +1.585244072e+000 +1.585244072e+000 +8.455244072e+000 +8.455244072e+000 -6.0984e-001 +6.0861e-001 -4.0379e+000 -7.9901e-001 +2.5897e+000
414 +1.556757643e+000 +1.556757643e+000 +8.426757643e+000 +8.426757643e+000 -6.0980e-001 +6.0974e-001 -4.0331e+000 -7.9964e-001 +2.5896e+000
479 +1.539804868e+000 +1.539804868e+000 +8.409804868e+000 +8.409804868e+000 -6.1117e-001 +6.0976e-001 -4.0371e+000 -7.9974e-001 +2.5939e+000
486 +1.458676369e+000 +1.458676369e+000 +8.328676369e+000 +8.328676369e+000 -6.0957e-001 +6.0934e-001 -4.0364e+000 -8.0026e-001 +2.5901e+000
667 +1.438859353e+000 +1.438859353e+000 +8.308859353e+000 +8.308859353e+000 -6.1102e-001 +6.0927e-001 -4.0375e+000 -7.9937e-001 +2.5912e+000
703 +1.404515110e+000 +1.404515110e+000 +8.274515110e+000 +8.274515110e+000 -6.1110e-001 +6.0924e-001 -4.0374e+000 -7.9951e-001 +2.5913e+000
778 +1.301494575e+000 +1.301494575e+000 +8.171494575e+000 +8.171494575e+000 -6.1110e-001 +6.0846e-001 -4.0384e+000 -7.9957e-001 +2.5913e+000
845 +1.244917443e+000 +1.244917443e+000 +8.114917443e+000 +8.114917443e+000 -6.1108e-001 +6.0880e-001 -4.0386e+000 -7.9963e-001 +2.5914e+000
1032 +1.223533280e+000 +1.223533280e+000 +8.093533280e+000 +8.093533280e+000 -6.1128e-001 +6.0873e-001 -4.0386e+000 -7.9958e-001 +2.5917e+000
1312 +1.195742707e+000 +1.195742707e+000 +8.065742707e+000 +8.065742707e+000 -6.1118e-001 +6.0858e-001 -4.0387e+000 -7.9964e-001 +2.5917e+000
1750 +1.170895629e+000 +1.170895629e+000 +8.040895629e+000 +8.040895629e+000 -6.1126e-001 +6.0848e-001 -4.0389e+000 -7.9954e-001 +2.5916e+000
% function evaluation | noise-free fitness - Fopt (1.000000000000e-002) | best noise-free fitness - Fopt | measured fitness | best measured fitness | x1 | x2...
1 +2.029754545e+001 +2.029754545e+001 +2.030754545e+001 +2.030754545e+001 +0.0000e+000 +0.0000e+000 +0.0000e+000 +0.0000e+000 +0.0000e+000
2 +1.441814492e+001 +1.441814492e+001 +1.442814492e+001 +1.442814492e+001 -5.4731e-001 -3.5575e+000 +3.0270e+000 -3.9822e+000 +3.6841e+000
7 +1.406056414e+001 +1.406056414e+001 +1.407056414e+001 +1.407056414e+001 -5.4326e-001 -3.5512e+000 +3.0271e+000 -3.9801e+000 +3.6786e+000
10 +1.311667112e+001 +1.311667112e+001 +1.312667112e+001 +1.312667112e+001 -5.4366e-001 -3.5512e+000 +3.0269e+000 -3.9827e+000 +3.6710e+000
11 +1.211955717e+001 +1.211955717e+001 +1.212955717e+001 +1.212955717e+001 -5.4679e-001 -3.5574e+000 +3.0259e+000 -3.9828e+000 +3.6748e+000
12 +4.135883754e+000 +4.135883754e+000 +4.145883754e+000 +4.145883754e+000 -5.4790e-001 -3.5621e+000 +3.0270e+000 -3.9742e+000 +3.6449e+000
159 +3.878243769e+000 +3.878243769e+000 +3.888243769e+000 +3.888243769e+000 -5.3295e-001 -3.6251e+000 +3.0267e+000 -3.9862e+000 +3.5891e+000
164 +3.495074779e+000 +3.495074779e+000 +3.505074779e+000 +3.505074779e+000 -5.2630e-001 -3.5960e+000 +3.0265e+000 -3.9857e+000 +3.6272e+000
198 +3.300179705e+000 +3.300179705e+000 +3.310179705e+000 +3.310179705e+000 -5.2795e-001 -3.6090e+000 +3.0269e+000 -3.9772e+000 +3.6189e+000
206 +2.677012354e+000 +2.677012354e+000 +2.687012354e+000 +2.687012354e+000 -5.2295e-001 -3.6288e+000 +3.0263e+000 -3.9762e+000 +3.6130e+000
283 +1.152166704e+000 +1.152166704e+000 +1.162166704e+000 +1.162166704e+000 -5.2461e-001 -3.6510e+000 +3.0270e+000 -3.9732e+000 +3.6074e+000
% function evaluation | noise-free fitness - Fopt (-1.306100000000e+002) | best noise-free fitness - Fopt | measured fitness | best measured fitness | x1 | x2...
1 +1.559460382e+001 +1.559460382e+001 -1.150153962e+002 -1.150153962e+002 +0.0000e+000 +0.0000e+000 +0.0000e+000 +0.0000e+000 +0.0000e+000
2 +8.721533448e+000 +8.721533448e+000 -1.218884666e+002 -1.218884666e+002 -2.0809e+000 +3.9089e+000 +4.1991e+000 +2.0425e-001 +1.7126e-001
15 +6.486942165e+000 +6.486942165e+000 -1.241230578e+002 -1.241230578e+002 -2.0619e+000 +3.9892e+000 +4.2738e+000 +2.0453e-001 +8.6336e-002
190 +5.891903607e+000 +5.891903607e+000 -1.247180964e+002 -1.247180964e+002 -2.2064e+000 +3.8456e+000 +4.1241e+000 +2.0245e-001 +1.9186e-001
194 +5.598405957e+000 +5.598405957e+000 -1.250115940e+002 -1.250115940e+002 -2.0701e+000 +4.0155e+000 +4.3675e+000 +2.1062e-001 +1.0123e+000
258 +5.339073284e+000 +5.339073284e+000 -1.252709267e+002 -1.252709267e+002 -1.7162e+000 +3.6974e+000 +4.1070e+000 +1.4435e-001 +4.1559e-001
267 +5.133780790e+000 +5.133780790e+000 -1.254762192e+002 -1.254762192e+002 -1.9252e+000 +3.3664e+000 +3.0614e+000 +1.9983e-001 +4.7450e+000
269 +3.556512434e+000 +3.556512434e+000 -1.270534876e+002 -1.270534876e+002 -1.6780e+000 +3.7923e+000 +4.1090e+000 +2.2791e-001 -8.7482e-002
308 +2.602471085e+000 +2.602471085e+000 -1.280075289e+002 -1.280075289e+002 -1.5750e+000 +4.1018e+000 +4.1812e+000 +1.6346e-001 +3.7847e-001
419 +2.388637952e+000 +2.388637952e+000 -1.282213620e+002 -1.282213620e+002 -2.1707e+000 +4.5928e+000 +4.0462e+000 +1.4232e-001 +2.2292e-001
690 +2.316990475e+000 +2.316990475e+000 -1.282930095e+002 -1.282930095e+002 -5.1484e+000 +1.8526e+000 +3.4526e+000 -1.3197e+000 +4.1037e-001
1420 +1.724892197e+000 +1.724892197e+000 -1.288851078e+002 -1.288851078e+002 +3.6177e+000 +6.7078e-001 +2.4386e-001 -9.5090e-001 +3.7357e+000
4519 +1.200103897e+000 +1.200103897e+000 -1.294098961e+002 -1.294098961e+002 -3.2157e+000 -2.4553e+000 -5.7029e-001 +1.5148e+000 -4.4956e+000
4648 +9.726231305e-001 +9.726231305e-001 -1.296373769e+002 -1.296373769e+002 -4.5744e+000 -9.1909e-001 +4.1175e+000 +2.0348e+000 +4.9647e+000
% function evaluation | noise-free fitness - Fopt (-2.231200000000e+002) | best noise-free fitness - Fopt | measured fitness | best measured fitness | x1 | x2...
1 +1.062283393e+001 +1.062283393e+001 -2.124971661e+002 -2.124971661e+002 +0.0000e+000 +0.0000e+000 +0.0000e+000 +0.0000e+000 +0.0000e+000
6 +9.618537989e+000 +9.618537989e+000 -2.135014620e+002 -2.135014620e+002 +4.7738e+000 +1.3241e+000 +2.1327e+000 -4.1910e+000 -4.9214e+000
39 +7.604127675e+000 +7.604127675e+000 -2.155158723e+002 -2.155158723e+002 +4.7792e+000 +1.3229e+000 +2.1333e+000 -4.1777e+000 -4.9335e+000
63 +4.887189043e+000 +4.887189043e+000 -2.182328110e+002 -2.182328110e+002 +4.7882e+000 +1.3192e+000 +2.1532e+000 -4.1754e+000 -4.8704e+000
76 +3.340768650e+000 +3.340768650e+000 -2.197792313e+002 -2.197792313e+002 +4.8156e+000 +1.3053e+000 +2.1375e+000 -4.1717e+000 -4.9581e+000
274 +3.304496435e+000 +3.304496435e+000 -2.198155036e+002 -2.198155036e+002 +4.6320e+000 +1.2852e+000 +2.4558e+000 -4.2853e+000 -5.0889e+000
655 +3.155926867e+000 +3.155926867e+000 -2.199640731e+002 -2.199640731e+002 -3.3009e+000 -2.1140e+000 +2.2622e-001 +7.1971e-001 -2.0763e+000
686 +2.912787017e+000 +2.912787017e+000 -2.202072130e+002 -2.202072130e+002 +8.7945e-001 -5.9943e-001 +9.4353e-001 +1.8761e+000 -4.6147e+000
1511 +1.171896780e+000 +1.171896780e+000 -2.219481032e+002 -2.219481032e+002 +7.4123e-001 -5.7107e-003 -8.8779e-003 -2.9949e+000 +1.2066e+000
10542 +1.108464009e+000 +1.108464009e+000 -2.220115360e+002 -2.220115360e+002 +1.0120e+000 +2.6395e+000 -2.0184e+000 -5.0776e+000 +1.5203e+000
23380 +6.695745279e-001 +6.695745279e-001 -2.224504255e+002 -2.224504255e+002 +2.9908e+000 +2.5768e+000 +1.8857e-001 +2.0170e+000 -1.0472e+000
% function evaluation | noise-free fitness - Fopt (-4.443000000000e+001) | best noise-free fitness - Fopt | measured fitness | best measured fitness | x1 | x2...
1 +2.215004470e+001 +2.215004470e+001 -2.227995530e+001 -2.227995530e+001 +0.0000e+000 +0.0000e+000 +0.0000e+000 +0.0000e+000 +0.0000e+000
3 +1.780806947e+001 +1.780806947e+001 -2.662193053e+001 -2.662193053e+001 -4.9315e+000 +1.2039e+000 -2.5743e+000 -1.0386e+000 +4.5431e+000
4 +7.288757094e+000 +7.288757094e+000 -3.714124291e+001 -3.714124291e+001 -4.9307e+000 +1.2190e+000 -2.5735e+000 -1.0444e+000 +4.5452e+000
5 +5.129533415e+000 +5.129533415e+000 -3.930046659e+001 -3.930046659e+001 -4.9318e+000 +1.2196e+000 -2.5631e+000 -1.0483e+000 +4.5382e+000
7 +4.421424984e+000 +4.421424984e+000 -4.000857502e+001 -4.000857502e+001 -4.9315e+000 +1.2278e+000 -2.5757e+000 -1.0512e+000 +4.5413e+000
36 +4.252018870e+000 +4.252018870e+000 -4.017798113e+001 -4.017798113e+001 -4.9314e+000 +1.2172e+000 -2.5521e+000 -1.0461e+000 +4.5403e+000
72 +4.101275478e+000 +4.101275478e+000 -4.032872452e+001 -4.032872452e+001 -4.9286e+000 +1.2279e+000 -2.5627e+000 -1.0504e+000 +4.5412e+000
115 +3.277815936e+000 +3.277815936e+000 -4.115218406e+001 -4.115218406e+001 -4.9303e+000 +1.2288e+000 -2.5528e+000 -1.0449e+000 +4.5309e+000
180 +2.694115436e+000 +2.694115436e+000 -4.173588456e+001 -4.173588456e+001 -4.9330e+000 +1.2251e+000 -2.5576e+000 -1.0419e+000 +4.5309e+000
184 +2.524170958e+000 +2.524170958e+000 -4.190582904e+001 -4.190582904e+001 -4.9345e+000 +1.2233e+000 -2.5558e+000 -1.0425e+000 +4.5284e+000
227 +2.357407740e+000 +2.357407740e+000 -4.207259226e+001 -4.207259226e+001 -4.9349e+000 +1.2237e+000 -2.5503e+000 -1.0413e+000 +4.5251e+000
307 +2.181576285e+000 +2.181576285e+000 -4.224842372e+001 -4.224842372e+001 -4.9348e+000 +1.2278e+000 -2.5551e+000 -1.0404e+000 +4.5229e+000
365 +1.947290140e+000 +1.947290140e+000 -4.248270986e+001 -4.248270986e+001 -4.9333e+000 +1.2254e+000 -2.5524e+000 -1.0408e+000 +4.5256e+000
368 +1.656518352e+000 +1.656518352e+000 -4.277348165e+001 -4.277348165e+001 -4.9335e+000 +1.2266e+000 -2.5539e+000 -1.0405e+000 +4.5243e+000
453 +1.490803774e+000 +1.490803774e+000 -4.293919623e+001 -4.293919623e+001 -4.9350e+000 +1.2242e+000 -2.5457e+000 -1.0393e+000 +4.5207e+000
508 +1.318615560e+000 +1.318615560e+000 -4.311138444e+001 -4.311138444e+001 -4.9353e+000 +1.2264e+000 -2.5483e+000 -1.0394e+000 +4.5185e+000
514 +1.279130442e+000 +1.279130442e+000 -4.315086956e+001 -4.315086956e+001 -4.9351e+000 +1.2274e+000 -2.5490e+000 -1.0392e+000 +4.5172e+000
549 +1.156268629e+000 +1.156268629e+000 -4.327373137e+001 -4.327373137e+001 -4.9355e+000 +1.2282e+000 -2.5489e+000 -1.0392e+000 +4.5152e+000
556 +1.146644412e+000 +1.146644412e+000 -4.328335559e+001 -4.328335559e+001 -4.9353e+000 +1.2268e+000 -2.5476e+000 -1.0392e+000 +4.5172e+000
593 +1.086276431e+000 +1.086276431e+000 -4.334372357e+001 -4.334372357e+001 -4.9354e+000 +1.2278e+000 -2.5474e+000 -1.0391e+000 +4.5160e+000
612 +8.976235399e-001 +8.976235399e-001 -4.353237646e+001 -4.353237646e+001 -4.9355e+000 +1.2276e+000 -2.5484e+000 -1.0385e+000 +4.5160e+000
815 +8.843276660e-001 +8.843276660e-001 -4.354567233e+001 -4.354567233e+001 -4.9348e+000 +1.2277e+000 -2.5483e+000 -1.0379e+000 +4.5164e+000
823 +8.600287445e-001 +8.600287445e-001 -4.356997126e+001 -4.356997126e+001 -4.9349e+000 +1.2277e+000 -2.5482e+000 -1.0379e+000 +4.5162e+000
858 +8.463295724e-001 +8.463295724e-001 -4.358367043e+001 -4.358367043e+001 -4.9352e+000 +1.2265e+000 -2.5483e+000 -1.0371e+000 +4.5168e+000
921 +8.316963642e-001 +8.316963642e-001 -4.359830364e+001 -4.359830364e+001 -4.9349e+000 +1.2279e+000 -2.5481e+000 -1.0375e+000 +4.5156e+000
935 +8.039078974e-001 +8.039078974e-001 -4.362609210e+001 -4.362609210e+001 -4.9351e+000 +1.2276e+000 -2.5484e+000 -1.0375e+000 +4.5157e+000
1006 +7.842274343e-001 +7.842274343e-001 -4.364577257e+001 -4.364577257e+001 -4.9351e+000 +1.2284e+000 -2.5489e+000 -1.0376e+000 +4.5150e+000
1071 +7.670497789e-001 +7.670497789e-001 -4.366295022e+001 -4.366295022e+001 -4.9353e+000 +1.2279e+000 -2.5488e+000 -1.0376e+000 +4.5153e+000
1112 +7.430671314e-001 +7.430671314e-001 -4.368693287e+001 -4.368693287e+001 -4.9354e+000 +1.2280e+000 -2.5491e+000 -1.0376e+000 +4.5151e+000
1202 +7.317919795e-001 +7.317919795e-001 -4.369820802e+001 -4.369820802e+001 -4.9350e+000 +1.2284e+000 -2.5488e+000 -1.0377e+000 +4.5153e+000
1544 +7.200989176e-001 +7.200989176e-001 -4.370990108e+001 -4.370990108e+001 -4.9350e+000 +1.2285e+000 -2.5489e+000 -1.0377e+000 +4.5152e+000
1879 +7.078586044e-001 +7.078586044e-001 -4.372214140e+001 -4.372214140e+001 -4.9351e+000 +1.2285e+000 -2.5489e+000 -1.0377e+000 +4.5152e+000
% function evaluation | noise-free fitness - Fopt (-3.845400000000e+002) | best noise-free fitness - Fopt | measured fitness | best measured fitness | x1 | x2...
1 +2.864713299e+001 +2.864713299e+001 -3.558928670e+002 -3.558928670e+002 +0.0000e+000 +0.0000e+000 +0.0000e+000 +0.0000e+000 +0.0000e+000
2 +1.871750980e+001 +1.871750980e+001 -3.658224902e+002 -3.658224902e+002 -1.7619e+000 +3.9116e+000 +3.7850e+000 -3.2335e+000 +3.3784e+000
3 +1.412404539e+001 +1.412404539e+001 -3.704159546e+002 -3.704159546e+002 -1.7658e+000 +3.9172e+000 +3.7883e+000 -3.2379e+000 +3.3870e+000
5 +7.191607554e+000 +7.191607554e+000 -3.773483924e+002 -3.773483924e+002 -1.7674e+000 +3.9280e+000 +3.8086e+000 -3.2282e+000 +3.3919e+000
6 +4.924981964e+000 +4.924981964e+000 -3.796150180e+002 -3.796150180e+002 -1.7670e+000 +3.9123e+000 +3.8783e+000 -3.2315e+000 +3.3746e+000
29 +2.182264824e+000 +2.182264824e+000 -3.823577352e+002 -3.823577352e+002 -1.7686e+000 +3.9309e+000 +3.7793e+000 -3.2250e+000 +3.3979e+000
73 +2.002337257e+000 +2.002337257e+000 -3.825376627e+002 -3.825376627e+002 -1.7598e+000 +3.9391e+000 +3.8173e+000 -3.2737e+000 +3.3777e+000
216 +1.739164813e+000 +1.739164813e+000 -3.828008352e+002 -3.828008352e+002 -1.7688e+000 +3.9378e+000 +3.7834e+000 -3.2371e+000 +3.3794e+000
298 +1.702036191e+000 +1.702036191e+000 -3.828379638e+002 -3.828379638e+002 -1.7724e+000 +3.9292e+000 +3.7955e+000 -3.2332e+000 +3.3887e+000
301 +1.566787901e+000 +1.566787901e+000 -3.829732121e+002 -3.829732121e+002 -1.7691e+000 +3.9390e+000 +3.7732e+000 -3.2286e+000 +3.3779e+000
351 +1.117260571e+000 +1.117260571e+000 -3.834227394e+002 -3.834227394e+002 -1.7681e+000 +3.9306e+000 +3.7870e+000 -3.2253e+000 +3.3914e+000
354 +8.256788507e-001 +8.256788507e-001 -3.837143211e+002 -3.837143211e+002 -1.7687e+000 +3.9295e+000 +3.7834e+000 -3.2213e+000 +3.3877e+000
438 +8.028908704e-001 +8.028908704e-001 -3.837371091e+002 -3.837371091e+002 -1.7679e+000 +3.9313e+000 +3.7796e+000 -3.2177e+000 +3.3918e+000
482 +7.020565406e-001 +7.020565406e-001 -3.838379435e+002 -3.838379435e+002 -1.7692e+000 +3.9308e+000 +3.7803e+000 -3.2215e+000 +3.3846e+000
500 +6.690937118e-001 +6.690937118e-001 -3.838709063e+002 -3.838709063e+002 -1.7675e+000 +3.9307e+000 +3.7814e+000 -3.2205e+000 +3.3867e+000
533 +6.407955500e-001 +6.407955500e-001 -3.838992045e+002 -3.838992045e+002 -1.7680e+000 +3.9308e+000 +3.7820e+000 -3.2217e+000 +3.3860e+000
561 +6.140400113e-001 +6.140400113e-001 -3.839259600e+002 -3.839259600e+002 -1.7666e+000 +3.9309e+000 +3.7787e+000 -3.2191e+000 +3.3906e+000
598 +5.571757658e-001 +5.571757658e-001 -3.839828242e+002 -3.839828242e+002 -1.7677e+000 +3.9305e+000 +3.7814e+000 -3.2211e+000 +3.3872e+000
632 +5.069289691e-001 +5.069289691e-001 -3.840330710e+002 -3.840330710e+002 -1.7680e+000 +3.9306e+000 +3.7811e+000 -3.2210e+000 +3.3873e+000
721 +4.920195470e-001 +4.920195470e-001 -3.840479805e+002 -3.840479805e+002 -1.7682e+000 +3.9305e+000 +3.7808e+000 -3.2207e+000 +3.3873e+000
809 +4.870581647e-001 +4.870581647e-001 -3.840529418e+002 -3.840529418e+002 -1.7678e+000 +3.9306e+000 +3.7811e+000 -3.2206e+000 +3.3874e+000
824 +4.785704085e-001 +4.785704085e-001 -3.840614296e+002 -3.840614296e+002 -1.7678e+000 +3.9306e+000 +3.7808e+000 -3.2202e+000 +3.3875e+000
832 +4.630201410e-001 +4.630201410e-001 -3.840769799e+002 -3.840769799e+002 -1.7679e+000 +3.9304e+000 +3.7809e+000 -3.2206e+000 +3.3876e+000
956 +4.553066694e-001 +4.553066694e-001 -3.840846933e+002 -3.840846933e+002 -1.7678e+000 +3.9305e+000 +3.7808e+000 -3.2204e+000 +3.3878e+000
979 +4.463134429e-001 +4.463134429e-001 -3.840936866e+002 -3.840936866e+002 -1.7678e+000 +3.9305e+000 +3.7808e+000 -3.2204e+000 +3.3879e+000
1024 +4.362232470e-001 +4.362232470e-001 -3.841037768e+002 -3.841037768e+002 -1.7679e+000 +3.9305e+000 +3.7809e+000 -3.2204e+000 +3.3878e+000
% function evaluation | noise-free fitness - Fopt (-6.071200000000e+002) | best noise-free fitness - Fopt | measured fitness | best measured fitness | x1 | x2...
1 +1.633168385e+001 +1.633168385e+001 -5.907883162e+002 -5.907883162e+002 +0.0000e+000 +0.0000e+000 +0.0000e+000 +0.0000e+000 +0.0000e+000
7 +1.148260593e+001 +1.148260593e+001 -5.956373941e+002 -5.956373941e+002 +1.1635e-001 -2.8764e+000 -3.7500e+000 -2.4155e+000 -8.5980e-001
22 +7.467391160e+000 +7.467391160e+000 -5.996526088e+002 -5.996526088e+002 +1.4834e-001 -2.8592e+000 -3.7629e+000 -2.4534e+000 -8.6308e-001
47 +3.232544797e+000 +3.232544797e+000 -6.038874552e+002 -6.038874552e+002 +1.8104e-001 -2.8608e+000 -3.7418e+000 -2.4684e+000 -8.6326e-001
64 +2.612548289e+000 +2.612548289e+000 -6.045074517e+002 -6.045074517e+002 +1.2705e-001 -2.8921e+000 -3.7701e+000 -2.4574e+000 -8.6621e-001
72 +1.125127581e+000 +1.125127581e+000 -6.059948724e+002 -6.059948724e+002 +1.4003e-001 -2.8750e+000 -3.6635e+000 -2.3762e+000 -8.7395e-001
2602 +8.470389466e-001 +8.470389466e-001 -6.062729611e+002 -6.062729611e+002 -1.9918e+000 -2.6964e-001 +2.5262e-001 -6.8488e-001 -1.3904e+000
% function evaluation | noise-free fitness - Fopt (-2.955000000000e+001) | best noise-free fitness - Fopt | measured fitness | best measured fitness | x1 | x2...
1 +3.871046756e+001 +3.871046756e+001 +9.160467555e+000 +9.160467555e+000 +0.0000e+000 +0.0000e+000 +0.0000e+000 +0.0000e+000 +0.0000e+000
2 +3.710454116e+001 +3.710454116e+001 +7.554541157e+000 +7.554541157e+000 +4.6585e+000 -4.6426e+000 +3.1871e+000 +3.4373e+000 +1.9545e+000
3 +2.621270185e+001 +2.621270185e+001 -3.337298149e+000 -3.337298149e+000 +4.6577e+000 -4.6452e+000 +3.2246e+000 +3.4368e+000 +1.9695e+000
5 +2.241021107e+001 +2.241021107e+001 -7.139788931e+000 -7.139788931e+000 +4.6506e+000 -4.6456e+000 +3.2507e+000 +3.4331e+000 +1.9613e+000
8 +2.198746510e+001 +2.198746510e+001 -7.562534900e+000 -7.562534900e+000 +4.6397e+000 -4.6386e+000 +3.1867e+000 +3.4328e+000 +1.9908e+000
13 +1.559047735e+001 +1.559047735e+001 -1.395952265e+001 -1.395952265e+001 +4.6583e+000 -4.6159e+000 +3.2252e+000 +3.4357e+000 +1.9632e+000
14 +1.179908685e+001 +1.179908685e+001 -1.775091315e+001 -1.775091315e+001 +4.6368e+000 -4.6467e+000 +3.2182e+000 +3.4392e+000 +1.9654e+000
51 +7.769382680e+000 +7.769382680e+000 -2.178061732e+001 -2.178061732e+001 +4.6712e+000 -4.6364e+000 +3.3470e+000 +3.4334e+000 +1.9657e+000
66 +5.302320239e+000 +5.302320239e+000 -2.424767976e+001 -2.424767976e+001 +4.6303e+000 -4.6316e+000 +3.2294e+000 +3.4274e+000 +1.9459e+000
92 +4.256183205e+000 +4.256183205e+000 -2.529381679e+001 -2.529381679e+001 +4.6669e+000 -4.6292e+000 +3.3305e+000 +3.4366e+000 +1.9512e+000
192 +4.002150679e+000 +4.002150679e+000 -2.554784932e+001 -2.554784932e+001 +4.6189e+000 -4.6069e+000 +3.1711e+000 +3.4301e+000 +2.0802e+000
671 +3.365332757e+000 +3.365332757e+000 -2.618466724e+001 -2.618466724e+001 +2.9350e+000 -4.2694e+000 +3.3651e+000 +1.3015e+000 -4.5702e+000
1066 +3.029804555e+000 +3.029804555e+000 -2.652019544e+001 -2.652019544e+001 +3.0011e+000 -1.8892e+000 +1.2763e+000 +8.4548e-001 -2.3281e+000
1126 +2.306783093e+000 +2.306783093e+000 -2.724321691e+001 -2.724321691e+001 +2.3221e+000 +6.2923e-001 +1.2397e-001 -9.3569e-001 +1.5762e+000
1587 +2.226479236e+000 +2.226479236e+000 -2.732352076e+001 -2.732352076e+001 -2.5501e+000 -2.4200e+000 +2.9487e+000 +1.9344e+000 -1.9951e+000
12257 +1.708111932e+000 +1.708111932e+000 -2.784188807e+001 -2.784188807e+001 +2.9396e+000 -1.9063e+000 -4.6039e-001 +9.3423e-001 +2.3468e+000
14448 +1.202992217e+000 +1.202992217e+000 -2.834700778e+001 -2.834700778e+001 +6.5739e-001 +4.2052e+000 +2.4163e-001 -7.8081e-002 -1.4174e+000
% function evaluation | noise-free fitness - Fopt (1.000000000000e+003) | best noise-free fitness - Fopt | measured fitness | best measured fitness | x1 | x2...
1 +1.357521642e+001 +1.357521642e+001 +1.013575216e+003 +1.013575216e+003 +0.0000e+000 +0.0000e+000 +0.0000e+000 +0.0000e+000 +0.0000e+000
2 +1.075963823e+001 +1.075963823e+001 +1.010759638e+003 +1.010759638e+003 -1.1127e+000 +3.6522e+000 -1.9794e+000 -2.1368e+000 +1.4450e+000
10 +6.128757656e+000 +6.128757656e+000 +1.006128758e+003 +1.006128758e+003 -1.1103e+000 +3.6440e+000 -1.9873e+000 -2.1403e+000 +1.4478e+000
37 +5.792949530e+000 +5.792949530e+000 +1.005792950e+003 +1.005792950e+003 -1.1098e+000 +3.6519e+000 -1.9883e+000 -2.1351e+000 +1.4418e+000
90 +5.288479519e+000 +5.288479519e+000 +1.005288480e+003 +1.005288480e+003 -1.0819e+000 +3.6378e+000 -1.9857e+000 -2.1459e+000 +1.4432e+000
160 +4.410497888e+000 +4.410497888e+000 +1.004410498e+003 +1.004410498e+003 -1.1041e+000 +3.6523e+000 -2.0346e+000 -2.1440e+000 +1.4302e+000
163 +3.717449024e+000 +3.717449024e+000 +1.003717449e+003 +1.003717449e+003 -1.1271e+000 +3.6659e+000 -2.0161e+000 -2.1407e+000 +1.3979e+000
523 +1.818803353e+000 +1.818803353e+000 +1.001818803e+003 +1.001818803e+003 +9.1297e-001 -1.2413e-001 -1.0104e+000 -1.0945e+000 +1.3539e+000
2952 +1.133547144e+000 +1.133547144e+000 +1.001133547e+003 +1.001133547e+003 +3.5944e-001 +4.4859e+000 +2.1315e+000 +3.7487e-001 +3.3730e+000
% function evaluation | noise-free fitness - Fopt (-4.456000000000e+001) | best noise-free fitness - Fopt | measured fitness | best measured fitness | x1 | x2...
1 +1.282108022e+001 +1.282108022e+001 -3.173891978e+001 -3.173891978e+001 +0.0000e+000 +0.0000e+000 +0.0000e+000 +0.0000e+000 +0.0000e+000
32 +4.229718804e+000 +4.229718804e+000 -4.033028120e+001 -4.033028120e+001 -4.8245e+000 -2.2948e+000 +5.3896e-001 -3.0098e+000 +3.1242e+000
59 +3.196688598e+000 +3.196688598e+000 -4.136331140e+001 -4.136331140e+001 -4.8604e+000 -2.2948e+000 +5.4443e-001 -3.1439e+000 +3.1311e+000
71 +2.006484649e+000 +2.006484649e+000 -4.255351535e+001 -4.255351535e+001 -4.8178e+000 -2.2945e+000 +5.4263e-001 -3.0127e+000 +3.1301e+000
121 +1.597744513e+000 +1.597744513e+000 -4.296225549e+001 -4.296225549e+001 -4.8121e+000 -2.2918e+000 +5.3423e-001 -3.0072e+000 +3.1085e+000
195 +1.542196674e+000 +1.542196674e+000 -4.301780333e+001 -4.301780333e+001 -4.8229e+000 -2.2928e+000 +5.4394e-001 -3.0202e+000 +3.1034e+000
214 +1.176708285e+000 +1.176708285e+000 -4.338329172e+001 -4.338329172e+001 -4.8260e+000 -2.2936e+000 +5.4345e-001 -3.0173e+000 +3.0887e+000
386 +9.109332887e-001 +9.109332887e-001 -4.364906671e+001 -4.364906671e+001 -4.8237e+000 -2.2919e+000 +5.4618e-001 -2.9974e+000 +3.0799e+000
433 +7.442097514e-001 +7.442097514e-001 -4.381579025e+001 -4.381579025e+001 -4.8210e+000 -2.2937e+000 +5.4433e-001 -2.9987e+000 +3.0802e+000
481 +7.326874992e-001 +7.326874992e-001 -4.382731250e+001 -4.382731250e+001 -4.8209e+000 -2.2933e+000 +5.4490e-001 -3.0110e+000 +3.1606e+000
856 +5.394724054e-001 +5.394724054e-001 -4.402052759e+001 -4.402052759e+001 -4.8182e+000 -2.2931e+000 +5.3880e-001 -3.0082e+000 +3.0856e+000
957 +4.936388608e-001 +4.936388608e-001 -4.406636114e+001 -4.406636114e+001 -4.8185e+000 -2.2912e+000 +5.4165e-001 -3.0084e+000 +3.0863e+000
1120 +4.002330805e-001 +4.002330805e-001 -4.415976692e+001 -4.415976692e+001 -4.8176e+000 -2.2877e+000 +5.4095e-001 -3.0079e+000 +3.0878e+000
1298 +3.694875685e-001 +3.694875685e-001 -4.419051243e+001 -4.419051243e+001 -4.8176e+000 -2.2881e+000 +5.4189e-001 -3.0063e+000 +3.0867e+000
1349 +3.585355867e-001 +3.585355867e-001 -4.420146441e+001 -4.420146441e+001 -4.8175e+000 -2.2877e+000 +5.4214e-001 -3.0062e+000 +3.0870e+000
1374 +3.411512640e-001 +3.411512640e-001 -4.421884874e+001 -4.421884874e+001 -4.8168e+000 -2.2877e+000 +5.4108e-001 -3.0058e+000 +3.0871e+000
1395 +3.368003009e-001 +3.368003009e-001 -4.422319970e+001 -4.422319970e+001 -4.8172e+000 -2.2877e+000 +5.4023e-001 -3.0064e+000 +3.0870e+000
1397 +3.186573259e-001 +3.186573259e-001 -4.424134267e+001 -4.424134267e+001 -4.8171e+000 -2.2869e+000 +5.3928e-001 -3.0048e+000 +3.0870e+000
1422 +3.158104351e-001 +3.158104351e-001 -4.424418956e+001 -4.424418956e+001 -4.8170e+000 -2.2878e+000 +5.4140e-001 -3.0067e+000 +3.0872e+000
1463 +3.005110847e-001 +3.005110847e-001 -4.425948892e+001 -4.425948892e+001 -4.8166e+000 -2.2875e+000 +5.4077e-001 -3.0059e+000 +3.0871e+000
1473 +2.850414618e-001 +2.850414618e-001 -4.427495854e+001 -4.427495854e+001 -4.8163e+000 -2.2870e+000 +5.3997e-001 -3.0051e+000 +3.0869e+000
1485 +2.479289391e-001 +2.479289391e-001 -4.431207106e+001 -4.431207106e+001 -4.8158e+000 -2.2869e+000 +5.3903e-001 -3.0046e+000 +3.0872e+000
1509 +2.307060130e-001 +2.307060130e-001 -4.432929399e+001 -4.432929399e+001 -4.8157e+000 -2.2867e+000 +5.3907e-001 -3.0052e+000 +3.0873e+000
1522 +2.250248649e-001 +2.250248649e-001 -4.433497514e+001 -4.433497514e+001 -4.8148e+000 -2.2859e+000 +5.3964e-001 -3.0045e+000 +3.0871e+000
1548 +2.190765234e-001 +2.190765234e-001 -4.434092348e+001 -4.434092348e+001 -4.8157e+000 -2.2862e+000 +5.4017e-001 -3.0044e+000 +3.0873e+000
1553 +2.158730348e-001 +2.158730348e-001 -4.434412697e+001 -4.434412697e+001 -4.8152e+000 -2.2878e+000 +5.3853e-001 -3.0053e+000 +3.0871e+000
1559 +2.113772822e-001 +2.113772822e-001 -4.434862272e+001 -4.434862272e+001 -4.8152e+000 -2.2872e+000 +5.3948e-001 -3.0052e+000 +3.0872e+000
1567 +2.073825093e-001 +2.073825093e-001 -4.435261749e+001 -4.435261749e+001 -4.8144e+000 -2.2870e+000 +5.3913e-001 -3.0046e+000 +3.0873e+000
1584 +1.873779513e-001 +1.873779513e-001 -4.437262205e+001 -4.437262205e+001 -4.8137e+000 -2.2870e+000 +5.3744e-001 -3.0043e+000 +3.0870e+000
1590 +1.806242193e-001 +1.806242193e-001 -4.437937578e+001 -4.437937578e+001 -4.8149e+000 -2.2872e+000 +5.3867e-001 -3.0047e+000 +3.0872e+000
1609 +1.737195536e-001 +1.737195536e-001 -4.438628045e+001 -4.438628045e+001 -4.8136e+000 -2.2861e+000 +5.3739e-001 -3.0050e+000 +3.0873e+000
1623 +1.587964227e-001 +1.587964227e-001 -4.440120358e+001 -4.440120358e+001 -4.8140e+000 -2.2870e+000 +5.3760e-001 -3.0050e+000 +3.0872e+000
1703 +1.526543162e-001 +1.526543162e-001 -4.440734568e+001 -4.440734568e+001 -4.8141e+000 -2.2870e+000 +5.3751e-001 -3.0056e+000 +3.0883e+000
1736 +1.511996273e-001 +1.511996273e-001 -4.440880037e+001 -4.440880037e+001 -4.8145e+000 -2.2868e+000 +5.3839e-001 -3.0053e+000 +3.0876e+000
1758 +1.454242357e-001 +1.454242357e-001 -4.441457576e+001 -4.441457576e+001 -4.8145e+000 -2.2866e+000 +5.3798e-001 -3.0051e+000 +3.0878e+000
1787 +1.337204943e-001 +1.337204943e-001 -4.442627951e+001 -4.442627951e+001 -4.8140e+000 -2.2873e+000 +5.3788e-001 -3.0049e+000 +3.0874e+000
1866 +1.286895771e-001 +1.286895771e-001 -4.443131042e+001 -4.443131042e+001 -4.8139e+000 -2.2869e+000 +5.3775e-001 -3.0048e+000 +3.0875e+000
1946 +1.241579919e-001 +1.241579919e-001 -4.443584201e+001 -4.443584201e+001 -4.8142e+000 -2.2854e+000 +5.3812e-001 -3.0054e+000 +3.0884e+000
1954 +1.183935908e-001 +1.183935908e-001 -4.444160641e+001 -4.444160641e+001 -4.8143e+000 -2.2862e+000 +5.3806e-001 -3.0054e+000 +3.0881e+000
2002 +9.953614565e-002 +9.953614565e-002 -4.446046385e+001 -4.446046385e+001 -4.8140e+000 -2.2860e+000 +5.3801e-001 -3.0054e+000 +3.0882e+000
2124 +9.302452200e-002 +9.302452200e-002 -4.446697548e+001 -4.446697548e+001 -4.8140e+000 -2.2859e+000 +5.3808e-001 -3.0053e+000 +3.0882e+000
2366 +8.700331927e-002 +8.700331927e-002 -4.447299668e+001 -4.447299668e+001 -4.8140e+000 -2.2857e+000 +5.3812e-001 -3.0054e+000 +3.0884e+000
2390 +8.432018075e-002 +8.432018075e-002 -4.447567982e+001 -4.447567982e+001 -4.8140e+000 -2.2856e+000 +5.3813e-001 -3.0054e+000 +3.0884e+000
2536 +8.302002205e-002 +8.302002205e-002 -4.447697998e+001 -4.447697998e+001 -4.8140e+000 -2.2856e+000 +5.3811e-001 -3.0055e+000 +3.0884e+000
2593 +8.079717453e-002 +8.079717453e-002 -4.447920283e+001 -4.447920283e+001 -4.8140e+000 -2.2856e+000 +5.3806e-001 -3.0054e+000 +3.0884e+000
3056 +7.943041110e-002 +7.943041110e-002 -4.448056959e+001 -4.448056959e+001 -4.8140e+000 -2.2856e+000 +5.3805e-001 -3.0054e+000 +3.0884e+000
3305 +7.708088221e-002 +7.708088221e-002 -4.448291912e+001 -4.448291912e+001 -4.8139e+000 -2.2856e+000 +5.3804e-001 -3.0054e+000 +3.0884e+000
4171 +7.569230953e-002 +7.569230953e-002 -4.448430769e+001 -4.448430769e+001 -4.8139e+000 -2.2856e+000 +5.3802e-001 -3.0054e+000 +3.0884e+000
% function evaluation | noise-free fitness - Fopt (6.442000000000e+001) | best noise-free fitness - Fopt | measured fitness | best measured fitness | x1 | x2...
1 +2.093368212e+001 +2.093368212e+001 +8.535368212e+001 +8.535368212e+001 +0.0000e+000 +0.0000e+000 +0.0000e+000 +0.0000e+000 +0.0000e+000
3 +1.385376668e+001 +1.385376668e+001 +7.827376668e+001 +7.827376668e+001 -9.2389e-001 +3.7683e+000 -2.9330e+000 +3.6030e+000 +1.4536e+000
8 +1.308968173e+001 +1.308968173e+001 +7.750968173e+001 +7.750968173e+001 -9.6164e-001 +3.7702e+000 -2.9394e+000 +3.6018e+000 +1.5216e+000
33 +1.220662598e+001 +1.220662598e+001 +7.662662598e+001 +7.662662598e+001 -9.2366e-001 +3.7638e+000 -2.9243e+000 +3.6002e+000 +1.4490e+000
81 +1.080590366e+001 +1.080590366e+001 +7.522590366e+001 +7.522590366e+001 -9.5598e-001 +3.7600e+000 -2.9870e+000 +3.6049e+000 +1.3787e+000
89 +1.036450327e+001 +1.036450327e+001 +7.478450327e+001 +7.478450327e+001 -9.5469e-001 +3.7725e+000 -2.9816e+000 +3.5934e+000 +1.3163e+000
95 +9.632061166e+000 +9.632061166e+000 +7.405206117e+001 +7.405206117e+001 -9.1942e-001 +3.7583e+000 -2.8982e+000 +3.6067e+000 +1.4777e+000
96 +4.772550206e+000 +4.772550206e+000 +6.919255021e+001 +6.919255021e+001 -8.9002e-001 +3.7729e+000 -2.9596e+000 +3.6074e+000 +1.4672e+000
221 +2.372637229e+000 +2.372637229e+000 +6.679263723e+001 +6.679263723e+001 -8.8800e-001 +3.7711e+000 -3.1862e+000 +3.5919e+000 +1.2228e+000
949 +1.277645176e+000 +1.277645176e+000 +6.569764518e+001 +6.569764518e+001 -4.0251e+000 +4.4213e+000 -4.1827e+000 +3.0271e+000 +3.7843e+000
9601 +1.246974550e+000 +1.246974550e+000 +6.566697455e+001 +6.566697455e+001 -2.5343e+000 -1.7027e+000 -1.5941e+000 +3.6003e+000 +1.0649e+000
12547 +1.032613710e+000 +1.032613710e+000 +6.545261371e+001 +6.545261371e+001 +1.2705e+000 -3.3615e+000 +4.7339e+000 -2.4150e-001 +2.2502e+000
% function evaluation | noise-free fitness - Fopt (7.514000000000e+001) | best noise-free fitness - Fopt | measured fitness | best measured fitness | x1 | x2...
1 +8.839774826e+000 +8.839774826e+000 +8.397977483e+001 +8.397977483e+001 +0.0000e+000 +0.0000e+000 +0.0000e+000 +0.0000e+000 +0.0000e+000
2 +3.127535730e+000 +3.127535730e+000 +7.826753573e+001 +7.826753573e+001 -2.4095e+000 +2.3824e+000 +4.7698e+000 +1.2974e+000 +4.9780e+000
54 +1.693506967e+000 +1.693506967e+000 +7.683350697e+001 +7.683350697e+001 -2.4120e+000 +2.3733e+000 +4.7728e+000 +1.3058e+000 +4.9852e+000
127 +1.639643636e+000 +1.639643636e+000 +7.677964364e+001 +7.677964364e+001 -2.4150e+000 +2.3749e+000 +4.7720e+000 +1.3046e+000 +4.9822e+000
177 +1.397874331e+000 +1.397874331e+000 +7.653787433e+001 +7.653787433e+001 -2.4164e+000 +2.3741e+000 +4.7713e+000 +1.3043e+000 +4.9814e+000
180 +1.261148446e+000 +1.261148446e+000 +7.640114845e+001 +7.640114845e+001 -2.4225e+000 +2.3729e+000 +4.7714e+000 +1.3059e+000 +4.9782e+000
211 +1.223643088e+000 +1.223643088e+000 +7.636364309e+001 +7.636364309e+001 -2.4184e+000 +2.3735e+000 +4.7718e+000 +1.3045e+000 +4.9813e+000
278 +1.162358395e+000 +1.162358395e+000 +7.630235840e+001 +7.630235840e+001 -2.4177e+000 +2.3736e+000 +4.7720e+000 +1.3051e+000 +4.9819e+000
550 +1.146871576e+000 +1.146871576e+000 +7.628687158e+001 +7.628687158e+001 -2.4168e+000 +2.3744e+000 +4.7720e+000 +1.3040e+000 +4.9818e+000
1155 +1.121877915e+000 +1.121877915e+000 +7.626187791e+001 +7.626187791e+001 -2.4169e+000 +2.3744e+000 +4.7720e+000 +1.3040e+000 +4.9817e+000
% function evaluation | noise-free fitness - Fopt (1.042500000000e+002) | best noise-free fitness - Fopt | measured fitness | best measured fitness | x1 | x2...
1 +2.795346358e+001 +2.795346358e+001 +1.322034636e+002 +1.322034636e+002 +0.0000e+000 +0.0000e+000 +0.0000e+000 +0.0000e+000 +0.0000e+000
2 +1.613268957e+001 +1.613268957e+001 +1.203826896e+002 +1.203826896e+002 +1.2306e+000 +1.8127e+000 -1.6438e+000 -3.2731e+000 +3.3826e+000
4 +1.243749835e+001 +1.243749835e+001 +1.166874983e+002 +1.166874983e+002 +1.2290e+000 +1.8079e+000 -1.6416e+000 -3.2730e+000 +3.3821e+000
6 +1.163855292e+001 +1.163855292e+001 +1.158885529e+002 +1.158885529e+002 +1.2248e+000 +1.8114e+000 -1.6385e+000 -3.2730e+000 +3.3822e+000
8 +7.840468037e+000 +7.840468037e+000 +1.120904680e+002 +1.120904680e+002 +1.2205e+000 +1.8115e+000 -1.6413e+000 -3.2731e+000 +3.3820e+000
10 +4.990356364e+000 +4.990356364e+000 +1.092403564e+002 +1.092403564e+002 +1.2039e+000 +1.8136e+000 -1.6382e+000 -3.2730e+000 +3.3825e+000
37 +3.622156527e+000 +3.622156527e+000 +1.078721565e+002 +1.078721565e+002 +1.2004e+000 +1.8278e+000 -1.6427e+000 -3.2726e+000 +3.3807e+000
113 +2.891961177e+000 +2.891961177e+000 +1.071419612e+002 +1.071419612e+002 +1.2006e+000 +1.8230e+000 -1.6417e+000 -3.2727e+000 +3.3824e+000
127 +2.693393238e+000 +2.693393238e+000 +1.069433932e+002 +1.069433932e+002 +1.2018e+000 +1.8216e+000 -1.6426e+000 -3.2715e+000 +3.3836e+000
160 +1.696964783e+000 +1.696964783e+000 +1.059469648e+002 +1.059469648e+002 +1.2066e+000 +1.8281e+000 -1.6539e+000 -3.2717e+000 +3.3852e+000
303 +1.592701716e+000 +1.592701716e+000 +1.058427017e+002 +1.058427017e+002 +1.2052e+000 +1.8358e+000 -1.6587e+000 -3.2728e+000 +3.3820e+000
343 +1.362933631e+000 +1.362933631e+000 +1.056129336e+002 +1.056129336e+002 +1.2056e+000 +1.8383e+000 -1.6660e+000 -3.2762e+000 +3.3841e+000
352 +1.276982181e+000 +1.276982181e+000 +1.055269822e+002 +1.055269822e+002 +1.2053e+000 +1.8373e+000 -1.6625e+000 -3.2738e+000 +3.3821e+000
366 +1.221572660e+000 +1.221572660e+000 +1.054715727e+002 +1.054715727e+002 +1.2055e+000 +1.8359e+000 -1.6621e+000 -3.2758e+000 +3.3838e+000
368 +1.117610909e+000 +1.117610909e+000 +1.053676109e+002 +1.053676109e+002 +1.2049e+000 +1.8373e+000 -1.6636e+000 -3.2760e+000 +3.3824e+000
402 +9.250558378e-001 +9.250558378e-001 +1.051750558e+002 +1.051750558e+002 +1.2053e+000 +1.8379e+000 -1.6688e+000 -3.2775e+000 +3.3827e+000
543 +8.707386223e-001 +8.707386223e-001 +1.051207386e+002 +1.051207386e+002 +1.2057e+000 +1.8376e+000 -1.6701e+000 -3.2755e+000 +3.3809e+000
553 +8.433791920e-001 +8.433791920e-001 +1.050933792e+002 +1.050933792e+002 +1.2058e+000 +1.8379e+000 -1.6718e+000 -3.2748e+000 +3.3805e+000
577 +7.860398200e-001 +7.860398200e-001 +1.050360398e+002 +1.050360398e+002 +1.2055e+000 +1.8383e+000 -1.6713e+000 -3.2750e+000 +3.3804e+000
647 +7.759888644e-001 +7.759888644e-001 +1.050259889e+002 +1.050259889e+002 +1.2057e+000 +1.8379e+000 -1.6711e+000 -3.2749e+000 +3.3805e+000
877 +7.573061330e-001 +7.573061330e-001 +1.050073061e+002 +1.050073061e+002 +1.2056e+000 +1.8381e+000 -1.6712e+000 -3.2749e+000 +3.3804e+000
1100 +7.398932698e-001 +7.398932698e-001 +1.049898933e+002 +1.049898933e+002 +1.2056e+000 +1.8381e+000 -1.6713e+000 -3.2748e+000 +3.3803e+000
% function evaluation | noise-free fitness - Fopt (-8.550000000000e+000) | best noise-free fitness - Fopt | measured fitness | best measured fitness | x1 | x2...
1 +2.174815949e+001 +2.174815949e+001 +1.319815949e+001 +1.319815949e+001 +0.0000e+000 +0.0000e+000 +0.0000e+000 +0.0000e+000 +0.0000e+000
3 +1.445889726e+001 +1.445889726e+001 +5.908897256e+000 +5.908897256e+000 -1.2827e-001 +4.8909e+000 +1.8293e+000 +9.7011e-001 +3.9221e+000
8 +1.225023338e+001 +1.225023338e+001 +3.700233376e+000 +3.700233376e+000 -1.2393e-001 +4.8923e+000 +1.8300e+000 +9.6390e-001 +3.9204e+000
21 +1.192476755e+001 +1.192476755e+001 +3.374767550e+000 +3.374767550e+000 -1.2115e-001 +4.8919e+000 +1.8288e+000 +9.6866e-001 +3.9222e+000
22 +1.081856402e+001 +1.081856402e+001 +2.268564024e+000 +2.268564024e+000 -1.2573e-001 +4.8923e+000 +1.8208e+000 +9.7119e-001 +3.9204e+000
26 +9.924442684e+000 +9.924442684e+000 +1.374442684e+000 +1.374442684e+000 -1.1456e-001 +4.8899e+000 +1.8195e+000 +9.5563e-001 +3.9181e+000
30 +9.472219876e+000 +9.472219876e+000 +9.222198764e-001 +9.222198764e-001 -1.2081e-001 +4.8789e+000 +1.8203e+000 +9.5534e-001 +3.9154e+000
38 +8.802236229e+000 +8.802236229e+000 +2.522362286e-001 +2.522362286e-001 -1.2483e-001 +4.8924e+000 +1.8226e+000 +9.5222e-001 +3.9164e+000
49 +8.317640155e+000 +8.317640155e+000 -2.323598452e-001 -2.323598452e-001 -1.2450e-001 +4.8932e+000 +1.8211e+000 +9.7157e-001 +3.9185e+000
59 +7.483125517e+000 +7.483125517e+000 -1.066874483e+000 -1.066874483e+000 -1.2906e-001 +4.8912e+000 +1.8219e+000 +9.5797e-001 +3.9177e+000
84 +5.855871167e+000 +5.855871167e+000 -2.694128833e+000 -2.694128833e+000 -7.0144e-002 +4.8936e+000 +1.8339e+000 +9.5855e-001 +3.9368e+000
101 +5.393066955e+000 +5.393066955e+000 -3.156933045e+000 -3.156933045e+000 -1.0571e-001 +4.8905e+000 +1.8217e+000 +9.5776e-001 +3.9173e+000
129 +3.735590863e+000 +3.735590863e+000 -4.814409137e+000 -4.814409137e+000 -6.8963e-002 +4.8917e+000 +1.8209e+000 +9.6199e-001 +3.9181e+000
137 +3.628828344e+000 +3.628828344e+000 -4.921171656e+000 -4.921171656e+000 -9.5936e-002 +4.8955e+000 +1.8261e+000 +8.1028e-001 +3.9090e+000
149 +3.152962126e+000 +3.152962126e+000 -5.397037874e+000 -5.397037874e+000 -9.9101e-002 +4.9349e+000 +1.8210e+000 +9.0494e-001 +3.9261e+000
294 +1.317660726e+000 +1.317660726e+000 -7.232339274e+000 -7.232339274e+000 +9.6013e-002 +4.9014e+000 +1.8063e+000 +1.0595e+000 +3.9113e+000
% function evaluation | noise-free fitness - Fopt (-1.014500000000e+002) | best noise-free fitness - Fopt | measured fitness | best measured fitness | x1 | x2...
1 +3.156872387e+001 +3.156872387e+001 -6.988127613e+001 -6.988127613e+001 +0.0000e+000 +0.0000e+000 +0.0000e+000 +0.0000e+000 +0.0000e+000
3 +2.290296310e+001 +2.290296310e+001 -7.854703690e+001 -7.854703690e+001 -2.4662e+000 -3.0163e+000 +4.8849e+000 -3.5759e+000 -1.3351e-001
4 +8.491146389e+000 +8.491146389e+000 -9.295885361e+001 -9.295885361e+001 -2.4570e+000 -2.9416e+000 +4.8533e+000 -3.5699e+000 -9.4426e-002
51 +6.414636213e+000 +6.414636213e+000 -9.503536379e+001 -9.503536379e+001 -2.4524e+000 -2.9465e+000 +4.8683e+000 -3.5694e+000 -1.2936e-001
183 +4.692519240e+000 +4.692519240e+000 -9.675748076e+001 -9.675748076e+001 -2.4806e+000 -2.9593e+000 +4.8474e+000 -3.5706e+000 -1.2981e-001
280 +4.646922876e+000 +4.646922876e+000 -9.680307712e+001 -9.680307712e+001 -2.4714e+000 -2.9556e+000 +4.8611e+000 -3.5705e+000 -1.3451e-001
292 +4.531379427e+000 +4.531379427e+000 -9.691862057e+001 -9.691862057e+001 -2.4696e+000 -2.9540e+000 +4.8616e+000 -3.5700e+000 -1.3115e-001
320 +3.810085467e+000 +3.810085467e+000 -9.763991453e+001 -9.763991453e+001 -2.4773e+000 -2.9570e+000 +4.8793e+000 -3.5633e+000 -1.3826e-001
564 +3.796010470e+000 +3.796010470e+000 -9.765398953e+001 -9.765398953e+001 -2.4733e+000 -2.9551e+000 +4.8747e+000 -3.5634e+000 -1.3857e-001
583 +3.714537773e+000 +3.714537773e+000 -9.773546223e+001 -9.773546223e+001 -2.4668e+000 -2.9549e+000 +4.8712e+000 -3.5621e+000 -1.4020e-001
613 +3.022279403e+000 +3.022279403e+000 -9.842772060e+001 -9.842772060e+001 -2.4702e+000 -2.9549e+000 +4.8761e+000 -3.5646e+000 -1.3762e-001
692 +2.972843900e+000 +2.972843900e+000 -9.847715610e+001 -9.847715610e+001 -2.4714e+000 -2.9551e+000 +4.8747e+000 -3.5651e+000 -1.3778e-001
716 +2.863689820e+000 +2.863689820e+000 -9.858631018e+001 -9.858631018e+001 -2.4700e+000 -2.9550e+000 +4.8735e+000 -3.5649e+000 -1.3748e-001
838 +2.813832467e+000 +2.813832467e+000 -9.863616753e+001 -9.863616753e+001 -2.4710e+000 -2.9547e+000 +4.8763e+000 -3.5649e+000 -1.3761e-001
935 +2.710597130e+000 +2.710597130e+000 -9.873940287e+001 -9.873940287e+001 -2.4708e+000 -2.9546e+000 +4.8760e+000 -3.5649e+000 -1.3727e-001
1087 +2.638206638e+000 +2.638206638e+000 -9.881179336e+001 -9.881179336e+001 -2.4701e+000 -2.9542e+000 +4.8780e+000 -3.5647e+000 -1.3755e-001
1136 +2.628499324e+000 +2.628499324e+000 -9.882150068e+001 -9.882150068e+001 -2.4702e+000 -2.9544e+000 +4.8773e+000 -3.5646e+000 -1.3760e-001
