% function evaluation | noise-free fitness - Fopt (-5.494000000000e+01) | best noise-free fitness - Fopt | measured fitness | best measured fitness | x1 | x2...
1 +1.742410858e+06 +1.742410858e+06 +1.742355918e+06 +1.742355918e+06 +0.0000e+00 +0.0000e+00 +0.0000e+00
62 +1.735898980e+06 +1.735898980e+06 +1.735844040e+06 +1.735844040e+06 -3.4211e-01 +3.9681e-01 +1.1285e+00
68 +8.507960655e+05 +8.507960655e+05 +8.507411255e+05 +8.507411255e+05 -4.7808e-01 +1.4352e-01 +1.2099e+00
76 +4.103032546e+05 +4.103032546e+05 +4.102483146e+05 +4.102483146e+05 -4.1795e-01 -2.2415e-01 +8.8835e-01
78 +8.371489208e+04 +8.371489208e+04 +8.365995208e+04 +8.365995208e+04 -1.3181e-01 -8.1072e-01 +5.3374e-01
88 +2.947015308e+03 +2.947015308e+03 +2.892075308e+03 +2.892075308e+03 -2.2845e-01 -9.2636e-01 +1.1525e+00
109 +8.807892191e+02 +8.807892191e+02 +8.258492191e+02 +8.258492191e+02 -7.0915e-01 -8.6935e-01 +1.0861e+00
240 +2.047771249e+02 +2.047771249e+02 +1.498371249e+02 +1.498371249e+02 -1.3497e+00 -9.9187e-01 +4.5131e-01
680 +1.877427489e+02 +1.877427489e+02 +1.328027489e+02 +1.328027489e+02 -1.2558e+00 -1.0241e+00 +3.5881e-01
794 +1.763932297e+02 +1.763932297e+02 +1.214532297e+02 +1.214532297e+02 -1.2738e+00 -1.0278e+00 +3.2768e-01
807 +1.713991439e+02 +1.713991439e+02 +1.164591439e+02 +1.164591439e+02 -1.2745e+00 -1.0276e+00 +3.3496e-01
827 +1.674782279e+02 +1.674782279e+02 +1.125382279e+02 +1.125382279e+02 -1.2800e+00 -1.0279e+00 +3.3459e-01
836 +1.656447295e+02 +1.656447295e+02 +1.107047295e+02 +1.107047295e+02 -1.2836e+00 -1.0280e+00 +3.3464e-01
847 +1.599476502e+02 +1.599476502e+02 +1.050076502e+02 +1.050076502e+02 -1.2907e+00 -1.0282e+00 +3.3140e-01
873 +1.577230254e+02 +1.577230254e+02 +1.027830254e+02 +1.027830254e+02 -1.2951e+00 -1.0278e+00 +3.3239e-01
883 +1.520725815e+02 +1.520725815e+02 +9.713258155e+01 +9.713258155e+01 -1.3025e+00 -1.0274e+00 +3.3080e-01
889 +1.512185170e+02 +1.512185170e+02 +9.627851704e+01 +9.627851704e+01 -1.3119e+00 -1.0278e+00 +3.3096e-01
% function evaluation | noise-free fitness - Fopt (5.913000000000e+01) | best noise-free fitness - Fopt | measured fitness | best measured fitness | x1 | x2...
1 +1.355615952e+05 +1.355615952e+05 +1.356207252e+05 +1.356207252e+05 +0.0000e+00 +0.0000e+00 +0.0000e+00
81 +1.044757794e+05 +1.044757794e+05 +1.045349094e+05 +1.045349094e+05 -1.2770e+00 +1.0403e+00 +1.7108e+00
89 +1.007551179e+05 +1.007551179e+05 +1.008142479e+05 +1.008142479e+05 -1.2427e+00 +1.0138e+00 +1.7107e+00
92 +8.505888832e+04 +8.505888832e+04 +8.511801832e+04 +8.511801832e+04 -1.2717e+00 +1.0031e+00 +1.7108e+00
108 +7.855636002e+04 +7.855636002e+04 +7.861549002e+04 +7.861549002e+04 -1.2806e+00 +3.9031e-01 +1.7106e+00
122 +7.121454475e+04 +7.121454475e+04 +7.127367475e+04 +7.127367475e+04 -1.2959e+00 +4.1639e-01 +1.7107e+00
123 +1.587238087e+04 +1.587238087e+04 +1.593151087e+04 +1.593151087e+04 -1.2920e+00 +7.6704e-01 +1.7106e+00
124 +1.521004570e+04 +1.521004570e+04 +1.526917570e+04 +1.526917570e+04 -1.3383e+00 +7.8511e-01 +1.7108e+00
149 +1.393698457e+04 +1.393698457e+04 +1.399611457e+04 +1.399611457e+04 -1.3675e+00 +7.9335e-01 +1.7108e+00
150 +1.250826791e+04 +1.250826791e+04 +1.256739791e+04 +1.256739791e+04 -1.3073e+00 +7.1945e-01 +1.7109e+00
158 +1.190177004e+04 +1.190177004e+04 +1.196090004e+04 +1.196090004e+04 -1.4430e+00 +8.0639e-01 +1.7110e+00
169 +1.153996907e+04 +1.153996907e+04 +1.159909907e+04 +1.159909907e+04 -1.4662e+00 +7.9870e-01 +1.7109e+00
365 +1.146946175e+04 +1.146946175e+04 +1.152859175e+04 +1.152859175e+04 -1.4794e+00 +8.0588e-01 +1.7109e+00
509 +1.122014991e+04 +1.122014991e+04 +1.127927991e+04 +1.127927991e+04 -1.5258e+00 +8.3318e-01 +1.7109e+00
688 +1.072039011e+04 +1.072039011e+04 +1.077952011e+04 +1.077952011e+04 -1.6322e+00 +8.8804e-01 +1.7108e+00
723 +1.053724385e+04 +1.053724385e+04 +1.059637385e+04 +1.059637385e+04 -1.6742e+00 +9.2751e-01 +1.7113e+00
778 +1.036459909e+04 +1.036459909e+04 +1.042372909e+04 +1.042372909e+04 -1.6992e+00 +9.3483e-01 +1.7112e+00
% function evaluation | noise-free fitness - Fopt (-4.915300000000e+02) | best noise-free fitness - Fopt | measured fitness | best measured fitness | x1 | x2...
1 +7.654731415e+06 +7.654731415e+06 +7.654239885e+06 +7.654239885e+06 +0.0000e+00 +0.0000e+00 +0.0000e+00
2 +3.718461335e+05 +3.718461335e+05 +3.713546035e+05 +3.713546035e+05 +1.4526e+00 -1.1897e+00 -3.0858e+00
17 +3.479998733e+05 +3.479998733e+05 +3.475083433e+05 +3.475083433e+05 +1.4251e+00 -1.1895e+00 -3.0854e+00
19 +3.299685505e+05 +3.299685505e+05 +3.294770205e+05 +3.294770205e+05 +1.4004e+00 -1.1896e+00 -3.0821e+00
29 +1.968635877e+05 +1.968635877e+05 +1.963720577e+05 +1.963720577e+05 +1.2622e+00 -1.1897e+00 -3.0984e+00
32 +1.308187197e+05 +1.308187197e+05 +1.303271897e+05 +1.303271897e+05 +1.0915e+00 -1.1898e+00 -3.1073e+00
53 +1.057929462e+05 +1.057929462e+05 +1.053014162e+05 +1.053014162e+05 +9.5573e-01 -1.1888e+00 -3.0902e+00
58 +8.744395427e+04 +8.744395427e+04 +8.695242427e+04 +8.695242427e+04 +9.5450e-01 -1.1898e+00 -3.1258e+00
63 +9.159987430e+03 +9.159987430e+03 +8.668457430e+03 +8.668457430e+03 +2.6646e-01 -1.1898e+00 -3.1858e+00
66 +9.007657266e+03 +9.007657266e+03 +8.516127266e+03 +8.516127266e+03 +1.5211e-01 -1.1898e+00 -3.1112e+00
86 +5.931270428e+03 +5.931270428e+03 +5.439740428e+03 +5.439740428e+03 +1.5750e-01 -1.1867e+00 -2.8828e+00
93 +2.697434322e+03 +2.697434322e+03 +2.205904322e+03 +2.205904322e+03 +4.7026e-01 -1.1885e+00 -3.1289e+00
94 +1.000594369e+03 +1.000594369e+03 +5.090643691e+02 +5.090643691e+02 +4.6496e-02 -1.1812e+00 -2.8780e+00
122 +8.386606632e+02 +8.386606632e+02 +3.471306632e+02 +3.471306632e+02 +4.7284e-02 -1.1927e+00 -2.9482e+00
135 +2.061806644e+02 +2.061806644e+02 -2.853493356e+02 -2.853493356e+02 +6.1982e-02 -1.1877e+00 -2.9391e+00
156 +1.235575302e+02 +1.235575302e+02 -3.679724698e+02 -3.679724698e+02 +3.7279e-02 -1.1929e+00 -2.9132e+00
182 +9.612553674e+01 +9.612553674e+01 -3.954044633e+02 -3.954044633e+02 +3.1727e-02 -1.1910e+00 -2.9001e+00
205 +8.595964540e+01 +8.595964540e+01 -4.055703546e+02 -4.055703546e+02 +2.2550e-02 -1.1915e+00 -2.8972e+00
221 +8.455285052e+01 +8.455285052e+01 -4.069771495e+02 -4.069771495e+02 +1.9636e-02 -1.1908e+00 -2.8955e+00
229 +8.280156406e+01 +8.280156406e+01 -4.087284359e+02 -4.087284359e+02 +9.3556e-03 -1.1912e+00 -2.8870e+00
297 +8.016963293e+01 +8.016963293e+01 -4.113603671e+02 -4.113603671e+02 +9.9691e-03 -1.1901e+00 -2.8900e+00
381 +7.922582771e+01 +7.922582771e+01 -4.123041723e+02 -4.123041723e+02 +9.0977e-03 -1.1890e+00 -2.8902e+00
432 +7.749256101e+01 +7.749256101e+01 -4.140374390e+02 -4.140374390e+02 +4.9793e-03 -1.1888e+00 -2.8875e+00
499 +7.569398472e+01 +7.569398472e+01 -4.158360153e+02 -4.158360153e+02 +2.7780e-03 -1.1858e+00 -2.8867e+00
559 +7.373731512e+01 +7.373731512e+01 -4.177926849e+02 -4.177926849e+02 +1.0202e-03 -1.1843e+00 -2.8869e+00
584 +7.233453627e+01 +7.233453627e+01 -4.191954637e+02 -4.191954637e+02 -9.6735e-04 -1.1833e+00 -2.8869e+00
624 +6.916611719e+01 +6.916611719e+01 -4.223638828e+02 -4.223638828e+02 -3.5985e-03 -1.1788e+00 -2.8869e+00
664 +6.739105682e+01 +6.739105682e+01 -4.241389432e+02 -4.241389432e+02 -5.1244e-03 -1.1766e+00 -2.8878e+00
707 +6.596879315e+01 +6.596879315e+01 -4.255612068e+02 -4.255612068e+02 -6.9724e-03 -1.1751e+00 -2.8871e+00
735 +6.441715612e+01 +6.441715612e+01 -4.271128439e+02 -4.271128439e+02 -1.2874e-02 -1.1620e+00 -2.8874e+00
753 +6.291448519e+01 +6.291448519e+01 -4.286155148e+02 -4.286155148e+02 -8.4825e-03 -1.1693e+00 -2.8888e+00
772 +6.129206438e+01 +6.129206438e+01 -4.302379356e+02 -4.302379356e+02 -8.6534e-03 -1.1662e+00 -2.8909e+00
801 +5.992017841e+01 +5.992017841e+01 -4.316098216e+02 -4.316098216e+02 -1.1979e-02 -1.1632e+00 -2.8891e+00
828 +5.871825256e+01 +5.871825256e+01 -4.328117474e+02 -4.328117474e+02 -1.4485e-02 -1.1634e+00 -2.8894e+00
859 +5.745802131e+01 +5.745802131e+01 -4.340719787e+02 -4.340719787e+02 -1.4432e-02 -1.1602e+00 -2.8895e+00
869 +5.209487687e+01 +5.209487687e+01 -4.394351231e+02 -4.394351231e+02 -2.6156e-02 -1.1518e+00 -2.8887e+00
% function evaluation | noise-free fitness - Fopt (-1.702000000000e+02) | best noise-free fitness - Fopt | measured fitness | best measured fitness | x1 | x2...
1 +1.124209412e+07 +1.124209412e+07 +1.124192392e+07 +1.124192392e+07 +0.0000e+00 +0.0000e+00 +0.0000e+00
2 +6.269479306e+05 +6.269479306e+05 +6.267777306e+05 +6.267777306e+05 +2.2781e+00 -3.4184e+00 -3.5522e+00
3 +6.039106496e+05 +6.039106496e+05 +6.037404496e+05 +6.037404496e+05 +2.2495e+00 -3.4113e+00 -3.5523e+00
17 +5.905398285e+05 +5.905398285e+05 +5.903696285e+05 +5.903696285e+05 +2.2378e+00 -3.4122e+00 -3.5524e+00
27 +5.658963128e+05 +5.658963128e+05 +5.657261128e+05 +5.657261128e+05 +2.2042e+00 -3.4076e+00 -3.5468e+00
32 +4.251294078e+05 +4.251294078e+05 +4.249592078e+05 +4.249592078e+05 +2.0394e+00 -3.4233e+00 -3.5323e+00
56 +3.468777911e+05 +3.468777911e+05 +3.467075911e+05 +3.467075911e+05 +1.9403e+00 -3.4654e+00 -3.5200e+00
62 +3.032479927e+05 +3.032479927e+05 +3.030777927e+05 +3.030777927e+05 +1.8300e+00 -3.4230e+00 -3.5582e+00
68 +2.645325914e+05 +2.645325914e+05 +2.643623914e+05 +2.643623914e+05 +1.7406e+00 -3.3740e+00 -3.6297e+00
79 +2.378086318e+05 +2.378086318e+05 +2.376384318e+05 +2.376384318e+05 +1.8785e+00 -3.4131e+00 -3.8334e+00
80 +1.766224967e+05 +1.766224967e+05 +1.764522967e+05 +1.764522967e+05 +1.3745e+00 -3.4111e+00 -3.3624e+00
82 +1.737433649e+05 +1.737433649e+05 +1.735731649e+05 +1.735731649e+05 +1.8704e+00 -3.3257e+00 -4.1185e+00
92 +1.461495322e+05 +1.461495322e+05 +1.459793322e+05 +1.459793322e+05 +1.7146e+00 -3.3710e+00 -3.9299e+00
96 +9.933950113e+04 +9.933950113e+04 +9.916930113e+04 +9.916930113e+04 +1.7503e+00 -3.4293e+00 -4.0312e+00
98 +2.858030508e+04 +2.858030508e+04 +2.841010508e+04 +2.841010508e+04 +6.9224e-01 -3.3900e+00 -3.6455e+00
105 +2.495114867e+04 +2.495114867e+04 +2.478094867e+04 +2.478094867e+04 +9.0533e-01 -3.3832e+00 -3.3903e+00
108 +1.257615956e+04 +1.257615956e+04 +1.240595956e+04 +1.240595956e+04 -5.0908e-01 -3.3881e+00 -2.0688e+00
124 +3.068200395e+03 +3.068200395e+03 +2.898000395e+03 +2.898000395e+03 -5.0984e-01 -3.3939e+00 -1.9252e+00
158 +2.251076804e+03 +2.251076804e+03 +2.080876804e+03 +2.080876804e+03 -4.8732e-01 -3.3877e+00 -1.9155e+00
186 +2.045730123e+03 +2.045730123e+03 +1.875530123e+03 +1.875530123e+03 -4.9732e-01 -3.4151e+00 -1.8249e+00
199 +1.278878044e+03 +1.278878044e+03 +1.108678044e+03 +1.108678044e+03 -4.4152e-01 -3.6362e+00 -1.6103e+00
226 +1.009538606e+03 +1.009538606e+03 +8.393386062e+02 +8.393386062e+02 -4.4677e-01 -3.7000e+00 -1.5165e+00
% function evaluation | noise-free fitness - Fopt (-4.697500000000e+02) | best noise-free fitness - Fopt | measured fitness | best measured fitness | x1 | x2...
1 +1.084144925e+07 +1.084144925e+07 +1.084097950e+07 +1.084097950e+07 +0.0000e+00 +0.0000e+00 +0.0000e+00
2 +8.855313039e+06 +8.855313039e+06 +8.854843289e+06 +8.854843289e+06 +2.7869e+00 -5.9051e-01 -3.0944e+00
26 +8.682594664e+06 +8.682594664e+06 +8.682124914e+06 +8.682124914e+06 +2.8462e+00 -5.9060e-01 -3.0969e+00
34 +8.494057376e+06 +8.494057376e+06 +8.493587626e+06 +8.493587626e+06 +2.9063e+00 -5.9059e-01 -3.0891e+00
49 +7.882943485e+06 +7.882943485e+06 +7.882473735e+06 +7.882473735e+06 +3.1491e+00 -5.9222e-01 -3.0877e+00
64 +6.579926461e+06 +6.579926461e+06 +6.579456711e+06 +6.579456711e+06 +3.6085e+00 -5.9283e-01 -3.0681e+00
78 +5.104603097e+06 +5.104603097e+06 +5.104133347e+06 +5.104133347e+06 +3.9602e+00 -5.9017e-01 -3.0785e+00
81 +4.711882197e+06 +4.711882197e+06 +4.711412447e+06 +4.711412447e+06 +4.0393e+00 -5.9195e-01 -3.0795e+00
82 +2.540688830e+06 +2.540688830e+06 +2.540219080e+06 +2.540219080e+06 +4.5746e+00 -5.9272e-01 -3.0789e+00
91 +2.362722128e+06 +2.362722128e+06 +2.362252378e+06 +2.362252378e+06 +4.6087e+00 -5.9378e-01 -3.0205e+00
94 +2.113474665e+06 +2.113474665e+06 +2.113004915e+06 +2.113004915e+06 +4.8231e+00 -5.9608e-01 -3.0323e+00
99 +1.035494485e+06 +1.035494485e+06 +1.035024735e+06 +1.035024735e+06 +5.5290e+00 -6.2273e-01 -3.0512e+00
102 +4.088019109e+05 +4.088019109e+05 +4.083321609e+05 +4.083321609e+05 +6.1466e+00 -5.9479e-01 -3.0532e+00
140 +2.915493583e+05 +2.915493583e+05 +2.910796083e+05 +2.910796083e+05 +6.0961e+00 -6.0476e-01 -2.8908e+00
145 +5.164767610e+04 +5.164767610e+04 +5.117792610e+04 +5.117792610e+04 +6.8277e+00 -5.7669e-01 -2.8872e+00
153 +5.078374409e+04 +5.078374409e+04 +5.031399409e+04 +5.031399409e+04 +6.7821e+00 -5.8830e-01 -2.9157e+00
212 +4.922928817e+04 +4.922928817e+04 +4.875953817e+04 +4.875953817e+04 +6.5369e+00 -6.3993e-01 -2.5247e+00
220 +4.891213759e+04 +4.891213759e+04 +4.844238759e+04 +4.844238759e+04 +6.6584e+00 -6.4217e-01 -2.8041e+00
243 +4.069866520e+04 +4.069866520e+04 +4.022891520e+04 +4.022891520e+04 +6.1570e+00 -1.3999e+00 -2.6944e+00
252 +3.963742013e+04 +3.963742013e+04 +3.916767013e+04 +3.916767013e+04 +6.3666e+00 -1.2610e+00 -2.7293e+00
263 +3.566376955e+04 +3.566376955e+04 +3.519401955e+04 +3.519401955e+04 +6.0806e+00 -1.6341e+00 -2.6825e+00
283 +3.325075396e+04 +3.325075396e+04 +3.278100396e+04 +3.278100396e+04 +6.0767e+00 -1.7746e+00 -2.6892e+00
477 +3.289793012e+04 +3.289793012e+04 +3.242818012e+04 +3.242818012e+04 +6.0837e+00 -1.8806e+00 -2.7299e+00
536 +3.232046655e+04 +3.232046655e+04 +3.185071655e+04 +3.185071655e+04 +6.0339e+00 -1.9152e+00 -2.7411e+00
601 +3.156753259e+04 +3.156753259e+04 +3.109778259e+04 +3.109778259e+04 +6.0240e+00 -1.9870e+00 -2.7344e+00
777 +3.079396161e+04 +3.079396161e+04 +3.032421161e+04 +3.032421161e+04 +5.9921e+00 -2.0746e+00 -2.7506e+00
824 +3.009502777e+04 +3.009502777e+04 +2.962527777e+04 +2.962527777e+04 +5.9979e+00 -2.2319e+00 -2.8656e+00
845 +2.901187133e+04 +2.901187133e+04 +2.854212133e+04 +2.854212133e+04 +5.9415e+00 -2.3337e+00 -2.8236e+00
871 +2.881326033e+04 +2.881326033e+04 +2.834351033e+04 +2.834351033e+04 +5.9388e+00 -2.3895e+00 -2.8424e+00
% function evaluation | noise-free fitness - Fopt (1.832700000000e+02) | best noise-free fitness - Fopt | measured fitness | best measured fitness | x1 | x2...
1 +7.516168176e+05 +7.516168176e+05 +7.518000876e+05 +7.518000876e+05 +0.0000e+00 +0.0000e+00 +0.0000e+00
32 +7.251323328e+04 +7.251323328e+04 +7.269650328e+04 +7.269650328e+04 +6.6015e-01 -6.6005e-01 +6.8260e-01
50 +5.897585820e+04 +5.897585820e+04 +5.915912820e+04 +5.915912820e+04 +6.5337e-01 -6.8581e-01 +7.0155e-01
52 +4.919529628e+04 +4.919529628e+04 +4.937856628e+04 +4.937856628e+04 +5.9952e-01 -7.2345e-01 +8.7175e-01
54 +2.517618452e+04 +2.517618452e+04 +2.535945452e+04 +2.535945452e+04 +6.1619e-01 -7.7403e-01 +7.4393e-01
66 +2.519978394e+03 +2.519978394e+03 +2.703248394e+03 +2.703248394e+03 +6.3163e-01 -9.3740e-01 +8.2264e-01
91 +2.393041519e+03 +2.393041519e+03 +2.576311519e+03 +2.576311519e+03 +6.5634e-01 -9.3697e-01 +6.0154e-01
108 +2.326572020e+03 +2.326572020e+03 +2.509842020e+03 +2.509842020e+03 +6.6164e-01 -8.9952e-01 +5.6734e-01
115 +9.118994253e+02 +9.118994253e+02 +1.095169425e+03 +1.095169425e+03 +6.5422e-01 -8.8893e-01 -2.6332e-01
131 +3.246228677e+02 +3.246228677e+02 +5.078928677e+02 +5.078928677e+02 +3.5098e-01 -8.0912e-01 -1.6068e+00
139 +8.597288623e+01 +8.597288623e+01 +2.692428862e+02 +2.692428862e+02 +5.4728e-01 -8.5222e-01 -7.7659e-01
154 +7.839828615e+01 +7.839828615e+01 +2.616682861e+02 +2.616682861e+02 +5.6220e-01 -8.4140e-01 -9.6628e-01
163 +3.875517910e+01 +3.875517910e+01 +2.220251791e+02 +2.220251791e+02 +5.6165e-01 -8.3801e-01 -8.0928e-01
190 +2.623225982e+01 +2.623225982e+01 +2.095022598e+02 +2.095022598e+02 +5.8196e-01 -8.3920e-01 -8.0727e-01
197 +2.484087310e+01 +2.484087310e+01 +2.081108731e+02 +2.081108731e+02 +6.0129e-01 -8.3915e-01 -8.0298e-01
206 +2.107853442e+01 +2.107853442e+01 +2.043485344e+02 +2.043485344e+02 +5.5768e-01 -8.3916e-01 -8.4207e-01
214 +1.984027154e+01 +1.984027154e+01 +2.031102715e+02 +2.031102715e+02 +5.8938e-01 -8.3888e-01 -8.4086e-01
219 +1.372683332e+01 +1.372683332e+01 +1.969968333e+02 +1.969968333e+02 +4.6949e-01 -8.4386e-01 -8.8475e-01
351 +1.293180425e+01 +1.293180425e+01 +1.962018043e+02 +1.962018043e+02 +5.1562e-01 -8.4098e-01 -8.7941e-01
404 +1.256227132e+01 +1.256227132e+01 +1.958322713e+02 +1.958322713e+02 +4.9852e-01 -8.4186e-01 -8.9358e-01
463 +1.216725189e+01 +1.216725189e+01 +1.954372519e+02 +1.954372519e+02 +5.2499e-01 -8.4002e-01 -8.8543e-01
482 +1.178342425e+01 +1.178342425e+01 +1.950534243e+02 +1.950534243e+02 +5.2099e-01 -8.3954e-01 -8.9117e-01
496 +1.166279050e+01 +1.166279050e+01 +1.949327905e+02 +1.949327905e+02 +5.1574e-01 -8.3924e-01 -8.9822e-01
500 +1.096797683e+01 +1.096797683e+01 +1.942379768e+02 +1.942379768e+02 +5.4243e-01 -8.3777e-01 -9.0073e-01
507 +1.049605252e+01 +1.049605252e+01 +1.937660525e+02 +1.937660525e+02 +5.0589e-01 -8.3923e-01 -9.1026e-01
567 +1.010723971e+01 +1.010723971e+01 +1.933772397e+02 +1.933772397e+02 +5.2949e-01 -8.3845e-01 -9.1079e-01
583 +9.868976120e+00 +9.868976120e+00 +1.931389761e+02 +1.931389761e+02 +5.1796e-01 -8.3875e-01 -9.1184e-01
614 +9.402087190e+00 +9.402087190e+00 +1.926720872e+02 +1.926720872e+02 +5.2054e-01 -8.3842e-01 -9.1543e-01
621 +9.200696940e+00 +9.200696940e+00 +1.924706969e+02 +1.924706969e+02 +5.0487e-01 -8.3890e-01 -9.3208e-01
622 +8.809851586e+00 +8.809851586e+00 +1.920798516e+02 +1.920798516e+02 +5.1560e-01 -8.3748e-01 -9.4697e-01
636 +8.218613866e+00 +8.218613866e+00 +1.914886139e+02 +1.914886139e+02 +5.1370e-01 -8.3718e-01 -9.4297e-01
653 +8.067296195e+00 +8.067296195e+00 +1.913372962e+02 +1.913372962e+02 +5.0498e-01 -8.3738e-01 -9.4862e-01
761 +7.941714545e+00 +7.941714545e+00 +1.912117145e+02 +1.912117145e+02 +5.0428e-01 -8.3674e-01 -9.5827e-01
% function evaluation | noise-free fitness - Fopt (-1.000000000000e+03) | best noise-free fitness - Fopt | measured fitness | best measured fitness | x1 | x2...
1 +1.379066151e+07 +1.379066151e+07 +1.378966151e+07 +1.378966151e+07 +0.0000e+00 +0.0000e+00 +0.0000e+00
2 +7.772448363e+06 +7.772448363e+06 +7.771448363e+06 +7.771448363e+06 -3.6622e+00 -1.9975e+00 -1.7561e+00
3 +7.668146030e+06 +7.668146030e+06 +7.667146030e+06 +7.667146030e+06 -3.6684e+00 -2.0040e+00 -1.7404e+00
19 +7.579638288e+06 +7.579638288e+06 +7.578638288e+06 +7.578638288e+06 -3.6709e+00 -2.0396e+00 -1.7441e+00
27 +7.297382396e+06 +7.297382396e+06 +7.296382396e+06 +7.296382396e+06 -3.6697e+00 -2.0739e+00 -1.7021e+00
37 +7.231130561e+06 +7.231130561e+06 +7.230130561e+06 +7.230130561e+06 -3.6654e+00 -2.0284e+00 -1.6575e+00
40 +6.604452958e+06 +6.604452958e+06 +6.603452958e+06 +6.603452958e+06 -3.6959e+00 -2.0458e+00 -1.5325e+00
56 +6.422044276e+06 +6.422044276e+06 +6.421044276e+06 +6.421044276e+06 -3.6775e+00 -2.3193e+00 -1.6453e+00
57 +5.952980183e+06 +5.952980183e+06 +5.951980183e+06 +5.951980183e+06 -3.7684e+00 -2.1178e+00 -1.4363e+00
68 +4.656864006e+06 +4.656864006e+06 +4.655864006e+06 +4.655864006e+06 -3.6932e+00 -2.2502e+00 -1.0642e+00
76 +3.191095095e+06 +3.191095095e+06 +3.190095095e+06 +3.190095095e+06 -3.7636e+00 -4.0401e+00 -1.5459e+00
79 +1.704762254e+05 +1.704762254e+05 +1.694762254e+05 +1.694762254e+05 -3.9962e+00 -4.7419e+00 +4.8542e-01
96 +9.797429868e+04 +9.797429868e+04 +9.697429868e+04 +9.697429868e+04 -3.8653e+00 -5.7263e+00 -8.1858e-01
102 +5.528295657e+04 +5.528295657e+04 +5.428295657e+04 +5.428295657e+04 -3.8307e+00 -5.3004e+00 -4.1118e-01
139 +4.506635230e+04 +4.506635230e+04 +4.406635230e+04 +4.406635230e+04 -4.0969e+00 -4.5635e+00 +1.8353e-01
143 +1.725695860e+04 +1.725695860e+04 +1.625695860e+04 +1.625695860e+04 -4.0442e+00 -1.6545e+00 +1.7991e+00
216 +1.649968130e+04 +1.649968130e+04 +1.549968130e+04 +1.549968130e+04 -4.2331e+00 -6.5136e-01 +2.2934e+00
301 +1.474433356e+04 +1.474433356e+04 +1.374433356e+04 +1.374433356e+04 -2.0853e+00 -3.8165e+00 +1.4756e+00
494 +1.377868268e+04 +1.377868268e+04 +1.277868268e+04 +1.277868268e+04 -3.6441e+00 -2.1727e+00 +1.7252e+00
596 +1.337788187e+04 +1.337788187e+04 +1.237788187e+04 +1.237788187e+04 -3.6232e+00 -2.1302e+00 +1.7561e+00
606 +1.282194136e+04 +1.282194136e+04 +1.182194136e+04 +1.182194136e+04 -3.6442e+00 -1.9861e+00 +1.8259e+00
824 +1.254694074e+04 +1.254694074e+04 +1.154694074e+04 +1.154694074e+04 -3.6358e+00 -1.9755e+00 +1.8427e+00
874 +1.227678404e+04 +1.227678404e+04 +1.127678404e+04 +1.127678404e+04 -3.6373e+00 -1.9376e+00 +1.8699e+00
885 +1.195464046e+04 +1.195464046e+04 +1.095464046e+04 +1.095464046e+04 -3.6434e+00 -1.8701e+00 +1.9063e+00
% function evaluation | noise-free fitness - Fopt (-5.658000000000e+01) | best noise-free fitness - Fopt | measured fitness | best measured fitness | x1 | x2...
1 +4.091748754e+05 +4.091748754e+05 +4.091182954e+05 +4.091182954e+05 +0.0000e+00 +0.0000e+00 +0.0000e+00
2 +1.224675318e+05 +1.224675318e+05 +1.224109518e+05 +1.224109518e+05 +1.2131e+00 +1.8865e-01 -5.1217e-01
9 +1.154775863e+05 +1.154775863e+05 +1.154210063e+05 +1.154210063e+05 +1.2151e+00 +1.8859e-01 -4.9035e-01
36 +1.130116232e+05 +1.130116232e+05 +1.129550432e+05 +1.129550432e+05 +1.1847e+00 +1.8704e-01 -5.0779e-01
40 +1.083092190e+05 +1.083092190e+05 +1.082526390e+05 +1.082526390e+05 +1.1638e+00 +1.8890e-01 -5.0978e-01
54 +1.059762353e+05 +1.059762353e+05 +1.059196553e+05 +1.059196553e+05 +1.1692e+00 +1.8826e-01 -5.0066e-01
58 +1.020867402e+05 +1.020867402e+05 +1.020301602e+05 +1.020301602e+05 +1.1765e+00 +1.8669e-01 -4.8755e-01
68 +9.754043243e+04 +9.754043243e+04 +9.748385243e+04 +9.748385243e+04 +1.1572e+00 +1.8753e-01 -4.9083e-01
75 +8.395270675e+04 +8.395270675e+04 +8.389612675e+04 +8.389612675e+04 +1.1345e+00 +1.8871e-01 -4.7612e-01
85 +2.648744108e+04 +2.648744108e+04 +2.643086108e+04 +2.643086108e+04 +8.5678e-01 +1.8785e-01 -4.8934e-01
99 +9.361941682e+03 +9.361941682e+03 +9.305361682e+03 +9.305361682e+03 +6.5846e-01 +1.8532e-01 -4.9952e-01
108 +5.605004770e+03 +5.605004770e+03 +5.548424770e+03 +5.548424770e+03 +5.7459e-01 +1.8645e-01 -4.9725e-01
131 +5.447221580e+03 +5.447221580e+03 +5.390641580e+03 +5.390641580e+03 +5.7324e-01 +1.8556e-01 -4.7540e-01
175 +4.938698995e+03 +4.938698995e+03 +4.882118995e+03 +4.882118995e+03 +5.0959e-01 +1.8522e-01 -5.1874e-01
236 +4.609357638e+03 +4.609357638e+03 +4.552777638e+03 +4.552777638e+03 +4.3318e-01 +1.8523e-01 -5.5505e-01
263 +4.559064163e+03 +4.559064163e+03 +4.502484163e+03 +4.502484163e+03 +4.4564e-01 +1.8528e-01 -5.5236e-01
331 +4.448969937e+03 +4.448969937e+03 +4.392389937e+03 +4.392389937e+03 +4.5552e-01 +1.8533e-01 -5.6665e-01
350 +4.351113511e+03 +4.351113511e+03 +4.294533511e+03 +4.294533511e+03 +4.4336e-01 +1.8450e-01 -5.7253e-01
357 +4.094247727e+03 +4.094247727e+03 +4.037667727e+03 +4.037667727e+03 +4.1239e-01 +1.8527e-01 -5.9473e-01
363 +3.683564961e+03 +3.683564961e+03 +3.626984961e+03 +3.626984961e+03 +3.5501e-01 +1.8520e-01 -6.5060e-01
551 +3.502311304e+03 +3.502311304e+03 +3.445731304e+03 +3.445731304e+03 +2.5501e-01 +1.9256e-01 -6.7041e-01
567 +3.445352504e+03 +3.445352504e+03 +3.388772504e+03 +3.388772504e+03 +3.2804e-01 +1.9074e-01 -6.5502e-01
579 +3.357600547e+03 +3.357600547e+03 +3.301020547e+03 +3.301020547e+03 +3.1437e-01 +1.9262e-01 -6.5962e-01
596 +3.225155255e+03 +3.225155255e+03 +3.168575255e+03 +3.168575255e+03 +2.9615e-01 +1.9026e-01 -6.7529e-01
654 +3.147497277e+03 +3.147497277e+03 +3.090917277e+03 +3.090917277e+03 +2.8569e-01 +1.8864e-01 -6.8837e-01
669 +3.079318892e+03 +3.079318892e+03 +3.022738892e+03 +3.022738892e+03 +2.7431e-01 +1.8671e-01 -6.9268e-01
708 +3.000880197e+03 +3.000880197e+03 +2.944300197e+03 +2.944300197e+03 +2.5679e-01 +1.9975e-01 -7.0225e-01
724 +2.870619371e+03 +2.870619371e+03 +2.814039371e+03 +2.814039371e+03 +2.2920e-01 +2.1492e-01 -7.0014e-01
762 +2.793770252e+03 +2.793770252e+03 +2.737190252e+03 +2.737190252e+03 +2.0902e-01 +2.3117e-01 -7.0988e-01
773 +2.624611501e+03 +2.624611501e+03 +2.568031501e+03 +2.568031501e+03 +1.6508e-01 +2.3344e-01 -7.2386e-01
809 +2.558363211e+03 +2.558363211e+03 +2.501783211e+03 +2.501783211e+03 +1.4801e-01 +2.5456e-01 -7.2063e-01
814 +2.381343866e+03 +2.381343866e+03 +2.324763866e+03 +2.324763866e+03 +5.3337e-02 +3.6040e-01 -7.1457e-01
% function evaluation | noise-free fitness - Fopt (-2.043700000000e+02) | best noise-free fitness - Fopt | measured fitness | best measured fitness | x1 | x2...
1 +9.379623795e+06 +9.379623795e+06 +9.379419425e+06 +9.379419425e+06 +0.0000e+00 +0.0000e+00 +0.0000e+00
95 +8.644569368e+06 +8.644569368e+06 +8.644364998e+06 +8.644364998e+06 -7.0478e+00 +2.8531e+00 +6.8834e-01
110 +8.372727508e+06 +8.372727508e+06 +8.372523138e+06 +8.372523138e+06 -7.4480e+00 +2.8541e+00 +6.8863e-01
113 +8.151118319e+06 +8.151118319e+06 +8.150913949e+06 +8.150913949e+06 -7.7773e+00 +2.6952e+00 +6.8664e-01
116 +7.351110680e+06 +7.351110680e+06 +7.350906310e+06 +7.350906310e+06 -9.0276e+00 +2.9460e+00 +6.8769e-01
124 +6.486889373e+06 +6.486889373e+06 +6.486685003e+06 +6.486685003e+06 -1.0604e+01 +2.6204e+00 +6.8916e-01
126 +5.778395153e+06 +5.778395153e+06 +5.778190783e+06 +5.778190783e+06 -1.1960e+01 +2.8659e+00 +6.8215e-01
130 +3.111554866e+06 +3.111554866e+06 +3.111350496e+06 +3.111350496e+06 -2.0348e+01 +2.7999e+00 +6.8771e-01
137 +6.464263400e+05 +6.464263400e+05 +6.462219700e+05 +6.462219700e+05 -3.4637e+01 +2.8749e+00 +6.8628e-01
153 +6.160983562e+05 +6.160983562e+05 +6.158939862e+05 +6.158939862e+05 -3.2310e+01 +2.8138e+00 +6.8728e-01
191 +5.901243409e+05 +5.901243409e+05 +5.899199709e+05 +5.899199709e+05 -3.2415e+01 +3.4782e+00 +6.7122e-01
209 +5.857708000e+05 +5.857708000e+05 +5.855664300e+05 +5.855664300e+05 -3.2304e+01 +3.2613e+00 +6.4332e-01
220 +5.649428877e+05 +5.649428877e+05 +5.647385177e+05 +5.647385177e+05 -3.2475e+01 +4.1441e+00 +6.4658e-01
264 +5.615355047e+05 +5.615355047e+05 +5.613311347e+05 +5.613311347e+05 -3.3020e+01 +4.2745e+00 +6.4678e-01
280 +5.013475250e+05 +5.013475250e+05 +5.011431550e+05 +5.011431550e+05 -3.2573e+01 +6.7125e+00 +6.3441e-01
302 +4.090128324e+05 +4.090128324e+05 +4.088084624e+05 +4.088084624e+05 -3.2643e+01 +1.1659e+01 +6.3438e-01
311 +3.866888706e+05 +3.866888706e+05 +3.864845006e+05 +3.864845006e+05 -3.2621e+01 +1.3024e+01 +6.0399e-01
318 +3.185864620e+05 +3.185864620e+05 +3.183820920e+05 +3.183820920e+05 -3.2781e+01 +1.9155e+01 +6.0434e-01
336 +2.285006899e+05 +2.285006899e+05 +2.282963199e+05 +2.282963199e+05 -3.0407e+01 +3.3574e+01 +9.3552e-01
344 +1.035216270e+05 +1.035216270e+05 +1.033172570e+05 +1.033172570e+05 -3.0216e+01 +3.0309e+01 +3.7458e-01
351 +3.092003921e+04 +3.092003921e+04 +3.071566921e+04 +3.071566921e+04 -2.9024e+01 +4.1215e+01 +5.9870e-01
365 +2.099274532e+04 +2.099274532e+04 +2.078837532e+04 +2.078837532e+04 -3.1133e+01 +4.1700e+01 +7.0258e-01
382 +1.018838826e+04 +1.018838826e+04 +9.984018264e+03 +9.984018264e+03 -2.9711e+01 +4.2949e+01 +5.9483e-01
391 +5.688726781e+03 +5.688726781e+03 +5.484356781e+03 +5.484356781e+03 -2.8765e+01 +4.8980e+01 +5.3403e-01
398 +2.873010333e+03 +2.873010333e+03 +2.668640333e+03 +2.668640333e+03 -2.9064e+01 +4.6786e+01 +5.2118e-01
% function evaluation | noise-free fitness - Fopt (8.550000000000e+00) | best noise-free fitness - Fopt | measured fitness | best measured fitness | x1 | x2...
1 +2.011399772e+07 +2.011399772e+07 +2.011400627e+07 +2.011400627e+07 +0.0000e+00 +0.0000e+00 +0.0000e+00
95 +1.969791041e+07 +1.969791041e+07 +1.969791896e+07 +1.969791896e+07 +6.6172e-02 -9.2539e-02 -2.6016e+00
98 +1.004335201e+07 +1.004335201e+07 +1.004336056e+07 +1.004336056e+07 -4.5414e+00 +1.3447e+01 -2.4501e+00
99 +1.399040211e+06 +1.399040211e+06 +1.399048761e+06 +1.399048761e+06 -1.6308e+00 +5.5745e+00 -2.4304e+00
110 +5.853015367e+04 +5.853015367e+04 +5.853870367e+04 +5.853870367e+04 -1.3899e+00 +6.5436e+00 -2.4684e+00
139 +1.495691272e+04 +1.495691272e+04 +1.496546272e+04 +1.496546272e+04 +4.9161e+00 +1.8647e+00 -2.2497e+00
540 +5.437348221e+03 +5.437348221e+03 +5.445898221e+03 +5.445898221e+03 -6.7283e+00 +1.0659e+01 -1.1181e+01
628 +1.546804862e+03 +1.546804862e+03 +1.555354862e+03 +1.555354862e+03 -6.7314e+00 +1.0758e+01 -1.1883e+01
655 +7.839516848e+02 +7.839516848e+02 +7.925016848e+02 +7.925016848e+02 -6.7376e+00 +1.0743e+01 -1.1879e+01
677 +7.353013761e+02 +7.353013761e+02 +7.438513761e+02 +7.438513761e+02 -6.7317e+00 +1.0720e+01 -1.1672e+01
679 +6.269341062e+02 +6.269341062e+02 +6.354841062e+02 +6.354841062e+02 -6.7308e+00 +1.0724e+01 -1.1758e+01
681 +4.383984162e+02 +4.383984162e+02 +4.469484162e+02 +4.469484162e+02 -6.7419e+00 +1.0726e+01 -1.2282e+01
763 +4.273923276e+02 +4.273923276e+02 +4.359423276e+02 +4.359423276e+02 -6.7323e+00 +1.0717e+01 -1.2108e+01
773 +4.155088045e+02 +4.155088045e+02 +4.240588045e+02 +4.240588045e+02 -6.7319e+00 +1.0718e+01 -1.2165e+01
786 +3.908453065e+02 +3.908453065e+02 +3.993953065e+02 +3.993953065e+02 -6.7321e+00 +1.0716e+01 -1.2210e+01
808 +3.726469795e+02 +3.726469795e+02 +3.811969795e+02 +3.811969795e+02 -6.7308e+00 +1.0708e+01 -1.2150e+01
825 +3.640152446e+02 +3.640152446e+02 +3.725652446e+02 +3.725652446e+02 -6.7279e+00 +1.0709e+01 -1.2217e+01
829 +3.405544334e+02 +3.405544334e+02 +3.491044334e+02 +3.491044334e+02 -6.7270e+00 +1.0697e+01 -1.2237e+01
846 +3.177245354e+02 +3.177245354e+02 +3.262745354e+02 +3.262745354e+02 -6.7305e+00 +1.0704e+01 -1.2269e+01
866 +3.148335253e+02 +3.148335253e+02 +3.233835253e+02 +3.233835253e+02 -6.7293e+00 +1.0702e+01 -1.2273e+01
877 +3.010172741e+02 +3.010172741e+02 +3.095672741e+02 +3.095672741e+02 -6.7282e+00 +1.0693e+01 -1.2367e+01
880 +2.849044841e+02 +2.849044841e+02 +2.934544841e+02 +2.934544841e+02 -6.7289e+00 +1.0695e+01 -1.2385e+01
900 +2.782697398e+02 +2.782697398e+02 +2.868197398e+02 +2.868197398e+02 -6.7282e+00 +1.0697e+01 -1.2422e+01
% function evaluation | noise-free fitness - Fopt (3.258700000000e+02) | best noise-free fitness - Fopt | measured fitness | best measured fitness | x1 | x2...
1 +7.480375442e+06 +7.480375442e+06 +7.480701312e+06 +7.480701312e+06 +0.0000e+00 +0.0000e+00 +0.0000e+00
93 +1.870387608e+05 +1.870387608e+05 +1.873646308e+05 +1.873646308e+05 -2.1431e+00 +1.0810e+01 +2.2773e+00
154 +1.830804757e+05 +1.830804757e+05 +1.834063457e+05 +1.834063457e+05 -2.1431e+00 +1.0509e+01 +2.2265e+00
208 +1.799823044e+05 +1.799823044e+05 +1.803081744e+05 +1.803081744e+05 -2.1409e+00 +1.0372e+01 +2.1544e+00
210 +1.702116720e+05 +1.702116720e+05 +1.705375420e+05 +1.705375420e+05 -2.1400e+00 +1.0498e+01 +2.0352e+00
214 +1.664714501e+05 +1.664714501e+05 +1.667973201e+05 +1.667973201e+05 -2.1400e+00 +1.0402e+01 +2.0617e+00
259 +1.607170020e+05 +1.607170020e+05 +1.610428720e+05 +1.610428720e+05 -2.1399e+00 +9.7678e+00 +1.3128e+00
269 +8.599997201e+04 +8.599997201e+04 +8.632584201e+04 +8.632584201e+04 -2.1360e+00 +8.1005e+00 +2.4940e-01
358 +8.436660670e+04 +8.436660670e+04 +8.469247670e+04 +8.469247670e+04 -2.1461e+00 +7.0166e+00 -2.0559e-01
362 +8.184133154e+04 +8.184133154e+04 +8.216720154e+04 +8.216720154e+04 -2.1437e+00 +8.2521e+00 +4.5578e-01
367 +8.098248301e+04 +8.098248301e+04 +8.130835301e+04 +8.130835301e+04 -2.1479e+00 +8.2153e+00 +4.5954e-01
453 +7.930145794e+04 +7.930145794e+04 +7.962732794e+04 +7.962732794e+04 -2.1456e+00 +8.0864e+00 +3.9182e-01
588 +7.755117938e+04 +7.755117938e+04 +7.787704938e+04 +7.787704938e+04 -2.1478e+00 +7.9927e+00 +3.0708e-01
783 +7.576545740e+04 +7.576545740e+04 +7.609132740e+04 +7.609132740e+04 -2.0501e+00 +7.8411e+00 +2.6279e-01
% function evaluation | noise-free fitness - Fopt (-9.525000000000e+01) | best noise-free fitness - Fopt | measured fitness | best measured fitness | x1 | x2...
1 +1.219605019e+07 +1.219605019e+07 +1.219595494e+07 +1.219595494e+07 +0.0000e+00 +0.0000e+00 +0.0000e+00
111 +1.164425095e+07 +1.164425095e+07 +1.164415570e+07 +1.164415570e+07 -3.9380e-01 +7.1610e+00 -6.1021e-01
112 +9.337886573e+06 +9.337886573e+06 +9.337791323e+06 +9.337791323e+06 -4.5239e-01 +1.3018e+01 -7.3982e-01
116 +8.699037104e+06 +8.699037104e+06 +8.698941854e+06 +8.698941854e+06 -4.0561e-01 +1.1705e+01 -5.2106e-01
126 +3.217218289e+06 +3.217218289e+06 +3.217123039e+06 +3.217123039e+06 -4.3928e-01 +3.1614e+01 -5.2835e-01
151 +1.297450567e+06 +1.297450567e+06 +1.297355317e+06 +1.297355317e+06 -5.0335e-01 +4.5081e+01 -5.0848e-01
162 +1.131315160e+06 +1.131315160e+06 +1.131219910e+06 +1.131219910e+06 -5.2215e-01 +5.0687e+01 -5.2425e-01
205 +1.104699309e+06 +1.104699309e+06 +1.104604059e+06 +1.104604059e+06 +2.1988e-01 +4.7464e+01 +2.9178e-02
207 +8.995502491e+05 +8.995502491e+05 +8.994549991e+05 +8.994549991e+05 -1.7333e+00 +4.1556e+01 -2.5502e-02
242 +7.148822470e+05 +7.148822470e+05 +7.147869970e+05 +7.147869970e+05 -1.6016e+00 +3.3913e+01 +2.2484e-02
264 +3.207765386e+05 +3.207765386e+05 +3.206812886e+05 +3.206812886e+05 -4.4448e+00 +2.8149e+01 -2.1164e-01
277 +1.748062783e+05 +1.748062783e+05 +1.747110283e+05 +1.747110283e+05 -5.5074e+00 +2.1760e+01 +8.2723e-02
304 +9.061247922e+03 +9.061247922e+03 +8.965997922e+03 +8.965997922e+03 -7.0524e+00 +7.3586e+00 +7.0811e-01
319 +6.248159099e+03 +6.248159099e+03 +6.152909099e+03 +6.152909099e+03 -9.0062e+00 +4.0300e+00 +2.5137e-01
415 +6.108703115e+03 +6.108703115e+03 +6.013453115e+03 +6.013453115e+03 -9.1562e+00 +7.4311e+00 -6.0769e-02
423 +4.230743147e+03 +4.230743147e+03 +4.135493147e+03 +4.135493147e+03 -8.7357e+00 +7.0033e+00 +2.4712e-01
437 +1.179472739e+03 +1.179472739e+03 +1.084222739e+03 +1.084222739e+03 -8.6605e+00 +6.6877e+00 +2.5202e-01
517 +7.203410573e+02 +7.203410573e+02 +6.250910573e+02 +6.250910573e+02 -9.0540e+00 +6.8384e+00 +1.1079e-01
558 +6.371814286e+02 +6.371814286e+02 +5.419314286e+02 +5.419314286e+02 -9.0457e+00 +6.7018e+00 +1.1959e-01
593 +5.572110850e+02 +5.572110850e+02 +4.619610850e+02 +4.619610850e+02 -9.0258e+00 +6.4681e+00 +1.3258e-01
611 +2.602821739e+02 +2.602821739e+02 +1.650321739e+02 +1.650321739e+02 -9.1146e+00 +6.0442e+00 +1.5294e-01
660 +2.025062285e+02 +2.025062285e+02 +1.072562285e+02 +1.072562285e+02 -9.0876e+00 +6.0679e+00 +1.5157e-01
665 +1.777589067e+02 +1.777589067e+02 +8.250890674e+01 +8.250890674e+01 -9.1305e+00 +5.8935e+00 +1.4240e-01
679 +1.709139168e+02 +1.709139168e+02 +7.566391675e+01 +7.566391675e+01 -9.1255e+00 +5.9233e+00 +1.5536e-01
852 +1.635917572e+02 +1.635917572e+02 +6.834175719e+01 +6.834175719e+01 -8.9471e+00 +5.7733e+00 +2.2377e-01
887 +1.087005521e+02 +1.087005521e+02 +1.345055205e+01 +1.345055205e+01 -9.0269e+00 +5.6093e+00 +2.0625e-01
% function evaluation | noise-free fitness - Fopt (4.943000000000e+01) | best noise-free fitness - Fopt | measured fitness | best measured fitness | x1 | x2...
1 +1.357868890e+07 +1.357868890e+07 +1.357873833e+07 +1.357873833e+07 +0.0000e+00 +0.0000e+00 +0.0000e+00
128 +1.272048519e+07 +1.272048519e+07 +1.272053462e+07 +1.272053462e+07 +3.8980e-01 +2.0851e+00 +3.9423e+00
132 +1.211827793e+07 +1.211827793e+07 +1.211832736e+07 +1.211832736e+07 +3.8185e-01 +2.5489e+00 +4.9297e+00
134 +8.353500383e+06 +8.353500383e+06 +8.353549813e+06 +8.353549813e+06 +3.3547e-01 +2.4550e+00 +6.1075e+00
140 +5.281406254e+06 +5.281406254e+06 +5.281455684e+06 +5.281455684e+06 +3.4822e-01 +1.4181e+00 +5.7000e+00
149 +3.305035303e+06 +3.305035303e+06 +3.305084733e+06 +3.305084733e+06 +3.3120e-01 +8.4209e-01 +5.2851e+00
154 +5.417911352e+05 +5.417911352e+05 +5.418405652e+05 +5.418405652e+05 +1.3836e+00 +1.8965e+00 +9.3933e+00
155 +8.246137463e+04 +8.246137463e+04 +8.251080463e+04 +8.251080463e+04 +1.3851e+00 -1.1601e+00 +4.9617e+00
184 +1.437001195e+04 +1.437001195e+04 +1.441944195e+04 +1.441944195e+04 +1.3899e+00 -7.0566e-01 +6.5890e+00
261 +3.058449862e+03 +3.058449862e+03 +3.107879862e+03 +3.107879862e+03 +6.0569e-01 -1.0305e+00 +5.7393e+00
287 +2.177665552e+03 +2.177665552e+03 +2.227095552e+03 +2.227095552e+03 +9.1893e-01 -7.9320e-01 +6.1928e+00
308 +5.186503122e+02 +5.186503122e+02 +5.680803122e+02 +5.680803122e+02 +1.6796e+00 -7.7122e-01 +6.2198e+00
385 +1.034948031e+02 +1.034948031e+02 +1.529248031e+02 +1.529248031e+02 +2.6791e+00 -8.2685e-01 +6.0825e+00
467 +3.337573872e+01 +3.337573872e+01 +8.280573872e+01 +8.280573872e+01 +2.2716e+00 -7.8904e-01 +6.1666e+00
491 +2.282915012e+01 +2.282915012e+01 +7.225915012e+01 +7.225915012e+01 +2.4035e+00 -7.8028e-01 +6.1753e+00
528 +2.006649890e+01 +2.006649890e+01 +6.949649890e+01 +6.949649890e+01 +2.4344e+00 -7.7023e-01 +6.2008e+00
547 +1.771301016e+01 +1.771301016e+01 +6.714301016e+01 +6.714301016e+01 +2.4420e+00 -7.6948e-01 +6.1994e+00
564 +1.673481852e+01 +1.673481852e+01 +6.616481852e+01 +6.616481852e+01 +2.4235e+00 -7.7040e-01 +6.1966e+00
666 +1.658913214e+01 +1.658913214e+01 +6.601913214e+01 +6.601913214e+01 +2.4155e+00 -7.7111e-01 +6.1962e+00
% function evaluation | noise-free fitness - Fopt (-9.772000000000e+01) | best noise-free fitness - Fopt | measured fitness | best measured fitness | x1 | x2...
1 +2.318080341e+07 +2.318080341e+07 +2.318070569e+07 +2.318070569e+07 +0.0000e+00 +0.0000e+00 +0.0000e+00
2 +9.124009687e+06 +9.124009687e+06 +9.123911967e+06 +9.123911967e+06 +2.5768e+00 -2.8046e+00 +6.2831e-01
3 +9.002505545e+06 +9.002505545e+06 +9.002407825e+06 +9.002407825e+06 +2.5953e+00 -2.8871e+00 +6.1699e-01
5 +8.874627908e+06 +8.874627908e+06 +8.874530188e+06 +8.874530188e+06 +2.5851e+00 -2.9040e+00 +6.4049e-01
20 +8.422863884e+06 +8.422863884e+06 +8.422766164e+06 +8.422766164e+06 +2.6537e+00 -3.1641e+00 +6.3822e-01
40 +8.002862149e+06 +8.002862149e+06 +8.002764429e+06 +8.002764429e+06 +2.6230e+00 -3.4096e+00 +6.5074e-01
47 +7.298252652e+06 +7.298252652e+06 +7.298154932e+06 +7.298154932e+06 +2.5965e+00 -3.8720e+00 +6.5754e-01
64 +7.129179902e+06 +7.129179902e+06 +7.129082182e+06 +7.129082182e+06 +2.5960e+00 -3.9865e+00 +6.5158e-01
65 +6.963043949e+06 +6.963043949e+06 +6.962946229e+06 +6.962946229e+06 +2.6036e+00 -4.0776e+00 +6.5303e-01
70 +6.744427874e+06 +6.744427874e+06 +6.744330154e+06 +6.744330154e+06 +2.5980e+00 -4.1614e+00 +6.6772e-01
72 +5.361945939e+06 +5.361945939e+06 +5.361848219e+06 +5.361848219e+06 +2.5936e+00 -4.7391e+00 +6.5586e-01
73 +6.354361456e+05 +6.354361456e+05 +6.353384256e+05 +6.353384256e+05 +2.6177e+00 -7.7484e+00 +6.5649e-01
80 +3.458074538e+04 +3.458074538e+04 +3.448302538e+04 +3.448302538e+04 +2.5977e+00 -1.0068e+01 +6.5813e-01
97 +2.320815476e+04 +2.320815476e+04 +2.311043476e+04 +2.311043476e+04 +2.5977e+00 -9.4185e+00 +6.4390e-01
109 +1.136968754e+04 +1.136968754e+04 +1.127196754e+04 +1.127196754e+04 +2.5859e+00 -9.7565e+00 +5.4415e-01
112 +5.585688112e+03 +5.585688112e+03 +5.487968112e+03 +5.487968112e+03 +2.5951e+00 -9.7329e+00 +6.5961e-01
297 +5.494614411e+03 +5.494614411e+03 +5.396894411e+03 +5.396894411e+03 +2.5866e+00 -9.7383e+00 +6.4490e-01
499 +5.315389627e+03 +5.315389627e+03 +5.217669627e+03 +5.217669627e+03 +2.6178e+00 -9.7542e+00 +6.3663e-01
530 +5.182879369e+03 +5.182879369e+03 +5.085159369e+03 +5.085159369e+03 +2.6338e+00 -9.7250e+00 +6.4570e-01
543 +5.098434495e+03 +5.098434495e+03 +5.000714495e+03 +5.000714495e+03 +2.6454e+00 -9.7322e+00 +6.4743e-01
557 +4.689821623e+03 +4.689821623e+03 +4.592101623e+03 +4.592101623e+03 +2.7071e+00 -9.7303e+00 +6.5232e-01
576 +3.715814943e+03 +3.715814943e+03 +3.618094943e+03 +3.618094943e+03 +2.8770e+00 -9.7252e+00 +6.4167e-01
589 +2.499441831e+03 +2.499441831e+03 +2.401721831e+03 +2.401721831e+03 +3.1178e+00 -9.7279e+00 +6.5372e-01
608 +2.313084817e+03 +2.313084817e+03 +2.215364817e+03 +2.215364817e+03 +3.5569e+00 -9.7157e+00 +6.4965e-01
620 +1.975091707e+03 +1.975091707e+03 +1.877371707e+03 +1.877371707e+03 +3.5328e+00 -9.7176e+00 +6.6761e-01
621 +1.058307620e+03 +1.058307620e+03 +9.605876199e+02 +9.605876199e+02 +4.9693e+00 -9.7164e+00 +6.5996e-01
622 +8.796455221e+02 +8.796455221e+02 +7.819255221e+02 +7.819255221e+02 +4.0270e+00 -9.7158e+00 +6.6098e-01
632 +6.302312658e+02 +6.302312658e+02 +5.325112658e+02 +5.325112658e+02 +4.1583e+00 -9.7299e+00 +6.6575e-01
638 +5.826071966e+02 +5.826071966e+02 +4.848871966e+02 +4.848871966e+02 +4.8661e+00 -9.7167e+00 +6.7121e-01
647 +3.893967468e+02 +3.893967468e+02 +2.916767468e+02 +2.916767468e+02 +4.4218e+00 -9.7213e+00 +6.7061e-01
649 +3.384818413e+02 +3.384818413e+02 +2.407618413e+02 +2.407618413e+02 +4.8869e+00 -9.7092e+00 +6.8054e-01
651 +2.736156361e+02 +2.736156361e+02 +1.758956361e+02 +1.758956361e+02 +4.8777e+00 -9.7273e+00 +6.7455e-01
661 +2.301434076e+02 +2.301434076e+02 +1.324234076e+02 +1.324234076e+02 +4.4804e+00 -9.7277e+00 +6.9191e-01
662 +2.199180338e+02 +2.199180338e+02 +1.221980338e+02 +1.221980338e+02 +4.8072e+00 -9.7350e+00 +7.0010e-01
665 +1.645664592e+02 +1.645664592e+02 +6.684645920e+01 +6.684645920e+01 +4.9709e+00 -9.7177e+00 +6.8682e-01
672 +9.573658400e+01 +9.573658400e+01 -1.983416001e+00 -1.983416001e+00 +4.6413e+00 -9.7184e+00 +6.9213e-01
675 +8.439988608e+01 +8.439988608e+01 -1.332011392e+01 -1.332011392e+01 +4.7630e+00 -9.7200e+00 +6.8739e-01
691 +6.749878630e+01 +6.749878630e+01 -3.022121370e+01 -3.022121370e+01 +4.8517e+00 -9.7176e+00 +6.9129e-01
712 +5.610054335e+01 +5.610054335e+01 -4.161945665e+01 -4.161945665e+01 +4.8099e+00 -9.7001e+00 +7.0209e-01
763 +5.453290861e+01 +5.453290861e+01 -4.318709139e+01 -4.318709139e+01 +4.8522e+00 -9.7159e+00 +6.9585e-01
% function evaluation | noise-free fitness - Fopt (-5.100000000000e+01) | best noise-free fitness - Fopt | measured fitness | best measured fitness | x1 | x2...
1 +6.065659922e+06 +6.065659922e+06 +6.065608922e+06 +6.065608922e+06 +0.0000e+00 +0.0000e+00 +0.0000e+00
108 +3.927703451e+06 +3.927703451e+06 +3.927652451e+06 +3.927652451e+06 -9.6351e-01 -4.6670e+00 -1.3778e-01
156 +3.555683010e+06 +3.555683010e+06 +3.555632010e+06 +3.555632010e+06 -1.1566e+00 -5.3865e+00 -1.9207e-01
158 +3.427466653e+06 +3.427466653e+06 +3.427415653e+06 +3.427415653e+06 -1.0614e+00 -4.7360e+00 -2.9801e-01
163 +7.794919227e+04 +7.794919227e+04 +7.789819227e+04 +7.789819227e+04 -1.2787e+00 -5.0225e+00 -1.7602e+00
179 +1.634177144e+04 +1.634177144e+04 +1.629077144e+04 +1.629077144e+04 -1.7207e+00 -5.4330e+00 -1.7889e+00
193 +4.545731971e+03 +4.545731971e+03 +4.494731971e+03 +4.494731971e+03 -8.8871e-01 -3.1994e+00 -2.3113e+00
210 +1.839908180e+02 +1.839908180e+02 +1.329908180e+02 +1.329908180e+02 -9.2381e-01 -3.7285e+00 -2.2067e+00
