% function evaluation | noise-free fitness - Fopt (-4.620900000000e+02) | best noise-free fitness - Fopt | measured fitness | best measured fitness | x1 | x2...
1 +1.270868857e+02 +1.270868857e+02 -3.350031143e+02 -3.350031143e+02 +0.0000e+00 +0.0000e+00 +0.0000e+00 +0.0000e+00 +0.0000e+00
396 +9.149993654e+01 +9.149993654e+01 -3.705900635e+02 -3.705900635e+02 -2.5221e+00 -3.1667e+00 -5.6899e-02 +5.9074e-01 +2.9336e+00
438 +8.936835419e+01 +8.936835419e+01 -3.727216458e+02 -3.727216458e+02 -1.4142e+00 -3.1577e+00 -6.8767e-02 +8.7007e-01 +2.7442e+00
453 +8.784516083e+01 +8.784516083e+01 -3.742448392e+02 -3.742448392e+02 -1.4539e+00 -3.1503e+00 +6.2075e-01 -8.7344e-01 +2.7205e+00
504 +5.571619380e+01 +5.571619380e+01 -4.063738062e+02 -4.063738062e+02 -2.4473e+00 -3.1563e+00 +2.2113e+00 +2.7327e-01 +2.6306e+00
774 +4.498631794e+01 +4.498631794e+01 -4.171036821e+02 -4.171036821e+02 -1.3229e+00 +1.2251e-01 +2.0851e+00 +1.7235e+00 +2.2707e+00
871 +3.929173010e+01 +3.929173010e+01 -4.227982699e+02 -4.227982699e+02 -2.3699e+00 +8.3726e-01 +1.7758e+00 +1.0957e+00 +2.0866e+00
897 +1.802952176e+01 +1.802952176e+01 -4.440604782e+02 -4.440604782e+02 -1.4009e+00 +3.0517e+00 +1.5690e+00 +1.1814e+00 +2.7535e+00
1285 +1.265964649e+01 +1.265964649e+01 -4.494303535e+02 -4.494303535e+02 -1.3202e+00 +3.9689e+00 +1.5827e+00 +3.5725e-01 +2.6503e+00
% function evaluation | noise-free fitness - Fopt (7.766000000000e+01) | best noise-free fitness - Fopt | measured fitness | best measured fitness | x1 | x2...
1 +2.502431191e+02 +2.502431191e+02 +3.279031191e+02 +3.279031191e+02 +0.0000e+00 +0.0000e+00 +0.0000e+00 +0.0000e+00 +0.0000e+00
228 +2.205049130e+02 +2.205049130e+02 +2.981649130e+02 +2.981649130e+02 -5.9705e-01 -4.6013e+00 -3.5014e+00 -1.5257e+00 -1.5596e+00
236 +2.091966243e+02 +2.091966243e+02 +2.868566243e+02 +2.868566243e+02 -7.0994e-01 -4.5987e+00 -3.4761e+00 -1.7932e+00 -2.1986e+00
240 +1.902567865e+02 +1.902567865e+02 +2.679167865e+02 +2.679167865e+02 -1.1987e-02 -4.6012e+00 -3.5042e+00 -1.3539e+00 -1.8779e+00
279 +1.860378470e+02 +1.860378470e+02 +2.636978470e+02 +2.636978470e+02 -6.2890e-01 -4.5927e+00 -3.5326e+00 -1.1844e+00 -2.3890e+00
325 +1.777700900e+02 +1.777700900e+02 +2.554300900e+02 +2.554300900e+02 -6.9783e-01 -4.6012e+00 -3.5209e+00 -1.2215e+00 -2.4704e+00
361 +1.675731817e+02 +1.675731817e+02 +2.452331817e+02 +2.452331817e+02 -7.6352e-01 -4.6179e+00 -3.5461e+00 -8.5231e-01 -2.2179e+00
369 +1.487738678e+02 +1.487738678e+02 +2.264338678e+02 +2.264338678e+02 -1.4868e+00 -4.6123e+00 -3.5228e+00 +1.5934e+00 -6.2448e-01
383 +1.463722585e+02 +1.463722585e+02 +2.240322585e+02 +2.240322585e+02 -1.1530e+00 -4.6311e+00 -3.5178e+00 +3.5939e-01 -3.6827e+00
386 +1.149446652e+02 +1.149446652e+02 +1.926046652e+02 +1.926046652e+02 -1.2441e+00 -4.6148e+00 -3.4886e+00 +2.5936e+00 -1.6110e+00
407 +1.074706832e+02 +1.074706832e+02 +1.851306832e+02 +1.851306832e+02 -1.5209e+00 -4.6208e+00 -3.5520e+00 +1.7967e+00 -3.9727e+00
411 +1.039324573e+02 +1.039324573e+02 +1.815924573e+02 +1.815924573e+02 -1.4361e+00 -4.5688e+00 -3.5105e+00 +1.9818e+00 -3.2182e+00
416 +9.755475157e+01 +9.755475157e+01 +1.752147516e+02 +1.752147516e+02 -9.3824e-01 -4.6130e+00 -3.5200e+00 +1.2490e+00 -2.0263e+00
481 +8.545815867e+01 +8.545815867e+01 +1.631181587e+02 +1.631181587e+02 -8.8125e-01 -4.5935e+00 -3.4951e+00 +1.6751e+00 -2.4704e+00
529 +7.878044999e+01 +7.878044999e+01 +1.564404500e+02 +1.564404500e+02 -7.5289e-01 -4.6015e+00 -3.5056e+00 +2.3788e+00 -2.3486e+00
530 +6.099302799e+01 +6.099302799e+01 +1.386530280e+02 +1.386530280e+02 -7.4453e-01 -4.5915e+00 -2.7115e+00 +2.4227e+00 -2.1714e+00
602 +5.429323906e+01 +5.429323906e+01 +1.319532391e+02 +1.319532391e+02 +2.3170e-01 -4.6014e+00 -2.8248e+00 +2.9899e+00 -2.8143e+00
628 +4.337435818e+01 +4.337435818e+01 +1.210343582e+02 +1.210343582e+02 +6.0578e-01 -4.6112e+00 -1.2626e+00 +2.1650e+00 -2.7888e+00
906 +3.466446622e+01 +3.466446622e+01 +1.123244662e+02 +1.123244662e+02 +1.3375e+00 -4.6875e+00 -1.9066e+00 +2.9306e+00 -2.4787e+00
1491 +3.223905223e+01 +3.223905223e+01 +1.098990522e+02 +1.098990522e+02 +2.3517e+00 -4.5791e+00 -2.3354e+00 +2.9051e+00 -2.4363e+00
% function evaluation | noise-free fitness - Fopt (1.156800000000e+02) | best noise-free fitness - Fopt | measured fitness | best measured fitness | x1 | x2...
1 +4.301878994e+02 +4.301878994e+02 +5.458678994e+02 +5.458678994e+02 +0.0000e+00 +0.0000e+00 +0.0000e+00 +0.0000e+00 +0.0000e+00
237 +4.138583069e+02 +4.138583069e+02 +5.295383069e+02 +5.295383069e+02 -2.2948e+00 -3.0158e+00 +1.6829e+00 +2.2383e+00 +5.8099e-02
246 +2.309822605e+02 +2.309822605e+02 +3.466622605e+02 +3.466622605e+02 -2.1565e+00 -3.0169e+00 +1.6611e+00 +2.2959e+00 -8.0077e-01
275 +1.961860143e+02 +1.961860143e+02 +3.118660143e+02 +3.118660143e+02 -2.1972e+00 -3.0058e+00 +1.6812e+00 +2.2719e+00 -9.8962e-01
276 +8.750405966e+01 +8.750405966e+01 +2.031840597e+02 +2.031840597e+02 +3.1563e+00 -3.0378e+00 +1.6786e+00 +2.2400e+00 -3.2723e+00
302 +7.766179736e+01 +7.766179736e+01 +1.933417974e+02 +1.933417974e+02 -9.2296e-01 -3.1627e+00 +1.6660e+00 +2.2261e+00 -3.4406e+00
303 +6.486615319e+01 +6.486615319e+01 +1.805461532e+02 +1.805461532e+02 -2.8439e+00 -3.0603e+00 +1.7600e+00 +2.1868e+00 -2.9627e+00
340 +6.326109310e+01 +6.326109310e+01 +1.789410931e+02 +1.789410931e+02 -2.7546e+00 -3.1260e+00 +1.7272e+00 +2.2218e+00 -3.1847e+00
368 +5.074064806e+01 +5.074064806e+01 +1.664206481e+02 +1.664206481e+02 -4.1077e+00 -3.0528e+00 +1.7131e+00 +2.2418e+00 -3.2287e+00
409 +4.811293434e+01 +4.811293434e+01 +1.637929343e+02 +1.637929343e+02 +9.5165e-01 -3.1910e+00 +1.8093e+00 +2.2318e+00 -4.2950e+00
415 +4.248684197e+01 +4.248684197e+01 +1.581668420e+02 +1.581668420e+02 -1.1867e+00 -3.2971e+00 +1.8866e+00 +2.2150e+00 -4.0045e+00
460 +3.397726771e+01 +3.397726771e+01 +1.496572677e+02 +1.496572677e+02 -3.3027e+00 -3.2422e+00 +1.8896e+00 +2.2192e+00 -3.6228e+00
684 +3.270807662e+01 +3.270807662e+01 +1.483880766e+02 +1.483880766e+02 -1.1316e+00 -1.8615e+00 +1.8714e+00 +2.2149e+00 -2.8513e+00
717 +3.215436800e+01 +3.215436800e+01 +1.478343680e+02 +1.478343680e+02 -1.8684e+00 -1.0220e+00 +1.9726e+00 +2.2064e+00 -4.2785e+00
739 +2.577452415e+01 +2.577452415e+01 +1.414545242e+02 +1.414545242e+02 -2.1257e+00 -1.6924e+00 +1.9081e+00 +2.2236e+00 -3.5421e+00
788 +1.834956322e+01 +1.834956322e+01 +1.340295632e+02 +1.340295632e+02 -2.1954e+00 -1.7363e+00 +1.9406e+00 +2.1971e+00 -3.1955e+00
912 +1.644351959e+01 +1.644351959e+01 +1.321235196e+02 +1.321235196e+02 -3.1838e+00 -9.6129e-01 +1.9361e+00 +2.1946e+00 -3.5765e+00
1063 +1.521569782e+01 +1.521569782e+01 +1.308956978e+02 +1.308956978e+02 -1.1863e+00 -9.7988e-01 +1.9663e+00 +2.2093e+00 -3.5780e+00
1072 +1.367072127e+01 +1.367072127e+01 +1.293507213e+02 +1.293507213e+02 -2.1722e+00 -9.4831e-01 +1.9465e+00 +2.2126e+00 -3.6086e+00
% function evaluation | noise-free fitness - Fopt (-3.710000000000e+00) | best noise-free fitness - Fopt | measured fitness | best measured fitness | x1 | x2...
1 +2.700190966e+02 +2.700190966e+02 +2.663090966e+02 +2.663090966e+02 +0.0000e+00 +0.0000e+00 +0.0000e+00 +0.0000e+00 +0.0000e+00
405 +2.683319269e+02 +2.683319269e+02 +2.646219269e+02 +2.646219269e+02 -8.9878e-01 -4.6331e+00 +8.2761e-01 +3.9372e+00 -1.6237e+00
421 +2.549657854e+02 +2.549657854e+02 +2.512557854e+02 +2.512557854e+02 -9.3466e-01 -4.6200e+00 +1.2308e+00 +4.3458e+00 -1.6221e+00
718 +2.131282242e+02 +2.131282242e+02 +2.094182242e+02 +2.094182242e+02 -9.3476e-01 -4.8440e+00 +6.9730e-01 +1.8231e+00 -6.2643e-01
727 +1.929004563e+02 +1.929004563e+02 +1.891904563e+02 +1.891904563e+02 -8.6859e-01 -4.5975e+00 +1.1624e+00 +3.5807e+00 -7.0903e-01
787 +1.734301288e+02 +1.734301288e+02 +1.697201288e+02 +1.697201288e+02 -9.3805e-01 -4.5116e+00 +9.1597e-01 +3.6747e+00 -9.0904e-02
802 +6.235868460e+01 +6.235868460e+01 +5.864868460e+01 +5.864868460e+01 -8.0678e-01 -4.4322e+00 +2.8504e-01 +4.4335e+00 +3.0497e+00
848 +5.785945228e+01 +5.785945228e+01 +5.414945228e+01 +5.414945228e+01 -8.4419e-01 -4.5570e+00 +2.4789e+00 +3.2127e+00 +2.8560e+00
858 +5.004642191e+01 +5.004642191e+01 +4.633642191e+01 +4.633642191e+01 -8.4736e-01 -4.5074e+00 +1.3371e+00 +3.3851e+00 +2.4174e+00
864 +4.765155631e+01 +4.765155631e+01 +4.394155631e+01 +4.394155631e+01 -8.0774e-01 -4.6250e+00 +1.9010e+00 +3.5369e+00 +3.0545e+00
913 +3.794290388e+01 +3.794290388e+01 +3.423290388e+01 +3.423290388e+01 -9.7795e-01 -3.7178e+00 +1.7155e+00 +4.0171e+00 +3.1884e+00
967 +3.005919926e+01 +3.005919926e+01 +2.634919926e+01 +2.634919926e+01 -8.4892e-01 -3.7030e+00 +1.6735e+00 +3.9343e+00 +3.4739e+00
1180 +2.193008677e+01 +2.193008677e+01 +1.822008677e+01 +1.822008677e+01 +1.9393e-01 -1.4365e+00 +1.7544e+00 +3.9747e+00 +3.2052e+00
1279 +1.814128998e+01 +1.814128998e+01 +1.443128998e+01 +1.443128998e+01 +1.8874e-01 -2.3231e+00 +1.8674e+00 +3.9366e+00 +3.4861e+00
% function evaluation | noise-free fitness - Fopt (1.321800000000e+02) | best noise-free fitness - Fopt | measured fitness | best measured fitness | x1 | x2...
1 +2.589751285e+02 +2.589751285e+02 +3.911551285e+02 +3.911551285e+02 +0.0000e+00 +0.0000e+00 +0.0000e+00 +0.0000e+00 +0.0000e+00
2 +1.868441443e+02 +1.868441443e+02 +3.190241443e+02 +3.190241443e+02 -1.1262e+00 -3.3847e-01 +4.4329e+00 -2.8596e+00 -7.7795e-02
3 +1.856029664e+02 +1.856029664e+02 +3.177829664e+02 +3.177829664e+02 -1.1102e+00 -3.1115e-01 +4.4361e+00 -2.8571e+00 -7.9603e-02
4 +1.796546616e+02 +1.796546616e+02 +3.118346616e+02 +3.118346616e+02 -1.1201e+00 -3.0895e-01 +4.4662e+00 -2.8579e+00 -7.8842e-02
31 +1.714875017e+02 +1.714875017e+02 +3.036675017e+02 +3.036675017e+02 -1.1262e+00 -5.0583e-01 +4.4883e+00 -2.8524e+00 -8.9142e-02
69 +1.676477933e+02 +1.676477933e+02 +2.998277933e+02 +2.998277933e+02 -1.0766e+00 -1.0643e-01 +4.4800e+00 -2.8548e+00 -9.0573e-02
79 +1.655881492e+02 +1.655881492e+02 +2.977681492e+02 +2.977681492e+02 -1.1118e+00 -1.1482e-01 +4.5278e+00 -2.8541e+00 -8.7864e-02
110 +1.582083403e+02 +1.582083403e+02 +2.903883403e+02 +2.903883403e+02 -1.1152e+00 -7.5076e-01 +4.5212e+00 -2.8700e+00 -9.0369e-02
122 +1.518711723e+02 +1.518711723e+02 +2.840511723e+02 +2.840511723e+02 -1.1174e+00 +8.2111e-02 +4.5189e+00 -2.8634e+00 -8.3220e-02
144 +1.502865345e+02 +1.502865345e+02 +2.824665345e+02 +2.824665345e+02 -1.1425e+00 +7.0406e-01 +4.5079e+00 -2.8537e+00 -6.4882e-02
158 +1.471964672e+02 +1.471964672e+02 +2.793764672e+02 +2.793764672e+02 -1.0905e+00 +6.7547e-01 +4.5110e+00 -2.8589e+00 -8.0907e-02
246 +1.430589489e+02 +1.430589489e+02 +2.752389489e+02 +2.752389489e+02 -8.6270e-01 +7.4839e-01 +4.5014e+00 -2.8350e+00 -7.4430e-02
266 +1.392038148e+02 +1.392038148e+02 +2.713838148e+02 +2.713838148e+02 -7.9009e-01 +6.6378e-01 +4.5236e+00 -2.8355e+00 -7.5985e-02
% function evaluation | noise-free fitness - Fopt (6.438000000000e+01) | best noise-free fitness - Fopt | measured fitness | best measured fitness | x1 | x2...
1 +5.843451833e+02 +5.843451833e+02 +6.487251833e+02 +6.487251833e+02 +0.0000e+00 +0.0000e+00 +0.0000e+00 +0.0000e+00 +0.0000e+00
237 +5.324001701e+02 +5.324001701e+02 +5.967801701e+02 +5.967801701e+02 -3.5489e-01 +2.1669e+00 -1.6866e+00 +1.3264e+00 -1.6143e+00
253 +4.953626390e+02 +4.953626390e+02 +5.597426390e+02 +5.597426390e+02 -2.8668e-01 +1.8470e+00 -1.6520e+00 +1.3267e+00 -1.7310e+00
262 +4.573176165e+02 +4.573176165e+02 +5.216976165e+02 +5.216976165e+02 -3.2308e-01 +2.5525e+00 -1.6838e+00 +1.3277e+00 -4.1705e+00
277 +4.456757819e+02 +4.456757819e+02 +5.100557819e+02 +5.100557819e+02 -3.3769e-01 +9.0950e-01 -1.2463e+00 +1.3237e+00 -3.0203e+00
307 +4.363317963e+02 +4.363317963e+02 +5.007117963e+02 +5.007117963e+02 -2.8095e-01 +1.8653e+00 -1.2181e+00 +1.3329e+00 -3.6426e+00
440 +4.171049884e+02 +4.171049884e+02 +4.814849884e+02 +4.814849884e+02 -1.8390e-01 +2.4037e+00 -1.5802e+00 +1.2376e+00 -3.9628e+00
460 +3.943430614e+02 +3.943430614e+02 +4.587230614e+02 +4.587230614e+02 -1.3853e-01 +3.1673e+00 -1.7889e+00 +1.1239e+00 -4.2623e+00
491 +3.615216418e+02 +3.615216418e+02 +4.259016418e+02 +4.259016418e+02 -2.7596e-02 +6.7952e+00 -2.4352e+00 +8.5606e-01 -3.1114e+00
509 +2.894200720e+02 +2.894200720e+02 +3.538000720e+02 +3.538000720e+02 -9.2075e-02 +5.1345e+00 -2.0795e+00 +3.8364e-01 -3.0733e+00
552 +2.469544638e+02 +2.469544638e+02 +3.113344638e+02 +3.113344638e+02 -2.1689e-01 +5.0034e+00 -2.1258e+00 +1.6992e-01 -3.5220e+00
570 +2.259240866e+02 +2.259240866e+02 +2.903040866e+02 +2.903040866e+02 -1.9636e-01 +2.0294e+00 -5.9402e+00 -3.2009e-01 -2.9451e+00
582 +1.879338100e+02 +1.879338100e+02 +2.523138100e+02 +2.523138100e+02 -2.1787e-01 +6.0225e+00 -7.3382e-02 -4.2004e-01 -4.2003e+00
588 +1.574801727e+02 +1.574801727e+02 +2.218601727e+02 +2.218601727e+02 -6.8132e-01 +2.3233e+00 -8.6453e-01 -1.4438e+00 -2.0527e+00
598 +1.360402111e+02 +1.360402111e+02 +2.004202111e+02 +2.004202111e+02 -2.1040e-01 +3.8800e+00 -4.1750e+00 -1.1555e+00 -3.8212e+00
602 +6.359523465e+01 +6.359523465e+01 +1.279752346e+02 +1.279752346e+02 -4.5609e-02 +3.4900e+00 -3.1440e+00 -2.8412e+00 -2.9861e+00
649 +4.452484037e+01 +4.452484037e+01 +1.089048404e+02 +1.089048404e+02 +6.1723e-02 +2.9324e+00 -1.8159e+00 -2.7403e+00 -2.9907e+00
657 +2.637106723e+01 +2.637106723e+01 +9.075106723e+01 +9.075106723e+01 +3.6275e-02 +3.2286e+00 -1.2726e+00 -3.5171e+00 -3.9870e+00
1086 +2.104094008e+01 +2.104094008e+01 +8.542094008e+01 +8.542094008e+01 +1.4491e-02 +4.0075e+00 -1.2230e+00 -3.1895e+00 -3.9918e+00
1248 +2.071156643e+01 +2.071156643e+01 +8.509156643e+01 +8.509156643e+01 +2.8163e-02 +4.0648e+00 -2.9158e+00 -3.7016e+00 -3.7437e+00
% function evaluation | noise-free fitness - Fopt (2.824800000000e+02) | best noise-free fitness - Fopt | measured fitness | best measured fitness | x1 | x2...
1 +3.110681503e+02 +3.110681503e+02 +5.935481503e+02 +5.935481503e+02 +0.0000e+00 +0.0000e+00 +0.0000e+00 +0.0000e+00 +0.0000e+00
111 +3.035763774e+02 +3.035763774e+02 +5.860563774e+02 +5.860563774e+02 -4.3560e+00 +2.7245e+00 -2.2858e+00 -1.8782e+00 -3.2914e+00
113 +2.734316337e+02 +2.734316337e+02 +5.559116337e+02 +5.559116337e+02 -4.1746e+00 +2.5873e+00 -2.1475e+00 -1.8667e+00 -2.7691e+00
154 +2.572153012e+02 +2.572153012e+02 +5.396953012e+02 +5.396953012e+02 -4.1178e+00 +2.1599e+00 -2.2412e+00 -1.7489e+00 -2.8869e+00
155 +2.364476675e+02 +2.364476675e+02 +5.189276675e+02 +5.189276675e+02 -4.4866e+00 +1.1450e+00 -1.8922e+00 -1.7779e+00 -2.4455e+00
171 +2.327404332e+02 +2.327404332e+02 +5.152204332e+02 +5.152204332e+02 -4.1264e+00 +1.3004e+00 -2.1208e+00 -1.7788e+00 -2.9024e+00
174 +2.242591464e+02 +2.242591464e+02 +5.067391464e+02 +5.067391464e+02 -4.0355e+00 +1.0110e+00 -2.2414e+00 -1.7632e+00 -2.8244e+00
178 +2.116117341e+02 +2.116117341e+02 +4.940917341e+02 +4.940917341e+02 -4.2082e+00 +4.4048e-01 -1.4710e+00 -1.7710e+00 -2.8327e+00
196 +1.989695521e+02 +1.989695521e+02 +4.814495521e+02 +4.814495521e+02 -4.1712e+00 +1.7634e+00 +2.6215e-01 -1.7488e+00 -2.8902e+00
200 +1.937332254e+02 +1.937332254e+02 +4.762132254e+02 +4.762132254e+02 -4.2319e+00 -1.2136e+00 -1.7802e+00 -1.6590e+00 -2.8611e+00
218 +1.771597705e+02 +1.771597705e+02 +4.596397705e+02 +4.596397705e+02 -3.6800e+00 +3.9601e-01 -1.1516e+00 -1.8051e+00 -2.6606e+00
252 +1.599961932e+02 +1.599961932e+02 +4.424761932e+02 +4.424761932e+02 -3.8774e+00 -2.0017e+00 -8.4633e-01 -1.8052e+00 -3.6274e+00
267 +1.474738596e+02 +1.474738596e+02 +4.299538596e+02 +4.299538596e+02 -3.9193e+00 -4.2243e-01 -9.2709e-01 -9.5399e-01 -2.8450e+00
271 +1.350995657e+02 +1.350995657e+02 +4.175795657e+02 +4.175795657e+02 -3.8814e+00 -6.8709e-01 -1.2026e+00 -1.4112e+00 -2.8825e+00
282 +9.829459267e+01 +9.829459267e+01 +3.807745927e+02 +3.807745927e+02 -3.4382e+00 -1.9467e+00 -9.7348e-01 +2.8409e-01 -3.1245e+00
306 +8.099513498e+01 +8.099513498e+01 +3.634751350e+02 +3.634751350e+02 -3.8196e+00 -1.2257e+00 -9.7265e-01 +1.5406e+00 -3.5061e+00
325 +7.932243494e+01 +7.932243494e+01 +3.618024349e+02 +3.618024349e+02 -3.8650e+00 -4.0778e+00 -1.1776e+00 +1.5771e+00 -3.4567e+00
376 +6.596350065e+01 +6.596350065e+01 +3.484435007e+02 +3.484435007e+02 -5.6503e-01 -1.9513e+00 -6.9785e-01 +2.1487e+00 -3.9377e+00
480 +5.426470369e+01 +5.426470369e+01 +3.367447037e+02 +3.367447037e+02 -2.2750e+00 -3.3085e+00 -1.0376e+00 +2.0420e+00 -2.8585e+00
500 +4.928590633e+01 +4.928590633e+01 +3.317659063e+02 +3.317659063e+02 -1.5931e+00 -2.6595e+00 +8.6838e-02 +1.5146e+00 -3.3656e+00
528 +4.308331316e+01 +4.308331316e+01 +3.255633132e+02 +3.255633132e+02 -2.3836e+00 -5.8004e+00 +1.7545e-01 +1.1168e+00 -3.2382e+00
559 +3.513315493e+01 +3.513315493e+01 +3.176131549e+02 +3.176131549e+02 +4.4586e-01 -4.4410e+00 +1.8392e+00 +2.0377e+00 -2.5557e+00
602 +3.238834517e+01 +3.238834517e+01 +3.148683452e+02 +3.148683452e+02 -7.9682e-01 -4.9232e+00 +1.7680e+00 +1.1309e+00 -3.2396e+00
611 +3.087321226e+01 +3.087321226e+01 +3.133532123e+02 +3.133532123e+02 +5.8131e-01 -3.5945e+00 +6.1622e-01 +1.0785e+00 -3.2174e+00
615 +2.136626703e+01 +2.136626703e+01 +3.038462670e+02 +3.038462670e+02 -6.0899e-01 -4.7524e+00 +6.5072e-01 +1.1903e+00 -3.2250e+00
707 +1.943533827e+01 +1.943533827e+01 +3.019153383e+02 +3.019153383e+02 -5.8725e-01 -4.0227e+00 +1.2794e+00 +1.1759e+00 -3.2343e+00
898 +1.790463495e+01 +1.790463495e+01 +3.003846349e+02 +3.003846349e+02 -4.0753e-01 -3.2573e+00 +1.0839e+00 +1.0918e+00 -3.1843e+00
944 +1.720449746e+01 +1.720449746e+01 +2.996844975e+02 +2.996844975e+02 -6.1997e-01 -2.6003e+00 +6.4412e-01 +1.5534e+00 -3.1945e+00
947 +1.489180943e+01 +1.489180943e+01 +2.973718094e+02 +2.973718094e+02 -3.8246e-01 -3.4523e+00 +1.2557e+00 +1.9534e+00 -3.2228e+00
1028 +1.086736702e+01 +1.086736702e+01 +2.933473670e+02 +2.933473670e+02 -3.0360e-01 -2.5474e+00 +2.3177e+00 +1.4930e+00 -3.2352e+00
1084 +1.061023727e+01 +1.061023727e+01 +2.930902373e+02 +2.930902373e+02 +4.8278e-01 -2.7534e+00 +1.8285e+00 +1.5225e+00 -3.2636e+00
1236 +1.017972313e+01 +1.017972313e+01 +2.926597231e+02 +2.926597231e+02 +1.5819e+00 -3.2740e+00 +2.3573e+00 +1.5072e+00 -3.2646e+00
% function evaluation | noise-free fitness - Fopt (4.826100000000e+02) | best noise-free fitness - Fopt | measured fitness | best measured fitness | x1 | x2...
1 +2.003869618e+02 +2.003869618e+02 +6.829969618e+02 +6.829969618e+02 +0.0000e+00 +0.0000e+00 +0.0000e+00 +0.0000e+00 +0.0000e+00
158 +1.609219376e+02 +1.609219376e+02 +6.435319376e+02 +6.435319376e+02 +3.3941e+00 -3.6936e+00 -4.3366e+00 -9.3298e-01 -2.0309e+00
207 +1.431816544e+02 +1.431816544e+02 +6.257916544e+02 +6.257916544e+02 +5.1197e+00 -3.6137e+00 -8.7993e-01 -1.3504e+00 -2.4274e+00
224 +1.173182575e+02 +1.173182575e+02 +5.999282575e+02 +5.999282575e+02 +3.4562e+00 -3.5406e+00 -1.9291e+00 -1.9556e+00 -2.2796e+00
292 +1.088346660e+02 +1.088346660e+02 +5.914446660e+02 +5.914446660e+02 +2.8699e+00 -3.5171e+00 -8.4392e-01 -3.9239e+00 -2.5083e+00
344 +9.272978791e+01 +9.272978791e+01 +5.753397879e+02 +5.753397879e+02 +2.6641e+00 -2.5601e+00 -1.5236e+00 -3.0200e+00 -2.2946e+00
368 +8.390200558e+01 +8.390200558e+01 +5.665120056e+02 +5.665120056e+02 +3.7852e+00 -3.0572e+00 -2.1038e+00 -2.5415e+00 -2.2612e+00
383 +5.920079534e+01 +5.920079534e+01 +5.418107953e+02 +5.418107953e+02 +2.7279e+00 +1.2399e+00 -1.1423e+00 -3.0485e+00 -2.5349e+00
438 +5.155503029e+01 +5.155503029e+01 +5.341650303e+02 +5.341650303e+02 +1.5948e+00 +3.0790e+00 -1.2790e+00 -2.9464e+00 -2.2659e+00
464 +3.274645214e+01 +3.274645214e+01 +5.153564521e+02 +5.153564521e+02 +1.6872e+00 +1.1417e+00 -1.3832e+00 -2.6740e+00 -2.2119e+00
585 +3.220256430e+01 +3.220256430e+01 +5.148125643e+02 +5.148125643e+02 +1.8547e+00 +1.8805e-01 -1.4910e+00 -3.0105e+00 -2.0555e+00
643 +2.106744852e+01 +2.106744852e+01 +5.036774485e+02 +5.036774485e+02 +6.9757e-01 +2.8462e-01 -1.3499e+00 -3.0812e+00 -1.6529e+00
741 +1.594068347e+01 +1.594068347e+01 +4.985506835e+02 +4.985506835e+02 +1.6977e+00 +2.6334e+00 -1.3996e+00 -3.0003e+00 -1.9341e+00
% function evaluation | noise-free fitness - Fopt (7.177000000000e+01) | best noise-free fitness - Fopt | measured fitness | best measured fitness | x1 | x2...
1 +8.941325881e+01 +8.941325881e+01 +1.611832588e+02 +1.611832588e+02 +0.0000e+00 +0.0000e+00 +0.0000e+00 +0.0000e+00 +0.0000e+00
535 +6.462609931e+01 +6.462609931e+01 +1.363960993e+02 +1.363960993e+02 +2.3523e-01 +3.9150e-01 +2.4372e+00 +2.4634e+00 +1.1231e+00
562 +5.804362533e+01 +5.804362533e+01 +1.298136253e+02 +1.298136253e+02 -1.1350e-01 -1.3730e+00 +1.9454e+00 +1.7308e+00 +8.8525e-01
563 +4.112149502e+01 +4.112149502e+01 +1.128914950e+02 +1.128914950e+02 -1.2058e+00 -1.3741e+00 +2.5035e+00 +1.6797e+00 +1.3967e+00
667 +2.608825979e+01 +2.608825979e+01 +9.785825979e+01 +9.785825979e+01 -2.8224e-01 -4.4268e-01 +2.0254e+00 -6.1862e-02 +1.4430e+00
907 +2.311050211e+01 +2.311050211e+01 +9.488050211e+01 +9.488050211e+01 -6.2818e-02 +1.0912e+00 +1.5012e+00 +4.1414e-01 +1.4941e+00
912 +2.199793716e+01 +2.199793716e+01 +9.376793716e+01 +9.376793716e+01 +9.6678e-03 +1.0287e+00 +1.4873e+00 +3.2697e-01 +1.4125e+00
1238 +1.081187092e+01 +1.081187092e+01 +8.258187092e+01 +8.258187092e+01 -3.2754e+00 +1.8379e+00 +9.4765e-01 +8.3434e-01 +1.5000e+00
1397 +9.813847756e+00 +9.813847756e+00 +8.158384776e+01 +8.158384776e+01 -4.2109e+00 +1.8438e+00 +9.8178e-01 +4.2560e-01 +1.4082e+00
% function evaluation | noise-free fitness - Fopt (8.448800000000e+02) | best noise-free fitness - Fopt | measured fitness | best measured fitness | x1 | x2...
1 +2.374921797e+02 +2.374921797e+02 +1.082372180e+03 +1.082372180e+03 +0.0000e+00 +0.0000e+00 +0.0000e+00 +0.0000e+00 +0.0000e+00
203 +2.099116223e+02 +2.099116223e+02 +1.054791622e+03 +1.054791622e+03 +4.6490e-01 +3.2896e+00 -9.2074e-01 -4.0613e+00 +2.6403e+00
218 +1.988460145e+02 +1.988460145e+02 +1.043726014e+03 +1.043726014e+03 +3.9103e-01 +3.0564e+00 -1.9428e+00 -4.2612e+00 +2.8248e+00
227 +1.619386481e+02 +1.619386481e+02 +1.006818648e+03 +1.006818648e+03 +1.0738e+00 +1.9876e+00 -4.8835e+00 -4.2970e+00 +3.0357e+00
298 +1.407188360e+02 +1.407188360e+02 +9.855988360e+02 +9.855988360e+02 +5.3613e-01 +3.6245e+00 -4.0489e+00 -2.7213e+00 +3.2193e+00
305 +1.267982639e+02 +1.267982639e+02 +9.716782639e+02 +9.716782639e+02 +1.0528e+00 +2.6231e+00 -3.5212e+00 -3.3717e+00 +3.2474e+00
309 +1.251904649e+02 +1.251904649e+02 +9.700704649e+02 +9.700704649e+02 +2.5819e-01 +2.2277e+00 -6.2305e+00 -2.2504e+00 +3.5470e+00
314 +8.659411005e+01 +8.659411005e+01 +9.314741100e+02 +9.314741100e+02 +1.9002e+00 +3.1536e+00 -3.6454e+00 -2.4139e+00 +3.9507e+00
343 +8.364615646e+01 +8.364615646e+01 +9.285261565e+02 +9.285261565e+02 +1.7536e+00 +9.0879e-01 -3.5436e+00 +1.0628e+00 +2.9088e+00
353 +5.997165161e+01 +5.997165161e+01 +9.048516516e+02 +9.048516516e+02 +1.2462e+00 +1.3218e+00 -4.9363e+00 -1.8677e+00 +3.9629e+00
372 +3.458269310e+01 +3.458269310e+01 +8.794626931e+02 +8.794626931e+02 +1.2162e+00 +1.9799e+00 -3.6612e+00 -9.5191e-01 +3.2812e+00
449 +2.438221785e+01 +2.438221785e+01 +8.692622179e+02 +8.692622179e+02 +1.1738e+00 +3.2446e-01 -3.6182e+00 -6.4768e-01 +3.0697e+00
467 +1.908342638e+01 +1.908342638e+01 +8.639634264e+02 +8.639634264e+02 +1.1536e+00 +1.1848e+00 -4.1056e+00 -2.3225e-01 +3.0316e+00
573 +1.796374031e+01 +1.796374031e+01 +8.628437403e+02 +8.628437403e+02 +1.5611e+00 +1.2984e+00 -3.5455e+00 +2.7009e-01 +3.7274e+00
689 +1.476378977e+01 +1.476378977e+01 +8.596437898e+02 +8.596437898e+02 +2.1691e+00 +1.3466e+00 -3.7159e+00 -1.0492e-01 +3.3910e+00
743 +9.872801458e+00 +9.872801458e+00 +8.547528015e+02 +8.547528015e+02 +2.9589e+00 +1.2419e+00 -3.5868e+00 +2.8618e-01 +3.3899e+00
% function evaluation | noise-free fitness - Fopt (-4.222000000000e+01) | best noise-free fitness - Fopt | measured fitness | best measured fitness | x1 | x2...
1 +1.867570553e+02 +1.867570553e+02 +1.445370553e+02 +1.445370553e+02 +0.0000e+00 +0.0000e+00 +0.0000e+00 +0.0000e+00 +0.0000e+00
502 +1.574023699e+02 +1.574023699e+02 +1.151823699e+02 +1.151823699e+02 -2.2173e+00 +5.3699e-01 +1.1490e+00 +2.0221e+00 -3.9563e+00
530 +1.459497733e+02 +1.459497733e+02 +1.037297733e+02 +1.037297733e+02 -1.6948e+00 -1.4624e+00 -3.2901e-01 -3.0401e+00 -3.1704e+00
534 +1.386726645e+02 +1.386726645e+02 +9.645266453e+01 +9.645266453e+01 -2.1874e+00 -3.5727e-01 +1.4912e+00 -2.5105e+00 -3.6966e+00
540 +9.529044689e+01 +9.529044689e+01 +5.307044689e+01 +5.307044689e+01 -2.2100e+00 -3.7938e+00 +2.4527e+00 -1.1026e+00 -3.9270e+00
552 +8.308081728e+01 +8.308081728e+01 +4.086081728e+01 +4.086081728e+01 -1.3116e+00 -3.4909e+00 +9.3426e-01 -1.9841e+00 -1.3253e+00
580 +5.961719086e+01 +5.961719086e+01 +1.739719086e+01 +1.739719086e+01 -1.9556e+00 -2.2071e+00 +1.4031e+00 -4.0765e-01 -1.7557e+00
615 +5.844290419e+01 +5.844290419e+01 +1.622290419e+01 +1.622290419e+01 -3.4730e+00 -5.7775e+00 +1.3724e+00 -2.8190e-01 -2.8784e+00
634 +2.925818967e+01 +2.925818967e+01 -1.296181033e+01 -1.296181033e+01 -2.2667e+00 -3.2254e+00 +1.9398e+00 -2.9984e-01 -2.4465e+00
929 +2.258343609e+01 +2.258343609e+01 -1.963656391e+01 -1.963656391e+01 -3.6964e-01 -5.2184e+00 +2.6396e+00 -3.1733e-01 -2.4635e+00
968 +2.200193209e+01 +2.200193209e+01 -2.021806791e+01 -2.021806791e+01 -1.5481e+00 -4.7056e+00 +2.5770e+00 +5.0631e-01 -2.1762e+00
1429 +1.598598421e+01 +1.598598421e+01 -2.623401579e+01 -2.623401579e+01 -3.8192e-01 -4.7175e+00 +3.0480e+00 +1.9273e-01 -1.7674e+00
1457 +1.131546619e+01 +1.131546619e+01 -3.090453381e+01 -3.090453381e+01 -2.8127e-01 -3.9203e+00 +2.0730e+00 +1.9249e-01 -1.8349e+00
% function evaluation | noise-free fitness - Fopt (-9.179000000000e+01) | best noise-free fitness - Fopt | measured fitness | best measured fitness | x1 | x2...
1 +3.037149441e+02 +3.037149441e+02 +2.119249441e+02 +2.119249441e+02 +0.0000e+00 +0.0000e+00 +0.0000e+00 +0.0000e+00 +0.0000e+00
329 +2.720593127e+02 +2.720593127e+02 +1.802693127e+02 +1.802693127e+02 -3.1393e+00 -6.5316e-02 -1.8324e+00 +7.7029e-01 +1.0738e-01
336 +2.376076836e+02 +2.376076836e+02 +1.458176836e+02 +1.458176836e+02 -3.0899e+00 -1.0713e+00 +5.3895e-01 +1.1220e+00 +3.0398e+00
338 +1.772768060e+02 +1.772768060e+02 +8.548680602e+01 +8.548680602e+01 -3.1415e+00 +1.2003e+00 -5.2880e+00 +1.0792e+00 +3.0654e+00
343 +1.558828596e+02 +1.558828596e+02 +6.409285960e+01 +6.409285960e+01 -3.1427e+00 +1.8414e+00 -1.5638e+00 +8.3137e-01 +4.1239e+00
382 +1.291979819e+02 +1.291979819e+02 +3.740798194e+01 +3.740798194e+01 -3.1358e+00 +1.9820e+00 -3.9507e+00 +1.1634e+00 +3.8412e+00
383 +6.838018237e+01 +6.838018237e+01 -2.340981763e+01 -2.340981763e+01 -3.0316e+00 +1.6606e+00 -3.9490e+00 -4.7536e-01 +4.2219e+00
424 +5.709334781e+01 +5.709334781e+01 -3.469665219e+01 -3.469665219e+01 -2.8584e+00 +3.0395e+00 -2.9400e+00 -1.6770e+00 +4.7546e+00
457 +4.134797346e+01 +4.134797346e+01 -5.044202654e+01 -5.044202654e+01 -3.0622e+00 +2.0904e+00 -3.2147e+00 -8.7885e-01 +4.2779e+00
459 +3.567531983e+01 +3.567531983e+01 -5.611468017e+01 -5.611468017e+01 -3.0163e+00 +2.0603e+00 -2.3619e+00 -3.3747e-01 +4.2648e+00
663 +1.693345931e+01 +1.693345931e+01 -7.485654069e+01 -7.485654069e+01 -2.9953e+00 +2.1780e+00 -3.3971e+00 -1.5924e+00 +4.3218e+00
% function evaluation | noise-free fitness - Fopt (-1.277000000000e+01) | best noise-free fitness - Fopt | measured fitness | best measured fitness | x1 | x2...
1 +1.375962187e+02 +1.375962187e+02 +1.248262187e+02 +1.248262187e+02 +0.0000e+00 +0.0000e+00 +0.0000e+00 +0.0000e+00 +0.0000e+00
435 +1.073465574e+02 +1.073465574e+02 +9.457655744e+01 +9.457655744e+01 -5.4035e-01 -1.1605e+00 -9.0050e-02 +1.2663e+00 -2.3866e+00
502 +7.645691188e+01 +7.645691188e+01 +6.368691188e+01 +6.368691188e+01 +5.7871e-01 -1.0078e+00 -4.4282e-01 +1.5312e+00 -8.7886e-01
556 +6.217586342e+01 +6.217586342e+01 +4.940586342e+01 +4.940586342e+01 +1.7783e+00 +1.3001e+00 +5.0814e-01 +1.0595e-01 -1.2307e+00
581 +5.269242119e+01 +5.269242119e+01 +3.992242119e+01 +3.992242119e+01 +2.3679e+00 +7.3746e-01 -7.6729e-01 +1.0941e+00 -1.2949e+00
630 +5.236501535e+01 +5.236501535e+01 +3.959501535e+01 +3.959501535e+01 +1.5288e+00 +2.0529e+00 -1.8266e-01 +1.2808e+00 -1.3675e+00
637 +4.262220611e+01 +4.262220611e+01 +2.985220611e+01 +2.985220611e+01 +7.1655e-01 +1.4120e+00 -7.3339e-01 +1.1299e+00 -1.9432e+00
709 +4.135034361e+01 +4.135034361e+01 +2.858034361e+01 +2.858034361e+01 +1.7232e+00 +2.7186e+00 -3.8023e-01 +2.2454e-01 -1.3812e+00
747 +1.612325698e+01 +1.612325698e+01 +3.353256982e+00 +3.353256982e+00 +2.6178e+00 +1.4057e+00 -4.9164e-01 -2.4906e-01 -1.9592e+00
908 +1.386452560e+01 +1.386452560e+01 +1.094525600e+00 +1.094525600e+00 +1.7989e+00 +1.3911e+00 -1.0935e+00 +2.0230e-01 -1.9585e+00
% function evaluation | noise-free fitness - Fopt (-1.000000000000e+03) | best noise-free fitness - Fopt | measured fitness | best measured fitness | x1 | x2...
1 +1.141418558e+02 +1.141418558e+02 -8.858581442e+02 -8.858581442e+02 +0.0000e+00 +0.0000e+00 +0.0000e+00 +0.0000e+00 +0.0000e+00
603 +9.872803189e+01 +9.872803189e+01 -9.012719681e+02 -9.012719681e+02 +3.8973e+00 -4.3768e+00 -2.6503e+00 -2.1726e+00 -1.6856e+00
664 +6.054709152e+01 +6.054709152e+01 -9.394529085e+02 -9.394529085e+02 -7.5595e-01 -1.5979e+00 -1.4244e+00 -7.1685e-01 -2.3161e+00
702 +4.147626212e+01 +4.147626212e+01 -9.585237379e+02 -9.585237379e+02 -2.7741e+00 -4.4009e+00 -2.5413e+00 -1.0391e+00 -2.0575e+00
745 +3.937615768e+01 +3.937615768e+01 -9.606238423e+02 -9.606238423e+02 -1.9365e+00 -3.5044e+00 -2.2219e+00 +6.1712e-01 -1.3163e+00
779 +2.931720404e+01 +2.931720404e+01 -9.706827960e+02 -9.706827960e+02 -8.9131e-01 -3.6428e+00 -2.5127e+00 +2.7712e-02 -1.7839e+00
851 +1.754200430e+01 +1.754200430e+01 -9.824579957e+02 -9.824579957e+02 -1.9439e+00 -2.0158e+00 -2.0879e+00 +1.5224e-01 -1.1338e+00
1218 +1.291347207e+01 +1.291347207e+01 -9.870865279e+02 -9.870865279e+02 -1.9931e+00 -3.5486e+00 -2.4457e+00 -2.5183e-01 -1.0634e+00
% function evaluation | noise-free fitness - Fopt (-1.000000000000e+03) | best noise-free fitness - Fopt | measured fitness | best measured fitness | x1 | x2...
1 +1.215938098e+02 +1.215938098e+02 -8.784061902e+02 -8.784061902e+02 +0.0000e+00 +0.0000e+00 +0.0000e+00 +0.0000e+00 +0.0000e+00
227 +1.150806566e+02 +1.150806566e+02 -8.849193434e+02 -8.849193434e+02 -2.2106e+00 +2.4247e+00 +2.3864e+00 +3.4215e+00 -3.2864e+00
230 +8.951483964e+01 +8.951483964e+01 -9.104851604e+02 -9.104851604e+02 -2.1273e+00 +2.6200e+00 +3.2105e+00 +3.3896e+00 -3.1113e+00
236 +6.070419127e+01 +6.070419127e+01 -9.392958087e+02 -9.392958087e+02 -2.1995e+00 +2.6711e+00 +9.6552e-01 +2.9923e+00 -2.5904e+00
291 +3.435635799e+01 +3.435635799e+01 -9.656436420e+02 -9.656436420e+02 -2.1755e+00 +2.6824e+00 +1.9992e+00 +2.5231e+00 -7.8318e-01
361 +3.299817132e+01 +3.299817132e+01 -9.670018287e+02 -9.670018287e+02 -2.1413e+00 +2.0459e+00 +2.2481e+00 +2.9654e+00 -9.0837e-01
387 +2.133016128e+01 +2.133016128e+01 -9.786698387e+02 -9.786698387e+02 -2.1987e+00 +2.4001e+00 +2.0245e+00 +3.0659e+00 -8.8992e-01
421 +1.674032411e+01 +1.674032411e+01 -9.832596759e+02 -9.832596759e+02 -2.0416e+00 +2.0304e+00 +2.0365e+00 +3.0294e+00 -7.5932e-01
1120 +7.498857426e+00 +7.498857426e+00 -9.925011426e+02 -9.925011426e+02 -2.0938e+00 +6.1808e-01 +1.5793e+00 +3.5218e+00 -4.4217e-01
1396 +3.554215215e+00 +3.554215215e+00 -9.964457848e+02 -9.964457848e+02 -2.1795e+00 +6.0006e-01 +1.5406e+00 +3.0597e+00 -8.3654e-01
