% function evaluation | noise-free fitness - Fopt (-6.211100000000e+02) | best noise-free fitness - Fopt | measured fitness | best measured fitness | x1 | x2...
1 +6.877353523e+06 +6.877353523e+06 +6.876732413e+06 +6.876732413e+06 +0.0000e+00 +0.0000e+00 +0.0000e+00
157 +4.809322435e+06 +4.809322435e+06 +4.808701325e+06 +4.808701325e+06 +5.4946e+00 -3.1880e+00 -8.4333e-01
181 +3.121268609e+06 +3.121268609e+06 +3.120647499e+06 +3.120647499e+06 +5.5904e+00 -2.5508e+00 -7.2299e-02
196 +2.935781356e+06 +2.935781356e+06 +2.935160246e+06 +2.935160246e+06 +7.1531e+00 -3.6011e+00 -1.0072e+00
198 +1.024015632e+06 +1.024015632e+06 +1.023394522e+06 +1.023394522e+06 +9.3928e+00 -2.4894e+00 -1.3212e+00
200 +9.254782674e+05 +9.254782674e+05 +9.248571574e+05 +9.248571574e+05 +6.2500e+00 -5.9654e-01 -6.8647e-01
201 +1.854647342e+05 +1.854647342e+05 +1.848436242e+05 +1.848436242e+05 +5.4684e+00 -1.2497e+00 -9.3486e-01
219 +8.416957113e+04 +8.416957113e+04 +8.354846113e+04 +8.354846113e+04 +5.4359e+00 -4.7814e-01 -8.9189e-01
241 +1.453589361e+04 +1.453589361e+04 +1.391478361e+04 +1.391478361e+04 +4.7666e+00 -1.8831e-01 -8.6202e-01
257 +6.566124788e+03 +6.566124788e+03 +5.945014788e+03 +5.945014788e+03 +4.8842e+00 -4.9448e-01 -8.7361e-01
% function evaluation | noise-free fitness - Fopt (-2.548200000000e+02) | best noise-free fitness - Fopt | measured fitness | best measured fitness | x1 | x2...
1 +5.028150026e+07 +5.028150026e+07 +5.028124544e+07 +5.028124544e+07 +0.0000e+00 +0.0000e+00 +0.0000e+00
73 +4.301419544e+07 +4.301419544e+07 +4.301394062e+07 +4.301394062e+07 -1.6510e+00 -8.1566e-01 -1.6223e+00
79 +1.646015413e+07 +1.646015413e+07 +1.645989931e+07 +1.645989931e+07 -1.6511e+00 -8.5009e-01 -2.7002e+00
97 +1.510757423e+07 +1.510757423e+07 +1.510731941e+07 +1.510731941e+07 -1.6511e+00 -8.2146e-01 -3.5793e+00
105 +1.456991078e+07 +1.456991078e+07 +1.456965596e+07 +1.456965596e+07 -1.6506e+00 -8.5202e-01 -3.1516e+00
113 +1.442541300e+07 +1.442541300e+07 +1.442515818e+07 +1.442515818e+07 -1.6501e+00 -8.8876e-01 -3.2321e+00
139 +1.391774763e+07 +1.391774763e+07 +1.391749281e+07 +1.391749281e+07 -1.6515e+00 -1.0954e+00 -3.2438e+00
155 +1.330733339e+07 +1.330733339e+07 +1.330707857e+07 +1.330707857e+07 -1.6550e+00 -1.4291e+00 -3.1688e+00
184 +1.309103418e+07 +1.309103418e+07 +1.309077936e+07 +1.309077936e+07 -1.6655e+00 -1.4999e+00 -3.5190e+00
208 +1.283152288e+07 +1.283152288e+07 +1.283126806e+07 +1.283126806e+07 -1.6725e+00 -1.6153e+00 -3.5189e+00
221 +1.203432894e+07 +1.203432894e+07 +1.203407412e+07 +1.203407412e+07 -1.6623e+00 -2.0765e+00 -3.2255e+00
222 +1.100964668e+07 +1.100964668e+07 +1.100939186e+07 +1.100939186e+07 -1.6520e+00 -2.4913e+00 -3.3057e+00
235 +1.083441863e+07 +1.083441863e+07 +1.083416381e+07 +1.083416381e+07 -1.6598e+00 -2.6993e+00 -3.2931e+00
247 +1.060425157e+07 +1.060425157e+07 +1.060399675e+07 +1.060399675e+07 -1.6479e+00 -2.9524e+00 -3.2578e+00
252 +1.044745189e+07 +1.044745189e+07 +1.044719707e+07 +1.044719707e+07 -1.6676e+00 -2.7713e+00 -3.3897e+00
254 +9.695875554e+06 +9.695875554e+06 +9.695620734e+06 +9.695620734e+06 -1.6581e+00 -2.9241e+00 -3.6882e+00
265 +9.039523086e+06 +9.039523086e+06 +9.039268266e+06 +9.039268266e+06 -1.6479e+00 -3.2659e+00 -3.5767e+00
280 +8.378174337e+06 +8.378174337e+06 +8.377919517e+06 +8.377919517e+06 -1.6496e+00 -4.4227e+00 -3.4656e+00
292 +7.489366032e+06 +7.489366032e+06 +7.489111212e+06 +7.489111212e+06 -1.6486e+00 -4.3204e+00 -3.6295e+00
% function evaluation | noise-free fitness - Fopt (5.661000000000e+01) | best noise-free fitness - Fopt | measured fitness | best measured fitness | x1 | x2...
1 +2.847483922e+08 +2.847483922e+08 +2.847484488e+08 +2.847484488e+08 +0.0000e+00 +0.0000e+00 +0.0000e+00
47 +2.673082402e+08 +2.673082402e+08 +2.673082968e+08 +2.673082968e+08 +3.7550e+00 -3.7364e+00 -2.8249e+00
70 +2.411717569e+08 +2.411717569e+08 +2.411718136e+08 +2.411718136e+08 +3.6018e+00 -3.7369e+00 -2.8262e+00
78 +1.515290866e+08 +1.515290866e+08 +1.515291433e+08 +1.515291433e+08 +2.9213e+00 -3.7047e+00 -2.8267e+00
92 +1.487952683e+08 +1.487952683e+08 +1.487953249e+08 +1.487953249e+08 +2.8681e+00 -3.6310e+00 -2.8264e+00
94 +1.314693502e+08 +1.314693502e+08 +1.314694068e+08 +1.314694068e+08 +2.8076e+00 -3.9240e+00 -2.8330e+00
98 +1.003366498e+08 +1.003366498e+08 +1.003367064e+08 +1.003367064e+08 +2.3559e+00 -3.6955e+00 -2.8300e+00
100 +5.342116011e+07 +5.342116011e+07 +5.342121672e+07 +5.342121672e+07 +1.5644e+00 -3.7319e+00 -2.8354e+00
104 +4.867368063e+07 +4.867368063e+07 +4.867373724e+07 +4.867373724e+07 +1.4281e+00 -3.6768e+00 -2.8393e+00
107 +8.468495796e+06 +8.468495796e+06 +8.468552406e+06 +8.468552406e+06 -6.0124e-01 -3.7138e+00 -2.8227e+00
115 +2.882501763e+06 +2.882501763e+06 +2.882558373e+06 +2.882558373e+06 -2.4405e+00 -3.6983e+00 -2.9277e+00
123 +2.544722146e+06 +2.544722146e+06 +2.544778756e+06 +2.544778756e+06 -2.4771e+00 -3.3012e+00 -2.8692e+00
137 +1.128833306e+06 +1.128833306e+06 +1.128889916e+06 +1.128889916e+06 -3.5582e+00 -2.6436e+00 -2.8670e+00
169 +2.540271412e+05 +2.540271412e+05 +2.540837512e+05 +2.540837512e+05 -5.6452e+00 -1.1476e+00 -2.9020e+00
184 +2.400452669e+05 +2.400452669e+05 +2.401018769e+05 +2.401018769e+05 -5.0868e+00 -1.7632e+00 -2.8535e+00
197 +2.269936980e+05 +2.269936980e+05 +2.270503080e+05 +2.270503080e+05 -5.2083e+00 -1.7270e+00 -2.8399e+00
212 +1.280476996e+05 +1.280476996e+05 +1.281043096e+05 +1.281043096e+05 -5.9311e+00 -1.5416e+00 -2.8659e+00
243 +1.218147629e+05 +1.218147629e+05 +1.218713729e+05 +1.218713729e+05 -5.4768e+00 -1.5806e+00 -2.8879e+00
245 +1.193472262e+05 +1.193472262e+05 +1.194038362e+05 +1.194038362e+05 -5.5649e+00 -1.5534e+00 -2.8743e+00
265 +1.148062363e+05 +1.148062363e+05 +1.148628463e+05 +1.148628463e+05 -5.5436e+00 -1.5223e+00 -2.8771e+00
272 +1.089276539e+05 +1.089276539e+05 +1.089842639e+05 +1.089842639e+05 -5.5874e+00 -1.5448e+00 -2.8842e+00
275 +5.937841822e+04 +5.937841822e+04 +5.943502822e+04 +5.943502822e+04 -5.5972e+00 -1.4307e+00 -2.9436e+00
% function evaluation | noise-free fitness - Fopt (-1.810000000000e+01) | best noise-free fitness - Fopt | measured fitness | best measured fitness | x1 | x2...
1 +1.616251011e+07 +1.616251011e+07 +1.616249201e+07 +1.616249201e+07 +0.0000e+00 +0.0000e+00 +0.0000e+00
2 +3.497149787e+06 +3.497149787e+06 +3.497131687e+06 +3.497131687e+06 +4.7133e+00 +3.8008e+00 +3.8200e-01
3 +3.442973135e+06 +3.442973135e+06 +3.442955035e+06 +3.442955035e+06 +4.7157e+00 +3.7823e+00 +3.8273e-01
26 +3.368922656e+06 +3.368922656e+06 +3.368904556e+06 +3.368904556e+06 +4.7177e+00 +3.7529e+00 +3.8310e-01
38 +3.236933550e+06 +3.236933550e+06 +3.236915450e+06 +3.236915450e+06 +4.7112e+00 +3.7680e+00 +4.0482e-01
51 +3.218822780e+06 +3.218822780e+06 +3.218804680e+06 +3.218804680e+06 +4.7135e+00 +3.7662e+00 +4.0598e-01
65 +3.110067479e+06 +3.110067479e+06 +3.110049379e+06 +3.110049379e+06 +4.7179e+00 +3.7210e+00 +4.0619e-01
66 +3.080454871e+06 +3.080454871e+06 +3.080436771e+06 +3.080436771e+06 +4.7155e+00 +3.7620e+00 +4.2167e-01
67 +3.013565922e+06 +3.013565922e+06 +3.013547822e+06 +3.013547822e+06 +4.7148e+00 +3.7730e+00 +4.3343e-01
68 +2.644500161e+06 +2.644500161e+06 +2.644482061e+06 +2.644482061e+06 +4.7160e+00 +3.7158e+00 +4.6695e-01
79 +1.135699227e+06 +1.135699227e+06 +1.135681127e+06 +1.135681127e+06 +4.7154e+00 +3.8001e+00 +7.6440e-01
98 +2.496418834e+05 +2.496418834e+05 +2.496237834e+05 +2.496237834e+05 +4.7165e+00 +3.0783e+00 +8.9618e-01
142 +5.469490193e+04 +5.469490193e+04 +5.467680193e+04 +5.467680193e+04 +4.6924e+00 +3.3939e+00 +1.1146e+00
153 +2.157505559e+04 +2.157505559e+04 +2.155695559e+04 +2.155695559e+04 +4.7925e+00 +3.1172e+00 +1.1126e+00
167 +4.756554940e+03 +4.756554940e+03 +4.738454940e+03 +4.738454940e+03 +4.7514e+00 +3.2269e+00 +1.2151e+00
184 +3.885945308e+03 +3.885945308e+03 +3.867845308e+03 +3.867845308e+03 +4.7440e+00 +3.1674e+00 +1.1835e+00
185 +2.394873263e+03 +2.394873263e+03 +2.376773263e+03 +2.376773263e+03 +4.6716e+00 +3.1618e+00 +1.2090e+00
202 +1.521760222e+03 +1.521760222e+03 +1.503660222e+03 +1.503660222e+03 +4.7504e+00 +3.2575e+00 +1.1608e+00
211 +1.114224303e+03 +1.114224303e+03 +1.096124303e+03 +1.096124303e+03 +4.7722e+00 +3.2217e+00 +1.1848e+00
230 +5.898637293e+02 +5.898637293e+02 +5.717637293e+02 +5.717637293e+02 +4.6899e+00 +3.1799e+00 +1.1809e+00
236 +5.632012391e+02 +5.632012391e+02 +5.451012391e+02 +5.451012391e+02 +4.6318e+00 +3.1765e+00 +1.1854e+00
254 +1.068446287e+02 +1.068446287e+02 +8.874462867e+01 +8.874462867e+01 +4.7996e+00 +3.2500e+00 +1.1696e+00
276 +7.653276570e+01 +7.653276570e+01 +5.843276570e+01 +5.843276570e+01 +4.7170e+00 +3.2168e+00 +1.1856e+00
277 +7.519209313e+01 +7.519209313e+01 +5.709209313e+01 +5.709209313e+01 +4.7340e+00 +3.2259e+00 +1.1822e+00
287 +6.652909892e+01 +6.652909892e+01 +4.842909892e+01 +4.842909892e+01 +4.7412e+00 +3.2293e+00 +1.1747e+00
291 +5.204524062e+01 +5.204524062e+01 +3.394524062e+01 +3.394524062e+01 +4.7711e+00 +3.2378e+00 +1.1700e+00
% function evaluation | noise-free fitness - Fopt (3.777000000000e+01) | best noise-free fitness - Fopt | measured fitness | best measured fitness | x1 | x2...
1 +6.756700038e+06 +6.756700038e+06 +6.756737808e+06 +6.756737808e+06 +0.0000e+00 +0.0000e+00 +0.0000e+00
215 +3.971383740e+06 +3.971383740e+06 +3.971421510e+06 +3.971421510e+06 +2.3782e+00 +2.8099e+00 -1.9958e+00
222 +4.208183095e+05 +4.208183095e+05 +4.208560795e+05 +4.208560795e+05 +1.0722e+00 +2.8401e+00 -2.8493e-01
228 +3.425029418e+05 +3.425029418e+05 +3.425407118e+05 +3.425407118e+05 +1.1308e-01 +2.8361e+00 +6.3531e-01
254 +3.132475501e+05 +3.132475501e+05 +3.132853201e+05 +3.132853201e+05 +9.1873e-01 +2.8322e+00 -2.2597e-01
267 +3.041118491e+05 +3.041118491e+05 +3.041496191e+05 +3.041496191e+05 +8.8772e-01 +2.8326e+00 -6.5440e-02
274 +1.346543103e+05 +1.346543103e+05 +1.346920803e+05 +1.346920803e+05 +6.9142e-01 +2.9278e+00 -1.7543e-02
275 +7.002008517e+03 +7.002008517e+03 +7.039778517e+03 +7.039778517e+03 +1.5907e-01 +2.8431e+00 -6.1714e-03
% function evaluation | noise-free fitness - Fopt (6.054000000000e+01) | best noise-free fitness - Fopt | measured fitness | best measured fitness | x1 | x2...
1 +1.175711059e+07 +1.175711059e+07 +1.175717113e+07 +1.175717113e+07 +0.0000e+00 +0.0000e+00 +0.0000e+00
108 +1.052003799e+06 +1.052003799e+06 +1.052064339e+06 +1.052064339e+06 +3.6645e+00 -3.5202e-01 +2.9018e-01
122 +3.140236400e+05 +3.140236400e+05 +3.140841800e+05 +3.140841800e+05 +4.7260e+00 -4.7970e-01 +5.4628e-01
153 +1.081155462e+05 +1.081155462e+05 +1.081760862e+05 +1.081760862e+05 +4.2027e+00 -2.0916e-01 -6.1705e-01
171 +1.711437277e+04 +1.711437277e+04 +1.717491277e+04 +1.717491277e+04 +4.2027e+00 -4.4492e-01 -7.2925e-01
262 +1.160903937e+04 +1.160903937e+04 +1.166957937e+04 +1.166957937e+04 +3.8266e+00 -3.7318e-01 -8.3790e-01
270 +4.622905989e+03 +4.622905989e+03 +4.683445989e+03 +4.683445989e+03 +3.6223e+00 -3.9750e-01 -1.1702e+00
271 +1.054469087e+03 +1.054469087e+03 +1.115009087e+03 +1.115009087e+03 +3.7792e+00 -3.8684e-01 -1.0631e+00
% function evaluation | noise-free fitness - Fopt (7.079600000000e+02) | best noise-free fitness - Fopt | measured fitness | best measured fitness | x1 | x2...
1 +7.447208617e+06 +7.447208617e+06 +7.447916577e+06 +7.447916577e+06 +0.0000e+00 +0.0000e+00 +0.0000e+00
2 +1.252649797e+06 +1.252649797e+06 +1.253357757e+06 +1.253357757e+06 -8.1141e-01 +1.5722e+00 +1.7564e+00
5 +1.219607998e+06 +1.219607998e+06 +1.220315958e+06 +1.220315958e+06 -8.1992e-01 +1.5607e+00 +1.7595e+00
15 +1.129542190e+06 +1.129542190e+06 +1.130250150e+06 +1.130250150e+06 -8.3370e-01 +1.4916e+00 +1.7632e+00
25 +1.120681408e+06 +1.120681408e+06 +1.121389368e+06 +1.121389368e+06 -8.4822e-01 +1.5207e+00 +1.7600e+00
32 +1.089747656e+06 +1.089747656e+06 +1.090455616e+06 +1.090455616e+06 -8.0332e-01 +1.3368e+00 +1.7550e+00
33 +8.987812917e+05 +8.987812917e+05 +8.994892517e+05 +8.994892517e+05 -9.2402e-01 +1.4303e+00 +1.7567e+00
44 +6.032405617e+05 +6.032405617e+05 +6.039485217e+05 +6.039485217e+05 -8.4244e-01 +6.6823e-01 +1.7579e+00
50 +4.064491028e+05 +4.064491028e+05 +4.071570628e+05 +4.071570628e+05 -9.1654e-01 +4.1253e-01 +1.7513e+00
68 +2.726066569e+05 +2.726066569e+05 +2.733146169e+05 +2.733146169e+05 -1.2098e+00 -1.5186e+00 +1.7518e+00
69 +2.306443158e+05 +2.306443158e+05 +2.313522758e+05 +2.313522758e+05 -9.2722e-01 -6.1132e-02 +1.7488e+00
76 +1.545375338e+05 +1.545375338e+05 +1.552454938e+05 +1.552454938e+05 -1.3677e+00 +4.7476e-01 +1.7281e+00
79 +1.292218227e+05 +1.292218227e+05 +1.299297827e+05 +1.299297827e+05 -1.5442e+00 +5.2170e-01 +1.7438e+00
81 +6.950886513e+04 +6.950886513e+04 +7.021682513e+04 +7.021682513e+04 -1.1425e+00 -4.9098e-01 +1.7319e+00
87 +6.531682694e+04 +6.531682694e+04 +6.602478694e+04 +6.602478694e+04 -1.0243e+00 -4.8145e-01 +1.7665e+00
92 +4.154979833e+04 +4.154979833e+04 +4.225775833e+04 +4.225775833e+04 -1.0609e+00 -6.5261e-01 +1.7516e+00
100 +3.997033729e+04 +3.997033729e+04 +4.067829729e+04 +4.067829729e+04 -1.0517e+00 -6.8807e-01 +1.7455e+00
108 +3.172170304e+04 +3.172170304e+04 +3.242966304e+04 +3.242966304e+04 -1.1040e+00 -6.9463e-01 +1.7708e+00
109 +1.975617379e+04 +1.975617379e+04 +2.046413379e+04 +2.046413379e+04 -1.0912e+00 -8.2235e-01 +1.7909e+00
123 +1.720111387e+04 +1.720111387e+04 +1.790907387e+04 +1.790907387e+04 -1.0311e+00 -7.9973e-01 +1.7822e+00
125 +9.076658229e+03 +9.076658229e+03 +9.784618229e+03 +9.784618229e+03 -9.8195e-01 -8.7933e-01 +1.7899e+00
157 +2.101834631e+03 +2.101834631e+03 +2.809794631e+03 +2.809794631e+03 -8.9795e-01 -1.1046e+00 +1.7930e+00
194 +2.013539263e+03 +2.013539263e+03 +2.721499263e+03 +2.721499263e+03 -9.2457e-01 -9.8232e-01 +1.8016e+00
210 +1.550115560e+03 +1.550115560e+03 +2.258075560e+03 +2.258075560e+03 -9.0752e-01 -1.0214e+00 +1.7932e+00
234 +7.286061914e+02 +7.286061914e+02 +1.436566191e+03 +1.436566191e+03 -8.9141e-01 -1.0680e+00 +1.7953e+00
244 +6.248328210e+02 +6.248328210e+02 +1.332792821e+03 +1.332792821e+03 -8.9098e-01 -1.0513e+00 +1.7965e+00
247 +5.034626484e+02 +5.034626484e+02 +1.211422648e+03 +1.211422648e+03 -8.8175e-01 -1.0668e+00 +1.7929e+00
264 +1.872937434e+02 +1.872937434e+02 +8.952537434e+02 +8.952537434e+02 -8.8896e-01 -1.0269e+00 +1.8131e+00
275 +2.370389509e+01 +2.370389509e+01 +7.316638951e+02 +7.316638951e+02 -8.8773e-01 -1.0391e+00 +1.8198e+00
289 +1.601709758e+01 +1.601709758e+01 +7.239770976e+02 +7.239770976e+02 -8.8654e-01 -1.0397e+00 +1.8219e+00
% function evaluation | noise-free fitness - Fopt (1.118000000000e+01) | best noise-free fitness - Fopt | measured fitness | best measured fitness | x1 | x2...
1 +6.171839111e+06 +6.171839111e+06 +6.171850291e+06 +6.171850291e+06 +0.0000e+00 +0.0000e+00 +0.0000e+00
274 +1.069231735e+06 +1.069231735e+06 +1.069242915e+06 +1.069242915e+06 -3.1519e-01 -3.8020e+00 +3.0368e-01
295 +3.166250581e+04 +3.166250581e+04 +3.167368581e+04 +3.167368581e+04 -1.1859e+00 -3.8298e+00 +3.2952e-01
% function evaluation | noise-free fitness - Fopt (1.818000000000e+01) | best noise-free fitness - Fopt | measured fitness | best measured fitness | x1 | x2...
1 +1.474729715e+07 +1.474729715e+07 +1.474731533e+07 +1.474731533e+07 +0.0000e+00 +0.0000e+00 +0.0000e+00
54 +1.439441468e+07 +1.439441468e+07 +1.439443286e+07 +1.439443286e+07 +1.1826e+00 +3.3586e+00 -1.3108e+00
81 +1.299864610e+07 +1.299864610e+07 +1.299866428e+07 +1.299866428e+07 +1.3198e+00 +3.3185e+00 -1.2042e+00
82 +1.060307160e+07 +1.060307160e+07 +1.060308978e+07 +1.060308978e+07 +1.6828e+00 +3.3360e+00 -2.4793e+00
94 +8.173669155e+06 +8.173669155e+06 +8.173687335e+06 +8.173687335e+06 +1.9539e+00 +3.4187e+00 -1.9267e+00
103 +6.297516638e+06 +6.297516638e+06 +6.297534818e+06 +6.297534818e+06 +2.2000e+00 +3.3751e+00 -1.5387e+00
107 +5.717464155e+06 +5.717464155e+06 +5.717482335e+06 +5.717482335e+06 +2.2586e+00 +3.3812e+00 -1.8154e+00
110 +2.111289158e+05 +2.111289158e+05 +2.111470958e+05 +2.111470958e+05 +3.8421e+00 +3.3869e+00 -2.0487e+00
130 +1.217774395e+05 +1.217774395e+05 +1.217956195e+05 +1.217956195e+05 +3.7584e+00 +3.3411e+00 -2.4919e+00
147 +1.084740287e+05 +1.084740287e+05 +1.084922087e+05 +1.084922087e+05 +3.5327e+00 +3.2987e+00 -2.0254e+00
148 +5.767549903e+04 +5.767549903e+04 +5.769367903e+04 +5.769367903e+04 +3.7008e+00 +3.2668e+00 -2.1041e+00
152 +4.838074834e+03 +4.838074834e+03 +4.856254834e+03 +4.856254834e+03 +3.6033e+00 +3.2578e+00 -2.3455e+00
154 +3.055530326e+03 +3.055530326e+03 +3.073710326e+03 +3.073710326e+03 +3.6129e+00 +3.1785e+00 -2.2902e+00
159 +1.038771731e+03 +1.038771731e+03 +1.056951731e+03 +1.056951731e+03 +3.6322e+00 +3.2441e+00 -2.2779e+00
189 +1.290242420e+02 +1.290242420e+02 +1.472042420e+02 +1.472042420e+02 +3.6255e+00 +3.2507e+00 -2.3116e+00
248 +9.868267605e+01 +9.868267605e+01 +1.168626761e+02 +1.168626761e+02 +3.6305e+00 +3.2468e+00 -2.3117e+00
266 +7.911632895e+01 +7.911632895e+01 +9.729632895e+01 +9.729632895e+01 +3.6310e+00 +3.2480e+00 -2.3081e+00
269 +4.238324680e+01 +4.238324680e+01 +6.056324680e+01 +6.056324680e+01 +3.6299e+00 +3.2567e+00 -2.3027e+00
272 +3.976450815e+01 +3.976450815e+01 +5.794450815e+01 +5.794450815e+01 +3.6275e+00 +3.2416e+00 -2.3110e+00
% function evaluation | noise-free fitness - Fopt (1.089300000000e+02) | best noise-free fitness - Fopt | measured fitness | best measured fitness | x1 | x2...
1 +8.745904179e+07 +8.745904179e+07 +8.745915072e+07 +8.745915072e+07 +0.0000e+00 +0.0000e+00 +0.0000e+00
2 +4.741612770e+06 +4.741612770e+06 +4.741721700e+06 +4.741721700e+06 +1.8092e+00 -2.7927e+00 -1.2132e-01
3 +4.675781690e+06 +4.675781690e+06 +4.675890620e+06 +4.675890620e+06 +1.8324e+00 -2.7872e+00 -1.0694e-01
21 +4.492209574e+06 +4.492209574e+06 +4.492318504e+06 +4.492318504e+06 +1.7731e+00 -2.7449e+00 -6.9139e-02
43 +4.218231806e+06 +4.218231806e+06 +4.218340736e+06 +4.218340736e+06 +1.7555e+00 -2.8467e+00 +1.3596e-02
67 +3.425950558e+06 +3.425950558e+06 +3.426059488e+06 +3.426059488e+06 +1.9654e+00 -2.6628e+00 +1.9114e-01
81 +3.299999506e+06 +3.299999506e+06 +3.300108436e+06 +3.300108436e+06 +1.9946e+00 -2.8532e+00 +2.5278e-01
82 +3.179785961e+06 +3.179785961e+06 +3.179894891e+06 +3.179894891e+06 +1.3032e+00 -2.7187e+00 +2.6195e-01
93 +2.548293653e+06 +2.548293653e+06 +2.548402583e+06 +2.548402583e+06 +1.2586e+00 -2.6691e+00 +4.4147e-01
101 +2.317376719e+06 +2.317376719e+06 +2.317485649e+06 +2.317485649e+06 +1.9139e+00 -2.7297e+00 +5.3304e-01
114 +1.992117733e+06 +1.992117733e+06 +1.992226663e+06 +1.992226663e+06 +1.8282e+00 -1.9927e+00 +7.1013e-01
117 +4.646596978e+05 +4.646596978e+05 +4.647686278e+05 +4.647686278e+05 +2.0291e+00 -2.0563e+00 +1.4759e+00
123 +3.908278081e+05 +3.908278081e+05 +3.909367381e+05 +3.909367381e+05 +1.9225e+00 -2.7287e+00 +1.4708e+00
136 +2.563064249e+05 +2.563064249e+05 +2.564153549e+05 +2.564153549e+05 +2.2543e+00 -2.3501e+00 +1.5326e+00
145 +5.556296414e+04 +5.556296414e+04 +5.567189414e+04 +5.567189414e+04 +2.1985e+00 -2.6463e+00 +2.1799e+00
147 +9.709175857e+03 +9.709175857e+03 +9.818105857e+03 +9.818105857e+03 +1.7184e+00 -2.5375e+00 +2.0239e+00
184 +3.913511299e+03 +3.913511299e+03 +4.022441299e+03 +4.022441299e+03 +1.2242e+00 -2.5532e+00 +2.0624e+00
234 +3.709661743e+03 +3.709661743e+03 +3.818591743e+03 +3.818591743e+03 +1.3609e+00 -2.5199e+00 +2.0738e+00
237 +2.122934994e+03 +2.122934994e+03 +2.231864994e+03 +2.231864994e+03 +1.6883e+00 -2.4900e+00 +2.0283e+00
240 +1.985978563e+03 +1.985978563e+03 +2.094908563e+03 +2.094908563e+03 +1.9129e+00 -2.4738e+00 +2.0074e+00
241 +1.456850320e+03 +1.456850320e+03 +1.565780320e+03 +1.565780320e+03 +1.6331e+00 -2.4872e+00 +2.0289e+00
245 +1.687418586e+02 +1.687418586e+02 +2.776718586e+02 +2.776718586e+02 +2.0478e+00 -2.4436e+00 +2.0200e+00
274 +7.790201349e+01 +7.790201349e+01 +1.868320135e+02 +1.868320135e+02 +1.8296e+00 -2.4467e+00 +2.0287e+00
% function evaluation | noise-free fitness - Fopt (1.966000000000e+01) | best noise-free fitness - Fopt | measured fitness | best measured fitness | x1 | x2...
1 +1.310002718e+07 +1.310002718e+07 +1.310004684e+07 +1.310004684e+07 +0.0000e+00 +0.0000e+00 +0.0000e+00
2 +6.623961574e+06 +6.623961574e+06 +6.623981234e+06 +6.623981234e+06 -7.3093e-01 -2.7888e+00 +2.2753e+00
3 +6.335358376e+06 +6.335358376e+06 +6.335378036e+06 +6.335378036e+06 -7.2016e-01 -2.7517e+00 +2.2027e+00
21 +6.211800097e+06 +6.211800097e+06 +6.211819757e+06 +6.211819757e+06 -7.0552e-01 -2.7253e+00 +2.1683e+00
31 +5.589298305e+06 +5.589298305e+06 +5.589317965e+06 +5.589317965e+06 -7.2835e-01 -2.8179e+00 +2.0606e+00
32 +5.363776041e+06 +5.363776041e+06 +5.363795701e+06 +5.363795701e+06 -7.2765e-01 -2.8021e+00 +2.0027e+00
37 +3.580774699e+06 +3.580774699e+06 +3.580794359e+06 +3.580794359e+06 -7.2091e-01 -3.1355e+00 +1.6602e+00
47 +6.793018088e+05 +6.793018088e+05 +6.793214688e+05 +6.793214688e+05 -7.6026e-01 -2.8236e+00 -7.2934e-01
48 +5.596915542e+05 +5.596915542e+05 +5.597112142e+05 +5.597112142e+05 -6.1050e-01 -2.9412e+00 -6.7637e-01
63 +3.739852807e+05 +3.739852807e+05 +3.740049407e+05 +3.740049407e+05 -7.1457e-01 -2.9184e+00 -3.0277e-01
98 +3.204501944e+05 +3.204501944e+05 +3.204698544e+05 +3.204698544e+05 -8.1448e-01 -2.9466e+00 -2.0491e-01
131 +2.706180153e+05 +2.706180153e+05 +2.706376753e+05 +2.706376753e+05 -8.2619e-01 -2.9944e+00 -3.6910e-01
152 +2.336263002e+05 +2.336263002e+05 +2.336459602e+05 +2.336459602e+05 -8.5574e-01 -3.0210e+00 -2.2896e-01
161 +1.796679638e+05 +1.796679638e+05 +1.796876238e+05 +1.796876238e+05 -8.1406e-01 -3.1029e+00 -1.5367e-01
171 +1.172738943e+05 +1.172738943e+05 +1.172935543e+05 +1.172935543e+05 -1.0436e+00 -3.1355e+00 -2.2843e-01
178 +1.017661630e+05 +1.017661630e+05 +1.017858230e+05 +1.017858230e+05 -1.2153e+00 -3.2158e+00 -1.1858e-01
184 +8.542813603e+04 +8.542813603e+04 +8.544779603e+04 +8.544779603e+04 -2.0452e+00 -3.4056e+00 -2.4657e-01
190 +8.860960235e+03 +8.860960235e+03 +8.880620235e+03 +8.880620235e+03 -1.0283e+00 -3.4991e+00 -2.0678e-01
224 +5.733188764e+03 +5.733188764e+03 +5.752848764e+03 +5.752848764e+03 -1.3061e+00 -3.3548e+00 -3.2956e-01
233 +2.175276594e+03 +2.175276594e+03 +2.194936594e+03 +2.194936594e+03 -1.2654e+00 -3.3928e+00 -3.9731e-01
234 +1.496377361e+03 +1.496377361e+03 +1.516037361e+03 +1.516037361e+03 -6.8858e-01 -3.5083e+00 -2.2805e-01
241 +1.272317664e+03 +1.272317664e+03 +1.291977664e+03 +1.291977664e+03 -1.2778e+00 -3.3941e+00 -3.4467e-01
268 +3.008798310e+02 +3.008798310e+02 +3.205398310e+02 +3.205398310e+02 -1.2005e+00 -3.4222e+00 -3.4675e-01
% function evaluation | noise-free fitness - Fopt (-3.538000000000e+02) | best noise-free fitness - Fopt | measured fitness | best measured fitness | x1 | x2...
1 +3.804547619e+07 +3.804547619e+07 +3.804512239e+07 +3.804512239e+07 +0.0000e+00 +0.0000e+00 +0.0000e+00
137 +2.077412580e+07 +2.077412580e+07 +2.077377200e+07 +2.077377200e+07 -6.6756e-01 +2.2662e-01 -4.0111e+00
153 +1.123197891e+07 +1.123197891e+07 +1.123162511e+07 +1.123162511e+07 -3.7915e-01 +1.9773e+00 -3.6081e+00
156 +9.829850235e+06 +9.829850235e+06 +9.829496435e+06 +9.829496435e+06 -7.4020e-01 +1.2185e+00 -3.7360e+00
162 +9.468182152e+06 +9.468182152e+06 +9.467828352e+06 +9.467828352e+06 -5.2926e-01 +2.2450e+00 -3.9135e+00
171 +8.442672924e+06 +8.442672924e+06 +8.442319124e+06 +8.442319124e+06 -7.6605e-01 +1.4530e+00 -3.7055e+00
174 +2.552494639e+06 +2.552494639e+06 +2.552140839e+06 +2.552140839e+06 -1.4820e+00 +1.6470e+00 -3.3903e+00
179 +1.225778983e+06 +1.225778983e+06 +1.225425183e+06 +1.225425183e+06 -2.0807e+00 +2.1459e+00 -3.2687e+00
189 +1.118572457e+05 +1.118572457e+05 +1.115034457e+05 +1.115034457e+05 -3.7095e+00 +2.4310e+00 -3.8394e+00
209 +9.549372335e+04 +9.549372335e+04 +9.513992335e+04 +9.513992335e+04 -2.6509e+00 +1.4718e+00 -2.9517e+00
213 +4.014783561e+04 +4.014783561e+04 +3.979403561e+04 +3.979403561e+04 -2.7559e+00 +1.4356e+00 -2.8752e+00
223 +2.577853631e+04 +2.577853631e+04 +2.542473631e+04 +2.542473631e+04 -3.4126e+00 +1.7461e+00 -3.4317e+00
239 +4.592558428e+03 +4.592558428e+03 +4.238758428e+03 +4.238758428e+03 -3.0313e+00 +1.6588e+00 -3.0919e+00
273 +1.548656080e+03 +1.548656080e+03 +1.194856080e+03 +1.194856080e+03 -3.0249e+00 +1.6001e+00 -2.9144e+00
298 +9.890520935e+02 +9.890520935e+02 +6.352520935e+02 +6.352520935e+02 -3.0646e+00 +1.5772e+00 -3.0169e+00
% function evaluation | noise-free fitness - Fopt (-5.925000000000e+01) | best noise-free fitness - Fopt | measured fitness | best measured fitness | x1 | x2...
1 +3.770955072e+07 +3.770955072e+07 +3.770949147e+07 +3.770949147e+07 +0.0000e+00 +0.0000e+00 +0.0000e+00
96 +2.792488272e+07 +2.792488272e+07 +2.792482347e+07 +2.792482347e+07 +1.8864e+00 +2.4015e+00 +5.6181e-01
107 +1.067087571e+07 +1.067087571e+07 +1.067081646e+07 +1.067081646e+07 +6.0876e+00 +2.7748e+00 +3.6515e+00
124 +5.146924065e+06 +5.146924065e+06 +5.146864815e+06 +5.146864815e+06 +3.7615e+00 -3.1153e+00 +1.5121e+00
128 +1.378718850e+06 +1.378718850e+06 +1.378659600e+06 +1.378659600e+06 +4.3256e+00 +1.3624e+00 +6.5137e+00
141 +5.559026255e+05 +5.559026255e+05 +5.558433755e+05 +5.558433755e+05 +3.9606e+00 -5.3451e-02 +4.5048e+00
161 +5.019198180e+05 +5.019198180e+05 +5.018605680e+05 +5.018605680e+05 +2.4628e+00 -1.9718e+00 +4.2577e+00
163 +4.201828305e+05 +4.201828305e+05 +4.201235805e+05 +4.201235805e+05 +2.9194e+00 -5.1365e-01 +4.7643e+00
172 +2.636150942e+04 +2.636150942e+04 +2.630225942e+04 +2.630225942e+04 +3.0792e+00 +3.9158e-02 +4.4288e+00
203 +2.398237202e+04 +2.398237202e+04 +2.392312202e+04 +2.392312202e+04 +2.8473e+00 -4.3917e-01 +3.9695e+00
228 +1.181347336e+04 +1.181347336e+04 +1.175422336e+04 +1.175422336e+04 +2.9728e+00 -4.7507e-01 +4.2033e+00
244 +9.815760496e+03 +9.815760496e+03 +9.756510496e+03 +9.756510496e+03 +2.9370e+00 -5.6939e-01 +4.1520e+00
250 +6.261609404e+03 +6.261609404e+03 +6.202359404e+03 +6.202359404e+03 +2.9257e+00 -7.8082e-01 +3.9760e+00
255 +4.515811516e+03 +4.515811516e+03 +4.456561516e+03 +4.456561516e+03 +2.9753e+00 -2.8099e-01 +4.1264e+00
258 +7.286052893e+02 +7.286052893e+02 +6.693552893e+02 +6.693552893e+02 +2.9337e+00 -5.1082e-01 +4.0407e+00
% function evaluation | noise-free fitness - Fopt (-2.707000000000e+01) | best noise-free fitness - Fopt | measured fitness | best measured fitness | x1 | x2...
1 +1.413792598e+07 +1.413792598e+07 +1.413789891e+07 +1.413789891e+07 +0.0000e+00 +0.0000e+00 +0.0000e+00
156 +1.397862398e+07 +1.397862398e+07 +1.397859691e+07 +1.397859691e+07 -4.5379e-01 +1.8208e+00 -5.2891e-01
175 +1.305730664e+07 +1.305730664e+07 +1.305727957e+07 +1.305727957e+07 -3.1806e-01 +2.4428e+00 -5.3786e-01
182 +7.721410628e+06 +7.721410628e+06 +7.721383558e+06 +7.721383558e+06 +4.4732e-01 +3.3692e+00 +1.9804e-01
184 +2.295881203e+05 +2.295881203e+05 +2.295610503e+05 +2.295610503e+05 +3.6818e+00 +2.2278e+00 -3.3391e-01
196 +2.126908709e+05 +2.126908709e+05 +2.126638009e+05 +2.126638009e+05 +4.0213e+00 +2.1191e+00 -4.4490e-01
256 +6.544429209e+04 +6.544429209e+04 +6.541722209e+04 +6.541722209e+04 +3.9594e+00 +2.7106e+00 -3.2647e-01
258 +6.371515783e+04 +6.371515783e+04 +6.368808783e+04 +6.368808783e+04 +4.4976e+00 +2.4911e+00 -3.2019e-01
260 +5.014494207e+03 +5.014494207e+03 +4.987424207e+03 +4.987424207e+03 +4.1285e+00 +2.5688e+00 -3.5543e-01
283 +5.862752908e+02 +5.862752908e+02 +5.592052908e+02 +5.592052908e+02 +4.1639e+00 +2.5293e+00 -3.3601e-01
% function evaluation | noise-free fitness - Fopt (-5.279000000000e+01) | best noise-free fitness - Fopt | measured fitness | best measured fitness | x1 | x2...
1 +5.620012940e+06 +5.620012940e+06 +5.619960150e+06 +5.619960150e+06 +0.0000e+00 +0.0000e+00 +0.0000e+00
107 +3.543640991e+06 +3.543640991e+06 +3.543588201e+06 +3.543588201e+06 -9.2057e-01 -5.7047e-01 -4.0339e-01
109 +3.099151967e+06 +3.099151967e+06 +3.099099177e+06 +3.099099177e+06 -9.2506e-01 -4.7764e-01 -6.5549e-01
114 +1.647725531e+06 +1.647725531e+06 +1.647672741e+06 +1.647672741e+06 -9.3014e-01 -1.2756e+00 -7.0185e-01
133 +1.141488134e+06 +1.141488134e+06 +1.141435344e+06 +1.141435344e+06 -9.0460e-01 -2.1241e+00 -9.1338e-01
147 +8.143086716e+05 +8.143086716e+05 +8.142558816e+05 +8.142558816e+05 -9.6371e-01 -1.5428e+00 -1.0361e+00
154 +6.979698396e+05 +6.979698396e+05 +6.979170496e+05 +6.979170496e+05 -9.5125e-01 -2.5177e+00 -1.6269e+00
159 +3.957055124e+05 +3.957055124e+05 +3.956527224e+05 +3.956527224e+05 -9.4359e-01 -1.1581e+00 -2.1712e+00
160 +1.860009267e+04 +1.860009267e+04 +1.854730267e+04 +1.854730267e+04 -1.0126e+00 -1.7536e+00 -1.8089e+00
192 +1.474658432e+03 +1.474658432e+03 +1.421868432e+03 +1.421868432e+03 -9.6884e-01 -1.7302e+00 -1.9014e+00
200 +8.531492446e+02 +8.531492446e+02 +8.003592446e+02 +8.003592446e+02 -1.1045e+00 -1.7803e+00 -1.9631e+00
230 +5.471540070e+02 +5.471540070e+02 +4.943640070e+02 +4.943640070e+02 -1.1250e+00 -1.7545e+00 -1.9473e+00
252 +2.983721413e+02 +2.983721413e+02 +2.455821413e+02 +2.455821413e+02 -1.1579e+00 -1.7698e+00 -1.9867e+00
258 +2.568683133e+02 +2.568683133e+02 +2.040783133e+02 +2.040783133e+02 -1.1450e+00 -1.7558e+00 -1.9912e+00
270 +1.328932207e+02 +1.328932207e+02 +8.010322066e+01 +8.010322066e+01 -1.1548e+00 -1.7594e+00 -1.9876e+00
281 +1.229185442e+01 +1.229185442e+01 -4.049814558e+01 -4.049814558e+01 -1.1455e+00 -1.7545e+00 -1.9731e+00
