% function evaluation | noise-free fitness - Fopt (1.026100000000e+02) | best noise-free fitness - Fopt | measured fitness | best measured fitness | x1 | x2...
1 +6.885484536e+01 +6.885484536e+01 +1.714648454e+02 +1.714648454e+02 +0.0000e+00 +0.0000e+00 +0.0000e+00 +0.0000e+00 +0.0000e+00
578 +4.420243135e+01 +4.420243135e+01 +1.468124314e+02 +1.468124314e+02 +1.7195e+00 -9.0466e-01 +2.1950e+00 +1.0814e+00 +2.3523e+00
680 +3.760892225e+01 +3.760892225e+01 +1.402189223e+02 +1.402189223e+02 +2.2952e-01 -6.7050e-01 +2.4762e+00 +1.1250e+00 +1.8665e+00
737 +3.141469924e+01 +3.141469924e+01 +1.340246992e+02 +1.340246992e+02 -1.9478e-01 -1.5585e+00 +2.2271e+00 +1.1085e+00 +1.8561e+00
852 +1.458108388e+01 +1.458108388e+01 +1.171910839e+02 +1.171910839e+02 -1.5521e+00 -2.5708e+00 +2.2806e+00 +1.4646e+00 +2.8273e+00
1417 +1.278821206e+01 +1.278821206e+01 +1.153982121e+02 +1.153982121e+02 -1.7331e+00 -1.5775e+00 +1.7449e+00 +2.1759e+00 +9.2655e-01
13407 +1.010877425e+01 +1.010877425e+01 +1.127187743e+02 +1.127187743e+02 -2.0112e+00 -2.3824e+00 +1.4496e+00 +1.7113e+00 +1.9631e+00
56024 +9.523811718e+00 +9.523811718e+00 +1.121338117e+02 +1.121338117e+02 -1.6907e+00 -1.5232e+00 +2.0388e+00 +1.8802e+00 +1.2161e+00
113386 +8.542099220e+00 +8.542099220e+00 +1.111520992e+02 +1.111520992e+02 -2.5123e+00 -1.5508e+00 +9.2964e-01 +2.0506e+00 +1.3730e+00
124707 +8.271741494e+00 +8.271741494e+00 +1.108817415e+02 +1.108817415e+02 -1.1545e+00 -1.7185e+00 +1.6847e+00 +1.9099e+00 +1.3836e+00
178367 +7.703899194e+00 +7.703899194e+00 +1.103138992e+02 +1.103138992e+02 -1.9800e+00 -1.9179e+00 +1.5006e+00 +2.2417e+00 +1.4826e+00
% function evaluation | noise-free fitness - Fopt (9.330000000000e+01) | best noise-free fitness - Fopt | measured fitness | best measured fitness | x1 | x2...
1 +7.955373779e+01 +7.955373779e+01 +1.728537378e+02 +1.728537378e+02 +0.0000e+00 +0.0000e+00 +0.0000e+00 +0.0000e+00 +0.0000e+00
17992 +7.827989387e+01 +7.827989387e+01 +1.715798939e+02 +1.715798939e+02 -2.0556e+00 -7.4948e-01 +2.3346e-01 -2.7808e+00 +4.0295e+00
18017 +7.702617382e+01 +7.702617382e+01 +1.703261738e+02 +1.703261738e+02 -2.0514e+00 -7.5619e-01 +2.2012e-01 -2.7822e+00 +4.0312e+00
18048 +7.537730651e+01 +7.537730651e+01 +1.686773065e+02 +1.686773065e+02 -2.0341e+00 -7.5108e-01 +2.3211e-01 -2.7758e+00 +4.0334e+00
18053 +7.388548828e+01 +7.388548828e+01 +1.671854883e+02 +1.671854883e+02 -2.0349e+00 -7.4399e-01 +2.2323e-01 -2.7897e+00 +4.0347e+00
18087 +6.968661120e+01 +6.968661120e+01 +1.629866112e+02 +1.629866112e+02 -2.0107e+00 -7.5249e-01 +1.9565e-01 -2.7806e+00 +4.0319e+00
19083 +6.910696789e+01 +6.910696789e+01 +1.624069679e+02 +1.624069679e+02 -2.0158e+00 -7.4478e-01 +2.1555e-01 -2.7894e+00 +4.0472e+00
82468 +6.607830684e+01 +6.607830684e+01 +1.593783068e+02 +1.593783068e+02 -2.2808e+00 +2.8531e+00 -1.2372e+00 -3.5579e+00 +2.2869e+00
82831 +6.591097278e+01 +6.591097278e+01 +1.592109728e+02 +1.592109728e+02 -4.1217e+00 +3.0327e+00 -2.6048e+00 -2.7607e+00 +2.7123e+00
82870 +5.382672681e+01 +5.382672681e+01 +1.471267268e+02 +1.471267268e+02 -2.4197e+00 +2.7809e+00 -2.0443e+00 -1.2704e+00 +1.8054e+00
82934 +5.097786996e+01 +5.097786996e+01 +1.442778700e+02 +1.442778700e+02 -1.6843e+00 +2.5168e+00 -1.2059e+00 -8.3741e-01 +3.3318e-01
82953 +3.515850387e+01 +3.515850387e+01 +1.284585039e+02 +1.284585039e+02 -3.2113e+00 +2.7248e+00 -7.7225e-02 -3.3003e-01 +7.4106e-01
83222 +3.335480145e+01 +3.335480145e+01 +1.266548015e+02 +1.266548015e+02 -4.0063e-01 +2.3202e+00 -1.3988e+00 +9.6171e-01 +1.8602e+00
83241 +2.846227384e+01 +2.846227384e+01 +1.217622738e+02 +1.217622738e+02 -1.5701e-01 +1.6806e+00 -1.6115e+00 +1.1189e+00 +1.5401e+00
83290 +2.561264582e+01 +2.561264582e+01 +1.189126458e+02 +1.189126458e+02 -1.7276e+00 +2.5191e+00 -1.5091e+00 +6.9919e-01 +1.9307e+00
83323 +1.713190156e+01 +1.713190156e+01 +1.104319016e+02 +1.104319016e+02 +4.1154e-01 +2.2915e+00 -1.9484e+00 +1.2235e+00 +1.5794e+00
84490 +1.615115134e+01 +1.615115134e+01 +1.094511513e+02 +1.094511513e+02 -2.1409e+00 +1.9865e+00 -1.2156e+00 +1.2707e+00 +1.4585e+00
85332 +1.285351420e+01 +1.285351420e+01 +1.061535142e+02 +1.061535142e+02 -1.7659e+00 +1.9848e+00 -9.6434e-01 +7.7317e-01 +1.5535e+00
88594 +1.153727872e+01 +1.153727872e+01 +1.048372787e+02 +1.048372787e+02 -6.5629e-01 +1.7187e+00 -1.6780e+00 +1.6745e+00 +1.9759e+00
88988 +8.951868329e+00 +8.951868329e+00 +1.022518683e+02 +1.022518683e+02 -1.6300e+00 +1.8651e+00 -2.5168e+00 +1.9590e+00 +2.2572e+00
191151 +7.388127609e+00 +7.388127609e+00 +1.006881276e+02 +1.006881276e+02 -1.7655e+00 +9.1563e-01 -1.7675e+00 +1.8643e+00 +1.1939e+00
% function evaluation | noise-free fitness - Fopt (1.364000000000e+01) | best noise-free fitness - Fopt | measured fitness | best measured fitness | x1 | x2...
1 +9.630173598e+01 +9.630173598e+01 +1.099417360e+02 +1.099417360e+02 +0.0000e+00 +0.0000e+00 +0.0000e+00 +0.0000e+00 +0.0000e+00
22002 +8.127067062e+01 +8.127067062e+01 +9.491067062e+01 +9.491067062e+01 -3.1031e+00 -2.8638e+00 +9.3421e-01 +1.5438e+00 +3.1636e-02
22814 +6.764388034e+01 +6.764388034e+01 +8.128388034e+01 +8.128388034e+01 +2.1929e+00 -8.4387e-01 +4.4486e-01 -2.4900e+00 +8.9822e-01
22854 +5.708415151e+01 +5.708415151e+01 +7.072415151e+01 +7.072415151e+01 +8.2772e-01 -6.1789e-01 +4.2716e-01 -3.4315e-01 +1.2604e+00
22867 +4.687271018e+01 +4.687271018e+01 +6.051271018e+01 +6.051271018e+01 +1.5444e+00 -7.3320e-01 +2.7970e-01 -2.4173e+00 +1.9098e+00
23066 +4.531563276e+01 +4.531563276e+01 +5.895563276e+01 +5.895563276e+01 +3.5086e-01 +2.3004e+00 +1.4236e+00 -4.4227e-01 +2.2898e-01
23112 +4.289063061e+01 +4.289063061e+01 +5.653063061e+01 +5.653063061e+01 +1.8179e+00 +4.0290e-01 +1.0693e+00 -6.3227e-01 +1.9967e+00
23143 +3.050224373e+01 +3.050224373e+01 +4.414224373e+01 +4.414224373e+01 +1.0249e+00 -3.4577e-01 +2.3782e-01 -1.6725e+00 +1.6171e+00
23224 +2.772333857e+01 +2.772333857e+01 +4.136333857e+01 +4.136333857e+01 +4.5029e-01 -1.0263e-01 +8.7229e-01 -1.9198e+00 +8.5586e-01
23296 +2.402652508e+01 +2.402652508e+01 +3.766652508e+01 +3.766652508e+01 +1.2118e+00 -3.3169e-02 +5.6191e-01 -5.6894e-01 +8.7793e-01
23564 +1.041620098e+01 +1.041620098e+01 +2.405620098e+01 +2.405620098e+01 +1.6665e+00 +1.0760e+00 +1.4645e+00 -1.7106e+00 +1.8141e+00
24326 +9.055773680e+00 +9.055773680e+00 +2.269577368e+01 +2.269577368e+01 +1.3326e+00 +2.3208e+00 +6.7640e-01 -1.6085e+00 +1.1123e+00
24928 +8.445137176e+00 +8.445137176e+00 +2.208513718e+01 +2.208513718e+01 +5.4985e-01 +1.3031e+00 +9.1079e-01 -1.6034e+00 +1.2063e+00
26815 +7.797096887e+00 +7.797096887e+00 +2.143709689e+01 +2.143709689e+01 +9.7307e-01 +2.0520e+00 +1.4044e+00 -1.3734e+00 +1.2837e+00
26854 +5.101201404e+00 +5.101201404e+00 +1.874120140e+01 +1.874120140e+01 +1.1174e+00 +1.5094e+00 +1.3050e+00 -1.2337e+00 +7.2032e-01
114921 +3.251467312e+00 +3.251467312e+00 +1.689146731e+01 +1.689146731e+01 +1.5465e+00 +9.4139e-01 +1.3085e+00 -1.3029e+00 +9.1601e-01
% function evaluation | noise-free fitness - Fopt (1.948000000000e+02) | best noise-free fitness - Fopt | measured fitness | best measured fitness | x1 | x2...
1 +5.865562670e+01 +5.865562670e+01 +2.534556267e+02 +2.534556267e+02 +0.0000e+00 +0.0000e+00 +0.0000e+00 +0.0000e+00 +0.0000e+00
453 +4.849710930e+01 +4.849710930e+01 +2.432971093e+02 +2.432971093e+02 +2.8360e+00 -1.2093e+00 +2.5298e+00 -4.0439e+00 -2.1182e+00
561 +3.070333527e+01 +3.070333527e+01 +2.255033353e+02 +2.255033353e+02 +1.3813e+00 -1.6757e-01 +3.3067e+00 -4.0342e+00 -1.3046e+00
670 +2.540091810e+01 +2.540091810e+01 +2.202009181e+02 +2.202009181e+02 +3.3245e-01 +1.0532e+00 +3.2575e+00 -2.2246e+00 -2.6331e+00
671 +2.463681275e+01 +2.463681275e+01 +2.194368127e+02 +2.194368127e+02 +1.4308e+00 +1.5560e-01 +1.1125e+00 -2.2916e+00 -2.6872e+00
1054 +2.138986874e+01 +2.138986874e+01 +2.161898687e+02 +2.161898687e+02 +2.2804e+00 +1.5058e+00 +2.5491e+00 -1.3653e+00 -2.2954e+00
1905 +1.993763540e+01 +1.993763540e+01 +2.147376354e+02 +2.147376354e+02 +2.1403e+00 +1.6062e+00 +1.6197e+00 -1.6118e+00 -2.5749e+00
2487 +1.417318453e+01 +1.417318453e+01 +2.089731845e+02 +2.089731845e+02 +2.6217e+00 +1.1092e+00 +1.0925e+00 -1.6739e+00 -3.1811e+00
13731 +1.331436455e+01 +1.331436455e+01 +2.081143646e+02 +2.081143646e+02 +7.6422e-01 +1.5884e+00 +1.8092e+00 -2.0080e+00 -1.8995e+00
15594 +1.162985716e+01 +1.162985716e+01 +2.064298572e+02 +2.064298572e+02 +9.6852e-01 +2.4908e+00 +1.1334e+00 -1.1101e+00 -8.2603e-01
20611 +1.127335665e+01 +1.127335665e+01 +2.060733566e+02 +2.060733566e+02 +1.8089e+00 +1.1523e+00 +1.7852e+00 -1.5684e+00 -2.2040e+00
35667 +1.029770428e+01 +1.029770428e+01 +2.050977043e+02 +2.050977043e+02 +1.4715e+00 +1.0209e+00 +1.0745e+00 -2.8106e+00 -1.9520e+00
49952 +9.989340082e+00 +9.989340082e+00 +2.047893401e+02 +2.047893401e+02 +1.4852e+00 +2.0522e+00 +1.2606e+00 -1.7181e+00 -2.1634e+00
150710 +8.571329329e+00 +8.571329329e+00 +2.033713293e+02 +2.033713293e+02 +1.1634e+00 +2.6220e+00 +1.9744e+00 -1.2900e+00 -1.7933e+00
193063 +7.623479616e+00 +7.623479616e+00 +2.024234796e+02 +2.024234796e+02 +2.0308e+00 +1.6890e+00 +2.1216e+00 -2.2719e+00 -1.9804e+00
% function evaluation | noise-free fitness - Fopt (-1.335900000000e+02) | best noise-free fitness - Fopt | measured fitness | best measured fitness | x1 | x2...
1 +9.504320291e+01 +9.504320291e+01 -3.854679709e+01 -3.854679709e+01 +0.0000e+00 +0.0000e+00 +0.0000e+00 +0.0000e+00 +0.0000e+00
387 +9.293661173e+01 +9.293661173e+01 -4.065338827e+01 -4.065338827e+01 -2.0476e-01 +3.3613e+00 +1.8942e+00 -5.4053e-01 +3.3322e+00
684 +9.091536925e+01 +9.091536925e+01 -4.267463075e+01 -4.267463075e+01 -2.1247e-01 +3.3418e+00 +1.8885e+00 -5.3862e-01 +3.3344e+00
938 +8.911384003e+01 +8.911384003e+01 -4.447615997e+01 -4.447615997e+01 -2.3051e-01 +3.3420e+00 +1.8934e+00 -5.2909e-01 +3.3363e+00
1289 +8.707709377e+01 +8.707709377e+01 -4.651290623e+01 -4.651290623e+01 -2.4578e-01 +3.3360e+00 +1.8948e+00 -5.2694e-01 +3.3449e+00
2677 +8.510497412e+01 +8.510497412e+01 -4.848502588e+01 -4.848502588e+01 -2.7043e-01 +3.3136e+00 +1.8990e+00 -5.2316e-01 +3.3579e+00
121471 +8.109807310e+01 +8.109807310e+01 -5.249192690e+01 -5.249192690e+01 +1.6028e+00 +7.5514e-01 -4.6220e-01 -4.5618e+00 +1.5453e+00
121755 +7.828687050e+01 +7.828687050e+01 -5.530312950e+01 -5.530312950e+01 +1.5872e+00 +7.4620e-01 -4.6203e-01 -4.5576e+00 +1.5492e+00
121768 +7.196041791e+01 +7.196041791e+01 -6.162958209e+01 -6.162958209e+01 +1.6022e+00 +7.6835e-01 -4.6219e-01 -4.7698e+00 +1.5467e+00
122905 +7.065702545e+01 +7.065702545e+01 -6.293297455e+01 -6.293297455e+01 +1.5489e+00 +7.3676e-01 -4.5778e-01 -4.5333e+00 +1.5511e+00
123083 +6.865739369e+01 +6.865739369e+01 -6.493260631e+01 -6.493260631e+01 +1.5406e+00 +7.2306e-01 -4.5499e-01 -4.5371e+00 +1.5570e+00
123490 +6.746555387e+01 +6.746555387e+01 -6.612444613e+01 -6.612444613e+01 +1.5357e+00 +7.2820e-01 -4.4896e-01 -4.5305e+00 +1.5573e+00
123855 +6.597791090e+01 +6.597791090e+01 -6.761208910e+01 -6.761208910e+01 +1.5288e+00 +7.2841e-01 -4.4512e-01 -4.5294e+00 +1.5616e+00
124540 +6.415487737e+01 +6.415487737e+01 -6.943512263e+01 -6.943512263e+01 +1.5150e+00 +7.1318e-01 -4.4703e-01 -4.5259e+00 +1.5680e+00
125852 +6.304214846e+01 +6.304214846e+01 -7.054785154e+01 -7.054785154e+01 +1.5035e+00 +7.1390e-01 -4.4301e-01 -4.5280e+00 +1.5741e+00
129404 +6.165819372e+01 +6.165819372e+01 -7.193180628e+01 -7.193180628e+01 +1.4888e+00 +6.9605e-01 -4.4070e-01 -4.5221e+00 +1.5834e+00
183301 +5.439503389e+01 +5.439503389e+01 -7.919496611e+01 -7.919496611e+01 -2.6178e+00 +3.0014e+00 +1.0577e-01 -3.7016e+00 +1.0619e+00
183543 +4.878667364e+01 +4.878667364e+01 -8.480332636e+01 -8.480332636e+01 +4.5346e-01 +3.1190e+00 +4.7837e-01 -3.4973e+00 +8.2489e-01
183723 +4.367466601e+01 +4.367466601e+01 -8.991533399e+01 -8.991533399e+01 -1.5913e+00 +1.3980e+00 -3.3386e-01 -4.1221e+00 +4.4405e-01
183811 +4.308334740e+01 +4.308334740e+01 -9.050665260e+01 -9.050665260e+01 -3.2711e+00 +2.2738e+00 -1.5989e+00 -3.2991e+00 +7.1744e-01
184027 +4.134777717e+01 +4.134777717e+01 -9.224222283e+01 -9.224222283e+01 -8.5043e-01 +1.7928e+00 +1.2360e-01 -3.2398e+00 +9.1181e-01
184072 +3.704658442e+01 +3.704658442e+01 -9.654341558e+01 -9.654341558e+01 -1.1497e+00 +3.4608e+00 -1.9930e-01 -3.7505e+00 +1.7172e-01
184228 +3.473039469e+01 +3.473039469e+01 -9.885960531e+01 -9.885960531e+01 -1.5708e+00 +1.8270e+00 -8.8421e-01 -1.6818e+00 -3.8202e-01
184333 +2.791757523e+01 +2.791757523e+01 -1.056724248e+02 -1.056724248e+02 -1.6237e+00 +2.2402e+00 -6.2241e-01 -2.3871e+00 -4.5544e-01
184437 +2.213943203e+01 +2.213943203e+01 -1.114505680e+02 -1.114505680e+02 -1.3236e+00 +3.2479e+00 -4.8058e-01 -2.1960e+00 -1.0629e+00
184666 +1.614623120e+01 +1.614623120e+01 -1.174437688e+02 -1.174437688e+02 -2.0918e+00 +1.6201e+00 -9.0767e-01 -1.8687e+00 -1.8775e+00
185303 +1.518770174e+01 +1.518770174e+01 -1.184022983e+02 -1.184022983e+02 -2.7719e+00 +1.8152e+00 -1.6884e+00 -7.6922e-01 -1.7707e+00
185867 +9.750149575e+00 +9.750149575e+00 -1.238398504e+02 -1.238398504e+02 -1.5931e+00 +1.3891e+00 -2.1028e+00 -1.9223e+00 -9.5049e-01
217334 +8.065855776e+00 +8.065855776e+00 -1.255241442e+02 -1.255241442e+02 -1.9727e+00 +1.0172e+00 -1.9977e+00 -1.4313e+00 -1.0122e+00
% function evaluation | noise-free fitness - Fopt (1.955000000000e+01) | best noise-free fitness - Fopt | measured fitness | best measured fitness | x1 | x2...
1 +7.328360888e+01 +7.328360888e+01 +9.283360888e+01 +9.283360888e+01 +0.0000e+00 +0.0000e+00 +0.0000e+00 +0.0000e+00 +0.0000e+00
414 +6.301681188e+01 +6.301681188e+01 +8.256681188e+01 +8.256681188e+01 +7.5974e-01 +3.5597e+00 -1.0660e+00 -1.1490e-01 +3.0948e+00
434 +5.460609399e+01 +5.460609399e+01 +7.415609399e+01 +7.415609399e+01 +9.3993e-01 +3.5598e+00 +2.9291e+00 +1.5035e+00 +3.4188e+00
483 +5.066586153e+01 +5.066586153e+01 +7.021586153e+01 +7.021586153e+01 +1.8717e+00 +3.1477e+00 +2.8784e+00 -3.1662e+00 +4.0172e+00
511 +4.438631087e+01 +4.438631087e+01 +6.393631087e+01 +6.393631087e+01 +2.1560e+00 +2.4985e+00 +1.0286e+00 -4.0425e-01 +3.2917e+00
535 +3.494203588e+01 +3.494203588e+01 +5.449203588e+01 +5.449203588e+01 +1.5140e+00 +2.8457e+00 +2.1158e+00 -4.6632e-01 +2.8307e+00
798 +2.730592203e+01 +2.730592203e+01 +4.685592203e+01 +4.685592203e+01 +1.7400e+00 +4.9351e-01 +8.6743e-01 -3.2739e+00 +3.4642e+00
905 +2.008924162e+01 +2.008924162e+01 +3.963924162e+01 +3.963924162e+01 +2.6758e+00 +2.7637e+00 +1.8077e+00 -2.2048e+00 +2.3187e+00
979 +1.954916767e+01 +1.954916767e+01 +3.909916767e+01 +3.909916767e+01 +2.2358e+00 +2.0457e+00 +2.2261e+00 -2.2252e+00 +2.9308e+00
1284 +1.336701061e+01 +1.336701061e+01 +3.291701061e+01 +3.291701061e+01 +1.4150e+00 +5.9801e-01 +1.2781e+00 -2.2247e+00 +6.9381e-01
6625 +1.262090751e+01 +1.262090751e+01 +3.217090751e+01 +3.217090751e+01 +1.5418e+00 +2.6420e+00 +1.5445e+00 -2.0213e+00 +1.7841e+00
26790 +1.153130321e+01 +1.153130321e+01 +3.108130321e+01 +3.108130321e+01 +2.2225e+00 +1.2505e+00 +1.3979e+00 -1.1697e+00 +1.3064e+00
30934 +1.103933881e+01 +1.103933881e+01 +3.058933881e+01 +3.058933881e+01 +1.4720e+00 +2.0000e+00 +1.8967e+00 -1.1166e+00 +1.9903e+00
32033 +1.022572458e+01 +1.022572458e+01 +2.977572458e+01 +2.977572458e+01 +1.4501e+00 +1.3770e+00 +2.7328e+00 -2.2020e+00 +1.2703e+00
39897 +9.542045597e+00 +9.542045597e+00 +2.909204560e+01 +2.909204560e+01 +1.7124e+00 +1.2257e+00 +2.0799e+00 -2.4700e+00 +1.7649e+00
46475 +8.052512238e+00 +8.052512238e+00 +2.760251224e+01 +2.760251224e+01 +2.5050e+00 +1.5244e+00 +1.2629e+00 -1.4317e+00 +1.8644e+00
% function evaluation | noise-free fitness - Fopt (-1.307000000000e+01) | best noise-free fitness - Fopt | measured fitness | best measured fitness | x1 | x2...
1 +8.670286701e+01 +8.670286701e+01 +7.363286701e+01 +7.363286701e+01 +0.0000e+00 +0.0000e+00 +0.0000e+00 +0.0000e+00 +0.0000e+00
60876 +7.665183210e+01 +7.665183210e+01 +6.358183210e+01 +6.358183210e+01 +7.0221e-01 +2.1622e+00 -3.7646e+00 -4.1258e+00 +4.6883e-01
61210 +6.545398124e+01 +6.545398124e+01 +5.238398124e+01 +5.238398124e+01 +1.4854e+00 +1.3164e+00 -3.7349e+00 -8.7359e-01 +1.7296e+00
61256 +6.316117879e+01 +6.316117879e+01 +5.009117879e+01 +5.009117879e+01 +5.8467e-01 +9.9323e-01 -3.5677e+00 -1.4652e+00 -8.0488e-02
61333 +6.114316481e+01 +6.114316481e+01 +4.807316481e+01 +4.807316481e+01 +1.0120e+00 -2.7162e+00 -3.5864e+00 -3.8413e+00 +4.8851e-01
61394 +5.889245998e+01 +5.889245998e+01 +4.582245998e+01 +4.582245998e+01 +2.2791e+00 -6.0867e-01 -3.7072e+00 -5.3637e-01 +1.8567e-02
61398 +5.650337108e+01 +5.650337108e+01 +4.343337108e+01 +4.343337108e+01 +1.2546e+00 +7.3299e-01 -3.3003e+00 -1.6689e+00 +1.2112e+00
61419 +4.959087783e+01 +4.959087783e+01 +3.652087783e+01 +3.652087783e+01 +5.7624e-01 -1.4112e+00 -3.6868e+00 -1.4510e+00 -5.1474e-02
61466 +3.777261021e+01 +3.777261021e+01 +2.470261021e+01 +2.470261021e+01 +2.3977e+00 -1.1456e-01 -3.6646e+00 -2.7861e+00 +1.8004e-01
61474 +3.204278383e+01 +3.204278383e+01 +1.897278383e+01 +1.897278383e+01 +7.0115e-01 -2.0621e+00 -3.6637e+00 -1.2612e+00 -1.3372e+00
61659 +2.078067268e+01 +2.078067268e+01 +7.710672677e+00 +7.710672677e+00 +1.2009e+00 -1.9682e+00 -3.5534e+00 -8.4349e-01 -1.3113e+00
61751 +1.841745869e+01 +1.841745869e+01 +5.347458691e+00 +5.347458691e+00 +5.0929e-01 -5.6062e-01 -3.1747e+00 -1.7486e+00 -1.1181e+00
62061 +1.621078781e+01 +1.621078781e+01 +3.140787807e+00 +3.140787807e+00 +1.0055e+00 -2.1806e+00 -3.1041e+00 -1.4018e+00 -1.6346e+00
62296 +1.455010442e+01 +1.455010442e+01 +1.480104415e+00 +1.480104415e+00 +1.3512e+00 -2.4482e+00 -2.1083e+00 -5.5110e-01 -3.1571e+00
62422 +1.341667600e+01 +1.341667600e+01 +3.466759964e-01 +3.466759964e-01 +1.6832e+00 -1.5418e+00 -2.6045e+00 -1.3144e+00 -1.5021e+00
63871 +1.254972974e+01 +1.254972974e+01 -5.202702608e-01 -5.202702608e-01 +2.3037e+00 -2.4488e+00 -2.0653e+00 -1.6965e+00 -1.7783e+00
64968 +1.184238929e+01 +1.184238929e+01 -1.227610706e+00 -1.227610706e+00 +2.0311e+00 -3.8598e-01 -1.5574e+00 -1.1095e+00 -1.6289e+00
82580 +1.081810608e+01 +1.081810608e+01 -2.251893922e+00 -2.251893922e+00 +4.2757e-01 -1.5291e+00 -2.3261e+00 -1.6645e+00 -2.0141e+00
141627 +7.539607648e+00 +7.539607648e+00 -5.530392352e+00 -5.530392352e+00 +2.0406e+00 -1.9267e+00 -1.8555e+00 -1.5763e+00 -2.0415e+00
% function evaluation | noise-free fitness - Fopt (7.965000000000e+01) | best noise-free fitness - Fopt | measured fitness | best measured fitness | x1 | x2...
1 +6.421476392e+01 +6.421476392e+01 +1.438647639e+02 +1.438647639e+02 +0.0000e+00 +0.0000e+00 +0.0000e+00 +0.0000e+00 +0.0000e+00
20096 +5.938597375e+01 +5.938597375e+01 +1.390359737e+02 +1.390359737e+02 -9.8610e-01 -2.8559e+00 +1.5677e+00 -2.7393e+00 +2.7582e+00
20109 +4.677874250e+01 +4.677874250e+01 +1.264287425e+02 +1.264287425e+02 -8.5744e-01 -2.0174e+00 +1.0753e-01 -2.2678e+00 +2.7708e+00
20239 +4.483247134e+01 +4.483247134e+01 +1.244824713e+02 +1.244824713e+02 -8.0121e-01 -2.1876e+00 +8.2512e-01 -2.9553e+00 +2.5197e+00
20272 +4.243187751e+01 +4.243187751e+01 +1.220818775e+02 +1.220818775e+02 -7.9528e-01 -1.2024e+00 +1.0964e+00 -2.5618e+00 +3.5940e+00
20290 +3.926466595e+01 +3.926466595e+01 +1.189146659e+02 +1.189146659e+02 -4.0019e-01 -1.8477e+00 +6.6624e-01 -2.3893e+00 +3.3822e+00
20295 +3.266777093e+01 +3.266777093e+01 +1.123177709e+02 +1.123177709e+02 -6.5704e-01 -2.0109e+00 +5.8591e-01 -2.0513e+00 +2.2462e+00
20463 +2.341608468e+01 +2.341608468e+01 +1.030660847e+02 +1.030660847e+02 -3.1742e-01 -1.4605e+00 +1.1067e+00 -1.5842e+00 +1.9764e+00
20741 +2.233262733e+01 +2.233262733e+01 +1.019826273e+02 +1.019826273e+02 -1.7395e+00 -1.7327e+00 +1.5569e+00 -1.9402e+00 +1.1284e+00
20910 +1.763783397e+01 +1.763783397e+01 +9.728783397e+01 +9.728783397e+01 -1.7125e+00 -1.4316e+00 +1.2149e+00 -1.5598e+00 +9.1961e-01
21018 +5.933928857e+00 +5.933928857e+00 +8.558392886e+01 +8.558392886e+01 -6.4960e-01 -9.9467e-01 +1.5886e+00 -1.3032e+00 +1.1229e+00
81055 +5.629046166e+00 +5.629046166e+00 +8.527904617e+01 +8.527904617e+01 -9.6847e-01 -1.0450e+00 +1.1070e+00 -1.6645e+00 +1.9276e+00
115290 +5.263058634e+00 +5.263058634e+00 +8.491305863e+01 +8.491305863e+01 -1.0368e+00 -8.4493e-01 +1.3523e+00 -1.4135e+00 +9.6419e-01
115629 +5.175762594e+00 +5.175762594e+00 +8.482576259e+01 +8.482576259e+01 -1.4589e+00 -1.1594e+00 +1.3597e+00 -1.5815e+00 +1.5170e+00
156446 +4.344625262e+00 +4.344625262e+00 +8.399462526e+01 +8.399462526e+01 -9.5910e-01 -6.7401e-01 +1.2869e+00 -1.6865e+00 +1.1302e+00
207945 +4.125071505e+00 +4.125071505e+00 +8.377507151e+01 +8.377507151e+01 -1.1266e+00 -8.9130e-01 +1.3422e+00 -1.3859e+00 +9.5865e-01
% function evaluation | noise-free fitness - Fopt (1.160000000000e+00) | best noise-free fitness - Fopt | measured fitness | best measured fitness | x1 | x2...
1 +6.925855753e+01 +6.925855753e+01 +7.041855753e+01 +7.041855753e+01 +0.0000e+00 +0.0000e+00 +0.0000e+00 +0.0000e+00 +0.0000e+00
18627 +6.728220402e+01 +6.728220402e+01 +6.844220402e+01 +6.844220402e+01 -1.8346e-02 +9.7963e-01 +1.8813e+00 +1.8657e+00 +7.1436e-01
19137 +5.041693129e+01 +5.041693129e+01 +5.157693129e+01 +5.157693129e+01 -3.8280e-01 +1.9067e+00 +2.4451e+00 +4.5594e-01 +7.1650e-01
19277 +4.997216272e+01 +4.997216272e+01 +5.113216272e+01 +5.113216272e+01 -2.8812e+00 +2.5844e-01 +1.2337e+00 -2.2424e-01 -4.7689e-01
19359 +4.140982529e+01 +4.140982529e+01 +4.256982529e+01 +4.256982529e+01 -1.4462e+00 +9.7398e-01 -2.1603e+00 -2.3390e-01 -2.5166e+00
19387 +3.196273083e+01 +3.196273083e+01 +3.312273083e+01 +3.312273083e+01 -1.7746e+00 -1.4202e-01 -6.6057e-02 -6.8527e-01 -7.1586e-01
19392 +3.008832950e+01 +3.008832950e+01 +3.124832950e+01 +3.124832950e+01 -1.7185e+00 -3.3626e+00 +2.0242e-02 -9.8554e-01 -9.5542e-01
19632 +2.805522622e+01 +2.805522622e+01 +2.921522622e+01 +2.921522622e+01 -1.2525e+00 -1.5738e+00 -3.3910e-01 -3.4561e+00 -3.6466e-01
19937 +1.987450682e+01 +1.987450682e+01 +2.103450682e+01 +2.103450682e+01 -2.1319e+00 -1.7648e+00 -2.5212e+00 -2.1909e+00 -1.5140e+00
20641 +1.598774868e+01 +1.598774868e+01 +1.714774868e+01 +1.714774868e+01 -1.6313e+00 -1.9748e+00 -1.7400e+00 -2.8449e+00 -1.5126e+00
22415 +1.427011955e+01 +1.427011955e+01 +1.543011955e+01 +1.543011955e+01 -2.3399e+00 -1.9687e+00 -2.5631e+00 -1.0336e+00 -1.7106e+00
25615 +1.125260609e+01 +1.125260609e+01 +1.241260609e+01 +1.241260609e+01 -1.8007e+00 -1.8991e+00 -2.0271e+00 -1.4449e+00 -9.7314e-01
33893 +1.033833074e+01 +1.033833074e+01 +1.149833074e+01 +1.149833074e+01 -1.8968e+00 -1.4505e+00 -2.4577e+00 -1.3484e+00 -1.7637e+00
72397 +9.282093271e+00 +9.282093271e+00 +1.044209327e+01 +1.044209327e+01 -2.2955e+00 -2.1632e+00 -2.0591e+00 -2.4912e+00 -2.2875e+00
82856 +8.274722387e+00 +8.274722387e+00 +9.434722387e+00 +9.434722387e+00 -8.9944e-01 -1.8823e+00 -1.7743e+00 -2.1216e+00 -1.7701e+00
% function evaluation | noise-free fitness - Fopt (2.407100000000e+02) | best noise-free fitness - Fopt | measured fitness | best measured fitness | x1 | x2...
1 +1.067245377e+02 +1.067245377e+02 +3.474345377e+02 +3.474345377e+02 +0.0000e+00 +0.0000e+00 +0.0000e+00 +0.0000e+00 +0.0000e+00
2 +7.749019387e+01 +7.749019387e+01 +3.182001939e+02 +3.182001939e+02 -7.4825e-01 +1.8212e+00 +2.0997e-01 +1.1084e+00 -2.4433e-02
3 +7.572416973e+01 +7.572416973e+01 +3.164341697e+02 +3.164341697e+02 -7.5181e-01 +1.8170e+00 +2.1255e-01 +1.1138e+00 -2.0605e-02
4 +6.546465791e+01 +6.546465791e+01 +3.061746579e+02 +3.061746579e+02 -7.5132e-01 +1.8165e+00 +1.9829e-01 +1.1115e+00 -2.2027e-02
12 +5.515795175e+01 +5.515795175e+01 +2.958679518e+02 +2.958679518e+02 -7.5159e-01 +1.8235e+00 +1.8818e-01 +1.1148e+00 -3.4229e-04
93 +5.323695387e+01 +5.323695387e+01 +2.939469539e+02 +2.939469539e+02 -7.4027e-01 +1.8254e+00 +1.6534e-01 +1.1190e+00 -3.3210e-03
128 +5.175867611e+01 +5.175867611e+01 +2.924686761e+02 +2.924686761e+02 -7.4563e-01 +1.8316e+00 +1.7808e-01 +1.1160e+00 +1.8158e-02
161 +5.016278202e+01 +5.016278202e+01 +2.908727820e+02 +2.908727820e+02 -7.4338e-01 +1.8368e+00 +1.7783e-01 +1.1131e+00 +7.7359e-03
171 +4.699193889e+01 +4.699193889e+01 +2.877019389e+02 +2.877019389e+02 -7.4726e-01 +1.8762e+00 +1.3464e-01 +1.1135e+00 +6.3306e-03
211 +4.623335943e+01 +4.623335943e+01 +2.869433594e+02 +2.869433594e+02 -7.3861e-01 +1.8421e+00 +1.6163e-01 +1.1130e+00 +9.0438e-03
279 +4.560441255e+01 +4.560441255e+01 +2.863144125e+02 +2.863144125e+02 -7.3105e-01 +1.8419e+00 +1.5686e-01 +1.1128e+00 +6.9350e-03
298 +4.442037455e+01 +4.442037455e+01 +2.851303745e+02 +2.851303745e+02 -7.3202e-01 +1.8502e+00 +1.4692e-01 +1.1114e+00 +5.9585e-03
379 +4.343809346e+01 +4.343809346e+01 +2.841480935e+02 +2.841480935e+02 -7.3211e-01 +1.8547e+00 +1.5427e-01 +1.1134e+00 +1.1983e-02
387 +4.245313363e+01 +4.245313363e+01 +2.831631336e+02 +2.831631336e+02 -7.3520e-01 +1.8587e+00 +1.5234e-01 +1.1149e+00 +1.0895e-02
447 +4.157959610e+01 +4.157959610e+01 +2.822895961e+02 +2.822895961e+02 -7.2315e-01 +1.8559e+00 +1.3953e-01 +1.1118e+00 +1.0950e-02
481 +4.030762849e+01 +4.030762849e+01 +2.810176285e+02 +2.810176285e+02 -7.2722e-01 +1.8628e+00 +1.3872e-01 +1.1129e+00 +1.9955e-02
609 +3.964956908e+01 +3.964956908e+01 +2.803595691e+02 +2.803595691e+02 -7.3064e-01 +1.8666e+00 +1.3851e-01 +1.1157e+00 +1.5790e-02
703 +3.887438909e+01 +3.887438909e+01 +2.795843891e+02 +2.795843891e+02 -7.3022e-01 +1.8727e+00 +1.3429e-01 +1.1162e+00 +1.6437e-02
942 +3.787202047e+01 +3.787202047e+01 +2.785820205e+02 +2.785820205e+02 -7.2988e-01 +1.8837e+00 +1.2467e-01 +1.1185e+00 +1.9351e-02
1572 +3.714407506e+01 +3.714407506e+01 +2.778540751e+02 +2.778540751e+02 -7.4199e-01 +1.8915e+00 +1.2763e-01 +1.1246e+00 +2.1472e-02
23608 +3.373508542e+01 +3.373508542e+01 +2.744450854e+02 +2.744450854e+02 +2.6307e+00 -2.9880e+00 -1.3475e+00 +7.1974e-01 +1.7448e+00
23685 +3.270339764e+01 +3.270339764e+01 +2.734133976e+02 +2.734133976e+02 +5.2101e-01 -3.3534e+00 -5.3800e-01 +1.4312e+00 +1.1674e+00
23765 +2.847114261e+01 +2.847114261e+01 +2.691811426e+02 +2.691811426e+02 +1.5979e+00 -3.1301e+00 -2.1227e+00 +1.9402e+00 +8.5012e-01
24031 +1.136765777e+01 +1.136765777e+01 +2.520776578e+02 +2.520776578e+02 +1.7916e+00 -2.5238e+00 -1.5011e+00 +2.6902e+00 +2.1584e+00
29881 +1.056473403e+01 +1.056473403e+01 +2.512747340e+02 +2.512747340e+02 +2.4774e+00 -9.8830e-01 -1.8872e+00 +2.3273e+00 +2.0469e+00
33537 +1.015870989e+01 +1.015870989e+01 +2.508687099e+02 +2.508687099e+02 +1.4054e+00 -1.9030e+00 -7.5591e-01 +1.7625e+00 +1.7367e+00
62079 +8.753619912e+00 +8.753619912e+00 +2.494636199e+02 +2.494636199e+02 +2.0110e+00 -2.1617e+00 -1.7442e+00 +1.2033e+00 +2.1542e+00
101129 +8.190969411e+00 +8.190969411e+00 +2.489009694e+02 +2.489009694e+02 +1.2093e+00 -1.5812e+00 -1.5838e+00 +2.4103e+00 +1.9027e+00
% function evaluation | noise-free fitness - Fopt (-2.707900000000e+02) | best noise-free fitness - Fopt | measured fitness | best measured fitness | x1 | x2...
1 +7.023862490e+01 +7.023862490e+01 -2.005513751e+02 -2.005513751e+02 +0.0000e+00 +0.0000e+00 +0.0000e+00 +0.0000e+00 +0.0000e+00
619 +5.441837232e+01 +5.441837232e+01 -2.163716277e+02 -2.163716277e+02 +5.3054e-01 -2.2816e+00 +1.9618e+00 -1.6942e+00 +4.3883e+00
886 +3.368155643e+01 +3.368155643e+01 -2.371084436e+02 -2.371084436e+02 +1.5853e+00 -7.0611e-01 +1.0587e+00 -1.4187e+00 +3.8900e+00
1418 +1.431074876e+01 +1.431074876e+01 -2.564792512e+02 -2.564792512e+02 +1.0019e+00 -1.1851e+00 +1.6133e+00 -9.2079e-01 +1.5307e+00
3410 +1.345084023e+01 +1.345084023e+01 -2.573391598e+02 -2.573391598e+02 +1.2841e+00 -1.3362e+00 +1.5257e+00 -1.0561e+00 +9.3541e-01
4860 +1.306836859e+01 +1.306836859e+01 -2.577216314e+02 -2.577216314e+02 +1.5810e+00 -1.4247e+00 +7.2157e-01 -5.6317e-01 +7.7113e-01
4991 +1.223829020e+01 +1.223829020e+01 -2.585517098e+02 -2.585517098e+02 +8.4950e-01 -7.9480e-01 +7.9460e-01 -1.5790e+00 +1.1931e+00
5828 +4.505982113e+00 +4.505982113e+00 -2.662840179e+02 -2.662840179e+02 +1.0962e+00 -1.4376e+00 +1.3475e+00 -1.2677e+00 +1.5631e+00
% function evaluation | noise-free fitness - Fopt (2.612000000000e+01) | best noise-free fitness - Fopt | measured fitness | best measured fitness | x1 | x2...
1 +7.969886865e+01 +7.969886865e+01 +1.058188687e+02 +1.058188687e+02 +0.0000e+00 +0.0000e+00 +0.0000e+00 +0.0000e+00 +0.0000e+00
457 +7.776416655e+01 +7.776416655e+01 +1.038841665e+02 +1.038841665e+02 +9.9498e-01 +3.0457e+00 +2.1512e+00 +4.3134e+00 +1.7222e+00
526 +7.482565834e+01 +7.482565834e+01 +1.009456583e+02 +1.009456583e+02 -6.0011e-01 +3.0649e+00 +1.3242e+00 +4.2991e+00 -6.8893e-01
577 +5.830687161e+01 +5.830687161e+01 +8.442687161e+01 +8.442687161e+01 -3.7629e+00 +3.0569e+00 +6.2177e-01 +4.2076e+00 +2.1939e+00
578 +5.281310286e+01 +5.281310286e+01 +7.893310286e+01 +7.893310286e+01 -1.2658e+00 +3.2729e+00 -8.1670e-02 +4.1775e+00 +1.5632e+00
609 +4.247960816e+01 +4.247960816e+01 +6.859960816e+01 +6.859960816e+01 -1.1092e+00 +3.1336e+00 -1.1807e+00 +4.2063e+00 +1.5442e+00
643 +3.617595439e+01 +3.617595439e+01 +6.229595439e+01 +6.229595439e+01 -1.5004e+00 +3.3193e+00 -1.7548e+00 +4.1930e+00 +3.3713e-01
935 +3.127631224e+01 +3.127631224e+01 +5.739631224e+01 +5.739631224e+01 -1.5879e+00 +9.5471e-01 -2.2308e+00 +3.4380e+00 +2.3781e+00
1011 +2.997087276e+01 +2.997087276e+01 +5.609087276e+01 +5.609087276e+01 -2.1148e+00 +1.2975e+00 -1.6793e+00 +2.8485e+00 +1.6671e+00
1060 +2.911591371e+01 +2.911591371e+01 +5.523591371e+01 +5.523591371e+01 -1.8853e+00 +1.1012e+00 -2.3001e+00 +2.8685e+00 +1.3588e+00
1108 +2.394174642e+01 +2.394174642e+01 +5.006174642e+01 +5.006174642e+01 -3.7353e-01 +1.4110e+00 -2.9527e+00 +2.1254e+00 +1.7401e+00
1623 +2.319723043e+01 +2.319723043e+01 +4.931723043e+01 +4.931723043e+01 -1.9614e+00 +2.4015e+00 -1.7530e+00 +2.3804e+00 +1.4957e+00
1639 +1.440900962e+01 +1.440900962e+01 +4.052900962e+01 +4.052900962e+01 -1.9061e+00 +2.3737e+00 -1.7255e+00 +2.4848e+00 +1.3876e+00
4821 +1.079140986e+01 +1.079140986e+01 +3.691140986e+01 +3.691140986e+01 -1.8103e+00 +1.4939e+00 -1.6555e+00 +2.3247e+00 +2.4268e+00
101577 +9.352946084e+00 +9.352946084e+00 +3.547294608e+01 +3.547294608e+01 -8.8113e-01 +1.2009e+00 -1.3867e+00 +2.2143e+00 +1.0964e+00
166925 +8.995395051e+00 +8.995395051e+00 +3.511539505e+01 +3.511539505e+01 -1.6193e+00 +1.3809e+00 -2.0212e+00 +1.5622e+00 +2.1313e+00
% function evaluation | noise-free fitness - Fopt (-6.252000000000e+01) | best noise-free fitness - Fopt | measured fitness | best measured fitness | x1 | x2...
1 +9.628387555e+01 +9.628387555e+01 +3.376387555e+01 +3.376387555e+01 +0.0000e+00 +0.0000e+00 +0.0000e+00 +0.0000e+00 +0.0000e+00
15805 +8.217372329e+01 +8.217372329e+01 +1.965372329e+01 +1.965372329e+01 +3.8138e+00 +1.1499e+00 -2.1973e-01 -6.9877e-01 +4.7104e+00
15856 +7.933101730e+01 +7.933101730e+01 +1.681101730e+01 +1.681101730e+01 +3.8116e+00 +1.1381e+00 -2.2433e-01 -6.9182e-01 +4.8143e+00
15990 +7.714846899e+01 +7.714846899e+01 +1.462846899e+01 +1.462846899e+01 +3.8104e+00 +1.1651e+00 -2.3596e-01 -7.0243e-01 +4.7481e+00
16111 +7.447631628e+01 +7.447631628e+01 +1.195631628e+01 +1.195631628e+01 +3.8167e+00 +1.0638e+00 -2.4138e-01 -7.4161e-01 +4.7721e+00
16160 +6.826555248e+01 +6.826555248e+01 +5.745552481e+00 +5.745552481e+00 +3.8418e+00 +1.0493e+00 -2.0399e-01 -7.1694e-01 +4.6748e+00
16184 +6.735669185e+01 +6.735669185e+01 +4.836691854e+00 +4.836691854e+00 +3.8270e+00 +1.0334e+00 -8.7165e-02 -7.0983e-01 +4.7492e+00
16273 +6.574797413e+01 +6.574797413e+01 +3.227974135e+00 +3.227974135e+00 +3.8428e+00 +7.2470e-01 -6.1787e-01 -6.4578e-01 +4.6159e+00
16424 +4.907617201e+01 +4.907617201e+01 -1.344382799e+01 -1.344382799e+01 +4.0569e+00 -2.8616e+00 +8.2265e-02 -5.5147e-01 +1.5928e+00
16622 +4.732486080e+01 +4.732486080e+01 -1.519513920e+01 -1.519513920e+01 +3.5044e+00 +5.6340e-01 -9.2125e-01 +4.2726e-01 +9.7727e-01
16697 +4.372952243e+01 +4.372952243e+01 -1.879047757e+01 -1.879047757e+01 +3.6843e+00 -2.0043e+00 -2.5863e+00 +9.4648e-01 +2.3711e+00
16741 +2.749942874e+01 +2.749942874e+01 -3.502057126e+01 -3.502057126e+01 +2.0610e+00 -1.7115e+00 -2.0781e+00 +6.5985e-01 +1.4685e+00
16813 +1.700646213e+01 +1.700646213e+01 -4.551353787e+01 -4.551353787e+01 +2.6370e+00 -1.2410e+00 -7.6055e-01 +1.6690e+00 +1.8885e+00
18762 +1.524852560e+01 +1.524852560e+01 -4.727147440e+01 -4.727147440e+01 +3.2255e+00 -1.5723e+00 -2.3938e+00 +2.2834e+00 +1.7648e+00
18959 +1.093695876e+01 +1.093695876e+01 -5.158304124e+01 -5.158304124e+01 +1.8679e+00 -9.9528e-01 -1.3295e+00 +1.7768e+00 +1.6441e+00
26576 +9.900901396e+00 +9.900901396e+00 -5.261909860e+01 -5.261909860e+01 +1.2617e+00 -2.1358e+00 -1.8489e+00 +9.7465e-01 +1.2290e+00
74217 +9.330232389e+00 +9.330232389e+00 -5.318976761e+01 -5.318976761e+01 +1.8654e+00 -1.3597e+00 -1.2241e+00 +1.7731e+00 +2.6792e+00
227395 +7.437928723e+00 +7.437928723e+00 -5.508207128e+01 -5.508207128e+01 +1.9876e+00 -1.5437e+00 -2.6219e+00 +1.5540e+00 +1.5668e+00
% function evaluation | noise-free fitness - Fopt (-2.438600000000e+02) | best noise-free fitness - Fopt | measured fitness | best measured fitness | x1 | x2...
1 +6.214432870e+01 +6.214432870e+01 -1.817156713e+02 -1.817156713e+02 +0.0000e+00 +0.0000e+00 +0.0000e+00 +0.0000e+00 +0.0000e+00
304 +5.560172596e+01 +5.560172596e+01 -1.882582740e+02 -1.882582740e+02 -1.4779e+00 -9.6462e-02 -1.6662e+00 +3.1526e+00 -2.0215e+00
307 +4.090200501e+01 +4.090200501e+01 -2.029579950e+02 -2.029579950e+02 -3.1201e-01 -2.8660e-01 -2.1039e+00 +3.1371e+00 -1.0058e+00
332 +3.351036092e+01 +3.351036092e+01 -2.103496391e+02 -2.103496391e+02 -3.8325e-01 -2.8870e-01 -1.9609e+00 +2.9272e+00 -1.4777e+00
407 +2.575418221e+01 +2.575418221e+01 -2.181058178e+02 -2.181058178e+02 +1.9596e+00 -6.1533e-01 -1.6234e+00 +2.0160e+00 -1.6694e+00
592 +2.217778339e+01 +2.217778339e+01 -2.216822166e+02 -2.216822166e+02 +1.1479e+00 -4.0255e-01 -9.4334e-02 +2.2515e+00 -2.3576e+00
1149 +1.644908013e+01 +1.644908013e+01 -2.274109199e+02 -2.274109199e+02 +3.4598e+00 -2.1983e+00 -1.3623e+00 +1.6171e+00 -2.1653e+00
2021 +1.527583185e+01 +1.527583185e+01 -2.285841682e+02 -2.285841682e+02 +2.0688e+00 -1.5015e+00 -1.2416e+00 +1.0936e+00 -5.8896e-01
3001 +1.346591698e+01 +1.346591698e+01 -2.303940830e+02 -2.303940830e+02 +1.6615e+00 -1.4131e+00 -1.9945e+00 +9.3889e-01 -2.5149e+00
5248 +9.724264733e+00 +9.724264733e+00 -2.341357353e+02 -2.341357353e+02 +1.6081e+00 -1.5827e+00 -5.4951e-01 +1.9907e+00 -1.5667e+00
64963 +7.126011004e+00 +7.126011004e+00 -2.367339890e+02 -2.367339890e+02 +1.6982e+00 -1.6551e+00 -1.8478e+00 +1.6274e+00 -1.6894e+00
% function evaluation | noise-free fitness - Fopt (-9.475000000000e+02) | best noise-free fitness - Fopt | measured fitness | best measured fitness | x1 | x2...
1 +9.621206697e+01 +9.621206697e+01 -8.512879330e+02 -8.512879330e+02 +0.0000e+00 +0.0000e+00 +0.0000e+00 +0.0000e+00 +0.0000e+00
2 +5.060976322e+01 +5.060976322e+01 -8.968902368e+02 -8.968902368e+02 -8.9950e-01 +2.3329e+00 -3.3608e+00 -2.6889e+00 +2.1329e+00
3 +4.870595143e+01 +4.870595143e+01 -8.987940486e+02 -8.987940486e+02 -8.9783e-01 +2.3386e+00 -3.3580e+00 -2.6866e+00 +2.1348e+00
5 +3.941464340e+01 +3.941464340e+01 -9.080853566e+02 -9.080853566e+02 -8.9582e-01 +2.3437e+00 -3.3583e+00 -2.6758e+00 +2.1422e+00
13 +3.583625688e+01 +3.583625688e+01 -9.116637431e+02 -9.116637431e+02 -9.0361e-01 +2.3293e+00 -3.3572e+00 -2.6928e+00 +2.1401e+00
25 +2.736115115e+01 +2.736115115e+01 -9.201388488e+02 -9.201388488e+02 -9.0366e-01 +2.3270e+00 -3.3556e+00 -2.6856e+00 +2.1469e+00
43 +2.546565949e+01 +2.546565949e+01 -9.220343405e+02 -9.220343405e+02 -8.9765e-01 +2.3189e+00 -3.3532e+00 -2.7314e+00 +2.1495e+00
49 +2.030011724e+01 +2.030011724e+01 -9.271998828e+02 -9.271998828e+02 -9.0048e-01 +2.3089e+00 -3.3678e+00 -2.6847e+00 +2.1575e+00
80 +1.899606263e+01 +1.899606263e+01 -9.285039374e+02 -9.285039374e+02 -9.0672e-01 +2.3249e+00 -3.3585e+00 -2.7026e+00 +2.1560e+00
185 +1.796464699e+01 +1.796464699e+01 -9.295353530e+02 -9.295353530e+02 -9.0354e-01 +2.3292e+00 -3.3564e+00 -2.7013e+00 +2.1561e+00
209 +1.688006080e+01 +1.688006080e+01 -9.306199392e+02 -9.306199392e+02 -9.0698e-01 +2.3322e+00 -3.3389e+00 -2.7183e+00 +2.1555e+00
279 +1.539532982e+01 +1.539532982e+01 -9.321046702e+02 -9.321046702e+02 -8.9672e-01 +2.3282e+00 -3.3458e+00 -2.7023e+00 +2.1582e+00
302 +1.508663298e+01 +1.508663298e+01 -9.324133670e+02 -9.324133670e+02 -8.9715e-01 +2.3294e+00 -3.3456e+00 -2.7078e+00 +2.1592e+00
336 +1.478944034e+01 +1.478944034e+01 -9.327105597e+02 -9.327105597e+02 -8.8933e-01 +2.3267e+00 -3.3469e+00 -2.7038e+00 +2.1610e+00
407 +1.428305865e+01 +1.428305865e+01 -9.332169413e+02 -9.332169413e+02 -8.9563e-01 +2.3300e+00 -3.3426e+00 -2.7022e+00 +2.1616e+00
508 +1.411856608e+01 +1.411856608e+01 -9.333814339e+02 -9.333814339e+02 -8.9777e-01 +2.3298e+00 -3.3399e+00 -2.7038e+00 +2.1618e+00
552 +1.379845436e+01 +1.379845436e+01 -9.337015456e+02 -9.337015456e+02 -8.9797e-01 +2.3308e+00 -3.3379e+00 -2.6982e+00 +2.1641e+00
22474 +9.742259496e+00 +9.742259496e+00 -9.377577405e+02 -9.377577405e+02 -2.5011e+00 +1.6125e+00 -1.9556e+00 -1.4098e+00 +9.7789e-01
57439 +8.802529764e+00 +8.802529764e+00 -9.386974702e+02 -9.386974702e+02 -2.2340e+00 +1.8715e+00 -1.3443e+00 -2.3960e+00 +2.0320e+00
238929 +8.012650139e+00 +8.012650139e+00 -9.394873499e+02 -9.394873499e+02 -2.4467e+00 +1.1642e+00 -1.9021e+00 -1.8623e+00 +1.6480e+00
