% function evaluation | noise-free fitness - Fopt (1.026100000000e+02) | best noise-free fitness - Fopt | measured fitness | best measured fitness | x1 | x2...
1 +3.131124616e+02 +3.131124616e+02 +4.157224616e+02 +4.157224616e+02 +0.0000e+00 +0.0000e+00 +0.0000e+00 +0.0000e+00 +0.0000e+00 +0.0000e+00 +0.0000e+00 +0.0000e+00 +0.0000e+00 +0.0000e+00 +0.0000e+00 +0.0000e+00 +0.0000e+00 +0.0000e+00 +0.0000e+00 +0.0000e+00 +0.0000e+00 +0.0000e+00 +0.0000e+00 +0.0000e+00
6011 +2.721536912e+02 +2.721536912e+02 +3.747636912e+02 +3.747636912e+02 -1.6723e+00 -1.7106e+00 +6.3593e-01 -1.9823e+00 +2.0123e-01 +4.2428e-01 +4.7533e-01 +1.0198e-01 +2.6602e+00 +1.8924e+00 +2.5516e+00 +1.0654e+00 +2.0817e+00 +4.6700e-01 +1.1480e+00 +2.1914e-01 +8.1519e-01 +8.7126e-01 -1.0166e+00 -5.0888e-01
6207 +2.379801358e+02 +2.379801358e+02 +3.405901358e+02 +3.405901358e+02 -1.0312e+00 -1.9377e+00 +6.7447e-01 -4.2526e-01 -2.2094e-01 +1.6774e+00 +1.1405e+00 -4.6122e-01 +2.0767e+00 +1.6717e+00 +2.5269e+00 +2.5066e+00 +2.3139e+00 -1.0510e+00 +1.1306e-01 +2.5367e+00 +6.9100e-01 +2.0943e+00 -1.9185e+00 -1.0685e+00
6633 +2.142614319e+02 +2.142614319e+02 +3.168714319e+02 +3.168714319e+02 -1.8192e+00 +1.1433e-01 +1.5459e+00 -1.3202e+00 +4.8156e-01 +1.0451e+00 +1.4509e+00 +6.8606e-01 -1.5750e-01 +1.5139e+00 +2.1839e+00 +1.5523e+00 +8.8549e-01 +2.4497e-01 +5.8904e-01 +1.4216e-01 -4.8885e-01 +2.3569e+00 -1.7646e+00 -1.0345e-01
7871 +2.137788545e+02 +2.137788545e+02 +3.163888545e+02 +3.163888545e+02 -1.1864e+00 -8.6936e-01 -1.3726e-02 -1.1726e+00 -1.0412e-01 +1.1167e+00 +1.7788e+00 +1.4066e-01 +1.1895e+00 -5.7043e-02 +1.7958e+00 -7.1429e-01 +5.5132e-01 -8.8997e-01 +2.8343e-01 +5.9350e-01 +1.5759e+00 +8.2866e-01 -1.7999e+00 -1.2341e+00
8814 +1.973060198e+02 +1.973060198e+02 +2.999160198e+02 +2.999160198e+02 +8.0753e-01 -3.8208e-01 +4.8532e-01 -5.6126e-01 +1.9061e+00 +2.0402e+00 +1.4231e+00 +7.4215e-01 +2.6907e+00 -1.5923e+00 +1.6532e+00 +1.2667e+00 +1.8398e+00 -1.8021e+00 +2.6341e+00 +1.1939e+00 +9.2589e-01 +1.8029e+00 -1.2908e+00 -1.0572e+00
8949 +1.870553350e+02 +1.870553350e+02 +2.896653350e+02 +2.896653350e+02 -1.7099e+00 -1.5763e+00 +7.0412e-01 -1.8429e-01 +2.1674e-01 +1.9534e+00 +7.3084e-01 +8.2943e-01 -7.8603e-01 -8.7916e-01 +1.7462e-01 +1.5121e+00 +1.5940e+00 -1.3417e+00 +1.4940e+00 -4.0033e-02 +1.7351e-01 +9.3755e-01 -1.0273e+00 -2.9698e+00
% function evaluation | noise-free fitness - Fopt (9.330000000000e+01) | best noise-free fitness - Fopt | measured fitness | best measured fitness | x1 | x2...
1 +3.422558314e+02 +3.422558314e+02 +4.355558314e+02 +4.355558314e+02 +0.0000e+00 +0.0000e+00 +0.0000e+00 +0.0000e+00 +0.0000e+00 +0.0000e+00 +0.0000e+00 +0.0000e+00 +0.0000e+00 +0.0000e+00 +0.0000e+00 +0.0000e+00 +0.0000e+00 +0.0000e+00 +0.0000e+00 +0.0000e+00 +0.0000e+00 +0.0000e+00 +0.0000e+00 +0.0000e+00
3949 +3.056201143e+02 +3.056201143e+02 +3.989201143e+02 +3.989201143e+02 +4.0913e+00 -2.5575e+00 -2.2210e+00 -6.3581e-01 -7.6259e-01 -1.0058e+00 -5.2921e-01 +3.8362e+00 -8.1653e-01 +9.5700e-02 +2.8864e+00 +9.9294e-02 -1.0692e+00 -5.7090e-02 -3.5437e+00 -7.1373e-01 -1.2618e+00 +1.4016e+00 -1.7288e+00 +1.7721e+00
4065 +2.932096835e+02 +2.932096835e+02 +3.865096835e+02 +3.865096835e+02 -2.1185e+00 -3.1421e+00 -1.7945e+00 -3.5591e+00 -1.7145e+00 +2.5635e+00 -1.7087e+00 +4.3144e+00 -1.2193e+00 -1.3468e+00 +1.2556e+00 -8.5179e-02 -1.1564e+00 +1.5430e+00 -1.6445e+00 -2.8358e+00 -1.4920e+00 +1.6306e+00 -1.1594e+00 -1.8396e+00
4158 +2.859569068e+02 +2.859569068e+02 +3.792569068e+02 +3.792569068e+02 -1.8987e+00 -3.0459e+00 -8.8414e-01 -1.3491e+00 -4.0094e-01 +1.3505e+00 -1.8604e+00 +2.0459e+00 -1.3032e+00 +3.5600e-02 +1.8985e+00 +1.1369e-01 -1.8355e+00 -6.6969e-01 -6.7293e-01 +7.3064e-01 -2.2881e+00 +1.6338e+00 -9.4465e-01 -3.2505e-01
4191 +2.692545943e+02 +2.692545943e+02 +3.625545943e+02 +3.625545943e+02 -5.2496e-01 -2.9519e+00 +3.1413e-01 -3.7440e+00 -1.6192e+00 +1.3483e+00 -2.1732e+00 +3.5318e+00 -1.0544e+00 -1.0471e+00 +1.7058e+00 -1.2209e-03 -2.6675e-01 +9.8805e-02 -1.5754e+00 +9.1566e-01 -2.4412e+00 +1.9764e+00 -8.2724e-01 +3.4646e-02
4250 +2.489282686e+02 +2.489282686e+02 +3.422282686e+02 +3.422282686e+02 +4.0115e-03 -2.5035e+00 -2.2879e+00 -2.2655e+00 -1.8349e+00 +1.9246e-01 -1.2143e+00 +2.6687e+00 -8.3905e-01 -1.7624e+00 +1.6260e+00 +1.7300e+00 +5.1004e-01 +7.8857e-01 -1.7936e+00 -9.3642e-01 -2.0849e+00 +9.4061e-01 -4.5735e-01 -1.3530e+00
4715 +2.269046974e+02 +2.269046974e+02 +3.202046974e+02 +3.202046974e+02 +7.9007e-01 -1.6367e+00 -1.9372e+00 -1.1455e+00 -1.3055e+00 +1.2904e+00 -1.3123e+00 +1.2058e+00 -2.5753e+00 -2.4924e+00 +3.1090e+00 +4.7766e-01 +7.2891e-01 -2.6573e-01 -2.9561e+00 -9.0521e-01 -2.1684e+00 +1.3713e+00 -9.5538e-01 +8.2195e-01
4803 +2.146652046e+02 +2.146652046e+02 +3.079652046e+02 +3.079652046e+02 +8.8945e-01 -1.4010e+00 -8.6041e-01 -6.4602e-01 -1.4087e+00 +7.1910e-01 -1.9714e+00 +2.0188e+00 -1.5857e+00 -1.3261e-01 +1.3027e+00 +7.9571e-01 +8.4118e-01 -4.9968e-01 -1.9531e+00 -2.3106e+00 -1.7138e+00 +1.0214e+00 -1.1949e+00 -7.5629e-01
6157 +2.055820683e+02 +2.055820683e+02 +2.988820683e+02 +2.988820683e+02 +3.1098e+00 -7.8863e-01 -1.0885e+00 -1.4098e+00 -9.8892e-01 +7.8210e-01 -1.1936e+00 +7.9702e-01 -7.3123e-02 -8.4501e-01 +9.4659e-01 +1.3472e+00 +1.4626e+00 +4.3716e-01 -1.2937e+00 -6.5321e-01 -1.6647e+00 +8.3781e-01 +5.1236e-01 -1.5279e+00
% function evaluation | noise-free fitness - Fopt (1.364000000000e+01) | best noise-free fitness - Fopt | measured fitness | best measured fitness | x1 | x2...
1 +3.271130175e+02 +3.271130175e+02 +3.407530175e+02 +3.407530175e+02 +0.0000e+00 +0.0000e+00 +0.0000e+00 +0.0000e+00 +0.0000e+00 +0.0000e+00 +0.0000e+00 +0.0000e+00 +0.0000e+00 +0.0000e+00 +0.0000e+00 +0.0000e+00 +0.0000e+00 +0.0000e+00 +0.0000e+00 +0.0000e+00 +0.0000e+00 +0.0000e+00 +0.0000e+00 +0.0000e+00
8094 +3.110666758e+02 +3.110666758e+02 +3.247066758e+02 +3.247066758e+02 -1.9262e+00 -7.1786e-01 -3.9616e-01 +7.4519e-01 -1.2475e+00 -2.3656e+00 -2.0543e+00 -1.5106e+00 +6.0899e-01 -1.1428e+00 -2.5134e+00 +1.6969e+00 -2.0961e-01 -5.3186e-01 -1.9949e-01 -3.8755e+00 -8.8460e-01 -7.0734e-01 -4.1222e-01 +4.5632e-01
8217 +2.950114006e+02 +2.950114006e+02 +3.086514006e+02 +3.086514006e+02 -1.2640e+00 -4.2499e-01 -3.9219e-01 +5.3925e-01 -1.8167e+00 +1.4370e+00 +3.9005e-03 -1.6486e+00 -5.5101e-01 +7.4234e-01 -2.3427e+00 +3.1576e+00 -3.2771e-01 -1.2787e+00 +1.7464e-01 -2.8599e+00 -1.4695e+00 +2.7640e-01 +1.0657e+00 +1.9293e-01
8602 +2.723826034e+02 +2.723826034e+02 +2.860226034e+02 +2.860226034e+02 -2.3800e-01 -1.4080e+00 -3.0842e-01 +1.5050e+00 -1.6801e+00 +1.8668e-01 -1.4864e+00 -2.5293e-02 -2.4050e+00 -3.2384e+00 -5.5364e-01 +1.0890e+00 +9.9432e-01 -1.6958e+00 +2.1199e+00 -1.0485e+00 -2.0488e+00 -2.3450e+00 +9.8942e-01 +1.4944e-01
8875 +2.627873391e+02 +2.627873391e+02 +2.764273391e+02 +2.764273391e+02 -9.0458e-01 -1.2269e+00 -1.7915e-01 +4.2616e-01 -1.0326e+00 -1.2504e+00 +1.1869e-01 +2.4278e-01 -5.2884e-01 +1.6918e+00 -1.0479e+00 +2.9675e+00 +3.4361e-01 -3.8390e-02 +7.5040e-01 -9.7844e-01 -9.7835e-01 -2.1041e+00 +4.3682e-01 -7.4061e-02
9190 +2.561856024e+02 +2.561856024e+02 +2.698256024e+02 +2.698256024e+02 -6.0156e-01 -8.5548e-01 +2.9115e-01 +1.0337e+00 -7.1556e-01 -1.1724e+00 -8.1510e-01 -1.7362e+00 -2.1927e+00 +9.2974e-02 -1.2140e+00 +2.7986e+00 -1.9046e-01 -1.5554e+00 +9.7021e-01 -1.1800e+00 -1.4687e+00 -1.1065e+00 +1.2288e+00 -4.7353e-01
% function evaluation | noise-free fitness - Fopt (1.948000000000e+02) | best noise-free fitness - Fopt | measured fitness | best measured fitness | x1 | x2...
1 +3.812063346e+02 +3.812063346e+02 +5.760063346e+02 +5.760063346e+02 +0.0000e+00 +0.0000e+00 +0.0000e+00 +0.0000e+00 +0.0000e+00 +0.0000e+00 +0.0000e+00 +0.0000e+00 +0.0000e+00 +0.0000e+00 +0.0000e+00 +0.0000e+00 +0.0000e+00 +0.0000e+00 +0.0000e+00 +0.0000e+00 +0.0000e+00 +0.0000e+00 +0.0000e+00 +0.0000e+00
2057 +3.741403152e+02 +3.741403152e+02 +5.689403152e+02 +5.689403152e+02 +7.6033e-01 +4.2910e+00 +3.3459e+00 +4.9037e-01 -8.2731e-01 +8.0290e-01 +3.4536e-01 +2.4538e+00 -1.6151e+00 -1.4519e+00 -2.7010e+00 -7.6518e-01 +4.7126e-01 -2.4700e+00 +7.3796e-01 +9.1162e-02 +2.7942e+00 -5.9693e-01 -1.2119e+00 +2.4994e+00
2064 +3.458106764e+02 +3.458106764e+02 +5.406106764e+02 +5.406106764e+02 +6.9318e-01 +3.3576e+00 +3.4365e+00 +4.4611e-01 +3.6748e-01 +1.8254e+00 +4.0530e-01 +2.4933e+00 -1.7674e+00 -2.1286e+00 -2.9294e+00 -7.8281e-01 +8.8094e-01 -2.4922e+00 +1.5891e+00 +1.6726e-01 +1.0747e+00 -4.1934e-01 -2.5383e-01 +2.8538e+00
2315 +3.357865245e+02 +3.357865245e+02 +5.305865245e+02 +5.305865245e+02 -6.3005e-01 +4.6918e+00 +3.8013e+00 +8.1736e-01 +1.2243e-01 +3.3622e-01 +3.2006e-01 +1.1585e+00 -1.1162e+00 -1.5644e+00 -3.3371e+00 -6.0385e-01 +3.4724e-01 -2.4456e+00 +1.3253e+00 +1.0617e+00 +1.6658e-01 -2.9463e+00 +2.0383e+00 +2.7473e+00
2375 +3.296620614e+02 +3.296620614e+02 +5.244620614e+02 +5.244620614e+02 -1.0483e+00 +4.6246e+00 +1.8415e+00 -3.6782e-01 +1.6114e+00 +1.0207e+00 +4.4607e-01 +4.2696e-01 -1.1188e+00 -1.2834e+00 -3.5833e+00 -2.3782e-01 +3.7916e-01 -2.4524e+00 +3.7985e-01 +2.6371e+00 +1.8748e+00 -2.7160e+00 -1.3134e-01 +1.0696e+00
2462 +3.160009336e+02 +3.160009336e+02 +5.108009336e+02 +5.108009336e+02 -5.3142e-01 +3.7460e+00 +3.2129e+00 -8.0566e-01 +5.4993e-01 -1.7930e-01 +5.3483e-01 +1.7199e+00 -1.3634e+00 -2.4722e+00 -3.2475e+00 -4.5225e-01 +5.7750e-01 -2.4847e+00 -2.5872e-01 +6.7155e-01 +3.8184e-01 +3.4295e-01 +1.9799e+00 +1.7293e+00
2469 +3.052217773e+02 +3.052217773e+02 +5.000217773e+02 +5.000217773e+02 -1.8720e+00 +3.9889e+00 +3.3086e+00 -1.0382e+00 +1.1609e+00 +1.1971e+00 +3.8371e-01 +3.0616e-01 -1.1801e+00 -2.4466e+00 -2.6923e+00 -3.3144e-01 -5.2847e-01 -2.5763e+00 -8.8663e-01 -7.4849e-01 +3.6631e-01 -1.9352e+00 +1.8785e+00 +2.8751e+00
2505 +2.659017795e+02 +2.659017795e+02 +4.607017795e+02 +4.607017795e+02 +1.4250e+00 +3.5432e+00 +2.9185e+00 -7.7478e-01 +1.7881e+00 -9.8235e-02 +5.1433e-01 +2.1318e+00 -8.6305e-01 -9.9185e-01 -1.3790e+00 -4.7713e-01 +9.3000e-01 -2.6467e+00 +7.1626e-01 +8.0714e-01 +1.1110e+00 +4.9014e-01 +9.9518e-01 +2.3947e+00
2668 +2.611691306e+02 +2.611691306e+02 +4.559691306e+02 +4.559691306e+02 -2.2290e+00 +3.0417e+00 +2.7667e+00 -8.9689e-01 +2.1676e+00 -5.7048e-01 +4.2828e-01 +1.1201e+00 -1.3939e+00 -9.7884e-01 -1.9959e+00 -4.4905e-01 +9.1181e-01 -2.4519e+00 -4.3129e-01 +8.0269e-01 -2.8740e+00 -5.3661e-01 +1.8543e+00 +2.3290e+00
2688 +2.419320928e+02 +2.419320928e+02 +4.367320928e+02 +4.367320928e+02 -9.6625e-01 +2.5297e+00 +4.3144e+00 -3.1130e-01 +8.0982e-01 +5.3844e-01 +6.4807e-01 +2.5023e+00 -1.7714e+00 -2.5656e+00 -2.1287e+00 -2.7688e-01 -4.0310e-01 -2.5586e+00 +5.3801e-01 +1.5004e-01 -4.6857e-01 -1.3796e+00 +2.2342e+00 +2.2345e+00
2821 +2.365983382e+02 +2.365983382e+02 +4.313983382e+02 +4.313983382e+02 -4.9421e-01 -5.8364e-01 +3.8853e+00 -2.0272e+00 +3.1409e+00 +2.2142e-01 +6.6328e-02 +1.5824e+00 -2.0317e+00 -8.7600e-01 -9.1067e-01 -5.1970e-01 +1.8287e-01 -2.5994e+00 -5.5121e-01 +1.9823e+00 -1.2696e+00 -1.1683e+00 +1.9563e+00 +2.7515e+00
2945 +2.071650115e+02 +2.071650115e+02 +4.019650115e+02 +4.019650115e+02 -1.2088e+00 +2.5203e+00 +2.4334e+00 +7.2916e-01 +1.9916e+00 -1.4088e+00 +4.8995e-01 +1.3170e+00 -7.9480e-01 -2.2418e+00 -1.9622e+00 -5.9077e-01 -2.9784e-02 -2.4745e+00 +2.0939e-01 +3.0288e-02 -6.1389e-01 -1.9175e+00 +1.5531e+00 +1.5752e+00
3131 +1.908626737e+02 +1.908626737e+02 +3.856626737e+02 +3.856626737e+02 -6.5867e-01 +2.2090e+00 +1.3704e+00 -2.2218e+00 +5.8591e-03 -1.1408e+00 +3.6117e-01 +2.2038e+00 -1.6900e+00 -2.4710e+00 -1.6282e+00 +5.5944e-01 +1.2096e+00 -1.0683e+00 -1.2297e+00 +9.2048e-01 -8.1545e-01 -2.9305e+00 +8.8310e-01 +8.7135e-01
% function evaluation | noise-free fitness - Fopt (-1.335900000000e+02) | best noise-free fitness - Fopt | measured fitness | best measured fitness | x1 | x2...
1 +3.082410013e+02 +3.082410013e+02 +1.746510013e+02 +1.746510013e+02 +0.0000e+00 +0.0000e+00 +0.0000e+00 +0.0000e+00 +0.0000e+00 +0.0000e+00 +0.0000e+00 +0.0000e+00 +0.0000e+00 +0.0000e+00 +0.0000e+00 +0.0000e+00 +0.0000e+00 +0.0000e+00 +0.0000e+00 +0.0000e+00 +0.0000e+00 +0.0000e+00 +0.0000e+00 +0.0000e+00
4706 +2.951283606e+02 +2.951283606e+02 +1.615383606e+02 +1.615383606e+02 +4.4011e-01 +1.6467e+00 -3.2163e+00 +7.2457e-01 -9.5606e-01 +1.2406e+00 +6.0737e-01 +7.6188e-01 -5.0840e-01 +3.8232e+00 +5.2726e-01 +1.9512e+00 -5.7843e-01 +3.7044e-01 +2.3553e+00 -4.0755e-01 +1.4939e+00 +1.7065e+00 +1.4192e+00 +2.0548e+00
4744 +2.835500134e+02 +2.835500134e+02 +1.499600134e+02 +1.499600134e+02 +2.2656e-01 +2.3206e+00 -3.6908e+00 +1.8454e+00 -1.2299e+00 +1.5326e+00 +2.4501e+00 +3.0957e-01 -6.2506e-01 +1.8621e+00 +2.7518e-01 +2.1824e+00 -3.0870e+00 -8.3227e-01 +1.1861e+00 -4.4140e-01 +1.3074e+00 +2.1939e+00 +1.3021e+00 +7.3060e-01
4778 +2.682164348e+02 +2.682164348e+02 +1.346264348e+02 +1.346264348e+02 +1.1177e+00 +3.9020e-01 -3.2164e+00 -6.2993e-01 -9.1155e-01 +2.6630e+00 +1.0433e+00 +1.0917e+00 -9.1913e-01 +7.5414e-01 -4.5923e-01 +1.8036e+00 -6.5881e-01 -5.3250e-01 +9.4294e-01 -1.3081e+00 +1.3457e+00 +2.0366e+00 +2.3193e+00 +5.5023e-01
5120 +2.331406290e+02 +2.331406290e+02 +9.955062905e+01 +9.955062905e+01 +9.3145e-01 +1.1396e+00 -2.8288e+00 -8.4581e-01 -9.2311e-01 +2.0812e+00 +1.0046e+00 +1.2826e+00 -3.0034e-01 +1.1923e+00 +6.6127e-02 +9.2055e-01 -2.1866e+00 -1.7165e+00 +1.9874e+00 +5.6574e-01 +1.0135e+00 +1.2849e+00 +2.5678e-01 +1.6954e+00
5355 +2.168769851e+02 +2.168769851e+02 +8.328698511e+01 +8.328698511e+01 +2.0680e+00 +9.9821e-01 -3.1084e+00 -1.2445e+00 -3.3279e-01 +2.6033e+00 +1.4339e+00 +4.3759e-01 +1.6946e+00 +1.3627e+00 -1.4098e+00 -6.0155e-01 -2.2809e+00 -7.0382e-01 +2.8436e+00 -6.8710e-01 +1.5409e+00 +1.1753e+00 +1.4257e+00 +2.3158e-01
5693 +1.892239408e+02 +1.892239408e+02 +5.563394081e+01 +5.563394081e+01 +1.9690e+00 +1.4893e+00 -1.7032e+00 -1.2764e+00 -1.0574e+00 +5.7855e-01 +1.3297e+00 +6.4323e-01 +1.9415e-01 +1.3941e+00 -8.8925e-01 +1.1147e+00 -2.3648e+00 -1.0920e+00 +7.6123e-01 -1.6652e-01 +1.1418e+00 +4.9701e-02 +1.0423e+00 +6.7766e-01
% function evaluation | noise-free fitness - Fopt (1.955000000000e+01) | best noise-free fitness - Fopt | measured fitness | best measured fitness | x1 | x2...
1 +2.933931960e+02 +2.933931960e+02 +3.129431960e+02 +3.129431960e+02 +0.0000e+00 +0.0000e+00 +0.0000e+00 +0.0000e+00 +0.0000e+00 +0.0000e+00 +0.0000e+00 +0.0000e+00 +0.0000e+00 +0.0000e+00 +0.0000e+00 +0.0000e+00 +0.0000e+00 +0.0000e+00 +0.0000e+00 +0.0000e+00 +0.0000e+00 +0.0000e+00 +0.0000e+00 +0.0000e+00
4592 +2.864450277e+02 +2.864450277e+02 +3.059950277e+02 +3.059950277e+02 +1.0714e+00 +1.9160e+00 -2.2221e-01 +1.0135e+00 -1.8469e+00 +2.8576e-01 -6.7708e-01 -1.0025e+00 -8.7625e-01 +1.3739e+00 +2.6633e+00 -1.1904e+00 -1.3952e+00 +2.5819e+00 -1.7899e+00 -1.5684e+00 -2.7557e+00 +2.3321e+00 +1.2292e+00 -2.0117e+00
4833 +2.675393472e+02 +2.675393472e+02 +2.870893472e+02 +2.870893472e+02 +8.9368e-01 -2.8797e-01 +7.7360e-01 +9.7409e-01 -1.0591e+00 +1.2654e+00 +7.1241e-02 -1.2996e+00 -4.6620e+00 -3.4456e+00 +1.2777e+00 -3.0424e-01 -1.6825e+00 +1.9675e+00 -2.4877e-01 -1.4448e-01 -1.7731e+00 +2.4045e+00 -1.0170e-01 -1.4131e+00
4914 +2.307895782e+02 +2.307895782e+02 +2.503395782e+02 +2.503395782e+02 +1.4010e+00 +9.4558e-03 -1.8395e+00 +1.6985e+00 -5.9731e-01 -1.7375e-01 -1.9424e+00 -1.0950e+00 -1.3863e+00 -2.8841e+00 +2.7047e-01 -2.5514e+00 -1.0785e+00 +1.7569e+00 -7.7542e-01 -1.0188e+00 -2.1718e+00 +2.9443e+00 +1.9380e+00 -1.5013e+00
6536 +2.285282345e+02 +2.285282345e+02 +2.480782345e+02 +2.480782345e+02 +1.2091e+00 +1.0707e+00 -4.7823e-01 +1.1042e+00 -6.8106e-01 +7.4923e-01 +1.6327e+00 -4.6118e-01 -1.5300e+00 -7.8261e-01 +8.9479e-01 -1.0564e+00 -1.0997e-02 +1.1327e+00 -1.9358e+00 -9.7501e-01 -1.4507e+00 +3.9253e-01 +1.6410e+00 -2.8288e-02
6932 +2.081819973e+02 +2.081819973e+02 +2.277319973e+02 +2.277319973e+02 +8.7491e-01 +9.9875e-01 -1.4639e+00 +7.7074e-01 -3.1352e+00 -1.5265e-01 -7.6020e-01 -9.6218e-01 -7.2558e-01 -2.0094e+00 +9.8031e-01 -1.3514e+00 +1.0290e-01 +4.5084e-01 -8.3419e-01 +3.8014e+00 -1.2586e+00 +3.1901e-01 +2.0588e+00 -1.5710e+00
7573 +1.836163576e+02 +1.836163576e+02 +2.031663576e+02 +2.031663576e+02 +7.4619e-01 +1.4605e+00 -1.0280e+00 +9.9113e-01 -1.7765e+00 +1.6396e+00 -4.1046e-01 -6.7963e-01 -1.0697e+00 -1.4196e+00 +2.2503e+00 -1.3237e+00 +4.3786e-01 +9.9438e-01 -5.3854e-01 -3.7932e-01 -2.0184e+00 +8.0543e-01 +7.6925e-01 -1.4311e+00
11112 +1.773007315e+02 +1.773007315e+02 +1.968507315e+02 +1.968507315e+02 +1.0643e+00 +2.3418e+00 +4.7440e-01 +1.7994e+00 -7.3049e-01 +2.1632e+00 -1.5410e+00 -2.6660e-01 -1.5827e+00 -1.3011e-02 +1.2375e+00 -8.5483e-01 +3.7577e-01 +1.1752e+00 -4.0495e+00 +8.1529e-01 -1.6682e+00 +8.2479e-01 +4.8646e-01 -4.3270e-01
% function evaluation | noise-free fitness - Fopt (-1.307000000000e+01) | best noise-free fitness - Fopt | measured fitness | best measured fitness | x1 | x2...
1 +2.485471266e+02 +2.485471266e+02 +2.354771266e+02 +2.354771266e+02 +0.0000e+00 +0.0000e+00 +0.0000e+00 +0.0000e+00 +0.0000e+00 +0.0000e+00 +0.0000e+00 +0.0000e+00 +0.0000e+00 +0.0000e+00 +0.0000e+00 +0.0000e+00 +0.0000e+00 +0.0000e+00 +0.0000e+00 +0.0000e+00 +0.0000e+00 +0.0000e+00 +0.0000e+00 +0.0000e+00
% function evaluation | noise-free fitness - Fopt (7.965000000000e+01) | best noise-free fitness - Fopt | measured fitness | best measured fitness | x1 | x2...
1 +2.852545588e+02 +2.852545588e+02 +3.649045588e+02 +3.649045588e+02 +0.0000e+00 +0.0000e+00 +0.0000e+00 +0.0000e+00 +0.0000e+00 +0.0000e+00 +0.0000e+00 +0.0000e+00 +0.0000e+00 +0.0000e+00 +0.0000e+00 +0.0000e+00 +0.0000e+00 +0.0000e+00 +0.0000e+00 +0.0000e+00 +0.0000e+00 +0.0000e+00 +0.0000e+00 +0.0000e+00
3277 +2.678611412e+02 +2.678611412e+02 +3.475111412e+02 +3.475111412e+02 +2.1990e+00 -1.0073e+00 +2.5582e+00 -8.5514e-02 +2.6207e+00 -3.4786e-01 -1.6670e+00 -9.4253e-01 +2.1882e+00 -2.5165e+00 -6.8882e-01 -1.4549e+00 -1.0298e+00 +2.6586e+00 +4.2031e-01 +1.0340e+00 -8.6377e-01 +1.1606e+00 +1.6427e+00 -2.0591e-01
3583 +2.458034132e+02 +2.458034132e+02 +3.254534132e+02 +3.254534132e+02 +8.5891e-01 -9.4635e-01 +2.0812e+00 +1.2212e+00 +1.8764e+00 +5.5047e-01 -1.2434e+00 +1.3780e+00 +1.0819e+00 -9.9197e-01 +5.2540e-01 +8.9598e-01 -1.9338e+00 +1.8638e+00 +9.6791e-02 +1.1114e+00 +5.2398e-01 +8.8371e-01 +2.0027e+00 -1.1704e+00
3646 +2.319652894e+02 +2.319652894e+02 +3.116152894e+02 +3.116152894e+02 +1.0674e+00 -9.8792e-01 +2.3127e+00 +4.1126e-01 +8.7471e-01 +1.2103e-01 -3.7273e-01 +2.1750e+00 +1.9832e+00 -1.6294e+00 -1.3702e+00 -9.8795e-01 -1.2917e+00 +2.1306e+00 -2.1203e+00 +1.1152e+00 +1.9438e+00 +7.1275e-01 +3.4087e+00 -8.5065e-01
3962 +2.034964710e+02 +2.034964710e+02 +2.831464710e+02 +2.831464710e+02 +2.7736e-01 -1.5551e+00 +5.5726e-01 +1.2150e+00 +1.2357e+00 +1.2103e+00 +3.8921e-02 +2.6764e-01 +1.6101e+00 -1.5882e+00 -1.1696e+00 -1.7157e-01 +1.9372e-01 +1.7371e+00 -6.7944e-01 +1.1870e+00 +7.9744e-01 +2.6995e-01 +3.3973e+00 -4.1015e-01
4566 +1.848909325e+02 +1.848909325e+02 +2.645409325e+02 +2.645409325e+02 +1.7253e+00 -5.3222e-01 +1.2348e+00 +8.5311e-01 +1.7107e+00 +1.0249e+00 -9.1269e-01 +2.5576e+00 +2.2264e+00 -3.3323e+00 -6.0720e-01 -1.8175e+00 -3.4298e-01 +8.0194e-01 -3.6345e-01 -1.9395e-01 +8.6312e-01 -1.9550e+00 +2.3635e+00 -1.0293e+00
% function evaluation | noise-free fitness - Fopt (1.160000000000e+00) | best noise-free fitness - Fopt | measured fitness | best measured fitness | x1 | x2...
1 +3.497414367e+02 +3.497414367e+02 +3.509014367e+02 +3.509014367e+02 +0.0000e+00 +0.0000e+00 +0.0000e+00 +0.0000e+00 +0.0000e+00 +0.0000e+00 +0.0000e+00 +0.0000e+00 +0.0000e+00 +0.0000e+00 +0.0000e+00 +0.0000e+00 +0.0000e+00 +0.0000e+00 +0.0000e+00 +0.0000e+00 +0.0000e+00 +0.0000e+00 +0.0000e+00 +0.0000e+00
4302 +2.611801620e+02 +2.611801620e+02 +2.623401620e+02 +2.623401620e+02 +1.4917e+00 -1.6401e+00 -3.2521e+00 +2.2033e+00 +1.5151e+00 +2.4289e+00 +2.9220e+00 +1.1907e+00 +8.0860e-01 -4.7666e-01 -1.2090e-01 -2.6740e+00 +4.8114e-01 +1.1963e+00 -1.7083e+00 -1.2682e+00 -1.7427e+00 +1.3673e+00 -1.5947e-01 +4.1766e-01
4735 +2.491737599e+02 +2.491737599e+02 +2.503337599e+02 +2.503337599e+02 +1.3183e+00 -2.5621e+00 -2.6691e+00 +3.3595e+00 +1.4760e+00 +1.4768e+00 +5.1110e-01 +1.4296e+00 +4.4076e-01 -9.1498e-01 +9.1687e-01 -1.5169e+00 -5.5888e-02 -1.5984e+00 -1.4462e-01 -6.8859e-01 +2.3455e+00 +4.0443e-01 -9.3607e-01 +8.9915e-01
4974 +2.409820611e+02 +2.409820611e+02 +2.421420611e+02 +2.421420611e+02 +1.7912e+00 -3.0591e+00 -2.8959e+00 +8.8442e-01 +1.2872e+00 +2.6000e+00 +1.8913e+00 +2.1633e+00 +4.0695e-01 -1.3191e+00 +1.2512e+00 -3.6247e+00 -8.6157e-01 -1.3619e+00 -1.6374e+00 -3.1834e-01 +1.7400e+00 +7.2699e-01 +4.9711e-01 +2.2724e+00
5207 +2.283603643e+02 +2.283603643e+02 +2.295203643e+02 +2.295203643e+02 +5.0234e-01 -1.2460e+00 -3.6926e+00 +2.0176e+00 +1.6296e+00 +6.5710e-01 +2.0368e+00 +2.1250e+00 +1.2576e+00 -2.7389e+00 +1.7910e+00 -1.1857e+00 -2.9916e-01 -2.4235e+00 +1.2555e-01 -1.0694e+00 +1.0135e+00 +3.5170e-01 -1.1293e-01 +1.9171e+00
5538 +2.170390745e+02 +2.170390745e+02 +2.181990745e+02 +2.181990745e+02 +1.8715e+00 -1.5856e+00 -1.3176e+00 -4.9188e-01 -6.3181e-01 +1.6192e+00 +1.3204e+00 +1.7469e+00 -1.4325e+00 -1.2433e+00 +1.3706e+00 -8.9997e-01 -3.1902e-02 -7.4511e-01 -1.1981e+00 -1.4686e+00 +1.3899e+00 -3.0170e+00 -1.4815e+00 +1.5767e+00
5776 +2.123525303e+02 +2.123525303e+02 +2.135125303e+02 +2.135125303e+02 +1.5385e+00 -2.1347e+00 -1.6848e+00 +6.0844e-01 +9.7349e-01 -8.3580e-01 +3.6039e+00 +1.5474e+00 -2.1367e+00 -1.4826e+00 +1.7470e+00 -1.3444e+00 -2.0969e+00 -3.8501e-01 -8.6950e-01 -5.8729e-01 +2.7298e-01 -6.3306e-02 -1.2515e+00 +1.5176e+00
5789 +2.021438800e+02 +2.021438800e+02 +2.033038800e+02 +2.033038800e+02 +5.9950e-01 -2.1619e+00 -2.0948e+00 +1.1968e+00 +9.2951e-01 +1.5172e+00 +1.7823e+00 +1.7603e+00 -4.1371e-01 -5.0460e-01 +2.2412e+00 -1.6651e+00 -3.4812e+00 -7.7353e-01 -1.1912e+00 -1.2848e+00 +4.1068e-01 +8.3495e-01 -2.2081e+00 +1.0314e+00
5904 +1.688566357e+02 +1.688566357e+02 +1.700166357e+02 +1.700166357e+02 +1.7883e+00 -1.7776e+00 -2.1635e+00 +2.3749e+00 +1.9311e+00 +9.8006e-01 +1.2197e+00 +1.4643e+00 -4.2180e-01 -1.5079e+00 +1.8289e+00 -2.8580e+00 -1.0231e+00 -3.1456e-01 -1.2175e+00 -1.5025e+00 +1.4703e+00 -7.2080e-01 -1.9357e+00 +1.2071e+00
% function evaluation | noise-free fitness - Fopt (2.407100000000e+02) | best noise-free fitness - Fopt | measured fitness | best measured fitness | x1 | x2...
1 +3.202592040e+02 +3.202592040e+02 +5.609692040e+02 +5.609692040e+02 +0.0000e+00 +0.0000e+00 +0.0000e+00 +0.0000e+00 +0.0000e+00 +0.0000e+00 +0.0000e+00 +0.0000e+00 +0.0000e+00 +0.0000e+00 +0.0000e+00 +0.0000e+00 +0.0000e+00 +0.0000e+00 +0.0000e+00 +0.0000e+00 +0.0000e+00 +0.0000e+00 +0.0000e+00 +0.0000e+00
5002 +2.851198071e+02 +2.851198071e+02 +5.258298071e+02 +5.258298071e+02 +2.8273e+00 +5.8929e-01 +9.7902e-01 -6.6048e-01 -3.3800e+00 +1.2007e+00 +6.9881e-01 +8.3624e-01 -1.7133e-01 +2.7159e-01 -4.1764e-01 +1.5444e-01 -1.2358e+00 -1.1479e+00 +1.6027e+00 -7.2280e-01 +2.7122e-01 +5.2902e-01 -6.9786e-01 +2.2548e+00
5154 +2.212948192e+02 +2.212948192e+02 +4.620048192e+02 +4.620048192e+02 +2.9208e+00 +4.1031e-01 +8.2213e-01 -1.4098e-01 -2.9359e+00 +1.0944e-01 +9.5916e-01 +1.5310e+00 -2.0015e-01 -1.2107e+00 +6.7761e-01 -2.1040e+00 +2.1156e+00 -6.7702e-01 +1.9966e+00 -3.1338e-01 -3.3652e-01 -4.1943e-03 -1.4078e+00 +2.1878e-01
% function evaluation | noise-free fitness - Fopt (-2.707900000000e+02) | best noise-free fitness - Fopt | measured fitness | best measured fitness | x1 | x2...
1 +3.046832452e+02 +3.046832452e+02 +3.389324516e+01 +3.389324516e+01 +0.0000e+00 +0.0000e+00 +0.0000e+00 +0.0000e+00 +0.0000e+00 +0.0000e+00 +0.0000e+00 +0.0000e+00 +0.0000e+00 +0.0000e+00 +0.0000e+00 +0.0000e+00 +0.0000e+00 +0.0000e+00 +0.0000e+00 +0.0000e+00 +0.0000e+00 +0.0000e+00 +0.0000e+00 +0.0000e+00
3988 +2.900019132e+02 +2.900019132e+02 +1.921191319e+01 +1.921191319e+01 +3.1090e+00 -2.2294e+00 -3.9073e-01 +1.3295e+00 +1.3653e+00 -1.8055e+00 -4.0601e-01 +1.6684e+00 -5.8676e-01 -2.9692e-03 +1.0361e+00 +1.9806e+00 -1.0986e+00 -2.4102e+00 -1.9102e+00 -2.2032e+00 -5.5845e-01 -2.7614e+00 -1.1577e+00 +7.1049e-01
4034 +2.805041639e+02 +2.805041639e+02 +9.714163904e+00 +9.714163904e+00 +2.2709e+00 -4.6239e-01 +2.9045e-01 +4.5337e-01 -5.3583e-01 -3.5621e-01 +1.1662e+00 +6.6975e-01 -7.1642e-01 -2.0644e-01 +1.2318e+00 +2.0940e+00 +2.2811e-01 -3.4479e+00 -1.7560e+00 -1.6330e+00 -1.8585e+00 -2.9064e+00 -2.1537e+00 +2.6309e-02
4099 +2.727437593e+02 +2.727437593e+02 +1.953759298e+00 +1.953759298e+00 +2.9851e+00 -6.6664e-01 -3.0335e+00 +1.2638e+00 +1.8629e+00 -1.0869e+00 +1.3627e+00 +1.8782e+00 -8.5991e-01 +1.0811e+00 -1.9383e-01 +1.2117e+00 +7.6412e-01 -2.9042e+00 -1.8197e+00 -5.1428e-01 -2.2727e+00 -2.9119e+00 -1.9824e+00 -5.0032e-01
4170 +2.657451740e+02 +2.657451740e+02 -5.044825963e+00 -5.044825963e+00 +1.8833e+00 -5.4472e-03 -1.4857e+00 +1.7191e+00 +1.9695e+00 -2.2854e+00 +1.2538e+00 +1.8421e+00 -1.5694e+00 -2.2015e+00 +1.3883e+00 +2.3035e+00 -4.5554e-02 -2.7010e+00 -1.7827e+00 -6.2742e-01 -6.7079e-01 -2.6478e+00 -7.0495e-01 -5.9909e-01
4235 +2.616347415e+02 +2.616347415e+02 -9.155258497e+00 -9.155258497e+00 +2.2323e+00 -2.6294e-01 -9.1194e-01 +2.3644e+00 +1.5629e+00 -7.0187e-01 +2.0031e+00 +8.1688e-01 -7.2419e-01 -1.5191e-01 +8.8945e-01 +1.7561e+00 +1.3340e-01 -2.6877e+00 -1.7722e+00 +7.1832e-01 -6.3225e-01 -3.3899e+00 -7.0266e-01 +2.2528e-01
4244 +2.196887582e+02 +2.196887582e+02 -5.110124182e+01 -5.110124182e+01 +2.8132e+00 -1.3599e-01 -4.1025e-01 +3.1598e+00 +2.0336e+00 -3.1577e-01 +2.4617e-01 +1.8648e+00 -1.0795e+00 +1.8817e-01 +7.5524e-01 +2.2736e+00 +1.6395e-01 -2.6700e+00 -2.5771e+00 +1.1931e+00 -1.5239e+00 -2.7931e+00 -9.4082e-01 -6.2312e-01
4313 +1.926119270e+02 +1.926119270e+02 -7.817807298e+01 -7.817807298e+01 +2.2476e+00 +2.1990e+00 -2.8891e+00 -6.7217e-01 +1.3514e+00 -1.3829e+00 +1.1328e+00 -1.4377e-01 -1.0691e+00 -1.4795e-01 +8.9600e-01 +1.9897e+00 +1.2043e+00 -2.5635e+00 -2.1175e+00 -4.0179e-01 -1.6585e+00 -1.9093e+00 -1.2513e+00 -7.1977e-02
% function evaluation | noise-free fitness - Fopt (2.612000000000e+01) | best noise-free fitness - Fopt | measured fitness | best measured fitness | x1 | x2...
1 +2.706885438e+02 +2.706885438e+02 +2.968085438e+02 +2.968085438e+02 +0.0000e+00 +0.0000e+00 +0.0000e+00 +0.0000e+00 +0.0000e+00 +0.0000e+00 +0.0000e+00 +0.0000e+00 +0.0000e+00 +0.0000e+00 +0.0000e+00 +0.0000e+00 +0.0000e+00 +0.0000e+00 +0.0000e+00 +0.0000e+00 +0.0000e+00 +0.0000e+00 +0.0000e+00 +0.0000e+00
% function evaluation | noise-free fitness - Fopt (-6.252000000000e+01) | best noise-free fitness - Fopt | measured fitness | best measured fitness | x1 | x2...
1 +3.069335788e+02 +3.069335788e+02 +2.444135788e+02 +2.444135788e+02 +0.0000e+00 +0.0000e+00 +0.0000e+00 +0.0000e+00 +0.0000e+00 +0.0000e+00 +0.0000e+00 +0.0000e+00 +0.0000e+00 +0.0000e+00 +0.0000e+00 +0.0000e+00 +0.0000e+00 +0.0000e+00 +0.0000e+00 +0.0000e+00 +0.0000e+00 +0.0000e+00 +0.0000e+00 +0.0000e+00
7161 +2.918739264e+02 +2.918739264e+02 +2.293539264e+02 +2.293539264e+02 -2.1897e+00 +1.6772e+00 -1.2398e+00 +1.2536e-01 -1.0634e+00 +9.3249e-01 +3.5136e+00 -5.9674e-01 +1.3899e+00 +2.8375e+00 -3.6736e-01 -3.6440e-02 +2.0314e+00 +3.9829e-01 -7.1481e-01 +2.7883e+00 -3.4379e-01 -7.0083e-01 +1.4493e+00 +4.1070e-01
7224 +2.641309825e+02 +2.641309825e+02 +2.016109825e+02 +2.016109825e+02 -5.7362e-01 -5.1793e-02 -1.6710e+00 +5.5044e-01 -2.4755e-01 +5.9656e-01 +3.5230e+00 -1.5195e+00 +2.9552e+00 +2.0086e+00 -1.4920e+00 +1.8638e+00 +1.6951e+00 +4.4337e-01 -1.8132e+00 +2.6278e+00 -1.1357e+00 -1.0318e+00 -1.2726e+00 +1.0342e-01
7462 +2.623256278e+02 +2.623256278e+02 +1.998056278e+02 +1.998056278e+02 -1.4281e+00 +7.1361e-03 -2.2447e+00 +3.4488e-01 -1.5464e+00 +1.8348e+00 +1.4323e+00 -6.0887e-01 +1.7861e+00 +3.5294e+00 +9.6128e-01 +1.0635e+00 +2.9821e+00 +7.2830e-01 -1.8977e+00 +2.6924e+00 +1.9511e+00 -7.1281e-01 +1.7902e-01 +2.1978e-01
7681 +2.368409782e+02 +2.368409782e+02 +1.743209782e+02 +1.743209782e+02 -1.3064e+00 +3.7402e-01 -9.6232e-01 +8.0493e-01 -6.9212e-01 +1.1484e+00 +2.4650e+00 -1.0611e+00 +1.9255e+00 +1.1521e+00 +7.2737e-01 +6.1233e-01 +2.8543e+00 +2.4481e-01 -4.3081e-01 +2.7641e+00 +3.0978e-01 -5.2239e-01 +1.4113e+00 +3.7687e-01
7763 +2.268177852e+02 +2.268177852e+02 +1.642977852e+02 +1.642977852e+02 -7.5330e-01 +7.9910e-01 -1.7108e+00 +3.7291e-01 -1.0821e+00 +1.4762e+00 +1.9782e+00 -9.1847e-01 +2.6712e+00 +2.2158e+00 -2.5015e-01 +1.5808e+00 +1.1317e+00 -1.3080e-02 +4.2086e-01 +2.6334e+00 +6.2794e-01 -1.2595e+00 +2.0307e-01 +5.4944e-01
8127 +1.979023483e+02 +1.979023483e+02 +1.353823483e+02 +1.353823483e+02 -8.0333e-01 +1.4687e+00 -1.2813e+00 +1.7460e-01 -5.2318e-01 +1.4684e+00 +1.7952e+00 -1.5192e+00 +2.8510e+00 +1.6454e-01 -7.9319e-01 +3.3576e-01 +1.6696e+00 +9.1721e-01 -1.2380e+00 +1.6878e+00 +2.0844e+00 -1.6875e+00 -1.0872e+00 -4.1262e-01
% function evaluation | noise-free fitness - Fopt (-2.438600000000e+02) | best noise-free fitness - Fopt | measured fitness | best measured fitness | x1 | x2...
1 +3.683294984e+02 +3.683294984e+02 +1.244694984e+02 +1.244694984e+02 +0.0000e+00 +0.0000e+00 +0.0000e+00 +0.0000e+00 +0.0000e+00 +0.0000e+00 +0.0000e+00 +0.0000e+00 +0.0000e+00 +0.0000e+00 +0.0000e+00 +0.0000e+00 +0.0000e+00 +0.0000e+00 +0.0000e+00 +0.0000e+00 +0.0000e+00 +0.0000e+00 +0.0000e+00 +0.0000e+00
4832 +3.401621572e+02 +3.401621572e+02 +9.630215720e+01 +9.630215720e+01 +9.1070e-01 -2.2645e+00 +6.8069e-01 -6.4443e-01 -3.4927e+00 -7.0090e-01 +1.4574e+00 -1.9934e+00 +2.2514e+00 +1.9637e+00 +2.4757e+00 -1.0576e+00 -2.2872e+00 -4.2936e+00 -2.5616e+00 +2.3862e+00 +2.2643e+00 +1.4214e+00 -3.1659e-02 -2.8220e+00
4890 +3.308988104e+02 +3.308988104e+02 +8.703881042e+01 +8.703881042e+01 +1.4649e-01 -2.6622e+00 -4.7726e-01 -2.5137e+00 -1.7874e+00 +1.9862e+00 +2.8287e+00 -1.4484e+00 +1.9494e+00 +2.1942e+00 +2.7199e+00 -1.4173e+00 -1.3350e+00 -4.1281e+00 -2.0655e+00 +1.5405e+00 +3.0212e+00 +2.2426e+00 -1.4997e-01 -1.1666e+00
4963 +2.974414139e+02 +2.974414139e+02 +5.358141395e+01 +5.358141395e+01 +3.5559e-01 -1.9307e+00 -7.5209e-01 -9.7081e-01 -1.1419e+00 +6.6610e-01 +2.3655e+00 -2.2161e+00 +3.9301e+00 +2.6877e-01 +2.7597e+00 -7.0101e-01 -1.0071e+00 -3.4225e+00 -2.4068e+00 +9.9620e-01 +2.4760e+00 +7.0691e-01 -3.2902e-01 -1.3646e+00
5472 +2.835771819e+02 +2.835771819e+02 +3.971718186e+01 +3.971718186e+01 +1.1133e+00 -5.3238e-01 +7.7217e-01 -1.3803e-01 -1.2512e+00 -5.3958e-01 +1.2497e+00 -1.3074e+00 +1.7243e+00 +2.7462e+00 +1.2539e+00 -7.7193e-01 -7.3006e-02 -2.3868e+00 -2.1027e+00 +1.0439e+00 +1.9541e+00 +1.5625e+00 -1.7338e+00 -4.1347e-01
5665 +2.765466172e+02 +2.765466172e+02 +3.268661718e+01 +3.268661718e+01 +1.2592e+00 +1.1378e+00 -7.9242e-01 -6.0935e-01 -8.1195e-01 +2.2525e+00 +1.3555e+00 -1.4667e+00 +1.6079e+00 +6.4439e-01 +7.6847e-01 -6.5969e-01 -1.4364e+00 -8.4256e-01 -1.1990e+00 +7.3873e-01 +2.0453e+00 +5.4384e-01 -1.2243e+00 -3.8306e+00
5712 +2.595507669e+02 +2.595507669e+02 +1.569076690e+01 +1.569076690e+01 +6.6142e-01 -7.5832e-01 -1.8364e+00 -2.2903e+00 -8.8510e-01 +2.5092e+00 +1.8223e+00 -1.4417e+00 +2.2350e+00 +1.6086e+00 +5.4112e-01 +8.3290e-01 -6.2943e-01 -2.7663e+00 -1.6509e+00 +1.6544e+00 +1.9607e+00 +1.5183e+00 +5.0292e-01 +1.7851e+00
5854 +2.502830653e+02 +2.502830653e+02 +6.423065258e+00 +6.423065258e+00 +1.2184e+00 -7.1177e-01 -1.3080e+00 -8.4375e-01 -9.6801e-01 +2.1936e+00 +6.1552e-01 -3.2162e+00 +1.4323e+00 +8.6004e-01 +6.1357e-01 -1.3483e-01 -1.0612e+00 -2.7085e+00 -1.7472e+00 +2.6698e+00 +2.3089e+00 +1.2945e+00 -3.5947e-02 -1.3286e+00
6126 +2.252783334e+02 +2.252783334e+02 -1.858166657e+01 -1.858166657e+01 +5.3177e-01 +1.1461e+00 -1.0359e+00 -1.6258e+00 -1.5971e+00 +1.0467e+00 +1.0514e+00 -3.3733e+00 +2.1045e+00 +5.4805e-01 +8.3389e-01 +4.7090e-01 -7.0302e-02 -9.3029e-01 -1.7348e+00 +1.8825e+00 +1.9555e+00 +1.0062e+00 -3.9549e-01 -1.3245e+00
6891 +2.136174184e+02 +2.136174184e+02 -3.024258162e+01 -3.024258162e+01 +6.5008e-01 +1.6310e+00 -1.8592e+00 -1.0186e+00 -9.6589e-01 -7.7589e-03 +3.1089e-01 +8.2463e-01 +2.5894e+00 +2.0665e+00 +2.0410e+00 -5.1345e-01 -4.5073e-01 +7.1270e-01 -1.3138e+00 +1.8863e+00 +1.0562e+00 +1.3976e+00 -2.1224e-01 -1.4567e+00
7129 +1.973824766e+02 +1.973824766e+02 -4.647752344e+01 -4.647752344e+01 +1.0024e+00 +5.3553e-01 -1.2985e+00 -1.0062e+00 -1.3541e+00 +5.7091e-01 +7.1919e-01 -9.6843e-01 -9.2416e-01 +1.9851e+00 +1.7542e+00 +4.1907e-01 -1.7583e+00 +3.1864e+00 -1.3338e+00 +2.0861e+00 +1.9599e+00 +2.1104e+00 -8.0857e-01 -5.4472e-01
7464 +1.882398789e+02 +1.882398789e+02 -5.562012110e+01 -5.562012110e+01 +1.6326e+00 +3.3938e-01 -1.5071e+00 -1.5611e+00 -2.4815e+00 +1.1387e+00 +1.8962e+00 -2.5590e+00 +1.4287e+00 +6.2698e-01 +1.7433e+00 -6.3523e-02 -1.2012e+00 +1.4401e+00 -1.5142e+00 +1.1883e+00 +1.2930e+00 +1.4006e+00 -2.5215e+00 -1.2083e+00
7529 +1.858804572e+02 +1.858804572e+02 -5.797954280e+01 -5.797954280e+01 +1.2410e+00 +1.1552e+00 -2.0383e+00 -2.2393e+00 -2.0343e+00 +3.1959e-01 -1.7651e-01 -1.1577e+00 +1.0118e+00 +7.0849e-01 -9.3600e-02 -6.4393e-01 -1.6744e+00 +1.9411e+00 -6.5041e-01 -5.3153e-01 +1.7312e+00 -5.5930e-01 -2.0017e+00 +8.8514e-02
8498 +1.593441689e+02 +1.593441689e+02 -8.451583106e+01 -8.451583106e+01 +6.9277e-01 +1.0838e+00 -7.6317e-01 -1.2493e+00 -1.3344e+00 +4.4400e-01 +4.3204e-01 -1.8595e+00 +6.8563e-01 +1.8663e+00 +1.4954e+00 -1.1331e+00 -1.9838e+00 +8.1746e-01 -1.2522e+00 +9.0549e-01 +1.0792e+00 +7.6404e-01 -2.1925e+00 -1.7250e+00
% function evaluation | noise-free fitness - Fopt (-9.475000000000e+02) | best noise-free fitness - Fopt | measured fitness | best measured fitness | x1 | x2...
1 +3.180462411e+02 +3.180462411e+02 -6.294537589e+02 -6.294537589e+02 +0.0000e+00 +0.0000e+00 +0.0000e+00 +0.0000e+00 +0.0000e+00 +0.0000e+00 +0.0000e+00 +0.0000e+00 +0.0000e+00 +0.0000e+00 +0.0000e+00 +0.0000e+00 +0.0000e+00 +0.0000e+00 +0.0000e+00 +0.0000e+00 +0.0000e+00 +0.0000e+00 +0.0000e+00 +0.0000e+00
3535 +3.121749124e+02 +3.121749124e+02 -6.353250876e+02 -6.353250876e+02 +1.4624e-01 -2.6368e+00 -1.5441e+00 +7.4267e-01 +3.2542e+00 -3.8550e+00 -1.0310e+00 -2.8860e+00 -8.9899e-01 -1.0544e-01 -1.1520e+00 +9.3836e-01 -2.0671e+00 -1.1431e+00 +3.0710e-02 +1.2010e+00 -1.0830e+00 -1.4984e+00 +6.0025e-01 +2.2615e+00
3586 +2.957042791e+02 +2.957042791e+02 -6.517957209e+02 -6.517957209e+02 -1.7089e-01 -2.7141e+00 -1.6359e+00 +1.0093e+00 -1.2016e+00 -3.8255e+00 -2.3836e+00 +8.2386e-01 +6.0213e-01 +8.6336e-02 -1.6620e+00 +1.4551e+00 -2.9724e+00 -1.1749e+00 +8.4932e-01 +1.1393e+00 +1.5307e-01 -2.8343e+00 -1.1113e+00 +1.5012e+00
3739 +2.784155272e+02 +2.784155272e+02 -6.690844728e+02 -6.690844728e+02 +5.4848e-02 -1.9404e+00 -3.6492e+00 +1.1412e-01 +5.9730e-02 -3.8737e+00 -2.0705e+00 -7.7054e-01 +2.5206e+00 +6.9675e-01 -1.7112e+00 +1.1641e+00 -1.6597e+00 -1.1742e+00 +4.6869e-01 +1.6493e+00 -2.6496e-01 +1.0622e+00 +7.1465e-01 -5.1803e-01
3774 +2.619334562e+02 +2.619334562e+02 -6.855665438e+02 -6.855665438e+02 -5.9565e-01 -2.5537e+00 -9.4559e-01 -8.3198e-01 -1.3067e+00 -3.9325e+00 +1.2908e+00 -2.8199e+00 +1.4696e+00 +5.4965e-01 +6.8304e-01 +6.2984e-02 -1.5577e+00 -1.1616e+00 +2.2295e+00 -3.3612e-01 +8.2048e-02 -2.0055e+00 -1.6401e+00 +1.5155e+00
4224 +2.565169166e+02 +2.565169166e+02 -6.909830834e+02 -6.909830834e+02 -1.6672e+00 -2.3221e+00 -9.7892e-01 +9.1833e-01 +2.8758e+00 -3.7172e+00 +1.0848e+00 -9.3347e-01 +1.2456e+00 +9.8326e-02 -2.4672e+00 +1.5656e+00 -1.3004e+00 -1.3592e+00 +1.6450e+00 +1.1301e+00 -1.6956e-01 -3.0258e+00 -1.3063e+00 +2.3053e+00
4760 +2.289447511e+02 +2.289447511e+02 -7.185552489e+02 -7.185552489e+02 -1.0570e+00 -1.9009e+00 -1.0704e+00 -6.3651e-01 +9.9186e-01 -3.1620e+00 -9.4178e-02 -1.3550e+00 +1.8666e+00 +9.8123e-01 -3.9222e-01 +1.3461e+00 -2.0754e+00 -8.1620e-01 +1.2269e+00 +6.4792e-01 +5.9489e-02 -1.1408e+00 -1.4382e+00 +5.0204e-01
5210 +2.227982212e+02 +2.227982212e+02 -7.247017788e+02 -7.247017788e+02 -5.0099e-01 -1.1599e+00 -2.0189e+00 -1.2600e+00 +1.0951e+00 -3.8230e+00 +4.7841e-01 -1.8294e+00 +1.5823e+00 +8.7542e-01 +5.1775e-01 +1.2930e+00 -6.7783e-01 -9.9845e-01 +1.7491e+00 +8.2316e-01 -1.7216e-02 -1.4436e+00 -1.1369e+00 +4.7366e-01
5674 +1.976315050e+02 +1.976315050e+02 -7.498684950e+02 -7.498684950e+02 -1.0773e+00 +4.6570e-02 -7.0088e-01 -1.1398e+00 +1.3457e+00 -3.6708e+00 +1.2973e+00 -1.0876e+00 +3.5806e-03 +1.5655e+00 -2.0313e+00 +1.3612e+00 -4.2391e-01 +5.3604e-01 +1.2665e+00 +1.7611e+00 -3.3697e+00 -1.1465e+00 -1.3396e+00 +8.0030e-01
