% function evaluation | noise-free fitness - Fopt (7.627000000000e+01) | best noise-free fitness - Fopt | measured fitness | best measured fitness | x1 | x2...
1 +5.445689776e+06 +5.445689776e+06 +5.445766046e+06 +5.445766046e+06 +0.0000e+00 +0.0000e+00 +0.0000e+00 +0.0000e+00 +0.0000e+00
106 +3.448235446e+06 +3.448235446e+06 +3.448311716e+06 +3.448311716e+06 -8.6521e-01 +3.3153e+00 +3.5120e+00 -3.5445e+00 -4.4217e+00
123 +2.131103292e+06 +2.131103292e+06 +2.131179562e+06 +2.131179562e+06 -8.4626e-01 +3.3715e+00 +3.8570e+00 -4.1530e+00 -4.9445e+00
127 +2.074671511e+06 +2.074671511e+06 +2.074747781e+06 +2.074747781e+06 -8.8039e-01 +3.3323e+00 +3.5541e+00 -4.4459e+00 -4.6703e+00
128 +1.995920522e+06 +1.995920522e+06 +1.995996792e+06 +1.995996792e+06 -9.1079e-01 +3.3166e+00 +3.5758e+00 -4.3929e+00 -6.4280e+00
132 +1.925287693e+06 +1.925287693e+06 +1.925363963e+06 +1.925363963e+06 -8.6557e-01 +3.2609e+00 +3.1878e+00 -5.0719e+00 -4.5958e+00
136 +1.884653837e+06 +1.884653837e+06 +1.884730107e+06 +1.884730107e+06 -8.4737e-01 +3.3012e+00 +3.5336e+00 -4.9479e+00 -4.7380e+00
153 +1.494111617e+06 +1.494111617e+06 +1.494187887e+06 +1.494187887e+06 -6.4370e-01 +3.3085e+00 +3.4952e+00 -1.0487e+01 -5.2052e+00
157 +5.236336166e+05 +5.236336166e+05 +5.237098866e+05 +5.237098866e+05 -9.6126e-01 +3.3570e+00 +3.8350e+00 -5.9087e+00 -4.7926e+00
161 +1.856206515e+05 +1.856206515e+05 +1.856969215e+05 +1.856969215e+05 -1.5482e+00 +3.3089e+00 +3.5822e+00 -6.5672e+00 -4.9999e+00
175 +3.833363169e+04 +3.833363169e+04 +3.840990169e+04 +3.840990169e+04 -5.5540e-01 +3.3581e+00 +5.1561e+00 -6.3665e+00 -5.0557e+00
178 +1.100174485e+03 +1.100174485e+03 +1.176444485e+03 +1.176444485e+03 -2.0280e+00 +3.3848e+00 +5.0903e+00 -6.2060e+00 -6.6449e+00
192 +9.096619264e+02 +9.096619264e+02 +9.859319264e+02 +9.859319264e+02 -9.7458e-01 +3.4088e+00 +3.8127e+00 -7.7680e+00 -5.3612e+00
205 +4.623671265e+02 +4.623671265e+02 +5.386371265e+02 +5.386371265e+02 -1.2020e+00 +3.5783e+00 +3.1496e+00 -8.3830e+00 -5.4956e+00
354 +2.279752187e+02 +2.279752187e+02 +3.042452187e+02 +3.042452187e+02 -1.8220e+00 +3.6625e+00 +4.4746e+00 -7.3976e+00 -5.9393e+00
394 +2.160023756e+02 +2.160023756e+02 +2.922723756e+02 +2.922723756e+02 -1.9083e+00 +3.9062e+00 +5.2396e+00 -7.2094e+00 -6.5079e+00
424 +2.117845268e+02 +2.117845268e+02 +2.880545268e+02 +2.880545268e+02 -1.9639e+00 +3.6060e+00 +4.3585e+00 -7.3288e+00 -6.0121e+00
449 +1.833066826e+02 +1.833066826e+02 +2.595766826e+02 +2.595766826e+02 -2.0829e+00 +3.6140e+00 +4.3844e+00 -7.4176e+00 -5.3225e+00
480 +1.741707854e+02 +1.741707854e+02 +2.504407854e+02 +2.504407854e+02 -1.8753e+00 +3.5774e+00 +4.3973e+00 -7.4971e+00 -4.7189e+00
511 +1.710179944e+02 +1.710179944e+02 +2.472879944e+02 +2.472879944e+02 -2.2630e+00 +3.6245e+00 +4.5310e+00 -7.4554e+00 -4.3551e+00
726 +1.648173534e+02 +1.648173534e+02 +2.410873534e+02 +2.410873534e+02 -2.1733e+00 +3.5780e+00 +4.4707e+00 -7.4903e+00 -3.9920e+00
% function evaluation | noise-free fitness - Fopt (-2.255000000000e+01) | best noise-free fitness - Fopt | measured fitness | best measured fitness | x1 | x2...
1 +2.352302546e+06 +2.352302546e+06 +2.352279996e+06 +2.352279996e+06 +0.0000e+00 +0.0000e+00 +0.0000e+00 +0.0000e+00 +0.0000e+00
2 +1.301398080e+05 +1.301398080e+05 +1.301172580e+05 +1.301172580e+05 +9.9625e-01 +4.9066e+00 -1.7843e+00 +3.2861e+00 -1.8624e+00
15 +1.242098220e+05 +1.242098220e+05 +1.241872720e+05 +1.241872720e+05 +1.0033e+00 +4.9103e+00 -1.8113e+00 +3.2843e+00 -1.8484e+00
36 +1.140538614e+05 +1.140538614e+05 +1.140313114e+05 +1.140313114e+05 +9.9919e-01 +4.9092e+00 -1.8451e+00 +3.2850e+00 -1.8385e+00
63 +1.114075628e+05 +1.114075628e+05 +1.113850128e+05 +1.113850128e+05 +9.9931e-01 +4.9050e+00 -1.8726e+00 +3.2845e+00 -1.8505e+00
64 +9.789145256e+04 +9.789145256e+04 +9.786890256e+04 +9.786890256e+04 +1.0004e+00 +4.9047e+00 -1.9454e+00 +3.2850e+00 -1.8634e+00
81 +9.756567363e+04 +9.756567363e+04 +9.754312363e+04 +9.754312363e+04 +9.8779e-01 +4.9191e+00 -1.9045e+00 +3.2820e+00 -1.8466e+00
82 +8.174444687e+04 +8.174444687e+04 +8.172189687e+04 +8.172189687e+04 +1.0032e+00 +4.8983e+00 -1.9070e+00 +3.2718e+00 -1.7932e+00
91 +4.439057079e+04 +4.439057079e+04 +4.436802079e+04 +4.436802079e+04 +8.7690e-01 +4.9023e+00 -1.8464e+00 +3.2855e+00 -1.7700e+00
105 +9.399609861e+03 +9.399609861e+03 +9.377059861e+03 +9.377059861e+03 +8.7423e-01 +4.9197e+00 -1.9193e+00 +3.3051e+00 -1.6134e+00
124 +5.788798928e+03 +5.788798928e+03 +5.766248928e+03 +5.766248928e+03 +9.8222e-01 +4.9541e+00 -2.3729e+00 +3.2880e+00 -1.8070e+00
129 +5.686041137e+02 +5.686041137e+02 +5.460541137e+02 +5.460541137e+02 +9.2685e-01 +4.8383e+00 -2.1922e+00 +3.2918e+00 -1.6425e+00
139 +5.175380085e+02 +5.175380085e+02 +4.949880085e+02 +4.949880085e+02 +9.0753e-01 +4.9270e+00 -2.0991e+00 +3.2625e+00 -1.5213e+00
147 +3.195875799e+02 +3.195875799e+02 +2.970375799e+02 +2.970375799e+02 +9.0634e-01 +4.8704e+00 -2.3550e+00 +3.2993e+00 -1.7750e+00
158 +1.376172925e+02 +1.376172925e+02 +1.150672925e+02 +1.150672925e+02 +9.0868e-01 +4.9329e+00 -2.3356e+00 +3.2799e+00 -1.7165e+00
179 +1.297050847e+02 +1.297050847e+02 +1.071550847e+02 +1.071550847e+02 +9.6216e-01 +4.9350e+00 -2.3469e+00 +3.2824e+00 -1.6603e+00
190 +1.197330843e+02 +1.197330843e+02 +9.718308428e+01 +9.718308428e+01 +9.6488e-01 +4.8763e+00 -2.2992e+00 +3.2871e+00 -1.6489e+00
191 +8.404126743e+01 +8.404126743e+01 +6.149126743e+01 +6.149126743e+01 +9.8083e-01 +4.9306e+00 -2.3349e+00 +3.2812e+00 -1.6397e+00
195 +8.266211474e+01 +8.266211474e+01 +6.011211474e+01 +6.011211474e+01 +9.0673e-01 +4.9136e+00 -2.2097e+00 +3.3391e+00 -1.6185e+00
373 +8.106792224e+01 +8.106792224e+01 +5.851792224e+01 +5.851792224e+01 +8.8857e-01 +4.9786e+00 -2.1997e+00 +3.2590e+00 -1.6560e+00
490 +7.755285309e+01 +7.755285309e+01 +5.500285309e+01 +5.500285309e+01 +1.1996e+00 +4.6499e+00 -2.2023e+00 +3.3283e+00 -1.2869e+00
% function evaluation | noise-free fitness - Fopt (1.366000000000e+01) | best noise-free fitness - Fopt | measured fitness | best measured fitness | x1 | x2...
1 +6.739884890e+06 +6.739884890e+06 +6.739898550e+06 +6.739898550e+06 +0.0000e+00 +0.0000e+00 +0.0000e+00 +0.0000e+00 +0.0000e+00
2 +3.074609116e+06 +3.074609116e+06 +3.074622776e+06 +3.074622776e+06 +3.8874e+00 +3.6905e-01 +4.7147e+00 -2.6606e+00 -4.6560e+00
30 +2.984124933e+06 +2.984124933e+06 +2.984138593e+06 +2.984138593e+06 +3.8141e+00 +3.7024e-01 +4.6784e+00 -2.6522e+00 -4.6548e+00
36 +2.938551757e+06 +2.938551757e+06 +2.938565417e+06 +2.938565417e+06 +3.7971e+00 +3.7460e-01 +4.6736e+00 -2.6502e+00 -4.6590e+00
37 +2.836104559e+06 +2.836104559e+06 +2.836118219e+06 +2.836118219e+06 +3.6633e+00 +3.7555e-01 +4.6898e+00 -2.6543e+00 -4.6510e+00
46 +2.800963760e+06 +2.800963760e+06 +2.800977420e+06 +2.800977420e+06 +3.7751e+00 +4.0329e-01 +4.6694e+00 -2.6490e+00 -4.6650e+00
60 +2.732922783e+06 +2.732922783e+06 +2.732936443e+06 +2.732936443e+06 +3.6743e+00 +3.9817e-01 +4.6887e+00 -2.6429e+00 -4.6596e+00
77 +2.436663632e+06 +2.436663632e+06 +2.436677292e+06 +2.436677292e+06 +3.1153e+00 +3.8137e-01 +4.6981e+00 -2.6595e+00 -4.6391e+00
107 +2.100165468e+06 +2.100165468e+06 +2.100179128e+06 +2.100179128e+06 +2.5802e+00 +4.7746e-01 +4.6435e+00 -2.7033e+00 -4.6430e+00
121 +2.012694988e+06 +2.012694988e+06 +2.012708648e+06 +2.012708648e+06 +1.8590e+00 +3.7857e-01 +4.6478e+00 -2.5195e+00 -4.6086e+00
130 +1.912351262e+06 +1.912351262e+06 +1.912364922e+06 +1.912364922e+06 +1.4362e+00 +3.7000e-01 +4.6980e+00 -2.6569e+00 -4.8371e+00
139 +1.801450338e+06 +1.801450338e+06 +1.801463998e+06 +1.801463998e+06 +1.4244e+00 +4.9747e-01 +4.6555e+00 -2.5911e+00 -4.6899e+00
141 +7.815270934e+05 +7.815270934e+05 +7.815407534e+05 +7.815407534e+05 +6.4907e-01 +7.3194e-01 +4.6680e+00 -2.5774e+00 -4.5704e+00
156 +9.821623241e+04 +9.821623241e+04 +9.822989241e+04 +9.822989241e+04 -3.2199e+00 +5.0284e-01 +4.5148e+00 -2.6088e+00 -4.6970e+00
183 +4.033618466e+04 +4.033618466e+04 +4.034984466e+04 +4.034984466e+04 -3.0194e+00 +7.8219e-01 +4.5872e+00 -2.7876e+00 -4.6880e+00
205 +2.533412305e+02 +2.533412305e+02 +2.670012305e+02 +2.670012305e+02 -2.8342e+00 +9.6321e-01 +4.5949e+00 -2.5382e+00 -4.6498e+00
265 +4.007429706e+01 +4.007429706e+01 +5.373429706e+01 +5.373429706e+01 -3.2690e+00 +1.0459e+00 +4.9710e+00 -2.7815e+00 -4.5534e+00
% function evaluation | noise-free fitness - Fopt (9.378400000000e+02) | best noise-free fitness - Fopt | measured fitness | best measured fitness | x1 | x2...
1 +8.250763278e+02 +8.250763278e+02 +1.762916328e+03 +1.762916328e+03 +0.0000e+00 +0.0000e+00 +0.0000e+00 +0.0000e+00 +0.0000e+00
101 +3.199945831e+02 +3.199945831e+02 +1.257834583e+03 +1.257834583e+03 -3.2018e+00 -3.2196e-01 -2.5310e+00 -3.1977e+00 +2.3234e+00
122 +7.538188103e+01 +7.538188103e+01 +1.013221881e+03 +1.013221881e+03 -3.0564e+00 -1.7636e-01 -2.0635e+00 -3.0200e+00 +2.3409e+00
431 +6.164933613e+01 +6.164933613e+01 +9.994893361e+02 +9.994893361e+02 -3.0335e+00 -2.6272e-01 -1.1472e+00 -3.1420e+00 +2.6118e+00
% function evaluation | noise-free fitness - Fopt (-7.872000000000e+01) | best noise-free fitness - Fopt | measured fitness | best measured fitness | x1 | x2...
1 +9.761742109e+04 +9.761742109e+04 +9.753870109e+04 +9.753870109e+04 +0.0000e+00 +0.0000e+00 +0.0000e+00 +0.0000e+00 +0.0000e+00
252 +3.343439914e+04 +3.343439914e+04 +3.335567914e+04 +3.335567914e+04 -2.0456e+00 -7.2124e+00 +5.9032e+00 +3.8036e+00 -6.4082e-01
258 +7.451016021e+03 +7.451016021e+03 +7.372296021e+03 +7.372296021e+03 -5.0983e+00 -1.1953e+01 +3.7062e+00 +3.8037e+00 -6.8245e-01
280 +2.512626446e+03 +2.512626446e+03 +2.433906446e+03 +2.433906446e+03 -9.0476e+00 -7.0921e+00 +6.2315e+00 +3.8040e+00 -4.2379e-01
287 +9.624487965e+02 +9.624487965e+02 +8.837287965e+02 +8.837287965e+02 -4.0218e+00 -1.8587e+01 +1.1990e+00 +3.8036e+00 -4.3497e-01
326 +8.020042034e+02 +8.020042034e+02 +7.232842034e+02 +7.232842034e+02 -8.5162e+00 -6.3976e+00 +6.8662e+00 +3.8042e+00 -3.7461e-01
375 +3.730106898e+02 +3.730106898e+02 +2.942906898e+02 +2.942906898e+02 -8.2940e+00 -1.2026e+01 +4.3310e+00 +3.8043e+00 -1.5183e-01
714 +2.319860538e+02 +2.319860538e+02 +1.532660538e+02 +1.532660538e+02 -1.8535e+00 -1.2858e+01 +3.6945e+00 +3.7988e+00 -7.5469e-01
775 +2.133980649e+02 +2.133980649e+02 +1.346780649e+02 +1.346780649e+02 -2.3501e+00 -1.2710e+01 +3.9841e+00 +3.8010e+00 -4.7482e-01
800 +1.666714493e+02 +1.666714493e+02 +8.795144934e+01 +8.795144934e+01 +1.0346e+00 -1.2574e+01 +4.0569e+00 +3.7858e+00 -6.2193e-01
% function evaluation | noise-free fitness - Fopt (-6.949000000000e+01) | best noise-free fitness - Fopt | measured fitness | best measured fitness | x1 | x2...
1 +1.273935959e+07 +1.273935959e+07 +1.273929010e+07 +1.273929010e+07 +0.0000e+00 +0.0000e+00 +0.0000e+00 +0.0000e+00 +0.0000e+00
178 +8.772780312e+06 +8.772780312e+06 +8.772710822e+06 +8.772710822e+06 +2.8700e-01 +4.6413e+00 -1.0641e+00 -1.9887e+00 -9.3397e-01
219 +6.481263387e+06 +6.481263387e+06 +6.481193897e+06 +6.481193897e+06 +3.4504e-01 +3.7806e+00 -1.5812e+00 -2.1117e+00 -6.7248e-01
221 +1.423002182e+06 +1.423002182e+06 +1.422932692e+06 +1.422932692e+06 -4.5902e-01 +4.6759e+00 -4.4883e+00 -2.0080e+00 -9.5971e-01
231 +7.957035164e+05 +7.957035164e+05 +7.956340264e+05 +7.956340264e+05 +1.8683e+00 +5.1800e+00 -4.5341e+00 -1.9726e+00 -8.8682e-01
233 +6.734234887e+04 +6.734234887e+04 +6.727285887e+04 +6.727285887e+04 -6.6895e-01 +5.9132e+00 -6.5756e+00 -2.0644e+00 -8.9083e-01
247 +3.580686967e+04 +3.580686967e+04 +3.573737967e+04 +3.573737967e+04 -3.0560e-01 +5.1857e+00 -6.6281e+00 -2.0318e+00 -9.0813e-01
253 +1.978489273e+03 +1.978489273e+03 +1.908999273e+03 +1.908999273e+03 +3.8417e-01 +4.2720e+00 -6.3876e+00 -2.0144e+00 -8.9695e-01
270 +8.926942277e+02 +8.926942277e+02 +8.232042277e+02 +8.232042277e+02 -3.3755e+00 +7.7070e+00 -5.7459e+00 -2.0660e+00 -8.6353e-01
399 +7.309417888e+02 +7.309417888e+02 +6.614517888e+02 +6.614517888e+02 -1.9055e-01 +1.7565e+00 -6.9285e+00 -1.7308e+00 -8.1519e-01
485 +7.586013197e+01 +7.586013197e+01 +6.370131969e+00 +6.370131969e+00 -4.2804e+00 +7.4598e-01 -6.9245e+00 -1.0844e+00 -4.4869e-01
% function evaluation | noise-free fitness - Fopt (-2.718000000000e+01) | best noise-free fitness - Fopt | measured fitness | best measured fitness | x1 | x2...
1 +4.094925691e+02 +4.094925691e+02 +3.823125691e+02 +3.823125691e+02 +0.0000e+00 +0.0000e+00 +0.0000e+00 +0.0000e+00 +0.0000e+00
319 +3.345547586e+02 +3.345547586e+02 +3.073747586e+02 +3.073747586e+02 +2.8738e+00 -7.9414e-01 -2.4755e+00 -2.3994e+00 -2.8663e+00
334 +1.437685273e+02 +1.437685273e+02 +1.165885273e+02 +1.165885273e+02 +2.9077e+00 +2.8762e-01 -3.3495e+00 +5.6685e-01 -2.8773e+00
396 +1.088267583e+02 +1.088267583e+02 +8.164675829e+01 +8.164675829e+01 +2.9078e+00 +1.2496e+00 -2.8997e+00 -3.1346e-01 -2.5106e+00
% function evaluation | noise-free fitness - Fopt (-6.968800000000e+02) | best noise-free fitness - Fopt | measured fitness | best measured fitness | x1 | x2...
1 +1.360679606e+07 +1.360679606e+07 +1.360609918e+07 +1.360609918e+07 +0.0000e+00 +0.0000e+00 +0.0000e+00 +0.0000e+00 +0.0000e+00
2 +7.964983016e+03 +7.964983016e+03 +7.268103016e+03 +7.268103016e+03 +1.0023e+00 -4.4394e+00 +2.9138e+00 -3.4860e+00 -3.2367e+00
3 +6.796871014e+03 +6.796871014e+03 +6.099991014e+03 +6.099991014e+03 +1.0131e+00 -4.4407e+00 +2.9154e+00 -3.4752e+00 -3.2552e+00
6 +6.555708972e+03 +6.555708972e+03 +5.858828972e+03 +5.858828972e+03 +1.0094e+00 -4.4484e+00 +2.9125e+00 -3.4797e+00 -3.2545e+00
7 +4.511422067e+03 +4.511422067e+03 +3.814542067e+03 +3.814542067e+03 +9.9698e-01 -4.4394e+00 +2.9133e+00 -3.4137e+00 -3.2465e+00
9 +3.674400586e+03 +3.674400586e+03 +2.977520586e+03 +2.977520586e+03 +1.0250e+00 -4.4719e+00 +2.9103e+00 -3.4576e+00 -3.2560e+00
12 +3.358253993e+03 +3.358253993e+03 +2.661373993e+03 +2.661373993e+03 +1.0170e+00 -4.4305e+00 +2.9147e+00 -3.3230e+00 -3.2524e+00
28 +1.603091238e+03 +1.603091238e+03 +9.062112383e+02 +9.062112383e+02 +1.0144e+00 -4.4483e+00 +2.9121e+00 -3.3224e+00 -3.2317e+00
40 +3.707863864e+02 +3.707863864e+02 -3.260936136e+02 -3.260936136e+02 +1.0580e+00 -4.4095e+00 +2.9101e+00 -2.9973e+00 -3.2427e+00
52 +2.186976477e+02 +2.186976477e+02 -4.781823523e+02 -4.781823523e+02 +1.0549e+00 -4.4535e+00 +2.9195e+00 -3.1570e+00 -3.2390e+00
53 +1.073707030e+02 +1.073707030e+02 -5.895092970e+02 -5.895092970e+02 +1.0328e+00 -4.4772e+00 +2.9337e+00 -3.2536e+00 -3.2433e+00
56 +8.841500343e+00 +8.841500343e+00 -6.880384997e+02 -6.880384997e+02 +1.0071e+00 -4.4552e+00 +2.9163e+00 -3.1952e+00 -3.2038e+00
524 +7.408630675e+00 +7.408630675e+00 -6.894713693e+02 -6.894713693e+02 +1.1864e+00 -4.3056e+00 +2.9510e+00 -3.0738e+00 -3.1963e+00
% function evaluation | noise-free fitness - Fopt (-4.895300000000e+02) | best noise-free fitness - Fopt | measured fitness | best measured fitness | x1 | x2...
1 +6.575673575e+06 +6.575673575e+06 +6.575184045e+06 +6.575184045e+06 +0.0000e+00 +0.0000e+00 +0.0000e+00 +0.0000e+00 +0.0000e+00
105 +4.958155669e+06 +4.958155669e+06 +4.957666139e+06 +4.957666139e+06 +3.0125e+00 -4.7992e+00 -1.2837e-01 +2.2873e+00 -4.3772e+00
107 +2.026936867e+06 +2.026936867e+06 +2.026447337e+06 +2.026447337e+06 +2.9940e+00 -4.7985e+00 -1.2547e+00 +2.9628e+00 -4.3304e+00
133 +2.150353584e+05 +2.150353584e+05 +2.145458284e+05 +2.145458284e+05 +2.9476e+00 -4.5536e+00 -2.0598e+00 +2.6573e+00 -4.5251e+00
141 +2.094209976e+05 +2.094209976e+05 +2.089314676e+05 +2.089314676e+05 +2.8310e+00 -4.7301e+00 -2.2124e+00 +2.8338e+00 -4.3386e+00
153 +1.309428157e+05 +1.309428157e+05 +1.304532857e+05 +1.304532857e+05 +2.8451e+00 -4.8847e+00 -2.4414e+00 +2.2050e+00 -4.2027e+00
164 +6.442983227e+04 +6.442983227e+04 +6.394030227e+04 +6.394030227e+04 +2.6200e+00 -4.7472e+00 -2.4086e+00 +3.2536e+00 -4.4158e+00
171 +5.767902808e+04 +5.767902808e+04 +5.718949808e+04 +5.718949808e+04 +2.7788e+00 -4.5343e+00 -2.3607e+00 +2.5530e+00 -4.3965e+00
179 +3.669875692e+04 +3.669875692e+04 +3.620922692e+04 +3.620922692e+04 +2.6057e+00 -4.8311e+00 -3.0598e+00 +1.1825e+00 -4.1727e+00
180 +3.019910297e+04 +3.019910297e+04 +2.970957297e+04 +2.970957297e+04 +2.7508e+00 -4.8614e+00 -2.6179e+00 +2.5180e+00 -4.2692e+00
198 +2.887261108e+02 +2.887261108e+02 -2.008038892e+02 -2.008038892e+02 +2.5790e+00 -4.8353e+00 -2.6082e+00 +4.1682e+00 -4.6545e+00
249 +1.403930190e+02 +1.403930190e+02 -3.491369810e+02 -3.491369810e+02 +2.4103e+00 -5.0407e+00 -2.8419e+00 +1.9803e+00 -4.3186e+00
337 +1.079873185e+02 +1.079873185e+02 -3.815426815e+02 -3.815426815e+02 +2.5253e+00 -5.0189e+00 -2.7402e+00 +1.8513e+00 -4.5397e+00
395 +8.495977029e+01 +8.495977029e+01 -4.045702297e+02 -4.045702297e+02 +2.6103e+00 -4.9520e+00 -2.7984e+00 -2.0558e-01 -4.3827e+00
470 +8.085113604e+01 +8.085113604e+01 -4.086788640e+02 -4.086788640e+02 +2.9098e+00 -4.8483e+00 -2.7571e+00 -8.6622e-01 -4.3959e+00
601 +7.305357854e+01 +7.305357854e+01 -4.164764215e+02 -4.164764215e+02 +2.8792e+00 -4.9116e+00 -2.7552e+00 -2.7235e+00 -4.4588e+00
666 +7.093440766e+01 +7.093440766e+01 -4.185955923e+02 -4.185955923e+02 +2.6880e+00 -4.9132e+00 -2.7553e+00 -1.6823e+00 -4.4499e+00
685 +6.953395158e+01 +6.953395158e+01 -4.199960484e+02 -4.199960484e+02 +2.9824e+00 -4.8918e+00 -2.7555e+00 -2.7949e+00 -4.4373e+00
688 +6.915314589e+01 +6.915314589e+01 -4.203768541e+02 -4.203768541e+02 +2.6776e+00 -4.8882e+00 -2.7553e+00 -3.1194e+00 -4.4382e+00
% function evaluation | noise-free fitness - Fopt (-4.004000000000e+01) | best noise-free fitness - Fopt | measured fitness | best measured fitness | x1 | x2...
1 +1.328368176e+06 +1.328368176e+06 +1.328328136e+06 +1.328328136e+06 +0.0000e+00 +0.0000e+00 +0.0000e+00 +0.0000e+00 +0.0000e+00
181 +3.999637091e+05 +3.999637091e+05 +3.999236691e+05 +3.999236691e+05 -2.3381e+00 -3.9865e-01 -1.5842e+00 -2.6770e+00 -1.2718e+00
204 +3.842372727e+05 +3.842372727e+05 +3.841972327e+05 +3.841972327e+05 -2.3365e+00 -3.8307e-01 -1.7049e+00 -4.4524e-01 -3.7815e-01
209 +3.376912355e+02 +3.376912355e+02 +2.976512355e+02 +2.976512355e+02 -2.3374e+00 -3.7546e-01 -1.6034e+00 -1.2846e+00 -3.7999e-01
240 +1.123930082e+02 +1.123930082e+02 +7.235300816e+01 +7.235300816e+01 -2.3362e+00 -3.3898e-01 -1.5808e+00 -1.9476e-01 +1.2378e+00
328 +2.850054713e+01 +2.850054713e+01 -1.153945287e+01 -1.153945287e+01 -2.3365e+00 -3.2655e-01 -1.5846e+00 +1.4690e-01 +1.7664e+00
548 +2.424491870e+01 +2.424491870e+01 -1.579508130e+01 -1.579508130e+01 -2.3068e+00 -5.2795e-01 -1.5696e+00 -8.0180e-02 +1.4691e+00
858 +2.371256872e+01 +2.371256872e+01 -1.632743128e+01 -1.632743128e+01 -2.3759e+00 -8.6550e-01 -1.5250e+00 -6.8669e-02 +1.4684e+00
921 +2.247294944e+01 +2.247294944e+01 -1.756705056e+01 -1.756705056e+01 -2.0937e+00 -8.9411e-01 -1.5520e+00 -2.0031e-01 +1.4692e+00
% function evaluation | noise-free fitness - Fopt (-1.038100000000e+02) | best noise-free fitness - Fopt | measured fitness | best measured fitness | x1 | x2...
1 +1.885637353e+07 +1.885637353e+07 +1.885626972e+07 +1.885626972e+07 +0.0000e+00 +0.0000e+00 +0.0000e+00 +0.0000e+00 +0.0000e+00
2 +1.199984907e+07 +1.199984907e+07 +1.199974526e+07 +1.199974526e+07 +2.0126e+00 +2.5501e-01 -2.8655e+00 -3.2778e+00 -1.6536e+00
30 +1.169101703e+07 +1.169101703e+07 +1.169091322e+07 +1.169091322e+07 +2.0162e+00 +2.6084e-01 -2.8659e+00 -3.3332e+00 -1.6541e+00
52 +1.096213741e+07 +1.096213741e+07 +1.096203360e+07 +1.096203360e+07 +2.1341e+00 +2.7820e-01 -2.8654e+00 -3.4191e+00 -1.6476e+00
105 +1.049847378e+07 +1.049847378e+07 +1.049836997e+07 +1.049836997e+07 +1.7383e+00 +2.6790e-01 -2.8647e+00 -3.6631e+00 -1.6484e+00
109 +9.579416641e+06 +9.579416641e+06 +9.579312831e+06 +9.579312831e+06 +2.6198e+00 +3.1900e-01 -2.8657e+00 -3.4982e+00 -1.6522e+00
129 +8.187818274e+06 +8.187818274e+06 +8.187714464e+06 +8.187714464e+06 +2.8523e+00 +2.4539e-01 -2.8590e+00 -3.6916e+00 -1.6481e+00
131 +7.766612089e+06 +7.766612089e+06 +7.766508279e+06 +7.766508279e+06 +3.4378e+00 -4.3286e-01 -2.8762e+00 -3.5439e+00 -1.6517e+00
158 +5.809523934e+06 +5.809523934e+06 +5.809420124e+06 +5.809420124e+06 +3.0380e+00 -3.0645e+00 -2.8563e+00 -4.1070e+00 -1.6477e+00
178 +5.466158412e+06 +5.466158412e+06 +5.466054602e+06 +5.466054602e+06 +4.0357e+00 -1.0847e+00 -2.8548e+00 -3.9097e+00 -1.6647e+00
181 +5.128459412e+06 +5.128459412e+06 +5.128355602e+06 +5.128355602e+06 +1.9393e+00 -6.3329e-01 -2.8595e+00 -4.8759e+00 -1.6476e+00
191 +3.033573626e+06 +3.033573626e+06 +3.033469816e+06 +3.033469816e+06 +4.6961e+00 -9.8162e-02 -2.8617e+00 -4.7671e+00 -1.6321e+00
207 +6.652167399e+05 +6.652167399e+05 +6.651129299e+05 +6.651129299e+05 +1.2099e+01 -5.0240e+00 -2.7554e+00 -5.0229e+00 -1.6282e+00
216 +6.580867328e+05 +6.580867328e+05 +6.579829228e+05 +6.579829228e+05 +7.7318e+00 -7.7340e-01 -2.8063e+00 -4.5495e+00 -1.6379e+00
232 +5.873956646e+05 +5.873956646e+05 +5.872918546e+05 +5.872918546e+05 +9.3747e+00 -5.3130e-01 -2.9095e+00 -4.0323e+00 -1.6172e+00
236 +2.158648152e+04 +2.158648152e+04 +2.148267152e+04 +2.148267152e+04 +8.6557e+00 -1.8445e+00 -2.7917e+00 -5.5232e+00 -1.6224e+00
240 +1.429744878e+02 +1.429744878e+02 +3.916448776e+01 +3.916448776e+01 +1.0437e+01 +8.7074e-01 -2.8704e+00 -4.7865e+00 -1.6290e+00
538 +9.456698225e+01 +9.456698225e+01 -9.243017748e+00 -9.243017748e+00 +6.7135e+00 +1.9369e-01 -2.8511e+00 -6.2201e+00 -1.6491e+00
962 +9.316338938e+01 +9.316338938e+01 -1.064661062e+01 -1.064661062e+01 +6.0883e+00 +9.7207e-01 -2.7214e+00 -6.5385e+00 -2.0155e+00
% function evaluation | noise-free fitness - Fopt (-2.380000000000e+01) | best noise-free fitness - Fopt | measured fitness | best measured fitness | x1 | x2...
1 +1.272255517e+07 +1.272255517e+07 +1.272253137e+07 +1.272253137e+07 +0.0000e+00 +0.0000e+00 +0.0000e+00 +0.0000e+00 +0.0000e+00
2 +5.037964037e+06 +5.037964037e+06 +5.037940237e+06 +5.037940237e+06 +3.7210e+00 -3.3910e+00 +8.1693e-01 +3.7748e+00 +4.3728e+00
8 +4.994633082e+06 +4.994633082e+06 +4.994609282e+06 +4.994609282e+06 +3.7044e+00 -3.3918e+00 +8.1267e-01 +3.7784e+00 +4.3676e+00
53 +4.893821820e+06 +4.893821820e+06 +4.893798020e+06 +4.893798020e+06 +3.6916e+00 -3.3914e+00 +7.8123e-01 +3.6896e+00 +4.3657e+00
76 +4.586938461e+06 +4.586938461e+06 +4.586914661e+06 +4.586914661e+06 +3.7595e+00 -3.3866e+00 +8.1162e-01 +3.8155e+00 +4.2987e+00
78 +4.135530916e+06 +4.135530916e+06 +4.135507116e+06 +4.135507116e+06 +3.6860e+00 -3.3899e+00 +7.9025e-01 +3.6817e+00 +4.2453e+00
104 +3.818258039e+06 +3.818258039e+06 +3.818234239e+06 +3.818234239e+06 +3.8062e+00 -3.3048e+00 +7.6516e-01 +3.5374e+00 +4.2267e+00
127 +3.277326675e+06 +3.277326675e+06 +3.277302875e+06 +3.277302875e+06 +3.7681e+00 -3.3753e+00 +7.0725e-01 +3.4458e+00 +4.1287e+00
136 +3.108328814e+06 +3.108328814e+06 +3.108305014e+06 +3.108305014e+06 +3.7094e+00 -3.4012e+00 +7.7710e-01 +3.1998e+00 +4.0918e+00
141 +2.229962388e+06 +2.229962388e+06 +2.229938588e+06 +2.229938588e+06 +3.6629e+00 -3.3558e+00 +8.0679e-01 +3.7182e+00 +3.8067e+00
154 +1.626831732e+06 +1.626831732e+06 +1.626807932e+06 +1.626807932e+06 +3.6500e+00 -3.1756e+00 +8.4471e-01 +3.3534e+00 +3.3918e+00
179 +3.969908412e+05 +3.969908412e+05 +3.969670412e+05 +3.969670412e+05 +3.9365e+00 -3.3921e+00 +7.8261e-01 +4.2995e+00 +2.6242e+00
208 +1.846701584e+05 +1.846701584e+05 +1.846463584e+05 +1.846463584e+05 +3.7391e+00 -3.4007e+00 +6.3532e-01 +1.3297e+00 +2.7259e+00
213 +9.819237053e+03 +9.819237053e+03 +9.795437053e+03 +9.795437053e+03 +3.8177e+00 -3.3365e+00 +5.5832e-01 +4.0401e+00 +1.9814e+00
230 +2.578025435e+02 +2.578025435e+02 +2.340025435e+02 +2.340025435e+02 +4.0181e+00 -3.3396e+00 +6.7121e-01 +3.9590e+00 +2.0420e+00
278 +2.221722927e+02 +2.221722927e+02 +1.983722927e+02 +1.983722927e+02 +4.0548e+00 -3.2846e+00 +3.8985e-01 +3.2260e+00 +2.1936e+00
297 +5.983097302e+01 +5.983097302e+01 +3.603097302e+01 +3.603097302e+01 +1.8457e+00 -3.2640e+00 +3.1490e-01 -2.5355e+00 +2.7498e+00
905 +5.606237899e+01 +5.606237899e+01 +3.226237899e+01 +3.226237899e+01 +3.4027e+00 -3.4917e+00 -5.5968e-01 -4.9231e-01 +2.6216e+00
% function evaluation | noise-free fitness - Fopt (7.459000000000e+01) | best noise-free fitness - Fopt | measured fitness | best measured fitness | x1 | x2...
1 +1.382321277e+06 +1.382321277e+06 +1.382395867e+06 +1.382395867e+06 +0.0000e+00 +0.0000e+00 +0.0000e+00 +0.0000e+00 +0.0000e+00
2 +1.307469859e+06 +1.307469859e+06 +1.307544449e+06 +1.307544449e+06 +3.3080e+00 -2.4067e-01 -6.1454e-01 -2.9969e+00 +1.0745e+00
3 +1.275992280e+06 +1.275992280e+06 +1.276066870e+06 +1.276066870e+06 +3.3220e+00 -2.5345e-01 -6.2096e-01 -2.9944e+00 +1.0848e+00
5 +1.258605344e+06 +1.258605344e+06 +1.258679934e+06 +1.258679934e+06 +3.3375e+00 -2.4907e-01 -6.2457e-01 -2.9887e+00 +1.0767e+00
16 +1.224106001e+06 +1.224106001e+06 +1.224180591e+06 +1.224180591e+06 +3.3587e+00 -2.4039e-01 -6.0223e-01 -2.9873e+00 +1.0993e+00
27 +1.060794961e+06 +1.060794961e+06 +1.060869551e+06 +1.060869551e+06 +3.3453e+00 -2.4977e-01 -5.4706e-01 -2.9579e+00 +1.0836e+00
47 +1.044113674e+06 +1.044113674e+06 +1.044188264e+06 +1.044188264e+06 +3.4679e+00 -2.5083e-01 -4.7664e-01 -2.9932e+00 +1.0835e+00
61 +5.839525585e+05 +5.839525585e+05 +5.840271485e+05 +5.840271485e+05 +3.4515e+00 -2.4979e-01 +1.7580e-01 -2.9907e+00 +1.1426e+00
77 +5.223433983e+05 +5.223433983e+05 +5.224179883e+05 +5.224179883e+05 +3.2504e+00 -2.4056e-01 -1.0662e-01 -2.7794e+00 +8.2753e-01
80 +1.216091502e+05 +1.216091502e+05 +1.216837402e+05 +1.216837402e+05 +3.7613e+00 -2.3832e-01 +1.8736e+00 -2.9725e+00 +1.1921e+00
129 +2.587750661e+04 +2.587750661e+04 +2.595209661e+04 +2.595209661e+04 +3.5738e+00 -3.4374e-01 +2.3355e+00 -2.9037e+00 +1.1311e+00
136 +3.959513674e+02 +3.959513674e+02 +4.705413674e+02 +4.705413674e+02 +3.6774e+00 -7.9148e-02 +2.9462e+00 -2.7652e+00 +8.2581e-01
187 +3.614461403e+02 +3.614461403e+02 +4.360361403e+02 +4.360361403e+02 +4.4480e+00 -3.1293e-01 +2.4516e+00 -2.8978e+00 +1.0888e+00
213 +2.072233868e+02 +2.072233868e+02 +2.818133868e+02 +2.818133868e+02 +3.7108e+00 -2.8395e-01 +2.9655e+00 -2.8641e+00 +4.6444e-01
267 +6.861019401e+01 +6.861019401e+01 +1.432001940e+02 +1.432001940e+02 +3.9967e+00 -4.3970e-01 +2.4303e+00 -2.8758e+00 +1.5133e+00
493 +6.128839772e+01 +6.128839772e+01 +1.358783977e+02 +1.358783977e+02 +4.6003e+00 -3.7094e-01 +3.6893e+00 -3.0605e+00 -1.9098e+00
522 +4.901308423e+01 +4.901308423e+01 +1.236030842e+02 +1.236030842e+02 +4.4063e+00 -6.0199e-01 +3.1844e+00 -3.0260e+00 -1.1897e+00
% function evaluation | noise-free fitness - Fopt (2.225900000000e+02) | best noise-free fitness - Fopt | measured fitness | best measured fitness | x1 | x2...
1 +7.674979651e+05 +7.674979651e+05 +7.677205551e+05 +7.677205551e+05 +0.0000e+00 +0.0000e+00 +0.0000e+00 +0.0000e+00 +0.0000e+00
165 +9.118112729e+04 +9.118112729e+04 +9.140371729e+04 +9.140371729e+04 +4.0478e+00 -3.8378e+00 +5.5358e+00 +4.4789e+00 +2.7614e+00
190 +6.084086111e+04 +6.084086111e+04 +6.106345111e+04 +6.106345111e+04 +4.0573e+00 -3.6223e+00 +5.5944e+00 +4.2687e+00 +3.1904e+00
195 +1.481998254e+04 +1.481998254e+04 +1.504257254e+04 +1.504257254e+04 +4.0477e+00 -3.7749e+00 +5.3649e+00 +4.0682e+00 +3.0562e+00
202 +3.587536580e+03 +3.587536580e+03 +3.810126580e+03 +3.810126580e+03 +4.0665e+00 -3.1728e+00 +4.2807e+00 +4.3765e+00 +3.1136e-01
236 +3.178742255e+03 +3.178742255e+03 +3.401332255e+03 +3.401332255e+03 +4.0365e+00 -5.1822e+00 +4.6825e+00 +3.8033e+00 +1.3153e+00
314 +8.107801972e+02 +8.107801972e+02 +1.033370197e+03 +1.033370197e+03 +4.1554e+00 -4.1084e+00 +2.0456e+00 +3.0785e+00 -5.0962e+00
354 +5.063839081e+01 +5.063839081e+01 +2.732283908e+02 +2.732283908e+02 +4.1843e+00 -2.5442e+00 +3.2239e+00 +4.1215e+00 -2.2598e+00
703 +2.053311054e+01 +2.053311054e+01 +2.431231105e+02 +2.431231105e+02 +3.2835e+00 -3.9800e+00 +3.4048e+00 +4.5647e+00 -9.5674e-01
% function evaluation | noise-free fitness - Fopt (-2.977700000000e+02) | best noise-free fitness - Fopt | measured fitness | best measured fitness | x1 | x2...
1 +1.039463448e+05 +1.039463448e+05 +1.036485748e+05 +1.036485748e+05 +0.0000e+00 +0.0000e+00 +0.0000e+00 +0.0000e+00 +0.0000e+00
245 +3.870513019e+04 +3.870513019e+04 +3.840736019e+04 +3.840736019e+04 +1.9041e-01 +1.9372e+00 +1.6882e+00 +3.7511e+00 +7.7809e+00
258 +1.300290494e+03 +1.300290494e+03 +1.002520494e+03 +1.002520494e+03 -2.0193e+00 +2.0518e+00 +4.1053e+00 +3.5473e+00 +4.5506e+00
296 +1.230481085e+03 +1.230481085e+03 +9.327110849e+02 +9.327110849e+02 -1.3076e+00 +2.0210e+00 +2.5405e+00 +3.5984e+00 +7.1620e+00
310 +2.142065387e+02 +2.142065387e+02 -8.356346126e+01 -8.356346126e+01 -2.4556e+00 +2.1337e+00 +2.5090e+00 +3.2432e+00 +6.7254e+00
939 +1.811093720e+02 +1.811093720e+02 -1.166606280e+02 -1.166606280e+02 +2.6630e+00 +2.2412e+00 +2.0018e+00 +3.9964e+00 +6.7055e+00
