% function evaluation | noise-free fitness - Fopt (7.627000000000e+01) | best noise-free fitness - Fopt | measured fitness | best measured fitness | x1 | x2...
1 +5.445689776e+06 +5.445689776e+06 +5.445766046e+06 +5.445766046e+06 +0.0000e+00 +0.0000e+00 +0.0000e+00 +0.0000e+00 +0.0000e+00
227 +2.108341712e+06 +2.108341712e+06 +2.108417982e+06 +2.108417982e+06 -4.1916e+01 +4.6268e+00 +2.3777e+00 +1.6206e+00 +3.6367e-01
254 +1.298677926e+05 +1.298677926e+05 +1.299440626e+05 +1.299440626e+05 -5.5023e+01 +4.6246e+00 +2.6054e+00 +1.3055e+00 -3.1498e+00
256 +5.463733125e+04 +5.463733125e+04 +5.471360125e+04 +5.471360125e+04 -5.3254e+01 +4.6084e+00 +2.6486e+00 +1.7278e+00 -5.3401e-02
259 +2.579263077e+04 +2.579263077e+04 +2.586890077e+04 +2.586890077e+04 -5.8426e+01 +4.5987e+00 +2.3935e+00 +1.8036e+00 +1.1330e+00
273 +5.974724587e+03 +5.974724587e+03 +6.050994587e+03 +6.050994587e+03 -5.7275e+01 +4.6169e+00 +2.4590e+00 +1.8153e+00 +6.8104e-01
367 +4.946595399e+03 +4.946595399e+03 +5.022865399e+03 +5.022865399e+03 -5.5858e+01 +4.6645e+00 +2.3792e+00 +1.1202e+00 +2.0164e+00
403 +3.384390049e+03 +3.384390049e+03 +3.460660049e+03 +3.460660049e+03 -5.6595e+01 +4.6368e+00 +2.4830e+00 +3.1440e-01 +9.1347e+00
453 +2.940330689e+03 +2.940330689e+03 +3.016600689e+03 +3.016600689e+03 -5.4064e+01 +4.7481e+00 +2.6659e+00 +4.9963e-01 +3.8868e+00
462 +1.214869149e+03 +1.214869149e+03 +1.291139149e+03 +1.291139149e+03 -3.3495e+01 +4.8837e+00 +2.4024e+00 -2.0239e+00 -1.4128e+01
% function evaluation | noise-free fitness - Fopt (-2.255000000000e+01) | best noise-free fitness - Fopt | measured fitness | best measured fitness | x1 | x2...
1 +2.352302546e+06 +2.352302546e+06 +2.352279996e+06 +2.352279996e+06 +0.0000e+00 +0.0000e+00 +0.0000e+00 +0.0000e+00 +0.0000e+00
228 +2.036764027e+06 +2.036764027e+06 +2.036741477e+06 +2.036741477e+06 +8.0567e-01 +1.1210e-01 +2.6386e+00 -3.1000e+00 -3.0560e+00
239 +1.767679248e+06 +1.767679248e+06 +1.767656698e+06 +1.767656698e+06 -7.9906e-01 +3.3996e-01 +2.9035e+00 -1.2135e+00 -3.7551e+00
242 +6.915118692e+05 +6.915118692e+05 +6.914893192e+05 +6.914893192e+05 +1.9660e+00 +2.5636e-01 +1.6694e+00 -7.0182e+00 -2.6149e+00
255 +1.621250110e+05 +1.621250110e+05 +1.621024610e+05 +1.621024610e+05 -1.0113e+00 +4.9063e-01 +3.6080e+00 -3.7159e+00 -2.8631e+00
260 +1.371567687e+05 +1.371567687e+05 +1.371342187e+05 +1.371342187e+05 +1.5741e-01 -5.4805e-01 +2.1159e+00 -4.3725e+00 -2.7942e+00
268 +6.190307443e+01 +6.190307443e+01 +3.935307443e+01 +3.935307443e+01 -4.5525e-01 +1.0892e+00 +1.8135e+00 -5.0428e+00 -3.1507e+00
% function evaluation | noise-free fitness - Fopt (1.366000000000e+01) | best noise-free fitness - Fopt | measured fitness | best measured fitness | x1 | x2...
1 +6.739884890e+06 +6.739884890e+06 +6.739898550e+06 +6.739898550e+06 +0.0000e+00 +0.0000e+00 +0.0000e+00 +0.0000e+00 +0.0000e+00
2 +1.114777718e+06 +1.114777718e+06 +1.114791378e+06 +1.114791378e+06 +3.0635e+00 +1.0337e+00 +4.9626e+00 +3.7681e+00 -4.0675e+00
4 +1.096160399e+06 +1.096160399e+06 +1.096174059e+06 +1.096174059e+06 +3.0642e+00 +1.0354e+00 +4.9641e+00 +3.7675e+00 -4.0516e+00
13 +1.049406972e+06 +1.049406972e+06 +1.049420632e+06 +1.049420632e+06 +3.0631e+00 +1.0172e+00 +5.2389e+00 +3.7680e+00 -4.0461e+00
44 +1.027992948e+06 +1.027992948e+06 +1.028006608e+06 +1.028006608e+06 +3.0630e+00 +9.9921e-01 +5.0037e+00 +3.7674e+00 -4.0626e+00
54 +9.152359577e+05 +9.152359577e+05 +9.152496177e+05 +9.152496177e+05 +3.0643e+00 +9.7829e-01 +4.8687e+00 +3.7710e+00 -4.0070e+00
60 +8.954918762e+05 +8.954918762e+05 +8.955055362e+05 +8.955055362e+05 +3.0634e+00 +9.5046e-01 +5.0002e+00 +3.7685e+00 -4.0400e+00
63 +8.794498625e+05 +8.794498625e+05 +8.794635225e+05 +8.794635225e+05 +3.0595e+00 +9.3939e-01 +5.1285e+00 +3.7662e+00 -4.0453e+00
75 +8.633249085e+05 +8.633249085e+05 +8.633385685e+05 +8.633385685e+05 +3.0643e+00 +9.9310e-01 +4.9935e+00 +3.7667e+00 -3.9404e+00
79 +5.894024679e+05 +5.894024679e+05 +5.894161279e+05 +5.894161279e+05 +3.0639e+00 +8.0147e-01 +4.9929e+00 +3.7678e+00 -3.9929e+00
83 +5.455585039e+05 +5.455585039e+05 +5.455721639e+05 +5.455721639e+05 +3.0717e+00 +8.1466e-01 +4.9379e+00 +3.7676e+00 -3.9172e+00
92 +4.802655910e+05 +4.802655910e+05 +4.802792510e+05 +4.802792510e+05 +3.0635e+00 +6.8665e-01 +4.7753e+00 +3.7650e+00 -4.0436e+00
103 +2.193386046e+05 +2.193386046e+05 +2.193522646e+05 +2.193522646e+05 +3.0651e+00 +7.8275e-01 +5.0345e+00 +3.7700e+00 -3.2239e+00
120 +1.226018246e+05 +1.226018246e+05 +1.226154846e+05 +1.226154846e+05 +3.0555e+00 +5.0210e-01 +4.6612e+00 +3.7698e+00 -3.4353e+00
130 +6.578149136e+04 +6.578149136e+04 +6.579515136e+04 +6.579515136e+04 +3.0623e+00 +3.6929e-01 +4.4486e+00 +3.7850e+00 -3.4707e+00
133 +5.933639568e+04 +5.933639568e+04 +5.935005568e+04 +5.935005568e+04 +3.0613e+00 +1.2577e-01 +4.7419e+00 +3.7713e+00 -3.8748e+00
159 +5.040269787e+04 +5.040269787e+04 +5.041635787e+04 +5.041635787e+04 +3.0671e+00 +4.3039e-01 +4.6234e+00 +3.7750e+00 -3.3004e+00
175 +4.415545256e+03 +4.415545256e+03 +4.429205256e+03 +4.429205256e+03 +3.0693e+00 +3.2011e-01 +5.1147e+00 +3.7722e+00 -3.1577e+00
176 +2.572087210e+02 +2.572087210e+02 +2.708687210e+02 +2.708687210e+02 +3.0762e+00 +8.7560e-02 +5.2222e+00 +3.7729e+00 -3.4343e+00
217 +5.883428787e+01 +5.883428787e+01 +7.249428787e+01 +7.249428787e+01 +3.0796e+00 +1.6537e-01 +4.9623e+00 +3.7714e+00 -3.2812e+00
235 +5.163059943e+01 +5.163059943e+01 +6.529059943e+01 +6.529059943e+01 +3.0741e+00 +2.4966e-01 +4.8080e+00 +3.7741e+00 -3.1296e+00
294 +4.706662178e+01 +4.706662178e+01 +6.072662178e+01 +6.072662178e+01 +3.0749e+00 +2.1815e-01 +5.0278e+00 +3.7708e+00 -3.1686e+00
338 +3.285096680e+01 +3.285096680e+01 +4.651096680e+01 +4.651096680e+01 +3.0762e+00 +1.9200e-01 +5.1913e+00 +3.7686e+00 -3.2256e+00
% function evaluation | noise-free fitness - Fopt (9.378400000000e+02) | best noise-free fitness - Fopt | measured fitness | best measured fitness | x1 | x2...
1 +8.250763278e+02 +8.250763278e+02 +1.762916328e+03 +1.762916328e+03 +0.0000e+00 +0.0000e+00 +0.0000e+00 +0.0000e+00 +0.0000e+00
296 +2.300689461e+02 +2.300689461e+02 +1.167908946e+03 +1.167908946e+03 -1.9306e+00 -4.8494e+00 -2.1983e-01 -2.3178e+00 +3.9582e+00
472 +1.624764050e+02 +1.624764050e+02 +1.100316405e+03 +1.100316405e+03 -1.7731e+00 -4.8667e+00 -2.1676e-01 -2.3707e+00 +3.3458e+00
489 +1.233741888e+02 +1.233741888e+02 +1.061214189e+03 +1.061214189e+03 -1.8789e+00 -4.8126e+00 -2.4137e-01 -2.3566e+00 +3.6523e+00
% function evaluation | noise-free fitness - Fopt (-7.872000000000e+01) | best noise-free fitness - Fopt | measured fitness | best measured fitness | x1 | x2...
1 +9.761742109e+04 +9.761742109e+04 +9.753870109e+04 +9.753870109e+04 +0.0000e+00 +0.0000e+00 +0.0000e+00 +0.0000e+00 +0.0000e+00
197 +1.308230981e+04 +1.308230981e+04 +1.300358981e+04 +1.300358981e+04 +8.3850e-01 +1.2814e+00 -2.8593e+00 +2.0228e-01 -3.6859e+00
218 +7.659874281e+02 +7.659874281e+02 +6.872674281e+02 +6.872674281e+02 +8.0411e-01 -1.5791e+00 -5.9007e+00 -2.3210e-01 -3.5490e+00
279 +3.217523483e+02 +3.217523483e+02 +2.430323483e+02 +2.430323483e+02 +8.1262e-01 -2.4966e+00 -3.3530e+00 +5.1390e-01 -2.9798e+00
300 +4.709531722e+01 +4.709531722e+01 -3.162468278e+01 -3.162468278e+01 +8.1778e-01 -5.4818e-01 -3.2417e+00 +5.9935e-01 -4.0469e+00
400 +3.275256652e+01 +3.275256652e+01 -4.596743348e+01 -4.596743348e+01 +7.9598e-01 -9.5107e-01 -3.4318e+00 +4.8120e-01 -3.6617e+00
% function evaluation | noise-free fitness - Fopt (-6.949000000000e+01) | best noise-free fitness - Fopt | measured fitness | best measured fitness | x1 | x2...
1 +1.273935959e+07 +1.273935959e+07 +1.273929010e+07 +1.273929010e+07 +0.0000e+00 +0.0000e+00 +0.0000e+00 +0.0000e+00 +0.0000e+00
231 +1.086970829e+07 +1.086970829e+07 +1.086963880e+07 +1.086963880e+07 -3.8276e+00 -1.8365e+00 +6.0716e-01 -2.7252e+00 +9.8811e-01
235 +4.836914150e+06 +4.836914150e+06 +4.836844660e+06 +4.836844660e+06 +6.0682e+00 -1.8537e+00 +8.3878e-01 -1.8171e+00 +2.2197e+00
239 +2.587982133e+06 +2.587982133e+06 +2.587912643e+06 +2.587912643e+06 +2.1676e+00 -1.7762e+00 +1.0786e+00 -2.5666e+00 +7.3542e+00
254 +2.065318916e+06 +2.065318916e+06 +2.065249426e+06 +2.065249426e+06 +3.4687e+00 -1.4525e+00 +1.1538e+00 +4.9481e-01 +7.1856e+00
259 +7.708701753e+05 +7.708701753e+05 +7.708006853e+05 +7.708006853e+05 +1.2220e+00 -1.5864e+00 +7.4749e-01 -2.0638e+00 +3.8926e+00
263 +3.689698524e+05 +3.689698524e+05 +3.689003624e+05 +3.689003624e+05 +2.5488e+00 -1.8875e+00 +1.0557e+00 +2.1325e+00 +4.6624e+00
264 +6.383094416e+02 +6.383094416e+02 +5.688194416e+02 +5.688194416e+02 -2.4962e-01 -1.8511e+00 +8.2017e-01 -2.7055e+00 +5.1472e+00
454 +5.484217155e+02 +5.484217155e+02 +4.789317155e+02 +4.789317155e+02 +1.0838e+01 -1.0906e+00 +6.2770e-01 -1.0018e+01 +4.0905e+00
% function evaluation | noise-free fitness - Fopt (-2.718000000000e+01) | best noise-free fitness - Fopt | measured fitness | best measured fitness | x1 | x2...
1 +4.094925691e+02 +4.094925691e+02 +3.823125691e+02 +3.823125691e+02 +0.0000e+00 +0.0000e+00 +0.0000e+00 +0.0000e+00 +0.0000e+00
450 +1.720664250e+02 +1.720664250e+02 +1.448864250e+02 +1.448864250e+02 +2.6578e+00 +5.4579e+00 +2.8706e+00 -7.7748e+00 +1.3777e+00
% function evaluation | noise-free fitness - Fopt (-6.968800000000e+02) | best noise-free fitness - Fopt | measured fitness | best measured fitness | x1 | x2...
1 +1.360679606e+07 +1.360679606e+07 +1.360609918e+07 +1.360609918e+07 +0.0000e+00 +0.0000e+00 +0.0000e+00 +0.0000e+00 +0.0000e+00
2 +6.520606274e+05 +6.520606274e+05 +6.513637474e+05 +6.513637474e+05 +3.9156e+00 +3.0098e-01 +1.8443e+00 +4.4619e+00 -9.6341e-01
5 +6.407469569e+05 +6.407469569e+05 +6.400500769e+05 +6.400500769e+05 +3.8881e+00 +2.9973e-01 +1.8593e+00 +4.4590e+00 -9.5842e-01
23 +6.260098571e+05 +6.260098571e+05 +6.253129771e+05 +6.253129771e+05 +3.8788e+00 +2.8909e-01 +1.8660e+00 +4.4565e+00 -9.6342e-01
28 +6.002114583e+05 +6.002114583e+05 +5.995145783e+05 +5.995145783e+05 +3.9407e+00 +2.9191e-01 +1.8642e+00 +4.4514e+00 -9.1993e-01
53 +5.861903112e+05 +5.861903112e+05 +5.854934312e+05 +5.854934312e+05 +3.9215e+00 +2.9641e-01 +1.8908e+00 +4.4587e+00 -9.4822e-01
57 +5.721876457e+05 +5.721876457e+05 +5.714907657e+05 +5.714907657e+05 +3.8955e+00 +2.9594e-01 +1.9036e+00 +4.4664e+00 -9.1820e-01
61 +5.058701811e+05 +5.058701811e+05 +5.051733011e+05 +5.051733011e+05 +3.9624e+00 +2.8465e-01 +2.0108e+00 +4.4645e+00 -9.5333e-01
79 +3.171897826e+05 +3.171897826e+05 +3.164929026e+05 +3.164929026e+05 +4.1562e+00 +2.8864e-01 +2.2381e+00 +4.5063e+00 -9.7191e-01
111 +3.913819518e+04 +3.913819518e+04 +3.844131518e+04 +3.844131518e+04 +4.3117e+00 +3.0837e-01 +2.7197e+00 +4.4460e+00 -1.0139e+00
138 +9.918320078e+02 +9.918320078e+02 +2.949520078e+02 +2.949520078e+02 +4.1803e+00 +2.6522e-01 +2.8826e+00 +4.4673e+00 -7.3707e-01
141 +9.562223201e+02 +9.562223201e+02 +2.593423201e+02 +2.593423201e+02 +4.1913e+00 +3.1047e-01 +2.9354e+00 +4.5760e+00 -9.6850e-01
177 +7.497695010e+02 +7.497695010e+02 +5.288950096e+01 +5.288950096e+01 +4.0005e+00 +3.0195e-01 +3.0915e+00 +4.4658e+00 -9.2171e-01
179 +7.921611359e+01 +7.921611359e+01 -6.176638864e+02 -6.176638864e+02 +3.8601e+00 +3.1965e-01 +3.1406e+00 +4.4554e+00 -1.0080e+00
181 +6.390471351e+01 +6.390471351e+01 -6.329752865e+02 -6.329752865e+02 +3.8448e+00 +2.9385e-01 +3.0372e+00 +4.4579e+00 -6.7949e-01
311 +4.677195136e+01 +4.677195136e+01 -6.501080486e+02 -6.501080486e+02 +3.8853e+00 +4.2471e-01 +3.2047e+00 +3.8914e+00 -8.5520e-02
% function evaluation | noise-free fitness - Fopt (-4.895300000000e+02) | best noise-free fitness - Fopt | measured fitness | best measured fitness | x1 | x2...
1 +6.575673575e+06 +6.575673575e+06 +6.575184045e+06 +6.575184045e+06 +0.0000e+00 +0.0000e+00 +0.0000e+00 +0.0000e+00 +0.0000e+00
2 +4.667594653e+06 +4.667594653e+06 +4.667105123e+06 +4.667105123e+06 +1.7406e+00 +2.3911e+00 -4.0818e+00 -9.5524e-01 -1.2256e+00
3 +4.510113259e+06 +4.510113259e+06 +4.509623729e+06 +4.509623729e+06 +1.8365e+00 +2.3899e+00 -4.0562e+00 -9.4882e-01 -1.2240e+00
29 +4.453196589e+06 +4.453196589e+06 +4.452707059e+06 +4.452707059e+06 +1.7434e+00 +2.3821e+00 -4.0482e+00 -9.5147e-01 -1.2276e+00
68 +4.209465075e+06 +4.209465075e+06 +4.208975545e+06 +4.208975545e+06 +1.7514e+00 +2.3792e+00 -4.0076e+00 -9.5660e-01 -1.2286e+00
80 +4.146131123e+06 +4.146131123e+06 +4.145641593e+06 +4.145641593e+06 +1.7196e+00 +2.3224e+00 -4.0195e+00 -9.6619e-01 -1.2220e+00
93 +3.271919128e+06 +3.271919128e+06 +3.271429598e+06 +3.271429598e+06 +1.7244e+00 +2.3911e+00 -3.8325e+00 -9.5288e-01 -1.2264e+00
96 +2.758967880e+06 +2.758967880e+06 +2.758478350e+06 +2.758478350e+06 +1.7521e+00 +2.3847e+00 -3.7151e+00 -9.1933e-01 -1.2267e+00
130 +2.039359513e+06 +2.039359513e+06 +2.038869983e+06 +2.038869983e+06 +1.8218e+00 +2.1239e+00 -3.4024e+00 -1.1445e+00 -1.2932e+00
152 +1.968170642e+06 +1.968170642e+06 +1.967681112e+06 +1.967681112e+06 +1.4926e+00 +2.2636e+00 -3.2414e+00 -8.1953e-01 -1.2320e+00
153 +1.423002642e+06 +1.423002642e+06 +1.422513112e+06 +1.422513112e+06 +1.8364e+00 +2.0624e+00 -3.0368e+00 -3.1986e-01 -1.2458e+00
185 +4.995366261e+05 +4.995366261e+05 +4.990470961e+05 +4.990470961e+05 +1.7047e+00 +2.0436e+00 -2.8060e+00 -9.7480e-01 -7.8872e-01
205 +3.568259405e+05 +3.568259405e+05 +3.563364105e+05 +3.563364105e+05 +1.6081e+00 +1.9052e+00 -1.2761e+00 -4.1571e-01 -8.0552e-01
209 +1.234643360e+03 +1.234643360e+03 +7.451133601e+02 +7.451133601e+02 +1.6474e+00 +1.8643e+00 -1.9648e+00 -1.8290e+00 -8.8294e-01
213 +2.011748090e+02 +2.011748090e+02 -2.883551910e+02 -2.883551910e+02 +1.5553e+00 +1.7821e+00 -1.8904e+00 -7.6566e-01 -1.1603e+00
236 +9.602493720e+01 +9.602493720e+01 -3.935050628e+02 -3.935050628e+02 +2.3283e+00 +2.0067e+00 -1.8859e+00 +2.3145e+00 -9.8367e-01
418 +5.629304022e+01 +5.629304022e+01 -4.332369598e+02 -4.332369598e+02 -9.1822e-01 +1.6638e+00 -1.6125e+00 +3.4958e+00 -1.9160e+00
% function evaluation | noise-free fitness - Fopt (-4.004000000000e+01) | best noise-free fitness - Fopt | measured fitness | best measured fitness | x1 | x2...
1 +1.328368176e+06 +1.328368176e+06 +1.328328136e+06 +1.328328136e+06 +0.0000e+00 +0.0000e+00 +0.0000e+00 +0.0000e+00 +0.0000e+00
154 +2.032002383e+05 +2.032002383e+05 +2.031601983e+05 +2.031601983e+05 +1.5744e+00 -3.2224e+00 -9.6511e-01 -1.8015e+00 +5.9912e-01
196 +6.711790403e+02 +6.711790403e+02 +6.311390403e+02 +6.311390403e+02 +1.4686e+00 -3.2238e+00 -9.4568e-01 -2.3348e+00 +6.4903e-01
252 +2.643926208e+02 +2.643926208e+02 +2.243526208e+02 +2.243526208e+02 +1.6323e+00 -3.2399e+00 -8.8398e-01 -2.3143e+00 +6.7619e-01
286 +1.731210357e+02 +1.731210357e+02 +1.330810357e+02 +1.330810357e+02 +1.5585e+00 -3.2381e+00 -1.0320e+00 -2.4490e+00 +5.0921e-01
310 +1.171894262e+02 +1.171894262e+02 +7.714942624e+01 +7.714942624e+01 +1.7064e+00 -3.2524e+00 -8.9268e-01 -2.2268e+00 +8.6902e-01
390 +9.789469871e+00 +9.789469871e+00 -3.025053013e+01 -3.025053013e+01 +1.3448e+00 -3.5150e+00 -9.4865e-01 -1.9477e+00 +1.1437e+00
% function evaluation | noise-free fitness - Fopt (-1.038100000000e+02) | best noise-free fitness - Fopt | measured fitness | best measured fitness | x1 | x2...
1 +1.885637353e+07 +1.885637353e+07 +1.885626972e+07 +1.885626972e+07 +0.0000e+00 +0.0000e+00 +0.0000e+00 +0.0000e+00 +0.0000e+00
2 +1.823057370e+07 +1.823057370e+07 +1.823046989e+07 +1.823046989e+07 -2.8221e+00 +2.2140e-01 -1.6087e+00 -3.9446e+00 -3.7901e+00
4 +1.819684041e+07 +1.819684041e+07 +1.819673660e+07 +1.819673660e+07 -2.8120e+00 +2.1724e-01 -1.6080e+00 -3.9447e+00 -3.7876e+00
28 +1.767039225e+07 +1.767039225e+07 +1.767028844e+07 +1.767028844e+07 -2.6705e+00 +2.1664e-01 -1.6274e+00 -3.9460e+00 -3.6594e+00
46 +1.734307734e+07 +1.734307734e+07 +1.734297353e+07 +1.734297353e+07 -2.8033e+00 +2.2067e-01 -1.4493e+00 -3.9451e+00 -3.7355e+00
54 +1.649911898e+07 +1.649911898e+07 +1.649901517e+07 +1.649901517e+07 -2.6349e+00 +2.2379e-01 -1.3420e+00 -3.9454e+00 -3.7493e+00
78 +1.543395586e+07 +1.543395586e+07 +1.543385205e+07 +1.543385205e+07 -2.8926e+00 +2.3382e-01 -1.3705e+00 -3.9445e+00 -2.9421e+00
79 +1.297427563e+07 +1.297427563e+07 +1.297417182e+07 +1.297417182e+07 -3.1604e-01 +2.3827e-01 -1.7434e+00 -3.9440e+00 -3.7302e+00
122 +4.084680981e+06 +4.084680981e+06 +4.084577171e+06 +4.084577171e+06 +4.4886e+00 +2.4193e-01 -1.4172e+00 -3.9484e+00 -3.5607e+00
149 +4.049707402e+06 +4.049707402e+06 +4.049603592e+06 +4.049603592e+06 +4.0299e+00 +2.1418e-01 -1.3065e+00 -3.9478e+00 -3.2691e+00
155 +5.170896280e+05 +5.170896280e+05 +5.169858180e+05 +5.169858180e+05 +7.7689e+00 +2.2013e-01 -1.1908e+00 -3.9683e+00 -3.0650e+00
179 +1.000512355e+05 +1.000512355e+05 +9.994742546e+04 +9.994742546e+04 +9.1401e+00 +1.7687e-01 -1.0254e+00 -3.9014e+00 -2.9553e+00
190 +3.349985676e+03 +3.349985676e+03 +3.246175676e+03 +3.246175676e+03 +2.7139e+00 +2.1530e-01 -3.6719e-01 -3.9592e+00 +3.1145e+00
253 +1.063451237e+03 +1.063451237e+03 +9.596412366e+02 +9.596412366e+02 +6.0932e+00 +7.8690e-02 -6.8242e-01 -3.9704e+00 +5.6095e-01
295 +9.062714490e+02 +9.062714490e+02 +8.024614490e+02 +8.024614490e+02 +7.1325e+00 +8.9210e-02 -6.9259e-01 -3.9386e+00 -4.3494e-01
315 +5.975332947e+02 +5.975332947e+02 +4.937232947e+02 +4.937232947e+02 +6.7021e+00 -1.4944e-01 -5.8420e-01 -3.9991e+00 -4.1423e-01
323 +2.951913217e+02 +2.951913217e+02 +1.913813217e+02 +1.913813217e+02 +6.5912e+00 +2.6706e-02 -6.5809e-01 -3.8815e+00 +3.8396e-02
326 +4.614982418e+01 +4.614982418e+01 -5.766017582e+01 -5.766017582e+01 +7.1113e+00 +1.4934e-01 -6.9046e-01 -3.8960e+00 -4.0939e-01
364 +4.311162997e+01 +4.311162997e+01 -6.069837003e+01 -6.069837003e+01 +7.1047e+00 +1.1692e-01 -7.1335e-01 -3.8785e+00 -3.0230e-01
% function evaluation | noise-free fitness - Fopt (-2.380000000000e+01) | best noise-free fitness - Fopt | measured fitness | best measured fitness | x1 | x2...
1 +1.272255517e+07 +1.272255517e+07 +1.272253137e+07 +1.272253137e+07 +0.0000e+00 +0.0000e+00 +0.0000e+00 +0.0000e+00 +0.0000e+00
203 +5.480437988e+06 +5.480437988e+06 +5.480414188e+06 +5.480414188e+06 +3.9269e+00 -3.9368e+00 +3.0375e+00 +9.3515e-01 -1.0601e+00
228 +3.319335531e+06 +3.319335531e+06 +3.319311731e+06 +3.319311731e+06 +3.5268e+00 -4.5754e+00 +2.3616e+00 +3.5818e-01 -3.0708e-01
252 +1.595578396e+06 +1.595578396e+06 +1.595554596e+06 +1.595554596e+06 +3.1471e+00 -3.6208e-01 +2.7339e+00 -3.3644e+00 +4.3601e+00
254 +1.331353788e+06 +1.331353788e+06 +1.331329988e+06 +1.331329988e+06 +2.8181e+00 -1.1695e+01 +2.7964e+00 +8.8591e-01 +3.2714e-01
266 +1.656974973e+05 +1.656974973e+05 +1.656736973e+05 +1.656736973e+05 +3.3784e+00 -4.9412e+00 +2.9735e+00 +1.7615e+00 +1.6823e+00
267 +2.838355367e+02 +2.838355367e+02 +2.600355367e+02 +2.600355367e+02 +3.5232e+00 -2.4491e+00 +3.0050e+00 +4.7362e-01 +2.0782e+00
413 +1.955784851e+02 +1.955784851e+02 +1.717784851e+02 +1.717784851e+02 +1.9960e-01 -1.0895e+01 +3.3348e+00 +4.3010e+00 -7.2730e-01
% function evaluation | noise-free fitness - Fopt (7.459000000000e+01) | best noise-free fitness - Fopt | measured fitness | best measured fitness | x1 | x2...
1 +1.382321277e+06 +1.382321277e+06 +1.382395867e+06 +1.382395867e+06 +0.0000e+00 +0.0000e+00 +0.0000e+00 +0.0000e+00 +0.0000e+00
2 +7.038982674e+05 +7.038982674e+05 +7.039728574e+05 +7.039728574e+05 -3.5369e+00 -3.2345e+00 -3.9386e+00 -1.8305e+00 -2.6681e-01
4 +6.809471685e+05 +6.809471685e+05 +6.810217585e+05 +6.810217585e+05 -3.5390e+00 -3.2347e+00 -3.9500e+00 -1.8161e+00 -2.6285e-01
32 +6.665847147e+05 +6.665847147e+05 +6.666593047e+05 +6.666593047e+05 -3.4710e+00 -3.2347e+00 -3.9394e+00 -1.8215e+00 -2.7553e-01
48 +6.256501630e+05 +6.256501630e+05 +6.257247530e+05 +6.257247530e+05 -3.4430e+00 -3.2342e+00 -3.9264e+00 -1.8066e+00 -2.6804e-01
77 +6.135398966e+05 +6.135398966e+05 +6.136144866e+05 +6.136144866e+05 -3.5301e+00 -3.2348e+00 -3.9411e+00 -1.7826e+00 -2.4472e-01
98 +5.698330901e+05 +5.698330901e+05 +5.699076801e+05 +5.699076801e+05 -3.5148e+00 -3.2341e+00 -3.9142e+00 -1.7575e+00 -2.6259e-01
106 +5.337454878e+05 +5.337454878e+05 +5.338200778e+05 +5.338200778e+05 -3.5883e+00 -3.2359e+00 -3.7794e+00 -1.7481e+00 -2.1689e-01
115 +5.034069381e+05 +5.034069381e+05 +5.034815281e+05 +5.034815281e+05 -3.5299e+00 -3.2340e+00 -3.9617e+00 -1.6336e+00 -2.4562e-01
142 +4.370123003e+05 +4.370123003e+05 +4.370868903e+05 +4.370868903e+05 -3.4928e+00 -3.2337e+00 -3.8690e+00 -1.5187e+00 -3.4076e-01
152 +2.354001392e+04 +2.354001392e+04 +2.361460392e+04 +2.361460392e+04 -3.4071e+00 -3.2329e+00 -3.5864e+00 -1.1507e+00 +2.7487e-01
184 +1.470799643e+02 +1.470799643e+02 +2.216699643e+02 +2.216699643e+02 -3.6267e+00 -3.2329e+00 -3.4082e+00 -9.9492e-01 +1.7319e-01
206 +1.021401193e+02 +1.021401193e+02 +1.767301193e+02 +1.767301193e+02 -3.6193e+00 -3.2325e+00 -2.9926e+00 -1.0613e+00 -2.3964e-01
263 +7.527900836e+01 +7.527900836e+01 +1.498690084e+02 +1.498690084e+02 -3.5072e+00 -3.2196e+00 -3.1416e+00 -1.0862e+00 +2.4125e-01
286 +4.092368232e+01 +4.092368232e+01 +1.155136823e+02 +1.155136823e+02 -3.6506e+00 -3.2250e+00 -3.8478e+00 -8.3180e-01 -1.1951e-01
396 +3.931524733e+01 +3.931524733e+01 +1.139052473e+02 +1.139052473e+02 -3.6046e+00 -3.2053e+00 -2.9740e+00 -1.1086e+00 +3.5021e-01
428 +2.736715831e+01 +2.736715831e+01 +1.019571583e+02 +1.019571583e+02 -3.5947e+00 -3.2175e+00 -3.0944e+00 -1.0660e+00 +5.2700e-02
479 +1.889851808e+01 +1.889851808e+01 +9.348851808e+01 +9.348851808e+01 -3.5537e+00 -3.2246e+00 -3.0454e+00 -1.0723e+00 -1.2850e-01
% function evaluation | noise-free fitness - Fopt (2.225900000000e+02) | best noise-free fitness - Fopt | measured fitness | best measured fitness | x1 | x2...
1 +7.674979651e+05 +7.674979651e+05 +7.677205551e+05 +7.677205551e+05 +0.0000e+00 +0.0000e+00 +0.0000e+00 +0.0000e+00 +0.0000e+00
105 +4.900597808e+05 +4.900597808e+05 +4.902823708e+05 +4.902823708e+05 -3.6808e-01 +3.4468e+00 +1.8205e+00 -3.1379e+00 +1.8291e+00
107 +3.361370126e+05 +3.361370126e+05 +3.363596026e+05 +3.363596026e+05 -3.6645e-01 +3.5483e+00 +1.6799e+00 -3.1324e+00 +1.9080e+00
126 +8.946574066e+04 +8.946574066e+04 +8.968833066e+04 +8.968833066e+04 -3.4674e-01 +3.4321e+00 +1.3007e+00 -3.1365e+00 +1.8997e+00
129 +1.467575070e+03 +1.467575070e+03 +1.690165070e+03 +1.690165070e+03 -3.2826e-01 +3.4386e+00 +9.8696e-01 -3.1401e+00 +1.8752e+00
163 +1.280176036e+02 +1.280176036e+02 +3.506076036e+02 +3.506076036e+02 -3.4388e-01 +3.3716e+00 +9.4456e-01 -3.1345e+00 +1.8635e+00
230 +1.011737235e+02 +1.011737235e+02 +3.237637235e+02 +3.237637235e+02 -1.7767e-01 +3.3177e+00 +1.0427e+00 -3.1356e+00 +1.9125e+00
% function evaluation | noise-free fitness - Fopt (-2.977700000000e+02) | best noise-free fitness - Fopt | measured fitness | best measured fitness | x1 | x2...
1 +1.039463448e+05 +1.039463448e+05 +1.036485748e+05 +1.036485748e+05 +0.0000e+00 +0.0000e+00 +0.0000e+00 +0.0000e+00 +0.0000e+00
180 +7.341317399e+04 +7.341317399e+04 +7.311540399e+04 +7.311540399e+04 -6.5996e+00 +8.6655e-01 -1.0878e+00 -7.1396e-01 +3.2400e+00
182 +3.869000672e+03 +3.869000672e+03 +3.571230672e+03 +3.571230672e+03 -5.4450e+00 +9.3602e-01 -2.7989e+00 -1.8035e+00 +3.3557e+00
209 +3.313316507e+03 +3.313316507e+03 +3.015546507e+03 +3.015546507e+03 -5.3615e+00 +1.0645e+00 -1.2096e+00 -8.2943e-01 +3.3876e+00
259 +2.535999608e+03 +2.535999608e+03 +2.238229608e+03 +2.238229608e+03 -5.2838e+00 +9.4478e-01 -1.9091e+00 -1.1791e+00 +3.1753e+00
293 +1.523524129e+03 +1.523524129e+03 +1.225754129e+03 +1.225754129e+03 -4.6710e+00 +9.4830e-01 -2.5661e+00 -1.4635e+00 +3.4102e+00
461 +7.047231094e+02 +7.047231094e+02 +4.069531094e+02 +4.069531094e+02 -9.2758e+00 -2.4039e-01 -1.6683e+00 -2.3720e+00 +3.2901e+00
