% function evaluation | noise-free fitness - Fopt (-6.211100000000e+02) | best noise-free fitness - Fopt | measured fitness | best measured fitness | x1 | x2...
1 +3.275825074e+07 +3.275825074e+07 +3.275762963e+07 +3.275762963e+07 +0.0000e+00 +0.0000e+00 +0.0000e+00 +0.0000e+00 +0.0000e+00
2 +2.647722307e+07 +2.647722307e+07 +2.647660196e+07 +2.647660196e+07 -6.6290e-01 +3.8508e+00 -4.4359e+00 +2.0994e+00 -1.4343e+00
32 +2.617128133e+07 +2.617128133e+07 +2.617066022e+07 +2.617066022e+07 -6.7022e-01 +3.8508e+00 -4.4378e+00 +2.0718e+00 -1.4424e+00
65 +2.563413043e+07 +2.563413043e+07 +2.563350932e+07 +2.563350932e+07 -6.7459e-01 +3.8508e+00 -4.4297e+00 +2.0266e+00 -1.4583e+00
106 +2.498626978e+07 +2.498626978e+07 +2.498564867e+07 +2.498564867e+07 -5.5733e-01 +3.8507e+00 -4.4313e+00 +1.9787e+00 -1.4324e+00
121 +2.443056884e+07 +2.443056884e+07 +2.442994773e+07 +2.442994773e+07 -3.7731e-01 +3.8512e+00 -4.4366e+00 +1.9577e+00 -1.4710e+00
137 +2.279864329e+07 +2.279864329e+07 +2.279802218e+07 +2.279802218e+07 -2.1036e-01 +3.8514e+00 -4.3692e+00 +1.7541e+00 -1.4278e+00
153 +2.231106120e+07 +2.231106120e+07 +2.231044009e+07 +2.231044009e+07 -3.7301e-01 +3.8510e+00 -4.4052e+00 +1.7286e+00 -1.4726e+00
156 +2.060521393e+07 +2.060521393e+07 +2.060459282e+07 +2.060459282e+07 -3.7109e-01 +3.8512e+00 -4.4423e+00 +1.5429e+00 -1.5011e+00
162 +1.519794256e+07 +1.519794256e+07 +1.519732145e+07 +1.519732145e+07 -3.7537e-01 +3.8508e+00 -4.3949e+00 +8.1338e-01 -1.4611e+00
178 +5.430900747e+06 +5.430900747e+06 +5.430279637e+06 +5.430279637e+06 +3.9596e-01 +3.8533e+00 -4.3451e+00 -1.8076e+00 -1.6446e+00
203 +5.172330394e+06 +5.172330394e+06 +5.171709284e+06 +5.171709284e+06 -1.3486e+00 +3.8540e+00 -4.3442e+00 -1.2392e+00 -1.4702e+00
220 +4.530400011e+06 +4.530400011e+06 +4.529778901e+06 +4.529778901e+06 -1.5146e-01 +3.8365e+00 -4.5143e+00 -1.5640e+00 -1.7411e+00
227 +2.741642805e+06 +2.741642805e+06 +2.741021695e+06 +2.741021695e+06 -4.7739e-01 +3.8603e+00 -4.3314e+00 -2.1344e+00 -1.7458e+00
266 +2.648028066e+06 +2.648028066e+06 +2.647406956e+06 +2.647406956e+06 -8.0437e-01 +3.8462e+00 -4.5206e+00 -2.8499e+00 -1.5760e+00
278 +2.540122855e+06 +2.540122855e+06 +2.539501745e+06 +2.539501745e+06 -7.9278e-01 +3.8447e+00 -4.5258e+00 -3.1066e+00 -1.7276e+00
283 +2.231137024e+06 +2.231137024e+06 +2.230515914e+06 +2.230515914e+06 -8.7195e-01 +3.8971e+00 -4.3401e+00 -2.6673e+00 -1.5668e+00
289 +1.823920313e+06 +1.823920313e+06 +1.823299203e+06 +1.823299203e+06 -3.0487e-01 +3.8544e+00 -4.2362e+00 -2.7468e+00 -2.4159e+00
312 +1.160778006e+06 +1.160778006e+06 +1.160156896e+06 +1.160156896e+06 -1.1317e+00 +3.8545e+00 -4.2691e+00 -2.0269e+00 -2.7675e+00
336 +1.139782654e+06 +1.139782654e+06 +1.139161544e+06 +1.139161544e+06 -6.4658e-01 +3.8755e+00 -3.5849e+00 -2.9587e+00 -1.9747e+00
350 +1.000941995e+06 +1.000941995e+06 +1.000320885e+06 +1.000320885e+06 -1.1622e+00 +3.8592e+00 -3.5467e+00 -2.2969e+00 -2.0528e+00
353 +8.405283657e+05 +8.405283657e+05 +8.399072557e+05 +8.399072557e+05 -1.0313e+00 +3.8814e+00 -1.2782e+00 -3.3248e+00 -2.2805e+00
356 +7.866573324e+05 +7.866573324e+05 +7.860362224e+05 +7.860362224e+05 -9.2540e-01 +3.8497e+00 -3.4166e+00 -2.8057e+00 -2.0416e+00
362 +5.041169209e+05 +5.041169209e+05 +5.034958109e+05 +5.034958109e+05 -8.9883e-01 +3.8810e+00 -2.5003e+00 -2.9584e+00 -2.2791e+00
403 +4.275466592e+05 +4.275466592e+05 +4.269255492e+05 +4.269255492e+05 -1.2617e+00 +3.8727e+00 -2.4775e+00 -3.0584e+00 -2.1812e+00
406 +4.129545321e+05 +4.129545321e+05 +4.123334221e+05 +4.123334221e+05 -1.0454e+00 +3.8662e+00 -9.2506e-01 -2.8707e+00 -1.2164e+00
410 +3.728760566e+05 +3.728760566e+05 +3.722549466e+05 +3.722549466e+05 -1.3114e+00 +3.8748e+00 -2.1277e+00 -2.9485e+00 -1.9878e+00
434 +2.977614228e+05 +2.977614228e+05 +2.971403128e+05 +2.971403128e+05 -9.7269e-01 +3.8945e+00 -1.7246e+00 -3.0105e+00 -1.7818e+00
494 +2.776642592e+05 +2.776642592e+05 +2.770431492e+05 +2.770431492e+05 -1.1907e+00 +4.0117e+00 -2.4840e+00 -3.3005e+00 -1.9166e+00
503 +2.438284504e+05 +2.438284504e+05 +2.432073404e+05 +2.432073404e+05 -1.2409e+00 +3.9299e+00 -1.7453e+00 -3.3862e+00 -1.6911e+00
512 +2.195178253e+05 +2.195178253e+05 +2.188967153e+05 +2.188967153e+05 -1.2106e+00 +3.9666e+00 -1.9519e+00 -3.2181e+00 -1.8435e+00
529 +2.064744318e+05 +2.064744318e+05 +2.058533218e+05 +2.058533218e+05 -1.1574e+00 +3.9450e+00 -1.4752e+00 -3.1026e+00 -1.6796e+00
536 +2.040178919e+05 +2.040178919e+05 +2.033967819e+05 +2.033967819e+05 -1.2450e+00 +3.9266e+00 -1.7466e+00 -3.2675e+00 -1.6020e+00
548 +1.155831465e+05 +1.155831465e+05 +1.149620365e+05 +1.149620365e+05 -1.1131e+00 +3.9467e+00 -1.1990e+00 -3.2468e+00 -1.3048e+00
630 +1.070812344e+05 +1.070812344e+05 +1.064601244e+05 +1.064601244e+05 -1.0688e+00 +3.9343e+00 -1.0888e+00 -3.3218e+00 -1.3080e+00
660 +9.918160368e+04 +9.918160368e+04 +9.856049368e+04 +9.856049368e+04 -1.0170e+00 +3.9646e+00 -1.2614e+00 -3.3324e+00 -1.3610e+00
667 +5.763360171e+04 +5.763360171e+04 +5.701249171e+04 +5.701249171e+04 -1.2892e+00 +4.3445e+00 -1.6890e+00 -3.2615e+00 -1.3110e+00
678 +5.472581531e+04 +5.472581531e+04 +5.410470531e+04 +5.410470531e+04 -9.7870e-01 +4.1193e+00 -1.0769e+00 -3.3011e+00 -1.3894e+00
696 +5.202082963e+04 +5.202082963e+04 +5.139971963e+04 +5.139971963e+04 -1.0578e+00 +4.0758e+00 -1.3392e+00 -3.2884e+00 -1.4000e+00
697 +4.515245170e+04 +4.515245170e+04 +4.453134170e+04 +4.453134170e+04 -9.6205e-01 +4.1607e+00 -1.4774e+00 -3.3687e+00 -1.4634e+00
706 +4.393580805e+04 +4.393580805e+04 +4.331469805e+04 +4.331469805e+04 -1.1092e+00 +4.1438e+00 -1.5076e+00 -3.1696e+00 -1.4459e+00
720 +3.670647323e+04 +3.670647323e+04 +3.608536323e+04 +3.608536323e+04 -9.9462e-01 +4.1566e+00 -1.2186e+00 -3.2483e+00 -1.1881e+00
730 +2.905681835e+04 +2.905681835e+04 +2.843570835e+04 +2.843570835e+04 -9.3138e-01 +4.0899e+00 -9.6387e-01 -3.4045e+00 -1.1528e+00
731 +2.681270439e+04 +2.681270439e+04 +2.619159439e+04 +2.619159439e+04 -1.0048e+00 +4.1470e+00 -1.3481e+00 -3.2989e+00 -1.3195e+00
733 +2.561119635e+04 +2.561119635e+04 +2.499008635e+04 +2.499008635e+04 -9.7132e-01 +4.2153e+00 -1.4823e+00 -3.2593e+00 -1.3834e+00
758 +1.527524392e+04 +1.527524392e+04 +1.465413392e+04 +1.465413392e+04 -9.6033e-01 +4.2255e+00 -1.3156e+00 -3.3479e+00 -1.2901e+00
782 +1.443191959e+04 +1.443191959e+04 +1.381080959e+04 +1.381080959e+04 -9.6982e-01 +4.2236e+00 -1.1822e+00 -3.4492e+00 -1.2668e+00
802 +1.324927678e+04 +1.324927678e+04 +1.262816678e+04 +1.262816678e+04 -9.8314e-01 +4.1748e+00 -1.1601e+00 -3.3697e+00 -1.2269e+00
813 +1.192232689e+04 +1.192232689e+04 +1.130121689e+04 +1.130121689e+04 -1.0450e+00 +4.1589e+00 -1.1372e+00 -3.3482e+00 -1.1670e+00
834 +7.316012364e+03 +7.316012364e+03 +6.694902364e+03 +6.694902364e+03 -1.0217e+00 +4.2067e+00 -1.1779e+00 -3.3461e+00 -1.1800e+00
855 +5.435842892e+03 +5.435842892e+03 +4.814732892e+03 +4.814732892e+03 -1.0062e+00 +4.2109e+00 -1.1786e+00 -3.3805e+00 -1.1742e+00
861 +5.282258952e+03 +5.282258952e+03 +4.661148952e+03 +4.661148952e+03 -1.0343e+00 +4.2790e+00 -1.1941e+00 -3.3567e+00 -1.2794e+00
869 +5.138640352e+03 +5.138640352e+03 +4.517530352e+03 +4.517530352e+03 -1.0188e+00 +4.2213e+00 -1.2310e+00 -3.3609e+00 -1.1982e+00
870 +2.876361942e+03 +2.876361942e+03 +2.255251942e+03 +2.255251942e+03 -1.0300e+00 +4.2495e+00 -1.2056e+00 -3.3647e+00 -1.1809e+00
895 +2.711341151e+03 +2.711341151e+03 +2.090231151e+03 +2.090231151e+03 -1.0299e+00 +4.2265e+00 -1.1917e+00 -3.3976e+00 -1.2275e+00
912 +2.378334607e+03 +2.378334607e+03 +1.757224607e+03 +1.757224607e+03 -1.0414e+00 +4.2211e+00 -1.2132e+00 -3.3798e+00 -1.2115e+00
929 +1.149672012e+03 +1.149672012e+03 +5.285620123e+02 +5.285620123e+02 -1.0388e+00 +4.2761e+00 -1.2172e+00 -3.3873e+00 -1.2013e+00
958 +9.223728426e+02 +9.223728426e+02 +3.012628426e+02 +3.012628426e+02 -1.0547e+00 +4.2389e+00 -1.1824e+00 -3.4278e+00 -1.1683e+00
1005 +6.352103951e+02 +6.352103951e+02 +1.410039513e+01 +1.410039513e+01 -1.0835e+00 +4.2591e+00 -1.1962e+00 -3.3978e+00 -1.2296e+00
1037 +2.897590301e+02 +2.897590301e+02 -3.313509699e+02 -3.313509699e+02 -1.0501e+00 +4.2514e+00 -1.1953e+00 -3.4033e+00 -1.1944e+00
1055 +2.651679904e+02 +2.651679904e+02 -3.559420096e+02 -3.559420096e+02 -1.0644e+00 +4.2563e+00 -1.2094e+00 -3.4081e+00 -1.2125e+00
1064 +2.002716876e+02 +2.002716876e+02 -4.208383124e+02 -4.208383124e+02 -1.0595e+00 +4.2538e+00 -1.2044e+00 -3.3939e+00 -1.2145e+00
1071 +7.014672617e+01 +7.014672617e+01 -5.509632738e+02 -5.509632738e+02 -1.0663e+00 +4.2506e+00 -1.1903e+00 -3.4062e+00 -1.1937e+00
1131 +4.449765929e+01 +4.449765929e+01 -5.766123407e+02 -5.766123407e+02 -1.0722e+00 +4.2553e+00 -1.1687e+00 -3.4057e+00 -1.1849e+00
1133 +2.371484976e+01 +2.371484976e+01 -5.973951502e+02 -5.973951502e+02 -1.0689e+00 +4.2562e+00 -1.1716e+00 -3.4026e+00 -1.1898e+00
1221 +1.823713813e+01 +1.823713813e+01 -6.028728619e+02 -6.028728619e+02 -1.0692e+00 +4.2545e+00 -1.1830e+00 -3.4044e+00 -1.1920e+00
1274 +1.395573730e+01 +1.395573730e+01 -6.071542627e+02 -6.071542627e+02 -1.0704e+00 +4.2550e+00 -1.1863e+00 -3.4008e+00 -1.1939e+00
1288 +8.804105823e+00 +8.804105823e+00 -6.123058942e+02 -6.123058942e+02 -1.0683e+00 +4.2548e+00 -1.1827e+00 -3.4007e+00 -1.1937e+00
1349 +5.472049455e+00 +5.472049455e+00 -6.156379505e+02 -6.156379505e+02 -1.0667e+00 +4.2550e+00 -1.1828e+00 -3.4009e+00 -1.1929e+00
1441 +3.147699675e+00 +3.147699675e+00 -6.179623003e+02 -6.179623003e+02 -1.0667e+00 +4.2551e+00 -1.1830e+00 -3.4015e+00 -1.1904e+00
% function evaluation | noise-free fitness - Fopt (-2.548200000000e+02) | best noise-free fitness - Fopt | measured fitness | best measured fitness | x1 | x2...
1 +1.522761725e+08 +1.522761725e+08 +1.522759177e+08 +1.522759177e+08 +0.0000e+00 +0.0000e+00 +0.0000e+00 +0.0000e+00 +0.0000e+00
2 +4.920086538e+07 +4.920086538e+07 +4.920061056e+07 +4.920061056e+07 +1.0650e+00 +3.7715e+00 +3.4454e+00 -2.8284e-01 -6.5863e-01
15 +4.897049865e+07 +4.897049865e+07 +4.897024383e+07 +4.897024383e+07 +1.0693e+00 +3.7814e+00 +3.4242e+00 -2.8326e-01 -6.4947e-01
70 +4.686173716e+07 +4.686173716e+07 +4.686148234e+07 +4.686148234e+07 +1.0810e+00 +3.7599e+00 +3.2767e+00 -2.8337e-01 -6.5053e-01
83 +4.327694884e+07 +4.327694884e+07 +4.327669402e+07 +4.327669402e+07 +1.0846e+00 +4.3989e+00 +3.4412e+00 -2.8370e-01 -6.5226e-01
99 +4.207466186e+07 +4.207466186e+07 +4.207440704e+07 +4.207440704e+07 +1.0830e+00 +4.3822e+00 +3.3822e+00 -2.9335e-01 -6.7298e-01
112 +4.082308455e+07 +4.082308455e+07 +4.082282973e+07 +4.082282973e+07 +1.1546e+00 +4.6101e+00 +3.4362e+00 -2.6838e-01 -6.5776e-01
132 +3.882455020e+07 +3.882455020e+07 +3.882429538e+07 +3.882429538e+07 +1.2789e+00 +4.7146e+00 +3.4563e+00 -2.8172e-01 -6.5427e-01
148 +3.666459534e+07 +3.666459534e+07 +3.666434052e+07 +3.666434052e+07 +1.5475e+00 +4.4582e+00 +3.4095e+00 -2.8955e-01 -6.3870e-01
155 +3.510278514e+07 +3.510278514e+07 +3.510253032e+07 +3.510253032e+07 +1.6452e+00 +5.7649e+00 +3.7348e+00 -3.0117e-01 -6.6123e-01
161 +3.395972635e+07 +3.395972635e+07 +3.395947153e+07 +3.395947153e+07 +1.3924e+00 +5.9800e+00 +3.3813e+00 -2.6317e-01 -6.6113e-01
180 +3.138668478e+07 +3.138668478e+07 +3.138642996e+07 +3.138642996e+07 +2.5181e+00 +6.3988e+00 +3.8069e+00 -3.5113e-01 -6.4711e-01
201 +1.951429053e+07 +1.951429053e+07 +1.951403571e+07 +1.951403571e+07 +2.3173e+00 +5.4590e+00 +2.4974e+00 -2.1975e-01 -6.3561e-01
213 +1.714743506e+07 +1.714743506e+07 +1.714718024e+07 +1.714718024e+07 +5.8369e+00 +7.3227e+00 +1.1429e+00 -2.6747e-01 -6.7063e-01
234 +1.418332447e+07 +1.418332447e+07 +1.418306965e+07 +1.418306965e+07 +3.2208e+00 +5.7738e+00 +2.2387e+00 -2.7959e-01 -6.2240e-01
256 +1.178104910e+07 +1.178104910e+07 +1.178079428e+07 +1.178079428e+07 +3.3518e+00 +5.7940e+00 +1.9383e+00 -3.1570e-01 -6.9631e-01
257 +1.062144723e+07 +1.062144723e+07 +1.062119241e+07 +1.062119241e+07 +5.5915e+00 +2.5911e+00 -2.2881e-01 -2.4826e-01 -7.7091e-01
258 +8.659771390e+06 +8.659771390e+06 +8.659516570e+06 +8.659516570e+06 +2.6993e+00 +5.5872e+00 +5.6101e-01 -2.4857e-01 -6.5666e-01
279 +5.563318803e+06 +5.563318803e+06 +5.563063983e+06 +5.563063983e+06 +3.7311e+00 +4.5796e+00 +1.0026e+00 -4.2480e-01 -5.2131e-01
282 +2.769037075e+06 +2.769037075e+06 +2.768782255e+06 +2.768782255e+06 +3.9088e+00 +4.5237e+00 -3.4890e-01 -2.4365e-01 -7.0858e-01
324 +1.037777655e+06 +1.037777655e+06 +1.037522835e+06 +1.037522835e+06 +3.6466e+00 +4.0091e+00 -3.1046e-01 -1.3573e+00 -8.8198e-01
481 +9.665774549e+05 +9.665774549e+05 +9.663226349e+05 +9.663226349e+05 +4.1415e+00 +4.3593e+00 -2.8218e-01 -2.8186e-01 -2.6200e+00
506 +9.213242877e+05 +9.213242877e+05 +9.210694677e+05 +9.210694677e+05 +4.2985e+00 +4.1247e+00 -1.2441e-01 -3.0190e-01 -1.7187e+00
508 +6.576131555e+05 +6.576131555e+05 +6.573583355e+05 +6.573583355e+05 +4.1906e+00 +4.0831e+00 -4.9604e-01 -5.1860e-01 -1.6381e+00
514 +5.860651496e+05 +5.860651496e+05 +5.858103296e+05 +5.858103296e+05 +4.3742e+00 +4.1369e+00 -1.4110e-02 -5.2302e-01 -1.9372e+00
539 +4.702102753e+05 +4.702102753e+05 +4.699554553e+05 +4.699554553e+05 +4.2768e+00 +3.9471e+00 -4.4565e-01 -6.4869e-01 -1.6393e+00
558 +1.048637531e+05 +1.048637531e+05 +1.046089331e+05 +1.046089331e+05 +4.2593e+00 +4.0993e+00 -4.0775e-01 -1.0250e+00 -1.8321e+00
592 +3.551940053e+04 +3.551940053e+04 +3.526458053e+04 +3.526458053e+04 +4.3128e+00 +4.0028e+00 -4.1395e-01 -1.1950e+00 -1.7118e+00
640 +3.242082456e+04 +3.242082456e+04 +3.216600456e+04 +3.216600456e+04 +4.3829e+00 +3.8721e+00 -3.4687e-01 -1.2611e+00 -1.8692e+00
653 +2.831879303e+04 +2.831879303e+04 +2.806397303e+04 +2.806397303e+04 +4.1980e+00 +3.7925e+00 -3.4977e-01 -1.3167e+00 -1.8484e+00
660 +2.066459992e+04 +2.066459992e+04 +2.040977992e+04 +2.040977992e+04 +4.2422e+00 +3.9199e+00 -3.1035e-01 -1.2649e+00 -2.0590e+00
661 +1.440972544e+04 +1.440972544e+04 +1.415490544e+04 +1.415490544e+04 +4.1891e+00 +3.9159e+00 -3.6024e-01 -1.2074e+00 -1.7748e+00
730 +8.451227712e+03 +8.451227712e+03 +8.196407712e+03 +8.196407712e+03 +4.1967e+00 +3.9639e+00 -3.2983e-01 -1.3330e+00 -1.6910e+00
796 +7.986573401e+03 +7.986573401e+03 +7.731753401e+03 +7.731753401e+03 +4.1996e+00 +3.9688e+00 -3.9518e-01 -1.3193e+00 -1.8392e+00
852 +3.369800074e+03 +3.369800074e+03 +3.114980074e+03 +3.114980074e+03 +4.2213e+00 +3.9883e+00 -3.4275e-01 -1.3224e+00 -1.8450e+00
928 +2.544620822e+03 +2.544620822e+03 +2.289800822e+03 +2.289800822e+03 +4.1880e+00 +3.9502e+00 -3.1192e-01 -1.2581e+00 -1.8076e+00
936 +1.470864704e+03 +1.470864704e+03 +1.216044704e+03 +1.216044704e+03 +4.1830e+00 +3.9569e+00 -3.0350e-01 -1.2895e+00 -1.8275e+00
946 +1.282162214e+03 +1.282162214e+03 +1.027342214e+03 +1.027342214e+03 +4.1613e+00 +3.9547e+00 -2.8374e-01 -1.2757e+00 -1.8869e+00
954 +9.553779662e+02 +9.553779662e+02 +7.005579662e+02 +7.005579662e+02 +4.1760e+00 +3.9417e+00 -3.0643e-01 -1.2806e+00 -1.8670e+00
967 +9.251922667e+02 +9.251922667e+02 +6.703722667e+02 +6.703722667e+02 +4.1818e+00 +3.9554e+00 -2.8470e-01 -1.2736e+00 -1.8479e+00
981 +8.234169303e+02 +8.234169303e+02 +5.685969303e+02 +5.685969303e+02 +4.2401e+00 +3.9344e+00 -3.1191e-01 -1.2944e+00 -1.8243e+00
999 +5.372154746e+02 +5.372154746e+02 +2.823954746e+02 +2.823954746e+02 +4.1825e+00 +3.9407e+00 -3.0137e-01 -1.2679e+00 -1.8652e+00
1005 +4.764909622e+02 +4.764909622e+02 +2.216709622e+02 +2.216709622e+02 +4.1985e+00 +3.9459e+00 -3.0503e-01 -1.2787e+00 -1.8478e+00
1006 +3.723821903e+02 +3.723821903e+02 +1.175621903e+02 +1.175621903e+02 +4.2099e+00 +3.9270e+00 -2.6750e-01 -1.2809e+00 -1.8558e+00
1007 +2.101967243e+02 +2.101967243e+02 -4.462327572e+01 -4.462327572e+01 +4.2238e+00 +3.9333e+00 -2.7187e-01 -1.2849e+00 -1.8520e+00
1025 +2.011512597e+02 +2.011512597e+02 -5.366874034e+01 -5.366874034e+01 +4.2032e+00 +3.9432e+00 -2.9206e-01 -1.2839e+00 -1.8670e+00
1027 +1.562170230e+02 +1.562170230e+02 -9.860297705e+01 -9.860297705e+01 +4.2208e+00 +3.9382e+00 -2.8862e-01 -1.2746e+00 -1.8692e+00
1038 +4.946372475e+01 +4.946372475e+01 -2.053562753e+02 -2.053562753e+02 +4.2177e+00 +3.9397e+00 -2.8967e-01 -1.2782e+00 -1.8516e+00
1043 +1.428499633e+01 +1.428499633e+01 -2.405350037e+02 -2.405350037e+02 +4.2087e+00 +3.9408e+00 -2.7951e-01 -1.2756e+00 -1.8623e+00
1254 +1.049250168e+01 +1.049250168e+01 -2.443274983e+02 -2.443274983e+02 +4.2280e+00 +3.9461e+00 -2.8521e-01 -1.2878e+00 -1.8431e+00
1260 +7.339640922e+00 +7.339640922e+00 -2.474803591e+02 -2.474803591e+02 +4.2272e+00 +3.9487e+00 -2.8754e-01 -1.2867e+00 -1.8355e+00
1307 +4.777861448e+00 +4.777861448e+00 -2.500421386e+02 -2.500421386e+02 +4.2269e+00 +3.9476e+00 -2.8627e-01 -1.2873e+00 -1.8422e+00
1357 +2.450694791e+00 +2.450694791e+00 -2.523693052e+02 -2.523693052e+02 +4.2268e+00 +3.9474e+00 -2.8689e-01 -1.2868e+00 -1.8396e+00
1378 +1.412475152e+00 +1.412475152e+00 -2.534075248e+02 -2.534075248e+02 +4.2247e+00 +3.9460e+00 -2.8483e-01 -1.2840e+00 -1.8428e+00
1475 +7.697437774e-01 +7.697437774e-01 -2.540502562e+02 -2.540502562e+02 +4.2267e+00 +3.9469e+00 -2.8582e-01 -1.2854e+00 -1.8414e+00
% function evaluation | noise-free fitness - Fopt (5.661000000000e+01) | best noise-free fitness - Fopt | measured fitness | best measured fitness | x1 | x2...
1 +1.641714053e+08 +1.641714053e+08 +1.641714619e+08 +1.641714619e+08 +0.0000e+00 +0.0000e+00 +0.0000e+00 +0.0000e+00 +0.0000e+00
2 +1.032740733e+08 +1.032740733e+08 +1.032741299e+08 +1.032741299e+08 +4.2946e+00 -2.7620e+00 +3.3784e-01 +2.4729e+00 +1.8651e+00
18 +1.019668033e+08 +1.019668033e+08 +1.019668600e+08 +1.019668600e+08 +4.2618e+00 -2.7636e+00 +2.9851e-01 +2.4903e+00 +1.8657e+00
51 +9.551370145e+07 +9.551370145e+07 +9.551375806e+07 +9.551375806e+07 +4.1016e+00 -2.7719e+00 +3.1511e-01 +2.6116e+00 +1.8637e+00
64 +9.279978589e+07 +9.279978589e+07 +9.279984250e+07 +9.279984250e+07 +4.1497e+00 -2.7822e+00 +3.2143e-01 +2.9257e+00 +1.8699e+00
83 +8.713179097e+07 +8.713179097e+07 +8.713184758e+07 +8.713184758e+07 +4.2091e+00 -2.9885e+00 -5.1189e-02 +2.9202e+00 +1.8778e+00
110 +8.681013006e+07 +8.681013006e+07 +8.681018667e+07 +8.681018667e+07 +4.1742e+00 -2.9709e+00 +2.3117e-01 +2.8028e+00 +1.8655e+00
115 +7.350473069e+07 +7.350473069e+07 +7.350478730e+07 +7.350478730e+07 +4.1709e+00 -3.3441e+00 +2.1919e-01 +2.8462e+00 +1.8467e+00
152 +5.381578102e+07 +5.381578102e+07 +5.381583763e+07 +5.381583763e+07 +2.6716e+00 -3.1404e+00 +1.8655e-01 +2.9422e+00 +1.8438e+00
189 +3.312043965e+07 +3.312043965e+07 +3.312049626e+07 +3.312049626e+07 -3.5127e+00 -3.2042e+00 +5.5334e-01 +2.6331e+00 +1.9540e+00
207 +2.938436442e+07 +2.938436442e+07 +2.938442103e+07 +2.938442103e+07 -2.2307e+00 -3.1276e+00 +1.5849e-01 +3.3340e+00 +1.8895e+00
227 +1.525287379e+07 +1.525287379e+07 +1.525293040e+07 +1.525293040e+07 -6.2610e-01 -5.1231e+00 -8.2519e-01 +6.6459e-01 +1.7013e+00
291 +1.162404696e+07 +1.162404696e+07 +1.162410357e+07 +1.162410357e+07 -1.7726e+00 -4.3051e+00 -1.4981e+00 +1.6361e+00 +1.6477e+00
297 +1.144516893e+07 +1.144516893e+07 +1.144522554e+07 +1.144522554e+07 -1.4435e+00 -6.9260e+00 -2.7231e-01 +2.2624e+00 +9.1922e-01
318 +8.977543851e+06 +8.977543851e+06 +8.977600461e+06 +8.977600461e+06 -1.4613e+00 -6.7118e+00 -1.2494e+00 +1.6737e+00 +1.9024e+00
370 +5.565227845e+06 +5.565227845e+06 +5.565284455e+06 +5.565284455e+06 -1.3784e-01 -5.5861e+00 -2.8524e+00 +2.3521e+00 +1.6903e+00
398 +3.099662821e+06 +3.099662821e+06 +3.099719431e+06 +3.099719431e+06 -1.7101e+00 -6.0913e+00 -2.3529e+00 +2.0601e+00 +8.5848e-01
453 +2.718005409e+06 +2.718005409e+06 +2.718062019e+06 +2.718062019e+06 -9.9442e-01 -5.5869e+00 -3.8113e+00 +2.0733e+00 +9.2034e-01
454 +2.045688671e+06 +2.045688671e+06 +2.045745281e+06 +2.045745281e+06 -1.7074e+00 -5.6716e+00 -2.4882e+00 +2.0877e+00 +1.9365e-01
456 +1.808544028e+06 +1.808544028e+06 +1.808600638e+06 +1.808600638e+06 -1.3346e+00 -5.6981e+00 -2.6103e+00 +2.3541e+00 +3.0852e-01
458 +1.336286282e+06 +1.336286282e+06 +1.336342892e+06 +1.336342892e+06 -1.4025e+00 -5.5574e+00 -2.6607e+00 +1.9638e+00 -1.8515e-01
459 +1.040231954e+06 +1.040231954e+06 +1.040288564e+06 +1.040288564e+06 -8.9263e-01 -6.7687e+00 -2.9336e+00 +2.1837e+00 +9.9094e-01
473 +7.707402560e+05 +7.707402560e+05 +7.707968660e+05 +7.707968660e+05 -1.4436e+00 -5.7013e+00 -2.9155e+00 +2.4301e+00 -3.4993e-01
501 +4.807166885e+05 +4.807166885e+05 +4.807732985e+05 +4.807732985e+05 -1.8315e+00 -6.8686e+00 -3.4878e+00 +2.1887e+00 -1.9562e-02
502 +4.569336549e+05 +4.569336549e+05 +4.569902649e+05 +4.569902649e+05 -1.5849e+00 -6.5725e+00 -3.9247e+00 +2.0353e+00 -5.4033e-01
504 +1.229484171e+05 +1.229484171e+05 +1.230050271e+05 +1.230050271e+05 -1.6317e+00 -6.5874e+00 -3.4283e+00 +2.1236e+00 -2.0512e-01
512 +9.236930344e+04 +9.236930344e+04 +9.242591344e+04 +9.242591344e+04 -1.1988e+00 -6.7949e+00 -3.5832e+00 +2.1414e+00 -1.7672e-01
602 +5.310019253e+04 +5.310019253e+04 +5.315680253e+04 +5.315680253e+04 -1.3440e+00 -6.7569e+00 -3.4312e+00 +2.0364e+00 -1.7066e-02
603 +1.928530437e+04 +1.928530437e+04 +1.934191437e+04 +1.934191437e+04 -1.1669e+00 -6.7758e+00 -3.4960e+00 +2.0482e+00 -1.7046e-02
708 +1.612425871e+04 +1.612425871e+04 +1.618086871e+04 +1.618086871e+04 -1.3663e+00 -6.6313e+00 -3.4185e+00 +2.1891e+00 -3.0659e-02
724 +1.112083221e+04 +1.112083221e+04 +1.117744221e+04 +1.117744221e+04 -1.1793e+00 -6.8558e+00 -3.3617e+00 +2.2403e+00 +9.3512e-02
791 +6.241823886e+03 +6.241823886e+03 +6.298433886e+03 +6.298433886e+03 -1.2849e+00 -6.6647e+00 -3.4276e+00 +2.1904e+00 -8.5375e-03
809 +5.733007918e+03 +5.733007918e+03 +5.789617918e+03 +5.789617918e+03 -1.2410e+00 -6.8323e+00 -3.4324e+00 +2.1707e+00 +1.4643e-02
843 +4.051900102e+03 +4.051900102e+03 +4.108510102e+03 +4.108510102e+03 -1.2598e+00 -6.6661e+00 -3.4303e+00 +2.1617e+00 +2.4692e-02
848 +9.936062411e+02 +9.936062411e+02 +1.050216241e+03 +1.050216241e+03 -1.2649e+00 -6.6949e+00 -3.4502e+00 +2.1604e+00 +7.0334e-03
937 +8.784186139e+02 +8.784186139e+02 +9.350286139e+02 +9.350286139e+02 -1.2591e+00 -6.7325e+00 -3.4467e+00 +2.1625e+00 +9.9316e-03
958 +8.554542630e+02 +8.554542630e+02 +9.120642630e+02 +9.120642630e+02 -1.2397e+00 -6.7133e+00 -3.4456e+00 +2.1599e+00 +9.4600e-03
962 +7.046699009e+02 +7.046699009e+02 +7.612799009e+02 +7.612799009e+02 -1.2467e+00 -6.7193e+00 -3.4458e+00 +2.1558e+00 +3.0962e-02
1000 +5.510618230e+02 +5.510618230e+02 +6.076718230e+02 +6.076718230e+02 -1.2418e+00 -6.7205e+00 -3.4473e+00 +2.1594e+00 +2.2032e-02
1004 +2.817572957e+02 +2.817572957e+02 +3.383672957e+02 +3.383672957e+02 -1.2421e+00 -6.7244e+00 -3.4528e+00 +2.1560e+00 +1.7276e-02
1027 +2.615047470e+02 +2.615047470e+02 +3.181147470e+02 +3.181147470e+02 -1.2476e+00 -6.7246e+00 -3.4497e+00 +2.1474e+00 +2.0326e-02
1034 +1.837257026e+02 +1.837257026e+02 +2.403357026e+02 +2.403357026e+02 -1.2399e+00 -6.7248e+00 -3.4555e+00 +2.1380e+00 +2.1896e-02
1039 +1.367118957e+02 +1.367118957e+02 +1.933218957e+02 +1.933218957e+02 -1.2447e+00 -6.7221e+00 -3.4554e+00 +2.1492e+00 +1.9876e-02
1055 +1.281814669e+02 +1.281814669e+02 +1.847914669e+02 +1.847914669e+02 -1.2452e+00 -6.7228e+00 -3.4578e+00 +2.1487e+00 +2.0244e-02
1056 +1.108916743e+02 +1.108916743e+02 +1.675016743e+02 +1.675016743e+02 -1.2428e+00 -6.7220e+00 -3.4535e+00 +2.1479e+00 +1.4009e-02
1066 +1.042715086e+02 +1.042715086e+02 +1.608815086e+02 +1.608815086e+02 -1.2431e+00 -6.7259e+00 -3.4566e+00 +2.1497e+00 +1.9250e-02
1081 +9.822160429e+01 +9.822160429e+01 +1.548316043e+02 +1.548316043e+02 -1.2444e+00 -6.7288e+00 -3.4554e+00 +2.1499e+00 +1.2232e-02
1088 +9.446524275e+01 +9.446524275e+01 +1.510752428e+02 +1.510752428e+02 -1.2447e+00 -6.7313e+00 -3.4535e+00 +2.1492e+00 +1.4873e-02
1092 +7.571781809e+01 +7.571781809e+01 +1.323278181e+02 +1.323278181e+02 -1.2436e+00 -6.7251e+00 -3.4545e+00 +2.1470e+00 +1.6787e-02
1110 +7.377256697e+01 +7.377256697e+01 +1.303825670e+02 +1.303825670e+02 -1.2446e+00 -6.7260e+00 -3.4565e+00 +2.1486e+00 +1.3993e-02
1124 +6.281852793e+01 +6.281852793e+01 +1.194285279e+02 +1.194285279e+02 -1.2445e+00 -6.7279e+00 -3.4580e+00 +2.1469e+00 +1.8738e-02
1127 +5.339219384e+01 +5.339219384e+01 +1.100021938e+02 +1.100021938e+02 -1.2456e+00 -6.7272e+00 -3.4602e+00 +2.1444e+00 +1.2000e-02
1218 +5.105827165e+01 +5.105827165e+01 +1.076682717e+02 +1.076682717e+02 -1.2451e+00 -6.7281e+00 -3.4576e+00 +2.1425e+00 +1.3160e-02
1262 +4.424830682e+01 +4.424830682e+01 +1.008583068e+02 +1.008583068e+02 -1.2449e+00 -6.7285e+00 -3.4579e+00 +2.1437e+00 +1.3379e-02
1278 +3.932316621e+01 +3.932316621e+01 +9.593316621e+01 +9.593316621e+01 -1.2444e+00 -6.7269e+00 -3.4580e+00 +2.1436e+00 +1.4427e-02
1342 +3.838060079e+01 +3.838060079e+01 +9.499060079e+01 +9.499060079e+01 -1.2435e+00 -6.7274e+00 -3.4583e+00 +2.1437e+00 +1.4736e-02
1454 +3.800768770e+01 +3.800768770e+01 +9.461768770e+01 +9.461768770e+01 -1.2435e+00 -6.7272e+00 -3.4579e+00 +2.1438e+00 +1.4475e-02
% function evaluation | noise-free fitness - Fopt (-1.810000000000e+01) | best noise-free fitness - Fopt | measured fitness | best measured fitness | x1 | x2...
1 +5.982210084e+07 +5.982210084e+07 +5.982208274e+07 +5.982208274e+07 +0.0000e+00 +0.0000e+00 +0.0000e+00 +0.0000e+00 +0.0000e+00
114 +5.324157092e+07 +5.324157092e+07 +5.324155282e+07 +5.324155282e+07 +1.0679e-01 -8.0709e-01 +4.3591e-01 +1.0630e-01 -5.4055e-01
131 +1.366641833e+07 +1.366641833e+07 +1.366640023e+07 +1.366640023e+07 -1.8445e-01 -6.7035e-01 +4.8134e+00 -3.5200e-02 -5.5439e-01
178 +1.345142339e+07 +1.345142339e+07 +1.345140529e+07 +1.345140529e+07 +5.0954e-02 -7.1182e-01 +5.7538e+00 +9.4682e-02 -4.6064e-01
202 +1.259041004e+07 +1.259041004e+07 +1.259039194e+07 +1.259039194e+07 -1.7622e-02 -7.8398e-01 +4.6519e+00 +9.9307e-02 -3.5295e-02
225 +1.209821780e+07 +1.209821780e+07 +1.209819970e+07 +1.209819970e+07 -2.5303e-01 -7.5920e-01 +5.4999e+00 +7.8843e-02 -3.2130e-01
241 +1.201957411e+07 +1.201957411e+07 +1.201955601e+07 +1.201955601e+07 -2.4256e-01 -7.6289e-01 +5.8395e+00 +7.4960e-02 -2.8337e-01
248 +1.074697980e+07 +1.074697980e+07 +1.074696170e+07 +1.074696170e+07 -1.8592e-02 -7.5089e-01 +5.3157e+00 +8.0108e-02 +1.8085e+00
269 +1.032334654e+07 +1.032334654e+07 +1.032332844e+07 +1.032332844e+07 -4.8495e-01 -6.9548e-01 +6.0065e+00 +5.7867e-02 -3.7954e-02
277 +8.832398558e+06 +8.832398558e+06 +8.832380458e+06 +8.832380458e+06 -5.0924e-01 -5.4923e-01 +5.8677e+00 +1.3070e-01 +2.4770e-01
299 +6.508243481e+06 +6.508243481e+06 +6.508225381e+06 +6.508225381e+06 -4.7984e-01 +5.5267e-01 +5.6850e+00 +9.1577e-02 +2.7998e-02
304 +5.268021824e+06 +5.268021824e+06 +5.268003724e+06 +5.268003724e+06 -2.2161e+00 -4.9560e-01 +5.9731e+00 +2.9160e-01 +4.1659e-01
333 +4.467254921e+06 +4.467254921e+06 +4.467236821e+06 +4.467236821e+06 -2.2632e+00 -1.2866e-01 +6.3615e+00 +2.6564e-01 -1.5118e-01
356 +3.125581340e+06 +3.125581340e+06 +3.125563240e+06 +3.125563240e+06 -1.8803e+00 +1.9996e-01 +5.3957e+00 +4.6629e-01 +4.1114e-01
360 +1.720151501e+06 +1.720151501e+06 +1.720133401e+06 +1.720133401e+06 -3.0432e+00 +6.4143e-01 +6.2328e+00 +3.8641e-01 +4.0593e-01
406 +1.520103097e+06 +1.520103097e+06 +1.520084997e+06 +1.520084997e+06 -2.4779e+00 +1.0466e+00 +7.2007e+00 +5.8106e-01 -2.8348e-01
407 +1.004012716e+06 +1.004012716e+06 +1.003994616e+06 +1.003994616e+06 -2.1854e+00 +1.2665e+00 +7.1841e+00 -6.1605e-02 +1.0801e+00
440 +8.906712216e+05 +8.906712216e+05 +8.906531216e+05 +8.906531216e+05 -2.9044e+00 +9.8287e-01 +6.6694e+00 +5.2370e-01 +2.1501e-01
443 +8.398739605e+05 +8.398739605e+05 +8.398558605e+05 +8.398558605e+05 -2.1362e+00 +1.0139e+00 +6.9698e+00 +3.2707e-01 +5.6132e-01
461 +5.798347367e+05 +5.798347367e+05 +5.798166367e+05 +5.798166367e+05 -2.4968e+00 +1.1164e+00 +7.3088e+00 +4.5676e-01 +3.0382e-01
466 +3.502389293e+05 +3.502389293e+05 +3.502208293e+05 +3.502208293e+05 -2.7053e+00 +1.4456e+00 +7.6446e+00 +2.2627e-01 +2.0639e-01
486 +1.778581064e+05 +1.778581064e+05 +1.778400064e+05 +1.778400064e+05 -2.9634e+00 +1.6252e+00 +8.0941e+00 +1.6199e-01 +2.7178e-01
527 +1.172146379e+05 +1.172146379e+05 +1.171965379e+05 +1.171965379e+05 -3.1233e+00 +1.4661e+00 +7.6514e+00 +4.8794e-01 +6.8140e-01
552 +9.628583684e+04 +9.628583684e+04 +9.626773684e+04 +9.626773684e+04 -3.1236e+00 +1.4754e+00 +7.9181e+00 +1.6574e-01 +5.1838e-01
577 +2.763962132e+04 +2.763962132e+04 +2.762152132e+04 +2.762152132e+04 -2.9827e+00 +1.6515e+00 +7.3597e+00 +3.3921e-01 +8.0158e-01
609 +2.392895333e+04 +2.392895333e+04 +2.391085333e+04 +2.391085333e+04 -2.9673e+00 +1.6475e+00 +7.3740e+00 +5.4194e-01 +6.1890e-01
662 +2.351766399e+03 +2.351766399e+03 +2.333666399e+03 +2.333666399e+03 -2.9392e+00 +1.7024e+00 +7.3660e+00 +4.3544e-01 +6.5504e-01
754 +1.527642400e+03 +1.527642400e+03 +1.509542400e+03 +1.509542400e+03 -2.9859e+00 +1.7377e+00 +7.4741e+00 +3.4253e-01 +6.1862e-01
780 +7.190789731e+02 +7.190789731e+02 +7.009789731e+02 +7.009789731e+02 -2.9421e+00 +1.7093e+00 +7.4280e+00 +3.5158e-01 +6.4474e-01
799 +1.968290812e+02 +1.968290812e+02 +1.787290812e+02 +1.787290812e+02 -2.9549e+00 +1.7151e+00 +7.4667e+00 +3.6460e-01 +6.4497e-01
875 +7.304942363e+01 +7.304942363e+01 +5.494942363e+01 +5.494942363e+01 -2.9456e+00 +1.7145e+00 +7.4682e+00 +3.5384e-01 +6.5249e-01
939 +5.068272801e+01 +5.068272801e+01 +3.258272801e+01 +3.258272801e+01 -2.9424e+00 +1.7136e+00 +7.4540e+00 +3.5942e-01 +6.5231e-01
966 +4.606874237e+01 +4.606874237e+01 +2.796874237e+01 +2.796874237e+01 -2.9476e+00 +1.7162e+00 +7.4561e+00 +3.5883e-01 +6.5262e-01
983 +4.414222848e+01 +4.414222848e+01 +2.604222848e+01 +2.604222848e+01 -2.9452e+00 +1.7153e+00 +7.4557e+00 +3.5848e-01 +6.5215e-01
1021 +4.170648640e+01 +4.170648640e+01 +2.360648640e+01 +2.360648640e+01 -2.9439e+00 +1.7149e+00 +7.4563e+00 +3.6068e-01 +6.5324e-01
1047 +4.045462484e+01 +4.045462484e+01 +2.235462484e+01 +2.235462484e+01 -2.9454e+00 +1.7145e+00 +7.4578e+00 +3.5998e-01 +6.5208e-01
1075 +3.955311907e+01 +3.955311907e+01 +2.145311907e+01 +2.145311907e+01 -2.9447e+00 +1.7142e+00 +7.4563e+00 +3.6063e-01 +6.5362e-01
1158 +3.888790142e+01 +3.888790142e+01 +2.078790142e+01 +2.078790142e+01 -2.9451e+00 +1.7139e+00 +7.4557e+00 +3.6101e-01 +6.5358e-01
% function evaluation | noise-free fitness - Fopt (3.777000000000e+01) | best noise-free fitness - Fopt | measured fitness | best measured fitness | x1 | x2...
1 +5.916572692e+06 +5.916572692e+06 +5.916610462e+06 +5.916610462e+06 +0.0000e+00 +0.0000e+00 +0.0000e+00 +0.0000e+00 +0.0000e+00
180 +5.541541739e+06 +5.541541739e+06 +5.541579509e+06 +5.541579509e+06 -3.9935e+00 +2.9076e+00 -3.5722e+00 +1.7718e+00 +2.6289e+00
202 +5.409695482e+06 +5.409695482e+06 +5.409733252e+06 +5.409733252e+06 -3.8762e+00 +2.9195e+00 -3.5558e+00 +1.8091e+00 +2.5259e+00
203 +3.435965567e+06 +3.435965567e+06 +3.436003337e+06 +3.436003337e+06 -3.8088e+00 +3.0507e+00 -3.5594e+00 +2.4585e+00 +2.4377e+00
226 +2.499768618e+06 +2.499768618e+06 +2.499806388e+06 +2.499806388e+06 -3.9808e+00 +2.9100e+00 -3.5501e+00 +3.1038e+00 +2.7075e+00
229 +2.223157969e+06 +2.223157969e+06 +2.223195739e+06 +2.223195739e+06 -3.7656e+00 +3.0602e+00 -3.5522e+00 +2.9756e+00 +2.6310e+00
302 +1.912913598e+06 +1.912913598e+06 +1.912951368e+06 +1.912951368e+06 -3.8854e+00 +3.0974e+00 -3.4481e+00 +3.2777e+00 +2.5993e+00
347 +1.823160815e+06 +1.823160815e+06 +1.823198585e+06 +1.823198585e+06 -3.8964e+00 +3.0840e+00 -3.4881e+00 +3.0971e+00 +2.7019e+00
356 +1.669133266e+06 +1.669133266e+06 +1.669171036e+06 +1.669171036e+06 -3.8297e+00 +3.2636e+00 -3.5380e+00 +3.1294e+00 +2.9029e+00
373 +1.605001502e+06 +1.605001502e+06 +1.605039272e+06 +1.605039272e+06 -3.9036e+00 +3.1268e+00 -3.4615e+00 +3.1761e+00 +2.7716e+00
445 +1.488857648e+06 +1.488857648e+06 +1.488895418e+06 +1.488895418e+06 -3.9327e+00 +3.0309e+00 -3.3541e+00 +3.0855e+00 +3.0989e+00
446 +1.468413139e+06 +1.468413139e+06 +1.468450909e+06 +1.468450909e+06 -4.2133e+00 +3.2227e+00 -3.4497e+00 +3.0566e+00 +3.3765e+00
450 +1.304106465e+06 +1.304106465e+06 +1.304144235e+06 +1.304144235e+06 -3.8151e+00 +3.0828e+00 -3.3323e+00 +3.2841e+00 +3.0111e+00
470 +1.186029695e+06 +1.186029695e+06 +1.186067465e+06 +1.186067465e+06 -3.9445e+00 +3.1658e+00 -3.1847e+00 +2.8783e+00 +2.9294e+00
480 +6.950018409e+05 +6.950018409e+05 +6.950396109e+05 +6.950396109e+05 -4.0038e+00 +3.6517e+00 -3.2207e+00 +3.4584e+00 +2.9578e+00
491 +5.955291896e+05 +5.955291896e+05 +5.955669596e+05 +5.955669596e+05 -4.0143e+00 +3.4076e+00 -3.3029e+00 +3.4175e+00 +3.2597e+00
533 +5.320088454e+05 +5.320088454e+05 +5.320466154e+05 +5.320466154e+05 -3.9536e+00 +3.4818e+00 -3.2256e+00 +3.3657e+00 +3.0986e+00
557 +3.461229120e+05 +3.461229120e+05 +3.461606820e+05 +3.461606820e+05 -3.8330e+00 +3.4518e+00 -3.1238e+00 +3.6025e+00 +3.2637e+00
604 +1.439988569e+05 +1.439988569e+05 +1.440366269e+05 +1.440366269e+05 -3.9581e+00 +3.4908e+00 -2.8824e+00 +3.4034e+00 +3.3531e+00
659 +8.051775547e+04 +8.051775547e+04 +8.055552547e+04 +8.055552547e+04 -3.6882e+00 +3.4646e+00 -2.5902e+00 +3.2944e+00 +3.0783e+00
686 +7.165645050e+04 +7.165645050e+04 +7.169422050e+04 +7.169422050e+04 -3.7769e+00 +3.4497e+00 -2.5323e+00 +3.3879e+00 +3.2745e+00
719 +4.056776504e+04 +4.056776504e+04 +4.060553504e+04 +4.060553504e+04 -3.5575e+00 +3.4650e+00 -2.4492e+00 +3.3282e+00 +3.0914e+00
764 +2.972102169e+04 +2.972102169e+04 +2.975879169e+04 +2.975879169e+04 -3.6387e+00 +3.4217e+00 -2.5958e+00 +3.3421e+00 +3.1650e+00
788 +1.934238802e+04 +1.934238802e+04 +1.938015802e+04 +1.938015802e+04 -3.5729e+00 +3.4538e+00 -2.4726e+00 +3.3267e+00 +3.1442e+00
795 +1.595276678e+04 +1.595276678e+04 +1.599053678e+04 +1.599053678e+04 -3.5656e+00 +3.4259e+00 -2.5698e+00 +3.4024e+00 +3.1954e+00
823 +1.248500700e+04 +1.248500700e+04 +1.252277700e+04 +1.252277700e+04 -3.5355e+00 +3.4221e+00 -2.4589e+00 +3.2966e+00 +3.1502e+00
829 +5.033047245e+03 +5.033047245e+03 +5.070817245e+03 +5.070817245e+03 -3.5810e+00 +3.4332e+00 -2.5006e+00 +3.3795e+00 +3.2918e+00
904 +1.079560423e+03 +1.079560423e+03 +1.117330423e+03 +1.117330423e+03 -3.5655e+00 +3.4472e+00 -2.4900e+00 +3.3698e+00 +3.2393e+00
927 +4.172303389e+02 +4.172303389e+02 +4.550003389e+02 +4.550003389e+02 -3.5587e+00 +3.4412e+00 -2.4708e+00 +3.3694e+00 +3.2389e+00
1002 +4.090909707e+02 +4.090909707e+02 +4.468609707e+02 +4.468609707e+02 -3.5632e+00 +3.4449e+00 -2.4823e+00 +3.3781e+00 +3.2372e+00
1042 +3.938607066e+02 +3.938607066e+02 +4.316307066e+02 +4.316307066e+02 -3.5689e+00 +3.4520e+00 -2.4894e+00 +3.3971e+00 +3.2447e+00
1049 +1.099940711e+02 +1.099940711e+02 +1.477640711e+02 +1.477640711e+02 -3.5459e+00 +3.4402e+00 -2.4728e+00 +3.3779e+00 +3.2460e+00
1153 +8.563577857e+01 +8.563577857e+01 +1.234057786e+02 +1.234057786e+02 -3.5547e+00 +3.4436e+00 -2.4779e+00 +3.3810e+00 +3.2475e+00
1178 +7.008649046e+01 +7.008649046e+01 +1.078564905e+02 +1.078564905e+02 -3.5518e+00 +3.4438e+00 -2.4713e+00 +3.3822e+00 +3.2427e+00
1224 +5.356432501e+01 +5.356432501e+01 +9.133432501e+01 +9.133432501e+01 -3.5519e+00 +3.4437e+00 -2.4709e+00 +3.3824e+00 +3.2448e+00
1244 +5.138681710e+01 +5.138681710e+01 +8.915681710e+01 +8.915681710e+01 -3.5518e+00 +3.4422e+00 -2.4750e+00 +3.3825e+00 +3.2468e+00
1265 +4.703460024e+01 +4.703460024e+01 +8.480460024e+01 +8.480460024e+01 -3.5528e+00 +3.4441e+00 -2.4741e+00 +3.3827e+00 +3.2456e+00
1342 +4.282148035e+01 +4.282148035e+01 +8.059148035e+01 +8.059148035e+01 -3.5543e+00 +3.4464e+00 -2.4747e+00 +3.3866e+00 +3.2488e+00
1400 +4.042448280e+01 +4.042448280e+01 +7.819448280e+01 +7.819448280e+01 -3.5534e+00 +3.4446e+00 -2.4750e+00 +3.3850e+00 +3.2485e+00
1476 +3.961558191e+01 +3.961558191e+01 +7.738558191e+01 +7.738558191e+01 -3.5532e+00 +3.4448e+00 -2.4748e+00 +3.3851e+00 +3.2481e+00
% function evaluation | noise-free fitness - Fopt (6.054000000000e+01) | best noise-free fitness - Fopt | measured fitness | best measured fitness | x1 | x2...
1 +1.543379835e+07 +1.543379835e+07 +1.543385889e+07 +1.543385889e+07 +0.0000e+00 +0.0000e+00 +0.0000e+00 +0.0000e+00 +0.0000e+00
227 +1.222491994e+07 +1.222491994e+07 +1.222498048e+07 +1.222498048e+07 -6.6820e-01 +8.1253e-01 +9.2496e-02 +7.7159e-01 -4.3000e+00
252 +1.134636599e+07 +1.134636599e+07 +1.134642653e+07 +1.134642653e+07 -1.4854e+00 +7.2423e-01 -1.8539e-01 +8.2237e-01 -3.3664e+00
253 +1.102179407e+07 +1.102179407e+07 +1.102185461e+07 +1.102185461e+07 -1.6618e+00 +7.8008e-01 -2.3866e-02 +7.2673e-01 -2.3996e+00
257 +7.547257062e+06 +7.547257062e+06 +7.547317602e+06 +7.547317602e+06 -9.2397e-02 +7.5705e-01 +1.7588e-01 +7.8277e-01 -2.6208e+00
302 +5.197007948e+06 +5.197007948e+06 +5.197068488e+06 +5.197068488e+06 +1.2048e+00 +2.2692e+00 +3.3835e-01 +7.9562e-01 -2.5033e+00
336 +9.522121061e+05 +9.522121061e+05 +9.522726461e+05 +9.522726461e+05 +6.1986e-01 +2.4981e+00 -6.2321e-01 +8.6770e-01 -2.0270e+00
399 +5.766550032e+05 +5.766550032e+05 +5.767155432e+05 +5.767155432e+05 -1.0780e-01 +3.0050e+00 -9.0631e-02 +8.1853e-01 -1.8537e+00
443 +4.767491730e+05 +4.767491730e+05 +4.768097130e+05 +4.768097130e+05 +1.5933e-02 +3.2197e+00 -6.2594e-01 +8.2201e-01 -1.3524e+00
465 +1.608979612e+05 +1.608979612e+05 +1.609585012e+05 +1.609585012e+05 -1.2627e-01 +3.9199e+00 -1.0903e-01 +8.5109e-01 -1.1791e+00
545 +1.532240491e+04 +1.532240491e+04 +1.538294491e+04 +1.538294491e+04 -1.6356e-01 +3.8333e+00 +1.8171e-02 +8.1183e-01 -1.6028e+00
722 +6.584839198e+03 +6.584839198e+03 +6.645379198e+03 +6.645379198e+03 -1.9273e-01 +3.8138e+00 -3.4167e-02 +8.1534e-01 -1.4909e+00
797 +5.908227552e+03 +5.908227552e+03 +5.968767552e+03 +5.968767552e+03 -1.8885e-01 +3.8248e+00 +2.1931e-02 +8.3886e-01 -1.5426e+00
851 +4.227569282e+03 +4.227569282e+03 +4.288109282e+03 +4.288109282e+03 -2.6872e-01 +3.9458e+00 -8.5754e-03 +8.4392e-01 -1.5006e+00
872 +2.804214685e+03 +2.804214685e+03 +2.864754685e+03 +2.864754685e+03 -2.0438e-01 +3.8954e+00 -2.4289e-02 +8.5923e-01 -1.5247e+00
882 +1.631406512e+03 +1.631406512e+03 +1.691946512e+03 +1.691946512e+03 -2.1574e-01 +3.8910e+00 -2.2456e-02 +8.5645e-01 -1.5169e+00
906 +6.328206791e+02 +6.328206791e+02 +6.933606791e+02 +6.933606791e+02 -2.4104e-01 +3.9058e+00 +2.3846e-02 +8.3935e-01 -1.5198e+00
927 +5.340539008e+02 +5.340539008e+02 +5.945939008e+02 +5.945939008e+02 -2.4385e-01 +3.8945e+00 -6.9233e-03 +8.3317e-01 -1.5337e+00
934 +1.849341767e+02 +1.849341767e+02 +2.454741767e+02 +2.454741767e+02 -2.3910e-01 +3.8939e+00 +9.9896e-03 +8.5938e-01 -1.5294e+00
975 +1.346268191e+02 +1.346268191e+02 +1.951668191e+02 +1.951668191e+02 -2.4124e-01 +3.9040e+00 +2.1669e-02 +8.5475e-01 -1.5253e+00
1007 +1.205767324e+02 +1.205767324e+02 +1.811167324e+02 +1.811167324e+02 -2.4317e-01 +3.8915e+00 +1.3152e-02 +8.5088e-01 -1.5208e+00
1011 +1.182140382e+02 +1.182140382e+02 +1.787540382e+02 +1.787540382e+02 -2.3408e-01 +3.8896e+00 +1.5372e-02 +8.5279e-01 -1.5297e+00
1012 +8.101078717e+01 +8.101078717e+01 +1.415507872e+02 +1.415507872e+02 -2.3749e-01 +3.8910e+00 +4.5058e-03 +8.4238e-01 -1.5330e+00
1105 +6.172414882e+01 +6.172414882e+01 +1.222641488e+02 +1.222641488e+02 -2.3725e-01 +3.8894e+00 +1.1532e-02 +8.5079e-01 -1.5236e+00
1168 +4.345614216e+01 +4.345614216e+01 +1.039961422e+02 +1.039961422e+02 -2.3873e-01 +3.8912e+00 +1.2836e-02 +8.5060e-01 -1.5250e+00
1278 +3.952185592e+01 +3.952185592e+01 +1.000618559e+02 +1.000618559e+02 -2.3831e-01 +3.8909e+00 +1.1178e-02 +8.4779e-01 -1.5270e+00
1341 +3.889528249e+01 +3.889528249e+01 +9.943528249e+01 +9.943528249e+01 -2.3894e-01 +3.8913e+00 +1.3247e-02 +8.4881e-01 -1.5263e+00
% function evaluation | noise-free fitness - Fopt (7.079600000000e+02) | best noise-free fitness - Fopt | measured fitness | best measured fitness | x1 | x2...
1 +3.230507346e+07 +3.230507346e+07 +3.230578142e+07 +3.230578142e+07 +0.0000e+00 +0.0000e+00 +0.0000e+00 +0.0000e+00 +0.0000e+00
400 +2.927811215e+07 +2.927811215e+07 +2.927882011e+07 +2.927882011e+07 +2.4326e+00 +3.1226e+00 +3.6533e+00 +6.0227e+00 +5.0115e-01
419 +2.013871769e+07 +2.013871769e+07 +2.013942565e+07 +2.013942565e+07 +3.2344e+00 +1.5010e+00 +3.2068e+00 +5.2062e+00 +4.9895e-01
427 +1.400854339e+07 +1.400854339e+07 +1.400925135e+07 +1.400925135e+07 +2.1517e+00 +1.4249e-01 +3.0625e+00 +5.5517e+00 +5.1017e-01
485 +9.495250726e+06 +9.495250726e+06 +9.495958686e+06 +9.495958686e+06 +3.2203e+00 +1.7050e-01 +4.4490e+00 +6.7192e+00 +4.8716e-01
534 +9.297474879e+06 +9.297474879e+06 +9.298182839e+06 +9.298182839e+06 +2.9350e+00 -6.3190e-01 +3.7863e+00 +6.0531e+00 +4.5660e-01
546 +8.377959134e+06 +8.377959134e+06 +8.378667094e+06 +8.378667094e+06 +3.1501e+00 -3.6392e-01 +4.1335e+00 +6.3069e+00 +4.1387e-01
564 +4.891143942e+06 +4.891143942e+06 +4.891851902e+06 +4.891851902e+06 +3.8962e+00 -2.0379e+00 +4.1758e+00 +6.9832e+00 +4.4195e-01
578 +4.124647257e+06 +4.124647257e+06 +4.125355217e+06 +4.125355217e+06 +3.6587e+00 -2.0702e+00 +4.2392e+00 +6.8530e+00 +2.5774e-01
616 +3.506569448e+06 +3.506569448e+06 +3.507277408e+06 +3.507277408e+06 +3.8256e+00 -2.0678e+00 +4.5119e+00 +6.9500e+00 +2.7793e-01
637 +2.641859166e+06 +2.641859166e+06 +2.642567126e+06 +2.642567126e+06 +3.8551e+00 -2.2171e+00 +4.9095e+00 +6.7326e+00 +1.9768e-01
705 +2.591509726e+06 +2.591509726e+06 +2.592217686e+06 +2.592217686e+06 +4.2074e+00 -2.2603e+00 +4.7453e+00 +6.9645e+00 +2.1031e-01
706 +2.468987131e+06 +2.468987131e+06 +2.469695091e+06 +2.469695091e+06 +4.0540e+00 -2.0950e+00 +4.7527e+00 +6.8923e+00 +1.7953e-01
735 +2.210543490e+06 +2.210543490e+06 +2.211251450e+06 +2.211251450e+06 +4.0872e+00 -2.0022e+00 +4.8906e+00 +6.8815e+00 +1.7821e-01
758 +2.152993407e+06 +2.152993407e+06 +2.153701367e+06 +2.153701367e+06 +4.1302e+00 -2.1285e+00 +4.9136e+00 +6.9335e+00 +1.8383e-01
793 +1.616424508e+06 +1.616424508e+06 +1.617132468e+06 +1.617132468e+06 +4.1884e+00 -2.1193e+00 +5.0004e+00 +6.7515e+00 -2.6841e-02
827 +1.341207228e+06 +1.341207228e+06 +1.341915188e+06 +1.341915188e+06 +4.2272e+00 -2.3110e+00 +5.1951e+00 +6.9501e+00 -1.1576e-01
839 +8.575772607e+05 +8.575772607e+05 +8.582852207e+05 +8.582852207e+05 +4.3586e+00 -2.3356e+00 +5.5013e+00 +6.9638e+00 -8.9932e-03
843 +7.323914717e+05 +7.323914717e+05 +7.330994317e+05 +7.330994317e+05 +4.6663e+00 -1.9958e+00 +5.7722e+00 +7.0291e+00 -2.3632e-01
855 +2.995241791e+05 +2.995241791e+05 +3.002321391e+05 +3.002321391e+05 +4.6125e+00 -2.0686e+00 +5.9038e+00 +6.9616e+00 -1.7216e-01
1052 +2.847242469e+05 +2.847242469e+05 +2.854322069e+05 +2.854322069e+05 +4.3952e+00 -2.0785e+00 +5.8456e+00 +6.8596e+00 -1.7155e-01
1069 +2.261970500e+05 +2.261970500e+05 +2.269050100e+05 +2.269050100e+05 +4.3377e+00 -2.0174e+00 +5.9156e+00 +6.8135e+00 -2.2650e-01
1077 +2.134804765e+05 +2.134804765e+05 +2.141884365e+05 +2.141884365e+05 +4.3779e+00 -1.9926e+00 +5.9337e+00 +6.7981e+00 -2.3584e-01
1092 +2.025757957e+05 +2.025757957e+05 +2.032837557e+05 +2.032837557e+05 +4.3422e+00 -2.0055e+00 +5.8873e+00 +6.8163e+00 -2.8291e-01
1103 +1.878157068e+05 +1.878157068e+05 +1.885236668e+05 +1.885236668e+05 +4.3589e+00 -2.0099e+00 +5.9277e+00 +6.7523e+00 -2.6407e-01
1127 +1.794430030e+05 +1.794430030e+05 +1.801509630e+05 +1.801509630e+05 +4.3669e+00 -2.0037e+00 +5.9208e+00 +6.8018e+00 -2.7551e-01
1159 +1.765527254e+05 +1.765527254e+05 +1.772606854e+05 +1.772606854e+05 +4.3578e+00 -2.0147e+00 +6.0380e+00 +6.8059e+00 -2.5800e-01
1161 +1.438549008e+05 +1.438549008e+05 +1.445628608e+05 +1.445628608e+05 +4.3658e+00 -2.0064e+00 +6.1286e+00 +6.8220e+00 -3.5052e-01
1179 +1.377918382e+05 +1.377918382e+05 +1.384997982e+05 +1.384997982e+05 +4.3921e+00 -1.9966e+00 +6.0202e+00 +6.7932e+00 -2.9088e-01
1183 +1.219172124e+05 +1.219172124e+05 +1.226251724e+05 +1.226251724e+05 +4.3447e+00 -2.0271e+00 +6.0818e+00 +6.7828e+00 -4.0108e-01
1202 +9.227071885e+04 +9.227071885e+04 +9.297867885e+04 +9.297867885e+04 +4.4171e+00 -2.0788e+00 +6.0494e+00 +6.8063e+00 -3.0612e-01
1252 +8.406508958e+04 +8.406508958e+04 +8.477304958e+04 +8.477304958e+04 +4.3679e+00 -2.0544e+00 +6.0252e+00 +6.7548e+00 -3.7358e-01
1293 +8.294920305e+04 +8.294920305e+04 +8.365716305e+04 +8.365716305e+04 +4.3354e+00 -2.0653e+00 +6.0273e+00 +6.7471e+00 -3.8957e-01
1304 +5.538993138e+04 +5.538993138e+04 +5.609789138e+04 +5.609789138e+04 +4.3417e+00 -2.0789e+00 +6.0258e+00 +6.7026e+00 -3.8971e-01
1374 +4.811060890e+04 +4.811060890e+04 +4.881856890e+04 +4.881856890e+04 +4.3986e+00 -2.0928e+00 +6.0853e+00 +6.7330e+00 -3.6348e-01
1385 +4.045002804e+04 +4.045002804e+04 +4.115798804e+04 +4.115798804e+04 +4.3984e+00 -2.1655e+00 +6.0397e+00 +6.7171e+00 -3.6648e-01
1404 +3.902816485e+04 +3.902816485e+04 +3.973612485e+04 +3.973612485e+04 +4.4017e+00 -2.1749e+00 +6.0484e+00 +6.7359e+00 -3.5950e-01
1405 +3.308651862e+04 +3.308651862e+04 +3.379447862e+04 +3.379447862e+04 +4.4344e+00 -2.2017e+00 +6.0858e+00 +6.7186e+00 -4.1724e-01
1408 +2.961128907e+04 +2.961128907e+04 +3.031924907e+04 +3.031924907e+04 +4.4011e+00 -2.2085e+00 +6.0549e+00 +6.7212e+00 -3.7069e-01
1429 +1.927505265e+04 +1.927505265e+04 +1.998301265e+04 +1.998301265e+04 +4.4186e+00 -2.2324e+00 +6.1119e+00 +6.7277e+00 -3.7030e-01
1458 +1.827693920e+04 +1.827693920e+04 +1.898489920e+04 +1.898489920e+04 +4.4274e+00 -2.1948e+00 +6.2352e+00 +6.7287e+00 -4.2506e-01
1462 +9.567755541e+03 +9.567755541e+03 +1.027571554e+04 +1.027571554e+04 +4.4616e+00 -2.1965e+00 +6.1718e+00 +6.7262e+00 -4.0399e-01
1478 +7.404881566e+03 +7.404881566e+03 +8.112841566e+03 +8.112841566e+03 +4.5084e+00 -2.2210e+00 +6.2281e+00 +6.7324e+00 -3.9257e-01
% function evaluation | noise-free fitness - Fopt (1.118000000000e+01) | best noise-free fitness - Fopt | measured fitness | best measured fitness | x1 | x2...
1 +3.666151005e+07 +3.666151005e+07 +3.666152123e+07 +3.666152123e+07 +0.0000e+00 +0.0000e+00 +0.0000e+00 +0.0000e+00 +0.0000e+00
2 +1.186721237e+07 +1.186721237e+07 +1.186722355e+07 +1.186722355e+07 +3.0769e+00 -3.0382e+00 +3.4318e-01 -3.2552e-01 -2.1690e+00
4 +1.164583018e+07 +1.164583018e+07 +1.164584136e+07 +1.164584136e+07 +3.0589e+00 -3.0444e+00 +3.1091e-01 -3.1832e-01 -2.1556e+00
18 +1.147577334e+07 +1.147577334e+07 +1.147578452e+07 +1.147578452e+07 +3.0214e+00 -3.0387e+00 +3.0413e-01 -3.1548e-01 -2.1548e+00
55 +1.090146914e+07 +1.090146914e+07 +1.090148032e+07 +1.090148032e+07 +3.0613e+00 -3.0499e+00 +3.1256e-01 -3.0363e-01 -1.9762e+00
86 +1.040782975e+07 +1.040782975e+07 +1.040784093e+07 +1.040784093e+07 +3.0854e+00 -3.1868e+00 +2.2772e-01 -2.8025e-01 -1.9967e+00
105 +8.018213048e+06 +8.018213048e+06 +8.018224228e+06 +8.018224228e+06 +3.0211e+00 -3.4917e+00 +2.4114e-01 -2.4466e-01 -1.7075e+00
149 +7.247805127e+06 +7.247805127e+06 +7.247816307e+06 +7.247816307e+06 +3.0544e+00 -4.6284e+00 +1.5233e-01 -2.6326e-01 -1.9546e+00
157 +5.116365096e+06 +5.116365096e+06 +5.116376276e+06 +5.116376276e+06 +1.9737e+00 -3.4848e+00 +2.6741e-01 -2.4127e-01 -1.8596e+00
189 +4.989402683e+06 +4.989402683e+06 +4.989413863e+06 +4.989413863e+06 +2.8159e+00 -4.8054e+00 +5.2954e-02 -2.6452e-01 -1.6847e+00
206 +4.262329248e+06 +4.262329248e+06 +4.262340428e+06 +4.262340428e+06 +2.9073e+00 -4.0117e+00 -2.6765e-02 -2.5112e-01 -1.1028e+00
214 +3.717042110e+06 +3.717042110e+06 +3.717053290e+06 +3.717053290e+06 +2.8899e+00 -4.8434e+00 +1.2292e-01 -2.9319e-01 -1.3148e+00
221 +1.740828253e+06 +1.740828253e+06 +1.740839433e+06 +1.740839433e+06 -3.6935e-02 -4.4510e+00 -7.2350e-01 -2.8283e-01 -1.9408e+00
230 +8.095955446e+05 +8.095955446e+05 +8.096067246e+05 +8.096067246e+05 +2.5352e+00 -4.8339e+00 -5.6656e-01 -2.3250e-01 -6.4213e-01
277 +7.365908068e+05 +7.365908068e+05 +7.366019868e+05 +7.366019868e+05 +2.3838e+00 -5.5306e+00 -1.4278e-01 -3.6455e-01 -1.3889e-01
283 +5.908590394e+05 +5.908590394e+05 +5.908702194e+05 +5.908702194e+05 +2.3265e+00 -4.8442e+00 -1.0672e+00 -3.0567e-01 -5.4001e-01
307 +5.557204354e+05 +5.557204354e+05 +5.557316154e+05 +5.557316154e+05 +2.3827e+00 -4.7397e+00 -7.7595e-01 -2.4593e-01 -5.1905e-01
314 +4.805160719e+05 +4.805160719e+05 +4.805272519e+05 +4.805272519e+05 +1.8048e+00 -5.3220e+00 -2.2210e-01 -6.3960e-01 -4.2518e-01
318 +3.870616800e+05 +3.870616800e+05 +3.870728600e+05 +3.870728600e+05 +2.4152e+00 -5.0038e+00 -5.4080e-01 -2.8136e-01 -2.3195e-01
320 +2.575788659e+05 +2.575788659e+05 +2.575900459e+05 +2.575900459e+05 +2.2886e+00 -5.1536e+00 -8.0682e-01 -2.5896e-01 -4.7721e-01
383 +2.043428527e+05 +2.043428527e+05 +2.043540327e+05 +2.043540327e+05 +1.4489e+00 -4.9202e+00 -1.0120e+00 -4.3721e-01 -2.5456e-01
388 +1.378744781e+05 +1.378744781e+05 +1.378856581e+05 +1.378856581e+05 +1.6096e+00 -5.0710e+00 -9.3519e-01 -8.5549e-02 -2.3061e-01
405 +1.291350779e+05 +1.291350779e+05 +1.291462579e+05 +1.291462579e+05 +1.6514e+00 -4.9095e+00 -9.7556e-01 -3.6561e-01 -1.9351e-01
420 +7.156847820e+04 +7.156847820e+04 +7.157965820e+04 +7.157965820e+04 +1.8851e+00 -4.9603e+00 -8.5393e-01 -3.3305e-01 -1.5954e-01
479 +5.703481183e+04 +5.703481183e+04 +5.704599183e+04 +5.704599183e+04 +1.4736e+00 -5.0757e+00 -4.4632e-01 -4.1802e-01 -3.4291e-01
516 +2.624200603e+04 +2.624200603e+04 +2.625318603e+04 +2.625318603e+04 +1.4761e+00 -4.9399e+00 -4.3204e-01 -3.0571e-01 -3.4913e-01
565 +1.719916016e+04 +1.719916016e+04 +1.721034016e+04 +1.721034016e+04 +1.4676e+00 -4.8938e+00 -4.5466e-01 -3.1485e-01 -3.6956e-01
587 +9.458990358e+03 +9.458990358e+03 +9.470170358e+03 +9.470170358e+03 +1.4955e+00 -4.9659e+00 -5.0517e-01 -3.2918e-01 -3.7566e-01
611 +6.494794187e+03 +6.494794187e+03 +6.505974187e+03 +6.505974187e+03 +1.4382e+00 -4.8830e+00 -5.5785e-01 -2.9409e-01 -3.2676e-01
628 +5.380652741e+03 +5.380652741e+03 +5.391832741e+03 +5.391832741e+03 +1.3881e+00 -4.9471e+00 -5.6417e-01 -3.0697e-01 -3.7775e-01
646 +5.080697999e+03 +5.080697999e+03 +5.091877999e+03 +5.091877999e+03 +1.4222e+00 -4.9325e+00 -5.8281e-01 -3.3125e-01 -3.2667e-01
661 +4.957422176e+03 +4.957422176e+03 +4.968602176e+03 +4.968602176e+03 +1.3984e+00 -4.9313e+00 -5.4102e-01 -3.5631e-01 -3.6554e-01
680 +2.491390157e+03 +2.491390157e+03 +2.502570157e+03 +2.502570157e+03 +1.4768e+00 -4.9106e+00 -5.7763e-01 -3.4485e-01 -3.5592e-01
688 +2.442563576e+03 +2.442563576e+03 +2.453743576e+03 +2.453743576e+03 +1.3701e+00 -4.9027e+00 -5.4132e-01 -3.3623e-01 -3.6843e-01
693 +1.839667851e+03 +1.839667851e+03 +1.850847851e+03 +1.850847851e+03 +1.3818e+00 -4.9060e+00 -5.7331e-01 -3.2027e-01 -3.7471e-01
707 +8.987855870e+02 +8.987855870e+02 +9.099655870e+02 +9.099655870e+02 +1.3792e+00 -4.8820e+00 -5.4416e-01 -3.3777e-01 -3.8346e-01
737 +6.572774984e+02 +6.572774984e+02 +6.684574984e+02 +6.684574984e+02 +1.3984e+00 -4.9024e+00 -5.4531e-01 -3.2305e-01 -3.8406e-01
757 +2.879510834e+02 +2.879510834e+02 +2.991310834e+02 +2.991310834e+02 +1.3810e+00 -4.8794e+00 -5.3252e-01 -3.0724e-01 -3.9690e-01
804 +2.122992064e+02 +2.122992064e+02 +2.234792064e+02 +2.234792064e+02 +1.3955e+00 -4.8796e+00 -5.4993e-01 -3.1883e-01 -4.0041e-01
865 +1.248271968e+02 +1.248271968e+02 +1.360071968e+02 +1.360071968e+02 +1.3824e+00 -4.8737e+00 -5.4141e-01 -3.2278e-01 -3.9815e-01
884 +2.673690283e+01 +2.673690283e+01 +3.791690283e+01 +3.791690283e+01 +1.3794e+00 -4.8691e+00 -5.4091e-01 -3.1516e-01 -3.9740e-01
968 +2.535378355e+01 +2.535378355e+01 +3.653378355e+01 +3.653378355e+01 +1.3771e+00 -4.8705e+00 -5.4069e-01 -3.1632e-01 -3.9665e-01
1000 +2.506140815e+01 +2.506140815e+01 +3.624140815e+01 +3.624140815e+01 +1.3800e+00 -4.8718e+00 -5.4157e-01 -3.1609e-01 -3.9700e-01
1010 +2.433574239e+01 +2.433574239e+01 +3.551574239e+01 +3.551574239e+01 +1.3736e+00 -4.8691e+00 -5.4461e-01 -3.1586e-01 -3.9613e-01
1090 +1.756695827e+01 +1.756695827e+01 +2.874695827e+01 +2.874695827e+01 +1.3784e+00 -4.8719e+00 -5.4396e-01 -3.1583e-01 -3.9580e-01
1156 +1.729067137e+01 +1.729067137e+01 +2.847067137e+01 +2.847067137e+01 +1.3786e+00 -4.8715e+00 -5.4394e-01 -3.1619e-01 -3.9665e-01
1170 +1.669404470e+01 +1.669404470e+01 +2.787404470e+01 +2.787404470e+01 +1.3774e+00 -4.8710e+00 -5.4385e-01 -3.1613e-01 -3.9680e-01
1186 +1.476584437e+01 +1.476584437e+01 +2.594584437e+01 +2.594584437e+01 +1.3764e+00 -4.8699e+00 -5.4357e-01 -3.1577e-01 -3.9688e-01
1251 +1.422248101e+01 +1.422248101e+01 +2.540248101e+01 +2.540248101e+01 +1.3777e+00 -4.8702e+00 -5.4369e-01 -3.1564e-01 -3.9692e-01
1310 +1.376516636e+01 +1.376516636e+01 +2.494516636e+01 +2.494516636e+01 +1.3783e+00 -4.8708e+00 -5.4443e-01 -3.1504e-01 -3.9660e-01
1370 +1.341398757e+01 +1.341398757e+01 +2.459398757e+01 +2.459398757e+01 +1.3784e+00 -4.8703e+00 -5.4431e-01 -3.1489e-01 -3.9705e-01
1408 +1.294435115e+01 +1.294435115e+01 +2.412435115e+01 +2.412435115e+01 +1.3778e+00 -4.8701e+00 -5.4377e-01 -3.1478e-01 -3.9697e-01
% function evaluation | noise-free fitness - Fopt (1.818000000000e+01) | best noise-free fitness - Fopt | measured fitness | best measured fitness | x1 | x2...
1 +2.456697174e+07 +2.456697174e+07 +2.456698992e+07 +2.456698992e+07 +0.0000e+00 +0.0000e+00 +0.0000e+00 +0.0000e+00 +0.0000e+00
605 +2.374717294e+07 +2.374717294e+07 +2.374719112e+07 +2.374719112e+07 +6.4567e-01 +3.8488e+00 -9.7575e-01 +1.6895e+00 +3.2288e+00
610 +2.255098847e+07 +2.255098847e+07 +2.255100665e+07 +2.255100665e+07 +8.2658e-01 +3.4868e+00 +5.1774e-01 +1.4484e+00 +2.9301e+00
615 +1.933890894e+07 +1.933890894e+07 +1.933892712e+07 +1.933892712e+07 +8.9792e-01 +3.2968e+00 +3.4704e-01 +2.4359e+00 +3.1198e+00
619 +1.666960568e+07 +1.666960568e+07 +1.666962386e+07 +1.666962386e+07 +6.9121e-01 +2.6699e+00 -2.2510e-01 +1.3036e+00 +3.4102e+00
635 +1.636145916e+07 +1.636145916e+07 +1.636147734e+07 +1.636147734e+07 +5.5110e-01 +2.8748e+00 -3.7071e-01 +2.4004e+00 +1.3925e+00
658 +1.298471550e+07 +1.298471550e+07 +1.298473368e+07 +1.298473368e+07 +4.9936e-01 +2.0911e+00 -1.1158e-01 +2.9265e+00 +3.1271e+00
667 +9.359581332e+06 +9.359581332e+06 +9.359599512e+06 +9.359599512e+06 +8.9039e-01 +1.3088e+00 -1.5625e+00 +1.0354e+00 +2.4119e+00
678 +8.573420294e+06 +8.573420294e+06 +8.573438474e+06 +8.573438474e+06 +7.2665e-01 +8.4363e-01 -1.7695e+00 +4.6920e+00 +2.9946e+00
684 +7.742465285e+06 +7.742465285e+06 +7.742483465e+06 +7.742483465e+06 +5.3477e-01 +6.7676e-01 -2.5014e+00 +4.4399e+00 +2.7724e+00
687 +5.965624172e+06 +5.965624172e+06 +5.965642352e+06 +5.965642352e+06 +9.8811e-01 +1.3638e+00 -1.0723e+00 +3.0056e+00 +2.7023e+00
693 +3.777578529e+06 +3.777578529e+06 +3.777596709e+06 +3.777596709e+06 +1.0158e+00 +1.9808e-02 -1.0227e+00 +3.0760e+00 +2.2203e+00
745 +3.625123886e+06 +3.625123886e+06 +3.625142066e+06 +3.625142066e+06 +9.7906e-01 -1.4235e-01 -1.5143e+00 +2.6966e+00 +2.5593e+00
754 +3.442089747e+06 +3.442089747e+06 +3.442107927e+06 +3.442107927e+06 +1.0332e+00 +3.8078e-01 -1.6604e+00 +3.1666e+00 +2.5966e+00
783 +2.436202686e+06 +2.436202686e+06 +2.436220866e+06 +2.436220866e+06 +1.4183e+00 -5.1928e-01 -1.4155e+00 +3.2557e+00 +2.6325e+00
814 +1.839253050e+06 +1.839253050e+06 +1.839271230e+06 +1.839271230e+06 +1.6727e+00 +5.4113e-01 -1.5459e+00 +3.1328e+00 +2.5915e+00
832 +4.158826169e+05 +4.158826169e+05 +4.159007969e+05 +4.159007969e+05 +2.2462e+00 -2.0583e-01 -1.6083e+00 +2.7525e+00 +2.3731e+00
888 +4.027507839e+05 +4.027507839e+05 +4.027689639e+05 +4.027689639e+05 +2.4835e+00 -1.5591e-01 -1.6018e+00 +2.8435e+00 +1.6957e+00
895 +1.566998263e+05 +1.566998263e+05 +1.567180063e+05 +1.567180063e+05 +2.7844e+00 -1.3622e-01 -2.1369e+00 +3.2913e+00 +2.3242e+00
944 +6.558429322e+04 +6.558429322e+04 +6.560247322e+04 +6.560247322e+04 +2.8624e+00 -1.5987e-01 -1.5991e+00 +2.9254e+00 +2.0387e+00
1006 +5.328783859e+04 +5.328783859e+04 +5.330601859e+04 +5.330601859e+04 +2.6983e+00 +1.1988e-01 -1.8733e+00 +2.8986e+00 +2.1301e+00
1009 +4.831777681e+04 +4.831777681e+04 +4.833595681e+04 +4.833595681e+04 +2.7108e+00 -1.0711e-01 -1.7946e+00 +3.3155e+00 +2.0784e+00
1017 +1.914471252e+04 +1.914471252e+04 +1.916289252e+04 +1.916289252e+04 +2.7511e+00 -3.8181e-02 -1.9531e+00 +2.9840e+00 +2.1421e+00
1020 +1.240335424e+04 +1.240335424e+04 +1.242153424e+04 +1.242153424e+04 +2.6749e+00 -2.4415e-02 -1.9000e+00 +3.1035e+00 +2.0182e+00
1046 +3.510558201e+03 +3.510558201e+03 +3.528738201e+03 +3.528738201e+03 +2.7454e+00 -2.0021e-02 -1.8601e+00 +3.0551e+00 +2.0678e+00
1056 +1.977829384e+03 +1.977829384e+03 +1.996009384e+03 +1.996009384e+03 +2.7927e+00 +4.1835e-03 -1.8766e+00 +3.0480e+00 +2.0646e+00
1238 +1.607926215e+03 +1.607926215e+03 +1.626106215e+03 +1.626106215e+03 +2.7612e+00 -6.6876e-03 -1.8872e+00 +3.1226e+00 +2.1116e+00
1292 +5.009155885e+02 +5.009155885e+02 +5.190955885e+02 +5.190955885e+02 +2.7739e+00 -1.6100e-02 -1.8568e+00 +3.0594e+00 +2.1204e+00
1348 +1.579990620e+02 +1.579990620e+02 +1.761790620e+02 +1.761790620e+02 +2.7757e+00 +4.1449e-03 -1.8762e+00 +3.0916e+00 +2.0930e+00
1458 +2.000833680e+01 +2.000833680e+01 +3.818833680e+01 +3.818833680e+01 +2.7886e+00 -1.1076e-02 -1.8704e+00 +3.0844e+00 +2.0978e+00
% function evaluation | noise-free fitness - Fopt (1.089300000000e+02) | best noise-free fitness - Fopt | measured fitness | best measured fitness | x1 | x2...
1 +4.297618610e+07 +4.297618610e+07 +4.297629503e+07 +4.297629503e+07 +0.0000e+00 +0.0000e+00 +0.0000e+00 +0.0000e+00 +0.0000e+00
2 +3.728490471e+07 +3.728490471e+07 +3.728501364e+07 +3.728501364e+07 +1.9637e+00 +3.3300e+00 +3.1929e+00 -6.1977e-02 +2.1797e-01
11 +3.704313460e+07 +3.704313460e+07 +3.704324353e+07 +3.704324353e+07 +1.9910e+00 +3.3296e+00 +3.1164e+00 -8.2571e-02 +2.0923e-01
79 +3.621453584e+07 +3.621453584e+07 +3.621464477e+07 +3.621464477e+07 +2.1379e+00 +3.3232e+00 +3.1586e+00 -4.0525e-02 +2.0343e-01
119 +3.529936549e+07 +3.529936549e+07 +3.529947442e+07 +3.529947442e+07 +2.1787e+00 +3.3245e+00 +2.9164e+00 +1.1646e-01 +1.9703e-01
120 +3.407609827e+07 +3.407609827e+07 +3.407620720e+07 +3.407620720e+07 +2.5936e+00 +3.3218e+00 +3.0222e+00 +4.4074e-02 +2.8913e-01
153 +3.262320246e+07 +3.262320246e+07 +3.262331139e+07 +3.262331139e+07 +3.2438e+00 +3.3116e+00 +2.9749e+00 +2.5516e-02 +1.9353e-01
158 +3.136782372e+07 +3.136782372e+07 +3.136793265e+07 +3.136793265e+07 +3.5149e+00 +3.3195e+00 +3.0544e+00 +2.3804e-01 +6.1767e-01
184 +3.073837944e+07 +3.073837944e+07 +3.073848837e+07 +3.073848837e+07 +4.0545e+00 +3.3147e+00 +2.9766e+00 +3.5018e-01 +3.2130e-01
211 +2.838059081e+07 +2.838059081e+07 +2.838069974e+07 +2.838069974e+07 +4.0409e+00 +3.3183e+00 +3.6040e+00 +1.3263e+00 +3.7600e-01
227 +2.613268260e+07 +2.613268260e+07 +2.613279153e+07 +2.613279153e+07 +4.2502e+00 +3.3159e+00 +3.5991e+00 +1.7466e+00 +1.6820e+00
328 +2.536896781e+07 +2.536896781e+07 +2.536907674e+07 +2.536907674e+07 +6.3845e+00 +3.2742e+00 +3.4144e+00 +1.7046e+00 +2.4897e+00
337 +2.465788716e+07 +2.465788716e+07 +2.465799609e+07 +2.465799609e+07 +4.7789e+00 +3.3249e+00 +3.8942e+00 +2.0046e+00 +2.0479e+00
380 +2.422031216e+07 +2.422031216e+07 +2.422042109e+07 +2.422042109e+07 +5.1329e+00 +3.2930e+00 +3.9295e+00 +2.2471e+00 +1.7140e+00
386 +2.315481222e+07 +2.315481222e+07 +2.315492115e+07 +2.315492115e+07 +5.6508e+00 +3.2757e+00 +3.9962e+00 +1.8507e+00 +2.5827e+00
446 +2.289621173e+07 +2.289621173e+07 +2.289632066e+07 +2.289632066e+07 +5.3899e+00 +3.2268e+00 +3.8604e+00 +2.0456e+00 +2.2736e+00
452 +2.213235371e+07 +2.213235371e+07 +2.213246264e+07 +2.213246264e+07 +5.5094e+00 +3.1606e+00 +4.5707e+00 +1.9892e+00 +2.4513e+00
486 +2.170761493e+07 +2.170761493e+07 +2.170772386e+07 +2.170772386e+07 +5.4297e+00 +3.1332e+00 +3.9122e+00 +2.1065e+00 +2.5261e+00
512 +2.091978316e+07 +2.091978316e+07 +2.091989209e+07 +2.091989209e+07 +5.5222e+00 +3.0239e+00 +3.8544e+00 +1.9805e+00 +2.5180e+00
517 +2.081525185e+07 +2.081525185e+07 +2.081536078e+07 +2.081536078e+07 +5.4582e+00 +3.0021e+00 +4.5606e+00 +2.2265e+00 +2.2488e+00
534 +2.005273197e+07 +2.005273197e+07 +2.005284090e+07 +2.005284090e+07 +5.9270e+00 +2.7523e+00 +4.1494e+00 +2.0638e+00 +1.8021e+00
537 +1.827625784e+07 +1.827625784e+07 +1.827636677e+07 +1.827636677e+07 +5.5007e+00 +2.7353e+00 +3.8543e+00 +2.1169e+00 +2.4891e+00
559 +1.811954188e+07 +1.811954188e+07 +1.811965081e+07 +1.811965081e+07 +5.6694e+00 +2.8135e+00 +4.3512e+00 +2.1099e+00 +2.8461e+00
569 +1.595362542e+07 +1.595362542e+07 +1.595373435e+07 +1.595373435e+07 +5.3714e+00 +2.3921e+00 +4.8042e+00 +2.3142e+00 +2.3479e+00
583 +1.118531116e+07 +1.118531116e+07 +1.118542009e+07 +1.118542009e+07 +5.5542e+00 +1.7932e+00 +3.8124e+00 +2.2381e+00 +2.7438e+00
608 +1.089768964e+07 +1.089768964e+07 +1.089779857e+07 +1.089779857e+07 +5.3632e+00 +1.7645e+00 +5.0326e+00 +2.3141e+00 +3.1803e+00
629 +1.024369119e+07 +1.024369119e+07 +1.024380012e+07 +1.024380012e+07 +5.3163e+00 +1.7184e+00 +4.5443e+00 +2.1971e+00 +3.8115e+00
654 +7.789536619e+06 +7.789536619e+06 +7.789645549e+06 +7.789645549e+06 +5.3113e+00 +2.7143e-02 +5.7243e+00 +1.0262e+00 +2.8397e+00
655 +6.966267132e+06 +6.966267132e+06 +6.966376062e+06 +6.966376062e+06 +5.4629e+00 +9.2096e-01 +4.4599e+00 +1.6384e+00 +3.2967e+00
662 +3.790431648e+06 +3.790431648e+06 +3.790540578e+06 +3.790540578e+06 +5.7619e+00 -2.6434e+00 +5.2845e+00 +1.9202e+00 +2.5856e+00
678 +1.996745079e+06 +1.996745079e+06 +1.996854009e+06 +1.996854009e+06 +5.8616e+00 -1.2726e+00 +4.9699e+00 +1.8049e+00 +3.0266e+00
681 +1.805007693e+06 +1.805007693e+06 +1.805116623e+06 +1.805116623e+06 +5.9169e+00 -9.4237e-01 +4.8813e+00 +1.9248e+00 +3.2727e+00
697 +1.176303806e+06 +1.176303806e+06 +1.176412736e+06 +1.176412736e+06 +5.6840e+00 -1.6333e+00 +4.9553e+00 +2.2763e+00 +3.0806e+00
733 +1.095036818e+06 +1.095036818e+06 +1.095145748e+06 +1.095145748e+06 +5.4823e+00 -1.2353e+00 +4.4769e+00 +2.4176e+00 +4.2408e+00
742 +7.481756375e+05 +7.481756375e+05 +7.482845675e+05 +7.482845675e+05 +5.9867e+00 -1.6610e+00 +4.3142e+00 +2.2486e+00 +2.8434e+00
750 +5.392413467e+05 +5.392413467e+05 +5.393502767e+05 +5.393502767e+05 +5.6997e+00 -1.6352e+00 +4.6220e+00 +2.6240e+00 +2.8660e+00
766 +3.810606490e+05 +3.810606490e+05 +3.811695790e+05 +3.811695790e+05 +5.8396e+00 -1.5414e+00 +4.4025e+00 +3.0154e+00 +3.1381e+00
773 +9.007568899e+04 +9.007568899e+04 +9.018461899e+04 +9.018461899e+04 +5.5541e+00 -1.4599e+00 +4.4731e+00 +2.7002e+00 +3.4703e+00
914 +6.589471846e+04 +6.589471846e+04 +6.600364846e+04 +6.600364846e+04 +5.7400e+00 -1.5393e+00 +4.5436e+00 +2.9182e+00 +3.5059e+00
959 +4.602012225e+04 +4.602012225e+04 +4.612905225e+04 +4.612905225e+04 +5.5153e+00 -1.5607e+00 +4.4086e+00 +2.8194e+00 +3.2544e+00
1003 +2.622284618e+04 +2.622284618e+04 +2.633177618e+04 +2.633177618e+04 +5.5991e+00 -1.5193e+00 +4.3807e+00 +2.7980e+00 +3.3071e+00
1036 +2.251898295e+04 +2.251898295e+04 +2.262791295e+04 +2.262791295e+04 +5.5890e+00 -1.3101e+00 +4.3368e+00 +2.8601e+00 +3.1758e+00
1050 +9.324585483e+03 +9.324585483e+03 +9.433515483e+03 +9.433515483e+03 +5.5426e+00 -1.4649e+00 +4.3339e+00 +2.7745e+00 +3.2317e+00
1162 +6.598945904e+02 +6.598945904e+02 +7.688245904e+02 +7.688245904e+02 +5.6215e+00 -1.3654e+00 +4.3859e+00 +2.8053e+00 +3.3242e+00
1256 +5.763872052e+02 +5.763872052e+02 +6.853172052e+02 +6.853172052e+02 +5.6165e+00 -1.3660e+00 +4.3785e+00 +2.8138e+00 +3.3037e+00
1347 +3.339939332e+02 +3.339939332e+02 +4.429239332e+02 +4.429239332e+02 +5.5955e+00 -1.3581e+00 +4.3682e+00 +2.8051e+00 +3.2744e+00
1445 +2.977742018e+02 +2.977742018e+02 +4.067042018e+02 +4.067042018e+02 +5.5870e+00 -1.3585e+00 +4.3624e+00 +2.8018e+00 +3.2787e+00
1451 +2.814153855e+02 +2.814153855e+02 +3.903453855e+02 +3.903453855e+02 +5.5930e+00 -1.3699e+00 +4.3680e+00 +2.8014e+00 +3.2769e+00
1465 +2.705732219e+02 +2.705732219e+02 +3.795032219e+02 +3.795032219e+02 +5.5920e+00 -1.3655e+00 +4.3751e+00 +2.8016e+00 +3.2909e+00
1484 +2.333527828e+02 +2.333527828e+02 +3.422827828e+02 +3.422827828e+02 +5.5902e+00 -1.3625e+00 +4.3671e+00 +2.8027e+00 +3.2858e+00
% function evaluation | noise-free fitness - Fopt (1.966000000000e+01) | best noise-free fitness - Fopt | measured fitness | best measured fitness | x1 | x2...
1 +5.144350768e+07 +5.144350768e+07 +5.144352734e+07 +5.144352734e+07 +0.0000e+00 +0.0000e+00 +0.0000e+00 +0.0000e+00 +0.0000e+00
354 +4.173972754e+07 +4.173972754e+07 +4.173974720e+07 +4.173974720e+07 +1.3085e+01 +3.0384e+00 -2.9344e-01 -1.4955e+00 +1.1651e-01
366 +4.104792373e+07 +4.104792373e+07 +4.104794339e+07 +4.104794339e+07 +1.3528e+01 +3.5216e+00 +1.0621e+00 -7.1905e-01 -1.1247e+00
405 +3.330412453e+07 +3.330412453e+07 +3.330414419e+07 +3.330414419e+07 +1.7034e+01 +3.4872e+00 +1.4490e+00 -1.4945e+00 -4.0068e-01
436 +3.164971527e+07 +3.164971527e+07 +3.164973493e+07 +3.164973493e+07 +1.6244e+01 +3.6486e+00 +4.1160e+00 -7.7439e-01 -6.4692e-01
453 +3.109170379e+07 +3.109170379e+07 +3.109172345e+07 +3.109172345e+07 +1.6224e+01 +3.7394e+00 +3.4259e+00 -8.5422e-01 -4.5890e-01
457 +2.861361863e+07 +2.861361863e+07 +2.861363829e+07 +2.861363829e+07 +1.5801e+01 +3.5372e+00 +3.1235e+00 -2.2232e+00 +6.0328e-02
458 +2.321855821e+07 +2.321855821e+07 +2.321857787e+07 +2.321857787e+07 +1.6364e+01 +3.8594e+00 +2.3333e+00 -4.5144e+00 -2.6005e+00
477 +2.175837618e+07 +2.175837618e+07 +2.175839584e+07 +2.175839584e+07 +1.5599e+01 +2.9376e+00 +4.9536e-01 -3.6802e+00 -1.0404e+00
489 +1.643077814e+07 +1.643077814e+07 +1.643079780e+07 +1.643079780e+07 +1.6048e+01 +2.0828e+00 +1.4266e+00 -2.4270e+00 -3.6478e-01
508 +9.646661926e+06 +9.646661926e+06 +9.646681586e+06 +9.646681586e+06 +1.5969e+01 +1.9004e+00 +2.8467e+00 -1.4403e+00 -9.2598e-01
543 +7.697348878e+06 +7.697348878e+06 +7.697368538e+06 +7.697368538e+06 +1.4648e+01 +1.7637e+00 +2.9735e+00 -3.4432e+00 -1.6158e+00
554 +7.008611043e+06 +7.008611043e+06 +7.008630703e+06 +7.008630703e+06 +1.5494e+01 +1.7406e+00 +2.2307e+00 -2.1689e+00 -1.4047e+00
577 +5.456035086e+06 +5.456035086e+06 +5.456054746e+06 +5.456054746e+06 +1.5309e+01 +1.6639e+00 +2.4265e+00 -2.1960e+00 -1.6050e+00
588 +4.759987853e+06 +4.759987853e+06 +4.760007513e+06 +4.760007513e+06 +1.5764e+01 +3.9574e-01 +2.2549e+00 -1.7879e+00 -1.8175e+00
618 +4.024236709e+06 +4.024236709e+06 +4.024256369e+06 +4.024256369e+06 +1.5166e+01 +9.0386e-01 +2.4326e+00 -1.6337e+00 -2.2241e+00
625 +2.865314069e+06 +2.865314069e+06 +2.865333729e+06 +2.865333729e+06 +1.5531e+01 +7.6491e-01 +2.6183e+00 -1.9572e+00 -2.0322e+00
627 +2.621985598e+06 +2.621985598e+06 +2.622005258e+06 +2.622005258e+06 +1.5279e+01 -2.3870e-02 +2.2076e+00 -2.5894e+00 -3.1544e+00
655 +2.381631728e+06 +2.381631728e+06 +2.381651388e+06 +2.381651388e+06 +1.5184e+01 +1.8370e-02 +2.5539e+00 -1.8919e+00 -2.0295e+00
665 +1.194100180e+06 +1.194100180e+06 +1.194119840e+06 +1.194119840e+06 +1.5656e+01 +4.4527e-01 +2.9471e+00 -2.0204e+00 -2.7409e+00
695 +9.605733216e+05 +9.605733216e+05 +9.605929816e+05 +9.605929816e+05 +1.5432e+01 +5.9588e-01 +3.1301e+00 -1.9303e+00 -2.8336e+00
701 +6.344984326e+05 +6.344984326e+05 +6.345180926e+05 +6.345180926e+05 +1.4188e+01 +3.0900e-01 +2.7737e+00 -2.0509e+00 -2.3724e+00
702 +2.615060210e+05 +2.615060210e+05 +2.615256810e+05 +2.615256810e+05 +1.4863e+01 +3.1182e-01 +3.5757e+00 -2.2504e+00 -3.0725e+00
731 +1.660311913e+05 +1.660311913e+05 +1.660508513e+05 +1.660508513e+05 +1.4407e+01 +4.3884e-02 +2.8986e+00 -2.3849e+00 -3.1364e+00
779 +7.598213110e+04 +7.598213110e+04 +7.600179110e+04 +7.600179110e+04 +1.3631e+01 +2.4823e-01 +2.8626e+00 -2.3267e+00 -2.8019e+00
878 +6.733557994e+04 +6.733557994e+04 +6.735523994e+04 +6.735523994e+04 +1.3417e+01 -2.3836e-01 +2.9163e+00 -2.3117e+00 -2.7374e+00
891 +6.478467765e+04 +6.478467765e+04 +6.480433765e+04 +6.480433765e+04 +1.3104e+01 -1.6536e-02 +2.9054e+00 -2.1155e+00 -2.7478e+00
910 +2.827558521e+04 +2.827558521e+04 +2.829524521e+04 +2.829524521e+04 +1.3560e+01 -1.7388e-01 +2.8614e+00 -2.3219e+00 -2.7764e+00
950 +1.944039473e+04 +1.944039473e+04 +1.946005473e+04 +1.946005473e+04 +1.3591e+01 -1.3685e-01 +2.8627e+00 -2.3835e+00 -2.8190e+00
998 +1.113190819e+04 +1.113190819e+04 +1.115156819e+04 +1.115156819e+04 +1.3844e+01 +4.9611e-02 +2.8994e+00 -2.4449e+00 -2.8819e+00
1033 +1.062876706e+04 +1.062876706e+04 +1.064842706e+04 +1.064842706e+04 +1.3731e+01 +5.7597e-02 +2.8717e+00 -2.4252e+00 -2.9070e+00
1052 +7.545482583e+03 +7.545482583e+03 +7.565142583e+03 +7.565142583e+03 +1.3914e+01 +6.8867e-02 +2.9375e+00 -2.3689e+00 -2.9505e+00
1093 +7.281646217e+03 +7.281646217e+03 +7.301306217e+03 +7.301306217e+03 +1.3906e+01 +9.4453e-02 +2.9996e+00 -2.3448e+00 -2.8929e+00
1100 +4.048047030e+03 +4.048047030e+03 +4.067707030e+03 +4.067707030e+03 +1.3908e+01 +3.4256e-02 +2.9652e+00 -2.4296e+00 -2.9777e+00
1120 +3.015162069e+03 +3.015162069e+03 +3.034822069e+03 +3.034822069e+03 +1.3904e+01 +3.3949e-02 +2.9493e+00 -2.3730e+00 -2.9462e+00
1123 +2.756659671e+03 +2.756659671e+03 +2.776319671e+03 +2.776319671e+03 +1.3884e+01 +4.6574e-02 +2.9465e+00 -2.4176e+00 -2.9212e+00
1152 +1.306419238e+03 +1.306419238e+03 +1.326079238e+03 +1.326079238e+03 +1.3849e+01 +4.5783e-02 +2.9589e+00 -2.3880e+00 -2.9507e+00
1168 +9.177791265e+02 +9.177791265e+02 +9.374391265e+02 +9.374391265e+02 +1.3835e+01 +4.9376e-02 +2.9682e+00 -2.3884e+00 -2.9339e+00
1226 +6.693629318e+02 +6.693629318e+02 +6.890229318e+02 +6.890229318e+02 +1.3895e+01 +3.6955e-02 +2.9741e+00 -2.3950e+00 -2.9439e+00
1298 +6.387530696e+02 +6.387530696e+02 +6.584130696e+02 +6.584130696e+02 +1.3889e+01 +4.7898e-02 +2.9712e+00 -2.3968e+00 -2.9406e+00
1305 +6.192388686e+02 +6.192388686e+02 +6.388988686e+02 +6.388988686e+02 +1.3886e+01 +4.6454e-02 +2.9677e+00 -2.3965e+00 -2.9414e+00
1329 +5.788548580e+02 +5.788548580e+02 +5.985148580e+02 +5.985148580e+02 +1.3893e+01 +5.2664e-02 +2.9709e+00 -2.3862e+00 -2.9486e+00
1359 +5.535467836e+02 +5.535467836e+02 +5.732067836e+02 +5.732067836e+02 +1.3891e+01 +3.9920e-02 +2.9679e+00 -2.3934e+00 -2.9430e+00
1362 +5.290427924e+02 +5.290427924e+02 +5.487027924e+02 +5.487027924e+02 +1.3887e+01 +4.8941e-02 +2.9700e+00 -2.3938e+00 -2.9418e+00
1363 +4.491043711e+02 +4.491043711e+02 +4.687643711e+02 +4.687643711e+02 +1.3886e+01 +4.4278e-02 +2.9681e+00 -2.3905e+00 -2.9413e+00
1388 +4.138345018e+02 +4.138345018e+02 +4.334945018e+02 +4.334945018e+02 +1.3880e+01 +4.8628e-02 +2.9718e+00 -2.3841e+00 -2.9429e+00
1427 +3.914148548e+02 +3.914148548e+02 +4.110748548e+02 +4.110748548e+02 +1.3894e+01 +4.8851e-02 +2.9698e+00 -2.3860e+00 -2.9414e+00
1448 +3.762973045e+02 +3.762973045e+02 +3.959573045e+02 +3.959573045e+02 +1.3877e+01 +4.4749e-02 +2.9696e+00 -2.3868e+00 -2.9377e+00
1488 +3.359897891e+02 +3.359897891e+02 +3.556497891e+02 +3.556497891e+02 +1.3891e+01 +4.5909e-02 +2.9706e+00 -2.3846e+00 -2.9369e+00
% function evaluation | noise-free fitness - Fopt (-3.538000000000e+02) | best noise-free fitness - Fopt | measured fitness | best measured fitness | x1 | x2...
1 +8.569639124e+07 +8.569639124e+07 +8.569603744e+07 +8.569603744e+07 +0.0000e+00 +0.0000e+00 +0.0000e+00 +0.0000e+00 +0.0000e+00
114 +7.266031634e+07 +7.266031634e+07 +7.265996254e+07 +7.265996254e+07 -3.7600e-01 -3.6661e-01 -2.7590e+00 +2.3548e+00 +2.1642e+00
139 +1.557805120e+07 +1.557805120e+07 +1.557769740e+07 +1.557769740e+07 -1.9713e+00 -2.6736e-01 -4.1866e+00 +2.1594e+00 +2.0256e+00
140 +8.378257689e+06 +8.378257689e+06 +8.377903889e+06 +8.377903889e+06 -4.4459e+00 -2.8400e-01 -4.1157e+00 +2.2045e+00 +2.0502e+00
154 +5.360427288e+06 +5.360427288e+06 +5.360073488e+06 +5.360073488e+06 -5.0296e+00 -3.5340e-01 -3.2082e+00 +2.1311e+00 +2.1867e+00
194 +3.835790506e+06 +3.835790506e+06 +3.835436706e+06 +3.835436706e+06 -4.6437e+00 -3.1214e-01 -2.3148e+00 +1.9247e+00 +2.0170e+00
241 +3.756627817e+06 +3.756627817e+06 +3.756274017e+06 +3.756274017e+06 -4.5691e+00 -3.5947e-01 -2.8198e+00 +1.9337e+00 +2.1217e+00
246 +3.063472689e+06 +3.063472689e+06 +3.063118889e+06 +3.063118889e+06 -4.1747e+00 -3.0282e-01 -3.4735e+00 -9.5209e-01 +2.1379e+00
257 +2.755994066e+06 +2.755994066e+06 +2.755640266e+06 +2.755640266e+06 -4.6768e+00 -2.7933e-01 -3.0138e+00 +1.4259e+00 +2.0626e+00
258 +2.078662088e+06 +2.078662088e+06 +2.078308288e+06 +2.078308288e+06 -4.9222e+00 -3.3983e-01 -3.1590e+00 +3.9231e-01 +2.0325e+00
280 +8.586085550e+05 +8.586085550e+05 +8.582547550e+05 +8.582547550e+05 -4.7342e+00 -3.9756e-01 -2.4881e+00 +6.4624e-01 +2.0742e+00
332 +4.639169151e+05 +4.639169151e+05 +4.635631151e+05 +4.635631151e+05 -4.3175e+00 -4.4900e-01 -2.5145e+00 +6.1934e-01 +2.0234e+00
379 +4.499042535e+05 +4.499042535e+05 +4.495504535e+05 +4.495504535e+05 -4.0900e+00 -3.9387e-01 -2.5755e+00 +5.8720e-01 +2.0827e+00
386 +4.204755097e+05 +4.204755097e+05 +4.201217097e+05 +4.201217097e+05 -3.7074e+00 -3.6434e-01 -2.3433e+00 +5.7691e-01 +2.1341e+00
412 +4.051149002e+05 +4.051149002e+05 +4.047611002e+05 +4.047611002e+05 -3.6662e+00 -3.9666e-01 -2.5949e+00 +3.6172e-01 +1.7485e+00
419 +3.077086690e+04 +3.077086690e+04 +3.041706690e+04 +3.041706690e+04 -3.8635e+00 -4.3558e-01 -2.0033e+00 +1.4517e-01 +2.1401e+00
520 +2.689653978e+04 +2.689653978e+04 +2.654273978e+04 +2.654273978e+04 -3.9068e+00 -4.6536e-01 -2.1230e+00 +4.8153e-02 +2.0402e+00
531 +1.496534672e+04 +1.496534672e+04 +1.461154672e+04 +1.461154672e+04 -4.0629e+00 -4.2769e-01 -2.0838e+00 +1.0997e-01 +1.9980e+00
556 +7.941627071e+03 +7.941627071e+03 +7.587827071e+03 +7.587827071e+03 -3.9341e+00 -4.1674e-01 -2.1258e+00 +1.3505e-01 +2.0532e+00
572 +2.562533818e+03 +2.562533818e+03 +2.208733818e+03 +2.208733818e+03 -3.9684e+00 -4.3131e-01 -2.0555e+00 +1.2640e-01 +2.0243e+00
597 +3.260534764e+02 +3.260534764e+02 -2.774652356e+01 -2.774652356e+01 -3.9725e+00 -3.9261e-01 -2.0643e+00 +1.3397e-01 +2.0412e+00
703 +2.353581365e+02 +2.353581365e+02 -1.184418635e+02 -1.184418635e+02 -3.9167e+00 -3.1087e-01 -2.0848e+00 +1.0626e-01 +2.0030e+00
736 +6.014341450e+01 +6.014341450e+01 -2.936565855e+02 -2.936565855e+02 -3.9178e+00 -3.1450e-01 -2.0744e+00 +1.0079e-01 +2.0266e+00
813 +2.405840051e+01 +2.405840051e+01 -3.297415995e+02 -3.297415995e+02 -3.9251e+00 -3.2717e-01 -2.0744e+00 +1.0249e-01 +2.0206e+00
1004 +2.192605981e+01 +2.192605981e+01 -3.318739402e+02 -3.318739402e+02 -3.9141e+00 -3.0934e-01 -2.0816e+00 +9.3433e-02 +2.0138e+00
1016 +2.001125291e+01 +2.001125291e+01 -3.337887471e+02 -3.337887471e+02 -3.9216e+00 -3.1823e-01 -2.0778e+00 +1.0017e-01 +2.0231e+00
1036 +1.336484662e+01 +1.336484662e+01 -3.404351534e+02 -3.404351534e+02 -3.9226e+00 -3.1544e-01 -2.0762e+00 +1.0105e-01 +2.0201e+00
1136 +1.093324408e+01 +1.093324408e+01 -3.428667559e+02 -3.428667559e+02 -3.9229e+00 -3.2048e-01 -2.0766e+00 +1.0187e-01 +2.0189e+00
1215 +1.004513430e+01 +1.004513430e+01 -3.437548657e+02 -3.437548657e+02 -3.9231e+00 -3.2168e-01 -2.0747e+00 +1.0108e-01 +2.0204e+00
1217 +9.837113674e+00 +9.837113674e+00 -3.439628863e+02 -3.439628863e+02 -3.9250e+00 -3.2184e-01 -2.0766e+00 +1.0272e-01 +2.0220e+00
1266 +8.389959457e+00 +8.389959457e+00 -3.454100405e+02 -3.454100405e+02 -3.9222e+00 -3.1817e-01 -2.0768e+00 +1.0065e-01 +2.0213e+00
1384 +6.904279256e+00 +6.904279256e+00 -3.468957207e+02 -3.468957207e+02 -3.9213e+00 -3.1820e-01 -2.0760e+00 +9.9843e-02 +2.0198e+00
% function evaluation | noise-free fitness - Fopt (-5.925000000000e+01) | best noise-free fitness - Fopt | measured fitness | best measured fitness | x1 | x2...
1 +1.810145932e+07 +1.810145932e+07 +1.810140007e+07 +1.810140007e+07 +0.0000e+00 +0.0000e+00 +0.0000e+00 +0.0000e+00 +0.0000e+00
2 +1.135646237e+07 +1.135646237e+07 +1.135640312e+07 +1.135640312e+07 -3.9501e+00 -3.4265e+00 +2.7649e+00 -2.1371e+00 +1.8912e+00
8 +1.121104850e+07 +1.121104850e+07 +1.121098925e+07 +1.121098925e+07 -3.9392e+00 -3.3979e+00 +2.7012e+00 -2.1394e+00 +1.8934e+00
78 +1.028163763e+07 +1.028163763e+07 +1.028157838e+07 +1.028157838e+07 -3.7539e+00 -3.4000e+00 +2.6935e+00 -2.1401e+00 +1.8634e+00
115 +1.010640251e+07 +1.010640251e+07 +1.010634326e+07 +1.010634326e+07 -3.7246e+00 -3.3754e+00 +2.6958e+00 -2.1386e+00 +1.9133e+00
139 +9.728994606e+06 +9.728994606e+06 +9.728935356e+06 +9.728935356e+06 -3.6468e+00 -3.3785e+00 +2.6849e+00 -2.1405e+00 +1.8893e+00
145 +7.648841148e+06 +7.648841148e+06 +7.648781898e+06 +7.648781898e+06 -3.2261e+00 -3.2385e+00 +2.5667e+00 -2.1394e+00 +1.8665e+00
147 +7.072230864e+06 +7.072230864e+06 +7.072171614e+06 +7.072171614e+06 -3.0058e+00 -3.3734e+00 +2.6506e+00 -2.1384e+00 +1.9041e+00
155 +4.447846192e+06 +4.447846192e+06 +4.447786942e+06 +4.447786942e+06 -2.0011e+00 -3.4345e+00 +2.7182e+00 -2.1472e+00 +1.9559e+00
197 +4.097692539e+06 +4.097692539e+06 +4.097633289e+06 +4.097633289e+06 -1.9402e+00 -3.3671e+00 +2.5997e+00 -2.1511e+00 +1.9312e+00
203 +3.409426109e+06 +3.409426109e+06 +3.409366859e+06 +3.409366859e+06 -1.2130e+00 -3.2002e+00 +3.3845e+00 -2.1437e+00 +1.7646e+00
212 +3.175311877e+06 +3.175311877e+06 +3.175252627e+06 +3.175252627e+06 -6.7901e-01 -3.3980e+00 +2.8647e+00 -2.1416e+00 +1.6010e+00
217 +2.963178233e+06 +2.963178233e+06 +2.963118983e+06 +2.963118983e+06 -7.1566e-01 -3.3675e+00 +2.7961e+00 -2.1425e+00 +1.7480e+00
241 +2.807915154e+06 +2.807915154e+06 +2.807855904e+06 +2.807855904e+06 -2.2595e-01 -3.2545e+00 +3.0939e+00 -2.1399e+00 +1.5853e+00
244 +2.714132590e+06 +2.714132590e+06 +2.714073340e+06 +2.714073340e+06 +2.0962e-01 -3.2132e+00 +2.5423e+00 -2.0856e+00 +1.8066e+00
251 +2.564257571e+06 +2.564257571e+06 +2.564198321e+06 +2.564198321e+06 -1.1860e+00 -3.1398e+00 +2.8192e+00 -2.1325e+00 +1.8944e+00
279 +2.365443071e+06 +2.365443071e+06 +2.365383821e+06 +2.365383821e+06 -4.0903e-01 -3.2008e+00 +2.4479e+00 -2.1437e+00 +1.8940e+00
297 +2.240594292e+06 +2.240594292e+06 +2.240535042e+06 +2.240535042e+06 +1.7512e-02 -3.1126e+00 +2.5909e+00 -2.1348e+00 +1.8476e+00
307 +1.872479099e+06 +1.872479099e+06 +1.872419849e+06 +1.872419849e+06 -4.3916e-01 -3.0329e+00 +2.5158e+00 -2.1435e+00 +1.8024e+00
311 +1.486051271e+06 +1.486051271e+06 +1.485992021e+06 +1.485992021e+06 -7.1323e-01 -2.8382e+00 +2.5175e+00 -2.1426e+00 +1.9152e+00
315 +1.303761389e+06 +1.303761389e+06 +1.303702139e+06 +1.303702139e+06 -4.7890e-01 -2.7858e+00 +2.5992e+00 -2.1485e+00 +1.9171e+00
361 +1.136968541e+06 +1.136968541e+06 +1.136909291e+06 +1.136909291e+06 -4.1410e-01 -2.7217e+00 +2.6579e+00 -2.1470e+00 +1.7944e+00
394 +9.848846266e+05 +9.848846266e+05 +9.848253766e+05 +9.848253766e+05 +3.1254e-01 -1.7202e+00 +2.7111e+00 -2.1468e+00 +2.2734e+00
395 +9.219803152e+05 +9.219803152e+05 +9.219210652e+05 +9.219210652e+05 -5.3981e-01 -2.5215e+00 +2.7103e+00 -2.0799e+00 +1.8646e+00
404 +8.133760282e+05 +8.133760282e+05 +8.133167782e+05 +8.133167782e+05 -5.4633e-01 -2.3972e+00 +2.4856e+00 -2.1337e+00 +1.9717e+00
405 +7.509471131e+05 +7.509471131e+05 +7.508878631e+05 +7.508878631e+05 -1.7663e-02 -2.5011e+00 +2.7237e+00 -2.1463e+00 +1.5015e+00
406 +5.887240582e+05 +5.887240582e+05 +5.886648082e+05 +5.886648082e+05 -4.4995e-01 -2.3588e+00 +2.5771e+00 -2.1204e+00 +1.6496e+00
415 +4.133308489e+05 +4.133308489e+05 +4.132715989e+05 +4.132715989e+05 -4.1234e-01 -2.1721e+00 +2.6522e+00 -2.1307e+00 +1.7404e+00
420 +3.535165829e+05 +3.535165829e+05 +3.534573329e+05 +3.534573329e+05 -4.4678e-01 -2.0482e+00 +2.5341e+00 -2.1126e+00 +1.5828e+00
464 +2.852844644e+05 +2.852844644e+05 +2.852252144e+05 +2.852252144e+05 +4.8597e-01 -1.8649e+00 +2.7043e+00 -2.1319e+00 +1.6490e+00
483 +1.678276024e+05 +1.678276024e+05 +1.677683524e+05 +1.677683524e+05 -1.7433e-02 -1.9430e+00 +2.7037e+00 -2.1209e+00 +1.5934e+00
513 +1.476047225e+05 +1.476047225e+05 +1.475454725e+05 +1.475454725e+05 -9.2681e-02 -1.7477e+00 +2.6965e+00 -2.1230e+00 +1.6470e+00
519 +8.879219111e+04 +8.879219111e+04 +8.873294111e+04 +8.873294111e+04 +3.6202e-03 -1.7191e+00 +2.6787e+00 -2.1332e+00 +1.5554e+00
544 +8.095657268e+04 +8.095657268e+04 +8.089732268e+04 +8.089732268e+04 +2.3131e-01 -1.5930e+00 +2.6612e+00 -2.1274e+00 +1.5121e+00
588 +7.186948283e+04 +7.186948283e+04 +7.181023283e+04 +7.181023283e+04 +1.3509e-01 -1.7196e+00 +2.6443e+00 -2.1148e+00 +1.4414e+00
609 +5.095789455e+04 +5.095789455e+04 +5.089864455e+04 +5.089864455e+04 +1.8355e-01 -1.7417e+00 +2.8165e+00 -2.1293e+00 +1.5054e+00
613 +4.837313916e+04 +4.837313916e+04 +4.831388916e+04 +4.831388916e+04 +1.6111e-01 -1.7330e+00 +2.7528e+00 -2.2543e+00 +1.5766e+00
628 +4.261097658e+04 +4.261097658e+04 +4.255172658e+04 +4.255172658e+04 +1.6151e-01 -1.6907e+00 +2.7755e+00 -2.1421e+00 +1.5129e+00
630 +4.159372446e+04 +4.159372446e+04 +4.153447446e+04 +4.153447446e+04 +2.0666e-01 -1.7560e+00 +2.7565e+00 -2.1463e+00 +1.3622e+00
634 +2.938352515e+04 +2.938352515e+04 +2.932427515e+04 +2.932427515e+04 +1.9700e-01 -1.7185e+00 +2.7542e+00 -2.1742e+00 +1.3372e+00
636 +1.849964749e+04 +1.849964749e+04 +1.844039749e+04 +1.844039749e+04 +1.5177e-01 -1.6850e+00 +2.7579e+00 -2.1869e+00 +1.4346e+00
665 +1.714328843e+04 +1.714328843e+04 +1.708403843e+04 +1.708403843e+04 +2.3889e-01 -1.6274e+00 +2.7641e+00 -2.1688e+00 +1.2772e+00
690 +1.163146379e+04 +1.163146379e+04 +1.157221379e+04 +1.157221379e+04 +1.8097e-01 -1.6415e+00 +2.7569e+00 -2.2184e+00 +1.3484e+00
703 +6.005269746e+03 +6.005269746e+03 +5.946019746e+03 +5.946019746e+03 +1.8576e-01 -1.5509e+00 +2.8010e+00 -2.1880e+00 +1.2978e+00
759 +2.616028163e+03 +2.616028163e+03 +2.556778163e+03 +2.556778163e+03 +1.6315e-01 -1.5948e+00 +2.7910e+00 -2.2171e+00 +1.3651e+00
831 +2.384327103e+03 +2.384327103e+03 +2.325077103e+03 +2.325077103e+03 +1.6720e-01 -1.5966e+00 +2.8182e+00 -2.1882e+00 +1.3235e+00
854 +2.329788560e+03 +2.329788560e+03 +2.270538560e+03 +2.270538560e+03 +1.3068e-01 -1.5562e+00 +2.8265e+00 -2.2220e+00 +1.3541e+00
884 +1.792397035e+03 +1.792397035e+03 +1.733147035e+03 +1.733147035e+03 +1.5701e-01 -1.5681e+00 +2.8117e+00 -2.2086e+00 +1.3490e+00
891 +1.642771530e+03 +1.642771530e+03 +1.583521530e+03 +1.583521530e+03 +1.6238e-01 -1.5900e+00 +2.8050e+00 -2.2019e+00 +1.3556e+00
904 +1.593642833e+03 +1.593642833e+03 +1.534392833e+03 +1.534392833e+03 +1.7284e-01 -1.5985e+00 +2.8072e+00 -2.2031e+00 +1.3723e+00
915 +1.301343842e+03 +1.301343842e+03 +1.242093842e+03 +1.242093842e+03 +1.6720e-01 -1.5895e+00 +2.8097e+00 -2.2043e+00 +1.3557e+00
946 +1.042369795e+03 +1.042369795e+03 +9.831197948e+02 +9.831197948e+02 +1.4902e-01 -1.6001e+00 +2.8464e+00 -2.1944e+00 +1.3431e+00
978 +2.031082654e+02 +2.031082654e+02 +1.438582654e+02 +1.438582654e+02 +1.4513e-01 -1.5941e+00 +2.8405e+00 -2.2140e+00 +1.3636e+00
1084 +3.807333784e+01 +3.807333784e+01 -2.117666216e+01 -2.117666216e+01 +1.3296e-01 -1.5982e+00 +2.8296e+00 -2.2363e+00 +1.3895e+00
1123 +3.374977417e+01 +3.374977417e+01 -2.550022583e+01 -2.550022583e+01 +1.1509e-01 -1.5992e+00 +2.8294e+00 -2.2458e+00 +1.3976e+00
1138 +2.669081248e+01 +2.669081248e+01 -3.255918752e+01 -3.255918752e+01 +1.2264e-01 -1.5978e+00 +2.8288e+00 -2.2398e+00 +1.3932e+00
1354 +2.582651500e+01 +2.582651500e+01 -3.342348500e+01 -3.342348500e+01 +1.2936e-01 -1.5985e+00 +2.8302e+00 -2.2381e+00 +1.3925e+00
1380 +2.512504377e+01 +2.512504377e+01 -3.412495623e+01 -3.412495623e+01 +1.2987e-01 -1.5975e+00 +2.8308e+00 -2.2381e+00 +1.3919e+00
1429 +2.227314545e+01 +2.227314545e+01 -3.697685455e+01 -3.697685455e+01 +1.2780e-01 -1.5973e+00 +2.8308e+00 -2.2390e+00 +1.3920e+00
1490 +2.047674607e+01 +2.047674607e+01 -3.877325393e+01 -3.877325393e+01 +1.2601e-01 -1.5989e+00 +2.8306e+00 -2.2392e+00 +1.3934e+00
% function evaluation | noise-free fitness - Fopt (-2.707000000000e+01) | best noise-free fitness - Fopt | measured fitness | best measured fitness | x1 | x2...
1 +3.411294039e+08 +3.411294039e+08 +3.411293768e+08 +3.411293768e+08 +0.0000e+00 +0.0000e+00 +0.0000e+00 +0.0000e+00 +0.0000e+00
160 +2.555277881e+08 +2.555277881e+08 +2.555277610e+08 +2.555277610e+08 +5.2860e-01 +1.7636e+00 -2.1274e+00 +7.5515e-01 +2.5005e-01
167 +9.441088017e+07 +9.441088017e+07 +9.441085310e+07 +9.441085310e+07 +9.3015e-01 +1.8075e+00 -2.3475e+00 +2.1626e+00 +4.9196e-01
180 +2.095134563e+07 +2.095134563e+07 +2.095131856e+07 +2.095131856e+07 +8.3121e-01 +1.5969e+00 -2.2645e+00 +4.2162e+00 +4.2544e-01
212 +1.907869859e+07 +1.907869859e+07 +1.907867152e+07 +1.907867152e+07 +3.8105e-01 +1.9259e+00 -2.3870e+00 +5.0643e+00 -3.2656e-01
216 +1.883555167e+07 +1.883555167e+07 +1.883552460e+07 +1.883552460e+07 -5.4205e-01 +1.3723e+00 -2.2810e+00 +9.2182e+00 -1.8517e-01
218 +5.175781215e+06 +5.175781215e+06 +5.175754145e+06 +5.175754145e+06 +7.0653e-01 +2.1243e+00 -3.0433e+00 +5.1255e+00 +2.7278e+00
262 +4.269748514e+06 +4.269748514e+06 +4.269721444e+06 +4.269721444e+06 +7.1098e-01 +1.6290e+00 -2.0683e+00 +6.3278e+00 +1.3690e+00
288 +3.104487312e+06 +3.104487312e+06 +3.104460242e+06 +3.104460242e+06 +8.5598e-01 +1.7827e+00 -2.1045e+00 +6.2866e+00 +1.6543e+00
304 +1.125381504e+06 +1.125381504e+06 +1.125354434e+06 +1.125354434e+06 +1.0538e+00 +1.7919e+00 -8.3206e-01 +6.0046e+00 +3.5396e+00
327 +5.305469031e+05 +5.305469031e+05 +5.305198331e+05 +5.305198331e+05 +1.0783e+00 +1.7105e+00 -1.6212e+00 +5.8260e+00 +2.9442e+00
333 +4.240069228e+05 +4.240069228e+05 +4.239798528e+05 +4.239798528e+05 +1.5747e+00 +1.7184e+00 -1.5850e+00 +6.1327e+00 +2.7610e+00
343 +4.046835478e+05 +4.046835478e+05 +4.046564778e+05 +4.046564778e+05 +1.0473e+00 +1.7853e+00 -2.3390e+00 +6.0049e+00 +3.6633e+00
355 +2.172470363e+05 +2.172470363e+05 +2.172199663e+05 +2.172199663e+05 +1.2616e+00 +1.7185e+00 -1.6697e+00 +5.9291e+00 +3.1986e+00
369 +1.962295906e+05 +1.962295906e+05 +1.962025206e+05 +1.962025206e+05 +1.2718e+00 +1.8030e+00 -2.1374e+00 +6.1661e+00 +2.9545e+00
379 +7.920388352e+04 +7.920388352e+04 +7.917681352e+04 +7.917681352e+04 +1.6023e+00 +1.7056e+00 -2.1403e+00 +6.3530e+00 +3.4221e+00
414 +2.374887131e+04 +2.374887131e+04 +2.372180131e+04 +2.372180131e+04 +1.4668e+00 +1.7026e+00 -2.0954e+00 +6.0302e+00 +3.1718e+00
645 +2.104488208e+04 +2.104488208e+04 +2.101781208e+04 +2.101781208e+04 +1.5658e+00 +1.7827e+00 -1.8112e+00 +5.7941e+00 +3.3189e+00
674 +1.976398313e+04 +1.976398313e+04 +1.973691313e+04 +1.973691313e+04 +1.6309e+00 +1.8477e+00 -1.7289e+00 +5.8227e+00 +3.2836e+00
725 +1.774132257e+04 +1.774132257e+04 +1.771425257e+04 +1.771425257e+04 +1.6660e+00 +1.8425e+00 -1.7946e+00 +5.7454e+00 +3.3166e+00
733 +1.120300065e+04 +1.120300065e+04 +1.117593065e+04 +1.117593065e+04 +1.6220e+00 +1.8113e+00 -1.8581e+00 +5.8803e+00 +3.3099e+00
740 +5.327117525e+03 +5.327117525e+03 +5.300047525e+03 +5.300047525e+03 +1.6456e+00 +1.7270e+00 -1.7576e+00 +5.8094e+00 +3.3127e+00
782 +5.061652594e+03 +5.061652594e+03 +5.034582594e+03 +5.034582594e+03 +1.6635e+00 +1.7079e+00 -1.8284e+00 +5.8022e+00 +3.3270e+00
783 +4.462572847e+03 +4.462572847e+03 +4.435502847e+03 +4.435502847e+03 +1.6898e+00 +1.7001e+00 -1.8237e+00 +5.8114e+00 +3.3330e+00
803 +4.293323081e+03 +4.293323081e+03 +4.266253081e+03 +4.266253081e+03 +1.6633e+00 +1.7748e+00 -1.8330e+00 +5.8257e+00 +3.3217e+00
814 +2.576879742e+03 +2.576879742e+03 +2.549809742e+03 +2.549809742e+03 +1.6527e+00 +1.7355e+00 -1.7892e+00 +5.8179e+00 +3.3052e+00
827 +1.920150136e+03 +1.920150136e+03 +1.893080136e+03 +1.893080136e+03 +1.6580e+00 +1.7325e+00 -1.8445e+00 +5.8362e+00 +3.3158e+00
851 +1.896486846e+03 +1.896486846e+03 +1.869416846e+03 +1.869416846e+03 +1.6403e+00 +1.7474e+00 -1.8684e+00 +5.8591e+00 +3.2822e+00
852 +1.379987941e+03 +1.379987941e+03 +1.352917941e+03 +1.352917941e+03 +1.6562e+00 +1.7269e+00 -1.8137e+00 +5.8292e+00 +3.2928e+00
864 +6.468678857e+02 +6.468678857e+02 +6.197978857e+02 +6.197978857e+02 +1.6707e+00 +1.7268e+00 -1.8536e+00 +5.8432e+00 +3.2847e+00
895 +4.468069223e+02 +4.468069223e+02 +4.197369223e+02 +4.197369223e+02 +1.6695e+00 +1.7425e+00 -1.8254e+00 +5.8584e+00 +3.2818e+00
921 +2.842532801e+02 +2.842532801e+02 +2.571832801e+02 +2.571832801e+02 +1.6613e+00 +1.7341e+00 -1.8536e+00 +5.8734e+00 +3.2948e+00
953 +3.781928963e+01 +3.781928963e+01 +1.074928963e+01 +1.074928963e+01 +1.6725e+00 +1.7280e+00 -1.8477e+00 +5.8632e+00 +3.2862e+00
1079 +3.395508649e+01 +3.395508649e+01 +6.885086490e+00 +6.885086490e+00 +1.6744e+00 +1.7252e+00 -1.8475e+00 +5.8706e+00 +3.2839e+00
1128 +2.427402398e+01 +2.427402398e+01 -2.795976022e+00 -2.795976022e+00 +1.6727e+00 +1.7248e+00 -1.8540e+00 +5.8713e+00 +3.2845e+00
1193 +2.391575785e+01 +2.391575785e+01 -3.154242154e+00 -3.154242154e+00 +1.6710e+00 +1.7256e+00 -1.8555e+00 +5.8707e+00 +3.2868e+00
1207 +1.971992512e+01 +1.971992512e+01 -7.350074876e+00 -7.350074876e+00 +1.6706e+00 +1.7248e+00 -1.8541e+00 +5.8734e+00 +3.2854e+00
1208 +1.580321498e+01 +1.580321498e+01 -1.126678502e+01 -1.126678502e+01 +1.6707e+00 +1.7233e+00 -1.8555e+00 +5.8733e+00 +3.2867e+00
% function evaluation | noise-free fitness - Fopt (-5.279000000000e+01) | best noise-free fitness - Fopt | measured fitness | best measured fitness | x1 | x2...
1 +3.259023297e+07 +3.259023297e+07 +3.259018018e+07 +3.259018018e+07 +0.0000e+00 +0.0000e+00 +0.0000e+00 +0.0000e+00 +0.0000e+00
161 +2.514601079e+07 +2.514601079e+07 +2.514595800e+07 +2.514595800e+07 -1.1795e+01 +4.4610e+00 +5.7508e-01 +5.9785e-01 +6.9380e-01
186 +2.044930791e+07 +2.044930791e+07 +2.044925512e+07 +2.044925512e+07 -9.0201e+00 +3.7602e+00 +4.8192e-01 +9.3675e-01 +6.3805e-01
190 +1.829487131e+07 +1.829487131e+07 +1.829481852e+07 +1.829481852e+07 -9.7614e+00 +3.1454e+00 +5.0519e-01 +5.6574e-01 +7.5613e-01
219 +1.550651481e+07 +1.550651481e+07 +1.550646202e+07 +1.550646202e+07 -8.6242e+00 +2.1355e+00 +4.8702e-01 +7.6686e-01 +6.7274e-01
268 +1.453079617e+07 +1.453079617e+07 +1.453074338e+07 +1.453074338e+07 -8.7483e+00 +2.2162e+00 +4.0218e-01 +2.4004e-01 -6.0043e-01
278 +1.374597968e+07 +1.374597968e+07 +1.374592689e+07 +1.374592689e+07 -9.4529e+00 +7.1980e-01 +1.9116e-01 +8.1748e-01 +3.9379e-01
298 +7.459314328e+06 +7.459314328e+06 +7.459261538e+06 +7.459261538e+06 -1.1713e+01 +2.5259e+00 -2.7207e+00 +6.2000e-01 +8.5984e-01
302 +6.950868806e+06 +6.950868806e+06 +6.950816016e+06 +6.950816016e+06 -1.0047e+01 +2.2140e+00 -1.0551e+00 +4.4408e-01 +1.2820e-01
330 +6.441494214e+06 +6.441494214e+06 +6.441441424e+06 +6.441441424e+06 -7.7800e+00 +1.4237e+00 -8.1442e-01 +5.1736e-01 +8.0614e-01
379 +4.770708611e+06 +4.770708611e+06 +4.770655821e+06 +4.770655821e+06 -7.3654e+00 +1.6257e+00 -1.3396e+00 +7.1708e-01 +7.3070e-01
394 +4.054156915e+06 +4.054156915e+06 +4.054104125e+06 +4.054104125e+06 -7.6484e+00 +1.0001e+00 -1.9108e+00 -7.7813e-01 +9.6461e-01
408 +3.608714676e+06 +3.608714676e+06 +3.608661886e+06 +3.608661886e+06 -8.2330e+00 +1.3063e-01 -1.6098e+00 -3.1443e-01 +7.4495e-02
419 +3.327038276e+06 +3.327038276e+06 +3.326985486e+06 +3.326985486e+06 -6.9146e+00 -2.2645e-01 -1.2167e+00 +1.6203e+00 +9.7954e-02
425 +3.099783971e+06 +3.099783971e+06 +3.099731181e+06 +3.099731181e+06 -5.1106e+00 -9.9354e-01 -1.3188e+00 +3.2518e+00 +5.4803e-01
429 +1.573227615e+06 +1.573227615e+06 +1.573174825e+06 +1.573174825e+06 -6.2141e+00 -1.5489e-01 -2.0243e+00 +8.0200e-01 +6.3699e-01
478 +9.488508130e+05 +9.488508130e+05 +9.487980230e+05 +9.487980230e+05 -7.0406e+00 -1.8688e-01 -2.2048e+00 +1.0736e+00 -3.9822e-01
484 +7.917622735e+05 +7.917622735e+05 +7.917094835e+05 +7.917094835e+05 -6.0196e+00 -1.7761e-01 -2.1000e+00 +1.8132e+00 -2.4607e-02
526 +2.801887021e+05 +2.801887021e+05 +2.801359121e+05 +2.801359121e+05 -6.3878e+00 -1.3375e-01 -2.8498e+00 +1.2186e+00 -2.8500e-01
533 +1.475419216e+05 +1.475419216e+05 +1.474891316e+05 +1.474891316e+05 -6.7219e+00 -1.9956e-02 -2.7623e+00 +1.3445e+00 -2.1141e-01
552 +1.129060069e+05 +1.129060069e+05 +1.128532169e+05 +1.128532169e+05 -6.4279e+00 -7.6812e-02 -2.6373e+00 +1.3472e+00 -9.8261e-02
600 +4.833880097e+04 +4.833880097e+04 +4.828601097e+04 +4.828601097e+04 -6.4503e+00 -1.0669e-01 -2.8062e+00 +1.3373e+00 -9.1826e-02
634 +3.312274821e+04 +3.312274821e+04 +3.306995821e+04 +3.306995821e+04 -6.3439e+00 -1.3427e-01 -2.7875e+00 +1.2704e+00 +7.4835e-02
653 +2.346417533e+04 +2.346417533e+04 +2.341138533e+04 +2.341138533e+04 -6.7093e+00 +1.4432e-01 -2.9680e+00 +1.3195e+00 -4.5096e-03
656 +1.981889828e+04 +1.981889828e+04 +1.976610828e+04 +1.976610828e+04 -6.5995e+00 -8.6168e-02 -3.0330e+00 +1.3022e+00 +8.5485e-02
658 +4.786480955e+03 +4.786480955e+03 +4.733690955e+03 +4.733690955e+03 -6.5431e+00 -5.6703e-02 -2.8818e+00 +1.3282e+00 +5.2526e-02
722 +2.722340035e+03 +2.722340035e+03 +2.669550035e+03 +2.669550035e+03 -6.4935e+00 -1.8383e-02 -2.8994e+00 +1.2976e+00 +8.8081e-02
760 +2.026577940e+03 +2.026577940e+03 +1.973787940e+03 +1.973787940e+03 -6.5771e+00 +1.6552e-02 -2.9128e+00 +1.3203e+00 +7.4981e-02
788 +1.142050175e+03 +1.142050175e+03 +1.089260175e+03 +1.089260175e+03 -6.5793e+00 +4.0700e-02 -2.9241e+00 +1.2983e+00 +6.8788e-02
856 +1.014650789e+03 +1.014650789e+03 +9.618607892e+02 +9.618607892e+02 -6.5515e+00 +1.3681e-02 -2.9342e+00 +1.3243e+00 +7.3074e-02
902 +9.619933889e+02 +9.619933889e+02 +9.092033889e+02 +9.092033889e+02 -6.5498e+00 +1.0163e-02 -2.9271e+00 +1.3217e+00 +6.4737e-02
903 +8.668370977e+02 +8.668370977e+02 +8.140470977e+02 +8.140470977e+02 -6.5441e+00 -4.6754e-03 -2.9225e+00 +1.3019e+00 +5.5877e-02
911 +3.989598207e+02 +3.989598207e+02 +3.461698207e+02 +3.461698207e+02 -6.5432e+00 +2.9418e-04 -2.9254e+00 +1.3116e+00 +8.1157e-02
928 +3.006634960e+02 +3.006634960e+02 +2.478734960e+02 +2.478734960e+02 -6.5537e+00 +3.5125e-03 -2.9426e+00 +1.3000e+00 +7.0215e-02
956 +2.740655225e+02 +2.740655225e+02 +2.212755225e+02 +2.212755225e+02 -6.5510e+00 -7.7570e-03 -2.9391e+00 +1.3072e+00 +6.6510e-02
967 +1.826195730e+02 +1.826195730e+02 +1.298295730e+02 +1.298295730e+02 -6.5408e+00 -2.3936e-03 -2.9417e+00 +1.3036e+00 +8.1788e-02
969 +4.997740110e+01 +4.997740110e+01 -2.812598905e+00 -2.812598905e+00 -6.5672e+00 +2.1138e-03 -2.9316e+00 +1.2967e+00 +7.6964e-02
1010 +3.015446335e+01 +3.015446335e+01 -2.263553665e+01 -2.263553665e+01 -6.5542e+00 -1.7092e-03 -2.9357e+00 +1.3009e+00 +7.6295e-02
1140 +2.686722086e+01 +2.686722086e+01 -2.592277914e+01 -2.592277914e+01 -6.5582e+00 -3.2968e-03 -2.9389e+00 +1.3010e+00 +7.8757e-02
1148 +2.178607700e+01 +2.178607700e+01 -3.100392300e+01 -3.100392300e+01 -6.5562e+00 -4.6218e-03 -2.9372e+00 +1.3011e+00 +7.6883e-02
1184 +2.024619662e+01 +2.024619662e+01 -3.254380338e+01 -3.254380338e+01 -6.5566e+00 -4.1014e-03 -2.9360e+00 +1.3025e+00 +7.7867e-02
1187 +1.695835250e+01 +1.695835250e+01 -3.583164750e+01 -3.583164750e+01 -6.5554e+00 -5.8921e-03 -2.9352e+00 +1.3016e+00 +7.7093e-02
1259 +1.354521708e+01 +1.354521708e+01 -3.924478292e+01 -3.924478292e+01 -6.5543e+00 -5.8870e-03 -2.9359e+00 +1.3011e+00 +7.8590e-02
1305 +1.339719118e+01 +1.339719118e+01 -3.939280882e+01 -3.939280882e+01 -6.5543e+00 -5.2692e-03 -2.9354e+00 +1.3006e+00 +7.8005e-02
1424 +1.317487593e+01 +1.317487593e+01 -3.961512407e+01 -3.961512407e+01 -6.5531e+00 -6.1671e-03 -2.9354e+00 +1.3015e+00 +7.8360e-02
