% function evaluation | noise-free fitness - Fopt (-2.098800000000e+02) | best noise-free fitness - Fopt | measured fitness | best measured fitness | x1 | x2...
1 +1.254483477e+07 +1.254483477e+07 +1.254462489e+07 +1.254462489e+07 +0.0000e+00 +0.0000e+00 +0.0000e+00
78 +1.133692344e+07 +1.133692344e+07 +1.133671356e+07 +1.133671356e+07 +4.7501e-01 +2.6483e+00 +1.5878e-01
93 +1.847431782e+06 +1.847431782e+06 +1.847221902e+06 +1.847221902e+06 -3.5961e+00 +2.5848e+00 +2.2992e+00
96 +1.175339361e+06 +1.175339361e+06 +1.175129481e+06 +1.175129481e+06 -4.5704e-01 +2.7199e+00 +2.4976e+00
122 +9.531282423e+05 +9.531282423e+05 +9.529183623e+05 +9.529183623e+05 -2.1563e-01 +2.7091e+00 +2.5732e+00
123 +1.128511503e+04 +1.128511503e+04 +1.107523503e+04 +1.107523503e+04 -2.3262e-01 +2.7348e+00 +3.6328e+00
162 +5.471954932e+03 +5.471954932e+03 +5.262074932e+03 +5.262074932e+03 +2.9475e+00 +2.6714e+00 +3.5569e+00
179 +4.235470190e+03 +4.235470190e+03 +4.025590190e+03 +4.025590190e+03 +1.0399e+00 +2.4762e+00 +3.5640e+00
182 +1.602266087e+03 +1.602266087e+03 +1.392386087e+03 +1.392386087e+03 +3.3014e+00 +1.2484e+00 +3.5231e+00
337 +1.471023333e+03 +1.471023333e+03 +1.261143333e+03 +1.261143333e+03 +5.7433e+00 +1.5589e+00 +3.5566e+00
343 +1.155061320e+03 +1.155061320e+03 +9.451813204e+02 +9.451813204e+02 +5.1899e+00 +1.4732e+00 +3.5477e+00
347 +1.104128036e+03 +1.104128036e+03 +8.942480361e+02 +8.942480361e+02 -3.4080e+00 +1.4641e+00 +3.5587e+00
351 +8.710858826e+02 +8.710858826e+02 +6.612058826e+02 +6.612058826e+02 -3.2907e+00 +1.4046e+00 +3.5528e+00
357 +4.279023420e+02 +4.279023420e+02 +2.180223420e+02 +2.180223420e+02 -5.0913e+00 +1.0109e+00 +3.5593e+00
366 +3.818986762e+02 +3.818986762e+02 +1.720186762e+02 +1.720186762e+02 -1.7195e+00 +9.9766e-01 +3.5491e+00
367 +1.956750173e+02 +1.956750173e+02 -1.420498275e+01 -1.420498275e+01 -5.4274e+00 +8.4963e-01 +3.5579e+00
378 +1.040840766e+02 +1.040840766e+02 -1.057959234e+02 -1.057959234e+02 -4.7041e+00 +6.6163e-01 +3.5595e+00
394 +5.160737332e+01 +5.160737332e+01 -1.582726267e+02 -1.582726267e+02 -3.8963e+00 +5.9061e-01 +3.5575e+00
400 +1.938265858e+01 +1.938265858e+01 -1.904973414e+02 -1.904973414e+02 -2.8592e+00 +4.8464e-01 +3.5557e+00
407 +7.395340139e+00 +7.395340139e+00 -2.024846599e+02 -2.024846599e+02 +2.0133e+00 +4.6190e-01 +3.5571e+00
452 +3.950955521e+00 +3.950955521e+00 -2.059290445e+02 -2.059290445e+02 +1.1644e+00 +5.0379e-01 +3.5551e+00
468 +2.868104092e+00 +2.868104092e+00 -2.070118959e+02 -2.070118959e+02 +6.8325e-01 +4.8844e-01 +3.5554e+00
497 +2.114502109e+00 +2.114502109e+00 -2.077654979e+02 -2.077654979e+02 +1.3560e+00 +4.8903e-01 +3.5551e+00
513 +2.041993762e+00 +2.041993762e+00 -2.078380062e+02 -2.078380062e+02 +9.4416e-01 +4.9126e-01 +3.5546e+00
522 +1.926269440e+00 +1.926269440e+00 -2.079537306e+02 -2.079537306e+02 +8.4562e-01 +4.8864e-01 +3.5549e+00
523 +1.893128130e+00 +1.893128130e+00 -2.079868719e+02 -2.079868719e+02 +9.9341e-01 +4.8388e-01 +3.5553e+00
525 +1.616006417e+00 +1.616006417e+00 -2.082639936e+02 -2.082639936e+02 +1.5984e+00 +4.8493e-01 +3.5550e+00
529 +1.473477144e+00 +1.473477144e+00 -2.084065229e+02 -2.084065229e+02 +1.3150e+00 +4.8460e-01 +3.5550e+00
530 +1.341425711e+00 +1.341425711e+00 -2.085385743e+02 -2.085385743e+02 +1.1967e+00 +4.8650e-01 +3.5547e+00
533 +1.312336501e+00 +1.312336501e+00 -2.085676635e+02 -2.085676635e+02 +1.4679e+00 +4.8595e-01 +3.5543e+00
542 +1.179449680e+00 +1.179449680e+00 -2.087005503e+02 -2.087005503e+02 +1.2457e+00 +4.8292e-01 +3.5548e+00
544 +7.317397967e-01 +7.317397967e-01 -2.091482602e+02 -2.091482602e+02 +1.3117e+00 +4.7271e-01 +3.5543e+00
558 +4.925065649e-01 +4.925065649e-01 -2.093874934e+02 -2.093874934e+02 +1.3080e+00 +4.6958e-01 +3.5544e+00
584 +4.406532697e-01 +4.406532697e-01 -2.094393467e+02 -2.094393467e+02 +1.3263e+00 +4.6877e-01 +3.5544e+00
589 +1.930142872e-01 +1.930142872e-01 -2.096869857e+02 -2.096869857e+02 +1.3081e+00 +4.6083e-01 +3.5545e+00
615 +1.475658585e-01 +1.475658585e-01 -2.097324341e+02 -2.097324341e+02 +1.4820e+00 +4.5611e-01 +3.5544e+00
619 +1.064363561e-01 +1.064363561e-01 -2.097735636e+02 -2.097735636e+02 +1.3824e+00 +4.5368e-01 +3.5546e+00
632 +6.314016251e-02 +6.314016251e-02 -2.098168598e+02 -2.098168598e+02 +1.3644e+00 +4.5433e-01 +3.5545e+00
633 +5.621202563e-02 +5.621202563e-02 -2.098237880e+02 -2.098237880e+02 +1.4080e+00 +4.4903e-01 +3.5545e+00
643 +3.629462341e-02 +3.629462341e-02 -2.098437054e+02 -2.098437054e+02 +1.3782e+00 +4.5055e-01 +3.5544e+00
667 +1.188265589e-02 +1.188265589e-02 -2.098681173e+02 -2.098681173e+02 +1.2748e+00 +4.5110e-01 +3.5544e+00
719 +8.580943178e-03 +8.580943178e-03 -2.098714191e+02 -2.098714191e+02 +1.2231e+00 +4.4782e-01 +3.5543e+00
726 +2.573653900e-03 +2.573653900e-03 -2.098774263e+02 -2.098774263e+02 +1.2180e+00 +4.4805e-01 +3.5544e+00
728 +4.281606457e-04 +4.281606457e-04 -2.098795718e+02 -2.098795718e+02 +1.2191e+00 +4.4853e-01 +3.5544e+00
848 +3.353362771e-04 +3.353362771e-04 -2.098796647e+02 -2.098796647e+02 +1.2230e+00 +4.4788e-01 +3.5544e+00
858 +3.095675524e-04 +3.095675524e-04 -2.098796904e+02 -2.098796904e+02 +1.2226e+00 +4.4787e-01 +3.5544e+00
861 +2.939734713e-04 +2.939734713e-04 -2.098797060e+02 -2.098797060e+02 +1.2223e+00 +4.4822e-01 +3.5544e+00
868 +1.391857477e-04 +1.391857477e-04 -2.098798608e+02 -2.098798608e+02 +1.2178e+00 +4.4787e-01 +3.5544e+00
887 +1.061045516e-04 +1.061045516e-04 -2.098798939e+02 -2.098798939e+02 +1.2063e+00 +4.4798e-01 +3.5544e+00
889 +9.820508456e-05 +9.820508456e-05 -2.098799018e+02 -2.098799018e+02 +1.2170e+00 +4.4799e-01 +3.5544e+00
890 +4.435518272e-05 +4.435518272e-05 -2.098799556e+02 -2.098799556e+02 +1.2065e+00 +4.4815e-01 +3.5544e+00
900 +3.634187163e-05 +3.634187163e-05 -2.098799637e+02 -2.098799637e+02 +1.2099e+00 +4.4807e-01 +3.5544e+00
906 +3.281126126e-05 +3.281126126e-05 -2.098799672e+02 -2.098799672e+02 +1.2070e+00 +4.4810e-01 +3.5544e+00
920 +2.298563979e-05 +2.298563979e-05 -2.098799770e+02 -2.098799770e+02 +1.2066e+00 +4.4804e-01 +3.5544e+00
935 +2.065389486e-05 +2.065389486e-05 -2.098799793e+02 -2.098799793e+02 +1.2073e+00 +4.4801e-01 +3.5544e+00
944 +1.726241615e-05 +1.726241615e-05 -2.098799827e+02 -2.098799827e+02 +1.2070e+00 +4.4802e-01 +3.5544e+00
950 +6.345116219e-06 +6.345116219e-06 -2.098799937e+02 -2.098799937e+02 +1.2074e+00 +4.4804e-01 +3.5544e+00
969 +5.751435879e-06 +5.751435879e-06 -2.098799942e+02 -2.098799942e+02 +1.2076e+00 +4.4801e-01 +3.5544e+00
972 +2.016599694e-06 +2.016599694e-06 -2.098799980e+02 -2.098799980e+02 +1.2075e+00 +4.4802e-01 +3.5544e+00
973 +1.311674851e-06 +1.311674851e-06 -2.098799987e+02 -2.098799987e+02 +1.2075e+00 +4.4803e-01 +3.5544e+00
982 +9.694775827e-07 +9.694775827e-07 -2.098799990e+02 -2.098799990e+02 +1.2071e+00 +4.4802e-01 +3.5544e+00
986 +3.660278765e-07 +3.660278765e-07 -2.098799996e+02 -2.098799996e+02 +1.2075e+00 +4.4801e-01 +3.5544e+00
993 +2.751836803e-07 +2.751836803e-07 -2.098799997e+02 -2.098799997e+02 +1.2068e+00 +4.4799e-01 +3.5544e+00
1017 +1.186033671e-07 +1.186033671e-07 -2.098799999e+02 -2.098799999e+02 +1.2070e+00 +4.4801e-01 +3.5544e+00
1105 +1.055754524e-07 +1.055754524e-07 -2.098799999e+02 -2.098799999e+02 +1.2072e+00 +4.4801e-01 +3.5544e+00
1118 +9.302209492e-08 +9.302209492e-08 -2.098799999e+02 -2.098799999e+02 +1.2072e+00 +4.4801e-01 +3.5544e+00
1120 +7.509009947e-08 +7.509009947e-08 -2.098799999e+02 -2.098799999e+02 +1.2073e+00 +4.4801e-01 +3.5544e+00
1127 +3.418594474e-08 +3.418594474e-08 -2.098800000e+02 -2.098800000e+02 +1.2073e+00 +4.4800e-01 +3.5544e+00
1138 +2.870217486e-08 +2.870217486e-08 -2.098800000e+02 -2.098800000e+02 +1.2072e+00 +4.4801e-01 +3.5544e+00
1142 +9.804438150e-09 +9.804438150e-09 -2.098800000e+02 -2.098800000e+02 +1.2073e+00 +4.4800e-01 +3.5544e+00
1630 +0.000000000e+00 +0.000000000e+00 -2.098800000e+02 -2.098800000e+02 +1.2072e+00 +4.4800e-01 +3.5544e+00
% function evaluation | noise-free fitness - Fopt (-9.209000000000e+01) | best noise-free fitness - Fopt | measured fitness | best measured fitness | x1 | x2...
1 +1.346713392e+04 +1.346713392e+04 +1.337504392e+04 +1.337504392e+04 +0.0000e+00 +0.0000e+00 +0.0000e+00
216 +4.882338015e+03 +4.882338015e+03 +4.790248015e+03 +4.790248015e+03 -6.7745e-01 +5.5636e-01 +6.5723e-02
228 +2.947654033e+03 +2.947654033e+03 +2.855564033e+03 +2.855564033e+03 +7.4156e-01 +3.4424e+00 +1.3631e-01
244 +2.137344135e+03 +2.137344135e+03 +2.045254135e+03 +2.045254135e+03 +2.5831e+00 +2.1501e+00 +4.9649e-02
263 +1.942568793e+03 +1.942568793e+03 +1.850478793e+03 +1.850478793e+03 +1.8055e+00 +2.3527e+00 +5.0100e-02
268 +1.706603806e+03 +1.706603806e+03 +1.614513806e+03 +1.614513806e+03 +2.0494e+00 +2.1148e+00 +5.4594e-02
269 +6.602502566e+02 +6.602502566e+02 +5.681602566e+02 +5.681602566e+02 -2.4274e+00 +3.4763e+00 +9.7394e-02
278 +4.536450724e+02 +4.536450724e+02 +3.615550724e+02 +3.615550724e+02 -1.1957e+00 +2.6822e+00 +6.9135e-02
300 +2.075532717e+02 +2.075532717e+02 +1.154632717e+02 +1.154632717e+02 +1.8632e+00 +3.0713e+00 +9.4830e-02
306 +1.481653392e+02 +1.481653392e+02 +5.607533925e+01 +5.607533925e+01 +2.9925e-01 +2.3902e+00 +1.0001e-01
307 +3.609411194e+01 +3.609411194e+01 -5.599588806e+01 -5.599588806e+01 +1.3002e+00 +2.6366e+00 +8.4481e-02
337 +1.616279604e+01 +1.616279604e+01 -7.592720396e+01 -7.592720396e+01 +1.4522e+00 +2.6378e+00 +9.4197e-02
345 +2.826563080e+00 +2.826563080e+00 -8.926343692e+01 -8.926343692e+01 +1.6816e+00 +2.6651e+00 +9.0393e-02
377 +8.212422170e-01 +8.212422170e-01 -9.126875778e+01 -9.126875778e+01 +1.0724e+00 +2.6187e+00 +8.9526e-02
388 +5.217045998e-01 +5.217045998e-01 -9.156829540e+01 -9.156829540e+01 +3.2543e-01 +2.6234e+00 +9.0988e-02
409 +4.756332550e-01 +4.756332550e-01 -9.161436674e+01 -9.161436674e+01 +1.1916e+00 +2.6303e+00 +9.0839e-02
479 +4.264757508e-01 +4.264757508e-01 -9.166352425e+01 -9.166352425e+01 +9.4091e-01 +2.6055e+00 +9.0071e-02
482 +2.152400781e-01 +2.152400781e-01 -9.187475992e+01 -9.187475992e+01 +5.0912e-01 +2.6344e+00 +9.0384e-02
483 +8.116552901e-02 +8.116552901e-02 -9.200883447e+01 -9.200883447e+01 +6.6896e-01 +2.6140e+00 +9.0225e-02
496 +5.185761925e-02 +5.185761925e-02 -9.203814238e+01 -9.203814238e+01 +5.8844e-01 +2.6251e+00 +9.0263e-02
503 +2.655660018e-02 +2.655660018e-02 -9.206344340e+01 -9.206344340e+01 +8.5675e-01 +2.6194e+00 +9.0323e-02
506 +2.144050781e-02 +2.144050781e-02 -9.206855949e+01 -9.206855949e+01 +8.2752e-01 +2.6241e+00 +9.0350e-02
529 +1.307608436e-02 +1.307608436e-02 -9.207692392e+01 -9.207692392e+01 +6.2137e-01 +2.6200e+00 +9.0413e-02
542 +1.253917152e-02 +1.253917152e-02 -9.207746083e+01 -9.207746083e+01 +6.9087e-01 +2.6196e+00 +9.0482e-02
558 +9.991114638e-03 +9.991114638e-03 -9.208000889e+01 -9.208000889e+01 +6.3724e-01 +2.6213e+00 +9.0460e-02
573 +8.382476194e-03 +8.382476194e-03 -9.208161752e+01 -9.208161752e+01 +6.6687e-01 +2.6216e+00 +9.0474e-02
589 +4.937619098e-03 +4.937619098e-03 -9.208506238e+01 -9.208506238e+01 +7.2955e-01 +2.6222e+00 +9.0471e-02
599 +2.589126395e-03 +2.589126395e-03 -9.208741087e+01 -9.208741087e+01 +7.3248e-01 +2.6221e+00 +9.0446e-02
681 +2.142110828e-03 +2.142110828e-03 -9.208785789e+01 -9.208785789e+01 +7.4493e-01 +2.6218e+00 +9.0441e-02
687 +1.342592582e-03 +1.342592582e-03 -9.208865741e+01 -9.208865741e+01 +7.2541e-01 +2.6215e+00 +9.0437e-02
710 +1.131281585e-03 +1.131281585e-03 -9.208886872e+01 -9.208886872e+01 +7.3022e-01 +2.6210e+00 +9.0427e-02
716 +4.465955401e-04 +4.465955401e-04 -9.208955340e+01 -9.208955340e+01 +7.2370e-01 +2.6213e+00 +9.0420e-02
731 +2.238179954e-04 +2.238179954e-04 -9.208977618e+01 -9.208977618e+01 +7.2993e-01 +2.6213e+00 +9.0412e-02
737 +1.732621057e-04 +1.732621057e-04 -9.208982674e+01 -9.208982674e+01 +7.2401e-01 +2.6214e+00 +9.0389e-02
744 +6.586312982e-05 +6.586312982e-05 -9.208993414e+01 -9.208993414e+01 +7.2663e-01 +2.6218e+00 +9.0406e-02
763 +3.595801775e-05 +3.595801775e-05 -9.208996404e+01 -9.208996404e+01 +7.2051e-01 +2.6216e+00 +9.0402e-02
769 +3.203390527e-05 +3.203390527e-05 -9.208996797e+01 -9.208996797e+01 +7.2020e-01 +2.6216e+00 +9.0400e-02
782 +2.539236840e-05 +2.539236840e-05 -9.208997461e+01 -9.208997461e+01 +7.2862e-01 +2.6215e+00 +9.0403e-02
798 +2.322864020e-05 +2.322864020e-05 -9.208997677e+01 -9.208997677e+01 +7.2165e-01 +2.6215e+00 +9.0399e-02
826 +2.003188192e-05 +2.003188192e-05 -9.208997997e+01 -9.208997997e+01 +7.2174e-01 +2.6216e+00 +9.0401e-02
827 +2.296803061e-06 +2.296803061e-06 -9.208999770e+01 -9.208999770e+01 +7.2605e-01 +2.6216e+00 +9.0401e-02
853 +1.094900327e-06 +1.094900327e-06 -9.208999891e+01 -9.208999891e+01 +7.2491e-01 +2.6216e+00 +9.0401e-02
919 +7.887827707e-07 +7.887827707e-07 -9.208999921e+01 -9.208999921e+01 +7.2641e-01 +2.6216e+00 +9.0400e-02
921 +3.252232972e-07 +3.252232972e-07 -9.208999967e+01 -9.208999967e+01 +7.2605e-01 +2.6216e+00 +9.0400e-02
931 +2.450765066e-07 +2.450765066e-07 -9.208999975e+01 -9.208999975e+01 +7.2601e-01 +2.6216e+00 +9.0400e-02
942 +1.608535172e-07 +1.608535172e-07 -9.208999984e+01 -9.208999984e+01 +7.2582e-01 +2.6216e+00 +9.0400e-02
949 +1.056142338e-07 +1.056142338e-07 -9.208999989e+01 -9.208999989e+01 +7.2534e-01 +2.6216e+00 +9.0400e-02
966 +1.920841441e-08 +1.920841441e-08 -9.208999998e+01 -9.208999998e+01 +7.2570e-01 +2.6216e+00 +9.0400e-02
981 +1.620905721e-08 +1.620905721e-08 -9.208999998e+01 -9.208999998e+01 +7.2558e-01 +2.6216e+00 +9.0400e-02
1016 +6.292921739e-09 +6.292921739e-09 -9.208999999e+01 -9.208999999e+01 +7.2558e-01 +2.6216e+00 +9.0400e-02
1503 +0.000000000e+00 +0.000000000e+00 -9.209000000e+01 -9.209000000e+01 +7.2560e-01 +2.6216e+00 +9.0400e-02
% function evaluation | noise-free fitness - Fopt (-8.789000000000e+01) | best noise-free fitness - Fopt | measured fitness | best measured fitness | x1 | x2...
1 +1.835926024e+06 +1.835926024e+06 +1.835838134e+06 +1.835838134e+06 +0.0000e+00 +0.0000e+00 +0.0000e+00
25 +1.424518000e+06 +1.424518000e+06 +1.424430110e+06 +1.424430110e+06 +1.1299e+00 +2.4398e+00 +2.3550e+00
46 +1.350429421e+06 +1.350429421e+06 +1.350341531e+06 +1.350341531e+06 +1.1076e+00 +2.4435e+00 +2.3365e+00
53 +4.917347446e+05 +4.917347446e+05 +4.916468546e+05 +4.916468546e+05 +1.1372e+00 +2.2385e+00 +1.9320e+00
63 +4.007217484e+05 +4.007217484e+05 +4.006338584e+05 +4.006338584e+05 +1.1048e+00 +3.4699e+00 +1.8327e+00
69 +2.146051447e+05 +2.146051447e+05 +2.145172547e+05 +2.145172547e+05 +9.4003e-01 +2.2307e+00 +1.7231e+00
84 +7.035392261e+04 +7.035392261e+04 +7.026603261e+04 +7.026603261e+04 +9.3698e-01 +7.4888e-01 +9.9904e-01
89 +3.835276867e+04 +3.835276867e+04 +3.826487867e+04 +3.826487867e+04 +1.0524e+00 +2.6557e+00 +1.4405e+00
94 +2.507641011e+04 +2.507641011e+04 +2.498852011e+04 +2.498852011e+04 +1.0279e+00 +2.7431e+00 +1.4091e+00
103 +2.540869580e+03 +2.540869580e+03 +2.452979580e+03 +2.452979580e+03 +1.0423e+00 +2.4513e+00 +1.2808e+00
116 +5.585760128e+02 +5.585760128e+02 +4.706860128e+02 +4.706860128e+02 +1.0263e+00 +3.6886e+00 +1.2723e+00
144 +5.208134710e+02 +5.208134710e+02 +4.329234710e+02 +4.329234710e+02 +1.0295e+00 +3.7225e+00 +1.2717e+00
159 +2.039767936e+02 +2.039767936e+02 +1.160867936e+02 +1.160867936e+02 +1.0056e+00 +3.6771e+00 +1.2637e+00
176 +7.177339487e+01 +7.177339487e+01 -1.611660513e+01 -1.611660513e+01 +1.0067e+00 +3.6802e+00 +1.2405e+00
199 +3.002208061e+01 +3.002208061e+01 -5.786791939e+01 -5.786791939e+01 +1.0162e+00 +3.6737e+00 +1.2552e+00
203 +2.897535480e+01 +2.897535480e+01 -5.891464520e+01 -5.891464520e+01 +1.0156e+00 +3.6020e+00 +1.2547e+00
206 +2.247651198e+01 +2.247651198e+01 -6.541348802e+01 -6.541348802e+01 +1.0748e+00 +3.6309e+00 +1.2539e+00
210 +7.874126173e+00 +7.874126173e+00 -8.001587383e+01 -8.001587383e+01 +1.0232e+00 +3.6173e+00 +1.2521e+00
213 +2.299385761e+00 +2.299385761e+00 -8.559061424e+01 -8.559061424e+01 +1.0583e+00 +3.6347e+00 +1.2509e+00
232 +1.928954268e+00 +1.928954268e+00 -8.596104573e+01 -8.596104573e+01 +1.0397e+00 +3.6129e+00 +1.2501e+00
233 +8.157933352e-01 +8.157933352e-01 -8.707420666e+01 -8.707420666e+01 +1.0496e+00 +3.6558e+00 +1.2500e+00
244 +5.702522141e-01 +5.702522141e-01 -8.731974779e+01 -8.731974779e+01 +1.0324e+00 +3.6449e+00 +1.2494e+00
254 +5.616951066e-01 +5.616951066e-01 -8.732830489e+01 -8.732830489e+01 +1.0224e+00 +3.6448e+00 +1.2498e+00
262 +5.368885035e-01 +5.368885035e-01 -8.735311150e+01 -8.735311150e+01 +1.0287e+00 +3.6437e+00 +1.2495e+00
332 +5.239756920e-01 +5.239756920e-01 -8.736602431e+01 -8.736602431e+01 +9.9873e-01 +3.6461e+00 +1.2495e+00
351 +5.081553325e-01 +5.081553325e-01 -8.738184467e+01 -8.738184467e+01 +9.8720e-01 +3.6459e+00 +1.2496e+00
352 +4.813097124e-01 +4.813097124e-01 -8.740869029e+01 -8.740869029e+01 +8.8528e-01 +3.6436e+00 +1.2495e+00
364 +4.618801230e-01 +4.618801230e-01 -8.742811988e+01 -8.742811988e+01 +8.6015e-01 +3.6457e+00 +1.2495e+00
372 +3.806511248e-01 +3.806511248e-01 -8.750934888e+01 -8.750934888e+01 +8.0886e-01 +3.6465e+00 +1.2496e+00
375 +1.425515841e-01 +1.425515841e-01 -8.774744842e+01 -8.774744842e+01 +6.1156e-01 +3.6453e+00 +1.2497e+00
382 +4.791359889e-02 +4.791359889e-02 -8.784208640e+01 -8.784208640e+01 +2.2629e-02 +3.6452e+00 +1.2496e+00
394 +1.345627195e-02 +1.345627195e-02 -8.787654373e+01 -8.787654373e+01 +2.7049e-01 +3.6448e+00 +1.2497e+00
408 +1.521893202e-03 +1.521893202e-03 -8.788847811e+01 -8.788847811e+01 +2.3077e-01 +3.6447e+00 +1.2496e+00
490 +1.081308824e-03 +1.081308824e-03 -8.788891869e+01 -8.788891869e+01 +2.3849e-01 +3.6449e+00 +1.2496e+00
541 +8.895518157e-04 +8.895518157e-04 -8.788911045e+01 -8.788911045e+01 +2.4816e-01 +3.6448e+00 +1.2496e+00
551 +3.839343402e-04 +3.839343402e-04 -8.788961607e+01 -8.788961607e+01 +2.3909e-01 +3.6454e+00 +1.2496e+00
573 +9.181379980e-05 +9.181379980e-05 -8.788990819e+01 -8.788990819e+01 +2.2913e-01 +3.6456e+00 +1.2496e+00
596 +6.485583569e-05 +6.485583569e-05 -8.788993514e+01 -8.788993514e+01 +2.4364e-01 +3.6458e+00 +1.2496e+00
612 +5.811525541e-05 +5.811525541e-05 -8.788994188e+01 -8.788994188e+01 +2.3873e-01 +3.6458e+00 +1.2496e+00
634 +1.917688584e-05 +1.917688584e-05 -8.788998082e+01 -8.788998082e+01 +2.3561e-01 +3.6456e+00 +1.2496e+00
663 +1.333497447e-05 +1.333497447e-05 -8.788998667e+01 -8.788998667e+01 +2.4166e-01 +3.6456e+00 +1.2496e+00
664 +5.925758231e-06 +5.925758231e-06 -8.788999407e+01 -8.788999407e+01 +2.3781e-01 +3.6456e+00 +1.2496e+00
671 +4.475312664e-06 +4.475312664e-06 -8.788999552e+01 -8.788999552e+01 +2.3915e-01 +3.6456e+00 +1.2496e+00
679 +1.657656483e-06 +1.657656483e-06 -8.788999834e+01 -8.788999834e+01 +2.3942e-01 +3.6456e+00 +1.2496e+00
693 +1.388498589e-06 +1.388498589e-06 -8.788999861e+01 -8.788999861e+01 +2.3960e-01 +3.6456e+00 +1.2496e+00
694 +7.358662657e-07 +7.358662657e-07 -8.788999926e+01 -8.788999926e+01 +2.3849e-01 +3.6456e+00 +1.2496e+00
696 +4.910675813e-07 +4.910675813e-07 -8.788999951e+01 -8.788999951e+01 +2.3942e-01 +3.6456e+00 +1.2496e+00
700 +4.055308409e-07 +4.055308409e-07 -8.788999959e+01 -8.788999959e+01 +2.3866e-01 +3.6456e+00 +1.2496e+00
712 +3.309805834e-07 +3.309805834e-07 -8.788999967e+01 -8.788999967e+01 +2.3899e-01 +3.6456e+00 +1.2496e+00
727 +2.340322425e-07 +2.340322425e-07 -8.788999977e+01 -8.788999977e+01 +2.3895e-01 +3.6456e+00 +1.2496e+00
742 +8.651328187e-08 +8.651328187e-08 -8.788999991e+01 -8.788999991e+01 +2.3893e-01 +3.6456e+00 +1.2496e+00
770 +6.946713427e-08 +6.946713427e-08 -8.788999993e+01 -8.788999993e+01 +2.3900e-01 +3.6456e+00 +1.2496e+00
782 +7.359460596e-09 +7.359460596e-09 -8.788999999e+01 -8.788999999e+01 +2.3921e-01 +3.6456e+00 +1.2496e+00
% function evaluation | noise-free fitness - Fopt (3.201900000000e+02) | best noise-free fitness - Fopt | measured fitness | best measured fitness | x1 | x2...
1 +2.360873310e+06 +2.360873310e+06 +2.361193500e+06 +2.361193500e+06 +0.0000e+00 +0.0000e+00 +0.0000e+00
89 +2.312887931e+06 +2.312887931e+06 +2.313208121e+06 +2.313208121e+06 -1.4728e+00 +3.0832e+00 +3.0430e+00
100 +2.141401648e+06 +2.141401648e+06 +2.141721838e+06 +2.141721838e+06 -1.5281e+00 +3.0243e+00 +2.9452e+00
110 +2.061737915e+06 +2.061737915e+06 +2.062058105e+06 +2.062058105e+06 -1.5666e+00 +2.6923e+00 +2.8580e+00
112 +2.010980781e+06 +2.010980781e+06 +2.011300971e+06 +2.011300971e+06 -1.6010e+00 +2.9732e+00 +2.7606e+00
122 +8.142600121e+05 +8.142600121e+05 +8.145802021e+05 +8.145802021e+05 -1.7210e+00 +2.9844e+00 +2.3395e+00
128 +4.323665340e+05 +4.323665340e+05 +4.326867240e+05 +4.326867240e+05 -1.4288e+00 +2.9881e+00 +1.9887e+00
143 +3.711959206e+05 +3.711959206e+05 +3.715161106e+05 +3.715161106e+05 -1.6424e+00 +2.9581e+00 +1.9532e+00
149 +3.486147945e+04 +3.486147945e+04 +3.518166945e+04 +3.518166945e+04 -1.6060e+00 +3.2016e+00 +1.4757e+00
177 +2.810898752e+04 +2.810898752e+04 +2.842917752e+04 +2.842917752e+04 -1.7985e+00 +3.0019e+00 +1.3995e+00
200 +2.742439493e+04 +2.742439493e+04 +2.774458493e+04 +2.774458493e+04 -1.8316e+00 +2.7789e+00 +1.3652e+00
205 +2.642049804e+04 +2.642049804e+04 +2.674068804e+04 +2.674068804e+04 -1.8248e+00 +2.8145e+00 +1.4215e+00
214 +2.592210298e+04 +2.592210298e+04 +2.624229298e+04 +2.624229298e+04 -2.0369e+00 +2.7945e+00 +1.4006e+00
223 +2.040093610e+04 +2.040093610e+04 +2.072112610e+04 +2.072112610e+04 -1.7473e+00 +2.0977e+00 +1.4253e+00
235 +1.871983213e+04 +1.871983213e+04 +1.904002213e+04 +1.904002213e+04 -1.8474e+00 +1.9296e+00 +1.4191e+00
251 +1.739656398e+04 +1.739656398e+04 +1.771675398e+04 +1.771675398e+04 -1.6822e+00 +1.8002e+00 +1.4092e+00
257 +1.013455677e+04 +1.013455677e+04 +1.045474677e+04 +1.045474677e+04 -1.7387e+00 +8.8726e-01 +1.4162e+00
262 +8.604760655e+03 +8.604760655e+03 +8.924950655e+03 +8.924950655e+03 -1.7393e+00 +5.5862e-01 +1.4171e+00
274 +6.988668092e+03 +6.988668092e+03 +7.308858092e+03 +7.308858092e+03 -1.3210e+00 +1.3904e-03 +1.3769e+00
275 +2.648549050e+03 +2.648549050e+03 +2.968739050e+03 +2.968739050e+03 -1.7811e+00 -6.0454e-01 +1.4048e+00
291 +2.258356073e+03 +2.258356073e+03 +2.578546073e+03 +2.578546073e+03 -1.7172e+00 -9.0949e-01 +1.3886e+00
292 +8.063150789e+02 +8.063150789e+02 +1.126505079e+03 +1.126505079e+03 -1.5191e+00 -1.4626e+00 +1.4140e+00
297 +5.292985804e+02 +5.292985804e+02 +8.494885804e+02 +8.494885804e+02 -1.1581e+00 -1.8035e+00 +1.3902e+00
305 +3.986568599e+02 +3.986568599e+02 +7.188468599e+02 +7.188468599e+02 -1.1857e+00 -1.7837e+00 +1.4061e+00
329 +2.255796289e+02 +2.255796289e+02 +5.457696289e+02 +5.457696289e+02 -8.9298e-01 -1.9027e+00 +1.3976e+00
355 +1.196088493e+02 +1.196088493e+02 +4.397988493e+02 +4.397988493e+02 -1.6182e+00 -2.6952e+00 +1.4025e+00
369 +9.821933173e+01 +9.821933173e+01 +4.184093317e+02 +4.184093317e+02 -1.0220e+00 -2.6516e+00 +1.4068e+00
371 +8.264145411e+01 +8.264145411e+01 +4.028314541e+02 +4.028314541e+02 -1.1411e+00 -2.5675e+00 +1.3969e+00
380 +1.026677343e+01 +1.026677343e+01 +3.304567734e+02 +3.304567734e+02 -1.1815e+00 -2.4065e+00 +1.4004e+00
397 +1.647825817e+00 +1.647825817e+00 +3.218378258e+02 +3.218378258e+02 -1.2216e+00 -2.3602e+00 +1.4021e+00
435 +8.849178233e-01 +8.849178233e-01 +3.210749178e+02 +3.210749178e+02 -1.3030e+00 -2.3747e+00 +1.4031e+00
461 +7.201359620e-01 +7.201359620e-01 +3.209101360e+02 +3.209101360e+02 -1.1806e+00 -2.3635e+00 +1.4028e+00
468 +5.055576069e-01 +5.055576069e-01 +3.206955576e+02 +3.206955576e+02 -1.0980e+00 -2.3493e+00 +1.4032e+00
469 +3.739192348e-01 +3.739192348e-01 +3.205639192e+02 +3.205639192e+02 -9.2702e-01 -2.3701e+00 +1.4029e+00
470 +2.763119789e-01 +2.763119789e-01 +3.204663120e+02 +3.204663120e+02 -9.5488e-01 -2.3570e+00 +1.4032e+00
471 +2.349906543e-01 +2.349906543e-01 +3.204249907e+02 +3.204249907e+02 -8.6911e-01 -2.3632e+00 +1.4030e+00
485 +9.646928790e-02 +9.646928790e-02 +3.202864693e+02 +3.202864693e+02 -6.9210e-01 -2.3561e+00 +1.4031e+00
503 +4.435299007e-02 +4.435299007e-02 +3.202343530e+02 +3.202343530e+02 -3.3480e-01 -2.3575e+00 +1.4030e+00
513 +2.584749882e-02 +2.584749882e-02 +3.202158475e+02 +3.202158475e+02 -4.3588e-01 -2.3561e+00 +1.4032e+00
516 +6.178901540e-03 +6.178901540e-03 +3.201961789e+02 +3.201961789e+02 -4.2626e-01 -2.3596e+00 +1.4031e+00
545 +4.816092466e-03 +4.816092466e-03 +3.201948161e+02 +3.201948161e+02 -4.0630e-01 -2.3592e+00 +1.4032e+00
557 +1.373785231e-03 +1.373785231e-03 +3.201913738e+02 +3.201913738e+02 -4.2960e-01 -2.3606e+00 +1.4032e+00
559 +6.384516997e-04 +6.384516997e-04 +3.201906385e+02 +3.201906385e+02 -4.4954e-01 -2.3605e+00 +1.4032e+00
588 +3.424606449e-04 +3.424606449e-04 +3.201903425e+02 +3.201903425e+02 -4.3983e-01 -2.3612e+00 +1.4032e+00
602 +1.730192295e-04 +1.730192295e-04 +3.201901730e+02 +3.201901730e+02 -4.4064e-01 -2.3610e+00 +1.4032e+00
618 +8.531504432e-05 +8.531504432e-05 +3.201900853e+02 +3.201900853e+02 -4.3147e-01 -2.3611e+00 +1.4032e+00
633 +4.554425993e-05 +4.554425993e-05 +3.201900455e+02 +3.201900455e+02 -4.3376e-01 -2.3610e+00 +1.4032e+00
683 +4.319495974e-05 +4.319495974e-05 +3.201900432e+02 +3.201900432e+02 -4.3448e-01 -2.3610e+00 +1.4032e+00
708 +2.762106044e-05 +2.762106044e-05 +3.201900276e+02 +3.201900276e+02 -4.3515e-01 -2.3609e+00 +1.4032e+00
722 +2.686997703e-05 +2.686997703e-05 +3.201900269e+02 +3.201900269e+02 -4.3395e-01 -2.3610e+00 +1.4032e+00
728 +1.006622222e-05 +1.006622222e-05 +3.201900101e+02 +3.201900101e+02 -4.3514e-01 -2.3609e+00 +1.4032e+00
738 +8.504448431e-06 +8.504448431e-06 +3.201900085e+02 +3.201900085e+02 -4.3384e-01 -2.3609e+00 +1.4032e+00
747 +4.391673713e-06 +4.391673713e-06 +3.201900044e+02 +3.201900044e+02 -4.3400e-01 -2.3608e+00 +1.4032e+00
757 +1.250380421e-06 +1.250380421e-06 +3.201900013e+02 +3.201900013e+02 -4.3355e-01 -2.3608e+00 +1.4032e+00
784 +1.174060969e-06 +1.174060969e-06 +3.201900012e+02 +3.201900012e+02 -4.3299e-01 -2.3608e+00 +1.4032e+00
790 +9.725324617e-07 +9.725324617e-07 +3.201900010e+02 +3.201900010e+02 -4.3341e-01 -2.3608e+00 +1.4032e+00
793 +2.582870593e-07 +2.582870593e-07 +3.201900003e+02 +3.201900003e+02 -4.3303e-01 -2.3608e+00 +1.4032e+00
821 +7.041535355e-08 +7.041535355e-08 +3.201900001e+02 +3.201900001e+02 -4.3259e-01 -2.3608e+00 +1.4032e+00
832 +5.381423307e-09 +5.381423307e-09 +3.201900000e+02 +3.201900000e+02 -4.3282e-01 -2.3608e+00 +1.4032e+00
1206 +0.000000000e+00 +0.000000000e+00 +3.201900000e+02 +3.201900000e+02 -4.3280e-01 -2.3608e+00 +1.4032e+00
% function evaluation | noise-free fitness - Fopt (-1.042400000000e+02) | best noise-free fitness - Fopt | measured fitness | best measured fitness | x1 | x2...
1 +2.062769976e+06 +2.062769976e+06 +2.062665736e+06 +2.062665736e+06 +0.0000e+00 +0.0000e+00 +0.0000e+00
87 +1.142257162e+06 +1.142257162e+06 +1.142152922e+06 +1.142152922e+06 -4.5968e+00 -5.5567e-01 +2.3473e+00
93 +1.165469148e+05 +1.165469148e+05 +1.164426748e+05 +1.164426748e+05 -4.6261e+00 +1.9024e+00 +1.0278e+00
107 +8.895642560e+04 +8.895642560e+04 +8.885218560e+04 +8.885218560e+04 -2.7745e+00 +5.2475e+00 +1.4262e+00
111 +8.492066783e+04 +8.492066783e+04 +8.481642783e+04 +8.481642783e+04 -4.3154e+00 +3.0984e+00 +1.4893e+00
118 +6.299074543e+04 +6.299074543e+04 +6.288650543e+04 +6.288650543e+04 -4.4184e+00 +1.9274e+00 +1.1540e+00
134 +5.818407330e+04 +5.818407330e+04 +5.807983330e+04 +5.807983330e+04 -4.5175e+00 +3.1748e+00 +1.2557e+00
138 +1.610657439e+04 +1.610657439e+04 +1.600233439e+04 +1.600233439e+04 -2.4077e+00 -6.0678e-01 +1.2305e+00
176 +1.448774197e+04 +1.448774197e+04 +1.438350197e+04 +1.438350197e+04 -1.8681e+00 -6.2227e-01 +1.3848e+00
185 +1.257697090e+04 +1.257697090e+04 +1.247273090e+04 +1.247273090e+04 +4.4271e-01 -3.1236e-01 +1.3209e+00
194 +8.923991148e+03 +8.923991148e+03 +8.819751148e+03 +8.819751148e+03 -4.0919e+00 -8.7738e-01 +1.3125e+00
206 +1.319596945e+03 +1.319596945e+03 +1.215356945e+03 +1.215356945e+03 +1.4630e+00 -4.4788e+00 +1.3488e+00
242 +3.467871464e+02 +3.467871464e+02 +2.425471464e+02 +2.425471464e+02 -3.0900e+00 -3.7075e+00 +1.2969e+00
245 +3.988211272e+01 +3.988211272e+01 -6.435788728e+01 -6.435788728e+01 -2.1314e+00 -4.0937e+00 +1.3127e+00
264 +3.683509897e+01 +3.683509897e+01 -6.740490103e+01 -6.740490103e+01 -2.7804e+00 -3.7645e+00 +1.3114e+00
279 +5.465896111e+00 +5.465896111e+00 -9.877410389e+01 -9.877410389e+01 -1.6861e+00 -3.8906e+00 +1.3131e+00
280 +1.407241137e+00 +1.407241137e+00 -1.028327589e+02 -1.028327589e+02 -2.7789e-01 -3.8861e+00 +1.3138e+00
318 +1.338163552e+00 +1.338163552e+00 -1.029018364e+02 -1.029018364e+02 -4.0609e-01 -3.9327e+00 +1.3144e+00
355 +1.088087584e+00 +1.088087584e+00 -1.031519124e+02 -1.031519124e+02 -3.4200e-01 -3.8965e+00 +1.3137e+00
362 +1.021399318e+00 +1.021399318e+00 -1.032186007e+02 -1.032186007e+02 -3.1121e-01 -3.8972e+00 +1.3134e+00
374 +9.223311854e-01 +9.223311854e-01 -1.033176688e+02 -1.033176688e+02 -3.9142e-01 -3.9013e+00 +1.3133e+00
379 +6.300715029e-01 +6.300715029e-01 -1.036099285e+02 -1.036099285e+02 -3.0432e-01 -3.9054e+00 +1.3135e+00
386 +5.673850629e-01 +5.673850629e-01 -1.036726149e+02 -1.036726149e+02 -3.5181e-01 -3.9122e+00 +1.3138e+00
389 +3.759228266e-01 +3.759228266e-01 -1.038640772e+02 -1.038640772e+02 -2.2107e-01 -3.9202e+00 +1.3138e+00
403 +3.111258622e-01 +3.111258622e-01 -1.039288741e+02 -1.039288741e+02 +2.9478e-02 -3.9072e+00 +1.3136e+00
406 +1.986056909e-01 +1.986056909e-01 -1.040413943e+02 -1.040413943e+02 +2.8424e-02 -3.9155e+00 +1.3134e+00
407 +6.234569462e-02 +6.234569462e-02 -1.041776543e+02 -1.041776543e+02 +1.6479e-01 -3.9167e+00 +1.3136e+00
446 +3.678335336e-02 +3.678335336e-02 -1.042032166e+02 -1.042032166e+02 +3.5077e-01 -3.9138e+00 +1.3136e+00
452 +2.616615058e-02 +2.616615058e-02 -1.042138338e+02 -1.042138338e+02 +3.1434e-01 -3.9242e+00 +1.3136e+00
457 +6.391053909e-03 +6.391053909e-03 -1.042336089e+02 -1.042336089e+02 +3.4915e-01 -3.9189e+00 +1.3137e+00
484 +5.889922146e-03 +5.889922146e-03 -1.042341101e+02 -1.042341101e+02 +3.5021e-01 -3.9211e+00 +1.3136e+00
536 +4.397871433e-03 +4.397871433e-03 -1.042356021e+02 -1.042356021e+02 +3.8513e-01 -3.9202e+00 +1.3135e+00
539 +2.309148731e-03 +2.309148731e-03 -1.042376909e+02 -1.042376909e+02 +3.5490e-01 -3.9197e+00 +1.3136e+00
545 +9.951810703e-04 +9.951810703e-04 -1.042390048e+02 -1.042390048e+02 +3.6656e-01 -3.9199e+00 +1.3136e+00
637 +4.191189164e-04 +4.191189164e-04 -1.042395809e+02 -1.042395809e+02 +3.9529e-01 -3.9197e+00 +1.3136e+00
665 +9.981749216e-05 +9.981749216e-05 -1.042399002e+02 -1.042399002e+02 +3.8925e-01 -3.9198e+00 +1.3136e+00
677 +4.747370146e-05 +4.747370146e-05 -1.042399525e+02 -1.042399525e+02 +3.9471e-01 -3.9198e+00 +1.3136e+00
688 +4.065916917e-05 +4.065916917e-05 -1.042399593e+02 -1.042399593e+02 +4.0048e-01 -3.9201e+00 +1.3136e+00
699 +1.304384521e-05 +1.304384521e-05 -1.042399870e+02 -1.042399870e+02 +3.9641e-01 -3.9199e+00 +1.3136e+00
724 +1.051177618e-05 +1.051177618e-05 -1.042399895e+02 -1.042399895e+02 +3.9538e-01 -3.9200e+00 +1.3136e+00
741 +8.254688879e-06 +8.254688879e-06 -1.042399917e+02 -1.042399917e+02 +3.9715e-01 -3.9200e+00 +1.3136e+00
743 +7.164889226e-06 +7.164889226e-06 -1.042399928e+02 -1.042399928e+02 +3.9677e-01 -3.9200e+00 +1.3136e+00
748 +2.137627419e-06 +2.137627419e-06 -1.042399979e+02 -1.042399979e+02 +3.9442e-01 -3.9200e+00 +1.3136e+00
762 +1.715911552e-06 +1.715911552e-06 -1.042399983e+02 -1.042399983e+02 +3.9539e-01 -3.9200e+00 +1.3136e+00
763 +1.457979536e-06 +1.457979536e-06 -1.042399985e+02 -1.042399985e+02 +3.9468e-01 -3.9200e+00 +1.3136e+00
768 +2.397319889e-07 +2.397319889e-07 -1.042399998e+02 -1.042399998e+02 +3.9430e-01 -3.9200e+00 +1.3136e+00
814 +9.850064941e-08 +9.850064941e-08 -1.042399999e+02 -1.042399999e+02 +3.9462e-01 -3.9200e+00 +1.3136e+00
828 +6.102021644e-08 +6.102021644e-08 -1.042399999e+02 -1.042399999e+02 +3.9463e-01 -3.9200e+00 +1.3136e+00
832 +5.515924784e-08 +5.515924784e-08 -1.042399999e+02 -1.042399999e+02 +3.9454e-01 -3.9200e+00 +1.3136e+00
845 +7.391889767e-09 +7.391889767e-09 -1.042400000e+02 -1.042400000e+02 +3.9433e-01 -3.9200e+00 +1.3136e+00
1206 +0.000000000e+00 +0.000000000e+00 -1.042400000e+02 -1.042400000e+02 +3.9440e-01 -3.9200e+00 +1.3136e+00
% function evaluation | noise-free fitness - Fopt (-1.843100000000e+02) | best noise-free fitness - Fopt | measured fitness | best measured fitness | x1 | x2...
1 +4.672130694e+04 +4.672130694e+04 +4.653699694e+04 +4.653699694e+04 +0.0000e+00 +0.0000e+00 +0.0000e+00
107 +3.768737317e+04 +3.768737317e+04 +3.750306317e+04 +3.750306317e+04 -9.0015e-01 -4.9894e+00 -1.1327e-01
112 +2.878396213e+04 +2.878396213e+04 +2.859965213e+04 +2.859965213e+04 -1.2080e+00 -4.9896e+00 -1.6476e-01
126 +2.575319666e+04 +2.575319666e+04 +2.556888666e+04 +2.556888666e+04 -8.8291e-01 -4.9874e+00 -2.2496e-01
195 +2.562058886e+04 +2.562058886e+04 +2.543627886e+04 +2.543627886e+04 +4.6341e-01 -4.9799e+00 -2.1142e-01
227 +2.511604500e+04 +2.511604500e+04 +2.493173500e+04 +2.493173500e+04 +4.0530e+00 -4.9176e+00 -2.1551e-01
317 +2.215237540e+04 +2.215237540e+04 +2.196806540e+04 +2.196806540e+04 +1.9175e+00 -4.5129e+00 -2.0094e-01
343 +2.116442252e+04 +2.116442252e+04 +2.098011252e+04 +2.098011252e+04 +1.6071e+00 -4.4126e+00 -2.1701e-01
344 +1.386943071e+04 +1.386943071e+04 +1.368512071e+04 +1.368512071e+04 +3.8039e+00 -3.4950e+00 -2.1107e-01
350 +1.369591347e+04 +1.369591347e+04 +1.351160347e+04 +1.351160347e+04 -1.2631e+01 -3.4070e+00 -2.3215e-01
355 +7.099743382e+03 +7.099743382e+03 +6.915433382e+03 +6.915433382e+03 +2.4111e+00 -2.4147e+00 -2.3945e-01
366 +5.530046627e+03 +5.530046627e+03 +5.345736627e+03 +5.345736627e+03 -3.4924e+00 -2.1597e+00 -2.0407e-01
369 +3.293888173e+03 +3.293888173e+03 +3.109578173e+03 +3.109578173e+03 +4.4082e+00 -1.3626e+00 -1.9577e-01
370 +4.591765610e+02 +4.591765610e+02 +2.748665610e+02 +2.748665610e+02 -1.2416e+01 +6.0072e-01 -2.2495e-01
395 +3.084992046e+02 +3.084992046e+02 +1.241892046e+02 +1.241892046e+02 +3.0050e+00 -3.3000e-01 -2.1061e-01
400 +8.517453022e+01 +8.517453022e+01 -9.913546978e+01 -9.913546978e+01 +2.4796e+00 -6.3290e-02 -2.1435e-01
410 +3.997146206e+01 +3.997146206e+01 -1.443385379e+02 -1.443385379e+02 -3.5098e+00 +2.4507e-01 -2.1859e-01
429 +2.580378648e+01 +2.580378648e+01 -1.585062135e+02 -1.585062135e+02 +1.7386e+00 +8.3312e-02 -2.1339e-01
453 +1.730878363e+01 +1.730878363e+01 -1.670012164e+02 -1.670012164e+02 +5.7427e+00 +1.9753e-01 -2.1403e-01
468 +1.540632812e+01 +1.540632812e+01 -1.689036719e+02 -1.689036719e+02 +5.1459e+00 +2.9155e-01 -2.1414e-01
470 +1.864432281e+00 +1.864432281e+00 -1.824455677e+02 -1.824455677e+02 +2.5976e+00 +1.9043e-01 -2.1538e-01
526 +1.250350734e+00 +1.250350734e+00 -1.830596493e+02 -1.830596493e+02 +8.7534e-01 +2.2780e-01 -2.1463e-01
533 +5.515661274e-01 +5.515661274e-01 -1.837584339e+02 -1.837584339e+02 +1.6998e+00 +2.2879e-01 -2.1447e-01
543 +1.408401279e-01 +1.408401279e-01 -1.841691599e+02 -1.841691599e+02 +1.6825e+00 +2.3135e-01 -2.1548e-01
558 +4.169830754e-02 +4.169830754e-02 -1.842683017e+02 -1.842683017e+02 +1.7260e+00 +2.3004e-01 -2.1518e-01
606 +2.093749344e-02 +2.093749344e-02 -1.842890625e+02 -1.842890625e+02 +1.9911e+00 +2.2531e-01 -2.1518e-01
619 +1.282242569e-02 +1.282242569e-02 -1.842971776e+02 -1.842971776e+02 +1.9145e+00 +2.2796e-01 -2.1522e-01
624 +8.817815667e-03 +8.817815667e-03 -1.843011822e+02 -1.843011822e+02 +1.7500e+00 +2.2390e-01 -2.1522e-01
639 +3.197859068e-03 +3.197859068e-03 -1.843068021e+02 -1.843068021e+02 +1.8351e+00 +2.2433e-01 -2.1515e-01
729 +9.730123825e-04 +9.730123825e-04 -1.843090270e+02 -1.843090270e+02 +1.8233e+00 +2.2557e-01 -2.1520e-01
737 +8.085871342e-04 +8.085871342e-04 -1.843091914e+02 -1.843091914e+02 +1.8210e+00 +2.2529e-01 -2.1519e-01
742 +5.490554904e-04 +5.490554904e-04 -1.843094509e+02 -1.843094509e+02 +1.8518e+00 +2.2446e-01 -2.1518e-01
759 +1.643736910e-04 +1.643736910e-04 -1.843098356e+02 -1.843098356e+02 +1.8319e+00 +2.2486e-01 -2.1521e-01
765 +1.406770283e-04 +1.406770283e-04 -1.843098593e+02 -1.843098593e+02 +1.8334e+00 +2.2466e-01 -2.1521e-01
768 +3.526872970e-05 +3.526872970e-05 -1.843099647e+02 -1.843099647e+02 +1.8425e+00 +2.2471e-01 -2.1519e-01
797 +2.438033755e-05 +2.438033755e-05 -1.843099756e+02 -1.843099756e+02 +1.8452e+00 +2.2466e-01 -2.1520e-01
799 +1.370318071e-05 +1.370318071e-05 -1.843099863e+02 -1.843099863e+02 +1.8449e+00 +2.2470e-01 -2.1520e-01
815 +8.778946039e-06 +8.778946039e-06 -1.843099912e+02 -1.843099912e+02 +1.8443e+00 +2.2472e-01 -2.1520e-01
829 +6.118010816e-06 +6.118010816e-06 -1.843099939e+02 -1.843099939e+02 +1.8447e+00 +2.2474e-01 -2.1520e-01
834 +5.328831151e-06 +5.328831151e-06 -1.843099947e+02 -1.843099947e+02 +1.8449e+00 +2.2479e-01 -2.1520e-01
850 +2.911846224e-06 +2.911846224e-06 -1.843099971e+02 -1.843099971e+02 +1.8434e+00 +2.2485e-01 -2.1520e-01
856 +1.999848450e-06 +1.999848450e-06 -1.843099980e+02 -1.843099980e+02 +1.8440e+00 +2.2483e-01 -2.1520e-01
894 +1.759462094e-06 +1.759462094e-06 -1.843099982e+02 -1.843099982e+02 +1.8441e+00 +2.2483e-01 -2.1520e-01
895 +1.472158090e-06 +1.472158090e-06 -1.843099985e+02 -1.843099985e+02 +1.8442e+00 +2.2480e-01 -2.1520e-01
899 +2.152278284e-07 +2.152278284e-07 -1.843099998e+02 -1.843099998e+02 +1.8436e+00 +2.2479e-01 -2.1520e-01
942 +2.114079507e-07 +2.114079507e-07 -1.843099998e+02 -1.843099998e+02 +1.8433e+00 +2.2479e-01 -2.1520e-01
944 +9.828207226e-08 +9.828207226e-08 -1.843099999e+02 -1.843099999e+02 +1.8433e+00 +2.2479e-01 -2.1520e-01
968 +9.684853808e-08 +9.684853808e-08 -1.843099999e+02 -1.843099999e+02 +1.8435e+00 +2.2479e-01 -2.1520e-01
1007 +9.407861512e-08 +9.407861512e-08 -1.843099999e+02 -1.843099999e+02 +1.8434e+00 +2.2479e-01 -2.1520e-01
1014 +8.242625427e-08 +8.242625427e-08 -1.843099999e+02 -1.843099999e+02 +1.8435e+00 +2.2480e-01 -2.1520e-01
1022 +4.638212658e-08 +4.638212658e-08 -1.843100000e+02 -1.843100000e+02 +1.8434e+00 +2.2480e-01 -2.1520e-01
1029 +4.421124800e-08 +4.421124800e-08 -1.843100000e+02 -1.843100000e+02 +1.8433e+00 +2.2480e-01 -2.1520e-01
1037 +1.470664301e-08 +1.470664301e-08 -1.843100000e+02 -1.843100000e+02 +1.8433e+00 +2.2480e-01 -2.1520e-01
1038 +7.789907386e-09 +7.789907386e-09 -1.843100000e+02 -1.843100000e+02 +1.8431e+00 +2.2480e-01 -2.1520e-01
1478 +0.000000000e+00 +0.000000000e+00 -1.843100000e+02 -1.843100000e+02 +1.8432e+00 +2.2480e-01 -2.1520e-01
% function evaluation | noise-free fitness - Fopt (5.684000000000e+01) | best noise-free fitness - Fopt | measured fitness | best measured fitness | x1 | x2...
1 +1.233309017e+07 +1.233309017e+07 +1.233314701e+07 +1.233314701e+07 +0.0000e+00 +0.0000e+00 +0.0000e+00
58 +1.179672339e+07 +1.179672339e+07 +1.179678023e+07 +1.179678023e+07 -4.4505e+00 +4.6098e+00 -7.4153e-02
75 +5.712449134e+06 +5.712449134e+06 +5.712505974e+06 +5.712505974e+06 -4.8596e+00 +4.6542e+00 -1.3296e+00
97 +5.114920686e+06 +5.114920686e+06 +5.114977526e+06 +5.114977526e+06 -4.7110e+00 +4.6779e+00 -1.4207e+00
108 +4.930968376e+06 +4.930968376e+06 +4.931025216e+06 +4.931025216e+06 -4.7455e+00 +4.6399e+00 -1.4476e+00
109 +3.593238493e+06 +3.593238493e+06 +3.593295333e+06 +3.593295333e+06 -4.8676e+00 +4.6594e+00 -1.6492e+00
111 +2.412699347e+06 +2.412699347e+06 +2.412756187e+06 +2.412756187e+06 -4.7133e+00 +4.6467e+00 -1.9145e+00
115 +5.945704501e+05 +5.945704501e+05 +5.946272901e+05 +5.946272901e+05 -4.7091e+00 +4.6560e+00 -2.7830e+00
130 +5.786798575e+04 +5.786798575e+04 +5.792482575e+04 +5.792482575e+04 -5.1850e+00 +4.6497e+00 -3.5422e+00
172 +5.597827897e+04 +5.597827897e+04 +5.603511897e+04 +5.603511897e+04 -5.2716e+00 +4.5732e+00 -3.5558e+00
213 +5.241925024e+04 +5.241925024e+04 +5.247609024e+04 +5.247609024e+04 -5.2455e+00 +4.3913e+00 -3.5711e+00
229 +5.073620705e+04 +5.073620705e+04 +5.079304705e+04 +5.079304705e+04 -5.1200e+00 +4.2609e+00 -3.5596e+00
232 +4.932979574e+04 +4.932979574e+04 +4.938663574e+04 +4.938663574e+04 -5.1710e+00 +4.2149e+00 -3.5831e+00
242 +4.159160096e+04 +4.159160096e+04 +4.164844096e+04 +4.164844096e+04 -5.1507e+00 +3.7574e+00 -3.5709e+00
262 +3.588528049e+04 +3.588528049e+04 +3.594212049e+04 +3.594212049e+04 -5.1711e+00 +3.4006e+00 -3.5670e+00
287 +3.503099376e+04 +3.503099376e+04 +3.508783376e+04 +3.508783376e+04 -5.1955e+00 +3.3251e+00 -3.5609e+00
290 +3.439131670e+04 +3.439131670e+04 +3.444815670e+04 +3.444815670e+04 -5.1923e+00 +3.3174e+00 -3.5814e+00
291 +2.675619970e+04 +2.675619970e+04 +2.681303970e+04 +2.681303970e+04 -5.1860e+00 +2.5942e+00 -3.5465e+00
305 +1.201295636e+04 +1.201295636e+04 +1.206979636e+04 +1.206979636e+04 -5.1918e+00 +3.1677e-02 -3.6596e+00
315 +4.459451623e+03 +4.459451623e+03 +4.516291623e+03 +4.516291623e+03 -5.2096e+00 -2.5399e+00 -3.6564e+00
318 +3.731219206e+03 +3.731219206e+03 +3.788059206e+03 +3.788059206e+03 -5.2154e+00 -2.2703e+00 -3.5232e+00
321 +2.558801828e+03 +2.558801828e+03 +2.615641828e+03 +2.615641828e+03 -5.1623e+00 -2.3019e+00 -3.6309e+00
341 +1.338757695e+03 +1.338757695e+03 +1.395597695e+03 +1.395597695e+03 -5.1753e+00 -2.0294e+00 -3.5476e+00
347 +1.236294032e+03 +1.236294032e+03 +1.293134032e+03 +1.293134032e+03 -5.2727e+00 -3.1346e+00 -3.5539e+00
360 +2.024853090e+02 +2.024853090e+02 +2.593253090e+02 +2.593253090e+02 -5.2430e+00 -2.8712e+00 -3.5761e+00
363 +4.593404360e+01 +4.593404360e+01 +1.027740436e+02 +1.027740436e+02 -5.2502e+00 -2.4242e+00 -3.5850e+00
365 +4.195678867e+01 +4.195678867e+01 +9.879678867e+01 +9.879678867e+01 -5.2497e+00 -2.6099e+00 -3.5858e+00
380 +3.575641928e+01 +3.575641928e+01 +9.259641928e+01 +9.259641928e+01 -5.2889e+00 -2.4680e+00 -3.5821e+00
427 +3.253679072e+01 +3.253679072e+01 +8.937679072e+01 +8.937679072e+01 -5.2533e+00 -2.5456e+00 -3.5817e+00
428 +2.960732095e+01 +2.960732095e+01 +8.644732095e+01 +8.644732095e+01 -5.1234e+00 -2.5411e+00 -3.5828e+00
573 +2.946557752e+01 +2.946557752e+01 +8.630557752e+01 +8.630557752e+01 -5.1360e+00 -2.5316e+00 -3.5830e+00
620 +2.819739536e+01 +2.819739536e+01 +8.503739536e+01 +8.503739536e+01 -4.9895e+00 -2.5264e+00 -3.5831e+00
633 +2.734203221e+01 +2.734203221e+01 +8.418203221e+01 +8.418203221e+01 -4.8771e+00 -2.5308e+00 -3.5835e+00
648 +2.665208940e+01 +2.665208940e+01 +8.349208940e+01 +8.349208940e+01 -4.7675e+00 -2.5262e+00 -3.5827e+00
662 +2.212858073e+01 +2.212858073e+01 +7.896858073e+01 +7.896858073e+01 -4.2011e+00 -2.5236e+00 -3.5828e+00
667 +1.342138221e+01 +1.342138221e+01 +7.026138221e+01 +7.026138221e+01 -3.1303e+00 -2.5320e+00 -3.5833e+00
681 +6.499852148e+00 +6.499852148e+00 +6.333985215e+01 +6.333985215e+01 -2.0652e+00 -2.5210e+00 -3.5829e+00
682 +5.228617841e+00 +5.228617841e+00 +6.206861784e+01 +6.206861784e+01 -1.8041e+00 -2.5265e+00 -3.5834e+00
702 +3.850569276e+00 +3.850569276e+00 +6.069056928e+01 +6.069056928e+01 -1.3623e+00 -2.5218e+00 -3.5831e+00
704 +2.432736521e+00 +2.432736521e+00 +5.927273652e+01 +5.927273652e+01 -8.8429e-01 -2.5248e+00 -3.5833e+00
706 +4.520077237e-01 +4.520077237e-01 +5.729200772e+01 +5.729200772e+01 +1.0627e+00 -2.5288e+00 -3.5828e+00
708 +2.030525322e-01 +2.030525322e-01 +5.704305253e+01 +5.704305253e+01 +2.1092e-01 -2.5257e+00 -3.5835e+00
717 +8.309335415e-02 +8.309335415e-02 +5.692309335e+01 +5.692309335e+01 +6.4879e-01 -2.5239e+00 -3.5834e+00
746 +2.154745402e-02 +2.154745402e-02 +5.686154745e+01 +5.686154745e+01 +5.0212e-01 -2.5247e+00 -3.5832e+00
773 +7.907310806e-03 +7.907310806e-03 +5.684790731e+01 +5.684790731e+01 +5.5273e-01 -2.5264e+00 -3.5832e+00
798 +6.937391661e-03 +6.937391661e-03 +5.684693739e+01 +5.684693739e+01 +5.8549e-01 -2.5283e+00 -3.5831e+00
812 +6.097384232e-04 +6.097384232e-04 +5.684060974e+01 +5.684060974e+01 +5.3646e-01 -2.5293e+00 -3.5832e+00
977 +4.947708690e-04 +4.947708690e-04 +5.684049477e+01 +5.684049477e+01 +5.2750e-01 -2.5287e+00 -3.5832e+00
1001 +3.975753311e-04 +3.975753311e-04 +5.684039758e+01 +5.684039758e+01 +5.3409e-01 -2.5290e+00 -3.5832e+00
1031 +3.650356668e-04 +3.650356668e-04 +5.684036504e+01 +5.684036504e+01 +5.3066e-01 -2.5287e+00 -3.5832e+00
1039 +3.476222844e-04 +3.476222844e-04 +5.684034762e+01 +5.684034762e+01 +5.3903e-01 -2.5288e+00 -3.5832e+00
1040 +3.376774138e-04 +3.376774138e-04 +5.684033768e+01 +5.684033768e+01 +5.3117e-01 -2.5288e+00 -3.5832e+00
1044 +3.207083408e-04 +3.207083408e-04 +5.684032071e+01 +5.684032071e+01 +5.3047e-01 -2.5288e+00 -3.5832e+00
1058 +2.695038751e-04 +2.695038751e-04 +5.684026950e+01 +5.684026950e+01 +5.1921e-01 -2.5288e+00 -3.5832e+00
1065 +1.841971995e-04 +1.841971995e-04 +5.684018420e+01 +5.684018420e+01 +5.3033e-01 -2.5287e+00 -3.5832e+00
1067 +1.099210663e-04 +1.099210663e-04 +5.684010992e+01 +5.684010992e+01 +5.2660e-01 -2.5287e+00 -3.5832e+00
1069 +3.400512293e-05 +3.400512293e-05 +5.684003401e+01 +5.684003401e+01 +5.3188e-01 -2.5287e+00 -3.5832e+00
1087 +2.293574549e-05 +2.293574549e-05 +5.684002294e+01 +5.684002294e+01 +5.3432e-01 -2.5287e+00 -3.5832e+00
1096 +1.947651944e-05 +1.947651944e-05 +5.684001948e+01 +5.684001948e+01 +5.3037e-01 -2.5288e+00 -3.5832e+00
1103 +1.729941162e-05 +1.729941162e-05 +5.684001730e+01 +5.684001730e+01 +5.3077e-01 -2.5287e+00 -3.5832e+00
1104 +1.168482644e-05 +1.168482644e-05 +5.684001168e+01 +5.684001168e+01 +5.3024e-01 -2.5287e+00 -3.5832e+00
1126 +1.008225222e-05 +1.008225222e-05 +5.684001008e+01 +5.684001008e+01 +5.3364e-01 -2.5287e+00 -3.5832e+00
1128 +6.714520516e-06 +6.714520516e-06 +5.684000671e+01 +5.684000671e+01 +5.3361e-01 -2.5288e+00 -3.5832e+00
1142 +6.315877535e-06 +6.315877535e-06 +5.684000632e+01 +5.684000632e+01 +5.3326e-01 -2.5287e+00 -3.5832e+00
1143 +5.680820387e-06 +5.680820387e-06 +5.684000568e+01 +5.684000568e+01 +5.3357e-01 -2.5287e+00 -3.5832e+00
1148 +1.067163140e-06 +1.067163140e-06 +5.684000107e+01 +5.684000107e+01 +5.3298e-01 -2.5288e+00 -3.5832e+00
1172 +3.915122804e-07 +3.915122804e-07 +5.684000039e+01 +5.684000039e+01 +5.3272e-01 -2.5288e+00 -3.5832e+00
1218 +3.245075391e-07 +3.245075391e-07 +5.684000032e+01 +5.684000032e+01 +5.3253e-01 -2.5288e+00 -3.5832e+00
1234 +2.077098031e-07 +2.077098031e-07 +5.684000021e+01 +5.684000021e+01 +5.3278e-01 -2.5288e+00 -3.5832e+00
1236 +1.054263663e-07 +1.054263663e-07 +5.684000011e+01 +5.684000011e+01 +5.3282e-01 -2.5288e+00 -3.5832e+00
1257 +9.452487859e-08 +9.452487859e-08 +5.684000009e+01 +5.684000009e+01 +5.3273e-01 -2.5288e+00 -3.5832e+00
1274 +9.231538911e-08 +9.231538911e-08 +5.684000009e+01 +5.684000009e+01 +5.3280e-01 -2.5288e+00 -3.5832e+00
1280 +6.336255609e-08 +6.336255609e-08 +5.684000006e+01 +5.684000006e+01 +5.3294e-01 -2.5288e+00 -3.5832e+00
1291 +3.477836685e-08 +3.477836685e-08 +5.684000003e+01 +5.684000003e+01 +5.3292e-01 -2.5288e+00 -3.5832e+00
1292 +3.447695462e-08 +3.447695462e-08 +5.684000003e+01 +5.684000003e+01 +5.3282e-01 -2.5288e+00 -3.5832e+00
1309 +2.560847889e-08 +2.560847889e-08 +5.684000003e+01 +5.684000003e+01 +5.3287e-01 -2.5288e+00 -3.5832e+00
1313 +1.607069322e-08 +1.607069322e-08 +5.684000002e+01 +5.684000002e+01 +5.3293e-01 -2.5288e+00 -3.5832e+00
1316 +8.547587527e-09 +8.547587527e-09 +5.684000001e+01 +5.684000001e+01 +5.3275e-01 -2.5288e+00 -3.5832e+00
1616 +0.000000000e+00 +0.000000000e+00 +5.684000000e+01 +5.684000000e+01 +5.3280e-01 -2.5288e+00 -3.5832e+00
% function evaluation | noise-free fitness - Fopt (-1.897300000000e+02) | best noise-free fitness - Fopt | measured fitness | best measured fitness | x1 | x2...
1 +1.546126791e+06 +1.546126791e+06 +1.545937061e+06 +1.545937061e+06 +0.0000e+00 +0.0000e+00 +0.0000e+00
108 +3.286721877e+05 +3.286721877e+05 +3.284824577e+05 +3.284824577e+05 +3.6527e+00 -1.8751e+00 -1.7517e+00
112 +9.330717982e+03 +9.330717982e+03 +9.140987982e+03 +9.140987982e+03 +3.0662e+00 -1.9402e+00 -1.2319e+00
115 +1.644013283e+03 +1.644013283e+03 +1.454283283e+03 +1.454283283e+03 +3.0071e+00 -1.9097e+00 -1.1208e+00
152 +1.150381729e+03 +1.150381729e+03 +9.606517287e+02 +9.606517287e+02 +3.4110e+00 -1.8243e+00 -1.1441e+00
170 +7.566610157e+02 +7.566610157e+02 +5.669310157e+02 +5.669310157e+02 +1.6569e+00 -1.5647e+00 -1.1529e+00
193 +5.073819489e+02 +5.073819489e+02 +3.176519489e+02 +3.176519489e+02 +3.4044e+00 -1.5177e+00 -1.1302e+00
202 +3.667712585e+02 +3.667712585e+02 +1.770412585e+02 +1.770412585e+02 +2.2932e+00 -1.3808e+00 -1.1456e+00
217 +3.543929063e+02 +3.543929063e+02 +1.646629063e+02 +1.646629063e+02 +2.5784e+00 -1.1193e+00 -1.1219e+00
246 +3.087348578e+02 +3.087348578e+02 +1.190048578e+02 +1.190048578e+02 +5.2031e+00 -1.3460e+00 -1.1354e+00
254 +1.621282973e+02 +1.621282973e+02 -2.760170273e+01 -2.760170273e+01 +3.4571e+00 -1.1118e+00 -1.1449e+00
257 +9.113324575e+01 +9.113324575e+01 -9.859675425e+01 -9.859675425e+01 +4.8557e+00 -1.0585e+00 -1.1359e+00
272 +8.556712362e+01 +8.556712362e+01 -1.041628764e+02 -1.041628764e+02 +3.5502e+00 -1.0668e+00 -1.1382e+00
275 +6.283243386e+01 +6.283243386e+01 -1.268975661e+02 -1.268975661e+02 +8.1860e+00 -8.4910e-01 -1.1363e+00
295 +3.866429618e+01 +3.866429618e+01 -1.510657038e+02 -1.510657038e+02 +6.8288e+00 -8.4122e-01 -1.1372e+00
297 +2.405341287e+01 +2.405341287e+01 -1.656765871e+02 -1.656765871e+02 +5.4149e+00 -7.2928e-01 -1.1375e+00
298 +6.871573358e+00 +6.871573358e+00 -1.828584266e+02 -1.828584266e+02 +3.3173e+00 -7.7433e-01 -1.1374e+00
392 +5.047897618e+00 +5.047897618e+00 -1.846821024e+02 -1.846821024e+02 +3.0207e+00 -7.7404e-01 -1.1376e+00
394 +1.145142898e+00 +1.145142898e+00 -1.885848571e+02 -1.885848571e+02 +1.8275e+00 -7.7073e-01 -1.1379e+00
440 +8.048323591e-01 +8.048323591e-01 -1.889251676e+02 -1.889251676e+02 +1.2049e+00 -7.6537e-01 -1.1379e+00
448 +4.200573064e-01 +4.200573064e-01 -1.893099427e+02 -1.893099427e+02 +1.4572e+00 -7.8704e-01 -1.1374e+00
478 +2.118472313e-01 +2.118472313e-01 -1.895181528e+02 -1.895181528e+02 +1.1599e+00 -7.9992e-01 -1.1377e+00
486 +9.193514792e-02 +9.193514792e-02 -1.896380649e+02 -1.896380649e+02 +1.1310e+00 -7.9231e-01 -1.1377e+00
499 +4.794967565e-03 +4.794967565e-03 -1.897252050e+02 -1.897252050e+02 +9.5650e-01 -7.8982e-01 -1.1376e+00
538 +3.970214889e-03 +3.970214889e-03 -1.897260298e+02 -1.897260298e+02 +8.9027e-01 -7.9061e-01 -1.1376e+00
574 +3.002948556e-03 +3.002948556e-03 -1.897269971e+02 -1.897269971e+02 +8.4944e-01 -7.8798e-01 -1.1376e+00
595 +1.738885153e-03 +1.738885153e-03 -1.897282611e+02 -1.897282611e+02 +8.6763e-01 -7.8990e-01 -1.1376e+00
599 +4.497676358e-04 +4.497676358e-04 -1.897295502e+02 -1.897295502e+02 +8.7086e-01 -7.8883e-01 -1.1376e+00
620 +2.282525987e-04 +2.282525987e-04 -1.897297717e+02 -1.897297717e+02 +8.8473e-01 -7.8918e-01 -1.1376e+00
646 +3.113807111e-05 +3.113807111e-05 -1.897299689e+02 -1.897299689e+02 +8.8908e-01 -7.8865e-01 -1.1376e+00
681 +6.198753510e-07 +6.198753510e-07 -1.897299994e+02 -1.897299994e+02 +8.9161e-01 -7.8882e-01 -1.1376e+00
833 +2.498262575e-08 +2.498262575e-08 -1.897300000e+02 -1.897300000e+02 +8.9185e-01 -7.8880e-01 -1.1376e+00
960 +6.678760656e-09 +6.678760656e-09 -1.897300000e+02 -1.897300000e+02 +8.9200e-01 -7.8880e-01 -1.1376e+00
1314 +0.000000000e+00 +0.000000000e+00 -1.897300000e+02 -1.897300000e+02 +8.9200e-01 -7.8880e-01 -1.1376e+00
% function evaluation | noise-free fitness - Fopt (4.659700000000e+02) | best noise-free fitness - Fopt | measured fitness | best measured fitness | x1 | x2...
1 +4.720755508e+05 +4.720755508e+05 +4.725415208e+05 +4.725415208e+05 +0.0000e+00 +0.0000e+00 +0.0000e+00
153 +4.341555109e+05 +4.341555109e+05 +4.346214809e+05 +4.346214809e+05 -5.9402e+00 -4.9332e+00 +1.3407e+00
157 +3.393835800e+05 +3.393835800e+05 +3.398495500e+05 +3.398495500e+05 +7.0123e+00 +1.0011e+01 +2.4635e-01
167 +2.271212325e+05 +2.271212325e+05 +2.275872025e+05 +2.275872025e+05 -1.1172e+00 +4.3695e+00 +1.2183e+00
170 +1.371535015e+05 +1.371535015e+05 +1.376194715e+05 +1.376194715e+05 -1.6550e+00 +2.5534e+00 +1.1166e+00
171 +1.273477246e+05 +1.273477246e+05 +1.278136946e+05 +1.278136946e+05 +1.8279e+00 +2.9416e+00 +1.0891e+00
175 +6.644491036e+04 +6.644491036e+04 +6.691088036e+04 +6.691088036e+04 -4.6772e+00 -2.6772e+00 +9.9643e-01
178 +1.216955391e+04 +1.216955391e+04 +1.263552391e+04 +1.263552391e+04 +7.4441e+01 -3.1678e-01 +6.6203e-01
210 +1.047305875e+04 +1.047305875e+04 +1.093902875e+04 +1.093902875e+04 +5.4474e+01 +1.6649e+00 +6.8779e-01
215 +8.143790613e+03 +8.143790613e+03 +8.609760613e+03 +8.609760613e+03 +4.7575e+01 +1.9335e+00 +7.6529e-01
232 +2.346697380e+03 +2.346697380e+03 +2.812667380e+03 +2.812667380e+03 +3.9797e+01 -2.8594e-01 +7.7641e-01
237 +2.044054458e+03 +2.044054458e+03 +2.510024458e+03 +2.510024458e+03 +4.0427e+01 -6.6557e-01 +7.6734e-01
249 +2.019963396e+03 +2.019963396e+03 +2.485933396e+03 +2.485933396e+03 +3.6958e+01 +3.8027e-01 +7.6526e-01
250 +1.987193042e+03 +1.987193042e+03 +2.453163042e+03 +2.453163042e+03 +4.1773e+01 -6.5736e-01 +7.5879e-01
254 +1.884529291e+03 +1.884529291e+03 +2.350499291e+03 +2.350499291e+03 +3.4201e+01 -7.4806e-01 +7.7117e-01
267 +1.583301569e+03 +1.583301569e+03 +2.049271569e+03 +2.049271569e+03 +3.7939e+01 -6.4007e-01 +7.5765e-01
286 +1.415098940e+03 +1.415098940e+03 +1.881068940e+03 +1.881068940e+03 +3.6004e+01 -1.4799e-02 +7.5923e-01
303 +1.352732901e+03 +1.352732901e+03 +1.818702901e+03 +1.818702901e+03 +3.7205e+01 -2.4807e-01 +7.5545e-01
329 +1.345930163e+03 +1.345930163e+03 +1.811900163e+03 +1.811900163e+03 +3.4839e+01 -4.6608e-02 +7.5912e-01
331 +1.282055938e+03 +1.282055938e+03 +1.748025938e+03 +1.748025938e+03 +3.4552e+01 -1.7278e-01 +7.5827e-01
350 +1.249332416e+03 +1.249332416e+03 +1.715302416e+03 +1.715302416e+03 +3.3601e+01 -6.8515e-02 +7.5647e-01
359 +1.189576918e+03 +1.189576918e+03 +1.655546918e+03 +1.655546918e+03 +3.2807e+01 -1.6916e-01 +7.5580e-01
365 +4.045178349e+02 +4.045178349e+02 +8.704878349e+02 +8.704878349e+02 +1.6135e+01 +6.8955e-02 +7.4868e-01
394 +6.511056947e+01 +6.511056947e+01 +5.310805695e+02 +5.310805695e+02 -8.9883e+00 -4.0735e-01 +7.5046e-01
412 +1.851397999e+01 +1.851397999e+01 +4.844839800e+02 +4.844839800e+02 +1.5678e+00 -3.4861e-01 +7.4806e-01
413 +1.453049787e+01 +1.453049787e+01 +4.805004979e+02 +4.805004979e+02 +1.0047e+00 -3.4306e-01 +7.4816e-01
431 +1.257237222e+01 +1.257237222e+01 +4.785423722e+02 +4.785423722e+02 +1.3840e+00 -3.1064e-01 +7.4869e-01
439 +9.164001941e+00 +9.164001941e+00 +4.751340019e+02 +4.751340019e+02 -3.6800e+00 -2.1878e-01 +7.4810e-01
457 +1.574285785e+00 +1.574285785e+00 +4.675442858e+02 +4.675442858e+02 -1.0691e+00 -2.4252e-01 +7.4989e-01
483 +1.050734787e+00 +1.050734787e+00 +4.670207348e+02 +4.670207348e+02 -9.9207e-01 -2.5548e-01 +7.4971e-01
534 +9.884626378e-01 +9.884626378e-01 +4.669584626e+02 +4.669584626e+02 -1.0303e+00 -2.6343e-01 +7.5009e-01
546 +4.168568380e-01 +4.168568380e-01 +4.663868568e+02 +4.663868568e+02 -1.3524e+00 -2.6954e-01 +7.4939e-01
571 +3.753882871e-01 +3.753882871e-01 +4.663453883e+02 +4.663453883e+02 -1.5047e+00 -2.5884e-01 +7.4950e-01
577 +1.672816493e-01 +1.672816493e-01 +4.661372816e+02 +4.661372816e+02 -1.8228e+00 -2.6123e-01 +7.4955e-01
590 +1.633073125e-01 +1.633073125e-01 +4.661333073e+02 +4.661333073e+02 -1.5608e+00 -2.7928e-01 +7.4951e-01
599 +1.380421184e-01 +1.380421184e-01 +4.661080421e+02 +4.661080421e+02 -1.9511e+00 -2.6629e-01 +7.4930e-01
601 +6.966619952e-02 +6.966619952e-02 +4.660396662e+02 +4.660396662e+02 -1.7759e+00 -2.6633e-01 +7.4962e-01
613 +6.160211416e-02 +6.160211416e-02 +4.660316021e+02 +4.660316021e+02 -1.8273e+00 -2.6622e-01 +7.4961e-01
616 +3.994076161e-02 +3.994076161e-02 +4.660099408e+02 +4.660099408e+02 -1.9568e+00 -2.6926e-01 +7.4948e-01
627 +2.266033112e-02 +2.266033112e-02 +4.659926603e+02 +4.659926603e+02 -1.8278e+00 -2.7722e-01 +7.4963e-01
633 +7.314290742e-03 +7.314290742e-03 +4.659773143e+02 +4.659773143e+02 -1.8362e+00 -2.7232e-01 +7.4957e-01
647 +4.812770848e-03 +4.812770848e-03 +4.659748128e+02 +4.659748128e+02 -1.8701e+00 -2.7449e-01 +7.4955e-01
650 +2.850478932e-03 +2.850478932e-03 +4.659728505e+02 +4.659728505e+02 -1.8956e+00 -2.7509e-01 +7.4958e-01
665 +2.767000027e-03 +2.767000027e-03 +4.659727670e+02 +4.659727670e+02 -1.8737e+00 -2.7312e-01 +7.4956e-01
669 +1.688254179e-03 +1.688254179e-03 +4.659716883e+02 +4.659716883e+02 -1.8848e+00 -2.7392e-01 +7.4957e-01
690 +8.781584208e-04 +8.781584208e-04 +4.659708782e+02 +4.659708782e+02 -1.9025e+00 -2.7431e-01 +7.4958e-01
718 +7.192992981e-04 +7.192992981e-04 +4.659707193e+02 +4.659707193e+02 -1.9013e+00 -2.7401e-01 +7.4958e-01
722 +5.951967767e-04 +5.951967767e-04 +4.659705952e+02 +4.659705952e+02 -1.9197e+00 -2.7323e-01 +7.4958e-01
732 +2.920094124e-04 +2.920094124e-04 +4.659702920e+02 +4.659702920e+02 -1.9021e+00 -2.7400e-01 +7.4960e-01
738 +2.149556853e-04 +2.149556853e-04 +4.659702150e+02 +4.659702150e+02 -1.9203e+00 -2.7394e-01 +7.4960e-01
748 +2.074134462e-04 +2.074134462e-04 +4.659702074e+02 +4.659702074e+02 -1.9083e+00 -2.7388e-01 +7.4961e-01
754 +1.004896274e-05 +1.004896274e-05 +4.659700100e+02 +4.659700100e+02 -1.9118e+00 -2.7369e-01 +7.4960e-01
840 +4.626650650e-06 +4.626650650e-06 +4.659700046e+02 +4.659700046e+02 -1.9100e+00 -2.7361e-01 +7.4960e-01
842 +3.974069898e-06 +3.974069898e-06 +4.659700040e+02 +4.659700040e+02 -1.9130e+00 -2.7363e-01 +7.4960e-01
851 +3.714223112e-06 +3.714223112e-06 +4.659700037e+02 +4.659700037e+02 -1.9124e+00 -2.7364e-01 +7.4960e-01
922 +3.613880267e-06 +3.613880267e-06 +4.659700036e+02 +4.659700036e+02 -1.9131e+00 -2.7358e-01 +7.4960e-01
923 +2.985208539e-06 +2.985208539e-06 +4.659700030e+02 +4.659700030e+02 -1.9126e+00 -2.7358e-01 +7.4960e-01
939 +2.846615018e-06 +2.846615018e-06 +4.659700028e+02 +4.659700028e+02 -1.9129e+00 -2.7359e-01 +7.4960e-01
946 +1.740669063e-06 +1.740669063e-06 +4.659700017e+02 +4.659700017e+02 -1.9124e+00 -2.7358e-01 +7.4960e-01
948 +1.631440227e-06 +1.631440227e-06 +4.659700016e+02 +4.659700016e+02 -1.9122e+00 -2.7359e-01 +7.4960e-01
958 +1.034400782e-06 +1.034400782e-06 +4.659700010e+02 +4.659700010e+02 -1.9121e+00 -2.7359e-01 +7.4960e-01
967 +5.838384709e-07 +5.838384709e-07 +4.659700006e+02 +4.659700006e+02 -1.9116e+00 -2.7359e-01 +7.4960e-01
968 +2.820866030e-07 +2.820866030e-07 +4.659700003e+02 +4.659700003e+02 -1.9115e+00 -2.7359e-01 +7.4960e-01
983 +1.776697331e-07 +1.776697331e-07 +4.659700002e+02 +4.659700002e+02 -1.9112e+00 -2.7359e-01 +7.4960e-01
992 +5.224399047e-08 +5.224399047e-08 +4.659700001e+02 +4.659700001e+02 -1.9111e+00 -2.7359e-01 +7.4960e-01
995 +4.998219083e-08 +4.998219083e-08 +4.659700000e+02 +4.659700000e+02 -1.9111e+00 -2.7359e-01 +7.4960e-01
1010 +1.280784545e-08 +1.280784545e-08 +4.659700000e+02 +4.659700000e+02 -1.9112e+00 -2.7360e-01 +7.4960e-01
1041 +1.137885874e-08 +1.137885874e-08 +4.659700000e+02 +4.659700000e+02 -1.9112e+00 -2.7360e-01 +7.4960e-01
1059 +6.261927865e-09 +6.261927865e-09 +4.659700000e+02 +4.659700000e+02 -1.9112e+00 -2.7360e-01 +7.4960e-01
1427 +0.000000000e+00 +0.000000000e+00 +4.659700000e+02 +4.659700000e+02 -1.9112e+00 -2.7360e-01 +7.4960e-01
% function evaluation | noise-free fitness - Fopt (2.574000000000e+01) | best noise-free fitness - Fopt | measured fitness | best measured fitness | x1 | x2...
1 +4.601010646e+03 +4.601010646e+03 +4.626750646e+03 +4.626750646e+03 +0.0000e+00 +0.0000e+00 +0.0000e+00
153 +3.985782855e+03 +3.985782855e+03 +4.011522855e+03 +4.011522855e+03 +2.0451e+00 -1.3595e-02 +3.9939e-02
188 +3.572189010e+03 +3.572189010e+03 +3.597929010e+03 +3.597929010e+03 -5.2252e-01 +3.8534e-01 -8.8342e-04
198 +2.796209975e+03 +2.796209975e+03 +2.821949975e+03 +2.821949975e+03 -1.1389e+00 +5.5983e-01 +2.1573e-03
207 +1.408989517e+03 +1.408989517e+03 +1.434729517e+03 +1.434729517e+03 -1.6163e+00 +1.0576e+00 +5.4216e-02
222 +1.029964911e+03 +1.029964911e+03 +1.055704911e+03 +1.055704911e+03 -1.4608e+00 +9.0500e-01 +2.0125e-02
230 +5.685128003e+02 +5.685128003e+02 +5.942528003e+02 +5.942528003e+02 -1.7335e+00 +1.1015e+00 +2.3151e-02
231 +2.537205667e+02 +2.537205667e+02 +2.794605667e+02 +2.794605667e+02 -1.8592e+00 +1.6835e+00 +4.2255e-02
255 +4.315258973e+01 +4.315258973e+01 +6.889258973e+01 +6.889258973e+01 -1.8454e+00 +1.7152e+00 +3.0756e-02
273 +2.610544103e+01 +2.610544103e+01 +5.184544103e+01 +5.184544103e+01 +3.3091e-01 +2.0502e+00 +2.9593e-02
298 +1.344472893e+01 +1.344472893e+01 +3.918472893e+01 +3.918472893e+01 +3.0750e-01 +1.8174e+00 +3.0384e-02
338 +3.879018288e+00 +3.879018288e+00 +2.961901829e+01 +2.961901829e+01 -9.9661e-01 +1.8621e+00 +2.9677e-02
393 +2.397048354e+00 +2.397048354e+00 +2.813704835e+01 +2.813704835e+01 -3.2239e-01 +1.9206e+00 +2.9073e-02
398 +1.732221635e+00 +1.732221635e+00 +2.747222163e+01 +2.747222163e+01 -6.3719e-01 +1.8991e+00 +2.9286e-02
412 +1.617558466e+00 +1.617558466e+00 +2.735755847e+01 +2.735755847e+01 -4.8429e-01 +1.8915e+00 +2.9111e-02
422 +1.325630301e+00 +1.325630301e+00 +2.706563030e+01 +2.706563030e+01 -6.0723e-01 +1.9079e+00 +2.8996e-02
428 +1.167283551e+00 +1.167283551e+00 +2.690728355e+01 +2.690728355e+01 -1.0338e+00 +1.8907e+00 +2.9009e-02
432 +1.139329194e+00 +1.139329194e+00 +2.687932919e+01 +2.687932919e+01 -8.5615e-01 +1.9053e+00 +2.8985e-02
438 +9.623143590e-01 +9.623143590e-01 +2.670231436e+01 +2.670231436e+01 -1.1707e+00 +1.8987e+00 +2.8934e-02
454 +9.175632376e-01 +9.175632376e-01 +2.665756324e+01 +2.665756324e+01 -8.2660e-01 +1.9005e+00 +2.8928e-02
457 +8.547914104e-01 +8.547914104e-01 +2.659479141e+01 +2.659479141e+01 -1.1509e+00 +1.8813e+00 +2.8771e-02
458 +8.503635801e-01 +8.503635801e-01 +2.659036358e+01 +2.659036358e+01 -8.3238e-01 +1.8980e+00 +2.8908e-02
467 +7.178103823e-01 +7.178103823e-01 +2.645781038e+01 +2.645781038e+01 -8.5715e-01 +1.8926e+00 +2.8846e-02
469 +8.954550270e-02 +8.954550270e-02 +2.582954550e+01 +2.582954550e+01 -1.2147e+00 +1.8938e+00 +2.8083e-02
522 +7.274097867e-02 +7.274097867e-02 +2.581274098e+01 +2.581274098e+01 -8.9616e-01 +1.8886e+00 +2.8127e-02
530 +5.941325486e-02 +5.941325486e-02 +2.579941325e+01 +2.579941325e+01 -8.8566e-01 +1.8999e+00 +2.8214e-02
545 +1.344505808e-02 +1.344505808e-02 +2.575344506e+01 +2.575344506e+01 -8.9921e-01 +1.9002e+00 +2.7976e-02
548 +6.023228341e-03 +6.023228341e-03 +2.574602323e+01 +2.574602323e+01 -9.7005e-01 +1.8954e+00 +2.8062e-02
558 +3.451338894e-04 +3.451338894e-04 +2.574034513e+01 +2.574034513e+01 -9.3912e-01 +1.8971e+00 +2.7986e-02
646 +2.632301579e-04 +2.632301579e-04 +2.574026323e+01 +2.574026323e+01 -9.4034e-01 +1.8964e+00 +2.7994e-02
654 +2.426890972e-04 +2.426890972e-04 +2.574024269e+01 +2.574024269e+01 -9.3446e-01 +1.8969e+00 +2.7990e-02
657 +2.073181821e-04 +2.073181821e-04 +2.574020732e+01 +2.574020732e+01 -9.3885e-01 +1.8965e+00 +2.7993e-02
669 +7.267237680e-05 +7.267237680e-05 +2.574007267e+01 +2.574007267e+01 -9.4166e-01 +1.8966e+00 +2.7995e-02
693 +2.769961562e-05 +2.769961562e-05 +2.574002770e+01 +2.574002770e+01 -9.4977e-01 +1.8969e+00 +2.8002e-02
707 +8.919690170e-06 +8.919690170e-06 +2.574000892e+01 +2.574000892e+01 -9.4293e-01 +1.8968e+00 +2.7999e-02
713 +7.236100988e-06 +7.236100988e-06 +2.574000724e+01 +2.574000724e+01 -9.4681e-01 +1.8969e+00 +2.8001e-02
715 +6.958793069e-06 +6.958793069e-06 +2.574000696e+01 +2.574000696e+01 -9.4316e-01 +1.8968e+00 +2.8000e-02
732 +1.115032521e-06 +1.115032521e-06 +2.574000112e+01 +2.574000112e+01 -9.4496e-01 +1.8968e+00 +2.8000e-02
737 +9.104340144e-07 +9.104340144e-07 +2.574000091e+01 +2.574000091e+01 -9.4534e-01 +1.8968e+00 +2.7999e-02
755 +5.452207112e-07 +5.452207112e-07 +2.574000055e+01 +2.574000055e+01 -9.4629e-01 +1.8968e+00 +2.8000e-02
830 +1.613105276e-07 +1.613105276e-07 +2.574000016e+01 +2.574000016e+01 -9.4566e-01 +1.8968e+00 +2.8000e-02
872 +8.864518719e-08 +8.864518719e-08 +2.574000009e+01 +2.574000009e+01 -9.4562e-01 +1.8968e+00 +2.8000e-02
884 +7.130669388e-09 +7.130669388e-09 +2.574000001e+01 +2.574000001e+01 -9.4555e-01 +1.8968e+00 +2.8000e-02
1322 +0.000000000e+00 +0.000000000e+00 +2.574000000e+01 +2.574000000e+01 -9.4560e-01 +1.8968e+00 +2.8000e-02
% function evaluation | noise-free fitness - Fopt (4.167000000000e+01) | best noise-free fitness - Fopt | measured fitness | best measured fitness | x1 | x2...
1 +8.722701760e+06 +8.722701760e+06 +8.722743430e+06 +8.722743430e+06 +0.0000e+00 +0.0000e+00 +0.0000e+00
2 +2.632351368e+06 +2.632351368e+06 +2.632393038e+06 +2.632393038e+06 -2.3900e+00 +3.6842e+00 -4.4860e+00
4 +2.598479086e+06 +2.598479086e+06 +2.598520756e+06 +2.598520756e+06 -2.3894e+00 +3.6394e+00 -4.4754e+00
20 +2.422674713e+06 +2.422674713e+06 +2.422716383e+06 +2.422716383e+06 -2.3925e+00 +3.6444e+00 -4.4212e+00
37 +2.098157720e+06 +2.098157720e+06 +2.098199390e+06 +2.098199390e+06 -2.3862e+00 +3.6476e+00 -4.3257e+00
65 +1.880975779e+06 +1.880975779e+06 +1.881017449e+06 +1.881017449e+06 -2.3904e+00 +3.5343e+00 -4.2637e+00
70 +4.408190307e+05 +4.408190307e+05 +4.408607007e+05 +4.408607007e+05 -2.3902e+00 +3.6816e+00 -3.7234e+00
94 +9.930980087e+04 +9.930980087e+04 +9.935147087e+04 +9.935147087e+04 -2.3920e+00 +3.6061e+00 -3.3078e+00
108 +1.170563744e+03 +1.170563744e+03 +1.212233744e+03 +1.212233744e+03 -2.3935e+00 +3.8424e+00 -2.9632e+00
142 +7.026673950e+02 +7.026673950e+02 +7.443373950e+02 +7.443373950e+02 -2.3976e+00 +4.3224e+00 -2.9932e+00
161 +5.720305454e+02 +5.720305454e+02 +6.137005454e+02 +6.137005454e+02 -2.3955e+00 +4.0585e+00 -3.0079e+00
176 +5.527976797e+02 +5.527976797e+02 +5.944676797e+02 +5.944676797e+02 -2.3964e+00 +4.1664e+00 -2.9933e+00
178 +4.887211916e+02 +4.887211916e+02 +5.303911916e+02 +5.303911916e+02 -2.3943e+00 +3.1416e+00 -2.9779e+00
187 +1.621946896e+02 +1.621946896e+02 +2.038646896e+02 +2.038646896e+02 -2.3952e+00 +3.8080e+00 -2.9958e+00
217 +1.360850160e+02 +1.360850160e+02 +1.777550160e+02 +1.777550160e+02 -2.3968e+00 +3.7569e+00 -2.9986e+00
220 +7.330690776e+01 +7.330690776e+01 +1.149769078e+02 +1.149769078e+02 -2.3962e+00 +3.5455e+00 -3.0028e+00
231 +7.082079448e+01 +7.082079448e+01 +1.124907945e+02 +1.124907945e+02 -2.3973e+00 +3.6363e+00 -2.9963e+00
235 +5.589788874e+01 +5.589788874e+01 +9.756788874e+01 +9.756788874e+01 -2.3953e+00 +3.5929e+00 -2.9998e+00
247 +4.000782615e+01 +4.000782615e+01 +8.167782615e+01 +8.167782615e+01 -2.3923e+00 +3.5152e+00 -2.9999e+00
278 +3.462576109e+01 +3.462576109e+01 +7.629576109e+01 +7.629576109e+01 -2.3946e+00 +3.4001e+00 -2.9990e+00
289 +3.384367550e+01 +3.384367550e+01 +7.551367550e+01 +7.551367550e+01 -2.4083e+00 +3.3860e+00 -2.9978e+00
299 +3.266227030e+01 +3.266227030e+01 +7.433227030e+01 +7.433227030e+01 -2.3894e+00 +3.4383e+00 -2.9990e+00
303 +3.115335173e+01 +3.115335173e+01 +7.282335173e+01 +7.282335173e+01 -2.4009e+00 +3.4625e+00 -2.9973e+00
317 +3.069156958e+01 +3.069156958e+01 +7.236156958e+01 +7.236156958e+01 -2.3998e+00 +3.4397e+00 -2.9975e+00
399 +2.993491995e+01 +2.993491995e+01 +7.160491995e+01 +7.160491995e+01 -2.3061e+00 +3.4410e+00 -2.9973e+00
436 +2.942792707e+01 +2.942792707e+01 +7.109792707e+01 +7.109792707e+01 -2.2559e+00 +3.4408e+00 -2.9977e+00
461 +2.881964436e+01 +2.881964436e+01 +7.048964436e+01 +7.048964436e+01 -2.1851e+00 +3.4414e+00 -2.9976e+00
489 +2.774187592e+01 +2.774187592e+01 +6.941187592e+01 +6.941187592e+01 -2.0549e+00 +3.4457e+00 -2.9976e+00
499 +2.625169062e+01 +2.625169062e+01 +6.792169062e+01 +6.792169062e+01 -1.8686e+00 +3.4422e+00 -2.9978e+00
511 +1.730718154e+01 +1.730718154e+01 +5.897718154e+01 +5.897718154e+01 -7.3615e-01 +3.4434e+00 -2.9977e+00
518 +1.761780222e+00 +1.761780222e+00 +4.343178022e+01 +4.343178022e+01 +2.1832e+00 +3.4419e+00 -2.9977e+00
529 +9.263699868e-01 +9.263699868e-01 +4.259636999e+01 +4.259636999e+01 +2.4605e+00 +3.4364e+00 -2.9977e+00
534 +1.395132678e-01 +1.395132678e-01 +4.180951327e+01 +4.180951327e+01 +3.0961e+00 +3.4397e+00 -2.9978e+00
540 +7.834323937e-02 +7.834323937e-02 +4.174834324e+01 +4.174834324e+01 +3.6267e+00 +3.4408e+00 -2.9978e+00
541 +7.297708185e-02 +7.297708185e-02 +4.174297708e+01 +4.174297708e+01 +3.2469e+00 +3.4399e+00 -2.9978e+00
542 +5.527570093e-02 +5.527570093e-02 +4.172527570e+01 +4.172527570e+01 +3.6352e+00 +3.4415e+00 -2.9977e+00
556 +3.628382491e-02 +3.628382491e-02 +4.170628382e+01 +4.170628382e+01 +3.3766e+00 +3.4411e+00 -2.9978e+00
558 +2.626144094e-02 +2.626144094e-02 +4.169626144e+01 +4.169626144e+01 +3.4110e+00 +3.4410e+00 -2.9978e+00
560 +5.253207929e-03 +5.253207929e-03 +4.167525321e+01 +4.167525321e+01 +3.3458e+00 +3.4416e+00 -2.9976e+00
623 +1.204883068e-03 +1.204883068e-03 +4.167120488e+01 +4.167120488e+01 +3.4463e+00 +3.4423e+00 -2.9976e+00
642 +2.770825876e-04 +2.770825876e-04 +4.167027708e+01 +4.167027708e+01 +3.3988e+00 +3.4424e+00 -2.9976e+00
674 +2.619294326e-04 +2.619294326e-04 +4.167026193e+01 +4.167026193e+01 +3.4238e+00 +3.4422e+00 -2.9976e+00
684 +2.526106136e-04 +2.526106136e-04 +4.167025261e+01 +4.167025261e+01 +3.4112e+00 +3.4424e+00 -2.9976e+00
692 +2.114154644e-04 +2.114154644e-04 +4.167021142e+01 +4.167021142e+01 +3.4251e+00 +3.4423e+00 -2.9976e+00
707 +1.058012691e-04 +1.058012691e-04 +4.167010580e+01 +4.167010580e+01 +3.4159e+00 +3.4424e+00 -2.9976e+00
708 +4.419737805e-05 +4.419737805e-05 +4.167004420e+01 +4.167004420e+01 +3.4119e+00 +3.4424e+00 -2.9976e+00
725 +4.140884776e-05 +4.140884776e-05 +4.167004141e+01 +4.167004141e+01 +3.4099e+00 +3.4423e+00 -2.9976e+00
732 +3.709281115e-05 +3.709281115e-05 +4.167003709e+01 +4.167003709e+01 +3.4199e+00 +3.4424e+00 -2.9976e+00
740 +1.589132471e-05 +1.589132471e-05 +4.167001589e+01 +4.167001589e+01 +3.4112e+00 +3.4423e+00 -2.9976e+00
750 +1.157209239e-05 +1.157209239e-05 +4.167001157e+01 +4.167001157e+01 +3.4171e+00 +3.4424e+00 -2.9976e+00
752 +6.330297111e-06 +6.330297111e-06 +4.167000633e+01 +4.167000633e+01 +3.4158e+00 +3.4424e+00 -2.9976e+00
754 +4.480618507e-06 +4.480618507e-06 +4.167000448e+01 +4.167000448e+01 +3.4155e+00 +3.4424e+00 -2.9976e+00
774 +1.749621823e-06 +1.749621823e-06 +4.167000175e+01 +4.167000175e+01 +3.4143e+00 +3.4424e+00 -2.9976e+00
777 +1.726201546e-07 +1.726201546e-07 +4.167000017e+01 +4.167000017e+01 +3.4138e+00 +3.4424e+00 -2.9976e+00
859 +8.396520457e-08 +8.396520457e-08 +4.167000008e+01 +4.167000008e+01 +3.4134e+00 +3.4424e+00 -2.9976e+00
887 +7.604219121e-08 +7.604219121e-08 +4.167000008e+01 +4.167000008e+01 +3.4134e+00 +3.4424e+00 -2.9976e+00
892 +3.581102703e-08 +3.581102703e-08 +4.167000004e+01 +4.167000004e+01 +3.4134e+00 +3.4424e+00 -2.9976e+00
904 +1.159766327e-08 +1.159766327e-08 +4.167000001e+01 +4.167000001e+01 +3.4135e+00 +3.4424e+00 -2.9976e+00
947 +1.115999737e-09 +1.115999737e-09 +4.167000000e+01 +4.167000000e+01 +3.4136e+00 +3.4424e+00 -2.9976e+00
1594 +0.000000000e+00 +0.000000000e+00 +4.167000000e+01 +4.167000000e+01 +3.4136e+00 +3.4424e+00 -2.9976e+00
% function evaluation | noise-free fitness - Fopt (-1.909500000000e+02) | best noise-free fitness - Fopt | measured fitness | best measured fitness | x1 | x2...
1 +7.601072053e+06 +7.601072053e+06 +7.600881103e+06 +7.600881103e+06 +0.0000e+00 +0.0000e+00 +0.0000e+00
2 +8.331725954e+04 +8.331725954e+04 +8.312630954e+04 +8.312630954e+04 +3.3588e+00 -1.1761e+00 -2.3988e+00
15 +7.211186096e+04 +7.211186096e+04 +7.192091096e+04 +7.192091096e+04 +3.3578e+00 -1.0872e+00 -2.4162e+00
25 +5.507274712e+04 +5.507274712e+04 +5.488179712e+04 +5.488179712e+04 +3.3392e+00 -1.1086e+00 -2.4481e+00
36 +4.757136887e+04 +4.757136887e+04 +4.738041887e+04 +4.738041887e+04 +3.1071e+00 -1.1043e+00 -2.4667e+00
40 +3.523995753e+03 +3.523995753e+03 +3.333045753e+03 +3.333045753e+03 +3.3174e+00 -1.1313e+00 -2.6422e+00
66 +3.434030843e+03 +3.434030843e+03 +3.243080843e+03 +3.243080843e+03 +2.8140e+00 -9.7132e-01 -2.6596e+00
68 +3.072463917e+03 +3.072463917e+03 +2.881513917e+03 +2.881513917e+03 +2.8151e+00 -9.9295e-01 -2.6708e+00
71 +2.935317061e+03 +2.935317061e+03 +2.744367061e+03 +2.744367061e+03 +1.6410e+00 -1.0186e+00 -2.6710e+00
108 +2.873030755e+03 +2.873030755e+03 +2.682080755e+03 +2.682080755e+03 +2.9014e+00 -1.0384e+00 -2.6856e+00
139 +2.657018038e+03 +2.657018038e+03 +2.466068038e+03 +2.466068038e+03 +8.2415e-01 -1.0742e+00 -2.6799e+00
148 +2.353603622e+03 +2.353603622e+03 +2.162653622e+03 +2.162653622e+03 +2.1873e+00 -1.2029e+00 -2.6691e+00
154 +2.188779741e+03 +2.188779741e+03 +1.997829741e+03 +1.997829741e+03 +4.0468e+00 -1.2725e+00 -2.6745e+00
168 +2.052449401e+03 +2.052449401e+03 +1.861499401e+03 +1.861499401e+03 +4.2734e+00 -1.4550e+00 -2.6802e+00
170 +2.016233030e+03 +2.016233030e+03 +1.825283030e+03 +1.825283030e+03 +7.7086e+00 -1.5385e+00 -2.6776e+00
179 +1.536600811e+03 +1.536600811e+03 +1.345650811e+03 +1.345650811e+03 +4.0144e+00 -1.7127e+00 -2.6818e+00
185 +1.381284650e+03 +1.381284650e+03 +1.190334650e+03 +1.190334650e+03 +7.5626e+00 -1.8847e+00 -2.6997e+00
198 +8.143228722e+02 +8.143228722e+02 +6.233728722e+02 +6.233728722e+02 +4.1454e+00 -2.0548e+00 -2.6929e+00
207 +1.568502110e+02 +1.568502110e+02 -3.409978899e+01 -3.409978899e+01 +6.8941e+00 -3.0382e+00 -2.6715e+00
226 +1.530279663e+02 +1.530279663e+02 -3.792203367e+01 -3.792203367e+01 +4.3094e+00 -3.1320e+00 -2.6750e+00
228 +1.119722401e+02 +1.119722401e+02 -7.897775993e+01 -7.897775993e+01 +5.2590e+00 -3.0442e+00 -2.6771e+00
231 +7.440358952e+01 +7.440358952e+01 -1.165464105e+02 -1.165464105e+02 +5.4673e-01 -2.7507e+00 -2.6860e+00
232 +7.081549137e+01 +7.081549137e+01 -1.201345086e+02 -1.201345086e+02 +5.0459e+00 -2.7845e+00 -2.6801e+00
239 +6.386916356e+01 +6.386916356e+01 -1.270808364e+02 -1.270808364e+02 +4.8081e+00 -2.8097e+00 -2.6795e+00
245 +5.353174904e+01 +5.353174904e+01 -1.374182510e+02 -1.374182510e+02 +2.0124e+00 -2.8947e+00 -2.6826e+00
265 +3.050894543e+01 +3.050894543e+01 -1.604410546e+02 -1.604410546e+02 +1.7597e+00 -2.8310e+00 -2.6808e+00
285 +2.441696312e+01 +2.441696312e+01 -1.665330369e+02 -1.665330369e+02 -1.2936e-01 -2.9356e+00 -2.6802e+00
296 +1.933839013e+01 +1.933839013e+01 -1.716116099e+02 -1.716116099e+02 +7.7124e-01 -2.8170e+00 -2.6805e+00
333 +1.887893830e+01 +1.887893830e+01 -1.720710617e+02 -1.720710617e+02 +8.2760e-01 -2.8588e+00 -2.6802e+00
343 +1.612223994e+01 +1.612223994e+01 -1.748277601e+02 -1.748277601e+02 +7.9188e-01 -2.8527e+00 -2.6798e+00
348 +1.554316015e+01 +1.554316015e+01 -1.754068399e+02 -1.754068399e+02 +7.4354e-01 -2.8438e+00 -2.6798e+00
350 +1.538598404e+01 +1.538598404e+01 -1.755640160e+02 -1.755640160e+02 +6.6592e-01 -2.8525e+00 -2.6798e+00
363 +1.471952193e+01 +1.471952193e+01 -1.762304781e+02 -1.762304781e+02 +5.4519e-01 -2.8541e+00 -2.6798e+00
366 +1.341205303e+01 +1.341205303e+01 -1.775379470e+02 -1.775379470e+02 +2.4966e-01 -2.8517e+00 -2.6798e+00
377 +5.949268015e+00 +5.949268015e+00 -1.850007320e+02 -1.850007320e+02 -3.6195e-01 -2.8386e+00 -2.6778e+00
393 +3.413097167e+00 +3.413097167e+00 -1.875369028e+02 -1.875369028e+02 -1.1014e+00 -2.8376e+00 -2.6787e+00
402 +3.229543985e+00 +3.229543985e+00 -1.877204560e+02 -1.877204560e+02 -8.2596e-01 -2.8423e+00 -2.6780e+00
411 +3.120476837e+00 +3.120476837e+00 -1.878295232e+02 -1.878295232e+02 -1.6440e+00 -2.8662e+00 -2.6784e+00
420 +2.874050315e+00 +2.874050315e+00 -1.880759497e+02 -1.880759497e+02 -1.2928e+00 -2.8513e+00 -2.6769e+00
421 +2.724380460e+00 +2.724380460e+00 -1.882256195e+02 -1.882256195e+02 -1.1924e+00 -2.8420e+00 -2.6784e+00
424 +5.144935473e-01 +5.144935473e-01 -1.904355065e+02 -1.904355065e+02 -2.5234e+00 -2.8516e+00 -2.6778e+00
427 +3.943417076e-01 +3.943417076e-01 -1.905556583e+02 -1.905556583e+02 -2.1762e+00 -2.8432e+00 -2.6776e+00
437 +8.486129962e-02 +8.486129962e-02 -1.908651387e+02 -1.908651387e+02 -2.3745e+00 -2.8288e+00 -2.6777e+00
474 +3.598469809e-02 +3.598469809e-02 -1.909140153e+02 -1.909140153e+02 -2.7016e+00 -2.8351e+00 -2.6776e+00
492 +3.343888487e-02 +3.343888487e-02 -1.909165611e+02 -1.909165611e+02 -2.5201e+00 -2.8307e+00 -2.6777e+00
493 +3.110027036e-02 +3.110027036e-02 -1.909188997e+02 -1.909188997e+02 -2.6925e+00 -2.8339e+00 -2.6777e+00
500 +1.757422186e-02 +1.757422186e-02 -1.909324258e+02 -1.909324258e+02 -2.5594e+00 -2.8311e+00 -2.6777e+00
507 +9.097676914e-03 +9.097676914e-03 -1.909409023e+02 -1.909409023e+02 -2.6086e+00 -2.8314e+00 -2.6777e+00
516 +8.835276424e-03 +8.835276424e-03 -1.909411647e+02 -1.909411647e+02 -2.5858e+00 -2.8284e+00 -2.6777e+00
523 +7.841634339e-03 +7.841634339e-03 -1.909421584e+02 -1.909421584e+02 -2.6138e+00 -2.8302e+00 -2.6777e+00
527 +4.224952267e-03 +4.224952267e-03 -1.909457750e+02 -1.909457750e+02 -2.6348e+00 -2.8306e+00 -2.6777e+00
553 +3.913716843e-03 +3.913716843e-03 -1.909460863e+02 -1.909460863e+02 -2.6152e+00 -2.8301e+00 -2.6776e+00
567 +2.166731293e-03 +2.166731293e-03 -1.909478333e+02 -1.909478333e+02 -2.6627e+00 -2.8302e+00 -2.6776e+00
573 +3.258788877e-04 +3.258788877e-04 -1.909496741e+02 -1.909496741e+02 -2.6541e+00 -2.8298e+00 -2.6776e+00
632 +2.496727999e-04 +2.496727999e-04 -1.909497503e+02 -1.909497503e+02 -2.6273e+00 -2.8296e+00 -2.6776e+00
649 +1.077659951e-04 +1.077659951e-04 -1.909498922e+02 -1.909498922e+02 -2.6510e+00 -2.8296e+00 -2.6776e+00
651 +9.818310582e-05 +9.818310582e-05 -1.909499018e+02 -1.909499018e+02 -2.6465e+00 -2.8294e+00 -2.6776e+00
655 +8.202405786e-05 +8.202405786e-05 -1.909499180e+02 -1.909499180e+02 -2.6522e+00 -2.8296e+00 -2.6776e+00
656 +5.560365156e-05 +5.560365156e-05 -1.909499444e+02 -1.909499444e+02 -2.6421e+00 -2.8295e+00 -2.6776e+00
684 +3.789968693e-05 +3.789968693e-05 -1.909499621e+02 -1.909499621e+02 -2.6464e+00 -2.8295e+00 -2.6776e+00
698 +2.186810332e-05 +2.186810332e-05 -1.909499781e+02 -1.909499781e+02 -2.6465e+00 -2.8296e+00 -2.6776e+00
703 +6.142964480e-06 +6.142964480e-06 -1.909499939e+02 -1.909499939e+02 -2.6449e+00 -2.8296e+00 -2.6776e+00
736 +5.954189533e-06 +5.954189533e-06 -1.909499940e+02 -1.909499940e+02 -2.6445e+00 -2.8297e+00 -2.6776e+00
754 +3.383540047e-06 +3.383540047e-06 -1.909499966e+02 -1.909499966e+02 -2.6427e+00 -2.8296e+00 -2.6776e+00
774 +3.046909029e-06 +3.046909029e-06 -1.909499970e+02 -1.909499970e+02 -2.6437e+00 -2.8296e+00 -2.6776e+00
776 +2.134046639e-06 +2.134046639e-06 -1.909499979e+02 -1.909499979e+02 -2.6430e+00 -2.8296e+00 -2.6776e+00
784 +9.255232101e-07 +9.255232101e-07 -1.909499991e+02 -1.909499991e+02 -2.6441e+00 -2.8296e+00 -2.6776e+00
801 +6.091279658e-07 +6.091279658e-07 -1.909499994e+02 -1.909499994e+02 -2.6437e+00 -2.8296e+00 -2.6776e+00
833 +4.019959192e-07 +4.019959192e-07 -1.909499996e+02 -1.909499996e+02 -2.6438e+00 -2.8296e+00 -2.6776e+00
836 +6.597531410e-08 +6.597531410e-08 -1.909499999e+02 -1.909499999e+02 -2.6434e+00 -2.8296e+00 -2.6776e+00
867 +1.061911803e-08 +1.061911803e-08 -1.909500000e+02 -1.909500000e+02 -2.6432e+00 -2.8296e+00 -2.6776e+00
884 +3.476344546e-09 +3.476344546e-09 -1.909500000e+02 -1.909500000e+02 -2.6432e+00 -2.8296e+00 -2.6776e+00
1174 +0.000000000e+00 +0.000000000e+00 -1.909500000e+02 -1.909500000e+02 -2.6432e+00 -2.8296e+00 -2.6776e+00
% function evaluation | noise-free fitness - Fopt (1.370000000000e+00) | best noise-free fitness - Fopt | measured fitness | best measured fitness | x1 | x2...
1 +1.513121172e+07 +1.513121172e+07 +1.513121309e+07 +1.513121309e+07 +0.0000e+00 +0.0000e+00 +0.0000e+00
2 +3.902121004e+06 +3.902121004e+06 +3.902122374e+06 +3.902122374e+06 +3.1110e+00 -4.5700e+00 +1.9584e+00
6 +3.831270018e+06 +3.831270018e+06 +3.831271388e+06 +3.831271388e+06 +3.1163e+00 -4.4610e+00 +1.9836e+00
17 +3.791241158e+06 +3.791241158e+06 +3.791242528e+06 +3.791242528e+06 +3.1034e+00 -4.5536e+00 +1.9985e+00
30 +3.662821213e+06 +3.662821213e+06 +3.662822583e+06 +3.662822583e+06 +2.9177e+00 -4.5069e+00 +2.0453e+00
36 +3.462756586e+06 +3.462756586e+06 +3.462757956e+06 +3.462757956e+06 +3.1187e+00 -4.5487e+00 +2.1189e+00
38 +3.361013070e+06 +3.361013070e+06 +3.361014440e+06 +3.361014440e+06 +2.6697e+00 -4.6933e+00 +2.1566e+00
59 +3.074030632e+06 +3.074030632e+06 +3.074032002e+06 +3.074032002e+06 +3.1975e+00 -4.6157e+00 +2.2581e+00
62 +2.034912170e+06 +2.034912170e+06 +2.034913540e+06 +2.034913540e+06 +3.8388e+00 -4.5618e+00 +2.5809e+00
69 +4.691234018e+05 +4.691234018e+05 +4.691247718e+05 +4.691247718e+05 +3.2706e+00 -4.5377e+00 +3.1618e+00
100 +4.084269246e+05 +4.084269246e+05 +4.084282946e+05 +4.084282946e+05 +3.4525e+00 -4.5371e+00 +3.2175e+00
105 +2.730738045e+05 +2.730738045e+05 +2.730751745e+05 +2.730751745e+05 +3.3042e+00 -4.5495e+00 +3.3938e+00
109 +1.873357402e+05 +1.873357402e+05 +1.873371102e+05 +1.873371102e+05 +3.3214e+00 -4.3481e+00 +3.5034e+00
110 +8.044214372e+04 +8.044214372e+04 +8.044351372e+04 +8.044351372e+04 +3.1762e+00 -4.5348e+00 +3.6771e+00
113 +4.003813436e+04 +4.003813436e+04 +4.003950436e+04 +4.003950436e+04 +3.3008e+00 -4.5365e+00 +3.8352e+00
133 +3.762223131e+04 +3.762223131e+04 +3.762360131e+04 +3.762360131e+04 +3.2972e+00 -4.5218e+00 +3.8821e+00
157 +3.670829335e+04 +3.670829335e+04 +3.670966335e+04 +3.670966335e+04 +3.2727e+00 -4.4375e+00 +3.8838e+00
185 +3.359930417e+04 +3.359930417e+04 +3.360067417e+04 +3.360067417e+04 +3.4365e+00 -4.0987e+00 +3.8996e+00
186 +3.264031640e+04 +3.264031640e+04 +3.264168640e+04 +3.264168640e+04 +3.2389e+00 -4.0023e+00 +3.8986e+00
207 +3.196970860e+04 +3.196970860e+04 +3.197107860e+04 +3.197107860e+04 +3.2350e+00 -3.9389e+00 +3.8650e+00
212 +3.137272918e+04 +3.137272918e+04 +3.137409918e+04 +3.137409918e+04 +4.1507e+00 -3.8089e+00 +3.8519e+00
216 +2.670742238e+04 +2.670742238e+04 +2.670879238e+04 +2.670879238e+04 +5.5006e+00 -3.1597e+00 +3.8435e+00
248 +1.412067797e+04 +1.412067797e+04 +1.412204797e+04 +1.412204797e+04 +5.1003e+00 -1.6906e+00 +3.8560e+00
257 +4.965731776e+03 +4.965731776e+03 +4.967101776e+03 +4.967101776e+03 +7.4917e+00 -1.8120e-01 +3.8619e+00
301 +4.782309918e+03 +4.782309918e+03 +4.783679918e+03 +4.783679918e+03 +8.8808e+00 +3.7645e-01 +3.8411e+00
306 +3.104197544e+03 +3.104197544e+03 +3.105567544e+03 +3.105567544e+03 +6.0565e+00 +3.5049e-01 +3.8823e+00
308 +2.227823348e+03 +2.227823348e+03 +2.229193348e+03 +2.229193348e+03 +3.2718e+00 +7.3530e-01 +3.8605e+00
317 +1.736386536e+03 +1.736386536e+03 +1.737756536e+03 +1.737756536e+03 +5.7333e+00 +8.3478e-01 +3.8651e+00
327 +1.019375767e+03 +1.019375767e+03 +1.020745767e+03 +1.020745767e+03 +8.3390e+00 +2.1903e+00 +3.8499e+00
328 +9.698989545e+02 +9.698989545e+02 +9.712689545e+02 +9.712689545e+02 +2.4938e+00 +1.6179e+00 +3.8518e+00
332 +8.731437191e+02 +8.731437191e+02 +8.745137191e+02 +8.745137191e+02 +5.2478e+00 +1.5996e+00 +3.8535e+00
339 +8.137116278e+02 +8.137116278e+02 +8.150816278e+02 +8.150816278e+02 +2.7674e+00 +1.5532e+00 +3.8551e+00
343 +6.628733018e+02 +6.628733018e+02 +6.642433018e+02 +6.642433018e+02 +6.3741e+00 +1.5658e+00 +3.8583e+00
346 +5.597730804e+02 +5.597730804e+02 +5.611430804e+02 +5.611430804e+02 +2.2118e+00 +2.1522e+00 +3.8567e+00
348 +3.021509953e+02 +3.021509953e+02 +3.035209953e+02 +3.035209953e+02 +7.1864e+00 +2.0754e+00 +3.8635e+00
354 +1.760779721e+02 +1.760779721e+02 +1.774479721e+02 +1.774479721e+02 +7.0715e+00 +1.6211e+00 +3.8761e+00
362 +2.323357761e+01 +2.323357761e+01 +2.460357761e+01 +2.460357761e+01 +5.2042e+00 +1.8817e+00 +3.8833e+00
383 +8.136974995e+00 +8.136974995e+00 +9.506974995e+00 +9.506974995e+00 +5.0914e+00 +1.9209e+00 +3.8815e+00
409 +5.365774522e+00 +5.365774522e+00 +6.735774522e+00 +6.735774522e+00 +3.6365e+00 +1.9320e+00 +3.8816e+00
410 +4.565394521e+00 +4.565394521e+00 +5.935394521e+00 +5.935394521e+00 +3.9506e+00 +1.9331e+00 +3.8811e+00
448 +3.491260182e+00 +3.491260182e+00 +4.861260182e+00 +4.861260182e+00 +3.1331e+00 +1.9345e+00 +3.8802e+00
453 +3.156754144e+00 +3.156754144e+00 +4.526754144e+00 +4.526754144e+00 +3.8138e+00 +1.9345e+00 +3.8801e+00
457 +1.426984897e+00 +1.426984897e+00 +2.796984897e+00 +2.796984897e+00 +4.4844e+00 +1.9686e+00 +3.8806e+00
459 +8.395512665e-01 +8.395512665e-01 +2.209551267e+00 +2.209551267e+00 +4.1883e+00 +1.9668e+00 +3.8799e+00
495 +4.474299714e-01 +4.474299714e-01 +1.817429971e+00 +1.817429971e+00 +4.3138e+00 +1.9866e+00 +3.8800e+00
498 +2.380261967e-01 +2.380261967e-01 +1.608026197e+00 +1.608026197e+00 +4.1476e+00 +1.9827e+00 +3.8801e+00
512 +1.126701001e-01 +1.126701001e-01 +1.482670100e+00 +1.482670100e+00 +3.9971e+00 +1.9937e+00 +3.8802e+00
572 +1.034382292e-01 +1.034382292e-01 +1.473438229e+00 +1.473438229e+00 +4.0330e+00 +1.9914e+00 +3.8800e+00
576 +8.110167992e-02 +8.110167992e-02 +1.451101680e+00 +1.451101680e+00 +3.9875e+00 +1.9943e+00 +3.8800e+00
591 +7.387606352e-02 +7.387606352e-02 +1.443876064e+00 +1.443876064e+00 +3.8491e+00 +1.9965e+00 +3.8798e+00
608 +5.787855887e-02 +5.787855887e-02 +1.427878559e+00 +1.427878559e+00 +3.9224e+00 +1.9946e+00 +3.8799e+00
609 +4.019973172e-02 +4.019973172e-02 +1.410199732e+00 +1.410199732e+00 +3.8321e+00 +1.9970e+00 +3.8800e+00
618 +7.503003260e-03 +7.503003260e-03 +1.377503003e+00 +1.377503003e+00 +3.7982e+00 +1.9936e+00 +3.8800e+00
652 +3.422206578e-04 +3.422206578e-04 +1.370342221e+00 +1.370342221e+00 +3.7190e+00 +1.9926e+00 +3.8800e+00
664 +6.924912208e-05 +6.924912208e-05 +1.370069249e+00 +1.370069249e+00 +3.7175e+00 +1.9919e+00 +3.8800e+00
712 +2.664765833e-05 +2.664765833e-05 +1.370026648e+00 +1.370026648e+00 +3.7186e+00 +1.9919e+00 +3.8800e+00
728 +1.518055943e-05 +1.518055943e-05 +1.370015181e+00 +1.370015181e+00 +3.7214e+00 +1.9921e+00 +3.8800e+00
753 +8.940326370e-06 +8.940326370e-06 +1.370008940e+00 +1.370008940e+00 +3.7202e+00 +1.9921e+00 +3.8800e+00
760 +6.545437813e-06 +6.545437813e-06 +1.370006545e+00 +1.370006545e+00 +3.7199e+00 +1.9919e+00 +3.8800e+00
768 +4.518322105e-06 +4.518322105e-06 +1.370004518e+00 +1.370004518e+00 +3.7196e+00 +1.9920e+00 +3.8800e+00
784 +3.545763924e-06 +3.545763924e-06 +1.370003546e+00 +1.370003546e+00 +3.7203e+00 +1.9920e+00 +3.8800e+00
795 +3.456909867e-06 +3.456909867e-06 +1.370003457e+00 +1.370003457e+00 +3.7200e+00 +1.9920e+00 +3.8800e+00
796 +1.769636764e-06 +1.769636764e-06 +1.370001770e+00 +1.370001770e+00 +3.7220e+00 +1.9920e+00 +3.8800e+00
798 +1.011671496e-06 +1.011671496e-06 +1.370001012e+00 +1.370001012e+00 +3.7206e+00 +1.9920e+00 +3.8800e+00
808 +9.065256683e-07 +9.065256683e-07 +1.370000907e+00 +1.370000907e+00 +3.7220e+00 +1.9920e+00 +3.8800e+00
813 +3.985505133e-07 +3.985505133e-07 +1.370000399e+00 +1.370000399e+00 +3.7214e+00 +1.9920e+00 +3.8800e+00
833 +2.323787078e-07 +2.323787078e-07 +1.370000232e+00 +1.370000232e+00 +3.7215e+00 +1.9920e+00 +3.8800e+00
837 +2.212076502e-07 +2.212076502e-07 +1.370000221e+00 +1.370000221e+00 +3.7216e+00 +1.9920e+00 +3.8800e+00
856 +6.257464813e-08 +6.257464813e-08 +1.370000063e+00 +1.370000063e+00 +3.7216e+00 +1.9920e+00 +3.8800e+00
897 +2.634843810e-08 +2.634843810e-08 +1.370000026e+00 +1.370000026e+00 +3.7215e+00 +1.9920e+00 +3.8800e+00
957 +8.204269264e-09 +8.204269264e-09 +1.370000008e+00 +1.370000008e+00 +3.7216e+00 +1.9920e+00 +3.8800e+00
1341 +0.000000000e+00 +0.000000000e+00 +1.370000000e+00 +1.370000000e+00 +3.7216e+00 +1.9920e+00 +3.8800e+00
% function evaluation | noise-free fitness - Fopt (-1.645800000000e+02) | best noise-free fitness - Fopt | measured fitness | best measured fitness | x1 | x2...
1 +7.791149787e+06 +7.791149787e+06 +7.790985207e+06 +7.790985207e+06 +0.0000e+00 +0.0000e+00 +0.0000e+00
63 +1.005412609e+06 +1.005412609e+06 +1.005248029e+06 +1.005248029e+06 -2.9209e+00 +2.9210e+00 -3.7373e+00
79 +5.540778140e+04 +5.540778140e+04 +5.524320140e+04 +5.524320140e+04 -2.9234e+00 +2.8013e+00 -2.5216e+00
108 +2.682122683e+04 +2.682122683e+04 +2.665664683e+04 +2.665664683e+04 -2.9146e+00 +2.4869e+00 -2.5917e+00
111 +1.793959315e+04 +1.793959315e+04 +1.777501315e+04 +1.777501315e+04 -2.9363e+00 +3.5060e+00 -2.6578e+00
128 +8.909454263e+03 +8.909454263e+03 +8.744874263e+03 +8.744874263e+03 -2.9020e+00 +2.9982e+00 -2.7448e+00
172 +3.323880879e+03 +3.323880879e+03 +3.159300879e+03 +3.159300879e+03 -2.9139e+00 +1.4687e-01 -2.7981e+00
198 +2.659890168e+03 +2.659890168e+03 +2.495310168e+03 +2.495310168e+03 -1.1578e+00 +7.6519e-01 -2.7816e+00
199 +2.153943591e+03 +2.153943591e+03 +1.989363591e+03 +1.989363591e+03 -9.6499e-01 +1.2554e+00 -2.7230e+00
201 +1.999335489e+03 +1.999335489e+03 +1.834755489e+03 +1.834755489e+03 -2.3283e+00 +9.5359e-01 -2.7032e+00
209 +1.566647276e+02 +1.566647276e+02 -7.915272431e+00 -7.915272431e+00 -1.3624e+00 -2.1564e-01 -2.7497e+00
223 +5.628477862e+00 +5.628477862e+00 -1.589515221e+02 -1.589515221e+02 -2.0641e+00 -1.7540e-02 -2.7366e+00
448 +4.791062517e+00 +4.791062517e+00 -1.597889375e+02 -1.597889375e+02 +1.2545e+00 -2.2389e-02 -2.7387e+00
509 +4.620258406e+00 +4.620258406e+00 -1.599597416e+02 -1.599597416e+02 +1.2622e+00 -3.4367e-02 -2.7387e+00
516 +3.095371085e+00 +3.095371085e+00 -1.614846289e+02 -1.614846289e+02 +9.7984e-01 -5.0407e-02 -2.7382e+00
599 +2.649359586e+00 +2.649359586e+00 -1.619306404e+02 -1.619306404e+02 +8.1460e-01 -1.6171e-02 -2.7384e+00
610 +2.503225092e+00 +2.503225092e+00 -1.620767749e+02 -1.620767749e+02 +7.9667e-01 -1.9177e-02 -2.7384e+00
615 +1.928546670e+00 +1.928546670e+00 -1.626514533e+02 -1.626514533e+02 +4.2749e-01 -2.7916e-02 -2.7384e+00
625 +8.007569502e-01 +8.007569502e-01 -1.637792430e+02 -1.637792430e+02 +5.9440e-02 -2.4419e-02 -2.7385e+00
632 +4.927026792e-01 +4.927026792e-01 -1.640872973e+02 -1.640872973e+02 -1.3233e-01 -3.6707e-02 -2.7384e+00
652 +4.681231155e-01 +4.681231155e-01 -1.641118769e+02 -1.641118769e+02 -2.5904e-01 -2.8531e-02 -2.7386e+00
656 +1.662576484e-01 +1.662576484e-01 -1.644137424e+02 -1.644137424e+02 -4.4575e-01 -3.1273e-02 -2.7385e+00
666 +5.897445955e-02 +5.897445955e-02 -1.645210255e+02 -1.645210255e+02 -8.8233e-01 -2.9803e-02 -2.7385e+00
678 +5.219157398e-02 +5.219157398e-02 -1.645278084e+02 -1.645278084e+02 -6.9365e-01 -3.1803e-02 -2.7385e+00
679 +4.902367192e-02 +4.902367192e-02 -1.645309763e+02 -1.645309763e+02 -7.7054e-01 -3.0860e-02 -2.7385e+00
705 +4.863282250e-02 +4.863282250e-02 -1.645313672e+02 -1.645313672e+02 -8.2839e-01 -3.1267e-02 -2.7386e+00
707 +4.077388261e-02 +4.077388261e-02 -1.645392261e+02 -1.645392261e+02 -9.1724e-01 -3.3123e-02 -2.7386e+00
718 +3.013406120e-02 +3.013406120e-02 -1.645498659e+02 -1.645498659e+02 -8.1416e-01 -3.3520e-02 -2.7386e+00
722 +2.190864969e-02 +2.190864969e-02 -1.645580914e+02 -1.645580914e+02 -8.0972e-01 -3.2704e-02 -2.7385e+00
727 +5.731890458e-03 +5.731890458e-03 -1.645742681e+02 -1.645742681e+02 -8.0557e-01 -3.3878e-02 -2.7384e+00
752 +2.819446265e-03 +2.819446265e-03 -1.645771806e+02 -1.645771806e+02 -7.9191e-01 -3.4536e-02 -2.7384e+00
771 +2.540882288e-03 +2.540882288e-03 -1.645774591e+02 -1.645774591e+02 -8.5391e-01 -3.7218e-02 -2.7384e+00
787 +1.675969350e-03 +1.675969350e-03 -1.645783240e+02 -1.645783240e+02 -8.3577e-01 -3.7225e-02 -2.7384e+00
788 +2.125443941e-04 +2.125443941e-04 -1.645797875e+02 -1.645797875e+02 -8.2923e-01 -3.6380e-02 -2.7384e+00
819 +1.080915237e-04 +1.080915237e-04 -1.645798919e+02 -1.645798919e+02 -8.3146e-01 -3.5824e-02 -2.7384e+00
843 +6.690080787e-05 +6.690080787e-05 -1.645799331e+02 -1.645799331e+02 -8.2685e-01 -3.5809e-02 -2.7384e+00
847 +3.558321001e-05 +3.558321001e-05 -1.645799644e+02 -1.645799644e+02 -8.2071e-01 -3.6189e-02 -2.7384e+00
850 +2.918999832e-05 +2.918999832e-05 -1.645799708e+02 -1.645799708e+02 -8.2377e-01 -3.6048e-02 -2.7384e+00
869 +2.511822532e-05 +2.511822532e-05 -1.645799749e+02 -1.645799749e+02 -8.2109e-01 -3.6139e-02 -2.7384e+00
872 +2.018718831e-05 +2.018718831e-05 -1.645799798e+02 -1.645799798e+02 -8.2189e-01 -3.6139e-02 -2.7384e+00
902 +1.658011203e-05 +1.658011203e-05 -1.645799834e+02 -1.645799834e+02 -8.1941e-01 -3.6096e-02 -2.7384e+00
903 +1.565666341e-05 +1.565666341e-05 -1.645799843e+02 -1.645799843e+02 -8.2149e-01 -3.6104e-02 -2.7384e+00
911 +7.456993558e-06 +7.456993558e-06 -1.645799925e+02 -1.645799925e+02 -8.2037e-01 -3.5958e-02 -2.7384e+00
922 +4.407656348e-06 +4.407656348e-06 -1.645799956e+02 -1.645799956e+02 -8.2060e-01 -3.6028e-02 -2.7384e+00
942 +3.066925188e-06 +3.066925188e-06 -1.645799969e+02 -1.645799969e+02 -8.2107e-01 -3.6033e-02 -2.7384e+00
949 +1.590130324e-06 +1.590130324e-06 -1.645799984e+02 -1.645799984e+02 -8.2144e-01 -3.6009e-02 -2.7384e+00
951 +3.288611765e-07 +3.288611765e-07 -1.645799997e+02 -1.645799997e+02 -8.2188e-01 -3.6008e-02 -2.7384e+00
1007 +3.198945251e-07 +3.198945251e-07 -1.645799997e+02 -1.645799997e+02 -8.2184e-01 -3.6003e-02 -2.7384e+00
1008 +3.118265965e-07 +3.118265965e-07 -1.645799997e+02 -1.645799997e+02 -8.2185e-01 -3.6003e-02 -2.7384e+00
1023 +3.419543759e-08 +3.419543759e-08 -1.645800000e+02 -1.645800000e+02 -8.2227e-01 -3.6004e-02 -2.7384e+00
1055 +1.396733751e-08 +1.396733751e-08 -1.645800000e+02 -1.645800000e+02 -8.2235e-01 -3.6003e-02 -2.7384e+00
1078 +1.303294539e-08 +1.303294539e-08 -1.645800000e+02 -1.645800000e+02 -8.2238e-01 -3.6003e-02 -2.7384e+00
1187 +1.236722369e-08 +1.236722369e-08 -1.645800000e+02 -1.645800000e+02 -8.2243e-01 -3.6004e-02 -2.7384e+00
1188 +1.157044949e-08 +1.157044949e-08 -1.645800000e+02 -1.645800000e+02 -8.2241e-01 -3.6004e-02 -2.7384e+00
1251 +1.146048589e-08 +1.146048589e-08 -1.645800000e+02 -1.645800000e+02 -8.2240e-01 -3.6004e-02 -2.7384e+00
1278 +1.100076474e-08 +1.100076474e-08 -1.645800000e+02 -1.645800000e+02 -8.2239e-01 -3.6003e-02 -2.7384e+00
1300 +1.050329956e-08 +1.050329956e-08 -1.645800000e+02 -1.645800000e+02 -8.2240e-01 -3.6003e-02 -2.7384e+00
1321 +9.977270565e-09 +9.977270565e-09 -1.645800000e+02 -1.645800000e+02 -8.2239e-01 -3.6003e-02 -2.7384e+00
1845 +0.000000000e+00 +0.000000000e+00 -1.645800000e+02 -1.645800000e+02 -8.2240e-01 -3.6000e-02 -2.7384e+00
% function evaluation | noise-free fitness - Fopt (-1.803800000000e+02) | best noise-free fitness - Fopt | measured fitness | best measured fitness | x1 | x2...
1 +6.352950106e+06 +6.352950106e+06 +6.352769726e+06 +6.352769726e+06 +0.0000e+00 +0.0000e+00 +0.0000e+00
80 +1.569020901e+06 +1.569020901e+06 +1.568840521e+06 +1.568840521e+06 -2.9062e+00 -3.0891e+00 +1.4370e+00
93 +3.297171337e+05 +3.297171337e+05 +3.295367537e+05 +3.295367537e+05 -2.9518e+00 -4.2384e+00 +3.1162e+00
114 +2.075819000e+05 +2.075819000e+05 +2.074015200e+05 +2.074015200e+05 -3.0509e-01 -3.7322e+00 +3.0296e+00
115 +1.590286287e+05 +1.590286287e+05 +1.588482487e+05 +1.588482487e+05 -4.6743e+00 -3.8758e+00 +2.9287e+00
126 +7.634467585e+04 +7.634467585e+04 +7.616429585e+04 +7.616429585e+04 -3.3678e+00 -3.1657e+00 +2.4162e+00
129 +6.930862794e+04 +6.930862794e+04 +6.912824794e+04 +6.912824794e+04 -2.6711e+00 -3.0856e+00 +2.4353e+00
132 +4.664747967e+04 +4.664747967e+04 +4.646709967e+04 +4.646709967e+04 -3.3966e+00 -3.6179e+00 +2.6468e+00
149 +3.620735389e+04 +3.620735389e+04 +3.602697389e+04 +3.602697389e+04 -1.2574e+00 -2.9187e+00 +2.6030e+00
150 +3.506131768e+04 +3.506131768e+04 +3.488093768e+04 +3.488093768e+04 -3.5561e+00 +3.7895e+00 +2.7881e+00
153 +2.212539902e+04 +2.212539902e+04 +2.194501902e+04 +2.194501902e+04 -5.5476e-01 -1.2800e+00 +2.5922e+00
158 +2.112713029e+04 +2.112713029e+04 +2.094675029e+04 +2.094675029e+04 -2.4598e+00 -1.1421e+00 +2.6173e+00
160 +1.626882609e+04 +1.626882609e+04 +1.608844609e+04 +1.608844609e+04 -2.4186e+00 -5.5029e-01 +2.5953e+00
166 +1.517940426e+04 +1.517940426e+04 +1.499902426e+04 +1.499902426e+04 -2.6323e+00 +1.3679e+00 +2.4972e+00
174 +1.460578995e+04 +1.460578995e+04 +1.442540995e+04 +1.442540995e+04 -2.5967e+00 +2.6214e+00 +2.7175e+00
177 +1.385242446e+04 +1.385242446e+04 +1.367204446e+04 +1.367204446e+04 -3.1626e+00 -3.4159e-02 +2.5644e+00
178 +1.081599422e+04 +1.081599422e+04 +1.063561422e+04 +1.063561422e+04 -2.5899e+00 +1.3970e-01 +2.6053e+00
185 +8.599500513e+03 +8.599500513e+03 +8.419120513e+03 +8.419120513e+03 -2.7830e+00 +6.8440e-01 +2.6422e+00
195 +4.498952321e+03 +4.498952321e+03 +4.318572321e+03 +4.318572321e+03 -1.6888e+00 +4.3720e+00 +2.6688e+00
197 +1.850623654e+03 +1.850623654e+03 +1.670243654e+03 +1.670243654e+03 -2.3083e+00 +2.4768e+00 +2.6324e+00
200 +1.319156675e+03 +1.319156675e+03 +1.138776675e+03 +1.138776675e+03 -2.4695e+00 +2.5879e+00 +2.6268e+00
205 +1.011904119e+03 +1.011904119e+03 +8.315241191e+02 +8.315241191e+02 -3.2292e+00 +3.1305e+00 +2.6331e+00
206 +3.016319530e+02 +3.016319530e+02 +1.212519530e+02 +1.212519530e+02 -4.5838e-01 +3.3026e+00 +2.6199e+00
234 +5.180530530e+01 +5.180530530e+01 -1.285746947e+02 -1.285746947e+02 -2.1268e+00 +3.2648e+00 +2.6004e+00
249 +4.717577966e+01 +4.717577966e+01 -1.332042203e+02 -1.332042203e+02 -1.7989e+00 +3.6076e+00 +2.6077e+00
255 +1.085966482e+01 +1.085966482e+01 -1.695203352e+02 -1.695203352e+02 -3.3618e+00 +3.5275e+00 +2.6060e+00
317 +9.290640980e+00 +9.290640980e+00 -1.710893590e+02 -1.710893590e+02 -4.6246e+00 +3.5552e+00 +2.6030e+00
324 +4.035509141e+00 +4.035509141e+00 -1.763444909e+02 -1.763444909e+02 -3.8876e+00 +3.5229e+00 +2.6025e+00
342 +2.556836746e+00 +2.556836746e+00 -1.778231633e+02 -1.778231633e+02 -4.5952e+00 +3.4916e+00 +2.6020e+00
343 +1.305331845e+00 +1.305331845e+00 -1.790746682e+02 -1.790746682e+02 -4.6626e+00 +3.4882e+00 +2.6036e+00
348 +1.198772252e+00 +1.198772252e+00 -1.791812277e+02 -1.791812277e+02 -4.3223e+00 +3.4892e+00 +2.6038e+00
377 +5.676715835e-01 +5.676715835e-01 -1.798123284e+02 -1.798123284e+02 -3.5568e+00 +3.4746e+00 +2.6038e+00
387 +5.036709782e-01 +5.036709782e-01 -1.798763290e+02 -1.798763290e+02 -3.6546e+00 +3.4859e+00 +2.6032e+00
396 +2.492516045e-01 +2.492516045e-01 -1.801307484e+02 -1.801307484e+02 -3.4927e+00 +3.4733e+00 +2.6034e+00
440 +1.906006713e-02 +1.906006713e-02 -1.803609399e+02 -1.803609399e+02 -3.7704e+00 +3.4638e+00 +2.6033e+00
457 +1.508318647e-02 +1.508318647e-02 -1.803649168e+02 -1.803649168e+02 -3.8075e+00 +3.4671e+00 +2.6032e+00
558 +7.209389569e-03 +7.209389569e-03 -1.803727906e+02 -1.803727906e+02 -3.8743e+00 +3.4664e+00 +2.6031e+00
574 +6.301254529e-03 +6.301254529e-03 -1.803736987e+02 -1.803736987e+02 -3.9104e+00 +3.4649e+00 +2.6031e+00
587 +2.975728523e-03 +2.975728523e-03 -1.803770243e+02 -1.803770243e+02 -3.9372e+00 +3.4642e+00 +2.6032e+00
605 +1.943367844e-03 +1.943367844e-03 -1.803780566e+02 -1.803780566e+02 -3.9199e+00 +3.4656e+00 +2.6032e+00
613 +7.222746431e-04 +7.222746431e-04 -1.803792777e+02 -1.803792777e+02 -3.8940e+00 +3.4654e+00 +2.6032e+00
618 +5.498522856e-04 +5.498522856e-04 -1.803794501e+02 -1.803794501e+02 -3.9042e+00 +3.4650e+00 +2.6032e+00
633 +3.504321710e-04 +3.504321710e-04 -1.803796496e+02 -1.803796496e+02 -3.9051e+00 +3.4650e+00 +2.6032e+00
645 +2.354775827e-04 +2.354775827e-04 -1.803797645e+02 -1.803797645e+02 -3.8950e+00 +3.4652e+00 +2.6032e+00
652 +1.160546419e-04 +1.160546419e-04 -1.803798839e+02 -1.803798839e+02 -3.8950e+00 +3.4650e+00 +2.6032e+00
658 +9.981078637e-05 +9.981078637e-05 -1.803799002e+02 -1.803799002e+02 -3.8930e+00 +3.4650e+00 +2.6032e+00
662 +3.383439451e-05 +3.383439451e-05 -1.803799662e+02 -1.803799662e+02 -3.8924e+00 +3.4649e+00 +2.6032e+00
703 +1.545048275e-05 +1.545048275e-05 -1.803799845e+02 -1.803799845e+02 -3.8944e+00 +3.4648e+00 +2.6032e+00
724 +2.811217257e-06 +2.811217257e-06 -1.803799972e+02 -1.803799972e+02 -3.8944e+00 +3.4648e+00 +2.6032e+00
747 +2.546269059e-06 +2.546269059e-06 -1.803799975e+02 -1.803799975e+02 -3.8938e+00 +3.4648e+00 +2.6032e+00
751 +2.114979850e-06 +2.114979850e-06 -1.803799979e+02 -1.803799979e+02 -3.8938e+00 +3.4648e+00 +2.6032e+00
773 +7.517830625e-07 +7.517830625e-07 -1.803799992e+02 -1.803799992e+02 -3.8931e+00 +3.4648e+00 +2.6032e+00
791 +5.547931323e-07 +5.547931323e-07 -1.803799994e+02 -1.803799994e+02 -3.8931e+00 +3.4648e+00 +2.6032e+00
794 +5.420942557e-07 +5.420942557e-07 -1.803799995e+02 -1.803799995e+02 -3.8929e+00 +3.4648e+00 +2.6032e+00
797 +3.435737028e-07 +3.435737028e-07 -1.803799997e+02 -1.803799997e+02 -3.8926e+00 +3.4648e+00 +2.6032e+00
799 +9.915532928e-08 +9.915532928e-08 -1.803799999e+02 -1.803799999e+02 -3.8929e+00 +3.4648e+00 +2.6032e+00
816 +8.385930528e-08 +8.385930528e-08 -1.803799999e+02 -1.803799999e+02 -3.8927e+00 +3.4648e+00 +2.6032e+00
829 +6.300149380e-08 +6.300149380e-08 -1.803799999e+02 -1.803799999e+02 -3.8927e+00 +3.4648e+00 +2.6032e+00
848 +5.367689937e-08 +5.367689937e-08 -1.803799999e+02 -1.803799999e+02 -3.8928e+00 +3.4648e+00 +2.6032e+00
849 +3.267510351e-08 +3.267510351e-08 -1.803800000e+02 -1.803800000e+02 -3.8927e+00 +3.4648e+00 +2.6032e+00
857 +1.681203798e-08 +1.681203798e-08 -1.803800000e+02 -1.803800000e+02 -3.8927e+00 +3.4648e+00 +2.6032e+00
873 +8.079723557e-09 +8.079723557e-09 -1.803800000e+02 -1.803800000e+02 -3.8927e+00 +3.4648e+00 +2.6032e+00
