% function evaluation | noise-free fitness - Fopt (-2.098800000000e+02) | best noise-free fitness - Fopt | measured fitness | best measured fitness | x1 | x2...
1 +2.076966042e+05 +2.076966042e+05 +2.074867242e+05 +2.074867242e+05 +0.0000e+00 +0.0000e+00
45 +1.143928783e+04 +1.143928783e+04 +1.122940783e+04 +1.122940783e+04 +5.2359e+00 +3.3983e-01
58 +5.511972546e+03 +5.511972546e+03 +5.302092546e+03 +5.302092546e+03 +4.4035e+00 +3.6644e-01
87 +9.036410191e+02 +9.036410191e+02 +6.937610191e+02 +6.937610191e+02 +4.9012e+00 +4.7768e-01
89 +1.711632984e+02 +1.711632984e+02 -3.871670157e+01 -3.871670157e+01 +4.8469e+00 +4.3543e-01
93 +2.567632952e+01 +2.567632952e+01 -1.842036705e+02 -1.842036705e+02 +4.8516e+00 +4.5161e-01
98 +1.341077663e+01 +1.341077663e+01 -1.964692234e+02 -1.964692234e+02 +4.8996e+00 +4.4841e-01
143 +1.316316086e+01 +1.316316086e+01 -1.967168391e+02 -1.967168391e+02 +4.8770e+00 +4.4834e-01
265 +1.283161883e+01 +1.283161883e+01 -1.970483812e+02 -1.970483812e+02 +4.8519e+00 +4.4798e-01
279 +1.254387866e+01 +1.254387866e+01 -1.973361213e+02 -1.973361213e+02 +4.8168e+00 +4.4795e-01
282 +1.099659287e+01 +1.099659287e+01 -1.988834071e+02 -1.988834071e+02 +4.5196e+00 +4.4882e-01
293 +1.022068754e+01 +1.022068754e+01 -1.996593125e+02 -1.996593125e+02 +4.4970e+00 +4.4809e-01
296 +9.247041023e+00 +9.247041023e+00 -2.006329590e+02 -2.006329590e+02 +4.3209e+00 +4.4813e-01
302 +6.768424139e+00 +6.768424139e+00 -2.031115759e+02 -2.031115759e+02 +3.6560e+00 +4.4821e-01
321 +1.752417649e-01 +1.752417649e-01 -2.097047582e+02 -2.097047582e+02 +1.6446e+00 +4.4807e-01
342 +1.447839798e-01 +1.447839798e-01 -2.097352160e+02 -2.097352160e+02 +1.2028e+00 +4.4836e-01
354 +7.114442192e-02 +7.114442192e-02 -2.098088556e+02 -2.098088556e+02 +1.1042e+00 +4.4827e-01
357 +5.609863698e-02 +5.609863698e-02 -2.098239014e+02 -2.098239014e+02 +9.7152e-01 +4.4803e-01
362 +3.207162056e-02 +3.207162056e-02 -2.098479284e+02 -2.098479284e+02 +1.0568e+00 +4.4792e-01
374 +2.338337004e-02 +2.338337004e-02 -2.098566166e+02 -2.098566166e+02 +1.0963e+00 +4.4810e-01
410 +2.089994823e-02 +2.089994823e-02 -2.098591001e+02 -2.098591001e+02 +1.0896e+00 +4.4808e-01
421 +1.075595843e-02 +1.075595843e-02 -2.098692440e+02 -2.098692440e+02 +1.1122e+00 +4.4805e-01
427 +1.856406064e-03 +1.856406064e-03 -2.098781436e+02 -2.098781436e+02 +1.1693e+00 +4.4801e-01
430 +8.018140349e-04 +8.018140349e-04 -2.098791982e+02 -2.098791982e+02 +1.1937e+00 +4.4802e-01
464 +5.815959052e-04 +5.815959052e-04 -2.098794184e+02 -2.098794184e+02 +1.2151e+00 +4.4802e-01
477 +4.664157696e-04 +4.664157696e-04 -2.098795336e+02 -2.098795336e+02 +1.2018e+00 +4.4802e-01
488 +3.720503256e-04 +3.720503256e-04 -2.098796279e+02 -2.098796279e+02 +1.2023e+00 +4.4802e-01
493 +1.159190530e-04 +1.159190530e-04 -2.098798841e+02 -2.098798841e+02 +1.2031e+00 +4.4801e-01
514 +3.738579204e-05 +3.738579204e-05 -2.098799626e+02 -2.098799626e+02 +1.2121e+00 +4.4800e-01
522 +7.311249760e-06 +7.311249760e-06 -2.098799927e+02 -2.098799927e+02 +1.2068e+00 +4.4800e-01
531 +2.934766371e-06 +2.934766371e-06 -2.098799971e+02 -2.098799971e+02 +1.2055e+00 +4.4800e-01
543 +2.755002953e-06 +2.755002953e-06 -2.098799972e+02 -2.098799972e+02 +1.2057e+00 +4.4800e-01
546 +8.859356342e-07 +8.859356342e-07 -2.098799991e+02 -2.098799991e+02 +1.2067e+00 +4.4800e-01
554 +6.361490819e-07 +6.361490819e-07 -2.098799994e+02 -2.098799994e+02 +1.2076e+00 +4.4800e-01
565 +6.134193313e-07 +6.134193313e-07 -2.098799994e+02 -2.098799994e+02 +1.2069e+00 +4.4800e-01
566 +5.242497707e-07 +5.242497707e-07 -2.098799995e+02 -2.098799995e+02 +1.2071e+00 +4.4800e-01
567 +4.906331981e-07 +4.906331981e-07 -2.098799995e+02 -2.098799995e+02 +1.2070e+00 +4.4800e-01
580 +3.791906806e-07 +3.791906806e-07 -2.098799996e+02 -2.098799996e+02 +1.2072e+00 +4.4800e-01
587 +3.486882747e-07 +3.486882747e-07 -2.098799997e+02 -2.098799997e+02 +1.2071e+00 +4.4800e-01
592 +2.494144553e-07 +2.494144553e-07 -2.098799998e+02 -2.098799998e+02 +1.2071e+00 +4.4800e-01
597 +7.450984185e-08 +7.450984185e-08 -2.098799999e+02 -2.098799999e+02 +1.2071e+00 +4.4800e-01
605 +2.545496613e-08 +2.545496613e-08 -2.098800000e+02 -2.098800000e+02 +1.2073e+00 +4.4800e-01
609 +2.233281293e-08 +2.233281293e-08 -2.098800000e+02 -2.098800000e+02 +1.2072e+00 +4.4800e-01
613 +2.151176659e-08 +2.151176659e-08 -2.098800000e+02 -2.098800000e+02 +1.2073e+00 +4.4800e-01
615 +1.985441145e-08 +1.985441145e-08 -2.098800000e+02 -2.098800000e+02 +1.2072e+00 +4.4800e-01
622 +1.735219257e-08 +1.735219257e-08 -2.098800000e+02 -2.098800000e+02 +1.2072e+00 +4.4800e-01
624 +1.533095428e-09 +1.533095428e-09 -2.098800000e+02 -2.098800000e+02 +1.2072e+00 +4.4800e-01
% function evaluation | noise-free fitness - Fopt (-9.209000000000e+01) | best noise-free fitness - Fopt | measured fitness | best measured fitness | x1 | x2...
1 +6.430618442e+06 +6.430618442e+06 +6.430526352e+06 +6.430526352e+06 +0.0000e+00 +0.0000e+00
2 +1.196157798e+05 +1.196157798e+05 +1.195236898e+05 +1.195236898e+05 +1.9992e+00 +2.9656e+00
3 +1.165794824e+05 +1.165794824e+05 +1.164873924e+05 +1.164873924e+05 +2.0872e+00 +2.9589e+00
5 +1.034080429e+05 +1.034080429e+05 +1.033159529e+05 +1.033159529e+05 +2.0031e+00 +2.9343e+00
15 +9.363447669e+04 +9.363447669e+04 +9.354238669e+04 +9.354238669e+04 +2.0114e+00 +2.9190e+00
17 +4.556117492e+04 +4.556117492e+04 +4.546908492e+04 +4.546908492e+04 +2.0638e+00 +2.8339e+00
22 +4.169191130e+04 +4.169191130e+04 +4.159982130e+04 +4.159982130e+04 +1.8755e+00 +2.8237e+00
24 +1.264354661e+04 +1.264354661e+04 +1.255145661e+04 +1.255145661e+04 +2.0690e+00 +2.7267e+00
30 +9.548169619e+03 +9.548169619e+03 +9.456079619e+03 +9.456079619e+03 +2.0564e+00 +2.7144e+00
32 +8.704300266e+03 +8.704300266e+03 +8.612210266e+03 +8.612210266e+03 +2.0308e+00 +2.7117e+00
37 +5.996073904e+01 +5.996073904e+01 -3.212926096e+01 -3.212926096e+01 +3.1093e+00 +2.6137e+00
46 +2.428452873e+01 +2.428452873e+01 -6.780547127e+01 -6.780547127e+01 +5.1814e+00 +2.6236e+00
54 +1.387771429e+01 +1.387771429e+01 -7.821228571e+01 -7.821228571e+01 +2.8208e-01 +2.6181e+00
60 +1.172032169e+01 +1.172032169e+01 -8.036967831e+01 -8.036967831e+01 +4.0663e+00 +2.6226e+00
63 +5.835063755e+00 +5.835063755e+00 -8.625493624e+01 -8.625493624e+01 +2.2277e+00 +2.6196e+00
80 +2.798407740e+00 +2.798407740e+00 -8.929159226e+01 -8.929159226e+01 +2.0799e-01 +2.6200e+00
91 +7.547187358e-01 +7.547187358e-01 -9.133528126e+01 -9.133528126e+01 +1.5954e+00 +2.6213e+00
122 +5.038229375e-01 +5.038229375e-01 -9.158617706e+01 -9.158617706e+01 +3.9697e-02 +2.6213e+00
127 +1.966965579e-01 +1.966965579e-01 -9.189330344e+01 -9.189330344e+01 +7.1086e-01 +2.6220e+00
133 +7.306994451e-02 +7.306994451e-02 -9.201693006e+01 -9.201693006e+01 +4.6730e-01 +2.6215e+00
135 +2.506288506e-02 +2.506288506e-02 -9.206493711e+01 -9.206493711e+01 +7.0895e-01 +2.6214e+00
141 +1.576084131e-02 +1.576084131e-02 -9.207423916e+01 -9.207423916e+01 +8.2208e-01 +2.6215e+00
145 +6.976105970e-03 +6.976105970e-03 -9.208302389e+01 -9.208302389e+01 +6.4314e-01 +2.6216e+00
153 +2.770345946e-03 +2.770345946e-03 -9.208722965e+01 -9.208722965e+01 +7.4837e-01 +2.6216e+00
166 +1.230766581e-03 +1.230766581e-03 -9.208876923e+01 -9.208876923e+01 +7.5647e-01 +2.6216e+00
184 +1.047127989e-03 +1.047127989e-03 -9.208895287e+01 -9.208895287e+01 +7.5066e-01 +2.6216e+00
202 +1.020174642e-03 +1.020174642e-03 -9.208897983e+01 -9.208897983e+01 +7.5365e-01 +2.6216e+00
203 +7.864499695e-04 +7.864499695e-04 -9.208921355e+01 -9.208921355e+01 +7.4744e-01 +2.6216e+00
206 +7.578513732e-04 +7.578513732e-04 -9.208924215e+01 -9.208924215e+01 +7.4799e-01 +2.6216e+00
216 +6.613951928e-04 +6.613951928e-04 -9.208933860e+01 -9.208933860e+01 +7.4576e-01 +2.6216e+00
222 +6.268764052e-04 +6.268764052e-04 -9.208937312e+01 -9.208937312e+01 +7.4578e-01 +2.6216e+00
223 +3.953116053e-04 +3.953116053e-04 -9.208960469e+01 -9.208960469e+01 +7.4408e-01 +2.6216e+00
225 +3.264469486e-04 +3.264469486e-04 -9.208967355e+01 -9.208967355e+01 +7.4393e-01 +2.6216e+00
232 +2.140939542e-04 +2.140939542e-04 -9.208978591e+01 -9.208978591e+01 +7.3778e-01 +2.6216e+00
245 +1.205631276e-04 +1.205631276e-04 -9.208987944e+01 -9.208987944e+01 +7.3646e-01 +2.6216e+00
250 +1.190238221e-05 +1.190238221e-05 -9.208998810e+01 -9.208998810e+01 +7.2832e-01 +2.6216e+00
253 +4.950776216e-06 +4.950776216e-06 -9.208999505e+01 -9.208999505e+01 +7.2468e-01 +2.6216e+00
258 +1.174958896e-06 +1.174958896e-06 -9.208999883e+01 -9.208999883e+01 +7.2658e-01 +2.6216e+00
315 +1.647793368e-07 +1.647793368e-07 -9.208999984e+01 -9.208999984e+01 +7.2530e-01 +2.6216e+00
325 +1.491201402e-07 +1.491201402e-07 -9.208999985e+01 -9.208999985e+01 +7.2597e-01 +2.6216e+00
329 +1.620544765e-08 +1.620544765e-08 -9.208999998e+01 -9.208999998e+01 +7.2554e-01 +2.6216e+00
333 +1.057844656e-08 +1.057844656e-08 -9.208999999e+01 -9.208999999e+01 +7.2568e-01 +2.6216e+00
335 +2.530526899e-10 +2.530526899e-10 -9.209000000e+01 -9.209000000e+01 +7.2561e-01 +2.6216e+00
654 +0.000000000e+00 +0.000000000e+00 -9.209000000e+01 -9.209000000e+01 +7.2560e-01 +2.6216e+00
% function evaluation | noise-free fitness - Fopt (-8.789000000000e+01) | best noise-free fitness - Fopt | measured fitness | best measured fitness | x1 | x2...
1 +1.325850294e+07 +1.325850294e+07 +1.325841505e+07 +1.325841505e+07 +0.0000e+00 +0.0000e+00
2 +4.117144722e+06 +4.117144722e+06 +4.117056832e+06 +4.117056832e+06 -1.4788e+00 +1.6347e+00
10 +4.073793178e+06 +4.073793178e+06 +4.073705288e+06 +4.073705288e+06 -1.5242e+00 +1.6497e+00
24 +3.971939187e+06 +3.971939187e+06 +3.971851297e+06 +3.971851297e+06 -1.5042e+00 +1.6854e+00
48 +3.831682563e+06 +3.831682563e+06 +3.831594673e+06 +3.831594673e+06 -1.9362e+00 +1.7356e+00
50 +3.650712089e+06 +3.650712089e+06 +3.650624199e+06 +3.650624199e+06 -2.7868e+00 +1.8016e+00
55 +3.570672761e+06 +3.570672761e+06 +3.570584871e+06 +3.570584871e+06 -1.4286e+00 +1.8310e+00
62 +3.476986442e+06 +3.476986442e+06 +3.476898552e+06 +3.476898552e+06 -2.0180e+00 +1.8654e+00
65 +2.955679206e+06 +2.955679206e+06 +2.955591316e+06 +2.955591316e+06 -9.8305e-01 +2.0511e+00
66 +2.692530756e+06 +2.692530756e+06 +2.692442866e+06 +2.692442866e+06 +2.2449e+00 +2.1380e+00
77 +2.036915831e+06 +2.036915831e+06 +2.036827941e+06 +2.036827941e+06 +6.5432e+00 +5.1005e+00
79 +7.779562501e+05 +7.779562501e+05 +7.778683601e+05 +7.778683601e+05 +8.5920e-01 +2.7309e+00
81 +3.946971833e+05 +3.946971833e+05 +3.946092933e+05 +3.946092933e+05 -1.6528e-02 +2.9595e+00
90 +3.592856468e+05 +3.592856468e+05 +3.591977568e+05 +3.591977568e+05 +3.3220e+00 +2.9950e+00
92 +1.268805385e+05 +1.268805385e+05 +1.267926485e+05 +1.267926485e+05 -3.1398e-01 +3.2994e+00
100 +1.644540463e+04 +1.644540463e+04 +1.635751463e+04 +1.635751463e+04 -5.5408e-01 +3.5217e+00
112 +1.491289420e+04 +1.491289420e+04 +1.482500420e+04 +1.482500420e+04 +1.4719e+00 +3.5262e+00
116 +1.300501315e+04 +1.300501315e+04 +1.291712315e+04 +1.291712315e+04 +1.5709e+00 +3.5322e+00
122 +4.610858268e+03 +4.610858268e+03 +4.522968268e+03 +4.522968268e+03 +9.7137e-01 +3.7197e+00
123 +1.885024838e+00 +1.885024838e+00 -8.600497516e+01 -8.600497516e+01 +1.4249e+00 +3.6452e+00
175 +8.160729169e-01 +8.160729169e-01 -8.707392708e+01 -8.707392708e+01 -2.1173e-01 +3.6448e+00
185 +3.893041223e-01 +3.893041223e-01 -8.750069588e+01 -8.750069588e+01 +8.1514e-01 +3.6456e+00
197 +1.109308913e-01 +1.109308913e-01 -8.777906911e+01 -8.777906911e+01 +5.6205e-01 +3.6456e+00
215 +9.489069396e-02 +9.489069396e-02 -8.779510931e+01 -8.779510931e+01 -2.7087e-02 +3.6454e+00
230 +5.860012841e-03 +5.860012841e-03 -8.788413999e+01 -8.788413999e+01 +1.6305e-01 +3.6456e+00
258 +3.344727189e-03 +3.344727189e-03 -8.788665527e+01 -8.788665527e+01 +2.2829e-01 +3.6455e+00
271 +6.158594359e-04 +6.158594359e-04 -8.788938414e+01 -8.788938414e+01 +2.4186e-01 +3.6456e+00
279 +5.763953872e-04 +5.763953872e-04 -8.788942360e+01 -8.788942360e+01 +2.2102e-01 +3.6456e+00
280 +1.972623549e-04 +1.972623549e-04 -8.788980274e+01 -8.788980274e+01 +2.4968e-01 +3.6456e+00
282 +6.358111361e-05 +6.358111361e-05 -8.788993642e+01 -8.788993642e+01 +2.3069e-01 +3.6456e+00
293 +5.410774405e-05 +5.410774405e-05 -8.788994589e+01 -8.788994589e+01 +2.4385e-01 +3.6456e+00
294 +1.676319027e-05 +1.676319027e-05 -8.788998324e+01 -8.788998324e+01 +2.4082e-01 +3.6456e+00
301 +5.999797423e-07 +5.999797423e-07 -8.788999940e+01 -8.788999940e+01 +2.3863e-01 +3.6456e+00
346 +5.211435052e-07 +5.211435052e-07 -8.788999948e+01 -8.788999948e+01 +2.3854e-01 +3.6456e+00
351 +4.362879196e-07 +4.362879196e-07 -8.788999956e+01 -8.788999956e+01 +2.3874e-01 +3.6456e+00
352 +1.552279372e-07 +1.552279372e-07 -8.788999984e+01 -8.788999984e+01 +2.3891e-01 +3.6456e+00
389 +6.597765889e-08 +6.597765889e-08 -8.788999993e+01 -8.788999993e+01 +2.3933e-01 +3.6456e+00
398 +2.339737648e-08 +2.339737648e-08 -8.788999998e+01 -8.788999998e+01 +2.3930e-01 +3.6456e+00
472 +2.036655644e-08 +2.036655644e-08 -8.788999998e+01 -8.788999998e+01 +2.3908e-01 +3.6456e+00
482 +1.939703509e-08 +1.939703509e-08 -8.788999998e+01 -8.788999998e+01 +2.3907e-01 +3.6456e+00
490 +1.815207895e-08 +1.815207895e-08 -8.788999998e+01 -8.788999998e+01 +2.3907e-01 +3.6456e+00
492 +1.660689009e-08 +1.660689009e-08 -8.788999998e+01 -8.788999998e+01 +2.3907e-01 +3.6456e+00
497 +1.473910061e-08 +1.473910061e-08 -8.788999999e+01 -8.788999999e+01 +2.3908e-01 +3.6456e+00
501 +1.317957299e-08 +1.317957299e-08 -8.788999999e+01 -8.788999999e+01 +2.3909e-01 +3.6456e+00
509 +7.830053050e-09 +7.830053050e-09 -8.788999999e+01 -8.788999999e+01 +2.3911e-01 +3.6456e+00
% function evaluation | noise-free fitness - Fopt (3.201900000000e+02) | best noise-free fitness - Fopt | measured fitness | best measured fitness | x1 | x2...
1 +6.283126796e+06 +6.283126796e+06 +6.283446986e+06 +6.283446986e+06 +0.0000e+00 +0.0000e+00
45 +5.906891746e+03 +5.906891746e+03 +6.227081746e+03 +6.227081746e+03 -5.0545e-01 -2.4449e+00
106 +2.617927518e+01 +2.617927518e+01 +3.463692752e+02 +3.463692752e+02 -2.2930e-01 -2.3558e+00
123 +1.286228625e+00 +1.286228625e+00 +3.214762286e+02 +3.214762286e+02 -2.2825e-01 -2.3619e+00
140 +4.328313687e-01 +4.328313687e-01 +3.206228314e+02 +3.206228314e+02 -2.0977e-01 -2.3614e+00
144 +5.523639107e-02 +5.523639107e-02 +3.202452364e+02 +3.202452364e+02 -2.1137e-01 -2.3609e+00
157 +5.160258174e-02 +5.160258174e-02 +3.202416026e+02 +3.202416026e+02 -2.1655e-01 -2.3609e+00
168 +5.092262676e-02 +5.092262676e-02 +3.202409226e+02 +3.202409226e+02 -2.1453e-01 -2.3609e+00
171 +4.886737892e-02 +4.886737892e-02 +3.202388674e+02 +3.202388674e+02 -2.1215e-01 -2.3608e+00
211 +4.714974863e-02 +4.714974863e-02 +3.202371497e+02 +3.202371497e+02 -2.1983e-01 -2.3608e+00
219 +3.747292104e-02 +3.747292104e-02 +3.202274729e+02 +3.202274729e+02 -2.4338e-01 -2.3608e+00
230 +3.210673641e-02 +3.210673641e-02 +3.202221067e+02 +3.202221067e+02 -2.6506e-01 -2.3607e+00
241 +2.136852039e-02 +2.136852039e-02 +3.202113685e+02 +3.202113685e+02 -2.8157e-01 -2.3608e+00
266 +1.702582144e-02 +1.702582144e-02 +3.202070258e+02 +3.202070258e+02 -3.0808e-01 -2.3608e+00
281 +1.433191936e-02 +1.433191936e-02 +3.202043319e+02 +3.202043319e+02 -3.1716e-01 -2.3608e+00
287 +1.406485907e-02 +1.406485907e-02 +3.202040649e+02 +3.202040649e+02 -3.1783e-01 -2.3608e+00
288 +1.029828703e-02 +1.029828703e-02 +3.202002983e+02 +3.202002983e+02 -3.3761e-01 -2.3608e+00
289 +5.846766962e-04 +5.846766962e-04 +3.201905847e+02 +3.201905847e+02 -4.2207e-01 -2.3608e+00
307 +5.578411408e-04 +5.578411408e-04 +3.201905578e+02 +3.201905578e+02 -4.3435e-01 -2.3608e+00
316 +3.096322818e-04 +3.096322818e-04 +3.201903096e+02 +3.201903096e+02 -4.2984e-01 -2.3608e+00
337 +1.089139516e-04 +1.089139516e-04 +3.201901089e+02 +3.201901089e+02 -4.2438e-01 -2.3608e+00
353 +1.083690978e-05 +1.083690978e-05 +3.201900108e+02 +3.201900108e+02 -4.3014e-01 -2.3608e+00
370 +2.885587890e-06 +2.885587890e-06 +3.201900029e+02 +3.201900029e+02 -4.3372e-01 -2.3608e+00
402 +1.710104698e-06 +1.710104698e-06 +3.201900017e+02 +3.201900017e+02 -4.3402e-01 -2.3608e+00
413 +1.627767574e-06 +1.627767574e-06 +3.201900016e+02 +3.201900016e+02 -4.3253e-01 -2.3608e+00
417 +7.343754760e-07 +7.343754760e-07 +3.201900007e+02 +3.201900007e+02 -4.3202e-01 -2.3608e+00
423 +2.541481763e-07 +2.541481763e-07 +3.201900003e+02 +3.201900003e+02 -4.3240e-01 -2.3608e+00
441 +5.615197551e-08 +5.615197551e-08 +3.201900001e+02 +3.201900001e+02 -4.3270e-01 -2.3608e+00
498 +4.562502909e-08 +4.562502909e-08 +3.201900000e+02 +3.201900000e+02 -4.3303e-01 -2.3608e+00
514 +1.112505288e-08 +1.112505288e-08 +3.201900000e+02 +3.201900000e+02 -4.3275e-01 -2.3608e+00
528 +1.063983746e-08 +1.063983746e-08 +3.201900000e+02 +3.201900000e+02 -4.3285e-01 -2.3608e+00
535 +8.654865269e-09 +8.654865269e-09 +3.201900000e+02 +3.201900000e+02 -4.3283e-01 -2.3608e+00
% function evaluation | noise-free fitness - Fopt (-1.042400000000e+02) | best noise-free fitness - Fopt | measured fitness | best measured fitness | x1 | x2...
1 +1.523048660e+07 +1.523048660e+07 +1.523038236e+07 +1.523038236e+07 +0.0000e+00 +0.0000e+00
63 +4.803298446e+06 +4.803298446e+06 +4.803194206e+06 +4.803194206e+06 -2.6692e+00 -6.1488e+00
72 +2.474613286e+06 +2.474613286e+06 +2.474509046e+06 +2.474509046e+06 -2.5873e+00 -5.3594e+00
75 +2.076859036e+06 +2.076859036e+06 +2.076754796e+06 +2.076754796e+06 -2.4684e+00 -2.4119e+00
76 +5.026630073e+05 +5.026630073e+05 +5.025587673e+05 +5.025587673e+05 -2.6999e+00 -3.1887e+00
114 +5.408727519e+02 +5.408727519e+02 +4.366327519e+02 +4.366327519e+02 -2.3494e+00 -3.8977e+00
164 +1.543220133e+02 +1.543220133e+02 +5.008201335e+01 +5.008201335e+01 -2.2151e+00 -3.9322e+00
199 +6.980715749e+01 +6.980715749e+01 -3.443284251e+01 -3.443284251e+01 -2.1848e+00 -3.9122e+00
200 +4.386706209e+01 +4.386706209e+01 -6.037293791e+01 -6.037293791e+01 -2.1664e+00 -3.9135e+00
201 +3.378407538e+01 +3.378407538e+01 -7.045592462e+01 -7.045592462e+01 -2.2005e+00 -3.9146e+00
202 +1.271863720e+01 +1.271863720e+01 -9.152136280e+01 -9.152136280e+01 -2.2164e+00 -3.9226e+00
233 +1.256836746e+01 +1.256836746e+01 -9.167163254e+01 -9.167163254e+01 -2.1437e+00 -3.9226e+00
235 +1.034997283e+01 +1.034997283e+01 -9.389002717e+01 -9.389002717e+01 -2.1486e+00 -3.9222e+00
242 +6.540036180e+00 +6.540036180e+00 -9.769996382e+01 -9.769996382e+01 -2.1436e+00 -3.9193e+00
244 +6.044057111e+00 +6.044057111e+00 -9.819594289e+01 -9.819594289e+01 -2.1426e+00 -3.9199e+00
270 +6.016118378e+00 +6.016118378e+00 -9.822388162e+01 -9.822388162e+01 -2.1379e+00 -3.9201e+00
302 +4.449968987e+00 +4.449968987e+00 -9.979003101e+01 -9.979003101e+01 -1.7045e+00 -3.9197e+00
317 +3.511549998e+00 +3.511549998e+00 -1.007284500e+02 -1.007284500e+02 -1.3808e+00 -3.9198e+00
320 +1.314776929e+00 +1.314776929e+00 -1.029252231e+02 -1.029252231e+02 -7.0496e-01 -3.9199e+00
322 +2.548475520e-01 +2.548475520e-01 -1.039851524e+02 -1.039851524e+02 +8.8801e-01 -3.9199e+00
325 +1.506966467e-01 +1.506966467e-01 -1.040893034e+02 -1.040893034e+02 +7.0563e-02 -3.9198e+00
336 +2.142567529e-02 +2.142567529e-02 -1.042185743e+02 -1.042185743e+02 +3.9150e-01 -3.9198e+00
375 +8.157939308e-03 +8.157939308e-03 -1.042318421e+02 -1.042318421e+02 +3.4063e-01 -3.9199e+00
382 +3.472970183e-03 +3.472970183e-03 -1.042365270e+02 -1.042365270e+02 +3.3649e-01 -3.9200e+00
384 +3.647065578e-04 +3.647065578e-04 -1.042396353e+02 -1.042396353e+02 +4.1029e-01 -3.9200e+00
403 +8.170167720e-05 +8.170167720e-05 -1.042399183e+02 -1.042399183e+02 +3.8589e-01 -3.9200e+00
404 +5.481733834e-05 +5.481733834e-05 -1.042399452e+02 -1.042399452e+02 +3.8662e-01 -3.9200e+00
414 +3.624413080e-05 +3.624413080e-05 -1.042399638e+02 -1.042399638e+02 +3.8883e-01 -3.9200e+00
416 +3.422854888e-07 +3.422854888e-07 -1.042399997e+02 -1.042399997e+02 +3.9400e-01 -3.9200e+00
492 +1.978560391e-07 +1.978560391e-07 -1.042399998e+02 -1.042399998e+02 +3.9478e-01 -3.9200e+00
503 +5.380007906e-08 +5.380007906e-08 -1.042399999e+02 -1.042399999e+02 +3.9439e-01 -3.9200e+00
532 +2.807243504e-08 +2.807243504e-08 -1.042400000e+02 -1.042400000e+02 +3.9451e-01 -3.9200e+00
542 +2.705220936e-09 +2.705220936e-09 -1.042400000e+02 -1.042400000e+02 +3.9444e-01 -3.9200e+00
815 +0.000000000e+00 +0.000000000e+00 -1.042400000e+02 -1.042400000e+02 +3.9440e-01 -3.9200e+00
% function evaluation | noise-free fitness - Fopt (-1.843100000000e+02) | best noise-free fitness - Fopt | measured fitness | best measured fitness | x1 | x2...
1 +5.083025585e+04 +5.083025585e+04 +5.064594585e+04 +5.064594585e+04 +0.0000e+00 +0.0000e+00
92 +1.031496460e+03 +1.031496460e+03 +8.471864597e+02 +8.471864597e+02 -8.2138e+00 +2.5650e-01
112 +2.604913267e+02 +2.604913267e+02 +7.618132672e+01 +7.618132672e+01 -4.1728e+00 +2.1003e-01
136 +8.298023016e+01 +8.298023016e+01 -1.013297698e+02 -1.013297698e+02 -5.1203e+00 +2.1827e-01
142 +1.557892708e+01 +1.557892708e+01 -1.687310729e+02 -1.687310729e+02 -9.9015e-01 +2.2195e-01
180 +1.531562889e+01 +1.531562889e+01 -1.689943711e+02 -1.689943711e+02 -1.6831e+00 +2.2304e-01
181 +4.847268226e+00 +4.847268226e+00 -1.794627318e+02 -1.794627318e+02 +1.4924e+00 +2.2681e-01
186 +2.178079079e+00 +2.178079079e+00 -1.821319209e+02 -1.821319209e+02 +1.2370e+00 +2.2628e-01
225 +2.116139064e+00 +2.116139064e+00 -1.821938609e+02 -1.821938609e+02 +6.0808e-01 +2.2539e-01
230 +7.341701572e-01 +7.341701572e-01 -1.835758298e+02 -1.835758298e+02 +9.9901e-01 +2.2447e-01
235 +4.872142536e-02 +4.872142536e-02 -1.842612786e+02 -1.842612786e+02 +1.7649e+00 +2.2457e-01
256 +4.304221669e-02 +4.304221669e-02 -1.842669578e+02 -1.842669578e+02 +1.7194e+00 +2.2496e-01
272 +4.054719287e-02 +4.054719287e-02 -1.842694528e+02 -1.842694528e+02 +1.8591e+00 +2.2498e-01
274 +8.886239133e-03 +8.886239133e-03 -1.843011138e+02 -1.843011138e+02 +1.8604e+00 +2.2489e-01
284 +2.169147724e-03 +2.169147724e-03 -1.843078309e+02 -1.843078309e+02 +1.8840e+00 +2.2477e-01
306 +9.751382084e-04 +9.751382084e-04 -1.843090249e+02 -1.843090249e+02 +1.8715e+00 +2.2481e-01
331 +9.173623542e-04 +9.173623542e-04 -1.843090826e+02 -1.843090826e+02 +1.8742e+00 +2.2480e-01
414 +6.701358930e-04 +6.701358930e-04 -1.843093299e+02 -1.843093299e+02 +1.8673e+00 +2.2480e-01
432 +6.589093664e-04 +6.589093664e-04 -1.843093411e+02 -1.843093411e+02 +1.8672e+00 +2.2480e-01
444 +2.834748348e-04 +2.834748348e-04 -1.843097165e+02 -1.843097165e+02 +1.8608e+00 +2.2480e-01
447 +3.638628840e-05 +3.638628840e-05 -1.843099636e+02 -1.843099636e+02 +1.8495e+00 +2.2480e-01
472 +3.111297539e-05 +3.111297539e-05 -1.843099689e+02 -1.843099689e+02 +1.8381e+00 +2.2480e-01
479 +7.312414994e-07 +7.312414994e-07 -1.843099993e+02 -1.843099993e+02 +1.8426e+00 +2.2480e-01
486 +4.536799452e-07 +4.536799452e-07 -1.843099995e+02 -1.843099995e+02 +1.8437e+00 +2.2480e-01
580 +2.580264322e-07 +2.580264322e-07 -1.843099997e+02 -1.843099997e+02 +1.8431e+00 +2.2480e-01
582 +6.710598655e-08 +6.710598655e-08 -1.843099999e+02 -1.843099999e+02 +1.8434e+00 +2.2480e-01
588 +4.629666250e-08 +4.629666250e-08 -1.843100000e+02 -1.843100000e+02 +1.8431e+00 +2.2480e-01
595 +4.076895266e-09 +4.076895266e-09 -1.843100000e+02 -1.843100000e+02 +1.8432e+00 +2.2480e-01
814 +0.000000000e+00 +0.000000000e+00 -1.843100000e+02 -1.843100000e+02 +1.8432e+00 +2.2480e-01
% function evaluation | noise-free fitness - Fopt (5.684000000000e+01) | best noise-free fitness - Fopt | measured fitness | best measured fitness | x1 | x2...
1 +7.061712558e+06 +7.061712558e+06 +7.061769398e+06 +7.061769398e+06 +0.0000e+00 +0.0000e+00
54 +4.455895312e+06 +4.455895312e+06 +4.455952152e+06 +4.455952152e+06 -4.9225e+00 -4.5421e-01
63 +8.918872602e+03 +8.918872602e+03 +8.975712602e+03 +8.975712602e+03 -4.8785e+00 -2.4381e+00
75 +1.605736271e+03 +1.605736271e+03 +1.662576271e+03 +1.662576271e+03 -4.5788e+00 -2.5660e+00
106 +3.629724445e+01 +3.629724445e+01 +9.313724445e+01 +9.313724445e+01 -4.7684e+00 -2.5319e+00
131 +2.394329847e+01 +2.394329847e+01 +8.078329847e+01 +8.078329847e+01 -4.0634e+00 -2.5306e+00
136 +2.105890381e+01 +2.105890381e+01 +7.789890381e+01 +7.789890381e+01 -4.0369e+00 -2.5281e+00
178 +1.808993847e+01 +1.808993847e+01 +7.492993847e+01 +7.492993847e+01 -3.7101e+00 -2.5286e+00
191 +1.636963996e+01 +1.636963996e+01 +7.320963996e+01 +7.320963996e+01 -3.5004e+00 -2.5289e+00
195 +1.329518011e+01 +1.329518011e+01 +7.013518011e+01 +7.013518011e+01 -2.9347e+00 -2.5300e+00
201 +8.190382859e+00 +8.190382859e+00 +6.503038286e+01 +6.503038286e+01 -2.2204e+00 -2.5299e+00
227 +6.997520722e+00 +6.997520722e+00 +6.383752072e+01 +6.383752072e+01 -2.1666e+00 -2.5284e+00
236 +6.294070447e+00 +6.294070447e+00 +6.313407045e+01 +6.313407045e+01 -1.9780e+00 -2.5294e+00
252 +5.362034865e+00 +5.362034865e+00 +6.220203486e+01 +6.220203486e+01 -1.8454e+00 -2.5287e+00
265 +4.820806608e+00 +4.820806608e+00 +6.166080661e+01 +6.166080661e+01 -1.5527e+00 -2.5281e+00
267 +3.710430887e+00 +3.710430887e+00 +6.055043089e+01 +6.055043089e+01 -1.2220e+00 -2.5282e+00
275 +3.255932093e+00 +3.255932093e+00 +6.009593209e+01 +6.009593209e+01 -7.5747e-01 -2.5277e+00
284 +2.317704806e+00 +2.317704806e+00 +5.915770481e+01 +5.915770481e+01 -7.3510e-01 -2.5281e+00
301 +1.219002511e+00 +1.219002511e+00 +5.805900251e+01 +5.805900251e+01 -5.2332e-01 -2.5286e+00
316 +6.112428973e-01 +6.112428973e-01 +5.745124290e+01 +5.745124290e+01 -3.0121e-01 -2.5287e+00
324 +5.820125134e-01 +5.820125134e-01 +5.742201251e+01 +5.742201251e+01 -2.6331e-01 -2.5290e+00
327 +4.342033576e-01 +4.342033576e-01 +5.727420336e+01 +5.727420336e+01 -1.8748e-01 -2.5288e+00
334 +2.750702005e-01 +2.750702005e-01 +5.711507020e+01 +5.711507020e+01 +1.9740e-01 -2.5292e+00
363 +8.200494103e-02 +8.200494103e-02 +5.692200494e+01 +5.692200494e+01 +3.8146e-01 -2.5291e+00
372 +2.447221473e-02 +2.447221473e-02 +5.686447221e+01 +5.686447221e+01 +6.0003e-01 -2.5289e+00
373 +1.984806341e-02 +1.984806341e-02 +5.685984806e+01 +5.685984806e+01 +5.8461e-01 -2.5289e+00
379 +1.890189433e-02 +1.890189433e-02 +5.685890189e+01 +5.685890189e+01 +6.4326e-01 -2.5289e+00
397 +3.219491999e-03 +3.219491999e-03 +5.684321949e+01 +5.684321949e+01 +5.7175e-01 -2.5288e+00
433 +1.099314203e-03 +1.099314203e-03 +5.684109931e+01 +5.684109931e+01 +5.5559e-01 -2.5288e+00
447 +1.456505510e-04 +1.456505510e-04 +5.684014565e+01 +5.684014565e+01 +5.4469e-01 -2.5288e+00
465 +4.847670899e-05 +4.847670899e-05 +5.684004848e+01 +5.684004848e+01 +5.2573e-01 -2.5288e+00
475 +1.692549682e-05 +1.692549682e-05 +5.684001693e+01 +5.684001693e+01 +5.3671e-01 -2.5288e+00
487 +1.443891861e-05 +1.443891861e-05 +5.684001444e+01 +5.684001444e+01 +5.2939e-01 -2.5288e+00
495 +1.372826978e-05 +1.372826978e-05 +5.684001373e+01 +5.684001373e+01 +5.3198e-01 -2.5288e+00
538 +3.034607182e-06 +3.034607182e-06 +5.684000303e+01 +5.684000303e+01 +5.3453e-01 -2.5288e+00
539 +1.964100178e-06 +1.964100178e-06 +5.684000196e+01 +5.684000196e+01 +5.3164e-01 -2.5288e+00
554 +3.697066475e-07 +3.697066475e-07 +5.684000037e+01 +5.684000037e+01 +5.3314e-01 -2.5288e+00
575 +2.533129617e-08 +2.533129617e-08 +5.684000003e+01 +5.684000003e+01 +5.3275e-01 -2.5288e+00
635 +7.930935908e-09 +7.930935908e-09 +5.684000001e+01 +5.684000001e+01 +5.3273e-01 -2.5288e+00
982 +0.000000000e+00 +0.000000000e+00 +5.684000000e+01 +5.684000000e+01 +5.3280e-01 -2.5288e+00
% function evaluation | noise-free fitness - Fopt (-1.897300000000e+02) | best noise-free fitness - Fopt | measured fitness | best measured fitness | x1 | x2...
1 +5.293160004e+05 +5.293160004e+05 +5.291262704e+05 +5.291262704e+05 +0.0000e+00 +0.0000e+00
89 +4.753935915e+05 +4.753935915e+05 +4.752038615e+05 +4.752038615e+05 -4.9791e-01 -1.3688e-01
101 +3.150533090e+02 +3.150533090e+02 +1.253233090e+02 +1.253233090e+02 -4.8940e-01 -7.7031e-01
128 +2.274851096e+01 +2.274851096e+01 -1.669814890e+02 -1.669814890e+02 -5.1071e-01 -7.9291e-01
136 +3.949640380e+00 +3.949640380e+00 -1.857803596e+02 -1.857803596e+02 -4.8037e-01 -7.8743e-01
147 +2.290069657e+00 +2.290069657e+00 -1.874399303e+02 -1.874399303e+02 -4.6969e-01 -7.8851e-01
152 +1.805140090e+00 +1.805140090e+00 -1.879248599e+02 -1.879248599e+02 -3.5262e-01 -7.8879e-01
303 +1.332728564e+00 +1.332728564e+00 -1.883972714e+02 -1.883972714e+02 -2.1413e-01 -7.8887e-01
325 +9.917191848e-01 +9.917191848e-01 -1.887382808e+02 -1.887382808e+02 -8.3117e-02 -7.8854e-01
327 +6.457966827e-01 +6.457966827e-01 -1.890842033e+02 -1.890842033e+02 +1.2598e+00 -7.8806e-01
331 +3.650752680e-01 +3.650752680e-01 -1.893649247e+02 -1.893649247e+02 +2.5151e-01 -7.8867e-01
334 +2.005275354e-01 +2.005275354e-01 -1.895294725e+02 -1.895294725e+02 +5.5810e-01 -7.8910e-01
343 +6.653704979e-02 +6.653704979e-02 -1.896634630e+02 -1.896634630e+02 +1.0831e+00 -7.8898e-01
348 +2.895629066e-02 +2.895629066e-02 -1.897010437e+02 -1.897010437e+02 +7.3179e-01 -7.8881e-01
364 +9.829187941e-03 +9.829187941e-03 -1.897201708e+02 -1.897201708e+02 +7.9002e-01 -7.8879e-01
389 +3.275956435e-03 +3.275956435e-03 -1.897267240e+02 -1.897267240e+02 +8.3630e-01 -7.8882e-01
404 +2.110267968e-04 +2.110267968e-04 -1.897297890e+02 -1.897297890e+02 +8.9077e-01 -7.8881e-01
420 +1.719596519e-04 +1.719596519e-04 -1.897298280e+02 -1.897298280e+02 +9.0197e-01 -7.8881e-01
451 +9.505991099e-05 +9.505991099e-05 -1.897299049e+02 -1.897299049e+02 +8.9672e-01 -7.8879e-01
466 +4.116473033e-05 +4.116473033e-05 -1.897299588e+02 -1.897299588e+02 +8.9742e-01 -7.8880e-01
482 +1.982576495e-05 +1.982576495e-05 -1.897299802e+02 -1.897299802e+02 +8.9498e-01 -7.8880e-01
499 +1.544293590e-05 +1.544293590e-05 -1.897299846e+02 -1.897299846e+02 +8.9268e-01 -7.8880e-01
503 +1.141675119e-05 +1.141675119e-05 -1.897299886e+02 -1.897299886e+02 +8.9492e-01 -7.8880e-01
508 +8.633639965e-06 +8.633639965e-06 -1.897299914e+02 -1.897299914e+02 +8.9255e-01 -7.8880e-01
512 +5.489295120e-06 +5.489295120e-06 -1.897299945e+02 -1.897299945e+02 +8.8985e-01 -7.8880e-01
525 +5.011514133e-06 +5.011514133e-06 -1.897299950e+02 -1.897299950e+02 +8.9091e-01 -7.8880e-01
530 +4.652242723e-06 +4.652242723e-06 -1.897299953e+02 -1.897299953e+02 +8.9193e-01 -7.8880e-01
535 +4.071158457e-06 +4.071158457e-06 -1.897299959e+02 -1.897299959e+02 +8.9229e-01 -7.8880e-01
537 +2.796530396e-06 +2.796530396e-06 -1.897299972e+02 -1.897299972e+02 +8.9208e-01 -7.8880e-01
538 +4.785556484e-08 +4.785556484e-08 -1.897300000e+02 -1.897300000e+02 +8.9192e-01 -7.8880e-01
543 +4.070963655e-08 +4.070963655e-08 -1.897300000e+02 -1.897300000e+02 +8.9208e-01 -7.8880e-01
586 +3.880134614e-08 +3.880134614e-08 -1.897300000e+02 -1.897300000e+02 +8.9182e-01 -7.8880e-01
587 +3.284054628e-08 +3.284054628e-08 -1.897300000e+02 -1.897300000e+02 +8.9185e-01 -7.8880e-01
599 +7.027153970e-09 +7.027153970e-09 -1.897300000e+02 -1.897300000e+02 +8.9198e-01 -7.8880e-01
759 +0.000000000e+00 +0.000000000e+00 -1.897300000e+02 -1.897300000e+02 +8.9200e-01 -7.8880e-01
% function evaluation | noise-free fitness - Fopt (4.659700000000e+02) | best noise-free fitness - Fopt | measured fitness | best measured fitness | x1 | x2...
1 +7.741862449e+04 +7.741862449e+04 +7.788459449e+04 +7.788459449e+04 +0.0000e+00 +0.0000e+00
80 +5.394929152e+04 +5.394929152e+04 +5.441526152e+04 +5.441526152e+04 -9.0169e-01 -5.0589e-01
83 +1.404672728e+04 +1.404672728e+04 +1.451269728e+04 +1.451269728e+04 -8.7301e-01 -1.5875e-01
87 +3.504038873e+03 +3.504038873e+03 +3.970008873e+03 +3.970008873e+03 -1.1565e+00 -2.1836e-01
134 +4.841741458e+02 +4.841741458e+02 +9.501441458e+02 +9.501441458e+02 -4.0831e+00 -2.9569e-01
149 +5.803861652e+01 +5.803861652e+01 +5.240086165e+02 +5.240086165e+02 -2.6784e+00 -2.8184e-01
152 +3.948495010e+00 +3.948495010e+00 +4.699184950e+02 +4.699184950e+02 -3.7012e+00 -2.7426e-01
153 +1.221201068e+00 +1.221201068e+00 +4.671912011e+02 +4.671912011e+02 -2.4747e+00 -2.7461e-01
167 +1.070605556e+00 +1.070605556e+00 +4.670406056e+02 +4.670406056e+02 -2.5468e+00 -2.7449e-01
180 +5.632718120e-01 +5.632718120e-01 +4.665332718e+02 +4.665332718e+02 -2.7199e+00 -2.7358e-01
183 +5.114191292e-01 +5.114191292e-01 +4.664814191e+02 +4.664814191e+02 -2.4882e+00 -2.7402e-01
185 +4.174782263e-01 +4.174782263e-01 +4.663874782e+02 +4.663874782e+02 -2.3453e+00 -2.7403e-01
193 +3.316205824e-01 +3.316205824e-01 +4.663016206e+02 +4.663016206e+02 -2.0044e+00 -2.7413e-01
206 +2.855154625e-01 +2.855154625e-01 +4.662555155e+02 +4.662555155e+02 -2.4081e+00 -2.7382e-01
214 +1.751504626e-01 +1.751504626e-01 +4.661451505e+02 +4.661451505e+02 -2.1870e+00 -2.7329e-01
223 +1.728331904e-01 +1.728331904e-01 +4.661428332e+02 +4.661428332e+02 -1.5552e+00 -2.7384e-01
224 +1.323057734e-01 +1.323057734e-01 +4.661023058e+02 +4.661023058e+02 -1.8919e+00 -2.7325e-01
232 +4.107118940e-02 +4.107118940e-02 +4.660110712e+02 +4.660110712e+02 -1.9530e+00 -2.7342e-01
234 +2.465233853e-02 +2.465233853e-02 +4.659946523e+02 +4.659946523e+02 -1.8059e+00 -2.7349e-01
246 +3.365651077e-03 +3.365651077e-03 +4.659733657e+02 +4.659733657e+02 -1.8884e+00 -2.7365e-01
290 +2.164847907e-03 +2.164847907e-03 +4.659721648e+02 +4.659721648e+02 -1.9046e+00 -2.7364e-01
313 +1.733843389e-03 +1.733843389e-03 +4.659717338e+02 +4.659717338e+02 -1.8730e+00 -2.7362e-01
320 +5.468242524e-04 +5.468242524e-04 +4.659705468e+02 +4.659705468e+02 -1.9257e+00 -2.7362e-01
324 +3.045609205e-04 +3.045609205e-04 +4.659703046e+02 +4.659703046e+02 -1.9283e+00 -2.7360e-01
332 +2.902375160e-04 +2.902375160e-04 +4.659702902e+02 +4.659702902e+02 -1.9218e+00 -2.7361e-01
340 +1.158161248e-04 +1.158161248e-04 +4.659701158e+02 +4.659701158e+02 -1.9004e+00 -2.7360e-01
345 +4.546149290e-05 +4.546149290e-05 +4.659700455e+02 +4.659700455e+02 -1.9159e+00 -2.7360e-01
353 +8.321993732e-06 +8.321993732e-06 +4.659700083e+02 +4.659700083e+02 -1.9092e+00 -2.7360e-01
372 +8.198301657e-06 +8.198301657e-06 +4.659700082e+02 +4.659700082e+02 -1.9081e+00 -2.7360e-01
382 +2.703458961e-06 +2.703458961e-06 +4.659700027e+02 +4.659700027e+02 -1.9098e+00 -2.7360e-01
388 +1.815566122e-06 +1.815566122e-06 +4.659700018e+02 +4.659700018e+02 -1.9100e+00 -2.7360e-01
401 +1.231140914e-06 +1.231140914e-06 +4.659700012e+02 +4.659700012e+02 -1.9104e+00 -2.7360e-01
407 +1.134088791e-06 +1.134088791e-06 +4.659700011e+02 +4.659700011e+02 -1.9109e+00 -2.7360e-01
416 +1.039861957e-06 +1.039861957e-06 +4.659700010e+02 +4.659700010e+02 -1.9103e+00 -2.7360e-01
418 +2.292260319e-07 +2.292260319e-07 +4.659700002e+02 +4.659700002e+02 -1.9109e+00 -2.7360e-01
432 +5.733386388e-08 +5.733386388e-08 +4.659700001e+02 +4.659700001e+02 -1.9110e+00 -2.7360e-01
457 +2.878869054e-08 +2.878869054e-08 +4.659700000e+02 +4.659700000e+02 -1.9110e+00 -2.7360e-01
458 +1.050239007e-09 +1.050239007e-09 +4.659700000e+02 +4.659700000e+02 -1.9112e+00 -2.7360e-01
616 +0.000000000e+00 +0.000000000e+00 +4.659700000e+02 +4.659700000e+02 -1.9112e+00 -2.7360e-01
% function evaluation | noise-free fitness - Fopt (2.574000000000e+01) | best noise-free fitness - Fopt | measured fitness | best measured fitness | x1 | x2...
1 +3.795358786e+06 +3.795358786e+06 +3.795384526e+06 +3.795384526e+06 +0.0000e+00 +0.0000e+00
26 +2.486636827e+06 +2.486636827e+06 +2.486662567e+06 +2.486662567e+06 -2.3603e+00 +3.6091e+00
32 +9.613309616e+05 +9.613309616e+05 +9.613567016e+05 +9.613567016e+05 -2.4164e+00 +2.8863e+00
42 +6.286064907e+05 +6.286064907e+05 +6.286322307e+05 +6.286322307e+05 -2.4173e+00 +2.7661e+00
50 +4.736271776e+03 +4.736271776e+03 +4.762011776e+03 +4.762011776e+03 -2.4324e+00 +1.9716e+00
56 +2.597126948e+03 +2.597126948e+03 +2.622866948e+03 +2.622866948e+03 -2.1826e+00 +1.8474e+00
59 +2.069852260e+03 +2.069852260e+03 +2.095592260e+03 +2.095592260e+03 -2.4411e+00 +1.8542e+00
93 +1.946950193e+03 +1.946950193e+03 +1.972690193e+03 +1.972690193e+03 -2.5525e+00 +1.8557e+00
102 +3.058715838e+02 +3.058715838e+02 +3.316115838e+02 +3.316115838e+02 -2.5182e+00 +1.9150e+00
105 +2.105618151e+02 +2.105618151e+02 +2.363018151e+02 +2.363018151e+02 -2.5750e+00 +1.8827e+00
108 +1.146238862e+01 +1.146238862e+01 +3.720238862e+01 +3.720238862e+01 -2.5590e+00 +1.8939e+00
183 +9.665832298e+00 +9.665832298e+00 +3.540583230e+01 +3.540583230e+01 -2.5941e+00 +1.8994e+00
184 +5.104964282e+00 +5.104964282e+00 +3.084496428e+01 +3.084496428e+01 -2.6012e+00 +1.8983e+00
188 +3.174351962e+00 +3.174351962e+00 +2.891435196e+01 +2.891435196e+01 -2.6057e+00 +1.8966e+00
192 +3.082976157e+00 +3.082976157e+00 +2.882297616e+01 +2.882297616e+01 -2.5840e+00 +1.8968e+00
194 +2.891708544e+00 +2.891708544e+00 +2.863170854e+01 +2.863170854e+01 -2.5138e+00 +1.8967e+00
228 +2.715611978e+00 +2.715611978e+00 +2.845561198e+01 +2.845561198e+01 -2.4582e+00 +1.8967e+00
232 +2.682844154e+00 +2.682844154e+00 +2.842284415e+01 +2.842284415e+01 -2.4397e+00 +1.8966e+00
267 +2.420994275e+00 +2.420994275e+00 +2.816099427e+01 +2.816099427e+01 -2.3651e+00 +1.8969e+00
284 +2.216260067e+00 +2.216260067e+00 +2.795626007e+01 +2.795626007e+01 -2.3051e+00 +1.8969e+00
285 +1.578208839e+00 +1.578208839e+00 +2.731820884e+01 +2.731820884e+01 -2.1252e+00 +1.8968e+00
295 +5.805734589e-01 +5.805734589e-01 +2.632057346e+01 +2.632057346e+01 -1.7628e+00 +1.8969e+00
307 +2.265876640e-01 +2.265876640e-01 +2.596658766e+01 +2.596658766e+01 -1.3845e+00 +1.8966e+00
327 +2.111158089e-01 +2.111158089e-01 +2.595111581e+01 +2.595111581e+01 -1.3615e+00 +1.8966e+00
328 +1.212128555e-01 +1.212128555e-01 +2.586121286e+01 +2.586121286e+01 -1.0604e+00 +1.8965e+00
332 +4.676956700e-02 +4.676956700e-02 +2.578676957e+01 +2.578676957e+01 -9.4179e-01 +1.8966e+00
347 +4.303787940e-02 +4.303787940e-02 +2.578303788e+01 +2.578303788e+01 -1.0648e+00 +1.8966e+00
349 +3.859608265e-02 +3.859608265e-02 +2.577859608e+01 +2.577859608e+01 -1.0263e+00 +1.8966e+00
350 +3.520573061e-02 +3.520573061e-02 +2.577520573e+01 +2.577520573e+01 -9.6466e-01 +1.8966e+00
352 +3.373081465e-02 +3.373081465e-02 +2.577373081e+01 +2.577373081e+01 -1.0324e+00 +1.8966e+00
353 +2.110603474e-02 +2.110603474e-02 +2.576110603e+01 +2.576110603e+01 -1.0343e+00 +1.8967e+00
362 +1.095829753e-02 +1.095829753e-02 +2.575095830e+01 +2.575095830e+01 -9.4203e-01 +1.8967e+00
365 +6.241805486e-03 +6.241805486e-03 +2.574624181e+01 +2.574624181e+01 -9.6599e-01 +1.8967e+00
366 +3.195649335e-03 +3.195649335e-03 +2.574319565e+01 +2.574319565e+01 -9.9322e-01 +1.8968e+00
377 +6.272353657e-04 +6.272353657e-04 +2.574062724e+01 +2.574062724e+01 -9.6839e-01 +1.8968e+00
397 +3.681743909e-04 +3.681743909e-04 +2.574036817e+01 +2.574036817e+01 -9.5572e-01 +1.8968e+00
411 +3.235836515e-05 +3.235836515e-05 +2.574003236e+01 +2.574003236e+01 -9.4397e-01 +1.8968e+00
425 +4.648919131e-06 +4.648919131e-06 +2.574000465e+01 +2.574000465e+01 -9.4474e-01 +1.8968e+00
435 +1.317917295e-07 +1.317917295e-07 +2.574000013e+01 +2.574000013e+01 -9.4533e-01 +1.8968e+00
541 +8.289189779e-08 +8.289189779e-08 +2.574000008e+01 +2.574000008e+01 -9.4537e-01 +1.8968e+00
555 +1.484696810e-08 +1.484696810e-08 +2.574000001e+01 +2.574000001e+01 -9.4560e-01 +1.8968e+00
570 +1.437781805e-08 +1.437781805e-08 +2.574000001e+01 +2.574000001e+01 -9.4565e-01 +1.8968e+00
572 +9.564338654e-09 +9.564338654e-09 +2.574000001e+01 +2.574000001e+01 -9.4566e-01 +1.8968e+00
764 +0.000000000e+00 +0.000000000e+00 +2.574000000e+01 +2.574000000e+01 -9.4560e-01 +1.8968e+00
% function evaluation | noise-free fitness - Fopt (4.167000000000e+01) | best noise-free fitness - Fopt | measured fitness | best measured fitness | x1 | x2...
1 +1.168434427e+07 +1.168434427e+07 +1.168438594e+07 +1.168438594e+07 +0.0000e+00 +0.0000e+00
34 +1.089671286e+07 +1.089671286e+07 +1.089675453e+07 +1.089675453e+07 -4.8432e-01 +1.0531e-01
44 +6.177172950e+06 +6.177172950e+06 +6.177214620e+06 +6.177214620e+06 -5.2337e-01 +8.7364e-01
47 +4.788399789e+06 +4.788399789e+06 +4.788441459e+06 +4.788441459e+06 -6.2012e-01 +1.2179e+00
52 +2.804598882e+05 +2.804598882e+05 +2.805015582e+05 +2.805015582e+05 -5.6711e-01 +2.8908e+00
57 +7.848073307e+04 +7.848073307e+04 +7.852240307e+04 +7.852240307e+04 -5.4254e-01 +3.1631e+00
71 +6.931586050e+04 +6.931586050e+04 +6.935753050e+04 +6.935753050e+04 -2.0462e-01 +3.1788e+00
72 +3.922837140e+04 +3.922837140e+04 +3.927004140e+04 +3.927004140e+04 -5.3599e-01 +3.6380e+00
78 +1.380478832e+04 +1.380478832e+04 +1.384645832e+04 +1.384645832e+04 -4.2794e-02 +3.5551e+00
80 +1.366545011e+04 +1.366545011e+04 +1.370712011e+04 +1.370712011e+04 -6.5910e-01 +3.5540e+00
82 +5.138875573e+02 +5.138875573e+02 +5.555575573e+02 +5.555575573e+02 -3.4463e-01 +3.4643e+00
93 +2.559953722e+01 +2.559953722e+01 +6.726953722e+01 +6.726953722e+01 -4.9924e-01 +3.4393e+00
107 +1.572555684e+01 +1.572555684e+01 +5.739555684e+01 +5.739555684e+01 -4.3720e-01 +3.4433e+00
109 +1.532140098e+01 +1.532140098e+01 +5.699140098e+01 +5.699140098e+01 -3.8635e-01 +3.4414e+00
123 +1.494278001e+01 +1.494278001e+01 +5.661278001e+01 +5.661278001e+01 -4.3060e-01 +3.4427e+00
134 +1.436507931e+01 +1.436507931e+01 +5.603507931e+01 +5.603507931e+01 -3.7112e-01 +3.4424e+00
147 +1.389612752e+01 +1.389612752e+01 +5.556612752e+01 +5.556612752e+01 -2.9176e-01 +3.4428e+00
156 +1.293525262e+01 +1.293525262e+01 +5.460525262e+01 +5.460525262e+01 -1.8990e-01 +3.4423e+00
163 +1.207097601e+01 +1.207097601e+01 +5.374097601e+01 +5.374097601e+01 -7.6942e-02 +3.4425e+00
177 +1.198781467e+01 +1.198781467e+01 +5.365781467e+01 +5.365781467e+01 -6.6954e-02 +3.4425e+00
182 +9.728408875e+00 +9.728408875e+00 +5.139840888e+01 +5.139840888e+01 +2.5003e-01 +3.4421e+00
192 +7.332372666e+00 +7.332372666e+00 +4.900237267e+01 +4.900237267e+01 +9.3996e-01 +3.4436e+00
195 +5.693226515e+00 +5.693226515e+00 +4.736322652e+01 +4.736322652e+01 +1.1361e+00 +3.4415e+00
196 +5.597164747e+00 +5.597164747e+00 +4.726716475e+01 +4.726716475e+01 +9.7573e-01 +3.4424e+00
202 +3.732038196e+00 +3.732038196e+00 +4.540203820e+01 +4.540203820e+01 +2.1044e+00 +3.4438e+00
212 +3.657028826e+00 +3.657028826e+00 +4.532702883e+01 +4.532702883e+01 +1.5856e+00 +3.4426e+00
213 +2.345891845e+00 +2.345891845e+00 +4.401589184e+01 +4.401589184e+01 +2.0134e+00 +3.4424e+00
215 +1.573112800e-01 +1.573112800e-01 +4.182731128e+01 +4.182731128e+01 +3.0912e+00 +3.4426e+00
225 +8.140370447e-02 +8.140370447e-02 +4.175140370e+01 +4.175140370e+01 +3.1495e+00 +3.4425e+00
244 +4.215426314e-02 +4.215426314e-02 +4.171215426e+01 +4.171215426e+01 +3.2967e+00 +3.4422e+00
254 +8.364817796e-04 +8.364817796e-04 +4.167083648e+01 +4.167083648e+01 +3.4232e+00 +3.4424e+00
313 +4.093825394e-04 +4.093825394e-04 +4.167040938e+01 +4.167040938e+01 +3.3959e+00 +3.4424e+00
314 +1.164915867e-04 +1.164915867e-04 +4.167011649e+01 +4.167011649e+01 +3.4127e+00 +3.4424e+00
369 +1.136904421e-04 +1.136904421e-04 +4.167011369e+01 +4.167011369e+01 +3.4033e+00 +3.4424e+00
388 +1.101300806e-04 +1.101300806e-04 +4.167011013e+01 +4.167011013e+01 +3.4065e+00 +3.4424e+00
393 +9.531530132e-05 +9.531530132e-05 +4.167009532e+01 +4.167009532e+01 +3.4047e+00 +3.4424e+00
395 +5.525718590e-05 +5.525718590e-05 +4.167005526e+01 +4.167005526e+01 +3.4059e+00 +3.4424e+00
401 +2.995916042e-05 +2.995916042e-05 +4.167002996e+01 +4.167002996e+01 +3.4085e+00 +3.4424e+00
416 +2.788985727e-05 +2.788985727e-05 +4.167002789e+01 +4.167002789e+01 +3.4087e+00 +3.4424e+00
422 +7.229147890e-06 +7.229147890e-06 +4.167000723e+01 +4.167000723e+01 +3.4164e+00 +3.4424e+00
426 +7.047103914e-06 +7.047103914e-06 +4.167000705e+01 +4.167000705e+01 +3.4109e+00 +3.4424e+00
434 +4.820644506e-08 +4.820644506e-08 +4.167000005e+01 +4.167000005e+01 +3.4135e+00 +3.4424e+00
488 +4.567859690e-08 +4.567859690e-08 +4.167000005e+01 +4.167000005e+01 +3.4135e+00 +3.4424e+00
489 +4.090884431e-08 +4.090884431e-08 +4.167000004e+01 +4.167000004e+01 +3.4137e+00 +3.4424e+00
492 +2.464909699e-08 +2.464909699e-08 +4.167000002e+01 +4.167000002e+01 +3.4135e+00 +3.4424e+00
521 +9.995979156e-09 +9.995979156e-09 +4.167000001e+01 +4.167000001e+01 +3.4136e+00 +3.4424e+00
800 +0.000000000e+00 +0.000000000e+00 +4.167000000e+01 +4.167000000e+01 +3.4136e+00 +3.4424e+00
% function evaluation | noise-free fitness - Fopt (-1.909500000000e+02) | best noise-free fitness - Fopt | measured fitness | best measured fitness | x1 | x2...
1 +8.090424180e+06 +8.090424180e+06 +8.090233230e+06 +8.090233230e+06 +0.0000e+00 +0.0000e+00
42 +4.154050975e+05 +4.154050975e+05 +4.152141475e+05 +4.152141475e+05 -2.6692e+00 -2.2367e+00
53 +2.226169875e+05 +2.226169875e+05 +2.224260375e+05 +2.224260375e+05 -2.6497e+00 -2.3488e+00
65 +1.833801825e+05 +1.833801825e+05 +1.831892325e+05 +1.831892325e+05 -2.6586e+00 -2.3795e+00
66 +1.601756671e+05 +1.601756671e+05 +1.599847171e+05 +1.599847171e+05 -2.5492e+00 -2.4047e+00
67 +1.148045395e+05 +1.148045395e+05 +1.146135895e+05 +1.146135895e+05 -2.6496e+00 -3.1605e+00
68 +3.559366025e+04 +3.559366025e+04 +3.540271025e+04 +3.540271025e+04 -2.6555e+00 -2.6431e+00
77 +1.465424759e+04 +1.465424759e+04 +1.446329759e+04 +1.446329759e+04 -2.6391e+00 -2.7093e+00
86 +4.227552377e+03 +4.227552377e+03 +4.036602377e+03 +4.036602377e+03 -2.6121e+00 -2.7584e+00
91 +6.184820041e+02 +6.184820041e+02 +4.275320041e+02 +4.275320041e+02 -2.6486e+00 -2.8061e+00
97 +2.236896217e+02 +2.236896217e+02 +3.273962172e+01 +3.273962172e+01 -2.6909e+00 -2.8442e+00
115 +7.410363079e+01 +7.410363079e+01 -1.168463692e+02 -1.168463692e+02 -2.6614e+00 -2.8389e+00
131 +5.639122862e+01 +5.639122862e+01 -1.345587714e+02 -1.345587714e+02 -2.6531e+00 -2.8221e+00
134 +1.778748951e-01 +1.778748951e-01 -1.907721251e+02 -1.907721251e+02 -2.6578e+00 -2.8292e+00
165 +6.337911207e-03 +6.337911207e-03 -1.909436621e+02 -1.909436621e+02 -2.6770e+00 -2.8297e+00
194 +2.481987469e-03 +2.481987469e-03 -1.909475180e+02 -1.909475180e+02 -2.6097e+00 -2.8296e+00
198 +3.770695035e-04 +3.770695035e-04 -1.909496229e+02 -1.909496229e+02 -2.6253e+00 -2.8296e+00
246 +2.902641702e-04 +2.902641702e-04 -1.909497097e+02 -1.909497097e+02 -2.6258e+00 -2.8296e+00
255 +8.973508599e-05 +8.973508599e-05 -1.909499103e+02 -1.909499103e+02 -2.6343e+00 -2.8296e+00
274 +8.051484511e-05 +8.051484511e-05 -1.909499195e+02 -1.909499195e+02 -2.6459e+00 -2.8296e+00
284 +1.745764081e-05 +1.745764081e-05 -1.909499825e+02 -1.909499825e+02 -2.6411e+00 -2.8296e+00
289 +3.039600045e-06 +3.039600045e-06 -1.909499970e+02 -1.909499970e+02 -2.6450e+00 -2.8296e+00
307 +1.954760592e-06 +1.954760592e-06 -1.909499980e+02 -1.909499980e+02 -2.6421e+00 -2.8296e+00
314 +1.896010275e-06 +1.896010275e-06 -1.909499981e+02 -1.909499981e+02 -2.6430e+00 -2.8296e+00
316 +1.066186684e-06 +1.066186684e-06 -1.909499989e+02 -1.909499989e+02 -2.6429e+00 -2.8296e+00
317 +2.819619453e-07 +2.819619453e-07 -1.909499997e+02 -1.909499997e+02 -2.6433e+00 -2.8296e+00
326 +2.364642739e-07 +2.364642739e-07 -1.909499998e+02 -1.909499998e+02 -2.6436e+00 -2.8296e+00
404 +1.915854000e-07 +1.915854000e-07 -1.909499998e+02 -1.909499998e+02 -2.6433e+00 -2.8296e+00
414 +1.666042806e-07 +1.666042806e-07 -1.909499998e+02 -1.909499998e+02 -2.6432e+00 -2.8296e+00
415 +1.494421724e-07 +1.494421724e-07 -1.909499999e+02 -1.909499999e+02 -2.6432e+00 -2.8296e+00
422 +8.098149351e-08 +8.098149351e-08 -1.909499999e+02 -1.909499999e+02 -2.6429e+00 -2.8296e+00
423 +4.992310210e-08 +4.992310210e-08 -1.909500000e+02 -1.909500000e+02 -2.6431e+00 -2.8296e+00
429 +2.056162884e-08 +2.056162884e-08 -1.909500000e+02 -1.909500000e+02 -2.6431e+00 -2.8296e+00
458 +1.695508445e-08 +1.695508445e-08 -1.909500000e+02 -1.909500000e+02 -2.6433e+00 -2.8296e+00
459 +2.608402383e-09 +2.608402383e-09 -1.909500000e+02 -1.909500000e+02 -2.6432e+00 -2.8296e+00
643 +0.000000000e+00 +0.000000000e+00 -1.909500000e+02 -1.909500000e+02 -2.6432e+00 -2.8296e+00
% function evaluation | noise-free fitness - Fopt (1.370000000000e+00) | best noise-free fitness - Fopt | measured fitness | best measured fitness | x1 | x2...
1 +4.062581704e+06 +4.062581704e+06 +4.062583074e+06 +4.062583074e+06 +0.0000e+00 +0.0000e+00
2 +2.760815415e+06 +2.760815415e+06 +2.760816785e+06 +2.760816785e+06 +1.2537e+00 +4.6235e-01
3 +2.754020323e+06 +2.754020323e+06 +2.754021693e+06 +2.754021693e+06 +1.2534e+00 +4.6456e-01
46 +2.668149501e+06 +2.668149501e+06 +2.668150871e+06 +2.668150871e+06 +1.1195e+00 +4.9219e-01
47 +2.621869774e+06 +2.621869774e+06 +2.621871144e+06 +2.621871144e+06 +5.0433e-01 +5.0686e-01
55 +1.798342456e+06 +1.798342456e+06 +1.798343826e+06 +1.798343826e+06 +1.0230e+00 +7.4930e-01
62 +8.216579255e+05 +8.216579255e+05 +8.216592955e+05 +8.216592955e+05 +1.4161e+00 +1.0591e+00
89 +6.507535875e+05 +6.507535875e+05 +6.507549575e+05 +6.507549575e+05 +2.4168e+00 +1.1358e+00
107 +6.151554923e+05 +6.151554923e+05 +6.151568623e+05 +6.151568623e+05 -3.3804e+00 +1.1542e+00
112 +5.450835171e+05 +5.450835171e+05 +5.450848871e+05 +5.450848871e+05 +5.9488e+00 +1.1939e+00
114 +3.858968852e+05 +3.858968852e+05 +3.858982552e+05 +3.858982552e+05 +7.6688e-01 +1.3143e+00
115 +1.886504374e+05 +1.886504374e+05 +1.886518074e+05 +1.886518074e+05 +1.9201e-01 +1.5691e+00
123 +4.596608065e+04 +4.596608065e+04 +4.596745065e+04 +4.596745065e+04 +4.2587e+00 +1.7798e+00
125 +3.123619448e+03 +3.123619448e+03 +3.124989448e+03 +3.124989448e+03 +1.5885e+00 +1.9348e+00
138 +1.360376993e+03 +1.360376993e+03 +1.361746993e+03 +1.361746993e+03 +1.5056e+00 +2.0312e+00
154 +9.450388524e+01 +9.450388524e+01 +9.587388524e+01 +9.587388524e+01 +2.7191e+00 +1.9818e+00
179 +1.260811094e+01 +1.260811094e+01 +1.397811094e+01 +1.397811094e+01 +1.1871e+00 +1.9946e+00
216 +9.722653004e+00 +9.722653004e+00 +1.109265300e+01 +1.109265300e+01 +9.5793e-01 +1.9904e+00
217 +8.831615115e+00 +8.831615115e+00 +1.020161511e+01 +1.020161511e+01 +7.5491e-01 +1.9913e+00
225 +8.147341607e+00 +8.147341607e+00 +9.517341607e+00 +9.517341607e+00 +9.0118e-01 +1.9911e+00
234 +8.122468203e+00 +8.122468203e+00 +9.492468203e+00 +9.492468203e+00 +8.2152e-01 +1.9924e+00
236 +7.640592339e+00 +7.640592339e+00 +9.010592339e+00 +9.010592339e+00 +8.8566e-01 +1.9917e+00
237 +6.962443695e+00 +6.962443695e+00 +8.332443695e+00 +8.332443695e+00 +1.1560e+00 +1.9929e+00
241 +4.003789041e+00 +4.003789041e+00 +5.373789041e+00 +5.373789041e+00 +1.9792e+00 +1.9928e+00
245 +2.196516789e+00 +2.196516789e+00 +3.566516789e+00 +3.566516789e+00 +2.4885e+00 +1.9927e+00
252 +5.656912407e-01 +5.656912407e-01 +1.935691241e+00 +1.935691241e+00 +3.0623e+00 +1.9924e+00
266 +4.761025949e-01 +4.761025949e-01 +1.846102595e+00 +1.846102595e+00 +3.0675e+00 +1.9923e+00
269 +1.377435980e-01 +1.377435980e-01 +1.507743598e+00 +1.507743598e+00 +4.1074e+00 +1.9920e+00
273 +3.096048141e-02 +3.096048141e-02 +1.400960481e+00 +1.400960481e+00 +3.8446e+00 +1.9919e+00
283 +1.921747695e-02 +1.921747695e-02 +1.389217477e+00 +1.389217477e+00 +3.6174e+00 +1.9919e+00
291 +3.866330258e-03 +3.866330258e-03 +1.373866330e+00 +1.373866330e+00 +3.6815e+00 +1.9920e+00
298 +1.349524639e-03 +1.349524639e-03 +1.371349525e+00 +1.371349525e+00 +3.6878e+00 +1.9920e+00
301 +2.617480314e-04 +2.617480314e-04 +1.370261748e+00 +1.370261748e+00 +3.7070e+00 +1.9920e+00
322 +1.868621839e-04 +1.868621839e-04 +1.370186862e+00 +1.370186862e+00 +3.7259e+00 +1.9920e+00
330 +3.809810768e-05 +3.809810768e-05 +1.370038098e+00 +1.370038098e+00 +3.7270e+00 +1.9920e+00
379 +3.274189584e-05 +3.274189584e-05 +1.370032742e+00 +1.370032742e+00 +3.7174e+00 +1.9920e+00
387 +8.726200617e-06 +8.726200617e-06 +1.370008726e+00 +1.370008726e+00 +3.7203e+00 +1.9920e+00
391 +6.726097830e-06 +6.726097830e-06 +1.370006726e+00 +1.370006726e+00 +3.7219e+00 +1.9920e+00
412 +6.254083321e-06 +6.254083321e-06 +1.370006254e+00 +1.370006254e+00 +3.7214e+00 +1.9920e+00
430 +5.844795996e-06 +5.844795996e-06 +1.370005845e+00 +1.370005845e+00 +3.7219e+00 +1.9920e+00
449 +4.880930296e-06 +4.880930296e-06 +1.370004881e+00 +1.370004881e+00 +3.7213e+00 +1.9920e+00
454 +3.553612191e-06 +3.553612191e-06 +1.370003554e+00 +1.370003554e+00 +3.7225e+00 +1.9920e+00
482 +3.479118185e-06 +3.479118185e-06 +1.370003479e+00 +1.370003479e+00 +3.7230e+00 +1.9920e+00
487 +3.131769681e-06 +3.131769681e-06 +1.370003132e+00 +1.370003132e+00 +3.7230e+00 +1.9920e+00
490 +1.954696725e-06 +1.954696725e-06 +1.370001955e+00 +1.370001955e+00 +3.7228e+00 +1.9920e+00
501 +1.626493471e-06 +1.626493471e-06 +1.370001626e+00 +1.370001626e+00 +3.7228e+00 +1.9920e+00
506 +8.381314631e-07 +8.381314631e-07 +1.370000838e+00 +1.370000838e+00 +3.7224e+00 +1.9920e+00
512 +6.891799385e-07 +6.891799385e-07 +1.370000689e+00 +1.370000689e+00 +3.7222e+00 +1.9920e+00
520 +6.089417002e-07 +6.089417002e-07 +1.370000609e+00 +1.370000609e+00 +3.7220e+00 +1.9920e+00
526 +4.806435099e-07 +4.806435099e-07 +1.370000481e+00 +1.370000481e+00 +3.7218e+00 +1.9920e+00
536 +4.267707057e-07 +4.267707057e-07 +1.370000427e+00 +1.370000427e+00 +3.7217e+00 +1.9920e+00
562 +4.166042253e-07 +4.166042253e-07 +1.370000417e+00 +1.370000417e+00 +3.7215e+00 +1.9920e+00
563 +4.037909518e-07 +4.037909518e-07 +1.370000404e+00 +1.370000404e+00 +3.7216e+00 +1.9920e+00
573 +3.524833907e-07 +3.524833907e-07 +1.370000352e+00 +1.370000352e+00 +3.7216e+00 +1.9920e+00
586 +2.153772307e-07 +2.153772307e-07 +1.370000215e+00 +1.370000215e+00 +3.7216e+00 +1.9920e+00
589 +1.940701011e-07 +1.940701011e-07 +1.370000194e+00 +1.370000194e+00 +3.7215e+00 +1.9920e+00
592 +1.685247222e-07 +1.685247222e-07 +1.370000169e+00 +1.370000169e+00 +3.7215e+00 +1.9920e+00
595 +9.296718972e-08 +9.296718972e-08 +1.370000093e+00 +1.370000093e+00 +3.7218e+00 +1.9920e+00
596 +5.071710318e-08 +5.071710318e-08 +1.370000051e+00 +1.370000051e+00 +3.7217e+00 +1.9920e+00
609 +1.033258723e-08 +1.033258723e-08 +1.370000010e+00 +1.370000010e+00 +3.7217e+00 +1.9920e+00
624 +3.356145584e-09 +3.356145584e-09 +1.370000003e+00 +1.370000003e+00 +3.7217e+00 +1.9920e+00
% function evaluation | noise-free fitness - Fopt (-1.645800000000e+02) | best noise-free fitness - Fopt | measured fitness | best measured fitness | x1 | x2...
1 +1.079402142e+03 +1.079402142e+03 +9.148221419e+02 +9.148221419e+02 +0.0000e+00 +0.0000e+00
72 +6.808743096e+01 +6.808743096e+01 -9.649256904e+01 -9.649256904e+01 +3.6642e+00 -2.8957e-02
89 +4.406333266e+01 +4.406333266e+01 -1.205166673e+02 -1.205166673e+02 +3.6663e+00 -3.1450e-02
92 +2.017461733e+01 +2.017461733e+01 -1.444053827e+02 -1.444053827e+02 +3.6663e+00 -3.5806e-02
315 +1.981393554e+01 +1.981393554e+01 -1.447660645e+02 -1.447660645e+02 +3.6279e+00 -3.6006e-02
325 +1.949049344e+01 +1.949049344e+01 -1.450895066e+02 -1.450895066e+02 +3.5885e+00 -3.6054e-02
341 +1.896644491e+01 +1.896644491e+01 -1.456135551e+02 -1.456135551e+02 +3.5205e+00 -3.5788e-02
352 +1.257298476e+01 +1.257298476e+01 -1.520070152e+02 -1.520070152e+02 +2.7897e+00 -3.5890e-02
362 +3.091679236e+00 +3.091679236e+00 -1.614883208e+02 -1.614883208e+02 +1.0294e+00 -3.5863e-02
381 +2.099951227e+00 +2.099951227e+00 -1.624800488e+02 -1.624800488e+02 +7.0773e-01 -3.5974e-02
383 +3.232861870e-01 +3.232861870e-01 -1.642567138e+02 -1.642567138e+02 -2.9053e-01 -3.5873e-02
397 +1.076692240e-01 +1.076692240e-01 -1.644723308e+02 -1.644723308e+02 -5.7100e-01 -3.5806e-02
418 +9.957289449e-02 +9.957289449e-02 -1.644804271e+02 -1.644804271e+02 -5.2503e-01 -3.6078e-02
427 +8.903436760e-02 +8.903436760e-02 -1.644909656e+02 -1.644909656e+02 -1.1011e+00 -3.6105e-02
429 +5.218242458e-02 +5.218242458e-02 -1.645278176e+02 -1.645278176e+02 -1.0064e+00 -3.6124e-02
434 +4.323522465e-02 +4.323522465e-02 -1.645367648e+02 -1.645367648e+02 -9.6211e-01 -3.6144e-02
436 +1.116849722e-02 +1.116849722e-02 -1.645688315e+02 -1.645688315e+02 -8.0379e-01 -3.6104e-02
441 +9.281478292e-04 +9.281478292e-04 -1.645790719e+02 -1.645790719e+02 -7.9744e-01 -3.6014e-02
525 +8.586423461e-04 +8.586423461e-04 -1.645791414e+02 -1.645791414e+02 -8.1877e-01 -3.6031e-02
572 +7.237972079e-04 +7.237972079e-04 -1.645792762e+02 -1.645792762e+02 -8.3820e-01 -3.6024e-02
577 +4.110100053e-04 +4.110100053e-04 -1.645795890e+02 -1.645795890e+02 -8.4034e-01 -3.5992e-02
588 +2.210382626e-04 +2.210382626e-04 -1.645797790e+02 -1.645797790e+02 -8.2701e-01 -3.6013e-02
589 +2.463037504e-05 +2.463037504e-05 -1.645799754e+02 -1.645799754e+02 -8.2330e-01 -3.6005e-02
616 +1.755354305e-05 +1.755354305e-05 -1.645799824e+02 -1.645799824e+02 -8.2294e-01 -3.6004e-02
635 +1.527747031e-06 +1.527747031e-06 -1.645799985e+02 -1.645799985e+02 -8.2190e-01 -3.6001e-02
642 +2.896314584e-07 +2.896314584e-07 -1.645799997e+02 -1.645799997e+02 -8.2245e-01 -3.5999e-02
662 +2.077924535e-07 +2.077924535e-07 -1.645799998e+02 -1.645799998e+02 -8.2213e-01 -3.6000e-02
672 +3.902962931e-08 +3.902962931e-08 -1.645800000e+02 -1.645800000e+02 -8.2232e-01 -3.6000e-02
674 +1.180296749e-09 +1.180296749e-09 -1.645800000e+02 -1.645800000e+02 -8.2239e-01 -3.6000e-02
837 +0.000000000e+00 +0.000000000e+00 -1.645800000e+02 -1.645800000e+02 -8.2240e-01 -3.6000e-02
% function evaluation | noise-free fitness - Fopt (-1.803800000000e+02) | best noise-free fitness - Fopt | measured fitness | best measured fitness | x1 | x2...
1 +1.185471483e+07 +1.185471483e+07 +1.185453445e+07 +1.185453445e+07 +0.0000e+00 +0.0000e+00
2 +5.122457036e+06 +5.122457036e+06 +5.122276656e+06 +5.122276656e+06 -4.1062e+00 +1.1470e+00
3 +4.877168496e+06 +4.877168496e+06 +4.876988116e+06 +4.876988116e+06 -4.0715e+00 +1.2147e+00
12 +4.758678122e+06 +4.758678122e+06 +4.758497742e+06 +4.758497742e+06 -4.0907e+00 +1.2490e+00
13 +4.439010965e+06 +4.439010965e+06 +4.438830585e+06 +4.438830585e+06 -4.0829e+00 +1.3470e+00
25 +3.403141272e+06 +3.403141272e+06 +3.402960892e+06 +3.402960892e+06 -4.1065e+00 +1.7116e+00
36 +1.872394329e+06 +1.872394329e+06 +1.872213949e+06 +1.872213949e+06 -4.0668e+00 +2.2011e+00
54 +1.811551593e+06 +1.811551593e+06 +1.811371213e+06 +1.811371213e+06 -3.9981e+00 +2.2184e+00
56 +1.694133480e+06 +1.694133480e+06 +1.693953100e+06 +1.693953100e+06 -4.0485e+00 +2.2517e+00
64 +1.631583034e+06 +1.631583034e+06 +1.631402654e+06 +1.631402654e+06 -3.9142e+00 +2.2696e+00
67 +1.401151052e+06 +1.401151052e+06 +1.400970672e+06 +1.400970672e+06 -3.8340e+00 +2.3366e+00
68 +7.574515064e+05 +7.574515064e+05 +7.572711264e+05 +7.572711264e+05 -4.0160e+00 +2.5589e+00
69 +1.172381920e+05 +1.172381920e+05 +1.170578120e+05 +1.170578120e+05 -2.5832e+00 +3.8035e+00
72 +1.034167961e+04 +1.034167961e+04 +1.016129961e+04 +1.016129961e+04 -2.9233e+00 +3.3605e+00
93 +3.756033727e+03 +3.756033727e+03 +3.575653727e+03 +3.575653727e+03 -7.3418e+00 +3.5295e+00
96 +2.825259834e+03 +2.825259834e+03 +2.644879834e+03 +2.644879834e+03 +1.4126e+01 +3.4162e+00
107 +1.989741790e+02 +1.989741790e+02 +1.859417898e+01 +1.859417898e+01 +8.4094e+00 +3.4711e+00
143 +1.863939829e+02 +1.863939829e+02 +6.013982854e+00 +6.013982854e+00 -7.8095e+00 +3.4777e+00
155 +7.707536734e+01 +7.707536734e+01 -1.033046327e+02 -1.033046327e+02 -1.2504e+01 +3.4625e+00
166 +4.880689563e+01 +4.880689563e+01 -1.315731044e+02 -1.315731044e+02 -6.7144e+00 +3.4581e+00
179 +1.494313577e+01 +1.494313577e+01 -1.654368642e+02 -1.654368642e+02 -2.8988e+00 +3.4685e+00
183 +5.169576821e-01 +5.169576821e-01 -1.798630423e+02 -1.798630423e+02 -3.6021e+00 +3.4642e+00
202 +9.861552270e-02 +9.861552270e-02 -1.802813845e+02 -1.802813845e+02 -3.7216e+00 +3.4645e+00
212 +3.945700760e-02 +3.945700760e-02 -1.803405430e+02 -1.803405430e+02 -3.6998e+00 +3.4648e+00
214 +2.898056840e-02 +2.898056840e-02 -1.803510194e+02 -1.803510194e+02 -4.0514e+00 +3.4648e+00
226 +8.632725518e-03 +8.632725518e-03 -1.803713673e+02 -1.803713673e+02 -3.8740e+00 +3.4647e+00
232 +4.202759430e-03 +4.202759430e-03 -1.803757972e+02 -1.803757972e+02 -3.9362e+00 +3.4648e+00
237 +1.395279886e-03 +1.395279886e-03 -1.803786047e+02 -1.803786047e+02 -3.9239e+00 +3.4648e+00
242 +7.485317144e-04 +7.485317144e-04 -1.803792515e+02 -1.803792515e+02 -3.9013e+00 +3.4648e+00
243 +3.833403851e-04 +3.833403851e-04 -1.803796167e+02 -1.803796167e+02 -3.8988e+00 +3.4648e+00
257 +3.459446025e-04 +3.459446025e-04 -1.803796541e+02 -1.803796541e+02 -3.9075e+00 +3.4648e+00
262 +1.708929629e-04 +1.708929629e-04 -1.803798291e+02 -1.803798291e+02 -3.8800e+00 +3.4648e+00
267 +1.401689606e-04 +1.401689606e-04 -1.803798598e+02 -1.803798598e+02 -3.8813e+00 +3.4648e+00
282 +1.004693976e-04 +1.004693976e-04 -1.803798995e+02 -1.803798995e+02 -3.8909e+00 +3.4648e+00
295 +4.797573033e-05 +4.797573033e-05 -1.803799520e+02 -1.803799520e+02 -3.8881e+00 +3.4648e+00
309 +3.002022518e-05 +3.002022518e-05 -1.803799700e+02 -1.803799700e+02 -3.8922e+00 +3.4648e+00
361 +2.769134099e-05 +2.769134099e-05 -1.803799723e+02 -1.803799723e+02 -3.8888e+00 +3.4648e+00
375 +2.745971878e-05 +2.745971878e-05 -1.803799725e+02 -1.803799725e+02 -3.8885e+00 +3.4648e+00
379 +2.261201445e-05 +2.261201445e-05 -1.803799774e+02 -1.803799774e+02 -3.8913e+00 +3.4648e+00
385 +1.030254683e-05 +1.030254683e-05 -1.803799897e+02 -1.803799897e+02 -3.8915e+00 +3.4648e+00
396 +9.614855117e-06 +9.614855117e-06 -1.803799904e+02 -1.803799904e+02 -3.8900e+00 +3.4648e+00
400 +9.029518395e-06 +9.029518395e-06 -1.803799910e+02 -1.803799910e+02 -3.8900e+00 +3.4648e+00
403 +8.352345048e-06 +8.352345048e-06 -1.803799916e+02 -1.803799916e+02 -3.8897e+00 +3.4648e+00
406 +7.403617843e-06 +7.403617843e-06 -1.803799926e+02 -1.803799926e+02 -3.8900e+00 +3.4648e+00
412 +7.047457018e-06 +7.047457018e-06 -1.803799930e+02 -1.803799930e+02 -3.8899e+00 +3.4648e+00
413 +3.804913746e-06 +3.804913746e-06 -1.803799962e+02 -1.803799962e+02 -3.8927e+00 +3.4648e+00
422 +3.343136711e-06 +3.343136711e-06 -1.803799967e+02 -1.803799967e+02 -3.8910e+00 +3.4648e+00
427 +1.667869213e-06 +1.667869213e-06 -1.803799983e+02 -1.803799983e+02 -3.8917e+00 +3.4648e+00
440 +1.131036271e-06 +1.131036271e-06 -1.803799989e+02 -1.803799989e+02 -3.8919e+00 +3.4648e+00
444 +5.936211096e-07 +5.936211096e-07 -1.803799994e+02 -1.803799994e+02 -3.8920e+00 +3.4648e+00
463 +4.129553304e-07 +4.129553304e-07 -1.803799996e+02 -1.803799996e+02 -3.8922e+00 +3.4648e+00
464 +2.679807949e-07 +2.679807949e-07 -1.803799997e+02 -1.803799997e+02 -3.8923e+00 +3.4648e+00
491 +2.420142664e-07 +2.420142664e-07 -1.803799998e+02 -1.803799998e+02 -3.8925e+00 +3.4648e+00
496 +7.505317967e-08 +7.505317967e-08 -1.803799999e+02 -1.803799999e+02 -3.8925e+00 +3.4648e+00
521 +7.071665209e-08 +7.071665209e-08 -1.803799999e+02 -1.803799999e+02 -3.8928e+00 +3.4648e+00
528 +1.057162535e-08 +1.057162535e-08 -1.803800000e+02 -1.803800000e+02 -3.8927e+00 +3.4648e+00
534 +3.040469210e-09 +3.040469210e-09 -1.803800000e+02 -1.803800000e+02 -3.8927e+00 +3.4648e+00
673 +0.000000000e+00 +0.000000000e+00 -1.803800000e+02 -1.803800000e+02 -3.8928e+00 +3.4648e+00
