% function evaluation | noise-free fitness - Fopt (1.000000000000e+003) | best noise-free fitness - Fopt | measured fitness | best measured fitness | x1 | x2...
1 +4.236494560e+002 +4.236494560e+002 +1.423649456e+003 +1.423649456e+003 +0.0000e+000 +0.0000e+000 +0.0000e+000
2 +2.441294556e+002 +2.441294556e+002 +1.244129456e+003 +1.244129456e+003 -3.7273e+000 +3.7610e-001 -1.2497e+000
19 +2.394343966e+002 +2.394343966e+002 +1.239434397e+003 +1.239434397e+003 -3.7419e+000 +3.7397e-001 -1.0475e+000
34 +2.314585484e+002 +2.314585484e+002 +1.231458548e+003 +1.231458548e+003 -3.6518e+000 +3.4952e-001 -1.3080e+000
49 +2.108061991e+002 +2.108061991e+002 +1.210806199e+003 +1.210806199e+003 -3.6685e+000 +1.2755e+000 -1.0733e+000
58 +1.047020004e+002 +1.047020004e+002 +1.104702000e+003 +1.104702000e+003 -3.6881e+000 +1.9523e+000 +5.2287e-001
64 +9.073567355e+001 +9.073567355e+001 +1.090735674e+003 +1.090735674e+003 -3.6384e+000 +1.8017e+000 +5.2671e-001
78 +2.331892466e+001 +2.331892466e+001 +1.023318925e+003 +1.023318925e+003 -3.7031e+000 +2.7261e+000 +2.0484e+000
138 +1.116728006e+001 +1.116728006e+001 +1.011167280e+003 +1.011167280e+003 -3.6944e+000 +2.9453e+000 +2.5675e+000
269 +7.397823692e+000 +7.397823692e+000 +1.007397824e+003 +1.007397824e+003 -3.4709e+000 +3.9209e+000 +3.2889e+000
288 +4.399850893e+000 +4.399850893e+000 +1.004399851e+003 +1.004399851e+003 -3.3336e+000 +3.4016e+000 +3.8937e+000
580 +4.300063908e+000 +4.300063908e+000 +1.004300064e+003 +1.004300064e+003 -3.0825e+000 +3.0516e+000 +3.6643e+000
% function evaluation | noise-free fitness - Fopt (7.003000000000e+001) | best noise-free fitness - Fopt | measured fitness | best measured fitness | x1 | x2...
1 +1.296769467e+002 +1.296769467e+002 +1.997069467e+002 +1.997069467e+002 +0.0000e+000 +0.0000e+000 +0.0000e+000
2 +7.078333292e+001 +7.078333292e+001 +1.408133329e+002 +1.408133329e+002 -3.9145e+000 -4.0355e+000 -2.5272e+000
3 +6.735697673e+001 +6.735697673e+001 +1.373869767e+002 +1.373869767e+002 -3.9154e+000 -4.0755e+000 -2.5264e+000
21 +6.442895034e+001 +6.442895034e+001 +1.344589503e+002 +1.344589503e+002 -3.8945e+000 -4.0414e+000 -2.5359e+000
35 +6.138465308e+001 +6.138465308e+001 +1.314146531e+002 +1.314146531e+002 -3.8911e+000 -4.1037e+000 -2.5555e+000
67 +5.889685385e+001 +5.889685385e+001 +1.289268538e+002 +1.289268538e+002 -3.8853e+000 -4.0546e+000 -2.5774e+000
76 +5.883943631e+001 +5.883943631e+001 +1.288694363e+002 +1.288694363e+002 -3.8797e+000 -4.0637e+000 -2.6063e+000
121 +5.521907344e+001 +5.521907344e+001 +1.252490734e+002 +1.252490734e+002 -3.8439e+000 -3.9978e+000 -2.5957e+000
128 +5.357980715e+001 +5.357980715e+001 +1.236098071e+002 +1.236098071e+002 -3.7878e+000 -3.9974e+000 -2.5943e+000
182 +5.168018367e+001 +5.168018367e+001 +1.217101837e+002 +1.217101837e+002 -3.4658e+000 -4.0876e+000 -1.9738e+000
206 +5.035394624e+001 +5.035394624e+001 +1.203839462e+002 +1.203839462e+002 -3.6998e+000 -4.0139e+000 -2.4734e+000
211 +4.908964576e+001 +4.908964576e+001 +1.191196458e+002 +1.191196458e+002 -3.6837e+000 -4.0136e+000 -2.4797e+000
270 +4.889876060e+001 +4.889876060e+001 +1.189287606e+002 +1.189287606e+002 -3.6894e+000 -4.0301e+000 -2.4869e+000
% function evaluation | noise-free fitness - Fopt (-4.822000000000e+001) | best noise-free fitness - Fopt | measured fitness | best measured fitness | x1 | x2...
1 +2.095914222e+002 +2.095914222e+002 +1.613714222e+002 +1.613714222e+002 +0.0000e+000 +0.0000e+000 +0.0000e+000
128 +1.667729591e+002 +1.667729591e+002 +1.185529591e+002 +1.185529591e+002 +2.4754e+000 -4.3873e+000 -2.1008e+000
136 +1.621316970e+002 +1.621316970e+002 +1.139116970e+002 +1.139116970e+002 +2.3172e+000 -1.4972e+000 -1.8627e+000
138 +1.368651607e+002 +1.368651607e+002 +8.864516072e+001 +8.864516072e+001 +2.5139e+000 -5.5127e+000 -4.6495e+000
143 +1.041732739e+002 +1.041732739e+002 +5.595327395e+001 +5.595327395e+001 +2.3866e+000 -3.1722e+000 -3.9102e+000
161 +9.541332345e+001 +9.541332345e+001 +4.719332345e+001 +4.719332345e+001 +2.3844e+000 -3.1996e+000 -4.4931e+000
165 +8.716769097e+001 +8.716769097e+001 +3.894769097e+001 +3.894769097e+001 +2.4756e+000 -1.6913e+000 -5.1968e+000
177 +5.556368647e+001 +5.556368647e+001 +7.343686468e+000 +7.343686468e+000 +2.4164e+000 -2.7561e+000 -7.2469e+000
194 +4.804921039e+001 +4.804921039e+001 -1.707896095e-001 -1.707896095e-001 +2.0456e+000 -1.7647e+000 -5.8500e+000
265 +3.777713302e+001 +3.777713302e+001 -1.044286698e+001 -1.044286698e+001 +1.5762e+000 -1.4667e+000 -5.3065e+000
268 +3.274918064e+001 +3.274918064e+001 -1.547081936e+001 -1.547081936e+001 +3.2956e-001 -1.4712e+000 -4.6776e+000
319 +2.426822368e+001 +2.426822368e+001 -2.395177632e+001 -2.395177632e+001 +1.2002e+000 -1.9388e+000 -4.9406e+000
353 +1.270540586e+001 +1.270540586e+001 -3.551459414e+001 -3.551459414e+001 +1.1320e-001 -1.8319e+000 -4.4841e+000
602 +1.228506191e+001 +1.228506191e+001 -3.593493809e+001 -3.593493809e+001 -2.1441e-002 -1.1346e+000 -3.9598e+000
627 +1.054933071e+001 +1.054933071e+001 -3.767066929e+001 -3.767066929e+001 -3.0065e-003 -1.1381e+000 -4.0113e+000
702 +1.040940131e+001 +1.040940131e+001 -3.781059869e+001 -3.781059869e+001 +3.8987e-002 -1.1057e+000 -4.0390e+000
747 +9.380551689e+000 +9.380551689e+000 -3.883944831e+001 -3.883944831e+001 +4.3189e-002 -1.0373e+000 -4.0970e+000
793 +8.529368478e+000 +8.529368478e+000 -3.969063152e+001 -3.969063152e+001 +3.6660e-002 -1.0708e+000 -4.0569e+000
875 +8.450285253e+000 +8.450285253e+000 -3.976971475e+001 -3.976971475e+001 +5.6171e-002 -1.0678e+000 -4.1055e+000
922 +8.301392547e+000 +8.301392547e+000 -3.991860745e+001 -3.991860745e+001 +4.9245e-002 -1.0615e+000 -4.0939e+000
989 +8.113916236e+000 +8.113916236e+000 -4.010608376e+001 -4.010608376e+001 +4.5648e-002 -1.0678e+000 -4.0909e+000
% function evaluation | noise-free fitness - Fopt (2.547000000000e+001) | best noise-free fitness - Fopt | measured fitness | best measured fitness | x1 | x2...
1 +3.449735612e+002 +3.449735612e+002 +3.704435612e+002 +3.704435612e+002 +0.0000e+000 +0.0000e+000 +0.0000e+000
115 +3.215549943e+002 +3.215549943e+002 +3.470249943e+002 +3.470249943e+002 +1.8356e+000 -2.1143e+000 +1.7231e+000
126 +3.061799468e+002 +3.061799468e+002 +3.316499468e+002 +3.316499468e+002 +1.8456e+000 -2.1625e+000 +1.7346e+000
141 +2.359871905e+002 +2.359871905e+002 +2.614571905e+002 +2.614571905e+002 +1.1893e+000 -2.1845e+000 +1.8200e+000
158 +1.281708912e+002 +1.281708912e+002 +1.536408912e+002 +1.536408912e+002 -1.8316e-001 -2.2604e+000 +1.7212e+000
161 +1.041312697e+002 +1.041312697e+002 +1.296012697e+002 +1.296012697e+002 -4.6057e-001 -2.1233e+000 +1.6024e+000
164 +4.737170628e+001 +4.737170628e+001 +7.284170628e+001 +7.284170628e+001 -2.7362e+000 -1.9200e+000 +1.8932e+000
188 +2.695155422e+001 +2.695155422e+001 +5.242155422e+001 +5.242155422e+001 -3.5088e+000 -1.8570e+000 +1.3980e+000
189 +1.181898765e+001 +1.181898765e+001 +3.728898765e+001 +3.728898765e+001 -3.7996e+000 -2.1738e+000 +1.1767e+000
213 +1.087057704e+001 +1.087057704e+001 +3.634057704e+001 +3.634057704e+001 -4.5074e+000 -2.1770e+000 +8.8514e-001
308 +2.779681700e+000 +2.779681700e+000 +2.824968170e+001 +2.824968170e+001 -3.3633e+000 -2.1863e+000 -5.3061e-001
485 +2.535036379e+000 +2.535036379e+000 +2.800503638e+001 +2.800503638e+001 -3.4112e+000 -2.2028e+000 -5.7492e-001
1380 +2.283420392e+000 +2.283420392e+000 +2.775342039e+001 +2.775342039e+001 -4.2456e+000 -2.1175e+000 -1.0432e+000
1461 +2.225346331e+000 +2.225346331e+000 +2.769534633e+001 +2.769534633e+001 -4.2333e+000 -2.1067e+000 -1.0507e+000
1472 +2.163012197e+000 +2.163012197e+000 +2.763301220e+001 +2.763301220e+001 -4.2378e+000 -2.1111e+000 -1.0557e+000
1488 +2.134476032e+000 +2.134476032e+000 +2.760447603e+001 +2.760447603e+001 -4.2468e+000 -2.1085e+000 -1.0474e+000
1520 +2.079186420e+000 +2.079186420e+000 +2.754918642e+001 +2.754918642e+001 -4.2475e+000 -2.1050e+000 -1.0575e+000
1570 +2.039168430e+000 +2.039168430e+000 +2.750916843e+001 +2.750916843e+001 -4.2536e+000 -2.0990e+000 -1.0705e+000
1693 +1.994896111e+000 +1.994896111e+000 +2.746489611e+001 +2.746489611e+001 -4.2508e+000 -2.0951e+000 -1.0710e+000
% function evaluation | noise-free fitness - Fopt (-1.008100000000e+002) | best noise-free fitness - Fopt | measured fitness | best measured fitness | x1 | x2...
1 +4.702658538e+001 +4.702658538e+001 -5.378341462e+001 -5.378341462e+001 +0.0000e+000 +0.0000e+000 +0.0000e+000
184 +4.125008654e+001 +4.125008654e+001 -5.955991346e+001 -5.955991346e+001 +3.5954e+000 -1.2372e+000 +1.6004e+000
202 +2.827987488e+001 +2.827987488e+001 -7.253012512e+001 -7.253012512e+001 +3.7069e+000 -1.2408e+000 +2.1340e-001
220 +1.462228230e+001 +1.462228230e+001 -8.618771770e+001 -8.618771770e+001 +3.7002e+000 -1.2074e+000 +1.9910e+000
244 +1.217425475e+001 +1.217425475e+001 -8.863574525e+001 -8.863574525e+001 +3.6930e+000 -1.0905e+000 +2.0346e+000
383 +1.186232200e+001 +1.186232200e+001 -8.894767800e+001 -8.894767800e+001 +3.7055e+000 -1.1319e+000 +2.0479e+000
402 +1.156095645e+001 +1.156095645e+001 -8.924904355e+001 -8.924904355e+001 +3.7264e+000 -1.1290e+000 +2.0390e+000
442 +1.146340606e+001 +1.146340606e+001 -8.934659394e+001 -8.934659394e+001 +3.7262e+000 -1.1256e+000 +2.0424e+000
488 +1.112818682e+001 +1.112818682e+001 -8.968181318e+001 -8.968181318e+001 +3.7370e+000 -1.1225e+000 +2.0721e+000
787 +1.096352718e+001 +1.096352718e+001 -8.984647282e+001 -8.984647282e+001 +3.7465e+000 -1.1386e+000 +2.0716e+000
% function evaluation | noise-free fitness - Fopt (-3.496000000000e+001) | best noise-free fitness - Fopt | measured fitness | best measured fitness | x1 | x2...
1 +4.988648878e+001 +4.988648878e+001 +1.492648878e+001 +1.492648878e+001 +0.0000e+000 +0.0000e+000 +0.0000e+000
% function evaluation | noise-free fitness - Fopt (-2.727900000000e+002) | best noise-free fitness - Fopt | measured fitness | best measured fitness | x1 | x2...
1 +7.362824213e+001 +7.362824213e+001 -1.991617579e+002 -1.991617579e+002 +0.0000e+000 +0.0000e+000 +0.0000e+000
% function evaluation | noise-free fitness - Fopt (1.410200000000e+002) | best noise-free fitness - Fopt | measured fitness | best measured fitness | x1 | x2...
1 +1.266212490e+002 +1.266212490e+002 +2.676412490e+002 +2.676412490e+002 +0.0000e+000 +0.0000e+000 +0.0000e+000
142 +1.183966738e+002 +1.183966738e+002 +2.594166738e+002 +2.594166738e+002 -1.3928e+000 +1.5937e+000 +2.0690e+000
152 +7.391804371e+001 +7.391804371e+001 +2.149380437e+002 +2.149380437e+002 -8.0786e-001 +1.7120e+000 +3.9178e-001
160 +4.428397233e+001 +4.428397233e+001 +1.853039723e+002 +1.853039723e+002 -9.7610e-001 +1.5488e+000 -4.8972e+000
165 +2.739651664e+001 +2.739651664e+001 +1.684165166e+002 +1.684165166e+002 -2.9878e-001 +1.8346e+000 -1.4790e+000
175 +2.396527161e+001 +2.396527161e+001 +1.649852716e+002 +1.649852716e+002 -2.0904e-001 +1.9683e+000 -2.1742e+000
178 +1.621168704e+001 +1.621168704e+001 +1.572316870e+002 +1.572316870e+002 -2.3049e+000 +1.7504e+000 -2.5383e+000
231 +6.114030957e+000 +6.114030957e+000 +1.471340310e+002 +1.471340310e+002 -1.5175e+000 +1.8138e+000 -1.8016e+000
357 +5.771274748e+000 +5.771274748e+000 +1.467912747e+002 +1.467912747e+002 -1.3800e+000 +1.8975e+000 -2.3500e+000
362 +4.880794385e+000 +4.880794385e+000 +1.459007944e+002 +1.459007944e+002 -1.3825e+000 +1.9111e+000 -2.4284e+000
399 +3.010556869e+000 +3.010556869e+000 +1.440305569e+002 +1.440305569e+002 -1.3371e+000 +1.9420e+000 -2.3114e+000
421 +1.472778690e+000 +1.472778690e+000 +1.424927787e+002 +1.424927787e+002 -1.3332e+000 +1.9326e+000 -2.3845e+000
481 +1.436855091e+000 +1.436855091e+000 +1.424568551e+002 +1.424568551e+002 -1.3222e+000 +1.9208e+000 -2.3527e+000
498 +1.341024751e+000 +1.341024751e+000 +1.423610248e+002 +1.423610248e+002 -1.3135e+000 +1.9366e+000 -2.3294e+000
510 +1.248844043e+000 +1.248844043e+000 +1.422688440e+002 +1.422688440e+002 -1.3224e+000 +1.9276e+000 -2.3527e+000
513 +1.215867990e+000 +1.215867990e+000 +1.422358680e+002 +1.422358680e+002 -1.3219e+000 +1.9367e+000 -2.3373e+000
515 +1.185920437e+000 +1.185920437e+000 +1.422059204e+002 +1.422059204e+002 -1.3218e+000 +1.9306e+000 -2.3521e+000
527 +1.168277413e+000 +1.168277413e+000 +1.421882774e+002 +1.421882774e+002 -1.3177e+000 +1.9316e+000 -2.3540e+000
534 +1.089735502e+000 +1.089735502e+000 +1.421097355e+002 +1.421097355e+002 -1.3216e+000 +1.9372e+000 -2.3584e+000
550 +1.069056914e+000 +1.069056914e+000 +1.420890569e+002 +1.420890569e+002 -1.3177e+000 +1.9379e+000 -2.3567e+000
561 +1.041724444e+000 +1.041724444e+000 +1.420617244e+002 +1.420617244e+002 -1.3187e+000 +1.9409e+000 -2.3570e+000
564 +1.023209124e+000 +1.023209124e+000 +1.420432091e+002 +1.420432091e+002 -1.3195e+000 +1.9469e+000 -2.3591e+000
606 +9.997545867e-001 +9.997545867e-001 +1.420197546e+002 +1.420197546e+002 -1.3154e+000 +1.9485e+000 -2.3568e+000
% function evaluation | noise-free fitness - Fopt (8.113000000000e+001) | best noise-free fitness - Fopt | measured fitness | best measured fitness | x1 | x2...
1 +2.217514670e+002 +2.217514670e+002 +3.028814670e+002 +3.028814670e+002 +0.0000e+000 +0.0000e+000 +0.0000e+000
2 +1.736120904e+002 +1.736120904e+002 +2.547420904e+002 +2.547420904e+002 +4.5374e+000 +3.3307e+000 -4.2419e+000
12 +1.698001523e+002 +1.698001523e+002 +2.509301523e+002 +2.509301523e+002 +4.5341e+000 +3.3196e+000 -4.2462e+000
28 +1.533171083e+002 +1.533171083e+002 +2.344471083e+002 +2.344471083e+002 +4.5355e+000 +3.1127e+000 -4.2416e+000
33 +1.498106930e+002 +1.498106930e+002 +2.309406930e+002 +2.309406930e+002 +4.5332e+000 +3.1894e+000 -4.2284e+000
49 +1.463234682e+002 +1.463234682e+002 +2.274534682e+002 +2.274534682e+002 +4.5246e+000 +3.1894e+000 -4.2723e+000
52 +1.420621479e+002 +1.420621479e+002 +2.231921479e+002 +2.231921479e+002 +4.5010e+000 +2.8605e+000 -4.2804e+000
55 +1.378831936e+002 +1.378831936e+002 +2.190131936e+002 +2.190131936e+002 +4.4609e+000 +2.8993e+000 -4.2733e+000
60 +1.143288870e+002 +1.143288870e+002 +1.954588870e+002 +1.954588870e+002 +4.5479e+000 +1.8900e+000 -4.2530e+000
95 +1.031529724e+002 +1.031529724e+002 +1.842829724e+002 +1.842829724e+002 +4.4297e+000 +1.4692e+000 -4.0586e+000
107 +1.007161661e+002 +1.007161661e+002 +1.818461661e+002 +1.818461661e+002 +4.3764e+000 +1.5363e+000 -4.0720e+000
114 +7.124657606e+001 +7.124657606e+001 +1.523765761e+002 +1.523765761e+002 +4.3944e+000 +1.5506e+000 -2.2398e+000
132 +6.355044039e+001 +6.355044039e+001 +1.446804404e+002 +1.446804404e+002 +4.4991e+000 +9.6767e-001 -8.6332e-001
140 +5.636402708e+001 +5.636402708e+001 +1.374940271e+002 +1.374940271e+002 +4.5347e+000 +1.1310e+000 -6.9803e-001
144 +5.216146855e+001 +5.216146855e+001 +1.332914685e+002 +1.332914685e+002 +4.3915e+000 +1.6532e+000 -1.5934e-001
149 +4.023862312e+001 +4.023862312e+001 +1.213686231e+002 +1.213686231e+002 +4.5095e+000 +9.8274e-001 +4.0352e-001
155 +2.883079934e+001 +2.883079934e+001 +1.099607993e+002 +1.099607993e+002 +4.3838e+000 +1.1240e+000 -8.4358e-001
203 +2.373108187e+001 +2.373108187e+001 +1.048610819e+002 +1.048610819e+002 +4.5004e+000 +1.2553e+000 +3.7663e-001
212 +1.814925118e+001 +1.814925118e+001 +9.927925118e+001 +9.927925118e+001 +4.2784e+000 +1.0320e+000 +3.2288e-002
281 +1.559025954e+001 +1.559025954e+001 +9.672025954e+001 +9.672025954e+001 +3.9530e+000 +1.0161e+000 +1.9955e+000
320 +9.708876384e+000 +9.708876384e+000 +9.083887638e+001 +9.083887638e+001 +3.9733e+000 +6.2839e-001 +2.3011e+000
397 +6.545700893e+000 +6.545700893e+000 +8.767570089e+001 +8.767570089e+001 +3.8970e+000 +6.3550e-001 +2.2865e+000
427 +5.655107288e+000 +5.655107288e+000 +8.678510729e+001 +8.678510729e+001 +3.9176e+000 +6.0152e-001 +2.2671e+000
444 +5.031032462e+000 +5.031032462e+000 +8.616103246e+001 +8.616103246e+001 +3.9156e+000 +6.0739e-001 +2.2616e+000
449 +2.795930643e+000 +2.795930643e+000 +8.392593064e+001 +8.392593064e+001 +3.9398e+000 +5.9812e-001 +2.1602e+000
454 +2.709891272e+000 +2.709891272e+000 +8.383989127e+001 +8.383989127e+001 +3.9305e+000 +6.0753e-001 +2.2089e+000
480 +2.187568271e+000 +2.187568271e+000 +8.331756827e+001 +8.331756827e+001 +3.9454e+000 +6.0276e-001 +2.2037e+000
491 +1.597312886e+000 +1.597312886e+000 +8.272731289e+001 +8.272731289e+001 +3.9571e+000 +6.0008e-001 +2.1670e+000
505 +1.302459278e+000 +1.302459278e+000 +8.243245928e+001 +8.243245928e+001 +3.9678e+000 +6.2118e-001 +2.1828e+000
514 +1.245653353e+000 +1.245653353e+000 +8.237565335e+001 +8.237565335e+001 +3.9834e+000 +5.9284e-001 +2.1612e+000
516 +1.120662553e+000 +1.120662553e+000 +8.225066255e+001 +8.225066255e+001 +3.9680e+000 +6.0996e-001 +2.1559e+000
540 +1.009186092e+000 +1.009186092e+000 +8.213918609e+001 +8.213918609e+001 +3.9809e+000 +6.0620e-001 +2.1621e+000
569 +9.952360167e-001 +9.952360167e-001 +8.212523602e+001 +8.212523602e+001 +3.9759e+000 +6.0844e-001 +2.1646e+000
% function evaluation | noise-free fitness - Fopt (1.049200000000e+002) | best noise-free fitness - Fopt | measured fitness | best measured fitness | x1 | x2...
1 +1.555791379e+002 +1.555791379e+002 +2.604991379e+002 +2.604991379e+002 +0.0000e+000 +0.0000e+000 +0.0000e+000
2 +6.052866576e+001 +6.052866576e+001 +1.654486658e+002 +1.654486658e+002 -1.2000e-001 -8.1403e-001 -2.5317e+000
6 +5.196070785e+001 +5.196070785e+001 +1.568807079e+002 +1.568807079e+002 -2.1488e-001 -8.1426e-001 -2.5309e+000
20 +5.072787868e+001 +5.072787868e+001 +1.556478787e+002 +1.556478787e+002 -2.5127e-001 -8.1432e-001 -2.5316e+000
35 +5.009169736e+001 +5.009169736e+001 +1.550116974e+002 +1.550116974e+002 -2.4612e-001 -8.1466e-001 -2.5234e+000
58 +4.728164342e+001 +4.728164342e+001 +1.522016434e+002 +1.522016434e+002 -2.8004e-001 -8.1531e-001 -2.4977e+000
75 +4.642022840e+001 +4.642022840e+001 +1.513402284e+002 +1.513402284e+002 -2.7305e-001 -8.1486e-001 -2.4830e+000
79 +4.561698117e+001 +4.561698117e+001 +1.505369812e+002 +1.505369812e+002 -3.6095e-001 -8.1425e-001 -2.4424e+000
92 +4.375050997e+001 +4.375050997e+001 +1.486705100e+002 +1.486705100e+002 -3.3684e-001 -8.1465e-001 -2.3725e+000
94 +4.256136810e+001 +4.256136810e+001 +1.474813681e+002 +1.474813681e+002 -3.1911e-001 -8.1464e-001 -2.4148e+000
102 +3.586486468e+001 +3.586486468e+001 +1.407848647e+002 +1.407848647e+002 -5.7475e-001 -8.1446e-001 -2.6588e+000
417 +3.519438211e+001 +3.519438211e+001 +1.401143821e+002 +1.401143821e+002 -3.9472e-001 -8.9462e-001 -2.4059e+000
438 +3.456391433e+001 +3.456391433e+001 +1.394839143e+002 +1.394839143e+002 -4.6715e-001 -8.7792e-001 -2.4071e+000
460 +3.227063274e+001 +3.227063274e+001 +1.371906327e+002 +1.371906327e+002 -4.6987e-001 -8.9326e-001 -2.4153e+000
468 +2.861044334e+001 +2.861044334e+001 +1.335304433e+002 +1.335304433e+002 -4.7910e-001 -9.4516e-001 -2.4137e+000
506 +2.730915966e+001 +2.730915966e+001 +1.322291597e+002 +1.322291597e+002 -5.0279e-001 -9.4665e-001 -2.4058e+000
520 +2.669866978e+001 +2.669866978e+001 +1.316186698e+002 +1.316186698e+002 -5.3055e-001 -9.7420e-001 -2.4110e+000
572 +2.629927822e+001 +2.629927822e+001 +1.312192782e+002 +1.312192782e+002 -5.3273e-001 -9.6830e-001 -2.3994e+000
609 +2.557379626e+001 +2.557379626e+001 +1.304937963e+002 +1.304937963e+002 -5.4282e-001 -9.7194e-001 -2.3804e+000
670 +2.499479340e+001 +2.499479340e+001 +1.299147934e+002 +1.299147934e+002 -5.6502e-001 -9.8307e-001 -2.3488e+000
% function evaluation | noise-free fitness - Fopt (3.029000000000e+001) | best noise-free fitness - Fopt | measured fitness | best measured fitness | x1 | x2...
1 +1.073790114e+002 +1.073790114e+002 +1.376690114e+002 +1.376690114e+002 +0.0000e+000 +0.0000e+000 +0.0000e+000
108 +1.041731222e+002 +1.041731222e+002 +1.344631222e+002 +1.344631222e+002 +4.2704e+000 -2.8938e+000 +4.7754e+000
127 +1.016151730e+002 +1.016151730e+002 +1.319051730e+002 +1.319051730e+002 +4.6123e+000 -2.9542e+000 +5.4016e+000
138 +8.986298447e+001 +8.986298447e+001 +1.201529845e+002 +1.201529845e+002 +3.2330e+000 -2.9356e+000 +4.6326e+000
148 +8.394710350e+001 +8.394710350e+001 +1.142371035e+002 +1.142371035e+002 +4.7015e+000 -2.8790e+000 +5.6893e+000
165 +7.677575447e+001 +7.677575447e+001 +1.070657545e+002 +1.070657545e+002 +3.0935e+000 -2.8731e+000 +5.7515e+000
218 +7.443465127e+001 +7.443465127e+001 +1.047246513e+002 +1.047246513e+002 +3.9188e+000 -3.1364e+000 +5.1040e+000
264 +7.289928227e+001 +7.289928227e+001 +1.031892823e+002 +1.031892823e+002 +3.7599e+000 -2.8493e+000 +6.5068e+000
309 +6.481239243e+001 +6.481239243e+001 +9.510239243e+001 +9.510239243e+001 +3.7366e+000 -3.2477e+000 +5.6433e+000
609 +6.412796130e+001 +6.412796130e+001 +9.441796130e+001 +9.441796130e+001 +3.7395e+000 -3.2098e+000 +5.5448e+000
632 +6.293436736e+001 +6.293436736e+001 +9.322436736e+001 +9.322436736e+001 +3.6829e+000 -3.2107e+000 +5.5204e+000
% function evaluation | noise-free fitness - Fopt (1.210500000000e+002) | best noise-free fitness - Fopt | measured fitness | best measured fitness | x1 | x2...
1 +1.208127610e+002 +1.208127610e+002 +2.418627610e+002 +2.418627610e+002 +0.0000e+000 +0.0000e+000 +0.0000e+000
384 +1.014312515e+002 +1.014312515e+002 +2.224812515e+002 +2.224812515e+002 -2.7734e+000 -5.6903e+000 +1.9570e+000
409 +4.440826172e+001 +4.440826172e+001 +1.654582617e+002 +1.654582617e+002 -1.7173e+000 -4.7744e+000 -1.6943e+000
443 +3.854351442e+001 +3.854351442e+001 +1.595935144e+002 +1.595935144e+002 +4.1968e-002 -4.8858e+000 -3.1367e+000
448 +2.984313408e+001 +2.984313408e+001 +1.508931341e+002 +1.508931341e+002 -8.3670e-001 -5.1075e+000 -2.9716e+000
486 +2.912849357e+001 +2.912849357e+001 +1.501784936e+002 +1.501784936e+002 +1.9366e-001 -4.7390e+000 -2.5645e+000
489 +2.626463603e+001 +2.626463603e+001 +1.473146360e+002 +1.473146360e+002 +8.9827e-002 -4.8759e+000 -2.1319e+000
499 +2.002814183e+001 +2.002814183e+001 +1.410781418e+002 +1.410781418e+002 -5.5312e-003 -4.6546e+000 -2.5235e+000
503 +1.513062063e+001 +1.513062063e+001 +1.361806206e+002 +1.361806206e+002 -4.0430e-002 -5.1042e+000 -2.2124e+000
531 +1.344844945e+001 +1.344844945e+001 +1.344984494e+002 +1.344984494e+002 +5.4524e-001 -4.8866e+000 -2.6549e+000
538 +1.264282207e+001 +1.264282207e+001 +1.336928221e+002 +1.336928221e+002 +2.0280e-001 -4.9027e+000 -2.7316e+000
554 +1.039650058e+001 +1.039650058e+001 +1.314465006e+002 +1.314465006e+002 +6.0261e-001 -4.9357e+000 -2.7502e+000
564 +6.043502090e+000 +6.043502090e+000 +1.270935021e+002 +1.270935021e+002 +4.2918e-001 -5.1432e+000 -2.7400e+000
597 +5.737951996e+000 +5.737951996e+000 +1.267879520e+002 +1.267879520e+002 +4.3694e-001 -5.1356e+000 -2.7502e+000
605 +5.334492324e+000 +5.334492324e+000 +1.263844923e+002 +1.263844923e+002 +4.6011e-001 -5.0673e+000 -2.7648e+000
615 +5.206701574e+000 +5.206701574e+000 +1.262567016e+002 +1.262567016e+002 +4.2162e-001 -5.1180e+000 -2.7460e+000
620 +5.001408152e+000 +5.001408152e+000 +1.260514082e+002 +1.260514082e+002 +4.5500e-001 -5.0927e+000 -2.7544e+000
% function evaluation | noise-free fitness - Fopt (-1.033000000000e+001) | best noise-free fitness - Fopt | measured fitness | best measured fitness | x1 | x2...
1 +1.982677370e+002 +1.982677370e+002 +1.879377370e+002 +1.879377370e+002 +0.0000e+000 +0.0000e+000 +0.0000e+000
109 +6.506058365e+001 +6.506058365e+001 +5.473058365e+001 +5.473058365e+001 +4.2768e+000 +2.5381e+000 +3.5730e+000
123 +4.010316786e+001 +4.010316786e+001 +2.977316786e+001 +2.977316786e+001 +5.1915e+000 +2.2610e+000 +3.4932e+000
142 +3.854044475e+001 +3.854044475e+001 +2.821044475e+001 +2.821044475e+001 +3.7415e+000 +2.3228e+000 +3.4334e+000
149 +3.360085247e+001 +3.360085247e+001 +2.327085247e+001 +2.327085247e+001 +3.9209e+000 +2.1994e+000 +3.3821e+000
153 +3.019894598e+001 +3.019894598e+001 +1.986894598e+001 +1.986894598e+001 +4.0828e+000 +2.2365e+000 +3.4187e+000
202 +2.897779646e+001 +2.897779646e+001 +1.864779646e+001 +1.864779646e+001 +4.0304e+000 +2.2401e+000 +3.3596e+000
% function evaluation | noise-free fitness - Fopt (-6.846000000000e+001) | best noise-free fitness - Fopt | measured fitness | best measured fitness | x1 | x2...
1 +1.944472346e+002 +1.944472346e+002 +1.259872346e+002 +1.259872346e+002 +0.0000e+000 +0.0000e+000 +0.0000e+000
90 +1.317921900e+002 +1.317921900e+002 +6.333218999e+001 +6.333218999e+001 -6.4879e-002 -1.7672e+000 -4.8895e+000
100 +1.252754466e+002 +1.252754466e+002 +5.681544664e+001 +5.681544664e+001 -4.0005e-001 -1.7427e+000 -4.8890e+000
109 +1.048558007e+002 +1.048558007e+002 +3.639580073e+001 +3.639580073e+001 +1.0498e+000 -1.4942e+000 -4.8851e+000
124 +9.823689105e+001 +9.823689105e+001 +2.977689105e+001 +2.977689105e+001 +1.5626e+000 -1.6252e+000 -4.8817e+000
146 +9.454782756e+001 +9.454782756e+001 +2.608782756e+001 +2.608782756e+001 +1.7650e+000 -1.4424e+000 -4.8871e+000
151 +9.254355918e+001 +9.254355918e+001 +2.408355918e+001 +2.408355918e+001 +1.7155e+000 -1.4860e+000 -4.8780e+000
155 +9.065747954e+001 +9.065747954e+001 +2.219747954e+001 +2.219747954e+001 +1.9917e+000 -1.5160e+000 -4.8818e+000
163 +8.483863858e+001 +8.483863858e+001 +1.637863858e+001 +1.637863858e+001 +2.0103e+000 -9.2090e-001 -4.8683e+000
173 +7.515079231e+001 +7.515079231e+001 +6.690792314e+000 +6.690792314e+000 +1.9608e+000 -4.1968e-001 -4.9086e+000
175 +5.781079407e+001 +5.781079407e+001 -1.064920593e+001 -1.064920593e+001 +1.7794e+000 +1.8436e+000 -4.8789e+000
182 +3.507572586e+001 +3.507572586e+001 -3.338427414e+001 -3.338427414e+001 +1.5140e+000 +2.0329e+000 -4.8807e+000
184 +3.281253005e+001 +3.281253005e+001 -3.564746995e+001 -3.564746995e+001 +2.0460e+000 +4.5658e+000 -4.9516e+000
201 +2.799053587e+001 +2.799053587e+001 -4.046946413e+001 -4.046946413e+001 +3.1454e+000 +2.5045e+000 -4.4725e+000
203 +2.693263958e+001 +2.693263958e+001 -4.152736042e+001 -4.152736042e+001 +2.1874e+000 +1.6995e+000 -4.8878e+000
228 +2.307059137e+001 +2.307059137e+001 -4.538940863e+001 -4.538940863e+001 +4.1901e+000 +3.0197e+000 -3.8937e+000
248 +2.257923425e+001 +2.257923425e+001 -4.588076575e+001 -4.588076575e+001 +3.6771e+000 +3.2647e+000 -4.1259e+000
262 +1.766904472e+001 +1.766904472e+001 -5.079095528e+001 -5.079095528e+001 +4.0264e+000 +3.3477e+000 -2.7378e+000
590 +1.698889603e+001 +1.698889603e+001 -5.147110397e+001 -5.147110397e+001 +4.0008e+000 +4.5039e+000 -3.5645e+000
633 +1.318557747e+001 +1.318557747e+001 -5.527442253e+001 -5.527442253e+001 +3.1990e+000 +4.2662e+000 -4.3094e+000
683 +7.553191206e+000 +7.553191206e+000 -6.090680879e+001 -6.090680879e+001 +4.3070e+000 +3.2336e+000 -4.2504e+000
808 +7.076097106e+000 +7.076097106e+000 -6.138390289e+001 -6.138390289e+001 +3.0022e+000 +2.7491e+000 -3.2079e+000
875 +2.513864523e+000 +2.513864523e+000 -6.594613548e+001 -6.594613548e+001 +4.0108e+000 +2.0519e+000 -2.8815e+000
1332 +2.028175102e+000 +2.028175102e+000 -6.643182490e+001 -6.643182490e+001 +3.6509e+000 +3.1143e+000 -4.3273e+000
1386 +1.992454416e+000 +1.992454416e+000 -6.646754558e+001 -6.646754558e+001 +3.6453e+000 +3.1089e+000 -4.3296e+000
% function evaluation | noise-free fitness - Fopt (-1.314900000000e+002) | best noise-free fitness - Fopt | measured fitness | best measured fitness | x1 | x2...
1 +9.185865456e+001 +9.185865456e+001 -3.963134544e+001 -3.963134544e+001 +0.0000e+000 +0.0000e+000 +0.0000e+000
82 +7.766586096e+001 +7.766586096e+001 -5.382413904e+001 -5.382413904e+001 -3.9615e+000 +1.3480e+000 -1.6625e+000
89 +5.418681982e+001 +5.418681982e+001 -7.730318018e+001 -7.730318018e+001 -3.8750e+000 -2.1534e-001 -1.6278e+000
97 +5.109622510e+001 +5.109622510e+001 -8.039377490e+001 -8.039377490e+001 -3.9415e+000 -2.7267e-001 -1.6220e+000
98 +4.315044713e+001 +4.315044713e+001 -8.833955287e+001 -8.833955287e+001 -3.9156e+000 -1.9067e+000 -1.3433e+000
114 +9.218848564e+000 +9.218848564e+000 -1.222711514e+002 -1.222711514e+002 -4.0032e+000 -7.2961e-001 -2.0939e+000
236 +5.327023163e+000 +5.327023163e+000 -1.261629768e+002 -1.261629768e+002 -4.0176e+000 -6.8265e-001 -2.2408e+000
415 +4.500673736e+000 +4.500673736e+000 -1.269893263e+002 -1.269893263e+002 -3.9982e+000 -6.7588e-001 -2.2067e+000
456 +4.331784313e+000 +4.331784313e+000 -1.271582157e+002 -1.271582157e+002 -4.0282e+000 -6.7776e-001 -2.2396e+000
458 +3.211707222e+000 +3.211707222e+000 -1.282782928e+002 -1.282782928e+002 -4.0376e+000 -6.6830e-001 -2.2195e+000
468 +2.953713926e+000 +2.953713926e+000 -1.285362861e+002 -1.285362861e+002 -4.0273e+000 -6.6914e-001 -2.2135e+000
500 +2.660559423e+000 +2.660559423e+000 -1.288294406e+002 -1.288294406e+002 -4.0200e+000 -6.6156e-001 -2.2025e+000
529 +2.622651055e+000 +2.622651055e+000 -1.288673489e+002 -1.288673489e+002 -4.0200e+000 -6.6174e-001 -2.2169e+000
547 +2.487242422e+000 +2.487242422e+000 -1.290027576e+002 -1.290027576e+002 -4.0201e+000 -6.5738e-001 -2.2101e+000
569 +2.296525665e+000 +2.296525665e+000 -1.291934743e+002 -1.291934743e+002 -4.0135e+000 -6.5342e-001 -2.2123e+000
590 +2.181827367e+000 +2.181827367e+000 -1.293081726e+002 -1.293081726e+002 -3.9985e+000 -6.4902e-001 -2.2056e+000
626 +2.091147655e+000 +2.091147655e+000 -1.293988523e+002 -1.293988523e+002 -4.0050e+000 -6.4463e-001 -2.2106e+000
646 +2.088910965e+000 +2.088910965e+000 -1.294010890e+002 -1.294010890e+002 -4.0045e+000 -6.4572e-001 -2.2103e+000
717 +2.040478232e+000 +2.040478232e+000 -1.294495218e+002 -1.294495218e+002 -4.0010e+000 -6.4308e-001 -2.2108e+000
874 +1.994900304e+000 +1.994900304e+000 -1.294950997e+002 -1.294950997e+002 -3.9948e+000 -6.3887e-001 -2.2100e+000
