% function evaluation | noise-free fitness - Fopt (-4.620900000000e+02) | best noise-free fitness - Fopt | measured fitness | best measured fitness | x1 | x2...
1 +7.012980258e+01 +7.012980258e+01 -3.919601974e+02 -3.919601974e+02 +0.0000e+00 +0.0000e+00
64 +4.195285073e+01 +4.195285073e+01 -4.201371493e+02 -4.201371493e+02 -5.1889e-01 +1.0623e+00
71 +3.167346024e+01 +3.167346024e+01 -4.304165398e+02 -4.304165398e+02 -7.2050e-01 +1.2737e+00
96 +2.902717108e+01 +2.902717108e+01 -4.330628289e+02 -4.330628289e+02 -1.5011e+00 +2.8397e+00
97 +2.756803053e+01 +2.756803053e+01 -4.345219695e+02 -4.345219695e+02 -1.5452e+00 +2.8389e+00
102 +2.395775890e+01 +2.395775890e+01 -4.381322411e+02 -4.381322411e+02 -1.5211e+00 +2.0370e+00
105 +2.181074869e+01 +2.181074869e+01 -4.402792513e+02 -4.402792513e+02 -1.5470e+00 +2.5670e+00
114 +2.034509123e+01 +2.034509123e+01 -4.417449088e+02 -4.417449088e+02 -1.4904e+00 +2.3213e+00
117 +1.766815614e+01 +1.766815614e+01 -4.444218439e+02 -4.444218439e+02 -1.5732e+00 +2.6150e+00
139 +1.639919206e+01 +1.639919206e+01 -4.456908079e+02 -4.456908079e+02 -1.5886e+00 +2.2900e+00
164 +1.614844882e+01 +1.614844882e+01 -4.459415512e+02 -4.459415512e+02 -1.5945e+00 +2.3020e+00
1171 +1.417928081e+01 +1.417928081e+01 -4.479107192e+02 -4.479107192e+02 -6.3180e-01 +1.9567e+00
1178 +1.045656667e+01 +1.045656667e+01 -4.516334333e+02 -4.516334333e+02 -7.2997e-01 +2.3252e+00
1218 +5.207398092e+00 +5.207398092e+00 -4.568826019e+02 -4.568826019e+02 +3.6340e-01 +1.9817e+00
1219 +1.771111807e+00 +1.771111807e+00 -4.603188882e+02 -4.603188882e+02 +2.2727e+00 +1.9886e+00
3231 +1.394623943e+00 +1.394623943e+00 -4.606953761e+02 -4.606953761e+02 +2.4348e+00 +2.3141e+00
3249 +1.140298419e+00 +1.140298419e+00 -4.609497016e+02 -4.609497016e+02 +1.3534e+00 +2.2918e+00
6168 +1.117131936e+00 +1.117131936e+00 -4.609728681e+02 -4.609728681e+02 +1.3281e+00 +2.2972e+00
6289 +1.074292616e+00 +1.074292616e+00 -4.610157074e+02 -4.610157074e+02 +1.3506e+00 +2.2945e+00
6311 +1.051878751e+00 +1.051878751e+00 -4.610381212e+02 -4.610381212e+02 +1.3467e+00 +2.2951e+00
6346 +1.017919301e+00 +1.017919301e+00 -4.610720807e+02 -4.610720807e+02 +1.3368e+00 +2.2996e+00
6356 +9.996511619e-01 +9.996511619e-01 -4.610903488e+02 -4.610903488e+02 +1.3451e+00 +2.2985e+00
8575 +7.685955903e-01 +7.685955903e-01 -4.613214044e+02 -4.613214044e+02 +2.3283e+00 +2.2806e+00
36413 +1.858970523e-01 +1.858970523e-01 -4.619041029e+02 -4.619041029e+02 +2.3303e+00 +2.3089e+00
84697 +1.187148902e-01 +1.187148902e-01 -4.619712851e+02 -4.619712851e+02 +2.3165e+00 +2.3013e+00
96214 +9.127606028e-02 +9.127606028e-02 -4.619987239e+02 -4.619987239e+02 +2.3367e+00 +2.2930e+00
97234 +3.891957937e-02 +3.891957937e-02 -4.620510804e+02 -4.620510804e+02 +2.3295e+00 +2.3030e+00
98839 +2.556715384e-03 +2.556715384e-03 -4.620874433e+02 -4.620874433e+02 +2.3374e+00 +2.3000e+00
99111 +1.213880568e-03 +1.213880568e-03 -4.620887861e+02 -4.620887861e+02 +2.3383e+00 +2.2998e+00
99478 +5.646198065e-04 +5.646198065e-04 -4.620894354e+02 -4.620894354e+02 +2.3391e+00 +2.2999e+00
99599 +4.758660200e-04 +4.758660200e-04 -4.620895241e+02 -4.620895241e+02 +2.3398e+00 +2.2996e+00
99751 +4.586743792e-04 +4.586743792e-04 -4.620895413e+02 -4.620895413e+02 +2.3395e+00 +2.2997e+00
99985 +2.900661191e-04 +2.900661191e-04 -4.620897099e+02 -4.620897099e+02 +2.3396e+00 +2.2999e+00
99988 +2.175116697e-04 +2.175116697e-04 -4.620897825e+02 -4.620897825e+02 +2.3401e+00 +2.2997e+00
% function evaluation | noise-free fitness - Fopt (7.766000000000e+01) | best noise-free fitness - Fopt | measured fitness | best measured fitness | x1 | x2...
1 +4.609031571e+01 +4.609031571e+01 +1.237503157e+02 +1.237503157e+02 +0.0000e+00 +0.0000e+00
77 +4.440773423e+01 +4.440773423e+01 +1.220677342e+02 +1.220677342e+02 -2.1399e+00 -2.8102e-01
85 +3.555320197e+01 +3.555320197e+01 +1.132132020e+02 +1.132132020e+02 +1.0360e+00 -1.8505e+00
87 +2.300208571e+01 +2.300208571e+01 +1.006620857e+02 +1.006620857e+02 +1.5234e+00 -1.0509e+00
93 +1.164078818e+01 +1.164078818e+01 +8.930078818e+01 +8.930078818e+01 +6.2827e-01 -1.5250e+00
104 +8.862621429e+00 +8.862621429e+00 +8.652262143e+01 +8.652262143e+01 +3.7580e-01 -1.5606e+00
115 +5.724394393e+00 +5.724394393e+00 +8.338439439e+01 +8.338439439e+01 +3.6347e-01 -5.4232e-01
211 +5.275103443e+00 +5.275103443e+00 +8.293510344e+01 +8.293510344e+01 +4.6366e-01 -1.1559e+00
219 +5.025095452e+00 +5.025095452e+00 +8.268509545e+01 +8.268509545e+01 +4.4547e-01 -1.1702e+00
235 +5.001393014e+00 +5.001393014e+00 +8.266139301e+01 +8.266139301e+01 +4.5490e-01 -1.1680e+00
2306 +3.708260020e+00 +3.708260020e+00 +8.136826002e+01 +8.136826002e+01 +1.3198e+00 -8.4998e-01
2605 +3.582562194e+00 +3.582562194e+00 +8.124256219e+01 +8.124256219e+01 +1.4140e+00 -5.1676e-01
2788 +8.635624871e-01 +8.635624871e-01 +7.852356249e+01 +7.852356249e+01 +2.3398e+00 -8.4512e-01
9236 +2.266048435e-01 +2.266048435e-01 +7.788660484e+01 +7.788660484e+01 +2.3997e+00 -8.6640e-01
10060 +1.935340895e-01 +1.935340895e-01 +7.785353409e+01 +7.785353409e+01 +2.3964e+00 -8.4620e-01
20250 +1.410390657e-01 +1.410390657e-01 +7.780103907e+01 +7.780103907e+01 +2.3998e+00 -8.4864e-01
34332 +1.138158559e-01 +1.138158559e-01 +7.777381586e+01 +7.777381586e+01 +2.3897e+00 -8.6372e-01
93896 +1.011762785e-01 +1.011762785e-01 +7.776117628e+01 +7.776117628e+01 +2.3860e+00 -8.6194e-01
% function evaluation | noise-free fitness - Fopt (1.156800000000e+02) | best noise-free fitness - Fopt | measured fitness | best measured fitness | x1 | x2...
1 +1.905594479e+01 +1.905594479e+01 +1.347359448e+02 +1.347359448e+02 +0.0000e+00 +0.0000e+00
673 +1.835756398e+01 +1.835756398e+01 +1.340375640e+02 +1.340375640e+02 +5.0623e-01 -3.6279e-01
675 +1.770006815e+01 +1.770006815e+01 +1.333800681e+02 +1.333800681e+02 -8.0718e-01 -3.5853e-01
676 +1.597854039e+01 +1.597854039e+01 +1.316585404e+02 +1.316585404e+02 +5.5716e-02 -3.4506e-01
694 +9.457939493e+00 +9.457939493e+00 +1.251379395e+02 +1.251379395e+02 +3.1753e-01 -3.8805e-01
723 +2.105323573e+00 +2.105323573e+00 +1.177853236e+02 +1.177853236e+02 +2.1160e+00 -6.6171e-01
1204 +1.998113928e+00 +1.998113928e+00 +1.176781139e+02 +1.176781139e+02 +1.1865e+00 -1.2932e+00
1354 +1.421222004e+00 +1.421222004e+00 +1.171012220e+02 +1.171012220e+02 +2.0886e+00 -9.8985e-01
4177 +1.171225611e+00 +1.171225611e+00 +1.168512256e+02 +1.168512256e+02 +1.1870e+00 -9.9296e-01
4289 +7.401379120e-02 +7.401379120e-02 +1.157540138e+02 +1.157540138e+02 +2.1594e+00 -9.8230e-01
74651 +1.205294859e-02 +1.205294859e-02 +1.156920529e+02 +1.156920529e+02 +2.1739e+00 -9.8519e-01
% function evaluation | noise-free fitness - Fopt (-3.710000000000e+00) | best noise-free fitness - Fopt | measured fitness | best measured fitness | x1 | x2...
1 +8.293437844e+01 +8.293437844e+01 +7.922437844e+01 +7.922437844e+01 +0.0000e+00 +0.0000e+00
45 +6.621689063e+01 +6.621689063e+01 +6.250689063e+01 +6.250689063e+01 -2.5548e+00 -1.2873e+00
46 +4.602356618e+01 +4.602356618e+01 +4.231356618e+01 +4.231356618e+01 -3.1237e+00 -3.2628e+00
51 +3.771963345e+01 +3.771963345e+01 +3.400963345e+01 +3.400963345e+01 -3.1924e+00 -1.9660e+00
77 +3.576393789e+01 +3.576393789e+01 +3.205393789e+01 +3.205393789e+01 -2.2173e+00 -2.5677e+00
119 +7.392647988e+00 +7.392647988e+00 +3.682647988e+00 +3.682647988e+00 +2.2406e+00 -2.6230e+00
139 +6.983031146e+00 +6.983031146e+00 +3.273031146e+00 +3.273031146e+00 +1.1543e+00 -2.2542e+00
154 +4.889310660e+00 +4.889310660e+00 +1.179310660e+00 +1.179310660e+00 +1.0883e+00 -2.2824e+00
162 +2.368886673e+00 +2.368886673e+00 -1.341113327e+00 -1.341113327e+00 +2.1020e+00 -1.9793e+00
1485 +1.560767857e+00 +1.560767857e+00 -2.149232143e+00 -2.149232143e+00 +2.0865e+00 -2.2927e+00
1489 +1.077069182e+00 +1.077069182e+00 -2.632930818e+00 -2.632930818e+00 +2.1132e+00 -2.2993e+00
1698 +5.660928905e-01 +5.660928905e-01 -3.143907109e+00 -3.143907109e+00 +3.0708e+00 -2.3002e+00
1768 +4.623674719e-01 +4.623674719e-01 -3.247632528e+00 -3.247632528e+00 +3.0822e+00 -2.3043e+00
27326 +7.053933764e-02 +7.053933764e-02 -3.639460662e+00 -3.639460662e+00 +3.1019e+00 -2.2967e+00
29675 +3.241423569e-02 +3.241423569e-02 -3.677585764e+00 -3.677585764e+00 +3.1101e+00 -2.2922e+00
% function evaluation | noise-free fitness - Fopt (1.321800000000e+02) | best noise-free fitness - Fopt | measured fitness | best measured fitness | x1 | x2...
1 +5.157176513e+01 +5.157176513e+01 +1.837517651e+02 +1.837517651e+02 +0.0000e+00 +0.0000e+00
98 +4.918416941e+01 +4.918416941e+01 +1.813641694e+02 +1.813641694e+02 +4.4414e+00 +1.4958e+00
99 +4.692424190e+01 +4.692424190e+01 +1.791042419e+02 +1.791042419e+02 +4.1469e+00 +1.6621e+00
102 +2.167081904e+01 +2.167081904e+01 +1.538508190e+02 +1.538508190e+02 +1.7788e+00 +1.6035e+00
112 +1.847001316e+01 +1.847001316e+01 +1.506500132e+02 +1.506500132e+02 +2.0869e+00 +1.4093e+00
123 +1.637179832e+01 +1.637179832e+01 +1.485517983e+02 +1.485517983e+02 +2.1895e+00 +1.4988e+00
126 +8.633911423e+00 +8.633911423e+00 +1.408139114e+02 +1.408139114e+02 +2.0114e+00 +1.4619e+00
128 +5.569441591e+00 +5.569441591e+00 +1.377494416e+02 +1.377494416e+02 +2.6589e+00 +1.4756e+00
140 +4.328849692e+00 +4.328849692e+00 +1.365088497e+02 +1.365088497e+02 +2.7051e+00 +1.5143e+00
272 +3.549176477e+00 +3.549176477e+00 +1.357291765e+02 +1.357291765e+02 +2.7717e+00 +1.5215e+00
284 +2.648705003e+00 +2.648705003e+00 +1.348287050e+02 +1.348287050e+02 +2.7684e+00 +1.5104e+00
296 +1.049100593e+00 +1.049100593e+00 +1.332291006e+02 +1.332291006e+02 +2.7748e+00 +1.4863e+00
314 +1.003492344e+00 +1.003492344e+00 +1.331834923e+02 +1.331834923e+02 +2.7640e+00 +1.4811e+00
324 +9.991185352e-01 +9.991185352e-01 +1.331791185e+02 +1.331791185e+02 +2.7676e+00 +1.4810e+00
3077 +6.696227386e-01 +6.696227386e-01 +1.328496227e+02 +1.328496227e+02 +3.7059e+00 +1.4780e+00
3099 +4.017172579e-01 +4.017172579e-01 +1.325817173e+02 +1.325817173e+02 +3.7373e+00 +1.4938e+00
3164 +2.134164918e-01 +2.134164918e-01 +1.323934165e+02 +1.323934165e+02 +3.7455e+00 +1.4732e+00
3229 +1.516498229e-01 +1.516498229e-01 +1.323316498e+02 +1.323316498e+02 +3.7421e+00 +1.4773e+00
3246 +1.329349182e-03 +1.329349182e-03 +1.321813293e+02 +1.321813293e+02 +3.7614e+00 +1.4825e+00
3306 +1.034906929e-03 +1.034906929e-03 +1.321810349e+02 +1.321810349e+02 +3.7636e+00 +1.4831e+00
3380 +9.593059962e-04 +9.593059962e-04 +1.321809593e+02 +1.321809593e+02 +3.7629e+00 +1.4830e+00
3435 +7.102702263e-04 +7.102702263e-04 +1.321807103e+02 +1.321807103e+02 +3.7620e+00 +1.4824e+00
3444 +6.772915370e-04 +6.772915370e-04 +1.321806773e+02 +1.321806773e+02 +3.7636e+00 +1.4819e+00
3454 +1.168899481e-04 +1.168899481e-04 +1.321801169e+02 +1.321801169e+02 +3.7633e+00 +1.4825e+00
3514 +9.541850503e-05 +9.541850503e-05 +1.321800954e+02 +1.321800954e+02 +3.7633e+00 +1.4824e+00
3523 +8.773397187e-05 +8.773397187e-05 +1.321800877e+02 +1.321800877e+02 +3.7634e+00 +1.4823e+00
3527 +3.978343290e-05 +3.978343290e-05 +1.321800398e+02 +1.321800398e+02 +3.7636e+00 +1.4825e+00
3551 +8.691647480e-06 +8.691647480e-06 +1.321800087e+02 +1.321800087e+02 +3.7638e+00 +1.4824e+00
3570 +1.263257332e-06 +1.263257332e-06 +1.321800013e+02 +1.321800013e+02 +3.7639e+00 +1.4824e+00
3683 +1.144268566e-06 +1.144268566e-06 +1.321800011e+02 +1.321800011e+02 +3.7640e+00 +1.4824e+00
3721 +1.103895414e-06 +1.103895414e-06 +1.321800011e+02 +1.321800011e+02 +3.7639e+00 +1.4824e+00
3758 +1.078288818e-06 +1.078288818e-06 +1.321800011e+02 +1.321800011e+02 +3.7639e+00 +1.4824e+00
3779 +5.831498129e-07 +5.831498129e-07 +1.321800006e+02 +1.321800006e+02 +3.7640e+00 +1.4824e+00
3816 +2.821558098e-07 +2.821558098e-07 +1.321800003e+02 +1.321800003e+02 +3.7640e+00 +1.4824e+00
3826 +1.667288245e-07 +1.667288245e-07 +1.321800002e+02 +1.321800002e+02 +3.7640e+00 +1.4824e+00
3855 +1.145085093e-07 +1.145085093e-07 +1.321800001e+02 +1.321800001e+02 +3.7640e+00 +1.4824e+00
3895 +1.034661068e-07 +1.034661068e-07 +1.321800001e+02 +1.321800001e+02 +3.7640e+00 +1.4824e+00
3897 +6.246008866e-08 +6.246008866e-08 +1.321800001e+02 +1.321800001e+02 +3.7640e+00 +1.4824e+00
3905 +4.380541441e-08 +4.380541441e-08 +1.321800000e+02 +1.321800000e+02 +3.7640e+00 +1.4824e+00
3914 +4.612388693e-09 +4.612388693e-09 +1.321800000e+02 +1.321800000e+02 +3.7640e+00 +1.4824e+00
4481 +0.000000000e+00 +0.000000000e+00 +1.321800000e+02 +1.321800000e+02 +3.7640e+00 +1.4824e+00
% function evaluation | noise-free fitness - Fopt (6.438000000000e+01) | best noise-free fitness - Fopt | measured fitness | best measured fitness | x1 | x2...
1 +1.184269504e+02 +1.184269504e+02 +1.828069504e+02 +1.828069504e+02 +0.0000e+00 +0.0000e+00
2 +2.722079818e+01 +2.722079818e+01 +9.160079818e+01 +9.160079818e+01 -7.3651e-01 +3.2134e+00
23 +2.111015952e+01 +2.111015952e+01 +8.549015952e+01 +8.549015952e+01 -9.6804e-01 +3.2133e+00
35 +1.933579139e+01 +1.933579139e+01 +8.371579139e+01 +8.371579139e+01 -1.6808e-01 +3.2133e+00
45 +1.771630234e+01 +1.771630234e+01 +8.209630234e+01 +8.209630234e+01 -1.4150e-01 +3.2132e+00
52 +1.591512320e+01 +1.591512320e+01 +8.029512320e+01 +8.029512320e+01 -1.0515e-01 +3.2129e+00
53 +1.525386399e+01 +1.525386399e+01 +7.963386399e+01 +7.963386399e+01 +6.6878e-02 +3.2133e+00
56 +1.401146590e+01 +1.401146590e+01 +7.839146590e+01 +7.839146590e+01 -3.9275e-02 +3.2133e+00
161 +1.379640498e+01 +1.379640498e+01 +7.817640498e+01 +7.817640498e+01 -5.4178e-03 +3.2137e+00
168 +1.330834167e+01 +1.330834167e+01 +7.768834167e+01 +7.768834167e+01 -1.4987e-02 +3.2177e+00
174 +1.151462802e+01 +1.151462802e+01 +7.589462802e+01 +7.589462802e+01 -1.4298e-02 +3.2294e+00
183 +8.980027273e+00 +8.980027273e+00 +7.336002727e+01 +7.336002727e+01 -2.1352e-02 +3.2621e+00
1073 +5.975720758e+00 +5.975720758e+00 +7.035572076e+01 +7.035572076e+01 +2.0537e+00 +2.6038e+00
1083 +5.462511284e+00 +5.462511284e+00 +6.984251128e+01 +6.984251128e+01 +1.9501e+00 +2.9598e+00
1086 +2.223187101e+00 +2.223187101e+00 +6.660318710e+01 +6.660318710e+01 +2.0567e+00 +2.9462e+00
3403 +1.121906771e+00 +1.121906771e+00 +6.550190677e+01 +6.550190677e+01 +2.0258e+00 +3.2644e+00
3430 +1.007728784e+00 +1.007728784e+00 +6.538772878e+01 +6.538772878e+01 +2.0442e+00 +3.2664e+00
3591 +9.993936572e-01 +9.993936572e-01 +6.537939366e+01 +6.537939366e+01 +2.0469e+00 +3.2639e+00
24271 +8.633632427e-01 +8.633632427e-01 +6.524336324e+01 +6.524336324e+01 +2.9720e+00 +3.2711e+00
27297 +3.052217100e-01 +3.052217100e-01 +6.468522171e+01 +6.468522171e+01 +3.0033e+00 +3.2650e+00
34713 +2.702736517e-01 +2.702736517e-01 +6.465027365e+01 +6.465027365e+01 +3.0415e+00 +3.2749e+00
44952 +2.214056096e-01 +2.214056096e-01 +6.460140561e+01 +6.460140561e+01 +3.0201e+00 +3.2548e+00
45603 +8.414646679e-02 +8.414646679e-02 +6.446414647e+01 +6.446414647e+01 +3.0201e+00 +3.2658e+00
45640 +1.577250376e-02 +1.577250376e-02 +6.439577250e+01 +6.439577250e+01 +3.0351e+00 +3.2616e+00
45877 +2.718626315e-03 +2.718626315e-03 +6.438271863e+01 +6.438271863e+01 +3.0365e+00 +3.2641e+00
46263 +6.198790397e-04 +6.198790397e-04 +6.438061988e+01 +6.438061988e+01 +3.0402e+00 +3.2639e+00
46339 +3.995607680e-04 +3.995607680e-04 +6.438039956e+01 +6.438039956e+01 +3.0395e+00 +3.2636e+00
46650 +3.879732743e-04 +3.879732743e-04 +6.438038797e+01 +6.438038797e+01 +3.0392e+00 +3.2636e+00
46675 +1.969195721e-04 +1.969195721e-04 +6.438019692e+01 +6.438019692e+01 +3.0391e+00 +3.2642e+00
46701 +1.711793088e-04 +1.711793088e-04 +6.438017118e+01 +6.438017118e+01 +3.0390e+00 +3.2640e+00
46761 +7.270228778e-05 +7.270228778e-05 +6.438007270e+01 +6.438007270e+01 +3.0400e+00 +3.2638e+00
46859 +7.087878642e-05 +7.087878642e-05 +6.438007088e+01 +6.438007088e+01 +3.0396e+00 +3.2639e+00
46915 +2.020903264e-05 +2.020903264e-05 +6.438002021e+01 +6.438002021e+01 +3.0397e+00 +3.2641e+00
46921 +1.046653766e-05 +1.046653766e-05 +6.438001047e+01 +6.438001047e+01 +3.0398e+00 +3.2640e+00
46947 +2.569953935e-06 +2.569953935e-06 +6.438000257e+01 +6.438000257e+01 +3.0399e+00 +3.2640e+00
47045 +2.062662404e-06 +2.062662404e-06 +6.438000206e+01 +6.438000206e+01 +3.0400e+00 +3.2640e+00
47226 +5.147518181e-07 +5.147518181e-07 +6.438000051e+01 +6.438000051e+01 +3.0400e+00 +3.2640e+00
47708 +4.854473730e-07 +4.854473730e-07 +6.438000049e+01 +6.438000049e+01 +3.0400e+00 +3.2640e+00
48002 +3.886367779e-07 +3.886367779e-07 +6.438000039e+01 +6.438000039e+01 +3.0400e+00 +3.2640e+00
48013 +2.427674843e-07 +2.427674843e-07 +6.438000024e+01 +6.438000024e+01 +3.0400e+00 +3.2640e+00
48049 +4.797004749e-08 +4.797004749e-08 +6.438000005e+01 +6.438000005e+01 +3.0400e+00 +3.2640e+00
48238 +4.107647555e-10 +4.107647555e-10 +6.438000000e+01 +6.438000000e+01 +3.0400e+00 +3.2640e+00
49996 +0.000000000e+00 +0.000000000e+00 +6.438000000e+01 +6.438000000e+01 +3.0400e+00 +3.2640e+00
% function evaluation | noise-free fitness - Fopt (2.824800000000e+02) | best noise-free fitness - Fopt | measured fitness | best measured fitness | x1 | x2...
1 +1.401454963e+02 +1.401454963e+02 +4.226254963e+02 +4.226254963e+02 +0.0000e+00 +0.0000e+00
2 +1.050337116e+01 +1.050337116e+01 +2.929833712e+02 +2.929833712e+02 -3.6732e-01 -4.0076e+00
3 +9.335118039e+00 +9.335118039e+00 +2.918151180e+02 +2.918151180e+02 -3.7564e-01 -4.0208e+00
5 +9.101856159e+00 +9.101856159e+00 +2.915818562e+02 +2.915818562e+02 -3.5847e-01 -4.0289e+00
8 +8.528675247e+00 +8.528675247e+00 +2.910086752e+02 +2.910086752e+02 -4.1425e-01 -4.0288e+00
11 +8.464317590e+00 +8.464317590e+00 +2.909443176e+02 +2.909443176e+02 -3.7364e-01 -4.0407e+00
18 +8.135962653e+00 +8.135962653e+00 +2.906159627e+02 +2.906159627e+02 -4.1183e-01 -4.0397e+00
29 +8.039163689e+00 +8.039163689e+00 +2.905191637e+02 +2.905191637e+02 -4.2155e-01 -4.0423e+00
2290 +6.661919692e+00 +6.661919692e+00 +2.891419197e+02 +2.891419197e+02 +5.8651e-01 -2.7778e+00
2303 +5.605481667e+00 +5.605481667e+00 +2.880854817e+02 +2.880854817e+02 +1.4201e+00 -2.7771e+00
2371 +5.401675651e+00 +5.401675651e+00 +2.878816757e+02 +2.878816757e+02 +4.8851e-01 -2.7772e+00
2442 +4.364068379e+00 +4.364068379e+00 +2.868440684e+02 +2.868440684e+02 +1.4779e+00 -2.7847e+00
4829 +3.963211020e+00 +3.963211020e+00 +2.864432110e+02 +2.864432110e+02 +5.4292e-01 -3.0185e+00
5070 +2.854537698e+00 +2.854537698e+00 +2.853345377e+02 +2.853345377e+02 +5.4287e-01 -3.6865e+00
5321 +1.727062784e+00 +1.727062784e+00 +2.842070628e+02 +2.842070628e+02 +1.4326e+00 -3.3425e+00
5522 +1.997622176e-01 +1.997622176e-01 +2.826797622e+02 +2.826797622e+02 +1.5133e+00 -3.3713e+00
53103 +7.159062544e-02 +7.159062544e-02 +2.825515906e+02 +2.825515906e+02 +1.5131e+00 -3.3545e+00
97337 +6.338656625e-02 +6.338656625e-02 +2.825433866e+02 +2.825433866e+02 +1.5154e+00 -3.3662e+00
% function evaluation | noise-free fitness - Fopt (4.826100000000e+02) | best noise-free fitness - Fopt | measured fitness | best measured fitness | x1 | x2...
1 +7.975636174e+01 +7.975636174e+01 +5.623663617e+02 +5.623663617e+02 +0.0000e+00 +0.0000e+00
76 +2.873654734e+01 +2.873654734e+01 +5.113465473e+02 +5.113465473e+02 -1.4377e+00 +2.4304e+00
82 +1.439551252e+01 +1.439551252e+01 +4.970055125e+02 +4.970055125e+02 -2.1904e-01 +2.7734e+00
98 +5.360806670e+00 +5.360806670e+00 +4.879708067e+02 +4.879708067e+02 -2.9889e-01 +2.8751e+00
129 +3.136749399e+00 +3.136749399e+00 +4.857467494e+02 +4.857467494e+02 -2.6754e-01 +2.8574e+00
178 +2.542117668e+00 +2.542117668e+00 +4.851521177e+02 +4.851521177e+02 -2.3392e-01 +2.8719e+00
181 +2.121631016e+00 +2.121631016e+00 +4.847316310e+02 +4.847316310e+02 -2.3215e-01 +2.8569e+00
250 +2.047659341e+00 +2.047659341e+00 +4.846576593e+02 +4.846576593e+02 -2.2166e-01 +2.8610e+00
258 +2.028235604e+00 +2.028235604e+00 +4.846382356e+02 +4.846382356e+02 -2.2382e-01 +2.8567e+00
282 +1.991779930e+00 +1.991779930e+00 +4.846017799e+02 +4.846017799e+02 -2.1616e-01 +2.8566e+00
1005 +1.728002767e+00 +1.728002767e+00 +4.843380028e+02 +4.843380028e+02 -2.3474e-01 +2.5346e+00
1173 +1.621872538e+00 +1.621872538e+00 +4.842318725e+02 +4.842318725e+02 -1.7389e-01 +2.5495e+00
1174 +1.390314069e+00 +1.390314069e+00 +4.840003141e+02 +4.840003141e+02 -1.8608e-01 +2.5440e+00
1564 +1.065583741e+00 +1.065583741e+00 +4.836755837e+02 +4.836755837e+02 -2.0743e-01 +2.5564e+00
1626 +1.019382242e+00 +1.019382242e+00 +4.836293822e+02 +4.836293822e+02 -2.0995e-01 +2.5482e+00
2019 +9.949812901e-01 +9.949812901e-01 +4.836049813e+02 +4.836049813e+02 -2.1384e-01 +2.5512e+00
7227 +5.871062473e-01 +5.871062473e-01 +4.831971062e+02 +4.831971062e+02 +7.6712e-01 +2.5685e+00
14915 +2.203910195e-01 +2.203910195e-01 +4.828303910e+02 +4.828303910e+02 +7.5240e-01 +2.5475e+00
77135 +1.635349862e-01 +1.635349862e-01 +4.827735350e+02 +4.827735350e+02 +7.7863e-01 +2.5416e+00
95369 +5.688282198e-03 +5.688282198e-03 +4.826156883e+02 +4.826156883e+02 +7.8221e-01 +2.5495e+00
% function evaluation | noise-free fitness - Fopt (7.177000000000e+01) | best noise-free fitness - Fopt | measured fitness | best measured fitness | x1 | x2...
1 +5.160352019e+01 +5.160352019e+01 +1.233735202e+02 +1.233735202e+02 +0.0000e+00 +0.0000e+00
4 +5.083886803e+01 +5.083886803e+01 +1.226088680e+02 +1.226088680e+02 -1.8965e-01 +2.6146e+00
13 +4.599334124e+01 +4.599334124e+01 +1.177633412e+02 +1.177633412e+02 -1.6897e-01 +2.5820e+00
28 +4.450381025e+01 +4.450381025e+01 +1.162738103e+02 +1.162738103e+02 -4.8062e-01 +2.5802e+00
30 +3.957977572e+01 +3.957977572e+01 +1.113497757e+02 +1.113497757e+02 -1.2904e-01 +2.5238e+00
32 +3.741008075e+01 +3.741008075e+01 +1.091800807e+02 +1.091800807e+02 -9.9543e-02 +2.5238e+00
33 +3.214320769e+01 +3.214320769e+01 +1.039132077e+02 +1.039132077e+02 +1.0534e-01 +2.6173e+00
36 +2.805170335e+01 +2.805170335e+01 +9.982170335e+01 +9.982170335e+01 +1.6517e-01 +2.5912e+00
55 +2.735994184e+01 +2.735994184e+01 +9.912994184e+01 +9.912994184e+01 +2.2544e-01 +2.5776e+00
57 +2.650579266e+01 +2.650579266e+01 +9.827579266e+01 +9.827579266e+01 +1.4648e-01 +2.5738e+00
58 +1.882498690e+01 +1.882498690e+01 +9.059498690e+01 +9.059498690e+01 +1.4188e-01 +2.4386e+00
59 +1.853873727e+01 +1.853873727e+01 +9.030873727e+01 +9.030873727e+01 +2.6313e-01 +2.4206e+00
63 +1.224792264e+01 +1.224792264e+01 +8.401792264e+01 +8.401792264e+01 +1.3181e-01 +2.1405e+00
84 +1.011415593e+01 +1.011415593e+01 +8.188415593e+01 +8.188415593e+01 +1.5756e-01 +2.0942e+00
92 +9.973982273e+00 +9.973982273e+00 +8.174398227e+01 +8.174398227e+01 +1.6888e-01 +2.0983e+00
1137 +9.591933333e+00 +9.591933333e+00 +8.136193333e+01 +8.136193333e+01 +1.9446e-01 +1.8127e+00
1163 +9.152898298e+00 +9.152898298e+00 +8.092289830e+01 +8.092289830e+01 +1.9195e-01 +1.8032e+00
1260 +9.097674065e+00 +9.097674065e+00 +8.086767406e+01 +8.086767406e+01 +1.7008e-01 +1.8043e+00
1439 +8.817549747e+00 +8.817549747e+00 +8.058754975e+01 +8.058754975e+01 +1.0915e+00 +2.0840e+00
1464 +5.950612242e+00 +5.950612242e+00 +7.772061224e+01 +7.772061224e+01 +2.1235e+00 +1.7756e+00
1532 +5.226813605e+00 +5.226813605e+00 +7.699681360e+01 +7.699681360e+01 +1.2938e+00 +2.0924e+00
1586 +4.998765296e+00 +4.998765296e+00 +7.676876530e+01 +7.676876530e+01 +1.2832e+00 +2.1008e+00
1706 +4.492011562e+00 +4.492011562e+00 +7.626201156e+01 +7.626201156e+01 +1.2596e+00 +1.8125e+00
1894 +4.161310570e+00 +4.161310570e+00 +7.593131057e+01 +7.593131057e+01 +1.2848e+00 +1.8046e+00
2188 +2.478838119e+00 +2.478838119e+00 +7.424883812e+01 +7.424883812e+01 +2.2041e+00 +1.4760e+00
2193 +1.507319675e+00 +1.507319675e+00 +7.327731968e+01 +7.327731968e+01 +3.1875e+00 +1.7710e+00
2684 +1.027901949e+00 +1.027901949e+00 +7.279790195e+01 +7.279790195e+01 +2.2254e+00 +1.7998e+00
2719 +1.000012652e+00 +1.000012652e+00 +7.277001265e+01 +7.277001265e+01 +2.2284e+00 +1.7944e+00
2729 +9.982725636e-01 +9.982725636e-01 +7.276827256e+01 +7.276827256e+01 +2.2256e+00 +1.7950e+00
8668 +5.830766238e-01 +5.830766238e-01 +7.235307662e+01 +7.235307662e+01 +3.1893e+00 +1.8085e+00
8869 +1.305992654e-01 +1.305992654e-01 +7.190059927e+01 +7.190059927e+01 +3.2028e+00 +1.8003e+00
66473 +1.225035755e-01 +1.225035755e-01 +7.189250358e+01 +7.189250358e+01 +3.2245e+00 +1.8036e+00
74010 +5.517173207e-02 +5.517173207e-02 +7.182517173e+01 +7.182517173e+01 +3.2097e+00 +1.7986e+00
75294 +4.661095840e-02 +4.661095840e-02 +7.181661096e+01 +7.181661096e+01 +3.2093e+00 +1.7969e+00
75403 +2.179641664e-02 +2.179641664e-02 +7.179179642e+01 +7.179179642e+01 +3.2159e+00 +1.7981e+00
75406 +1.634663061e-02 +1.634663061e-02 +7.178634663e+01 +7.178634663e+01 +3.2190e+00 +1.7936e+00
75511 +1.334637809e-02 +1.334637809e-02 +7.178334638e+01 +7.178334638e+01 +3.2223e+00 +1.7934e+00
75683 +4.868323260e-03 +4.868323260e-03 +7.177486832e+01 +7.177486832e+01 +3.2198e+00 +1.7966e+00
75950 +3.876716565e-03 +3.876716565e-03 +7.177387672e+01 +7.177387672e+01 +3.2212e+00 +1.7949e+00
76003 +7.470379938e-04 +7.470379938e-04 +7.177074704e+01 +7.177074704e+01 +3.2221e+00 +1.7962e+00
76428 +4.049476312e-04 +4.049476312e-04 +7.177040495e+01 +7.177040495e+01 +3.2226e+00 +1.7961e+00
76444 +3.256374264e-04 +3.256374264e-04 +7.177032564e+01 +7.177032564e+01 +3.2228e+00 +1.7961e+00
76551 +6.416651807e-05 +6.416651807e-05 +7.177006417e+01 +7.177006417e+01 +3.2235e+00 +1.7959e+00
76787 +7.479049046e-06 +7.479049046e-06 +7.177000748e+01 +7.177000748e+01 +3.2238e+00 +1.7960e+00
77277 +7.400506391e-06 +7.400506391e-06 +7.177000740e+01 +7.177000740e+01 +3.2238e+00 +1.7960e+00
77310 +6.454438946e-06 +6.454438946e-06 +7.177000645e+01 +7.177000645e+01 +3.2238e+00 +1.7960e+00
77423 +2.832294825e-06 +2.832294825e-06 +7.177000283e+01 +7.177000283e+01 +3.2239e+00 +1.7960e+00
77647 +9.719984604e-07 +9.719984604e-07 +7.177000097e+01 +7.177000097e+01 +3.2240e+00 +1.7960e+00
77686 +9.351358869e-07 +9.351358869e-07 +7.177000094e+01 +7.177000094e+01 +3.2239e+00 +1.7960e+00
77776 +1.744217570e-07 +1.744217570e-07 +7.177000017e+01 +7.177000017e+01 +3.2240e+00 +1.7960e+00
77964 +1.208050406e-07 +1.208050406e-07 +7.177000012e+01 +7.177000012e+01 +3.2240e+00 +1.7960e+00
78047 +2.944773314e-10 +2.944773314e-10 +7.177000000e+01 +7.177000000e+01 +3.2240e+00 +1.7960e+00
81159 +0.000000000e+00 +0.000000000e+00 +7.177000000e+01 +7.177000000e+01 +3.2240e+00 +1.7960e+00
% function evaluation | noise-free fitness - Fopt (8.448800000000e+02) | best noise-free fitness - Fopt | measured fitness | best measured fitness | x1 | x2...
1 +3.288896396e+01 +3.288896396e+01 +8.777689640e+02 +8.777689640e+02 +0.0000e+00 +0.0000e+00
708 +1.385414441e+01 +1.385414441e+01 +8.587341444e+02 +8.587341444e+02 +1.1913e+00 +1.4596e+00
758 +1.215200238e+01 +1.215200238e+01 +8.570320024e+02 +8.570320024e+02 +2.8982e+00 +5.3456e-01
762 +1.171645690e+01 +1.171645690e+01 +8.565964569e+02 +8.565964569e+02 +1.0307e+00 +2.3410e-01
794 +1.049688391e+01 +1.049688391e+01 +8.553768839e+02 +8.553768839e+02 +2.9117e+00 +5.2435e-01
802 +5.348773225e+00 +5.348773225e+00 +8.502287732e+02 +8.502287732e+02 +2.1151e+00 +1.6002e-01
821 +3.241193255e+00 +3.241193255e+00 +8.481211933e+02 +8.481211933e+02 +3.2493e+00 +5.3884e-01
2559 +1.590572642e+00 +1.590572642e+00 +8.464705726e+02 +8.464705726e+02 +2.1797e+00 +5.1641e-01
2901 +1.380711871e+00 +1.380711871e+00 +8.462607119e+02 +8.462607119e+02 +2.1886e+00 +5.0317e-01
3955 +1.224880765e+00 +1.224880765e+00 +8.461048808e+02 +8.461048808e+02 +2.1582e+00 +5.1319e-01
4023 +1.025722630e+00 +1.025722630e+00 +8.459057226e+02 +8.459057226e+02 +2.1485e+00 +5.0182e-01
4082 +1.007046132e+00 +1.007046132e+00 +8.458870461e+02 +8.458870461e+02 +2.1609e+00 +5.0053e-01
4304 +9.992768955e-01 +9.992768955e-01 +8.458792769e+02 +8.458792769e+02 +2.1604e+00 +5.0242e-01
6498 +5.998291124e-01 +5.998291124e-01 +8.454798291e+02 +8.454798291e+02 +3.1474e+00 +4.8531e-01
11296 +9.363799973e-02 +9.363799973e-02 +8.449736380e+02 +8.449736380e+02 +3.1420e+00 +5.0861e-01
11461 +3.056231342e-02 +3.056231342e-02 +8.449105623e+02 +8.449105623e+02 +3.1464e+00 +4.9921e-01
% function evaluation | noise-free fitness - Fopt (-4.222000000000e+01) | best noise-free fitness - Fopt | measured fitness | best measured fitness | x1 | x2...
1 +1.886396874e+02 +1.886396874e+02 +1.464196874e+02 +1.464196874e+02 +0.0000e+00 +0.0000e+00
34 +1.083150024e+02 +1.083150024e+02 +6.609500239e+01 +6.609500239e+01 +3.4128e-01 -1.3109e+00
48 +6.564638114e+01 +6.564638114e+01 +2.342638114e+01 +2.342638114e+01 +3.4027e-01 -1.8117e+00
53 +5.637422404e+01 +5.637422404e+01 +1.415422404e+01 +1.415422404e+01 +3.3657e-01 -2.3966e+00
58 +5.572937851e+01 +5.572937851e+01 +1.350937851e+01 +1.350937851e+01 +3.3534e-01 -1.9804e+00
59 +3.952977084e+01 +3.952977084e+01 -2.690229163e+00 -2.690229163e+00 +3.3724e-01 -2.7445e+00
61 +3.250348011e+01 +3.250348011e+01 -9.716519894e+00 -9.716519894e+00 +3.3525e-01 -2.9402e+00
63 +2.670549138e+01 +2.670549138e+01 -1.551450862e+01 -1.551450862e+01 +3.3626e-01 -2.9626e+00
64 +1.829845029e+01 +1.829845029e+01 -2.392154971e+01 -2.392154971e+01 +3.3554e-01 -3.6295e+00
102 +1.707477946e+01 +1.707477946e+01 -2.514522054e+01 -2.514522054e+01 +3.3815e-01 -3.9373e+00
433 +1.663978525e+01 +1.663978525e+01 -2.558021475e+01 -2.558021475e+01 +3.4386e-01 -3.9375e+00
439 +1.457179916e+01 +1.457179916e+01 -2.764820084e+01 -2.764820084e+01 +3.7392e-01 -3.9270e+00
445 +4.846341931e+00 +4.846341931e+00 -3.737365807e+01 -3.737365807e+01 +5.2399e-01 -3.6027e+00
459 +4.413023571e+00 +4.413023571e+00 -3.780697643e+01 -3.780697643e+01 +6.3236e-01 -4.2272e+00
2012 +3.980878563e+00 +3.980878563e+00 -3.823912144e+01 -3.823912144e+01 -3.7913e-01 -3.9422e+00
2313 +3.746539655e+00 +3.746539655e+00 -3.847346034e+01 -3.847346034e+01 +5.6975e-01 -3.6001e+00
5351 +2.837940472e+00 +2.837940472e+00 -3.938205953e+01 -3.938205953e+01 +1.4595e+00 -3.9370e+00
6834 +1.597416277e+00 +1.597416277e+00 -4.062258372e+01 -4.062258372e+01 +1.5498e+00 -3.6200e+00
7027 +1.027013204e+00 +1.027013204e+00 -4.119298680e+01 -4.119298680e+01 +1.5660e+00 -3.6369e+00
7299 +2.606602229e-01 +2.606602229e-01 -4.195933978e+01 -4.195933978e+01 +1.5774e+00 -3.9533e+00
7364 +3.962645853e-02 +3.962645853e-02 -4.218037354e+01 -4.218037354e+01 +1.5651e+00 -3.9402e+00
7463 +2.766182352e-02 +2.766182352e-02 -4.219233818e+01 -4.219233818e+01 +1.5730e+00 -3.9382e+00
7537 +2.535901669e-02 +2.535901669e-02 -4.219464098e+01 -4.219464098e+01 +1.5674e+00 -3.9405e+00
7553 +2.254782130e-02 +2.254782130e-02 -4.219745218e+01 -4.219745218e+01 +1.5674e+00 -3.9418e+00
7569 +7.394495673e-04 +7.394495673e-04 -4.221926055e+01 -4.221926055e+01 +1.5765e+00 -3.9414e+00
7821 +3.155247000e-04 +3.155247000e-04 -4.221968448e+01 -4.221968448e+01 +1.5777e+00 -3.9419e+00
7825 +2.664473293e-04 +2.664473293e-04 -4.221973355e+01 -4.221973355e+01 +1.5775e+00 -3.9414e+00
7860 +7.452830571e-05 +7.452830571e-05 -4.221992547e+01 -4.221992547e+01 +1.5779e+00 -3.9415e+00
7917 +3.977535051e-05 +3.977535051e-05 -4.221996022e+01 -4.221996022e+01 +1.5781e+00 -3.9417e+00
7956 +2.923558066e-05 +2.923558066e-05 -4.221997076e+01 -4.221997076e+01 +1.5782e+00 -3.9415e+00
8017 +2.482456635e-05 +2.482456635e-05 -4.221997518e+01 -4.221997518e+01 +1.5781e+00 -3.9416e+00
8025 +2.397567519e-05 +2.397567519e-05 -4.221997602e+01 -4.221997602e+01 +1.5781e+00 -3.9416e+00
8031 +1.333504108e-05 +1.333504108e-05 -4.221998666e+01 -4.221998666e+01 +1.5782e+00 -3.9415e+00
8065 +3.741304184e-06 +3.741304184e-06 -4.221999626e+01 -4.221999626e+01 +1.5784e+00 -3.9416e+00
8175 +1.389337214e-07 +1.389337214e-07 -4.221999986e+01 -4.221999986e+01 +1.5784e+00 -3.9416e+00
8403 +3.434694662e-08 +3.434694662e-08 -4.221999997e+01 -4.221999997e+01 +1.5784e+00 -3.9416e+00
8458 +1.651940096e-08 +1.651940096e-08 -4.221999998e+01 -4.221999998e+01 +1.5784e+00 -3.9416e+00
8470 +9.456023520e-09 +9.456023520e-09 -4.221999999e+01 -4.221999999e+01 +1.5784e+00 -3.9416e+00
9159 +0.000000000e+00 +0.000000000e+00 -4.222000000e+01 -4.222000000e+01 +1.5784e+00 -3.9416e+00
% function evaluation | noise-free fitness - Fopt (-9.179000000000e+01) | best noise-free fitness - Fopt | measured fitness | best measured fitness | x1 | x2...
1 +4.028407187e+01 +4.028407187e+01 -5.150592813e+01 -5.150592813e+01 +0.0000e+00 +0.0000e+00
2 +1.208474686e+01 +1.208474686e+01 -7.970525314e+01 -7.970525314e+01 -1.8881e+00 +7.0105e-01
6 +1.087579966e+01 +1.087579966e+01 -8.091420034e+01 -8.091420034e+01 -1.8919e+00 +6.9013e-01
21 +1.067068419e+01 +1.067068419e+01 -8.111931581e+01 -8.111931581e+01 -1.8797e+00 +6.8770e-01
25 +9.677928017e+00 +9.677928017e+00 -8.211207198e+01 -8.211207198e+01 -1.8968e+00 +6.7762e-01
46 +9.496146558e+00 +9.496146558e+00 -8.229385344e+01 -8.229385344e+01 -1.9271e+00 +6.7484e-01
47 +8.624903031e+00 +8.624903031e+00 -8.316509697e+01 -8.316509697e+01 -1.9101e+00 +6.6297e-01
63 +7.997272724e+00 +7.997272724e+00 -8.379272728e+01 -8.379272728e+01 -1.9149e+00 +6.3656e-01
760 +5.010890127e+00 +5.010890127e+00 -8.677910987e+01 -8.677910987e+01 -1.9218e+00 +1.0169e+00
798 +3.925211057e+00 +3.925211057e+00 -8.786478894e+01 -8.786478894e+01 -9.7808e-01 +1.0426e+00
816 +3.084730480e+00 +3.084730480e+00 -8.870526952e+01 -8.870526952e+01 -1.0129e+00 +1.3169e+00
821 +1.667472282e+00 +1.667472282e+00 -9.012252772e+01 -9.012252772e+01 -9.1786e-01 +1.3420e+00
2819 +3.682095038e-01 +3.682095038e-01 -9.142179050e+01 -9.142179050e+01 +4.1861e-02 +1.3148e+00
31964 +3.353606978e-01 +3.353606978e-01 -9.145463930e+01 -9.145463930e+01 +1.7146e-02 +1.3341e+00
47255 +2.739762504e-01 +2.739762504e-01 -9.151602375e+01 -9.151602375e+01 +2.0574e-02 +1.3226e+00
50997 +1.897950037e-01 +1.897950037e-01 -9.160020500e+01 -9.160020500e+01 +4.4908e-02 +1.3374e+00
% function evaluation | noise-free fitness - Fopt (-1.277000000000e+01) | best noise-free fitness - Fopt | measured fitness | best measured fitness | x1 | x2...
1 +5.534705719e+01 +5.534705719e+01 +4.257705719e+01 +4.257705719e+01 +0.0000e+00 +0.0000e+00
104 +5.167114861e+01 +5.167114861e+01 +3.890114861e+01 +3.890114861e+01 +4.0006e+00 +1.0061e+00
105 +6.086663942e+00 +6.086663942e+00 -6.683336058e+00 -6.683336058e+00 +3.7651e+00 +7.8665e-01
213 +5.691354311e+00 +5.691354311e+00 -7.078645689e+00 -7.078645689e+00 +1.8420e+00 +1.4655e+00
297 +5.553162126e+00 +5.553162126e+00 -7.216837874e+00 -7.216837874e+00 +1.6417e+00 +1.1664e+00
298 +5.147807042e+00 +5.147807042e+00 -7.622192958e+00 -7.622192958e+00 +1.7060e+00 +1.1679e+00
353 +4.530813907e+00 +4.530813907e+00 -8.239186093e+00 -8.239186093e+00 +1.7799e+00 +1.4759e+00
2348 +4.024487877e+00 +4.024487877e+00 -8.745512123e+00 -8.745512123e+00 +3.6587e+00 +2.0531e+00
2484 +3.950982384e+00 +3.950982384e+00 -8.819017616e+00 -8.819017616e+00 +3.5834e+00 +1.4331e+00
2551 +3.731578479e+00 +3.731578479e+00 -9.038421521e+00 -9.038421521e+00 +2.6162e+00 +1.4969e+00
2608 +3.657971660e+00 +3.657971660e+00 -9.112028340e+00 -9.112028340e+00 +2.6055e+00 +1.1552e+00
2628 +3.035615973e+00 +3.035615973e+00 -9.734384027e+00 -9.734384027e+00 +2.7215e+00 +1.7733e+00
2639 +2.763734722e+00 +2.763734722e+00 -1.000626528e+01 -1.000626528e+01 +2.6722e+00 +1.7973e+00
2763 +2.550814629e+00 +2.550814629e+00 -1.021918537e+01 -1.021918537e+01 +2.7165e+00 +1.4508e+00
3272 +2.223933929e+00 +2.223933929e+00 -1.054606607e+01 -1.054606607e+01 +3.6046e+00 +1.4962e+00
3407 +1.470686312e+00 +1.470686312e+00 -1.129931369e+01 -1.129931369e+01 +2.6586e+00 +1.4844e+00
3506 +1.391994549e+00 +1.391994549e+00 -1.137800545e+01 -1.137800545e+01 +2.6471e+00 +1.4591e+00
3532 +1.178144467e+00 +1.178144467e+00 -1.159185553e+01 -1.159185553e+01 +2.6884e+00 +1.4736e+00
3680 +1.132387965e+00 +1.132387965e+00 -1.163761204e+01 -1.163761204e+01 +2.6878e+00 +1.4691e+00
3699 +1.002394673e+00 +1.002394673e+00 -1.176760533e+01 -1.176760533e+01 +2.6653e+00 +1.4705e+00
3795 +9.962069412e-01 +9.962069412e-01 -1.177379306e+01 -1.177379306e+01 +2.6705e+00 +1.4701e+00
5599 +6.383749433e-01 +6.383749433e-01 -1.213162506e+01 -1.213162506e+01 +3.6128e+00 +1.4763e+00
5889 +8.569870619e-02 +8.569870619e-02 -1.268430129e+01 -1.268430129e+01 +3.6633e+00 +1.4627e+00
28765 +5.335916608e-02 +5.335916608e-02 -1.271664083e+01 -1.271664083e+01 +3.6617e+00 +1.4650e+00
29280 +7.136058680e-03 +7.136058680e-03 -1.276286394e+01 -1.276286394e+01 +3.6617e+00 +1.4683e+00
% function evaluation | noise-free fitness - Fopt (-1.000000000000e+03) | best noise-free fitness - Fopt | measured fitness | best measured fitness | x1 | x2...
1 +8.160738273e+01 +8.160738273e+01 -9.183926173e+02 -9.183926173e+02 +0.0000e+00 +0.0000e+00
512 +1.835408936e+01 +1.835408936e+01 -9.816459106e+02 -9.816459106e+02 +6.9744e-01 -3.4572e+00
759 +1.616314895e+01 +1.616314895e+01 -9.838368511e+02 -9.838368511e+02 +8.7576e-01 -2.0959e+00
801 +1.307350982e+01 +1.307350982e+01 -9.869264902e+02 -9.869264902e+02 +1.0940e+00 -2.7240e+00
811 +5.788107994e+00 +5.788107994e+00 -9.942118920e+02 -9.942118920e+02 +9.3996e-01 -2.2427e+00
831 +5.428846662e+00 +5.428846662e+00 -9.945711533e+02 -9.945711533e+02 +9.2567e-01 -2.4372e+00
834 +4.150494822e+00 +4.150494822e+00 -9.958495052e+02 -9.958495052e+02 +8.6576e-01 -3.1109e+00
843 +2.524277138e+00 +2.524277138e+00 -9.974757229e+02 -9.974757229e+02 +9.4569e-01 -2.7679e+00
850 +2.215472876e+00 +2.215472876e+00 -9.977845271e+02 -9.977845271e+02 -6.0538e-02 -2.8077e+00
1136 +1.809339068e+00 +1.809339068e+00 -9.981906609e+02 -9.981906609e+02 +9.1452e-01 -2.8254e+00
1152 +1.572780142e+00 +1.572780142e+00 -9.984272199e+02 -9.984272199e+02 +9.2470e-01 -2.7831e+00
1209 +5.158152968e-01 +5.158152968e-01 -9.994841847e+02 -9.994841847e+02 +9.6429e-01 -2.7903e+00
6409 +2.230379158e-01 +2.230379158e-01 -9.997769621e+02 -9.997769621e+02 +9.5939e-01 -2.8070e+00
14177 +1.644347504e-01 +1.644347504e-01 -9.998355652e+02 -9.998355652e+02 +9.9324e-01 -2.8075e+00
14498 +8.497482601e-02 +8.497482601e-02 -9.999150252e+02 -9.999150252e+02 +9.8097e-01 -2.8099e+00
41589 +4.755813651e-02 +4.755813651e-02 -9.999524419e+02 -9.999524419e+02 +9.7824e-01 -2.8070e+00
84048 +9.249577783e-03 +9.249577783e-03 -9.999907504e+02 -9.999907504e+02 +9.8691e-01 -2.8059e+00
94147 +9.349101415e-04 +9.349101415e-04 -9.999990651e+02 -9.999990651e+02 +9.8957e-01 -2.8046e+00
95323 +7.113556586e-04 +7.113556586e-04 -9.999992886e+02 -9.999992886e+02 +9.8844e-01 -2.8040e+00
95532 +1.069186357e-04 +1.069186357e-04 -9.999998931e+02 -9.999998931e+02 +9.9037e-01 -2.8043e+00
95741 +6.879397608e-05 +6.879397608e-05 -9.999999312e+02 -9.999999312e+02 +9.8989e-01 -2.8039e+00
95749 +1.645296732e-05 +1.645296732e-05 -9.999999835e+02 -9.999999835e+02 +9.9016e-01 -2.8041e+00
96052 +7.201860740e-06 +7.201860740e-06 -9.999999928e+02 -9.999999928e+02 +9.9042e-01 -2.8040e+00
96352 +5.521324510e-06 +5.521324510e-06 -9.999999945e+02 -9.999999945e+02 +9.9029e-01 -2.8040e+00
96361 +4.581328312e-06 +4.581328312e-06 -9.999999954e+02 -9.999999954e+02 +9.9027e-01 -2.8040e+00
96369 +3.903638117e-06 +3.903638117e-06 -9.999999961e+02 -9.999999961e+02 +9.9028e-01 -2.8040e+00
96412 +1.828776931e-06 +1.828776931e-06 -9.999999982e+02 -9.999999982e+02 +9.9033e-01 -2.8040e+00
96446 +1.699792961e-06 +1.699792961e-06 -9.999999983e+02 -9.999999983e+02 +9.9035e-01 -2.8040e+00
96716 +1.522656248e-06 +1.522656248e-06 -9.999999985e+02 -9.999999985e+02 +9.9031e-01 -2.8040e+00
96802 +1.474495548e-07 +1.474495548e-07 -9.999999999e+02 -9.999999999e+02 +9.9040e-01 -2.8040e+00
97044 +1.180677600e-07 +1.180677600e-07 -9.999999999e+02 -9.999999999e+02 +9.9038e-01 -2.8040e+00
97157 +1.166891934e-07 +1.166891934e-07 -9.999999999e+02 -9.999999999e+02 +9.9039e-01 -2.8040e+00
97207 +3.096261025e-09 +3.096261025e-09 -1.000000000e+03 -1.000000000e+03 +9.9040e-01 -2.8040e+00
% function evaluation | noise-free fitness - Fopt (-1.000000000000e+03) | best noise-free fitness - Fopt | measured fitness | best measured fitness | x1 | x2...
1 +1.286834502e+01 +1.286834502e+01 -9.871316550e+02 -9.871316550e+02 +0.0000e+00 +0.0000e+00
62 +9.392261725e+00 +9.392261725e+00 -9.906077383e+02 -9.906077383e+02 +2.2729e+00 +3.1926e-01
64 +7.069538841e+00 +7.069538841e+00 -9.929304612e+02 -9.929304612e+02 +2.1741e+00 +3.1287e-01
70 +3.572375322e+00 +3.572375322e+00 -9.964276247e+02 -9.964276247e+02 +2.2556e+00 +3.4564e-01
73 +3.088161422e+00 +3.088161422e+00 -9.969118386e+02 -9.969118386e+02 +2.1107e+00 +3.3395e-01
86 +1.844414319e+00 +1.844414319e+00 -9.981555857e+02 -9.981555857e+02 +2.1362e+00 +3.4223e-01
96 +1.557838850e+00 +1.557838850e+00 -9.984421611e+02 -9.984421611e+02 +2.1501e+00 +3.4418e-01
98 +1.509872532e+00 +1.509872532e+00 -9.984901275e+02 -9.984901275e+02 +2.1207e+00 +3.5348e-01
104 +1.275346313e+00 +1.275346313e+00 -9.987246537e+02 -9.987246537e+02 +2.1334e+00 +3.5410e-01
110 +1.086296141e+00 +1.086296141e+00 -9.989137039e+02 -9.989137039e+02 +2.1638e+00 +3.5227e-01
124 +1.047031167e+00 +1.047031167e+00 -9.989529688e+02 -9.989529688e+02 +2.1509e+00 +3.5724e-01
137 +1.012940191e+00 +1.012940191e+00 -9.989870598e+02 -9.989870598e+02 +2.1586e+00 +3.5984e-01
165 +9.958624211e-01 +9.958624211e-01 -9.990041376e+02 -9.990041376e+02 +2.1643e+00 +3.5829e-01
1474 +6.220781715e-01 +6.220781715e-01 -9.993779218e+02 -9.993779218e+02 +2.1454e+00 +6.8520e-01
38426 +5.507243635e-01 +5.507243635e-01 -9.994492756e+02 -9.994492756e+02 +2.1168e+00 +6.6406e-01
48025 +4.938853046e-01 +4.938853046e-01 -9.995061147e+02 -9.995061147e+02 +2.1536e+00 +6.8351e-01
50026 +1.493932113e-02 +1.493932113e-02 -9.999850607e+02 -9.999850607e+02 +2.1576e+00 +6.6702e-01
