% function evaluation | noise-free fitness - Fopt (-4.620900000000e+02) | best noise-free fitness - Fopt | measured fitness | best measured fitness | x1 | x2...
1 +7.902572256e+01 +7.902572256e+01 -3.830642774e+02 -3.830642774e+02 +0.0000e+00 +0.0000e+00
118 +5.082452942e+01 +5.082452942e+01 -4.112654706e+02 -4.112654706e+02 -3.3065e+00 +8.2472e-02
128 +2.890782290e+01 +2.890782290e+01 -4.331821771e+02 -4.331821771e+02 -3.3166e+00 +8.2263e-01
133 +1.044284643e+01 +1.044284643e+01 -4.516471536e+02 -4.516471536e+02 -3.3457e+00 +1.6842e+00
135 +6.808067819e+00 +6.808067819e+00 -4.552819322e+02 -4.552819322e+02 -3.3448e+00 +1.6507e+00
158 +3.950294951e+00 +3.950294951e+00 -4.581397050e+02 -4.581397050e+02 -3.3246e+00 +2.3436e+00
191 +2.534858753e+00 +2.534858753e+00 -4.595551412e+02 -4.595551412e+02 -3.3005e+00 +2.6547e+00
212 +1.988173443e+00 +1.988173443e+00 -4.601018266e+02 -4.601018266e+02 -3.3441e+00 +2.2775e+00
239 +1.027805104e+00 +1.027805104e+00 -4.610621949e+02 -4.610621949e+02 -3.3320e+00 +2.2968e+00
1628 +8.404326627e-01 +8.404326627e-01 -4.612495673e+02 -4.612495673e+02 -2.2747e+00 +2.3075e+00
1655 +1.386070601e-01 +1.386070601e-01 -4.619513929e+02 -4.619513929e+02 -2.3412e+00 +2.3089e+00
1758 +1.020674745e-01 +1.020674745e-01 -4.619879325e+02 -4.619879325e+02 -2.3355e+00 +2.3075e+00
1769 +2.607877382e-02 +2.607877382e-02 -4.620639212e+02 -4.620639212e+02 -2.3365e+00 +2.3036e+00
1773 +1.486015368e-02 +1.486015368e-02 -4.620751398e+02 -4.620751398e+02 -2.3346e+00 +2.3020e+00
1786 +1.470796454e-02 +1.470796454e-02 -4.620752920e+02 -4.620752920e+02 -2.3407e+00 +2.2972e+00
1793 +7.051984350e-03 +7.051984350e-03 -4.620829480e+02 -4.620829480e+02 -2.3378e+00 +2.2983e+00
1805 +4.455789946e-03 +4.455789946e-03 -4.620855442e+02 -4.620855442e+02 -2.3395e+00 +2.2986e+00
1816 +8.898601715e-05 +8.898601715e-05 -4.620899110e+02 -4.620899110e+02 -2.3407e+00 +2.3002e+00
1869 +5.759673405e-05 +5.759673405e-05 -4.620899424e+02 -4.620899424e+02 -2.3404e+00 +2.3001e+00
1877 +4.512149320e-05 +4.512149320e-05 -4.620899549e+02 -4.620899549e+02 -2.3405e+00 +2.3001e+00
1903 +7.994399311e-07 +7.994399311e-07 -4.620899992e+02 -4.620899992e+02 -2.3408e+00 +2.3000e+00
1993 +7.442711762e-07 +7.442711762e-07 -4.620899993e+02 -4.620899993e+02 -2.3408e+00 +2.3000e+00
1999 +1.082966605e-07 +1.082966605e-07 -4.620899999e+02 -4.620899999e+02 -2.3408e+00 +2.3000e+00
2002 +6.879383818e-08 +6.879383818e-08 -4.620899999e+02 -4.620899999e+02 -2.3408e+00 +2.3000e+00
2019 +3.722374231e-08 +3.722374231e-08 -4.620900000e+02 -4.620900000e+02 -2.3408e+00 +2.3000e+00
2054 +2.877425231e-08 +2.877425231e-08 -4.620900000e+02 -4.620900000e+02 -2.3408e+00 +2.3000e+00
2055 +1.812418304e-08 +1.812418304e-08 -4.620900000e+02 -4.620900000e+02 -2.3408e+00 +2.3000e+00
2057 +8.212680314e-09 +8.212680314e-09 -4.620900000e+02 -4.620900000e+02 -2.3408e+00 +2.3000e+00
2343 +0.000000000e+00 +0.000000000e+00 -4.620900000e+02 -4.620900000e+02 -2.3408e+00 +2.3000e+00
% function evaluation | noise-free fitness - Fopt (7.766000000000e+01) | best noise-free fitness - Fopt | measured fitness | best measured fitness | x1 | x2...
1 +4.198976989e+01 +4.198976989e+01 +1.196497699e+02 +1.196497699e+02 +0.0000e+00 +0.0000e+00
27 +3.492908427e+01 +3.492908427e+01 +1.125890843e+02 +1.125890843e+02 +2.1528e+00 +6.1952e-01
42 +3.350065727e+01 +3.350065727e+01 +1.111606573e+02 +1.111606573e+02 +2.1940e+00 +5.7728e-01
48 +2.850463957e+01 +2.850463957e+01 +1.061646396e+02 +1.061646396e+02 +2.1617e+00 -6.4866e-01
52 +1.908250852e+01 +1.908250852e+01 +9.674250852e+01 +9.674250852e+01 +2.1468e+00 -1.2262e+00
58 +1.827969160e+01 +1.827969160e+01 +9.593969160e+01 +9.593969160e+01 +2.2072e+00 -5.7651e-02
60 +3.825370852e+00 +3.825370852e+00 +8.148537085e+01 +8.148537085e+01 +2.5192e+00 -5.0433e-01
63 +3.747519377e+00 +3.747519377e+00 +8.140751938e+01 +8.140751938e+01 +2.3723e+00 -1.1328e+00
78 +1.208738866e+00 +1.208738866e+00 +7.886873887e+01 +7.886873887e+01 +2.3853e+00 -4.7704e-01
89 +7.583555636e-02 +7.583555636e-02 +7.773583556e+01 +7.773583556e+01 +2.4122e+00 -8.5996e-01
128 +3.270073163e-02 +3.270073163e-02 +7.769270073e+01 +7.769270073e+01 +2.4103e+00 -8.5435e-01
166 +1.507481815e-02 +1.507481815e-02 +7.767507482e+01 +7.767507482e+01 +2.4022e+00 -8.5855e-01
173 +6.057062198e-03 +6.057062198e-03 +7.766605706e+01 +7.766605706e+01 +2.4034e+00 -8.5529e-01
199 +6.022242830e-03 +6.022242830e-03 +7.766602224e+01 +7.766602224e+01 +2.4017e+00 -8.5746e-01
203 +5.059082017e-03 +5.059082017e-03 +7.766505908e+01 +7.766505908e+01 +2.4013e+00 -8.5445e-01
208 +4.546651138e-03 +4.546651138e-03 +7.766454665e+01 +7.766454665e+01 +2.4023e+00 -8.5517e-01
209 +4.320601410e-03 +4.320601410e-03 +7.766432060e+01 +7.766432060e+01 +2.4005e+00 -8.5455e-01
220 +2.224400924e-03 +2.224400924e-03 +7.766222440e+01 +7.766222440e+01 +2.4016e+00 -8.5548e-01
224 +2.125618880e-03 +2.125618880e-03 +7.766212562e+01 +7.766212562e+01 +2.4015e+00 -8.5650e-01
232 +1.967536303e-03 +1.967536303e-03 +7.766196754e+01 +7.766196754e+01 +2.4014e+00 -8.5643e-01
239 +1.745930394e-03 +1.745930394e-03 +7.766174593e+01 +7.766174593e+01 +2.4015e+00 -8.5572e-01
241 +1.558749582e-03 +1.558749582e-03 +7.766155875e+01 +7.766155875e+01 +2.4015e+00 -8.5595e-01
265 +1.481713264e-03 +1.481713264e-03 +7.766148171e+01 +7.766148171e+01 +2.4014e+00 -8.5593e-01
273 +1.429970146e-03 +1.429970146e-03 +7.766142997e+01 +7.766142997e+01 +2.4012e+00 -8.5580e-01
284 +1.369917561e-03 +1.369917561e-03 +7.766136992e+01 +7.766136992e+01 +2.4012e+00 -8.5587e-01
287 +1.331647309e-03 +1.331647309e-03 +7.766133165e+01 +7.766133165e+01 +2.4011e+00 -8.5595e-01
310 +1.242885201e-03 +1.242885201e-03 +7.766124289e+01 +7.766124289e+01 +2.4006e+00 -8.5573e-01
322 +1.185958941e-03 +1.185958941e-03 +7.766118596e+01 +7.766118596e+01 +2.4006e+00 -8.5614e-01
323 +7.235473510e-04 +7.235473510e-04 +7.766072355e+01 +7.766072355e+01 +2.4002e+00 -8.5585e-01
332 +5.882548805e-04 +5.882548805e-04 +7.766058825e+01 +7.766058825e+01 +2.4001e+00 -8.5574e-01
334 +2.749899551e-04 +2.749899551e-04 +7.766027499e+01 +7.766027499e+01 +2.3995e+00 -8.5594e-01
344 +3.664352701e-05 +3.664352701e-05 +7.766003664e+01 +7.766003664e+01 +2.3987e+00 -8.5611e-01
352 +1.380425809e-05 +1.380425809e-05 +7.766001380e+01 +7.766001380e+01 +2.3986e+00 -8.5606e-01
372 +8.193116003e-06 +8.193116003e-06 +7.766000819e+01 +7.766000819e+01 +2.3985e+00 -8.5605e-01
376 +7.028034162e-06 +7.028034162e-06 +7.766000703e+01 +7.766000703e+01 +2.3985e+00 -8.5605e-01
385 +6.607122202e-06 +6.607122202e-06 +7.766000661e+01 +7.766000661e+01 +2.3984e+00 -8.5605e-01
386 +5.665893198e-06 +5.665893198e-06 +7.766000567e+01 +7.766000567e+01 +2.3985e+00 -8.5603e-01
394 +2.886190927e-06 +2.886190927e-06 +7.766000289e+01 +7.766000289e+01 +2.3985e+00 -8.5603e-01
399 +1.565559486e-06 +1.565559486e-06 +7.766000157e+01 +7.766000157e+01 +2.3984e+00 -8.5603e-01
408 +4.215869467e-07 +4.215869467e-07 +7.766000042e+01 +7.766000042e+01 +2.3984e+00 -8.5600e-01
420 +4.153411624e-07 +4.153411624e-07 +7.766000042e+01 +7.766000042e+01 +2.3984e+00 -8.5601e-01
425 +1.624387380e-07 +1.624387380e-07 +7.766000016e+01 +7.766000016e+01 +2.3984e+00 -8.5600e-01
439 +1.238903167e-07 +1.238903167e-07 +7.766000012e+01 +7.766000012e+01 +2.3984e+00 -8.5601e-01
471 +3.519811287e-08 +3.519811287e-08 +7.766000004e+01 +7.766000004e+01 +2.3984e+00 -8.5600e-01
477 +1.288509566e-08 +1.288509566e-08 +7.766000001e+01 +7.766000001e+01 +2.3984e+00 -8.5600e-01
483 +2.528310006e-09 +2.528310006e-09 +7.766000000e+01 +7.766000000e+01 +2.3984e+00 -8.5600e-01
703 +0.000000000e+00 +0.000000000e+00 +7.766000000e+01 +7.766000000e+01 +2.3984e+00 -8.5600e-01
% function evaluation | noise-free fitness - Fopt (1.156800000000e+02) | best noise-free fitness - Fopt | measured fitness | best measured fitness | x1 | x2...
1 +2.624796943e+01 +2.624796943e+01 +1.419279694e+02 +1.419279694e+02 +0.0000e+00 +0.0000e+00
1500 +2.550112182e+01 +2.550112182e+01 +1.411811218e+02 +1.411811218e+02 +2.8181e+00 -9.6672e-01
1504 +1.644454338e+01 +1.644454338e+01 +1.321245434e+02 +1.321245434e+02 +5.7254e-01 -5.9000e-01
1521 +7.924561158e+00 +7.924561158e+00 +1.236045612e+02 +1.236045612e+02 -1.2939e+00 -1.2902e+00
1627 +5.904103587e+00 +5.904103587e+00 +1.215841036e+02 +1.215841036e+02 -2.3284e+00 -6.4325e-01
1685 +3.774640963e+00 +3.774640963e+00 +1.194546410e+02 +1.194546410e+02 -1.1624e+00 -1.0177e+00
1779 +2.397473390e+00 +2.397473390e+00 +1.180774734e+02 +1.180774734e+02 -1.1959e+00 -6.4259e-01
1936 +2.104533332e+00 +2.104533332e+00 +1.177845333e+02 +1.177845333e+02 -3.1254e+00 -9.9328e-01
1999 +1.088717418e+00 +1.088717418e+00 +1.167687174e+02 +1.167687174e+02 -3.1668e+00 -9.8895e-01
2057 +7.716725336e-01 +7.716725336e-01 +1.164516725e+02 +1.164516725e+02 -2.1225e+00 -9.7621e-01
2068 +7.497794530e-01 +7.497794530e-01 +1.164297795e+02 +1.164297795e+02 -2.2277e+00 -9.7113e-01
2332 +3.265805548e-01 +3.265805548e-01 +1.160065806e+02 +1.160065806e+02 -2.2027e+00 -9.7183e-01
2379 +8.969563496e-02 +8.969563496e-02 +1.157696956e+02 +1.157696956e+02 -2.1996e+00 -9.8422e-01
2395 +4.930445510e-02 +4.930445510e-02 +1.157293045e+02 +1.157293045e+02 -2.1866e+00 -9.7886e-01
2417 +1.777470718e-02 +1.777470718e-02 +1.156977747e+02 +1.156977747e+02 -2.1864e+00 -9.8516e-01
2440 +1.580548357e-02 +1.580548357e-02 +1.156958055e+02 +1.156958055e+02 -2.1874e+00 -9.8220e-01
2442 +1.157775133e-02 +1.157775133e-02 +1.156915778e+02 +1.156915778e+02 -2.1848e+00 -9.8458e-01
2455 +1.049668173e-04 +1.049668173e-04 +1.156801050e+02 +1.156801050e+02 -2.1791e+00 -9.8311e-01
2498 +6.072155728e-06 +6.072155728e-06 +1.156800061e+02 +1.156800061e+02 -2.1784e+00 -9.8325e-01
2613 +5.150584101e-06 +5.150584101e-06 +1.156800052e+02 +1.156800052e+02 -2.1782e+00 -9.8320e-01
2635 +1.479650521e-06 +1.479650521e-06 +1.156800015e+02 +1.156800015e+02 -2.1785e+00 -9.8322e-01
2654 +1.059795807e-08 +1.059795807e-08 +1.156800000e+02 +1.156800000e+02 -2.1784e+00 -9.8320e-01
2788 +7.881297392e-09 +7.881297392e-09 +1.156800000e+02 +1.156800000e+02 -2.1784e+00 -9.8320e-01
3206 +0.000000000e+00 +0.000000000e+00 +1.156800000e+02 +1.156800000e+02 -2.1784e+00 -9.8320e-01
% function evaluation | noise-free fitness - Fopt (-3.710000000000e+00) | best noise-free fitness - Fopt | measured fitness | best measured fitness | x1 | x2...
1 +1.166717340e+02 +1.166717340e+02 +1.129617340e+02 +1.129617340e+02 +0.0000e+00 +0.0000e+00
2 +5.186220097e+01 +5.186220097e+01 +4.815220097e+01 +4.815220097e+01 +4.8977e+00 -3.8037e+00
16 +5.059909941e+01 +5.059909941e+01 +4.688909941e+01 +4.688909941e+01 +4.8926e+00 -3.7960e+00
24 +4.557672194e+01 +4.557672194e+01 +4.186672194e+01 +4.186672194e+01 +4.8962e+00 -3.7671e+00
37 +4.334871572e+01 +4.334871572e+01 +3.963871572e+01 +3.963871572e+01 +4.9523e+00 -3.7798e+00
41 +4.219908335e+01 +4.219908335e+01 +3.848908335e+01 +3.848908335e+01 +4.9167e+00 -3.7284e+00
44 +4.025175617e+01 +4.025175617e+01 +3.654175617e+01 +3.654175617e+01 +4.9500e+00 -3.7529e+00
47 +3.255875606e+01 +3.255875606e+01 +2.884875606e+01 +2.884875606e+01 +4.9351e+00 -3.4624e+00
62 +3.149007178e+01 +3.149007178e+01 +2.778007178e+01 +2.778007178e+01 +4.9430e+00 -3.4676e+00
69 +2.942361756e+01 +2.942361756e+01 +2.571361756e+01 +2.571361756e+01 +4.9486e+00 -2.5088e+00
76 +2.493291599e+01 +2.493291599e+01 +2.122291599e+01 +2.122291599e+01 +4.9634e+00 -2.5283e+00
78 +1.947790039e+01 +1.947790039e+01 +1.576790039e+01 +1.576790039e+01 +4.9509e+00 -2.2394e+00
81 +1.734618668e+01 +1.734618668e+01 +1.363618668e+01 +1.363618668e+01 +4.9426e+00 -2.5845e+00
86 +1.261727630e+01 +1.261727630e+01 +8.907276303e+00 +8.907276303e+00 +4.9859e+00 -2.6023e+00
95 +1.078185238e+01 +1.078185238e+01 +7.071852384e+00 +7.071852384e+00 +5.0128e+00 -2.2610e+00
102 +9.932776033e+00 +9.932776033e+00 +6.222776033e+00 +6.222776033e+00 +5.0911e+00 -2.2258e+00
113 +8.958016992e+00 +8.958016992e+00 +5.248016992e+00 +5.248016992e+00 +5.1298e+00 -2.9555e+00
143 +6.750082784e+00 +6.750082784e+00 +3.040082784e+00 +3.040082784e+00 +5.0935e+00 -2.5815e+00
219 +5.433498388e+00 +5.433498388e+00 +1.723498388e+00 +1.723498388e+00 +5.1458e+00 -1.9191e+00
242 +5.296130972e+00 +5.296130972e+00 +1.586130972e+00 +1.586130972e+00 +5.1428e+00 -1.9446e+00
252 +5.180844967e+00 +5.180844967e+00 +1.470844967e+00 +1.470844967e+00 +5.1354e+00 -1.9468e+00
265 +4.994528271e+00 +4.994528271e+00 +1.284528271e+00 +1.284528271e+00 +5.1261e+00 -1.9372e+00
1311 +4.781844169e+00 +4.781844169e+00 +1.071844169e+00 +1.071844169e+00 +3.1762e+00 -1.9922e+00
1360 +4.642311354e+00 +4.642311354e+00 +9.323113536e-01 +9.323113536e-01 +2.9875e+00 -1.9424e+00
1363 +2.729521467e+00 +2.729521467e+00 -9.804785334e-01 -9.804785334e-01 +3.0385e+00 -1.9010e+00
1681 +2.622174927e+00 +2.622174927e+00 -1.087825073e+00 -1.087825073e+00 +2.1522e+00 -2.6160e+00
1717 +2.513899415e+00 +2.513899415e+00 -1.196100585e+00 -1.196100585e+00 +2.1492e+00 -2.6151e+00
1719 +2.188349197e+00 +2.188349197e+00 -1.521650803e+00 -1.521650803e+00 +2.1282e+00 -2.5965e+00
1745 +2.057846657e+00 +2.057846657e+00 -1.652153343e+00 -1.652153343e+00 +2.1360e+00 -2.6035e+00
1762 +1.995997694e+00 +1.995997694e+00 -1.714002306e+00 -1.714002306e+00 +2.1275e+00 -2.6050e+00
1779 +1.994641553e+00 +1.994641553e+00 -1.715358447e+00 -1.715358447e+00 +2.1236e+00 -2.6064e+00
3539 +1.830708063e+00 +1.830708063e+00 -1.879291937e+00 -1.879291937e+00 +2.1402e+00 -2.2738e+00
3615 +1.650051060e+00 +1.650051060e+00 -2.059948940e+00 -2.059948940e+00 +3.0968e+00 -2.3231e+00
3942 +1.124822776e+00 +1.124822776e+00 -2.585177224e+00 -2.585177224e+00 +3.1723e+00 -2.2771e+00
4037 +7.665389035e-01 +7.665389035e-01 -2.943461097e+00 -2.943461097e+00 +3.1174e+00 -2.2735e+00
4219 +2.309634540e-02 +2.309634540e-02 -3.686903655e+00 -3.686903655e+00 +3.1189e+00 -2.2916e+00
15673 +1.356660152e-02 +1.356660152e-02 -3.696433398e+00 -3.696433398e+00 +3.1257e+00 -2.2972e+00
15691 +1.826543436e-03 +1.826543436e-03 -3.708173457e+00 -3.708173457e+00 +3.1224e+00 -2.2957e+00
15709 +7.734372620e-04 +7.734372620e-04 -3.709226563e+00 -3.709226563e+00 +3.1179e+00 -2.2952e+00
15774 +7.505074847e-04 +7.505074847e-04 -3.709249493e+00 -3.709249493e+00 +3.1191e+00 -2.2957e+00
15800 +7.284728120e-04 +7.284728120e-04 -3.709271527e+00 -3.709271527e+00 +3.1216e+00 -2.2956e+00
15815 +2.650170057e-04 +2.650170057e-04 -3.709734983e+00 -3.709734983e+00 +3.1211e+00 -2.2952e+00
15816 +7.888617744e-05 +7.888617744e-05 -3.709921114e+00 -3.709921114e+00 +3.1202e+00 -2.2954e+00
15876 +5.849188180e-06 +5.849188180e-06 -3.709994151e+00 -3.709994151e+00 +3.1199e+00 -2.2952e+00
16118 +6.079227233e-07 +6.079227233e-07 -3.709999392e+00 -3.709999392e+00 +3.1200e+00 -2.2952e+00
16217 +5.239705856e-07 +5.239705856e-07 -3.709999476e+00 -3.709999476e+00 +3.1200e+00 -2.2952e+00
16288 +2.861326944e-07 +2.861326944e-07 -3.709999714e+00 -3.709999714e+00 +3.1200e+00 -2.2952e+00
16316 +2.029371102e-07 +2.029371102e-07 -3.709999797e+00 -3.709999797e+00 +3.1200e+00 -2.2952e+00
16337 +1.780667001e-07 +1.780667001e-07 -3.709999822e+00 -3.709999822e+00 +3.1200e+00 -2.2952e+00
16369 +1.281135780e-07 +1.281135780e-07 -3.709999872e+00 -3.709999872e+00 +3.1200e+00 -2.2952e+00
16386 +1.052611065e-07 +1.052611065e-07 -3.709999895e+00 -3.709999895e+00 +3.1200e+00 -2.2952e+00
16437 +3.833313489e-08 +3.833313489e-08 -3.709999962e+00 -3.709999962e+00 +3.1200e+00 -2.2952e+00
16453 +1.899337132e-08 +1.899337132e-08 -3.709999981e+00 -3.709999981e+00 +3.1200e+00 -2.2952e+00
16515 +1.448416231e-08 +1.448416231e-08 -3.709999986e+00 -3.709999986e+00 +3.1200e+00 -2.2952e+00
16521 +3.329994502e-09 +3.329994502e-09 -3.709999997e+00 -3.709999997e+00 +3.1200e+00 -2.2952e+00
17486 +0.000000000e+00 +0.000000000e+00 -3.710000000e+00 -3.710000000e+00 +3.1200e+00 -2.2952e+00
% function evaluation | noise-free fitness - Fopt (1.321800000000e+02) | best noise-free fitness - Fopt | measured fitness | best measured fitness | x1 | x2...
1 +5.412066067e+01 +5.412066067e+01 +1.863006607e+02 +1.863006607e+02 +0.0000e+00 +0.0000e+00
1233 +1.599441184e+01 +1.599441184e+01 +1.481744118e+02 +1.481744118e+02 -3.4450e+00 +1.1632e+00
1272 +1.506140270e+01 +1.506140270e+01 +1.472414027e+02 +1.472414027e+02 -3.5937e+00 +2.4669e+00
1276 +1.267026796e+01 +1.267026796e+01 +1.448502680e+02 +1.448502680e+02 -3.6217e+00 +1.4002e+00
1277 +4.228167705e+00 +4.228167705e+00 +1.364081677e+02 +1.364081677e+02 -3.7635e+00 +8.0853e-01
1368 +2.861852785e+00 +2.861852785e+00 +1.350418528e+02 +1.350418528e+02 -3.8478e+00 +1.8111e+00
1397 +1.036557904e+00 +1.036557904e+00 +1.332165579e+02 +1.332165579e+02 -3.7531e+00 +1.8377e+00
1494 +5.542333313e-01 +5.542333313e-01 +1.327342333e+02 +1.327342333e+02 -3.8011e+00 +1.4945e+00
4044 +3.186114090e-01 +3.186114090e-01 +1.324986114e+02 +1.324986114e+02 -3.7968e+00 +1.4755e+00
4698 +2.995863183e-01 +2.995863183e-01 +1.324795863e+02 +1.324795863e+02 -3.7236e+00 +1.4836e+00
4724 +1.089008736e-01 +1.089008736e-01 +1.322889009e+02 +1.322889009e+02 -3.7876e+00 +1.4819e+00
4767 +6.757188988e-02 +6.757188988e-02 +1.322475719e+02 +1.322475719e+02 -3.7550e+00 +1.4882e+00
4788 +6.095514853e-02 +6.095514853e-02 +1.322409551e+02 +1.322409551e+02 -3.7479e+00 +1.4852e+00
4857 +3.514003969e-02 +3.514003969e-02 +1.322151400e+02 +1.322151400e+02 -3.7669e+00 +1.4786e+00
6784 +2.299232907e-02 +2.299232907e-02 +1.322029923e+02 +1.322029923e+02 -3.7724e+00 +1.4799e+00
6800 +1.729302349e-02 +1.729302349e-02 +1.321972930e+02 +1.321972930e+02 -3.7607e+00 +1.4856e+00
7196 +8.965804839e-03 +8.965804839e-03 +1.321889658e+02 +1.321889658e+02 -3.7649e+00 +1.4844e+00
7298 +5.844633915e-03 +5.844633915e-03 +1.321858446e+02 +1.321858446e+02 -3.7690e+00 +1.4822e+00
7325 +3.666591277e-03 +3.666591277e-03 +1.321836666e+02 +1.321836666e+02 -3.7603e+00 +1.4831e+00
7336 +8.127279603e-04 +8.127279603e-04 +1.321808127e+02 +1.321808127e+02 -3.7657e+00 +1.4828e+00
7356 +6.879224971e-04 +6.879224971e-04 +1.321806879e+02 +1.321806879e+02 -3.7622e+00 +1.4822e+00
7364 +3.245825554e-04 +3.245825554e-04 +1.321803246e+02 +1.321803246e+02 -3.7627e+00 +1.4823e+00
7379 +5.051618061e-05 +5.051618061e-05 +1.321800505e+02 +1.321800505e+02 -3.7636e+00 +1.4823e+00
7406 +3.938759519e-05 +3.938759519e-05 +1.321800394e+02 +1.321800394e+02 -3.7636e+00 +1.4824e+00
7440 +2.354916887e-06 +2.354916887e-06 +1.321800024e+02 +1.321800024e+02 -3.7639e+00 +1.4824e+00
7531 +1.869647434e-06 +1.869647434e-06 +1.321800019e+02 +1.321800019e+02 -3.7639e+00 +1.4824e+00
7556 +1.652389727e-06 +1.652389727e-06 +1.321800017e+02 +1.321800017e+02 -3.7639e+00 +1.4824e+00
7559 +1.901599944e-07 +1.901599944e-07 +1.321800002e+02 +1.321800002e+02 -3.7640e+00 +1.4824e+00
7625 +7.293931503e-08 +7.293931503e-08 +1.321800001e+02 +1.321800001e+02 -3.7640e+00 +1.4824e+00
7636 +4.011093324e-08 +4.011093324e-08 +1.321800000e+02 +1.321800000e+02 -3.7640e+00 +1.4824e+00
7675 +3.382561431e-08 +3.382561431e-08 +1.321800000e+02 +1.321800000e+02 -3.7640e+00 +1.4824e+00
7705 +2.553287004e-08 +2.553287004e-08 +1.321800000e+02 +1.321800000e+02 -3.7640e+00 +1.4824e+00
7716 +1.937564775e-09 +1.937564775e-09 +1.321800000e+02 +1.321800000e+02 -3.7640e+00 +1.4824e+00
8257 +0.000000000e+00 +0.000000000e+00 +1.321800000e+02 +1.321800000e+02 -3.7640e+00 +1.4824e+00
% function evaluation | noise-free fitness - Fopt (6.438000000000e+01) | best noise-free fitness - Fopt | measured fitness | best measured fitness | x1 | x2...
1 +1.184269504e+02 +1.184269504e+02 +1.828069504e+02 +1.828069504e+02 +0.0000e+00 +0.0000e+00
2 +5.044766598e+01 +5.044766598e+01 +1.148276660e+02 +1.148276660e+02 -3.0171e+00 +3.9857e+00
3 +4.995883688e+01 +4.995883688e+01 +1.143388369e+02 +1.143388369e+02 -3.0153e+00 +3.9637e+00
12 +4.664846332e+01 +4.664846332e+01 +1.110284633e+02 +1.110284633e+02 -3.0434e+00 +3.8940e+00
51 +4.116073250e+01 +4.116073250e+01 +1.055407325e+02 +1.055407325e+02 -3.1153e+00 +3.6550e+00
54 +3.964824085e+01 +3.964824085e+01 +1.040282409e+02 +1.040282409e+02 -3.2728e+00 +3.6850e+00
62 +3.838931259e+01 +3.838931259e+01 +1.027693126e+02 +1.027693126e+02 -3.1864e+00 +3.6391e+00
63 +3.692369480e+01 +3.692369480e+01 +1.013036948e+02 +1.013036948e+02 -3.3166e+00 +3.6275e+00
654 +3.171142957e+01 +3.171142957e+01 +9.609142957e+01 +9.609142957e+01 +2.0661e+00 +1.8790e+00
678 +6.262434774e+00 +6.262434774e+00 +7.064243477e+01 +7.064243477e+01 +2.0659e+00 +2.6057e+00
730 +6.110548332e+00 +6.110548332e+00 +7.049054833e+01 +7.049054833e+01 +2.0456e+00 +2.9967e+00
758 +5.635238557e+00 +5.635238557e+00 +7.001523856e+01 +7.001523856e+01 +1.9687e+00 +3.5822e+00
784 +3.436694685e+00 +3.436694685e+00 +6.781669469e+01 +6.781669469e+01 +2.0250e+00 +3.6694e+00
798 +2.272319232e+00 +2.272319232e+00 +6.665231923e+01 +6.665231923e+01 +1.9880e+00 +3.2598e+00
808 +1.998521389e+00 +1.998521389e+00 +6.637852139e+01 +6.637852139e+01 +2.0036e+00 +3.2506e+00
823 +1.985664844e+00 +1.985664844e+00 +6.636566484e+01 +6.636566484e+01 +1.9951e+00 +3.2695e+00
881 +1.508086246e+00 +1.508086246e+00 +6.588808625e+01 +6.588808625e+01 +2.0266e+00 +3.2802e+00
2202 +1.309840133e+00 +1.309840133e+00 +6.568984013e+01 +6.568984013e+01 +2.0179e+00 +3.2696e+00
2998 +1.174814420e+00 +1.174814420e+00 +6.555481442e+01 +6.555481442e+01 +4.0499e+00 +3.2581e+00
3385 +7.539595788e-02 +7.539595788e-02 +6.445539596e+01 +6.445539596e+01 +3.0442e+00 +3.2580e+00
11690 +3.891358994e-02 +3.891358994e-02 +6.441891359e+01 +6.441891359e+01 +3.0397e+00 +3.2600e+00
14449 +2.764268934e-02 +2.764268934e-02 +6.440764269e+01 +6.440764269e+01 +3.0348e+00 +3.2608e+00
26623 +1.641679358e-02 +1.641679358e-02 +6.439641679e+01 +6.439641679e+01 +3.0355e+00 +3.2666e+00
29149 +1.818895505e-03 +1.818895505e-03 +6.438181890e+01 +6.438181890e+01 +3.0432e+00 +3.2643e+00
30247 +1.276359942e-03 +1.276359942e-03 +6.438127636e+01 +6.438127636e+01 +3.0386e+00 +3.2647e+00
30814 +1.401870067e-04 +1.401870067e-04 +6.438014019e+01 +6.438014019e+01 +3.0396e+00 +3.2642e+00
31030 +8.737977298e-05 +8.737977298e-05 +6.438008738e+01 +6.438008738e+01 +3.0400e+00 +3.2642e+00
31272 +3.825149187e-05 +3.825149187e-05 +6.438003825e+01 +6.438003825e+01 +3.0404e+00 +3.2640e+00
31335 +3.609334111e-05 +3.609334111e-05 +6.438003609e+01 +6.438003609e+01 +3.0404e+00 +3.2640e+00
31370 +6.985790534e-06 +6.985790534e-06 +6.438000699e+01 +6.438000699e+01 +3.0398e+00 +3.2640e+00
31401 +2.864160862e-06 +2.864160862e-06 +6.438000286e+01 +6.438000286e+01 +3.0400e+00 +3.2640e+00
31490 +2.424586299e-06 +2.424586299e-06 +6.438000242e+01 +6.438000242e+01 +3.0401e+00 +3.2640e+00
31579 +1.765582297e-06 +1.765582297e-06 +6.438000177e+01 +6.438000177e+01 +3.0399e+00 +3.2640e+00
31582 +1.068595580e-06 +1.068595580e-06 +6.438000107e+01 +6.438000107e+01 +3.0400e+00 +3.2640e+00
31649 +1.007722375e-06 +1.007722375e-06 +6.438000101e+01 +6.438000101e+01 +3.0401e+00 +3.2640e+00
31703 +5.598995045e-07 +5.598995045e-07 +6.438000056e+01 +6.438000056e+01 +3.0400e+00 +3.2640e+00
31756 +1.273026697e-07 +1.273026697e-07 +6.438000013e+01 +6.438000013e+01 +3.0400e+00 +3.2640e+00
31857 +1.196859643e-07 +1.196859643e-07 +6.438000012e+01 +6.438000012e+01 +3.0400e+00 +3.2640e+00
31864 +5.651661183e-08 +5.651661183e-08 +6.438000006e+01 +6.438000006e+01 +3.0400e+00 +3.2640e+00
31874 +1.981106834e-08 +1.981106834e-08 +6.438000002e+01 +6.438000002e+01 +3.0400e+00 +3.2640e+00
31889 +9.009397672e-09 +9.009397672e-09 +6.438000001e+01 +6.438000001e+01 +3.0400e+00 +3.2640e+00
33063 +0.000000000e+00 +0.000000000e+00 +6.438000000e+01 +6.438000000e+01 +3.0400e+00 +3.2640e+00
% function evaluation | noise-free fitness - Fopt (2.824800000000e+02) | best noise-free fitness - Fopt | measured fitness | best measured fitness | x1 | x2...
1 +2.740903212e+02 +2.740903212e+02 +5.565703212e+02 +5.565703212e+02 +0.0000e+00 +0.0000e+00
60 +2.290993452e+01 +2.290993452e+01 +3.053899345e+02 +3.053899345e+02 -1.3765e-01 -2.3717e+00
82 +2.071244472e+01 +2.071244472e+01 +3.031924447e+02 +3.031924447e+02 +4.2922e+00 -2.6415e+00
86 +1.964086397e+01 +1.964086397e+01 +3.021208640e+02 +3.021208640e+02 +1.5038e+00 -3.5289e+00
103 +1.744138635e+01 +1.744138635e+01 +2.999213863e+02 +2.999213863e+02 +2.3021e+00 -2.6873e+00
124 +1.466437985e+01 +1.466437985e+01 +2.971443798e+02 +2.971443798e+02 +1.4250e+00 -3.9463e+00
127 +1.361293731e+01 +1.361293731e+01 +2.960929373e+02 +2.960929373e+02 +2.4492e+00 -3.0909e+00
134 +2.662964626e+00 +2.662964626e+00 +2.851429646e+02 +2.851429646e+02 +1.5934e+00 -3.3246e+00
197 +1.529925798e+00 +1.529925798e+00 +2.840099258e+02 +2.840099258e+02 +2.5187e+00 -3.3420e+00
292 +6.070048795e-01 +6.070048795e-01 +2.830870049e+02 +2.830870049e+02 +1.4915e+00 -3.3762e+00
305 +4.399534394e-01 +4.399534394e-01 +2.829199534e+02 +2.829199534e+02 +1.4761e+00 -3.3673e+00
312 +4.305097701e-01 +4.305097701e-01 +2.829105098e+02 +2.829105098e+02 +1.5016e+00 -3.3746e+00
314 +1.287927402e-01 +1.287927402e-01 +2.826087927e+02 +2.826087927e+02 +1.5129e+00 -3.3695e+00
329 +2.331535606e-02 +2.331535606e-02 +2.825033154e+02 +2.825033154e+02 +1.5265e+00 -3.3617e+00
338 +1.872386126e-02 +1.872386126e-02 +2.824987239e+02 +2.824987239e+02 +1.5103e+00 -3.3580e+00
342 +6.430947897e-03 +6.430947897e-03 +2.824864309e+02 +2.824864309e+02 +1.5191e+00 -3.3624e+00
351 +3.131788336e-03 +3.131788336e-03 +2.824831318e+02 +2.824831318e+02 +1.5153e+00 -3.3595e+00
397 +1.940688650e-03 +1.940688650e-03 +2.824819407e+02 +2.824819407e+02 +1.5181e+00 -3.3601e+00
403 +7.583229666e-04 +7.583229666e-04 +2.824807583e+02 +2.824807583e+02 +1.5179e+00 -3.3609e+00
408 +3.250234617e-04 +3.250234617e-04 +2.824803250e+02 +2.824803250e+02 +1.5171e+00 -3.3610e+00
413 +1.013900980e-04 +1.013900980e-04 +2.824801014e+02 +2.824801014e+02 +1.5162e+00 -3.3606e+00
423 +1.000367649e-05 +1.000367649e-05 +2.824800100e+02 +2.824800100e+02 +1.5161e+00 -3.3607e+00
451 +5.051585106e-06 +5.051585106e-06 +2.824800051e+02 +2.824800051e+02 +1.5160e+00 -3.3608e+00
473 +4.007178688e-06 +4.007178688e-06 +2.824800040e+02 +2.824800040e+02 +1.5160e+00 -3.3608e+00
489 +1.359311398e-06 +1.359311398e-06 +2.824800014e+02 +2.824800014e+02 +1.5161e+00 -3.3608e+00
492 +3.634590939e-07 +3.634590939e-07 +2.824800004e+02 +2.824800004e+02 +1.5160e+00 -3.3608e+00
517 +5.973015504e-08 +5.973015504e-08 +2.824800001e+02 +2.824800001e+02 +1.5160e+00 -3.3608e+00
529 +4.204719062e-08 +4.204719062e-08 +2.824800000e+02 +2.824800000e+02 +1.5160e+00 -3.3608e+00
535 +6.497145932e-09 +6.497145932e-09 +2.824800000e+02 +2.824800000e+02 +1.5160e+00 -3.3608e+00
873 +0.000000000e+00 +0.000000000e+00 +2.824800000e+02 +2.824800000e+02 +1.5160e+00 -3.3608e+00
% function evaluation | noise-free fitness - Fopt (4.826100000000e+02) | best noise-free fitness - Fopt | measured fitness | best measured fitness | x1 | x2...
1 +7.975636174e+01 +7.975636174e+01 +5.623663617e+02 +5.623663617e+02 +0.0000e+00 +0.0000e+00
2 +7.056695420e+01 +7.056695420e+01 +5.531769542e+02 +5.531769542e+02 +3.0890e+00 +8.5053e-01
3 +6.853705007e+01 +6.853705007e+01 +5.511470501e+02 +5.511470501e+02 +3.0971e+00 +8.3207e-01
14 +6.655064908e+01 +6.655064908e+01 +5.491606491e+02 +5.491606491e+02 +3.1131e+00 +8.1253e-01
22 +6.540250452e+01 +6.540250452e+01 +5.480125045e+02 +5.480125045e+02 +3.2237e+00 +8.0863e-01
25 +6.159262261e+01 +6.159262261e+01 +5.442026226e+02 +5.442026226e+02 +3.0735e+00 +7.7026e-01
39 +5.082013839e+01 +5.082013839e+01 +5.334301384e+02 +5.334301384e+02 +2.9282e+00 +7.8139e-01
57 +4.940391204e+01 +4.940391204e+01 +5.320139120e+02 +5.320139120e+02 +2.9209e+00 +7.7177e-01
58 +4.159809193e+01 +4.159809193e+01 +5.242080919e+02 +5.242080919e+02 +2.8057e+00 +7.7903e-01
93 +3.982509409e+01 +3.982509409e+01 +5.224350941e+02 +5.224350941e+02 +2.7767e+00 +7.4109e-01
122 +3.980493177e+01 +3.980493177e+01 +5.224149318e+02 +5.224149318e+02 +2.7799e+00 +7.3825e-01
612 +2.512819071e+01 +2.512819071e+01 +5.077381907e+02 +5.077381907e+02 +1.4324e+00 +2.8178e+00
834 +2.429381071e+01 +2.429381071e+01 +5.069038107e+02 +5.069038107e+02 +1.8566e+00 +1.4016e+00
845 +1.280383804e+01 +1.280383804e+01 +4.954138380e+02 +4.954138380e+02 +1.6748e+00 +2.6269e+00
868 +1.245887604e+01 +1.245887604e+01 +4.950688760e+02 +4.950688760e+02 +1.7940e+00 +2.1700e+00
920 +6.057402142e+00 +6.057402142e+00 +4.886674021e+02 +4.886674021e+02 +2.7430e+00 +2.8926e+00
927 +5.247775285e+00 +5.247775285e+00 +4.878577753e+02 +4.878577753e+02 +2.7670e+00 +2.9276e+00
1090 +1.929352125e+00 +1.929352125e+00 +4.845393521e+02 +4.845393521e+02 +7.8357e-01 +2.8763e+00
1534 +1.783858971e+00 +1.783858971e+00 +4.843938590e+02 +4.843938590e+02 +8.4629e-01 +2.9019e+00
1658 +1.708102559e+00 +1.708102559e+00 +4.843181026e+02 +4.843181026e+02 +7.2707e-01 +2.9273e+00
1684 +1.242676624e+00 +1.242676624e+00 +4.838526766e+02 +4.838526766e+02 +7.7131e-01 +2.9323e+00
1946 +1.151588145e+00 +1.151588145e+00 +4.837615881e+02 +4.837615881e+02 +1.7945e+00 +2.5524e+00
1993 +1.142417368e+00 +1.142417368e+00 +4.837524174e+02 +4.837524174e+02 +8.0603e-01 +2.9058e+00
2093 +1.118003110e+00 +1.118003110e+00 +4.837280031e+02 +4.837280031e+02 +8.0189e-01 +2.9220e+00
2292 +5.995546045e-01 +5.995546045e-01 +4.832095546e+02 +4.832095546e+02 +7.4368e-01 +2.5637e+00
2658 +2.367921854e-01 +2.367921854e-01 +4.828467922e+02 +4.828467922e+02 +7.5237e-01 +2.5467e+00
4314 +6.897015167e-02 +6.897015167e-02 +4.826789702e+02 +4.826789702e+02 +7.6389e-01 +2.5510e+00
4386 +2.467626700e-02 +2.467626700e-02 +4.826346763e+02 +4.826346763e+02 +7.7099e-01 +2.5511e+00
4426 +1.135432731e-02 +1.135432731e-02 +4.826213543e+02 +4.826213543e+02 +7.8697e-01 +2.5493e+00
4457 +1.964541120e-03 +1.964541120e-03 +4.826119645e+02 +4.826119645e+02 +7.8040e-01 +2.5504e+00
4462 +1.250327312e-03 +1.250327312e-03 +4.826112503e+02 +4.826112503e+02 +7.8050e-01 +2.5507e+00
4498 +6.484299303e-05 +6.484299303e-05 +4.826100648e+02 +4.826100648e+02 +7.8187e-01 +2.5512e+00
4504 +2.864710706e-05 +2.864710706e-05 +4.826100286e+02 +4.826100286e+02 +7.8258e-01 +2.5513e+00
4579 +1.315728349e-05 +1.315728349e-05 +4.826100132e+02 +4.826100132e+02 +7.8267e-01 +2.5512e+00
4615 +3.356034028e-06 +3.356034028e-06 +4.826100034e+02 +4.826100034e+02 +7.8246e-01 +2.5512e+00
4629 +1.031689351e-06 +1.031689351e-06 +4.826100010e+02 +4.826100010e+02 +7.8243e-01 +2.5512e+00
4678 +7.637757449e-07 +7.637757449e-07 +4.826100008e+02 +4.826100008e+02 +7.8242e-01 +2.5512e+00
4688 +6.696902801e-07 +6.696902801e-07 +4.826100007e+02 +4.826100007e+02 +7.8242e-01 +2.5512e+00
4695 +6.119852856e-07 +6.119852856e-07 +4.826100006e+02 +4.826100006e+02 +7.8243e-01 +2.5512e+00
4696 +4.056902299e-07 +4.056902299e-07 +4.826100004e+02 +4.826100004e+02 +7.8244e-01 +2.5512e+00
4698 +1.693229024e-07 +1.693229024e-07 +4.826100002e+02 +4.826100002e+02 +7.8242e-01 +2.5512e+00
4700 +1.114881343e-08 +1.114881343e-08 +4.826100000e+02 +4.826100000e+02 +7.8240e-01 +2.5512e+00
4755 +4.314188118e-09 +4.314188118e-09 +4.826100000e+02 +4.826100000e+02 +7.8240e-01 +2.5512e+00
5002 +0.000000000e+00 +0.000000000e+00 +4.826100000e+02 +4.826100000e+02 +7.8240e-01 +2.5512e+00
% function evaluation | noise-free fitness - Fopt (7.177000000000e+01) | best noise-free fitness - Fopt | measured fitness | best measured fitness | x1 | x2...
1 +4.920121245e+01 +4.920121245e+01 +1.209712124e+02 +1.209712124e+02 +0.0000e+00 +0.0000e+00
95 +4.283730623e+01 +4.283730623e+01 +1.146073062e+02 +1.146073062e+02 -4.3470e+00 -2.5773e-02
121 +2.818365108e+01 +2.818365108e+01 +9.995365108e+01 +9.995365108e+01 -3.4924e+00 +1.6805e+00
124 +2.137258849e+01 +2.137258849e+01 +9.314258849e+01 +9.314258849e+01 -3.7954e+00 +1.4731e+00
127 +1.659375537e+01 +1.659375537e+01 +8.836375537e+01 +8.836375537e+01 -4.4419e+00 +1.4750e+00
144 +1.352884185e+01 +1.352884185e+01 +8.529884185e+01 +8.529884185e+01 -4.0500e+00 +1.0965e+00
146 +5.863156147e-01 +5.863156147e-01 +7.235631561e+01 +7.235631561e+01 -3.1744e+00 +1.7963e+00
315 +3.154210017e-01 +3.154210017e-01 +7.208542100e+01 +7.208542100e+01 -3.2237e+00 +1.7834e+00
335 +1.497038467e-02 +1.497038467e-02 +7.178497038e+01 +7.178497038e+01 -3.2245e+00 +1.7932e+00
343 +1.070521941e-02 +1.070521941e-02 +7.178070522e+01 +7.178070522e+01 -3.2177e+00 +1.7946e+00
346 +7.971739350e-03 +7.971739350e-03 +7.177797174e+01 +7.177797174e+01 -3.2285e+00 +1.7947e+00
353 +3.620788660e-03 +3.620788660e-03 +7.177362079e+01 +7.177362079e+01 -3.2276e+00 +1.7954e+00
357 +1.189544361e-03 +1.189544361e-03 +7.177118954e+01 +7.177118954e+01 -3.2265e+00 +1.7960e+00
362 +9.017726637e-05 +9.017726637e-05 +7.177009018e+01 +7.177009018e+01 -3.2240e+00 +1.7962e+00
372 +1.124297327e-06 +1.124297327e-06 +7.177000112e+01 +7.177000112e+01 -3.2239e+00 +1.7960e+00
526 +5.951091424e-07 +5.951091424e-07 +7.177000060e+01 +7.177000060e+01 -3.2239e+00 +1.7960e+00
535 +6.246837359e-08 +6.246837359e-08 +7.177000006e+01 +7.177000006e+01 -3.2240e+00 +1.7960e+00
543 +5.677411252e-08 +5.677411252e-08 +7.177000006e+01 +7.177000006e+01 -3.2240e+00 +1.7960e+00
557 +3.694083262e-08 +3.694083262e-08 +7.177000004e+01 +7.177000004e+01 -3.2240e+00 +1.7960e+00
559 +1.450652576e-08 +1.450652576e-08 +7.177000001e+01 +7.177000001e+01 -3.2240e+00 +1.7960e+00
565 +5.890115062e-09 +5.890115062e-09 +7.177000001e+01 +7.177000001e+01 -3.2240e+00 +1.7960e+00
720 +0.000000000e+00 +0.000000000e+00 +7.177000000e+01 +7.177000000e+01 -3.2240e+00 +1.7960e+00
% function evaluation | noise-free fitness - Fopt (8.448800000000e+02) | best noise-free fitness - Fopt | measured fitness | best measured fitness | x1 | x2...
1 +3.288896396e+01 +3.288896396e+01 +8.777689640e+02 +8.777689640e+02 +0.0000e+00 +0.0000e+00
264 +2.079206376e+01 +2.079206376e+01 +8.656720638e+02 +8.656720638e+02 +2.6593e-02 -4.7788e-01
272 +1.658286237e+01 +1.658286237e+01 +8.614628624e+02 +8.614628624e+02 +2.3226e-01 -1.8161e-01
274 +1.570441320e+01 +1.570441320e+01 +8.605844132e+02 +8.605844132e+02 +1.6106e-01 -2.2024e-01
313 +1.345401703e+01 +1.345401703e+01 +8.583340170e+02 +8.583340170e+02 +1.0081e+00 +5.7480e-01
327 +9.092143025e+00 +9.092143025e+00 +8.539721430e+02 +8.539721430e+02 +2.2429e+00 -2.1590e-01
346 +3.180153616e+00 +3.180153616e+00 +8.480601536e+02 +8.480601536e+02 +2.1732e+00 +1.7202e-01
370 +1.439171502e+00 +1.439171502e+00 +8.463191715e+02 +8.463191715e+02 +2.1885e+00 +4.9705e-01
634 +1.271465307e+00 +1.271465307e+00 +8.461514653e+02 +8.461514653e+02 +3.1757e+00 +1.8438e-01
649 +1.017363007e+00 +1.017363007e+00 +8.458973630e+02 +8.458973630e+02 +3.1430e+00 +1.9338e-01
688 +9.989032454e-01 +9.989032454e-01 +8.458789032e+02 +8.458789032e+02 +3.1576e+00 +1.9215e-01
2869 +7.557857638e-01 +7.557857638e-01 +8.456357858e+02 +8.456357858e+02 +3.1159e+00 +5.1958e-01
2908 +2.155344556e-01 +2.155344556e-01 +8.450955345e+02 +8.450955345e+02 +3.1645e+00 +5.1325e-01
2921 +1.247229382e-01 +1.247229382e-01 +8.450047229e+02 +8.450047229e+02 +3.1357e+00 +5.0870e-01
2966 +5.627345657e-02 +5.627345657e-02 +8.449362735e+02 +8.449362735e+02 +3.1499e+00 +4.9763e-01
3006 +3.413219035e-02 +3.413219035e-02 +8.449141322e+02 +8.449141322e+02 +3.1572e+00 +4.9871e-01
3097 +2.543899645e-02 +2.543899645e-02 +8.449054390e+02 +8.449054390e+02 +3.1444e+00 +5.0470e-01
3207 +1.846470536e-02 +1.846470536e-02 +8.448984647e+02 +8.448984647e+02 +3.1569e+00 +5.0571e-01
3221 +1.454728118e-02 +1.454728118e-02 +8.448945473e+02 +8.448945473e+02 +3.1537e+00 +5.0556e-01
3234 +1.043800747e-02 +1.043800747e-02 +8.448904380e+02 +8.448904380e+02 +3.1597e+00 +5.0399e-01
3251 +5.428431161e-03 +5.428431161e-03 +8.448854284e+02 +8.448854284e+02 +3.1589e+00 +5.0248e-01
3264 +3.427568751e-04 +3.427568751e-04 +8.448803428e+02 +8.448803428e+02 +3.1548e+00 +5.0255e-01
3309 +1.253888270e-04 +1.253888270e-04 +8.448801254e+02 +8.448801254e+02 +3.1534e+00 +5.0214e-01
3319 +5.197890016e-05 +5.197890016e-05 +8.448800520e+02 +8.448800520e+02 +3.1531e+00 +5.0236e-01
3365 +3.739617239e-05 +3.739617239e-05 +8.448800374e+02 +8.448800374e+02 +3.1532e+00 +5.0245e-01
3380 +7.691576798e-06 +7.691576798e-06 +8.448800077e+02 +8.448800077e+02 +3.1534e+00 +5.0243e-01
3405 +6.816652217e-06 +6.816652217e-06 +8.448800068e+02 +8.448800068e+02 +3.1534e+00 +5.0237e-01
3459 +2.356667210e-06 +2.356667210e-06 +8.448800024e+02 +8.448800024e+02 +3.1535e+00 +5.0240e-01
3473 +1.055210191e-06 +1.055210191e-06 +8.448800011e+02 +8.448800011e+02 +3.1535e+00 +5.0240e-01
3501 +6.730721225e-07 +6.730721225e-07 +8.448800007e+02 +8.448800007e+02 +3.1535e+00 +5.0240e-01
3527 +5.588342447e-07 +5.588342447e-07 +8.448800006e+02 +8.448800006e+02 +3.1536e+00 +5.0239e-01
3528 +6.548361853e-11 +6.548361853e-11 +8.448800000e+02 +8.448800000e+02 +3.1536e+00 +5.0240e-01
3996 +0.000000000e+00 +0.000000000e+00 +8.448800000e+02 +8.448800000e+02 +3.1536e+00 +5.0240e-01
% function evaluation | noise-free fitness - Fopt (-4.222000000000e+01) | best noise-free fitness - Fopt | measured fitness | best measured fitness | x1 | x2...
1 +4.880507561e+02 +4.880507561e+02 +4.458307561e+02 +4.458307561e+02 +0.0000e+00 +0.0000e+00
2 +1.625271494e+02 +1.625271494e+02 +1.203071494e+02 +1.203071494e+02 +8.3291e-01 -1.3707e+00
9 +1.603837408e+02 +1.603837408e+02 +1.181637408e+02 +1.181637408e+02 +8.1982e-01 -1.3626e+00
19 +1.540011052e+02 +1.540011052e+02 +1.117811052e+02 +1.117811052e+02 +6.9399e-01 -1.3752e+00
24 +1.444264760e+02 +1.444264760e+02 +1.022064760e+02 +1.022064760e+02 +7.5594e-01 -1.4768e+00
32 +1.329364256e+02 +1.329364256e+02 +9.071642560e+01 +9.071642560e+01 +7.2276e-01 -1.4984e+00
43 +1.058630930e+02 +1.058630930e+02 +6.364309300e+01 +6.364309300e+01 +7.0187e-01 -1.6796e+00
46 +4.777373825e+01 +4.777373825e+01 +5.553738249e+00 +5.553738249e+00 +7.7110e-01 -2.3154e+00
55 +3.758363550e+01 +3.758363550e+01 -4.636364499e+00 -4.636364499e+00 +8.4194e-01 -5.0775e+00
60 +3.519210522e+01 +3.519210522e+01 -7.027894779e+00 -7.027894779e+00 +7.2055e-01 -2.3649e+00
61 +1.579884730e+01 +1.579884730e+01 -2.642115270e+01 -2.642115270e+01 +5.2996e-01 -4.0430e+00
71 +1.481295012e+01 +1.481295012e+01 -2.740704988e+01 -2.740704988e+01 +7.0957e-01 -3.3659e+00
84 +8.383862220e+00 +8.383862220e+00 -3.383613778e+01 -3.383613778e+01 +5.3124e-01 -4.2018e+00
107 +1.302451796e+00 +1.302451796e+00 -4.091754820e+01 -4.091754820e+01 +1.5944e+00 -4.2415e+00
2290 +1.208964292e+00 +1.208964292e+00 -4.101103571e+01 -4.101103571e+01 +5.7305e-01 -3.9311e+00
2677 +4.113138764e-01 +4.113138764e-01 -4.180868612e+01 -4.180868612e+01 +1.5819e+00 -3.9557e+00
2877 +1.031726236e-02 +1.031726236e-02 -4.220968274e+01 -4.220968274e+01 +1.5807e+00 -3.9438e+00
3350 +2.489074584e-03 +2.489074584e-03 -4.221751093e+01 -4.221751093e+01 +1.5753e+00 -3.9410e+00
9330 +7.020250054e-04 +7.020250054e-04 -4.221929797e+01 -4.221929797e+01 +1.5796e+00 -3.9411e+00
9356 +3.550404197e-04 +3.550404197e-04 -4.221964496e+01 -4.221964496e+01 +1.5795e+00 -3.9418e+00
9452 +1.080378872e-04 +1.080378872e-04 -4.221989196e+01 -4.221989196e+01 +1.5788e+00 -3.9418e+00
9457 +9.621563191e-05 +9.621563191e-05 -4.221990378e+01 -4.221990378e+01 +1.5778e+00 -3.9415e+00
9492 +9.045926452e-05 +9.045926452e-05 -4.221990954e+01 -4.221990954e+01 +1.5791e+00 -3.9416e+00
9512 +4.051293853e-05 +4.051293853e-05 -4.221995949e+01 -4.221995949e+01 +1.5780e+00 -3.9415e+00
9515 +1.362994463e-05 +1.362994463e-05 -4.221998637e+01 -4.221998637e+01 +1.5787e+00 -3.9416e+00
9524 +8.204933764e-07 +8.204933764e-07 -4.221999918e+01 -4.221999918e+01 +1.5783e+00 -3.9416e+00
9781 +6.376591557e-07 +6.376591557e-07 -4.221999936e+01 -4.221999936e+01 +1.5785e+00 -3.9416e+00
9827 +2.747554646e-07 +2.747554646e-07 -4.221999973e+01 -4.221999973e+01 +1.5784e+00 -3.9416e+00
9866 +1.203868436e-07 +1.203868436e-07 -4.221999988e+01 -4.221999988e+01 +1.5784e+00 -3.9416e+00
9893 +1.133768350e-07 +1.133768350e-07 -4.221999989e+01 -4.221999989e+01 +1.5784e+00 -3.9416e+00
9904 +8.499448256e-09 +8.499448256e-09 -4.221999999e+01 -4.221999999e+01 +1.5784e+00 -3.9416e+00
10509 +0.000000000e+00 +0.000000000e+00 -4.222000000e+01 -4.222000000e+01 +1.5784e+00 -3.9416e+00
% function evaluation | noise-free fitness - Fopt (-9.179000000000e+01) | best noise-free fitness - Fopt | measured fitness | best measured fitness | x1 | x2...
1 +4.038017498e+01 +4.038017498e+01 -5.140982502e+01 -5.140982502e+01 +0.0000e+00 +0.0000e+00
99 +3.680947443e+01 +3.680947443e+01 -5.498052557e+01 -5.498052557e+01 +2.5979e+00 +1.1928e-01
107 +2.968304554e+01 +2.968304554e+01 -6.210695446e+01 -6.210695446e+01 +1.7897e+00 +1.4247e-01
112 +1.697212296e+01 +1.697212296e+01 -7.481787704e+01 -7.481787704e+01 +1.9251e+00 +1.1025e+00
123 +1.471446415e+01 +1.471446415e+01 -7.707553585e+01 -7.707553585e+01 +2.7334e+00 +1.3514e+00
124 +1.399229158e+01 +1.399229158e+01 -7.779770842e+01 -7.779770842e+01 +1.9456e+00 +7.1697e-01
125 +1.310637109e+01 +1.310637109e+01 -7.868362891e+01 -7.868362891e+01 +2.7961e+00 +1.3041e+00
128 +6.178798224e+00 +6.178798224e+00 -8.561120178e+01 -8.561120178e+01 +1.9167e+00 +1.6581e+00
174 +4.738870677e+00 +4.738870677e+00 -8.705112932e+01 -8.705112932e+01 -1.0538e-01 +1.2830e+00
189 +2.582067191e+00 +2.582067191e+00 -8.920793281e+01 -8.920793281e+01 -5.7237e-02 +1.3702e+00
217 +2.259620534e+00 +2.259620534e+00 -8.953037947e+01 -8.953037947e+01 +9.6482e-01 +1.6871e+00
226 +5.411665388e-02 +5.411665388e-02 -9.173588335e+01 -9.173588335e+01 -4.4481e-02 +1.3327e+00
351 +3.963684868e-02 +3.963684868e-02 -9.175036315e+01 -9.175036315e+01 -4.8854e-02 +1.3323e+00
355 +3.790905525e-02 +3.790905525e-02 -9.175209094e+01 -9.175209094e+01 -5.3002e-02 +1.3323e+00
357 +2.059725830e-02 +2.059725830e-02 -9.176940274e+01 -9.176940274e+01 -4.5919e-02 +1.3253e+00
361 +7.682519476e-03 +7.682519476e-03 -9.178231748e+01 -9.178231748e+01 -4.8319e-02 +1.3264e+00
396 +5.351880931e-03 +5.351880931e-03 -9.178464812e+01 -9.178464812e+01 -4.7188e-02 +1.3284e+00
402 +4.742715505e-04 +4.742715505e-04 -9.178952573e+01 -9.178952573e+01 -5.1082e-02 +1.3276e+00
426 +6.606247402e-05 +6.606247402e-05 -9.178993394e+01 -9.178993394e+01 -5.2134e-02 +1.3278e+00
433 +2.212949978e-05 +2.212949978e-05 -9.178997787e+01 -9.178997787e+01 -5.2228e-02 +1.3279e+00
444 +1.298252033e-05 +1.298252033e-05 -9.178998702e+01 -9.178998702e+01 -5.1838e-02 +1.3279e+00
458 +8.418971603e-06 +8.418971603e-06 -9.178999158e+01 -9.178999158e+01 -5.1998e-02 +1.3279e+00
467 +7.363863944e-06 +7.363863944e-06 -9.178999264e+01 -9.178999264e+01 -5.2154e-02 +1.3280e+00
474 +1.544495518e-06 +1.544495518e-06 -9.178999846e+01 -9.178999846e+01 -5.1945e-02 +1.3280e+00
496 +1.872019766e-07 +1.872019766e-07 -9.178999981e+01 -9.178999981e+01 -5.1990e-02 +1.3280e+00
512 +1.334404942e-07 +1.334404942e-07 -9.178999987e+01 -9.178999987e+01 -5.1996e-02 +1.3280e+00
546 +1.164610524e-07 +1.164610524e-07 -9.178999988e+01 -9.178999988e+01 -5.1998e-02 +1.3280e+00
554 +1.085928147e-08 +1.085928147e-08 -9.178999999e+01 -9.178999999e+01 -5.1998e-02 +1.3280e+00
596 +8.586496847e-09 +8.586496847e-09 -9.178999999e+01 -9.178999999e+01 -5.1994e-02 +1.3280e+00
913 +0.000000000e+00 +0.000000000e+00 -9.179000000e+01 -9.179000000e+01 -5.2000e-02 +1.3280e+00
% function evaluation | noise-free fitness - Fopt (-1.277000000000e+01) | best noise-free fitness - Fopt | measured fitness | best measured fitness | x1 | x2...
1 +5.534705719e+01 +5.534705719e+01 +4.257705719e+01 +4.257705719e+01 +0.0000e+00 +0.0000e+00
242 +5.350451497e+01 +5.350451497e+01 +4.073451497e+01 +4.073451497e+01 -3.6308e+00 +7.9283e-01
270 +3.716289158e+01 +3.716289158e+01 +2.439289158e+01 +2.439289158e+01 -1.7031e+00 +7.8880e-01
281 +2.946081062e+01 +2.946081062e+01 +1.669081062e+01 +1.669081062e+01 -1.4921e+00 +7.9250e-01
289 +2.456784866e+01 +2.456784866e+01 +1.179784866e+01 +1.179784866e+01 +2.1973e+00 +7.8662e-01
292 +2.289419221e+01 +2.289419221e+01 +1.012419221e+01 +1.012419221e+01 +5.4364e+00 +7.7845e-01
293 +1.542542451e+01 +1.542542451e+01 +2.655424509e+00 +2.655424509e+00 +4.8060e+00 +7.7619e-01
314 +1.223122395e+01 +1.223122395e+01 -5.387760510e-01 -5.387760510e-01 +1.5088e+00 +7.9575e-01
328 +8.587555681e+00 +8.587555681e+00 -4.182444319e+00 -4.182444319e+00 +1.7020e+00 +7.6210e-01
346 +7.039055573e+00 +7.039055573e+00 -5.730944427e+00 -5.730944427e+00 +2.6020e+00 +7.6892e-01
355 +4.095070264e+00 +4.095070264e+00 -8.674929736e+00 -8.674929736e+00 +3.6805e+00 +7.7538e-01
412 +4.005178809e+00 +4.005178809e+00 -8.764821191e+00 -8.764821191e+00 +3.6673e+00 +7.7822e-01
545 +3.981005310e+00 +3.981005310e+00 -8.788994690e+00 -8.788994690e+00 +3.6650e+00 +7.8147e-01
1430 +2.773499055e+00 +2.773499055e+00 -9.996500945e+00 -9.996500945e+00 +2.6631e+00 +1.1425e+00
1440 +2.453247910e+00 +2.453247910e+00 -1.031675209e+01 -1.031675209e+01 +3.6341e+00 +1.1377e+00
1461 +2.355407315e+00 +2.355407315e+00 -1.041459268e+01 -1.041459268e+01 +3.7164e+00 +1.1768e+00
1669 +2.220017607e+00 +2.220017607e+00 -1.054998239e+01 -1.054998239e+01 +4.6622e+00 +1.1504e+00
1831 +2.164759580e+00 +2.164759580e+00 -1.060524042e+01 -1.060524042e+01 +4.6321e+00 +1.4889e+00
1841 +2.130720211e+00 +2.130720211e+00 -1.063927979e+01 -1.063927979e+01 +4.6992e+00 +1.4588e+00
1888 +1.701435289e+00 +1.701435289e+00 -1.106856471e+01 -1.106856471e+01 +4.6847e+00 +1.4561e+00
2033 +1.187965459e+00 +1.187965459e+00 -1.158203454e+01 -1.158203454e+01 +3.6487e+00 +1.8155e+00
2072 +1.061252714e+00 +1.061252714e+00 -1.170874729e+01 -1.170874729e+01 +3.6807e+00 +1.8369e+00
2076 +1.002799062e+00 +1.002799062e+00 -1.176720094e+01 -1.176720094e+01 +3.6654e+00 +1.8268e+00
2138 +9.951448066e-01 +9.951448066e-01 -1.177485519e+01 -1.177485519e+01 +3.6647e+00 +1.8303e+00
12320 +8.016855463e-01 +8.016855463e-01 -1.196831445e+01 -1.196831445e+01 +3.7301e+00 +1.4763e+00
12992 +7.544735889e-01 +7.544735889e-01 -1.201552641e+01 -1.201552641e+01 +3.6123e+00 +1.4804e+00
13590 +2.689503092e-01 +2.689503092e-01 -1.250104969e+01 -1.250104969e+01 +3.6856e+00 +1.4592e+00
13721 +1.440802110e-01 +1.440802110e-01 -1.262591979e+01 -1.262591979e+01 +3.6498e+00 +1.4623e+00
13745 +9.400732393e-02 +9.400732393e-02 -1.267599268e+01 -1.267599268e+01 +3.6443e+00 +1.4679e+00
13771 +2.167545732e-02 +2.167545732e-02 -1.274832454e+01 -1.274832454e+01 +3.6731e+00 +1.4718e+00
13931 +9.476425108e-03 +9.476425108e-03 -1.276052357e+01 -1.276052357e+01 +3.6607e+00 +1.4712e+00
23746 +5.722553864e-03 +5.722553864e-03 -1.276427745e+01 -1.276427745e+01 +3.6617e+00 +1.4685e+00
24120 +8.858861839e-04 +8.858861839e-04 -1.276911411e+01 -1.276911411e+01 +3.6653e+00 +1.4703e+00
24178 +8.582985351e-04 +8.582985351e-04 -1.276914170e+01 -1.276914170e+01 +3.6648e+00 +1.4702e+00
24355 +4.537768311e-04 +4.537768311e-04 -1.276954622e+01 -1.276954622e+01 +3.6641e+00 +1.4696e+00
24368 +2.508617224e-04 +2.508617224e-04 -1.276974914e+01 -1.276974914e+01 +3.6666e+00 +1.4697e+00
24419 +3.514202993e-05 +3.514202993e-05 -1.276996486e+01 -1.276996486e+01 +3.6660e+00 +1.4696e+00
24549 +3.442187601e-05 +3.442187601e-05 -1.276996558e+01 -1.276996558e+01 +3.6656e+00 +1.4695e+00
24573 +1.753452474e-05 +1.753452474e-05 -1.276998247e+01 -1.276998247e+01 +3.6657e+00 +1.4697e+00
24627 +6.356972936e-06 +6.356972936e-06 -1.276999364e+01 -1.276999364e+01 +3.6658e+00 +1.4696e+00
24686 +6.341553700e-07 +6.341553700e-07 -1.276999937e+01 -1.276999937e+01 +3.6657e+00 +1.4696e+00
24703 +3.600974878e-07 +3.600974878e-07 -1.276999964e+01 -1.276999964e+01 +3.6656e+00 +1.4696e+00
24854 +2.481874262e-08 +2.481874262e-08 -1.276999998e+01 -1.276999998e+01 +3.6656e+00 +1.4696e+00
24936 +5.466922914e-09 +5.466922914e-09 -1.276999999e+01 -1.276999999e+01 +3.6656e+00 +1.4696e+00
26033 +0.000000000e+00 +0.000000000e+00 -1.277000000e+01 -1.277000000e+01 +3.6656e+00 +1.4696e+00
% function evaluation | noise-free fitness - Fopt (-1.000000000000e+03) | best noise-free fitness - Fopt | measured fitness | best measured fitness | x1 | x2...
1 +1.755757851e+02 +1.755757851e+02 -8.244242149e+02 -8.244242149e+02 +0.0000e+00 +0.0000e+00
2 +4.657719011e+01 +4.657719011e+01 -9.534228099e+02 -9.534228099e+02 +4.1468e+00 -2.6362e+00
19 +3.666428069e+01 +3.666428069e+01 -9.633357193e+02 -9.633357193e+02 +4.0519e+00 -2.5416e+00
29 +3.252777564e+01 +3.252777564e+01 -9.674722244e+02 -9.674722244e+02 +4.0995e+00 -2.5190e+00
33 +3.191111290e+01 +3.191111290e+01 -9.680888871e+02 -9.680888871e+02 +4.0980e+00 -2.3657e+00
37 +2.976935457e+01 +2.976935457e+01 -9.702306454e+02 -9.702306454e+02 +4.0959e+00 -2.5033e+00
39 +2.871817540e+01 +2.871817540e+01 -9.712818246e+02 -9.712818246e+02 +4.1722e+00 -2.8258e+00
41 +2.680459767e+01 +2.680459767e+01 -9.731954023e+02 -9.731954023e+02 +4.1009e+00 -2.4664e+00
131 +2.618617103e+01 +2.618617103e+01 -9.738138290e+02 -9.738138290e+02 +3.9999e+00 -2.4487e+00
622 +2.031094754e+01 +2.031094754e+01 -9.796890525e+02 -9.796890525e+02 -3.9746e+00 -3.4127e+00
1744 +2.324542967e+00 +2.324542967e+00 -9.976754570e+02 -9.976754570e+02 +2.7311e-02 -3.1099e+00
1812 +1.241023172e+00 +1.241023172e+00 -9.987589768e+02 -9.987589768e+02 -9.2800e-01 -2.8199e+00
1976 +1.157274505e+00 +1.157274505e+00 -9.988427255e+02 -9.988427255e+02 -9.9999e-01 -2.4587e+00
2278 +1.127461685e+00 +1.127461685e+00 -9.988725383e+02 -9.988725383e+02 -1.0163e+00 -2.4423e+00
2324 +9.986209265e-01 +9.986209265e-01 -9.990013791e+02 -9.990013791e+02 -9.8826e-01 -2.4409e+00
5089 +6.683939177e-01 +6.683939177e-01 -9.993316061e+02 -9.993316061e+02 -1.0060e+00 -2.7838e+00
5129 +6.565465860e-01 +6.565465860e-01 -9.993434534e+02 -9.993434534e+02 -1.0174e+00 -2.8198e+00
5618 +4.807347795e-01 +4.807347795e-01 -9.995192652e+02 -9.995192652e+02 -1.0063e+00 -2.7870e+00
5657 +3.616293086e-01 +3.616293086e-01 -9.996383707e+02 -9.996383707e+02 -1.0062e+00 -2.7903e+00
5692 +3.291794019e-01 +3.291794019e-01 -9.996708206e+02 -9.996708206e+02 -1.0282e+00 -2.8057e+00
5754 +1.176475977e-02 +1.176475977e-02 -9.999882352e+02 -9.999882352e+02 -9.9790e-01 -2.8030e+00
6017 +5.256553864e-03 +5.256553864e-03 -9.999947434e+02 -9.999947434e+02 -9.9509e-01 -2.8042e+00
6329 +3.592703635e-03 +3.592703635e-03 -9.999964073e+02 -9.999964073e+02 -9.9231e-01 -2.8052e+00
6358 +3.740023670e-04 +3.740023670e-04 -9.999996260e+02 -9.999996260e+02 -9.9007e-01 -2.8036e+00
6425 +2.253004088e-04 +2.253004088e-04 -9.999997747e+02 -9.999997747e+02 -9.9035e-01 -2.8037e+00
6435 +1.376530267e-04 +1.376530267e-04 -9.999998623e+02 -9.999998623e+02 -9.9047e-01 -2.8037e+00
6453 +2.457029382e-05 +2.457029382e-05 -9.999999754e+02 -9.999999754e+02 -9.9071e-01 -2.8039e+00
6521 +2.180304534e-05 +2.180304534e-05 -9.999999782e+02 -9.999999782e+02 -9.9037e-01 -2.8039e+00
6529 +2.014269944e-05 +2.014269944e-05 -9.999999799e+02 -9.999999799e+02 -9.9068e-01 -2.8039e+00
6531 +1.893036927e-05 +1.893036927e-05 -9.999999811e+02 -9.999999811e+02 -9.9057e-01 -2.8039e+00
6549 +8.271261777e-06 +8.271261777e-06 -9.999999917e+02 -9.999999917e+02 -9.9052e-01 -2.8040e+00
6555 +7.267358797e-06 +7.267358797e-06 -9.999999927e+02 -9.999999927e+02 -9.9048e-01 -2.8039e+00
6565 +2.707144745e-06 +2.707144745e-06 -9.999999973e+02 -9.999999973e+02 -9.9032e-01 -2.8040e+00
6593 +7.832140909e-07 +7.832140909e-07 -9.999999992e+02 -9.999999992e+02 -9.9046e-01 -2.8040e+00
6637 +7.107822739e-07 +7.107822739e-07 -9.999999993e+02 -9.999999993e+02 -9.9045e-01 -2.8040e+00
6656 +2.878679197e-07 +2.878679197e-07 -9.999999997e+02 -9.999999997e+02 -9.9042e-01 -2.8040e+00
6657 +2.341820391e-07 +2.341820391e-07 -9.999999998e+02 -9.999999998e+02 -9.9043e-01 -2.8040e+00
6679 +1.894766228e-07 +1.894766228e-07 -9.999999998e+02 -9.999999998e+02 -9.9038e-01 -2.8040e+00
6723 +1.262899332e-07 +1.262899332e-07 -9.999999999e+02 -9.999999999e+02 -9.9043e-01 -2.8040e+00
6756 +7.909579836e-08 +7.909579836e-08 -9.999999999e+02 -9.999999999e+02 -9.9041e-01 -2.8040e+00
6758 +6.921561635e-08 +6.921561635e-08 -9.999999999e+02 -9.999999999e+02 -9.9041e-01 -2.8040e+00
6781 +9.208065421e-09 +9.208065421e-09 -1.000000000e+03 -1.000000000e+03 -9.9040e-01 -2.8040e+00
7323 +0.000000000e+00 +0.000000000e+00 -1.000000000e+03 -1.000000000e+03 -9.9040e-01 -2.8040e+00
% function evaluation | noise-free fitness - Fopt (-1.000000000000e+03) | best noise-free fitness - Fopt | measured fitness | best measured fitness | x1 | x2...
1 +1.987631629e+01 +1.987631629e+01 -9.801236837e+02 -9.801236837e+02 +0.0000e+00 +0.0000e+00
124 +5.198964865e+00 +5.198964865e+00 -9.948010351e+02 -9.948010351e+02 -3.0911e+00 +6.3486e-01
130 +2.830178774e+00 +2.830178774e+00 -9.971698212e+02 -9.971698212e+02 -3.0923e+00 +6.6955e-01
346 +2.065399944e+00 +2.065399944e+00 -9.979346001e+02 -9.979346001e+02 -3.1529e+00 +1.0371e+00
360 +2.004254854e+00 +2.004254854e+00 -9.979957451e+02 -9.979957451e+02 -3.1580e+00 +1.0260e+00
384 +1.993890176e+00 +1.993890176e+00 -9.980061098e+02 -9.980061098e+02 -3.1637e+00 +1.0316e+00
1334 +1.820708727e+00 +1.820708727e+00 -9.981792913e+02 -9.981792913e+02 -1.1823e+00 +6.8917e-01
1339 +7.613052299e-02 +7.613052299e-02 -9.999238695e+02 -9.999238695e+02 -2.1768e+00 +6.7412e-01
1469 +4.554407229e-02 +4.554407229e-02 -9.999544559e+02 -9.999544559e+02 -2.1805e+00 +6.6645e-01
1488 +3.113107954e-02 +3.113107954e-02 -9.999688689e+02 -9.999688689e+02 -2.1566e+00 +6.6546e-01
1493 +1.208312406e-02 +1.208312406e-02 -9.999879169e+02 -9.999879169e+02 -2.1746e+00 +6.6866e-01
1504 +7.205957349e-03 +7.205957349e-03 -9.999927940e+02 -9.999927940e+02 -2.1675e+00 +6.6990e-01
1518 +7.001996924e-03 +7.001996924e-03 -9.999929980e+02 -9.999929980e+02 -2.1603e+00 +6.6844e-01
1525 +5.835832714e-03 +5.835832714e-03 -9.999941642e+02 -9.999941642e+02 -2.1613e+00 +6.6751e-01
1537 +2.100883194e-03 +2.100883194e-03 -9.999978991e+02 -9.999978991e+02 -2.1663e+00 +6.6902e-01
1580 +1.518464224e-03 +1.518464224e-03 -9.999984815e+02 -9.999984815e+02 -2.1647e+00 +6.6876e-01
1582 +1.056487187e-03 +1.056487187e-03 -9.999989435e+02 -9.999989435e+02 -2.1676e+00 +6.6866e-01
1585 +7.374064149e-04 +7.374064149e-04 -9.999992626e+02 -9.999992626e+02 -2.1648e+00 +6.6763e-01
1589 +5.021939010e-04 +5.021939010e-04 -9.999994978e+02 -9.999994978e+02 -2.1648e+00 +6.6820e-01
1596 +2.018797795e-04 +2.018797795e-04 -9.999997981e+02 -9.999997981e+02 -2.1656e+00 +6.6824e-01
1601 +5.376881973e-05 +5.376881973e-05 -9.999999462e+02 -9.999999462e+02 -2.1659e+00 +6.6802e-01
1632 +1.138869334e-05 +1.138869334e-05 -9.999999886e+02 -9.999999886e+02 -2.1661e+00 +6.6799e-01
1661 +8.099560091e-06 +8.099560091e-06 -9.999999919e+02 -9.999999919e+02 -2.1666e+00 +6.6800e-01
1666 +2.904723374e-06 +2.904723374e-06 -9.999999971e+02 -9.999999971e+02 -2.1664e+00 +6.6796e-01
1709 +1.295459242e-06 +1.295459242e-06 -9.999999987e+02 -9.999999987e+02 -2.1665e+00 +6.6802e-01
1729 +9.570034081e-07 +9.570034081e-07 -9.999999990e+02 -9.999999990e+02 -2.1665e+00 +6.6799e-01
1738 +3.879736141e-07 +3.879736141e-07 -9.999999996e+02 -9.999999996e+02 -2.1664e+00 +6.6800e-01
1765 +5.704191608e-08 +5.704191608e-08 -9.999999999e+02 -9.999999999e+02 -2.1664e+00 +6.6801e-01
1816 +4.604407877e-08 +4.604407877e-08 -1.000000000e+03 -1.000000000e+03 -2.1664e+00 +6.6800e-01
1821 +1.424643870e-08 +1.424643870e-08 -1.000000000e+03 -1.000000000e+03 -2.1664e+00 +6.6800e-01
1865 +6.570303412e-09 +6.570303412e-09 -1.000000000e+03 -1.000000000e+03 -2.1664e+00 +6.6800e-01
2102 +0.000000000e+00 +0.000000000e+00 -1.000000000e+03 -1.000000000e+03 -2.1664e+00 +6.6800e-01
