% function evaluation | noise-free fitness - Fopt (-4.620900000000e+02) | best noise-free fitness - Fopt | measured fitness | best measured fitness | x1 | x2...
1 +2.351050127e+02 +2.351050127e+02 -2.269849873e+02 -2.269849873e+02 +0.0000e+00 +0.0000e+00 +0.0000e+00 +0.0000e+00 +0.0000e+00 +0.0000e+00 +0.0000e+00 +0.0000e+00 +0.0000e+00 +0.0000e+00
1004 +2.161238113e+02 +2.161238113e+02 -2.459661887e+02 -2.459661887e+02 -4.0962e+00 -3.0438e+00 -1.8041e+00 -2.0421e+00 +1.4387e+00 +1.6004e+00 +7.5281e-01 +3.3200e+00 +1.4681e+00 -2.5162e+00
1110 +1.812153454e+02 +1.812153454e+02 -2.808746546e+02 -2.808746546e+02 -4.3918e+00 -3.0640e+00 +6.6428e-01 -2.0220e+00 +2.2290e+00 +3.7069e+00 +8.0044e-01 +3.4006e+00 +2.5993e+00 -2.5169e+00
1337 +1.725354127e+02 +1.725354127e+02 -2.895545873e+02 -2.895545873e+02 -2.5153e+00 -3.0813e+00 +6.2544e-01 -1.1784e+00 +4.0734e+00 +2.7755e+00 +1.7036e+00 +2.6362e+00 +1.4891e+00 -2.4874e+00
1600 +1.565600134e+02 +1.565600134e+02 -3.055299866e+02 -3.055299866e+02 -2.4574e+00 -3.3105e+00 +3.8768e+00 -1.4084e+00 +2.4666e+00 +2.1566e+00 +2.5637e+00 +2.2944e+00 +1.7437e+00 -2.4610e+00
1986 +1.483501041e+02 +1.483501041e+02 -3.137398959e+02 -3.137398959e+02 -3.3232e+00 -3.3609e+00 +8.3100e-01 -1.2958e+00 +1.6553e+00 +1.0732e+00 +1.9350e+00 +2.2227e+00 +1.3102e+00 -2.2234e+00
2078 +1.357669938e+02 +1.357669938e+02 -3.263230062e+02 -3.263230062e+02 -2.4538e+00 -1.8287e+00 +2.8751e+00 -3.7042e-01 +1.3665e+00 +2.4173e+00 +2.5700e+00 +1.7320e+00 +7.3081e-02 -6.4917e-01
2260 +1.247048467e+02 +1.247048467e+02 -3.373851533e+02 -3.373851533e+02 -3.3566e+00 -2.9843e+00 +2.3371e+00 -4.8180e-01 +2.1477e+00 +2.2596e+00 +2.5413e+00 +2.2500e+00 +1.5440e+00 -1.4978e+00
2407 +1.029630499e+02 +1.029630499e+02 -3.591269501e+02 -3.591269501e+02 -3.2993e+00 -2.8412e+00 +2.1357e+00 -5.2563e-01 +2.3585e+00 +2.2489e+00 +2.5839e+00 +2.4367e+00 +7.2577e-01 +3.0513e-01
2593 +7.787942111e+01 +7.787942111e+01 -3.842105789e+02 -3.842105789e+02 -3.3868e+00 -2.9339e+00 +2.1653e+00 +1.4801e+00 +3.1044e+00 +2.6855e+00 +2.0379e+00 +3.0134e+00 +2.0845e+00 +1.0174e-01
2932 +7.289679647e+01 +7.289679647e+01 -3.891932035e+02 -3.891932035e+02 -2.3347e+00 -1.2517e-01 +2.9686e+00 +2.0071e-01 +2.9666e+00 +2.0197e+00 +2.4927e+00 +2.6538e+00 +1.6910e+00 +4.1882e-02
3476 +7.117385764e+01 +7.117385764e+01 -3.909161424e+02 -3.909161424e+02 -3.3343e+00 +3.5296e+00 +3.1018e+00 +7.3919e-02 +3.1437e+00 +1.7543e+00 +2.5008e+00 +2.1062e+00 +2.2937e+00 -2.8641e-01
3833 +6.671045805e+01 +6.671045805e+01 -3.953795419e+02 -3.953795419e+02 -1.4400e+00 +2.5056e+00 +1.3881e+00 +1.4375e+00 +2.1908e+00 +2.2021e+00 +2.3274e+00 +3.1240e+00 +1.7669e+00 -5.5306e-01
3981 +5.351058167e+01 +5.351058167e+01 -4.085794183e+02 -4.085794183e+02 -2.3453e+00 +3.5922e+00 +2.8021e+00 +1.5262e+00 +1.8252e+00 +2.1972e+00 +2.1157e+00 +2.1844e+00 +2.4522e+00 +4.7592e-01
5523 +4.821249793e+01 +4.821249793e+01 -4.138775021e+02 -4.138775021e+02 -3.1782e+00 +1.4681e+00 +2.1609e+00 +6.8733e-01 +2.4876e+00 +2.1866e+00 +2.5161e+00 +2.5065e+00 +2.0986e+00 +4.6623e-01
5879 +4.059534001e+01 +4.059534001e+01 -4.214946600e+02 -4.214946600e+02 -2.5193e+00 +2.3887e+00 +2.2495e+00 +1.9431e-01 +2.2343e+00 +1.8069e+00 +2.5871e+00 +2.1837e+00 +1.8587e+00 +8.8624e-02
6635 +3.718311173e+01 +3.718311173e+01 -4.249068883e+02 -4.249068883e+02 +5.7270e-01 +2.2111e+00 +2.1950e+00 +1.5552e+00 +2.2459e+00 +2.3039e+00 +2.5332e+00 +2.6254e+00 +1.7485e+00 -3.0558e-01
17473 +3.399865820e+01 +3.399865820e+01 -4.280913418e+02 -4.280913418e+02 -2.2750e+00 +3.1864e+00 +2.3095e+00 -6.3522e-01 +2.2036e+00 +2.6875e+00 +2.6206e+00 +2.6129e+00 +2.1380e+00 -2.8000e-01
22279 +3.238620455e+01 +3.238620455e+01 -4.297037954e+02 -4.297037954e+02 -1.3493e+00 +8.6462e-01 +2.2314e+00 -6.2266e-02 +2.2153e+00 +1.5165e+00 +2.0705e+00 +2.1704e+00 +1.4381e+00 +7.0586e-01
53748 +3.110416633e+01 +3.110416633e+01 -4.309858337e+02 -4.309858337e+02 -4.3132e+00 +2.1748e+00 +2.2146e+00 +1.2387e-02 +1.6922e+00 +1.7074e+00 +2.5386e+00 +2.9339e+00 +1.8494e+00 +1.1510e-02
201081 +2.186126359e+01 +2.186126359e+01 -4.402287364e+02 -4.402287364e+02 -2.4254e+00 +3.2010e+00 +2.1658e+00 +1.5726e+00 +2.3401e+00 +2.2560e+00 +2.1139e+00 +2.2221e+00 +1.8016e+00 +3.3776e-01
252565 +2.129066045e+01 +2.129066045e+01 -4.407993396e+02 -4.407993396e+02 -3.2646e+00 +1.4286e+00 +2.2465e+00 +6.8781e-01 +2.4074e+00 +2.1950e+00 +2.1676e+00 +2.6165e+00 +2.1577e+00 +3.8043e-02
% function evaluation | noise-free fitness - Fopt (7.766000000000e+01) | best noise-free fitness - Fopt | measured fitness | best measured fitness | x1 | x2...
1 +5.704655230e+02 +5.704655230e+02 +6.481255230e+02 +6.481255230e+02 +0.0000e+00 +0.0000e+00 +0.0000e+00 +0.0000e+00 +0.0000e+00 +0.0000e+00 +0.0000e+00 +0.0000e+00 +0.0000e+00 +0.0000e+00
159 +5.593645543e+02 +5.593645543e+02 +6.370245543e+02 +6.370245543e+02 -1.9730e+00 +4.5736e+00 +9.8163e-01 -2.3529e+00 -2.0640e+00 +4.2612e+00 -2.7111e+00 +3.1904e+00 +1.2629e+00 -3.8978e+00
217 +5.466743861e+02 +5.466743861e+02 +6.243343861e+02 +6.243343861e+02 -1.8981e+00 +4.5701e+00 +9.5517e-01 -2.3544e+00 -2.0600e+00 +4.2283e+00 -2.7188e+00 +3.1822e+00 +1.3199e+00 -3.7925e+00
235 +5.321678266e+02 +5.321678266e+02 +6.098278266e+02 +6.098278266e+02 -1.9419e+00 +4.5661e+00 +9.6239e-01 -2.3605e+00 -2.0644e+00 +4.2008e+00 -2.7238e+00 +2.9176e+00 +1.3432e+00 -3.7650e+00
279 +5.204456182e+02 +5.204456182e+02 +5.981056182e+02 +5.981056182e+02 -1.8740e+00 +4.5722e+00 +9.2533e-01 -2.3508e+00 -2.0586e+00 +4.1957e+00 -2.7339e+00 +3.2134e+00 +1.2061e+00 -3.7849e+00
349 +5.114269869e+02 +5.114269869e+02 +5.890869869e+02 +5.890869869e+02 -1.9126e+00 +4.5884e+00 +8.8954e-01 -2.3485e+00 -2.0605e+00 +3.8894e+00 -2.7077e+00 +3.2465e+00 +1.2541e+00 -3.7933e+00
463 +4.743274185e+02 +4.743274185e+02 +5.519874185e+02 +5.519874185e+02 -1.7985e+00 +4.6966e+00 +8.6435e-01 -2.3444e+00 -2.1118e+00 +3.9112e+00 -2.6488e+00 +2.6625e+00 +1.3458e+00 -3.8208e+00
510 +4.111597525e+02 +4.111597525e+02 +4.888197525e+02 +4.888197525e+02 -1.6707e+00 +4.6271e+00 +8.0918e-01 -2.3392e+00 -2.1583e+00 +3.8846e+00 -2.7259e+00 +2.1885e+00 +1.0427e+00 -3.8621e+00
574 +4.063462716e+02 +4.063462716e+02 +4.840062716e+02 +4.840062716e+02 -1.6015e+00 +4.6538e+00 +9.2109e-01 -2.3374e+00 -2.0875e+00 +3.1722e+00 -2.7236e+00 +2.6367e+00 +5.8255e-01 -4.0430e+00
583 +3.932070767e+02 +3.932070767e+02 +4.708670767e+02 +4.708670767e+02 -1.7693e+00 +4.5181e+00 +9.2278e-01 -2.3418e+00 -2.0733e+00 +3.4068e+00 -2.7189e+00 +1.9183e+00 +1.3444e-01 -4.0501e+00
590 +3.736622567e+02 +3.736622567e+02 +4.513222567e+02 +4.513222567e+02 -1.6541e+00 +4.4944e+00 +1.5831e+00 -2.3304e+00 -1.9605e+00 +3.3697e+00 -2.7422e+00 +2.0214e+00 +8.7078e-01 -3.6707e+00
602 +3.708755502e+02 +3.708755502e+02 +4.485355502e+02 +4.485355502e+02 -1.6538e+00 +4.6529e+00 +1.0544e+00 -2.1805e+00 -1.8819e+00 +3.3494e+00 -2.7255e+00 +1.8642e+00 +1.0489e+00 -3.9011e+00
616 +3.387021388e+02 +3.387021388e+02 +4.163621388e+02 +4.163621388e+02 -1.6613e+00 +4.6628e+00 +9.6357e-01 -2.3602e+00 -2.1921e+00 +2.4724e+00 -2.8307e+00 +1.0193e+00 +1.1251e+00 -3.9886e+00
657 +3.306637886e+02 +3.306637886e+02 +4.083237886e+02 +4.083237886e+02 -1.7805e+00 +4.6720e+00 +9.1377e-01 -2.2839e+00 -2.0288e+00 +2.7065e+00 -2.7353e+00 +1.7052e+00 +8.4759e-01 -4.5989e+00
663 +2.960672756e+02 +2.960672756e+02 +3.737272756e+02 +3.737272756e+02 -1.6119e+00 +4.6332e+00 +9.2612e-01 -2.3376e+00 -1.9939e+00 +2.4068e+00 -2.6308e+00 +1.0776e+00 +8.6828e-01 -3.9212e+00
684 +2.826063098e+02 +2.826063098e+02 +3.602663098e+02 +3.602663098e+02 -1.7170e+00 +4.6267e+00 +9.3941e-01 -2.3429e+00 -2.0336e+00 +2.8289e+00 +1.0699e+00 +7.0268e-01 +1.1538e+00 -3.8348e+00
738 +2.686038896e+02 +2.686038896e+02 +3.462638896e+02 +3.462638896e+02 -1.5397e+00 +4.5794e+00 +8.2623e-01 -2.4302e+00 -1.9646e+00 +1.7406e+00 -1.6591e+00 +5.8132e-01 +6.8035e-01 -3.7170e+00
755 +2.495327716e+02 +2.495327716e+02 +3.271927716e+02 +3.271927716e+02 -1.5630e+00 +4.6027e+00 +1.6332e+00 -2.3153e+00 -1.9308e+00 +1.3547e+00 -1.8558e+00 +3.1569e-01 +1.4177e+00 -3.8099e+00
778 +2.413790169e+02 +2.413790169e+02 +3.190390169e+02 +3.190390169e+02 -1.7426e+00 +4.6537e+00 +7.6959e-01 -2.2858e+00 -2.1498e+00 +1.2049e+00 -1.7363e+00 +5.0636e-01 +8.4011e-01 -3.5507e+00
819 +2.228507971e+02 +2.228507971e+02 +3.005107971e+02 +3.005107971e+02 -1.3066e+00 +4.7327e+00 +1.0268e+00 -2.3734e+00 -1.7656e+00 +9.2361e-01 -1.2342e+00 +9.3729e-01 +9.2894e-01 -3.4594e+00
866 +2.182066507e+02 +2.182066507e+02 +2.958666507e+02 +2.958666507e+02 -6.7065e-01 +4.9019e+00 -1.8904e-01 -2.3300e+00 -1.8715e+00 +1.6822e+00 -3.4400e-01 -7.9513e-02 +8.6987e-01 -4.5694e+00
894 +2.104597811e+02 +2.104597811e+02 +2.881197811e+02 +2.881197811e+02 -1.4319e+00 +4.3646e+00 +8.8021e-01 -2.3500e+00 -1.9153e+00 +1.3487e+00 -1.1748e+00 +9.9509e-01 +8.5529e-01 -3.4257e+00
918 +2.076717336e+02 +2.076717336e+02 +2.853317336e+02 +2.853317336e+02 -1.5054e+00 +4.5266e+00 +1.2940e+00 -2.3187e+00 -2.0455e+00 +4.2344e-01 +6.3170e-01 +5.6286e-01 +6.3915e-01 -4.1785e+00
953 +1.900855019e+02 +1.900855019e+02 +2.677455019e+02 +2.677455019e+02 -8.1942e-01 +4.1685e+00 +1.7859e-01 -2.2247e+00 -1.7311e+00 +5.1028e-01 +8.8911e-01 +1.7777e-01 +8.1165e-01 -3.6479e+00
976 +1.804249752e+02 +1.804249752e+02 +2.580849752e+02 +2.580849752e+02 -1.9102e+00 +4.3964e+00 -5.0906e-01 -2.2314e+00 -1.9240e+00 -1.1139e+00 +5.8352e-01 +1.9462e-01 +1.0189e+00 -4.4995e+00
1133 +1.664302801e+02 +1.664302801e+02 +2.440902801e+02 +2.440902801e+02 -6.5577e-01 +3.2225e+00 -4.6150e-01 -2.1304e+00 -2.3981e+00 -1.0917e+00 +1.6139e+00 -7.6850e-02 +1.8648e-01 -3.6560e+00
1142 +1.642657060e+02 +1.642657060e+02 +2.419257060e+02 +2.419257060e+02 -4.6112e-01 +3.9524e+00 -5.4172e-01 -2.2413e+00 -2.3069e+00 -6.8426e-02 +5.4891e-01 -2.1992e-01 +2.4795e-01 -3.7622e+00
1217 +1.503897550e+02 +1.503897550e+02 +2.280497550e+02 +2.280497550e+02 -6.7788e-01 +3.9045e+00 -3.6055e-01 -2.2774e+00 -1.2359e+00 -1.1608e+00 +5.1779e-01 +5.4696e-02 -1.5243e-01 -3.8828e+00
1405 +1.235397315e+02 +1.235397315e+02 +2.011997315e+02 +2.011997315e+02 -7.4369e-02 +9.3938e-01 +4.1245e-01 -8.0737e-01 -1.5738e+00 -1.6731e-02 +4.9243e-01 +1.3700e-01 +3.4089e-01 -3.7795e+00
1468 +1.209667735e+02 +1.209667735e+02 +1.986267735e+02 +1.986267735e+02 +5.4427e-01 +1.1595e+00 +4.2696e-01 -1.4223e+00 -2.5442e+00 +5.8530e-02 +4.6333e-01 +1.1979e+00 +5.1346e-01 -3.4504e+00
1503 +8.634338491e+01 +8.634338491e+01 +1.640033849e+02 +1.640033849e+02 +4.3550e-01 +1.5443e+00 -2.0193e+00 +1.3098e+00 -1.7623e+00 +1.1621e+00 -2.7838e-01 +1.7642e+00 +1.1963e+00 -4.1348e+00
1554 +8.435310654e+01 +8.435310654e+01 +1.620131065e+02 +1.620131065e+02 +2.1206e+00 +6.3110e-02 -2.0178e+00 +1.4704e+00 -2.3446e+00 -1.9546e+00 +3.2902e-01 +4.6143e-01 -5.7996e-01 -3.5587e+00
1657 +7.510847400e+01 +7.510847400e+01 +1.527684740e+02 +1.527684740e+02 +6.0236e-01 +1.5709e+00 -1.3659e+00 +4.3804e-01 -3.5621e+00 -5.4707e-01 -1.0792e-01 -1.9032e-01 +5.3067e-01 -3.8578e+00
1661 +7.036689328e+01 +7.036689328e+01 +1.480268933e+02 +1.480268933e+02 +6.1371e-01 +9.5107e-01 +1.0882e-01 +4.7326e-01 -2.5763e+00 -4.5378e-01 +1.7334e-01 +4.7107e-01 +8.3572e-01 -3.1767e+00
1922 +6.634744559e+01 +6.634744559e+01 +1.440074456e+02 +1.440074456e+02 +1.4089e+00 +5.9176e-02 -1.8250e+00 +5.2594e+00 -1.6280e+00 -5.5528e-01 -6.9169e-02 +5.8966e-01 -2.6923e-01 -4.1602e+00
1998 +5.752168894e+01 +5.752168894e+01 +1.351816889e+02 +1.351816889e+02 +3.3661e+00 -6.9289e-01 -4.0045e-01 +4.1362e+00 -2.5903e+00 -6.6250e-01 +1.9642e-01 -2.8486e-01 +2.3888e-01 -3.6716e+00
2052 +4.888622053e+01 +4.888622053e+01 +1.265462205e+02 +1.265462205e+02 +1.4359e+00 -1.5396e+00 -7.0228e-01 +2.7630e+00 -2.4861e+00 -5.1239e-01 +9.8127e-02 +1.8796e-01 +6.0555e-01 -3.4074e+00
4716 +4.238472597e+01 +4.238472597e+01 +1.200447260e+02 +1.200447260e+02 +2.1754e+00 -8.6282e-01 -1.1926e+00 +4.5706e+00 -3.0347e+00 -1.1234e+00 -4.0522e-02 +5.5589e-01 +2.3314e-01 -3.4274e+00
11912 +1.840342409e+01 +1.840342409e+01 +9.606342409e+01 +9.606342409e+01 +2.3667e+00 -8.8887e-01 -1.2636e+00 +3.9632e+00 -1.9270e+00 -4.5150e-01 +1.8867e-01 +6.1077e-02 -1.6605e-01 -3.8200e+00
% function evaluation | noise-free fitness - Fopt (1.156800000000e+02) | best noise-free fitness - Fopt | measured fitness | best measured fitness | x1 | x2...
1 +7.651383853e+02 +7.651383853e+02 +8.808183853e+02 +8.808183853e+02 +0.0000e+00 +0.0000e+00 +0.0000e+00 +0.0000e+00 +0.0000e+00 +0.0000e+00 +0.0000e+00 +0.0000e+00 +0.0000e+00 +0.0000e+00
620 +6.503964240e+02 +6.503964240e+02 +7.660764240e+02 +7.660764240e+02 -4.2444e+00 -4.1706e+00 +3.6434e+00 +2.6303e+00 -1.2589e+00 +2.0806e+00 -4.6425e-01 -2.7592e+00 -4.5781e+00 -3.4044e+00
702 +5.985977999e+02 +5.985977999e+02 +7.142777999e+02 +7.142777999e+02 -4.2417e+00 -3.4491e+00 +3.7766e+00 +2.6076e+00 -1.9736e+00 +2.0767e+00 -1.9288e-01 -2.7154e+00 -3.4827e+00 -2.7268e+00
769 +5.633814342e+02 +5.633814342e+02 +6.790614342e+02 +6.790614342e+02 -4.2196e+00 -3.4528e+00 +3.8215e+00 +2.5896e+00 -6.1090e-01 +2.0774e+00 -2.4782e+00 -2.4089e+00 -4.8421e+00 -3.1061e+00
787 +4.810166296e+02 +4.810166296e+02 +5.966966296e+02 +5.966966296e+02 -4.2022e+00 -3.8040e+00 +3.6325e+00 +2.8344e+00 -1.6813e+00 +2.1114e+00 -2.0300e+00 -1.3505e+00 -4.9874e+00 -2.7221e+00
854 +4.740645596e+02 +4.740645596e+02 +5.897445596e+02 +5.897445596e+02 -4.1455e+00 -3.6822e+00 +3.7207e+00 +2.6263e+00 -1.6957e+00 +2.0977e+00 -2.1857e+00 -1.8453e+00 -4.7122e+00 -2.6717e+00
872 +4.652172924e+02 +4.652172924e+02 +5.808972924e+02 +5.808972924e+02 -4.1554e+00 -3.9407e+00 +3.6784e+00 +2.6354e+00 -3.5285e+00 +2.0913e+00 -3.1270e+00 -1.6525e+00 -4.3274e+00 -3.0404e+00
884 +3.679989528e+02 +3.679989528e+02 +4.836789528e+02 +4.836789528e+02 -4.0996e+00 -3.7390e+00 +3.6790e+00 +2.6138e+00 -1.7091e+00 +2.1008e+00 -3.0436e+00 +1.5845e+00 -4.0256e+00 -2.9405e+00
1059 +3.488031592e+02 +3.488031592e+02 +4.644831592e+02 +4.644831592e+02 -4.4120e+00 -4.2209e+00 +3.9436e+00 +2.1860e+00 -3.5465e+00 +2.0342e+00 -2.6272e+00 +1.5348e+00 -4.2827e+00 -2.7229e+00
1068 +3.427770411e+02 +3.427770411e+02 +4.584570411e+02 +4.584570411e+02 -4.2955e+00 -3.6121e+00 +3.6355e+00 +2.6112e+00 -2.9655e+00 +2.0307e+00 -3.2226e+00 +4.0018e-01 -4.7333e+00 -1.9345e+00
1207 +3.374276494e+02 +3.374276494e+02 +4.531076494e+02 +4.531076494e+02 -4.1881e+00 -2.5522e+00 +3.6302e+00 +2.3658e+00 -4.4860e+00 +1.8094e+00 -4.7997e+00 +1.3199e+00 -4.4953e+00 -2.9346e+00
1314 +3.156199692e+02 +3.156199692e+02 +4.312999692e+02 +4.312999692e+02 -4.2601e+00 -3.6600e+00 +3.1574e+00 +2.4698e+00 -4.7215e+00 +1.8823e+00 -2.6344e+00 +2.1258e+00 -3.9441e+00 -1.4273e+00
1387 +3.063632833e+02 +3.063632833e+02 +4.220432833e+02 +4.220432833e+02 -5.0211e+00 -2.4165e+00 +3.0588e+00 +2.5046e+00 -3.6822e+00 +1.8347e+00 -3.6282e+00 +1.8926e+00 -3.7841e+00 -1.7823e+00
1400 +2.850606542e+02 +2.850606542e+02 +4.007406542e+02 +4.007406542e+02 -4.1797e+00 -2.4483e+00 +3.2046e+00 +2.4905e+00 -3.0812e+00 +1.8216e+00 -1.7592e+00 +1.5408e+00 -4.0198e+00 -2.0010e+00
1503 +2.774629269e+02 +2.774629269e+02 +3.931429269e+02 +3.931429269e+02 -3.5379e+00 -1.7827e+00 +2.9850e+00 +2.4973e+00 -4.2398e+00 +1.5091e+00 -3.5366e+00 +1.5656e+00 -5.6560e+00 -2.0645e+00
1507 +2.670616265e+02 +2.670616265e+02 +3.827416265e+02 +3.827416265e+02 -4.3628e+00 -2.8586e-01 +1.8388e+00 +2.6531e+00 -4.8077e+00 +1.8035e+00 -4.0207e+00 +1.5645e+00 -3.9508e+00 -2.0287e+00
1550 +2.571432503e+02 +2.571432503e+02 +3.728232503e+02 +3.728232503e+02 -3.3030e+00 -1.9062e+00 +2.8031e+00 +2.3644e+00 -3.6688e+00 +1.7245e+00 -3.1325e+00 +3.2662e+00 -4.2158e+00 -2.6216e+00
1570 +2.329885832e+02 +2.329885832e+02 +3.486685832e+02 +3.486685832e+02 -3.8106e+00 -4.9515e-02 +1.9101e+00 +2.4470e+00 -3.7049e+00 +1.3888e+00 -3.0552e+00 +1.6982e+00 -3.9873e+00 -2.2569e+00
1627 +2.187224443e+02 +2.187224443e+02 +3.344024443e+02 +3.344024443e+02 -3.2403e+00 -1.2852e+00 +1.1909e+00 +2.6420e+00 -4.1122e+00 +1.1782e+00 -3.4582e+00 +2.3488e+00 -3.7332e+00 -1.5868e+00
1697 +2.137779037e+02 +2.137779037e+02 +3.294579037e+02 +3.294579037e+02 -3.9115e+00 +6.6064e-01 +2.2980e+00 +1.9309e+00 -3.4027e+00 +7.0653e-01 -3.4960e+00 +1.3615e+00 -4.0814e+00 -2.2448e+00
1713 +1.179889408e+02 +1.179889408e+02 +2.336689408e+02 +2.336689408e+02 -3.2921e+00 +1.4785e-01 +3.0495e+00 +2.4801e+00 -3.8627e+00 -7.7327e-01 -3.1234e+00 +1.9195e+00 -3.5648e+00 -2.2610e+00
1814 +1.096291463e+02 +1.096291463e+02 +2.253091463e+02 +2.253091463e+02 -3.1529e+00 -1.1212e+00 +1.0426e-01 +2.5353e+00 -3.1669e+00 -1.3187e+00 -3.6942e+00 +2.4082e+00 -3.3797e+00 -2.5136e+00
1882 +9.927088141e+01 +9.927088141e+01 +2.149508814e+02 +2.149508814e+02 -2.2820e+00 -1.1282e+00 +4.2926e-01 +2.1497e+00 -3.5803e+00 -1.2746e+00 -3.5430e+00 +1.3934e+00 -3.5757e+00 -1.0824e+00
1979 +8.154956076e+01 +8.154956076e+01 +1.972295608e+02 +1.972295608e+02 -3.1307e+00 +1.3483e+00 +2.0892e+00 +2.4284e+00 -3.6659e+00 -3.3605e+00 -4.1585e+00 +1.4042e+00 -4.2072e+00 -1.5533e+00
2080 +8.061826486e+01 +8.061826486e+01 +1.962982649e+02 +1.962982649e+02 -4.2222e+00 -1.8686e+00 +4.6051e-01 +3.1636e+00 -3.7628e+00 -4.0983e+00 -3.9263e+00 +2.6631e+00 -3.5380e+00 -2.0034e+00
2102 +7.371856361e+01 +7.371856361e+01 +1.893985636e+02 +1.893985636e+02 -3.9764e+00 +7.7930e-01 +1.0838e+00 +1.2315e+00 -4.2201e+00 -3.5006e+00 -3.5128e+00 +1.9106e+00 -4.0332e+00 -2.0142e+00
2248 +7.147840677e+01 +7.147840677e+01 +1.871584068e+02 +1.871584068e+02 -3.1965e+00 -1.5203e-01 +8.2135e-01 +3.3429e+00 -3.5307e+00 -4.3087e+00 -3.6824e+00 +1.5658e+00 -3.5512e+00 -2.9064e+00
2462 +6.930387014e+01 +6.930387014e+01 +1.849838701e+02 +1.849838701e+02 -3.5280e+00 -1.8455e+00 +1.0633e+00 +3.2132e+00 -4.2650e+00 -3.7126e+00 -3.1820e+00 +1.9120e+00 -3.6614e+00 -1.6419e+00
2579 +6.623102080e+01 +6.623102080e+01 +1.819110208e+02 +1.819110208e+02 +7.0217e-01 -2.8811e+00 +1.8180e+00 +3.1475e+00 -4.1539e+00 -3.8510e+00 -3.5950e+00 +2.3280e+00 -3.8208e+00 -2.7334e+00
2957 +6.599217586e+01 +6.599217586e+01 +1.816721759e+02 +1.816721759e+02 -2.1626e+00 -1.4274e+00 +1.0292e+00 +5.4409e+00 -4.0550e+00 -3.1652e+00 -4.1345e+00 +2.3158e+00 -4.2308e+00 -1.9775e+00
2988 +5.811817996e+01 +5.811817996e+01 +1.737981800e+02 +1.737981800e+02 -2.9999e+00 -1.0367e+00 -5.2212e-02 +3.7709e+00 -4.1213e+00 -3.2227e+00 -4.7913e+00 +2.4453e+00 -3.9549e+00 -1.9068e+00
3462 +5.682767460e+01 +5.682767460e+01 +1.725076746e+02 +1.725076746e+02 -1.2779e+00 -1.6609e+00 +8.7649e-01 +2.9734e+00 -3.7127e+00 -3.3308e+00 -3.5900e+00 +1.4248e+00 -3.9039e+00 -1.3065e+00
3511 +4.127271941e+01 +4.127271941e+01 +1.569527194e+02 +1.569527194e+02 -1.5034e+00 -1.2678e+00 +1.8724e-01 +3.0435e+00 -3.0486e+00 -3.2397e+00 -4.0039e+00 +2.3347e+00 -4.0018e+00 -1.9783e+00
8301 +3.835775413e+01 +3.835775413e+01 +1.540377541e+02 +1.540377541e+02 -3.1708e+00 -7.7814e-01 +3.0462e-01 +3.6511e+00 -4.3142e+00 -3.3011e+00 -4.0115e+00 +1.9399e+00 -4.2138e+00 -9.7870e-01
14986 +3.653032556e+01 +3.653032556e+01 +1.522103256e+02 +1.522103256e+02 -3.0221e+00 -9.8002e-01 -1.3180e+00 +3.9485e+00 -3.5236e+00 -3.7520e+00 -3.1021e+00 +2.3747e+00 -3.9105e+00 -2.6118e+00
55450 +3.196974642e+01 +3.196974642e+01 +1.476497464e+02 +1.476497464e+02 -4.1000e+00 -3.0578e-01 -6.6262e-01 +3.7592e+00 -3.4688e+00 -3.2478e+00 -3.9967e+00 +2.3792e+00 -3.9659e+00 -1.9855e+00
127961 +2.532189045e+01 +2.532189045e+01 +1.410018905e+02 +1.410018905e+02 -2.1794e+00 -8.6796e-01 +9.7414e-01 +3.0507e+00 -3.5422e+00 -3.8069e+00 -3.1266e+00 +1.9143e+00 -4.3008e+00 -2.2935e+00
264620 +2.217587039e+01 +2.217587039e+01 +1.378558704e+02 +1.378558704e+02 -2.0473e+00 -1.8833e+00 +1.0386e+00 +2.3428e+00 -3.5683e+00 -2.6903e+00 -3.5503e+00 +2.3913e+00 -4.0090e+00 -2.2943e+00
% function evaluation | noise-free fitness - Fopt (-3.710000000000e+00) | best noise-free fitness - Fopt | measured fitness | best measured fitness | x1 | x2...
1 +3.211002619e+02 +3.211002619e+02 +3.173902619e+02 +3.173902619e+02 +0.0000e+00 +0.0000e+00 +0.0000e+00 +0.0000e+00 +0.0000e+00 +0.0000e+00 +0.0000e+00 +0.0000e+00 +0.0000e+00 +0.0000e+00
1258 +2.888886624e+02 +2.888886624e+02 +2.851786624e+02 +2.851786624e+02 +3.1963e+00 -6.3330e-01 +2.7287e+00 +1.7890e+00 -2.3155e+00 +3.2553e+00 +3.6280e+00 -3.9440e+00 -4.5112e+00 +1.0495e+00
1266 +2.515676174e+02 +2.515676174e+02 +2.478576174e+02 +2.478576174e+02 +3.0483e+00 -3.9260e-01 +2.8371e+00 +2.8990e+00 -1.6798e+00 +3.6806e+00 +2.8768e+00 -2.4362e+00 -4.3289e+00 +9.5475e-01
1354 +2.071129797e+02 +2.071129797e+02 +2.034029797e+02 +2.034029797e+02 +2.2690e+00 -4.1445e-01 +1.5219e+00 +3.2764e+00 -1.0158e+00 +3.1361e+00 +2.7795e+00 -2.4531e+00 -4.5362e+00 +2.6545e-01
1409 +1.931941965e+02 +1.931941965e+02 +1.894841965e+02 +1.894841965e+02 +5.1603e+00 +1.1466e-01 +3.4335e+00 +3.2335e+00 -1.1940e+00 +3.1726e+00 +2.0116e+00 -5.9114e-01 -4.4347e+00 +8.6625e-01
1433 +1.595161525e+02 +1.595161525e+02 +1.558061525e+02 +1.558061525e+02 +8.6208e-01 -6.7484e-01 +1.9751e+00 +2.7403e+00 -3.8936e-01 +2.2480e+00 +1.5672e+00 -1.9982e+00 -4.4799e+00 +7.4323e-02
1572 +1.360154141e+02 +1.360154141e+02 +1.323054141e+02 +1.323054141e+02 +2.5392e+00 -4.9313e-01 +3.1123e+00 +1.3438e+00 +2.5346e+00 +3.1568e+00 +1.0068e+00 -2.0985e+00 -4.4332e+00 +3.7711e-01
1733 +1.337719671e+02 +1.337719671e+02 +1.300619671e+02 +1.300619671e+02 +4.1843e+00 -3.3883e-01 +3.3629e+00 +2.7562e+00 +1.1374e+00 +3.9914e+00 +1.1359e+00 -3.1504e+00 -4.5422e+00 +7.1284e-01
1907 +1.317722089e+02 +1.317722089e+02 +1.280622089e+02 +1.280622089e+02 -1.6812e-01 -7.0978e-01 +2.7017e+00 +4.6264e+00 +3.1218e+00 +3.2718e+00 +9.2278e-01 -1.6202e+00 -4.4758e+00 +8.0342e-01
1927 +1.137390678e+02 +1.137390678e+02 +1.100290678e+02 +1.100290678e+02 +2.5938e+00 -3.2937e+00 +1.8413e+00 +3.1929e+00 +3.5267e+00 +3.7315e+00 -2.2328e+00 -1.9842e+00 -3.7659e+00 +1.3347e+00
1962 +1.119694816e+02 +1.119694816e+02 +1.082594816e+02 +1.082594816e+02 +1.6837e+00 -1.4921e+00 +3.4324e+00 +3.0074e+00 +4.0449e+00 +4.1855e+00 -5.8502e-01 -1.9488e+00 -3.4213e+00 +9.3314e-01
2150 +1.095537301e+02 +1.095537301e+02 +1.058437301e+02 +1.058437301e+02 -6.7563e-01 -2.3076e+00 +1.9391e+00 +5.7620e+00 +3.1920e+00 +2.9123e+00 -7.9940e-01 -1.9662e+00 -3.6034e+00 +8.6999e-01
2228 +9.190749136e+01 +9.190749136e+01 +8.819749136e+01 +8.819749136e+01 +3.1968e+00 -2.1534e+00 +7.8026e-01 +4.5544e+00 +2.6212e+00 +3.0860e+00 +5.1564e-01 -1.2668e+00 -3.6579e+00 +1.1521e+00
2328 +8.938700170e+01 +8.938700170e+01 +8.567700170e+01 +8.567700170e+01 +3.2681e+00 -2.5586e+00 +1.8199e+00 +5.5916e+00 +2.0139e+00 +3.2961e+00 -1.4207e-02 -1.6028e+00 -3.4048e+00 +1.0101e+00
2365 +7.343902648e+01 +7.343902648e+01 +6.972902648e+01 +6.972902648e+01 +1.3561e+00 -1.5666e+00 +1.0496e+00 +4.5562e+00 +1.9654e+00 +1.7348e+00 -2.6759e-01 -1.6876e+00 -1.8958e+00 +6.1680e-01
2985 +7.021301047e+01 +7.021301047e+01 +6.650301047e+01 +6.650301047e+01 +3.0521e+00 -2.2365e+00 +1.1800e+00 +4.0479e+00 +4.1455e+00 +2.8912e+00 -2.6713e-01 -2.0340e+00 -2.6873e+00 +1.1195e+00
3577 +6.908662376e+01 +6.908662376e+01 +6.537662376e+01 +6.537662376e+01 +2.2366e+00 -4.7402e-01 +1.8298e-01 +3.9011e+00 +2.4519e+00 +3.3774e+00 +2.5269e-01 -1.1157e+00 -2.6485e+00 +2.9979e-01
3703 +6.555830665e+01 +6.555830665e+01 +6.184830665e+01 +6.184830665e+01 +3.9417e+00 -1.3559e+00 +1.8358e+00 +4.0736e+00 +3.0859e+00 +3.3298e+00 +1.4607e-01 -1.9524e+00 -2.7329e+00 +2.3730e-01
3980 +6.233578930e+01 +6.233578930e+01 +5.862578930e+01 +5.862578930e+01 +3.2117e+00 -2.3161e+00 -6.9079e-01 +3.3088e+00 +3.6373e+00 +3.3034e+00 -3.2461e-01 -2.1183e+00 -2.3353e+00 +7.3319e-01
5136 +6.133581764e+01 +6.133581764e+01 +5.762581764e+01 +5.762581764e+01 +3.0763e+00 -3.8192e+00 +2.4249e+00 +4.4682e+00 +3.1936e+00 +2.9345e+00 +3.3395e-01 -2.9277e+00 -1.9013e+00 +1.0648e+00
5144 +5.328654612e+01 +5.328654612e+01 +4.957654612e+01 +4.957654612e+01 +2.1866e+00 -3.2607e+00 +1.9314e+00 +3.9888e+00 +3.0343e+00 +5.0756e+00 +1.9240e-01 -1.9501e+00 -1.9821e+00 +9.2526e-01
6200 +4.856005885e+01 +4.856005885e+01 +4.485005885e+01 +4.485005885e+01 +3.3404e+00 -2.4350e+00 +9.3556e-01 +2.7215e+00 +3.0251e+00 +4.2955e+00 +1.5216e-01 -2.0759e+00 -2.3616e+00 +6.9709e-01
7502 +4.180588413e+01 +4.180588413e+01 +3.809588413e+01 +3.809588413e+01 +2.2853e+00 -2.1781e+00 +3.1882e+00 +3.4677e+00 +3.1885e+00 +3.7076e+00 +1.4872e-01 -2.0089e+00 -2.6390e+00 +3.6793e-01
9883 +4.014384490e+01 +4.014384490e+01 +3.643384490e+01 +3.643384490e+01 +3.2214e+00 -2.6316e+00 +1.5578e+00 +3.9141e+00 +3.2042e+00 +3.2057e+00 +1.6245e-01 -2.0065e+00 -2.3008e+00 +1.0521e+00
14266 +3.629618876e+01 +3.629618876e+01 +3.258618876e+01 +3.258618876e+01 +3.2185e+00 -1.3090e+00 +2.4244e+00 +4.6587e+00 +3.1744e+00 +3.2375e+00 +6.5470e-02 -1.5805e+00 -2.7583e+00 +3.6540e-01
36711 +3.390946852e+01 +3.390946852e+01 +3.019946852e+01 +3.019946852e+01 +3.1399e+00 -2.2036e+00 +1.7438e+00 +4.0111e+00 +3.2169e+00 +3.8704e+00 -2.3880e-01 -2.4500e+00 -1.9120e+00 +6.6778e-01
57651 +3.354411222e+01 +3.354411222e+01 +2.983411222e+01 +2.983411222e+01 +2.9972e+00 -2.4301e+00 +2.4873e+00 +3.8944e+00 +3.0836e+00 +3.5721e+00 +1.1351e-01 -2.0535e+00 -1.5411e+00 +7.2342e-01
145908 +3.190033232e+01 +3.190033232e+01 +2.819033232e+01 +2.819033232e+01 +3.1492e+00 -1.4365e+00 +1.8812e+00 +3.7935e+00 +3.6211e+00 +3.6344e+00 +2.2718e-01 -1.5232e+00 -2.3014e+00 +6.9611e-01
207970 +2.891279149e+01 +2.891279149e+01 +2.520279149e+01 +2.520279149e+01 +2.1024e+00 -2.2289e+00 +1.8351e+00 +4.5661e+00 +2.0450e+00 +3.2161e+00 +1.5112e-01 -2.3347e+00 -3.4087e+00 +7.0642e-01
243291 +2.790310393e+01 +2.790310393e+01 +2.419310393e+01 +2.419310393e+01 +2.0894e+00 -3.8935e+00 +3.2668e+00 +4.5826e+00 +3.1154e+00 +3.6583e+00 +7.2222e-02 -1.4931e+00 -2.3014e+00 +1.0857e+00
380059 +2.642724790e+01 +2.642724790e+01 +2.271724790e+01 +2.271724790e+01 +3.1761e+00 -2.2680e+00 +1.7952e+00 +2.7148e+00 +3.6767e+00 +3.2497e+00 +1.4926e-01 -1.5233e+00 -2.3724e+00 +1.2666e+00
384239 +2.337758968e+01 +2.337758968e+01 +1.966758968e+01 +1.966758968e+01 +3.3845e+00 -2.3274e+00 +1.8424e+00 +3.9535e+00 +3.0800e+00 +3.2149e+00 -2.4786e-01 -1.9661e+00 -2.3440e+00 +6.5228e-01
% function evaluation | noise-free fitness - Fopt (1.321800000000e+02) | best noise-free fitness - Fopt | measured fitness | best measured fitness | x1 | x2...
1 +2.126387241e+02 +2.126387241e+02 +3.448187241e+02 +3.448187241e+02 +0.0000e+00 +0.0000e+00 +0.0000e+00 +0.0000e+00 +0.0000e+00 +0.0000e+00 +0.0000e+00 +0.0000e+00 +0.0000e+00 +0.0000e+00
1044 +2.062901961e+02 +2.062901961e+02 +3.384701961e+02 +3.384701961e+02 -5.7125e-01 -2.1537e+00 +7.5484e-01 -1.7637e+00 +2.6019e-01 -3.8410e+00 -2.5446e+00 -8.8939e-01 +1.3799e+00 -5.6819e-01
1082 +2.004406313e+02 +2.004406313e+02 +3.326206313e+02 +3.326206313e+02 +2.0080e-01 -3.1313e+00 +6.8859e-01 -5.0452e+00 -2.9945e+00 -4.1470e+00 -3.9443e+00 -2.4755e-01 +1.3648e+00 -2.4542e-01
1173 +1.541360142e+02 +1.541360142e+02 +2.863160142e+02 +2.863160142e+02 -9.8538e-01 +1.3985e+00 +4.7457e-01 -4.1674e+00 -5.8418e-01 -3.7684e+00 -2.0409e+00 -7.2116e-01 +1.8082e+00 -1.7264e-01
1253 +1.276293554e+02 +1.276293554e+02 +2.598093554e+02 +2.598093554e+02 -2.6947e+00 +1.3581e+00 +3.5817e-01 -2.6794e+00 -1.0229e-01 -3.3663e+00 -2.1245e+00 +1.7066e-01 +7.8917e-01 +3.3132e-01
1269 +8.807910324e+01 +8.807910324e+01 +2.202591032e+02 +2.202591032e+02 -2.3230e+00 -6.3669e-02 +1.0825e+00 -1.8557e+00 -3.1234e+00 -1.1333e+00 -4.6457e+00 +5.0211e-02 -1.0120e-01 +1.0911e+00
1570 +8.526925543e+01 +8.526925543e+01 +2.174492554e+02 +2.174492554e+02 -3.4592e+00 +5.5419e-01 +3.2131e+00 -3.2726e+00 -1.7560e+00 -2.0865e+00 -2.8494e+00 -1.3823e+00 +9.0760e-01 +6.4329e-01
1625 +7.635752722e+01 +7.635752722e+01 +2.085375272e+02 +2.085375272e+02 -4.7091e+00 +1.4158e+00 +3.4801e+00 -2.3780e+00 -3.1389e+00 -2.3450e+00 -2.1484e+00 +5.9354e-02 +6.0310e-01 +6.2428e-01
1693 +7.532336531e+01 +7.532336531e+01 +2.075033653e+02 +2.075033653e+02 -2.7596e+00 +5.9042e-02 +2.7057e+00 -2.7830e+00 -1.4580e+00 -2.5502e+00 -2.6319e+00 -2.2830e-01 +1.0287e-01 +1.7411e-01
1778 +5.937786088e+01 +5.937786088e+01 +1.915578609e+02 +1.915578609e+02 -3.7398e+00 +5.0529e-01 +2.8620e+00 -2.0428e+00 -6.3431e-01 -2.3712e+00 -2.7433e+00 +3.0772e-02 +9.4809e-01 +7.1963e-01
2381 +4.883214958e+01 +4.883214958e+01 +1.810121496e+02 +1.810121496e+02 -4.7817e+00 +9.4704e-01 +3.3098e+00 -1.2344e+00 -1.8742e+00 -1.4871e+00 -2.2318e+00 -2.4488e-01 +5.2605e-01 +9.5386e-02
2396 +3.744528378e+01 +3.744528378e+01 +1.696252838e+02 +1.696252838e+02 -3.8131e+00 +6.1230e-01 +3.3309e+00 -2.0338e+00 -1.9397e+00 -1.0745e+00 -1.6828e+00 -7.4520e-01 +5.9258e-01 +1.0571e+00
2690 +2.214371035e+01 +2.214371035e+01 +1.543237104e+02 +1.543237104e+02 -3.8075e+00 +1.5520e+00 +3.6128e+00 -1.9527e+00 -1.7671e+00 -1.1220e+00 -2.7478e+00 +7.6048e-02 +1.5537e-01 +7.7105e-01
% function evaluation | noise-free fitness - Fopt (6.438000000000e+01) | best noise-free fitness - Fopt | measured fitness | best measured fitness | x1 | x2...
1 +5.438142479e+02 +5.438142479e+02 +6.081942479e+02 +6.081942479e+02 +0.0000e+00 +0.0000e+00 +0.0000e+00 +0.0000e+00 +0.0000e+00 +0.0000e+00 +0.0000e+00 +0.0000e+00 +0.0000e+00 +0.0000e+00
965 +5.344815425e+02 +5.344815425e+02 +5.988615425e+02 +5.988615425e+02 -1.6821e+00 +3.1581e+00 +3.4752e-01 -2.3763e+00 +9.6525e-02 +9.8509e-01 +3.7550e+00 +5.0268e-01 +3.9154e+00 -4.4586e+00
979 +4.323558083e+02 +4.323558083e+02 +4.967358083e+02 +4.967358083e+02 -2.0371e+00 +2.4862e+00 -2.1832e-01 -3.1529e+00 +8.8217e-02 +2.6612e+00 +2.2650e+00 -8.2809e-02 +3.7936e+00 -4.4800e+00
991 +4.214628291e+02 +4.214628291e+02 +4.858428291e+02 +4.858428291e+02 +1.3009e+00 +3.1608e+00 +6.0530e-02 -2.8872e+00 +1.2424e-01 +3.1028e+00 +2.6199e+00 +1.2386e+00 +3.9103e+00 -4.4807e+00
1055 +3.101615079e+02 +3.101615079e+02 +3.745415079e+02 +3.745415079e+02 -1.8837e+00 +3.1646e+00 +4.9225e-01 -4.0066e+00 +8.3541e-02 +1.9646e+00 +1.0848e+00 +2.1619e+00 +3.9410e+00 -4.5037e+00
1075 +2.860786182e+02 +2.860786182e+02 +3.504586182e+02 +3.504586182e+02 -3.3596e+00 +3.0921e+00 +1.6606e+00 -2.2892e+00 +9.5079e-02 -2.5744e-01 -2.2014e-01 +2.5777e+00 +3.9336e+00 -4.5026e+00
1138 +2.470675850e+02 +2.470675850e+02 +3.114475850e+02 +3.114475850e+02 -1.6668e+00 +3.2628e+00 +1.9566e-01 -1.9621e+00 +1.5082e-02 -1.1082e+00 -1.3863e+00 +2.9137e+00 +3.9144e+00 -4.5195e+00
1179 +2.414432718e+02 +2.414432718e+02 +3.058232718e+02 +3.058232718e+02 -2.2557e+00 +3.5083e+00 -1.8402e+00 -3.1100e+00 -1.9325e-02 +1.1862e-02 -2.6732e-01 +2.4171e+00 +3.8536e+00 -4.6327e+00
1180 +2.167732661e+02 +2.167732661e+02 +2.811532661e+02 +2.811532661e+02 -1.9073e-01 +3.4328e+00 -2.0707e+00 -2.8377e+00 +1.4610e-02 +1.0990e+00 -7.9337e-01 +2.5280e+00 +4.1548e+00 -4.4298e+00
1233 +2.040486591e+02 +2.040486591e+02 +2.684286591e+02 +2.684286591e+02 +1.1530e-02 +3.3374e+00 -6.9035e-01 -2.4584e+00 -9.1790e-02 +1.5503e-01 -4.3175e-01 +1.9392e+00 +3.6730e+00 -4.5034e+00
1345 +1.969174705e+02 +1.969174705e+02 +2.612974705e+02 +2.612974705e+02 -9.7758e-01 +1.9494e+00 -5.7686e-01 -2.8766e+00 -1.5672e-01 -1.0479e-01 -1.6115e+00 +1.9911e+00 +3.8227e+00 -4.3531e+00
1348 +1.923386789e+02 +1.923386789e+02 +2.567186789e+02 +2.567186789e+02 +1.3891e+00 +3.3258e+00 -2.1977e+00 -2.3381e+00 +7.3288e-02 +1.3905e+00 +2.4319e-01 +3.8214e+00 +3.9435e+00 -4.6142e+00
1395 +1.736519932e+02 +1.736519932e+02 +2.380319932e+02 +2.380319932e+02 -3.6889e+00 +3.8966e+00 -7.5284e-01 -3.7024e+00 -1.2761e+00 -4.8936e-01 -9.8795e-02 +2.1688e+00 +3.7543e+00 -4.6605e+00
1460 +1.556960551e+02 +1.556960551e+02 +2.200760551e+02 +2.200760551e+02 +2.6328e+00 +2.1767e+00 -1.4410e+00 -4.2152e+00 -1.7859e-01 -5.8414e-01 -8.3640e-01 +3.8373e+00 +4.8105e+00 -4.1491e+00
1546 +1.438347455e+02 +1.438347455e+02 +2.082147455e+02 +2.082147455e+02 +5.9662e+00 +2.1530e+00 -1.6073e+00 -3.5959e+00 -1.1433e+00 -6.8746e-01 +6.1742e-01 +3.8607e+00 +3.7304e+00 -4.1966e+00
1574 +1.394161979e+02 +1.394161979e+02 +2.037961979e+02 +2.037961979e+02 +6.4055e-01 +3.3492e+00 -2.1311e+00 -3.1689e+00 -7.1143e-01 -4.8276e-01 -1.3017e-01 +3.9358e+00 +3.8656e+00 -2.7025e+00
1669 +1.194526597e+02 +1.194526597e+02 +1.838326597e+02 +1.838326597e+02 +2.7613e+00 +1.4387e+00 -1.3889e+00 -3.7831e+00 -1.6324e+00 -4.7360e-02 -1.3512e+00 +3.8103e+00 +4.5566e+00 -4.0823e+00
1718 +1.164195726e+02 +1.164195726e+02 +1.807995726e+02 +1.807995726e+02 +2.9465e+00 +3.1407e+00 -1.1755e+00 -3.4173e+00 -1.6128e+00 +7.9039e-02 -4.0438e-01 +3.1912e+00 +3.8236e+00 -3.0407e+00
1724 +1.078889029e+02 +1.078889029e+02 +1.722689029e+02 +1.722689029e+02 +2.0536e+00 +8.1101e-01 -2.4012e+00 -1.6557e+00 -1.5825e+00 +9.6637e-01 -9.9092e-01 +3.1395e+00 +3.8966e+00 -3.1257e+00
1727 +1.015194496e+02 +1.015194496e+02 +1.658994496e+02 +1.658994496e+02 +5.2720e+00 +3.0700e+00 -1.4038e+00 -2.5060e+00 -2.1426e+00 -5.2958e-01 +3.3225e-01 +2.9551e+00 +4.8272e+00 -1.9447e+00
1795 +9.750398994e+01 +9.750398994e+01 +1.618839899e+02 +1.618839899e+02 +2.9321e+00 +2.7182e+00 -1.4712e+00 -2.3146e+00 -1.8580e+00 -1.3346e+00 -1.1701e+00 +2.6718e+00 +4.1550e+00 -2.6220e+00
1823 +8.439559505e+01 +8.439559505e+01 +1.487755950e+02 +1.487755950e+02 +3.4613e+00 +2.5260e+00 -1.0684e+00 -2.9042e+00 -1.9875e+00 -1.9528e+00 -1.0381e+00 +3.4493e+00 +3.7448e+00 -3.0216e+00
1921 +7.037165009e+01 +7.037165009e+01 +1.347516501e+02 +1.347516501e+02 +2.7456e+00 +1.6830e+00 -1.4624e+00 -4.4452e+00 -2.0459e+00 -9.2993e-01 -1.0341e+00 +3.4157e+00 +3.4847e+00 -2.6887e+00
2836 +5.736405752e+01 +5.736405752e+01 +1.217440575e+02 +1.217440575e+02 +7.2387e-01 +1.4443e+00 -2.3263e+00 -3.4910e+00 -3.6628e+00 -1.0609e+00 -1.3981e+00 +3.3139e+00 +3.7229e+00 -2.4380e+00
2909 +4.893045868e+01 +4.893045868e+01 +1.133104587e+02 +1.133104587e+02 +4.2342e+00 +2.3788e+00 -1.6191e+00 -4.9160e+00 -4.3134e+00 -1.3427e+00 -9.9817e-01 +3.4374e+00 +3.7999e+00 -2.3823e+00
4824 +4.359850792e+01 +4.359850792e+01 +1.079785079e+02 +1.079785079e+02 -4.8094e-02 +3.2024e+00 -3.2167e+00 -3.6729e+00 -3.7614e+00 -1.1173e+00 -8.9865e-01 +3.3792e+00 +3.4658e+00 -2.5944e+00
8593 +3.707697758e+01 +3.707697758e+01 +1.014569776e+02 +1.014569776e+02 +3.2492e+00 +2.4645e+00 -4.6897e+00 -3.5857e+00 -4.1774e+00 -1.0657e+00 -1.0338e+00 +3.3481e+00 +3.7448e+00 -2.3163e+00
12531 +2.543896004e+01 +2.543896004e+01 +8.981896004e+01 +8.981896004e+01 +2.0011e+00 +3.2234e+00 -2.3833e+00 -3.0780e+00 -4.4555e+00 -1.0349e+00 -1.0582e+00 +3.2731e+00 +3.7836e+00 -2.3468e+00
370498 +2.221679412e+01 +2.221679412e+01 +8.659679412e+01 +8.659679412e+01 +2.0174e+00 +2.3746e+00 -3.7702e+00 -4.3388e+00 -4.2007e+00 -1.2178e+00 -1.0320e+00 +3.4235e+00 +3.7748e+00 -2.0007e+00
% function evaluation | noise-free fitness - Fopt (2.824800000000e+02) | best noise-free fitness - Fopt | measured fitness | best measured fitness | x1 | x2...
1 +5.486014602e+02 +5.486014602e+02 +8.310814602e+02 +8.310814602e+02 +0.0000e+00 +0.0000e+00 +0.0000e+00 +0.0000e+00 +0.0000e+00 +0.0000e+00 +0.0000e+00 +0.0000e+00 +0.0000e+00 +0.0000e+00
2 +2.865265198e+02 +2.865265198e+02 +5.690065198e+02 +5.690065198e+02 +3.1805e+00 -2.3354e+00 +2.7495e+00 -2.8340e+00 -3.5858e+00 +3.5759e+00 -2.6122e+00 -9.5805e-01 -3.6751e+00 +2.2755e+00
54 +2.762454036e+02 +2.762454036e+02 +5.587254036e+02 +5.587254036e+02 +3.1821e+00 -2.3357e+00 +2.7465e+00 -2.8328e+00 -3.5891e+00 +3.5900e+00 -2.6419e+00 -7.6154e-01 -3.6743e+00 +2.2719e+00
104 +2.731372023e+02 +2.731372023e+02 +5.556172023e+02 +5.556172023e+02 +3.1784e+00 -2.3350e+00 +2.7452e+00 -2.8367e+00 -3.5919e+00 +3.5887e+00 -2.6162e+00 -1.0118e+00 -3.7111e+00 +2.2729e+00
111 +2.641634886e+02 +2.641634886e+02 +5.466434886e+02 +5.466434886e+02 +3.1809e+00 -2.3345e+00 +2.7419e+00 -2.8413e+00 -3.6099e+00 +3.5982e+00 -2.6231e+00 -1.0010e+00 -3.6803e+00 +2.2191e+00
209 +2.596964212e+02 +2.596964212e+02 +5.421764212e+02 +5.421764212e+02 +3.1834e+00 -2.3352e+00 +2.7331e+00 -2.8290e+00 -3.5848e+00 +3.5793e+00 -2.6173e+00 -1.0326e+00 -3.6735e+00 +2.1827e+00
246 +2.537606332e+02 +2.537606332e+02 +5.362406332e+02 +5.362406332e+02 +3.1843e+00 -2.3351e+00 +2.7544e+00 -2.8430e+00 -3.5726e+00 +3.6353e+00 -2.6127e+00 -6.7169e-01 -3.7039e+00 +2.2535e+00
258 +2.042009150e+02 +2.042009150e+02 +4.866809150e+02 +4.866809150e+02 +3.1925e+00 -2.3342e+00 +2.7079e+00 -2.8301e+00 -3.6951e+00 +3.6064e+00 -2.6105e+00 +2.4463e-01 -3.7564e+00 +2.3921e+00
310 +1.900182712e+02 +1.900182712e+02 +4.724982712e+02 +4.724982712e+02 +3.2235e+00 -2.3368e+00 +2.7643e+00 -2.7878e+00 -3.8086e+00 +3.6298e+00 -2.6500e+00 +7.7652e-01 -3.7148e+00 +2.2205e+00
396 +1.832185748e+02 +1.832185748e+02 +4.656985748e+02 +4.656985748e+02 +3.1506e+00 -2.3347e+00 +2.7575e+00 -2.6013e+00 -3.5309e+00 +4.1046e+00 -2.6032e+00 +7.9796e-01 -3.7254e+00 +2.1081e+00
409 +1.756555118e+02 +1.756555118e+02 +4.581355118e+02 +4.581355118e+02 +3.2539e+00 -2.3378e+00 +2.7486e+00 -2.8156e+00 -3.8918e+00 +3.5469e+00 -2.6383e+00 +9.3889e-01 -3.7582e+00 +2.2658e+00
422 +1.713247641e+02 +1.713247641e+02 +4.538047641e+02 +4.538047641e+02 +3.1945e+00 -2.3291e+00 +2.7281e+00 -2.5969e+00 -4.5157e+00 +3.7297e+00 -2.5968e+00 +9.9184e-01 -3.7229e+00 +2.2226e+00
459 +1.428522001e+02 +1.428522001e+02 +4.253322001e+02 +4.253322001e+02 +3.2473e+00 -2.3336e+00 +2.7454e+00 -2.6573e+00 -3.2802e+00 +3.5511e+00 -2.5860e+00 +1.5860e+00 -3.7699e+00 +2.2024e+00
506 +1.396118078e+02 +1.396118078e+02 +4.220918078e+02 +4.220918078e+02 +3.1365e+00 -2.3334e+00 +2.6863e+00 -2.5747e+00 -3.9781e+00 +3.0493e+00 -2.6223e+00 +2.0105e+00 -3.7359e+00 +2.2120e+00
540 +1.289632145e+02 +1.289632145e+02 +4.114432145e+02 +4.114432145e+02 +3.2115e+00 -2.3213e+00 +2.7323e+00 -2.5115e+00 -3.8322e+00 +3.3480e+00 -2.6105e+00 +3.0854e+00 -3.7926e+00 +2.1531e+00
563 +1.154249961e+02 +1.154249961e+02 +3.979049961e+02 +3.979049961e+02 +3.2192e+00 -2.3543e+00 +2.6340e+00 -2.4764e+00 -5.0629e+00 +3.6582e+00 -2.6253e+00 +2.1185e+00 -3.7973e+00 +2.1485e+00
676 +1.048758730e+02 +1.048758730e+02 +3.873558730e+02 +3.873558730e+02 +3.4683e+00 -2.3357e+00 +2.7042e+00 -2.0037e+00 -1.4055e+00 +3.1088e+00 -2.5861e+00 +3.4817e+00 -3.4529e+00 +1.8736e+00
693 +9.349760385e+01 +9.349760385e+01 +3.759776039e+02 +3.759776039e+02 +3.4869e+00 -2.3481e+00 +2.7240e+00 -3.8390e-01 -3.3291e+00 +3.5077e+00 -2.5959e+00 +3.8273e+00 -4.1595e+00 +1.9639e+00
806 +8.575551103e+01 +8.575551103e+01 +3.682355110e+02 +3.682355110e+02 +3.1401e+00 -2.3552e+00 +2.6797e+00 -1.9448e+00 -3.8810e+00 +4.1193e+00 -2.5330e+00 +2.9817e+00 -3.7826e+00 +1.0440e+00
930 +7.381921128e+01 +7.381921128e+01 +3.562992113e+02 +3.562992113e+02 +3.4780e+00 -2.3626e+00 +2.6536e+00 -1.8867e+00 -3.3616e+00 +3.7816e+00 -2.6355e+00 +2.7190e+00 -3.7231e+00 +6.0611e-01
1021 +6.541050786e+01 +6.541050786e+01 +3.478905079e+02 +3.478905079e+02 +3.2868e+00 -2.3497e+00 +2.6439e+00 -1.1598e+00 -3.2927e+00 +4.1497e+00 -2.6415e+00 +3.5303e+00 -3.7691e+00 +8.9871e-01
1043 +5.888075084e+01 +5.888075084e+01 +3.413607508e+02 +3.413607508e+02 +3.4032e+00 -2.3919e+00 +2.6780e+00 -1.1506e+00 -2.0781e+00 +2.9868e+00 -2.6011e+00 +2.9945e+00 -3.8024e+00 +5.4588e-01
1152 +5.049482245e+01 +5.049482245e+01 +3.329748225e+02 +3.329748225e+02 +3.4000e+00 -2.3780e+00 +2.5913e+00 -3.5099e-01 -3.1528e+00 +2.6153e+00 -2.6241e+00 +2.4991e+00 -3.3716e+00 +9.6062e-01
1776 +4.488907981e+01 +4.488907981e+01 +3.273690798e+02 +3.273690798e+02 +4.4733e-01 -2.4515e+00 +3.3786e+00 +1.6490e+00 -4.0702e+00 +3.5123e+00 -2.6538e+00 +3.4377e+00 -3.8012e+00 +6.2103e-01
1884 +4.045907976e+01 +4.045907976e+01 +3.229390798e+02 +3.229390798e+02 +6.0319e-01 -2.3869e+00 +3.3634e+00 +1.4712e+00 -3.6822e+00 +2.9286e+00 -2.6820e+00 +3.4306e+00 -3.4365e+00 +6.0658e-01
2413 +2.337388582e+01 +2.337388582e+01 +3.058538858e+02 +3.058538858e+02 -4.8716e-01 -2.4480e+00 +3.1380e+00 +1.5564e+00 -3.2529e+00 +3.6822e+00 -2.6368e+00 +3.0534e+00 -3.0130e+00 +5.6075e-01
% function evaluation | noise-free fitness - Fopt (4.826100000000e+02) | best noise-free fitness - Fopt | measured fitness | best measured fitness | x1 | x2...
1 +4.180110395e+02 +4.180110395e+02 +9.006210395e+02 +9.006210395e+02 +0.0000e+00 +0.0000e+00 +0.0000e+00 +0.0000e+00 +0.0000e+00 +0.0000e+00 +0.0000e+00 +0.0000e+00 +0.0000e+00 +0.0000e+00
560 +3.193637943e+02 +3.193637943e+02 +8.019737943e+02 +8.019737943e+02 -2.2588e+00 +1.6974e+00 -9.4338e-01 -2.4620e+00 -6.2738e-01 +4.4792e+00 -1.0483e+00 +5.4646e-01 +4.1585e-01 +4.0048e+00
581 +2.585811017e+02 +2.585811017e+02 +7.411911017e+02 +7.411911017e+02 -2.4121e+00 +2.3747e+00 -4.9738e-01 -7.5695e-01 -1.4429e+00 +2.0981e+00 -1.0300e+00 -6.3103e-01 +2.5851e-01 +4.3100e+00
584 +2.507597447e+02 +2.507597447e+02 +7.333697447e+02 +7.333697447e+02 -2.1253e+00 +1.7978e+00 -4.2328e-02 -8.4564e+00 -9.3026e-01 +5.8969e+00 -1.1610e+00 -1.3220e+00 +3.8004e+00 +3.6089e+00
637 +2.327942658e+02 +2.327942658e+02 +7.154042658e+02 +7.154042658e+02 -2.2558e+00 +3.1681e+00 -1.4531e-01 -2.5508e+00 -7.3341e-01 +2.8664e+00 -9.3500e-01 +1.8997e-02 +4.0903e+00 +3.1346e+00
665 +1.800710413e+02 +1.800710413e+02 +6.626810413e+02 +6.626810413e+02 -2.5256e+00 +3.4652e+00 +1.0245e+00 -3.6255e+00 -7.2351e-01 +3.3629e+00 -9.9758e-01 -9.2424e-01 +1.2979e+00 +3.9376e+00
729 +1.638704944e+02 +1.638704944e+02 +6.464804944e+02 +6.464804944e+02 -2.2659e+00 +2.5433e+00 -4.7163e+00 -3.0828e+00 -3.2113e-01 +3.4375e+00 -1.1464e+00 -4.3081e+00 +2.6010e+00 +4.0601e+00
818 +1.416431128e+02 +1.416431128e+02 +6.242531128e+02 +6.242531128e+02 -2.4925e+00 +4.4508e+00 -2.2058e+00 -4.4606e+00 -1.7100e+00 +2.1675e+00 -1.4557e+00 -1.5714e+00 +1.1494e+00 +3.2689e+00
887 +1.378861229e+02 +1.378861229e+02 +6.204961229e+02 +6.204961229e+02 -2.3814e+00 +1.8531e+00 -2.9425e+00 -2.8154e+00 -6.4390e-01 +2.8816e+00 -1.5599e+00 -1.9275e+00 +2.6997e+00 +4.2742e+00
911 +1.003604812e+02 +1.003604812e+02 +5.829704812e+02 +5.829704812e+02 -2.3146e+00 +2.7533e+00 -2.9063e+00 -1.0441e-01 -7.7473e-01 +4.1878e+00 -1.7350e+00 -3.0412e+00 +3.2370e+00 +3.4053e+00
1006 +6.499031964e+01 +6.499031964e+01 +5.476003196e+02 +5.476003196e+02 -2.2927e+00 +3.4235e+00 -2.1844e+00 -5.1804e+00 -1.2176e+00 +3.3593e+00 -1.7698e+00 -2.4818e+00 +2.7519e+00 +3.4226e+00
2755 +4.744761754e+01 +4.744761754e+01 +5.300576175e+02 +5.300576175e+02 -1.2225e+00 +2.7592e+00 -9.1439e-01 -1.8769e+00 -1.9040e+00 +2.2473e+00 -2.9091e+00 -3.4109e+00 +2.4084e+00 +2.6803e+00
7709 +4.059405093e+01 +4.059405093e+01 +5.232040509e+02 +5.232040509e+02 -1.4167e-01 +2.7211e+00 -2.2174e+00 -3.1276e+00 -1.3316e+00 +3.8867e+00 -2.4232e+00 -3.4439e+00 +2.0615e+00 +3.0035e+00
40497 +3.129983562e+01 +3.129983562e+01 +5.139098356e+02 +5.139098356e+02 +7.4142e-01 +3.2889e+00 -5.3296e-01 -2.9332e+00 -1.2749e+00 +2.8220e+00 -3.9431e+00 -2.6645e+00 +2.4322e+00 +2.9941e+00
116482 +2.722099299e+01 +2.722099299e+01 +5.098309930e+02 +5.098309930e+02 +8.4614e-01 +2.4413e+00 -2.8483e+00 -3.0459e+00 -1.3607e+00 +2.8469e+00 -2.8813e+00 -3.0311e+00 +2.7523e+00 +3.2506e+00
233069 +1.860377800e+01 +1.860377800e+01 +5.012137780e+02 +5.012137780e+02 +7.8709e-01 +2.6194e+00 -1.4565e+00 -3.8487e+00 -1.9269e+00 +2.2703e+00 -2.9583e+00 -3.4741e+00 +2.0191e+00 +2.5725e+00
% function evaluation | noise-free fitness - Fopt (7.177000000000e+01) | best noise-free fitness - Fopt | measured fitness | best measured fitness | x1 | x2...
1 +4.616517098e+02 +4.616517098e+02 +5.334217098e+02 +5.334217098e+02 +0.0000e+00 +0.0000e+00 +0.0000e+00 +0.0000e+00 +0.0000e+00 +0.0000e+00 +0.0000e+00 +0.0000e+00 +0.0000e+00 +0.0000e+00
759 +4.474100563e+02 +4.474100563e+02 +5.191800563e+02 +5.191800563e+02 -1.1740e+00 -3.6888e+00 +2.3063e+00 +3.0523e+00 -3.8189e+00 -3.1105e+00 -4.0323e+00 -2.1467e+00 -8.1928e-01 +1.4754e+00
821 +3.903358658e+02 +3.903358658e+02 +4.621058658e+02 +4.621058658e+02 -1.2622e+00 -3.2742e+00 +3.8208e+00 +3.0116e+00 -2.2582e+00 -3.4070e+00 -2.7592e+00 -2.3615e+00 -8.5525e-01 +1.8446e+00
972 +3.011621194e+02 +3.011621194e+02 +3.729321194e+02 +3.729321194e+02 -1.2237e+00 -7.2082e-01 +3.2394e+00 +3.1494e+00 +2.0165e+00 -3.0456e+00 -3.1982e+00 -1.7746e+00 -2.3709e-01 +1.7379e+00
1082 +2.948508595e+02 +2.948508595e+02 +3.666208595e+02 +3.666208595e+02 -1.1264e+00 -5.2594e-01 +2.8332e+00 +2.9530e+00 -4.0774e-01 -2.7773e+00 -4.2765e+00 -2.1335e+00 +2.1123e-01 +8.3402e-01
1112 +2.805393852e+02 +2.805393852e+02 +3.523093852e+02 +3.523093852e+02 -1.2646e+00 +4.6716e-01 +5.4040e+00 +3.1110e+00 +1.2751e-01 -2.7399e+00 -3.7259e+00 -2.1488e+00 +2.3874e-01 +1.3015e+00
1251 +2.196509786e+02 +2.196509786e+02 +2.914209786e+02 +2.914209786e+02 -1.3276e+00 -1.0445e+00 +3.8072e-01 +2.9596e+00 -7.1021e-01 -2.6915e+00 -4.3564e+00 -3.8386e+00 +1.8214e+00 +1.2192e+00
1288 +1.859543911e+02 +1.859543911e+02 +2.577243911e+02 +2.577243911e+02 -9.6671e-01 +4.1278e+00 +9.9432e-01 +2.6261e+00 +2.2056e+00 -2.6470e+00 -3.1397e-01 -6.3057e+00 +2.1026e+00 +2.3047e+00
1404 +1.736977161e+02 +1.736977161e+02 +2.454677161e+02 +2.454677161e+02 -1.3856e+00 +1.6770e+00 +2.3703e+00 +2.7632e+00 +2.1141e-01 -3.0234e+00 -2.5257e+00 -2.3788e+00 +1.1702e+00 +1.8953e+00
1448 +1.428607908e+02 +1.428607908e+02 +2.146307908e+02 +2.146307908e+02 -1.4434e+00 +2.0598e+00 -9.7230e-01 +3.1631e+00 +1.0761e+00 -2.7221e+00 -1.5996e+00 -3.3062e+00 +3.6225e+00 +2.7069e+00
1506 +1.297893896e+02 +1.297893896e+02 +2.015593896e+02 +2.015593896e+02 -2.0643e+00 +1.8759e+00 -4.9187e-02 +2.8221e+00 +1.5727e+00 -3.7904e+00 -2.3991e+00 -4.2424e+00 +2.1295e+00 +1.3032e+00
1647 +1.240620699e+02 +1.240620699e+02 +1.958320699e+02 +1.958320699e+02 -3.8225e-01 +1.2079e+00 +5.5678e-01 +2.7727e+00 +3.9180e+00 -2.7973e+00 -2.7330e+00 -3.7798e+00 +3.0530e+00 +7.9761e-01
1813 +1.185991946e+02 +1.185991946e+02 +1.903691946e+02 +1.903691946e+02 -1.3210e+00 +1.9856e+00 +1.3378e+00 +2.9249e+00 -1.0435e+00 -2.7821e+00 -1.5635e+00 -3.4065e+00 +3.2840e+00 +2.2619e+00
1827 +1.073637615e+02 +1.073637615e+02 +1.791337615e+02 +1.791337615e+02 -1.0788e+00 +9.9038e-01 +2.6289e+00 +2.9259e+00 +1.4680e+00 -2.9643e+00 -2.3907e+00 -3.3470e+00 +3.7984e+00 +1.6796e+00
1858 +1.001369653e+02 +1.001369653e+02 +1.719069653e+02 +1.719069653e+02 -2.1418e+00 +1.9334e+00 +1.5754e+00 +2.7291e+00 +2.0338e+00 -2.1267e+00 -1.4701e+00 -2.4759e+00 +3.9743e+00 +1.7287e+00
1879 +7.864223402e+01 +7.864223402e+01 +1.504122340e+02 +1.504122340e+02 -5.4778e-01 +1.7132e+00 +1.5232e+00 +8.7584e-01 +1.3399e+00 -2.8915e+00 -1.9427e+00 -4.5351e+00 +4.1600e+00 +1.5393e+00
2386 +7.425280532e+01 +7.425280532e+01 +1.460228053e+02 +1.460228053e+02 -3.3419e+00 +1.6766e+00 -7.9400e-01 +2.1754e+00 +1.0079e+00 -2.8365e+00 -1.5246e+00 -3.4905e+00 +3.8717e+00 +1.5980e+00
2428 +6.711486345e+01 +6.711486345e+01 +1.388848634e+02 +1.388848634e+02 -3.4575e+00 +9.1895e-01 +2.7812e+00 +2.0069e+00 +1.3840e+00 -1.2444e+00 -1.4020e+00 -4.9859e+00 +3.6592e+00 +1.9990e+00
2454 +3.091871609e+01 +3.091871609e+01 +1.026887161e+02 +1.026887161e+02 -3.1466e+00 +1.8050e+00 +5.1826e-01 +2.0325e+00 +1.9149e+00 -1.3915e+00 -1.5010e+00 -3.7817e+00 +3.8173e+00 +2.2835e+00
34040 +1.770806049e+01 +1.770806049e+01 +8.947806049e+01 +8.947806049e+01 -3.2135e+00 +2.7698e+00 +6.3229e-01 +1.6036e+00 +1.4664e+00 -8.1443e-01 -1.9598e+00 -3.8352e+00 +4.2122e+00 +2.2743e+00
% function evaluation | noise-free fitness - Fopt (8.448800000000e+02) | best noise-free fitness - Fopt | measured fitness | best measured fitness | x1 | x2...
1 +3.587741051e+02 +3.587741051e+02 +1.203654105e+03 +1.203654105e+03 +0.0000e+00 +0.0000e+00 +0.0000e+00 +0.0000e+00 +0.0000e+00 +0.0000e+00 +0.0000e+00 +0.0000e+00 +0.0000e+00 +0.0000e+00
730 +3.105101865e+02 +3.105101865e+02 +1.155390187e+03 +1.155390187e+03 +3.3601e+00 +9.8081e-01 -4.4288e+00 +1.7585e+00 +1.9760e+00 +3.0936e-01 -2.7899e-01 +4.5270e+00 +5.1076e-01 -1.2181e+00
876 +2.876160173e+02 +2.876160173e+02 +1.132496017e+03 +1.132496017e+03 +3.1756e+00 +1.2299e+00 -4.4365e+00 +1.5790e+00 -1.4758e+00 -2.1663e+00 -6.3833e-01 +4.4375e+00 +3.0689e-01 -1.2967e+00
913 +2.814388416e+02 +2.814388416e+02 +1.126318842e+03 +1.126318842e+03 +4.9566e+00 +8.2453e-01 -3.5821e+00 +1.4601e+00 +2.5479e-01 -1.2418e+00 -6.0923e-01 +4.4639e+00 +4.7530e-02 -1.9387e+00
935 +2.572455756e+02 +2.572455756e+02 +1.102125576e+03 +1.102125576e+03 +3.0662e+00 +1.1648e+00 -3.8647e+00 +1.5102e+00 +1.7072e+00 -1.4531e+00 -7.3278e-01 +4.3622e+00 +5.7614e-01 -1.3721e+00
984 +2.533923291e+02 +2.533923291e+02 +1.098272329e+03 +1.098272329e+03 -1.0533e-01 +1.3270e+00 -4.5392e+00 +1.0906e+00 +3.6400e+00 -1.6853e+00 -1.2562e+00 +4.5029e+00 -2.3339e-01 -1.4872e+00
1013 +2.439819931e+02 +2.439819931e+02 +1.088861993e+03 +1.088861993e+03 +5.2683e+00 +9.7232e-01 -4.3412e+00 +1.7542e+00 +2.3718e+00 -1.9363e+00 -2.5277e+00 +4.5162e+00 +6.9886e-01 -1.5238e+00
1075 +2.117580771e+02 +2.117580771e+02 +1.056638077e+03 +1.056638077e+03 +4.3289e+00 +1.2808e+00 -3.7901e+00 +9.3188e-01 +1.0712e+00 -2.1239e+00 -2.9659e+00 +4.3449e+00 +3.9425e-01 -1.6986e+00
1156 +1.925236022e+02 +1.925236022e+02 +1.037403602e+03 +1.037403602e+03 +2.9254e+00 +1.2316e+00 -3.3558e+00 +1.5881e+00 +1.6455e+00 -2.1980e+00 -2.4765e+00 +4.3145e+00 +1.1833e-01 -1.9190e+00
1258 +1.791344658e+02 +1.791344658e+02 +1.024014466e+03 +1.024014466e+03 -7.4116e-01 +2.1332e+00 -4.1925e+00 +6.5459e-01 +1.7276e+00 -1.2748e+00 -2.5998e+00 +3.1188e+00 -1.7460e-01 -2.5588e+00
1259 +1.620420480e+02 +1.620420480e+02 +1.006922048e+03 +1.006922048e+03 +2.6415e+00 +2.2691e-01 -3.0753e+00 +1.3426e+00 +2.0059e+00 -2.1796e+00 -3.2665e+00 +4.2302e-01 +1.1488e-01 -1.9052e+00
1359 +1.550554093e+02 +1.550554093e+02 +9.999354093e+02 +9.999354093e+02 +3.7419e+00 +7.6140e-01 -4.0795e+00 +1.0261e+00 +1.2673e+00 -2.3743e+00 -2.5011e+00 +2.8725e+00 +8.3134e-01 -1.7010e+00
1389 +1.428647163e+02 +1.428647163e+02 +9.877447163e+02 +9.877447163e+02 +2.6459e+00 -1.3607e+00 -4.5190e+00 +8.5961e-01 +3.2334e+00 -2.0675e+00 -4.4519e+00 +2.2327e+00 -2.3204e-01 -2.2373e+00
1398 +1.315914134e+02 +1.315914134e+02 +9.764714134e+02 +9.764714134e+02 +3.0008e+00 +1.0086e+00 -3.5944e+00 +3.0742e-01 +1.5947e+00 -2.2555e+00 -2.1177e+00 +3.2508e+00 +2.8371e-01 -1.5580e+00
1429 +1.136819831e+02 +1.136819831e+02 +9.585619831e+02 +9.585619831e+02 +3.5256e+00 +1.3342e+00 -3.7116e+00 +1.5268e+00 +2.6597e+00 -2.7726e+00 -2.8174e+00 +2.4072e+00 +2.2678e-01 -3.0700e+00
1435 +9.556667570e+01 +9.556667570e+01 +9.404466757e+02 +9.404466757e+02 +5.3137e+00 +7.5854e-01 -2.8600e+00 +9.9208e-01 +2.9131e+00 -1.9923e+00 -2.5831e+00 +2.8870e+00 +3.5276e-01 -2.0462e+00
1460 +8.429327351e+01 +8.429327351e+01 +9.291732735e+02 +9.291732735e+02 +6.3632e+00 +1.2390e+00 -3.2018e+00 +1.4524e+00 +1.9500e+00 -2.1858e+00 -3.0775e+00 +1.4899e+00 +2.6883e-01 -2.6214e+00
1621 +7.765363339e+01 +7.765363339e+01 +9.225336334e+02 +9.225336334e+02 +3.2150e+00 +4.4106e-01 -2.3753e+00 +1.1886e+00 +3.4403e+00 -2.3722e+00 -2.8438e+00 +6.6410e-01 -1.1521e-01 -2.5080e+00
1649 +6.966439427e+01 +6.966439427e+01 +9.145443943e+02 +9.145443943e+02 +4.9788e+00 +5.6887e-01 -2.7709e+00 +1.1749e+00 +3.5373e+00 -2.6806e+00 -3.2219e+00 +1.0178e+00 -4.4092e-01 -2.3125e+00
1805 +6.768559736e+01 +6.768559736e+01 +9.125655974e+02 +9.125655974e+02 +2.9112e+00 +7.2734e-01 -2.8004e+00 +1.8567e+00 +3.2574e+00 -9.7532e-01 -2.8944e+00 +1.4895e+00 +9.9327e-03 -2.2953e+00
1891 +4.994518825e+01 +4.994518825e+01 +8.948251882e+02 +8.948251882e+02 +2.3602e+00 +7.0519e-01 -2.7292e+00 +1.4442e+00 +2.7958e+00 -2.4089e+00 -2.9086e+00 +1.4713e+00 +2.8763e-01 -2.2903e+00
3588 +4.733660608e+01 +4.733660608e+01 +8.922166061e+02 +8.922166061e+02 +2.2760e+00 -3.3024e-01 -4.2302e+00 -4.6290e-01 +2.6809e+00 -6.4934e-01 -2.0938e+00 +1.3583e+00 -6.9674e-02 -2.2622e+00
5735 +2.508338095e+01 +2.508338095e+01 +8.699633809e+02 +8.699633809e+02 +3.1370e+00 +5.1799e-01 -4.4313e+00 +1.1119e+00 +4.1210e+00 -1.7633e+00 -2.5238e+00 +9.7808e-01 +1.0785e+00 -2.6073e+00
146519 +2.369044233e+01 +2.369044233e+01 +8.685704423e+02 +8.685704423e+02 +5.2653e+00 +5.0224e-01 -3.6489e+00 +9.2444e-01 +2.7323e+00 -2.2262e+00 -3.0374e+00 +9.9300e-01 +3.3333e-01 -3.3109e+00
481101 +2.139258322e+01 +2.139258322e+01 +8.662725832e+02 +8.662725832e+02 +3.2255e+00 +4.4448e-01 -5.0052e+00 -4.6824e-01 +2.8379e+00 -1.6631e+00 -2.9228e+00 +9.4953e-01 -2.2231e-02 -2.6778e+00
% function evaluation | noise-free fitness - Fopt (-4.222000000000e+01) | best noise-free fitness - Fopt | measured fitness | best measured fitness | x1 | x2...
1 +4.397978810e+02 +4.397978810e+02 +3.975778810e+02 +3.975778810e+02 +0.0000e+00 +0.0000e+00 +0.0000e+00 +0.0000e+00 +0.0000e+00 +0.0000e+00 +0.0000e+00 +0.0000e+00 +0.0000e+00 +0.0000e+00
861 +3.928193951e+02 +3.928193951e+02 +3.505993951e+02 +3.505993951e+02 +1.1451e+00 +4.3998e+00 +1.8693e+00 +3.3404e+00 -5.2931e-01 +1.6913e+00 -4.4541e-01 -2.9837e+00 -2.8743e+00 +2.2176e+00
885 +3.632142941e+02 +3.632142941e+02 +3.209942941e+02 +3.209942941e+02 -5.4429e-02 +4.3681e+00 +2.8566e+00 +3.4461e+00 +7.9086e-02 +1.1231e+00 -1.3248e+00 -2.5189e+00 -2.7101e+00 +3.6408e+00
936 +3.572943174e+02 +3.572943174e+02 +3.150743174e+02 +3.150743174e+02 -5.3486e-02 +4.3745e+00 +3.6567e+00 +3.6864e+00 -6.7499e-01 +1.4453e+00 -1.6831e+00 -4.2722e+00 -2.3591e+00 +3.8044e+00
939 +3.058702000e+02 +3.058702000e+02 +2.636502000e+02 +2.636502000e+02 +6.8990e-01 +3.7473e+00 +2.8473e+00 +3.5969e+00 -1.2363e+00 +7.2302e-01 -5.0844e-01 -3.9316e+00 -3.4632e-01 +1.8997e+00
972 +2.988721870e+02 +2.988721870e+02 +2.566521870e+02 +2.566521870e+02 +6.9655e-01 +3.5972e+00 +3.3491e+00 +3.8633e+00 -2.9658e+00 +1.1273e+00 +3.0814e+00 -3.9473e+00 -2.6490e+00 +5.0697e+00
1016 +2.769718355e+02 +2.769718355e+02 +2.347518355e+02 +2.347518355e+02 -3.7549e-01 +1.8721e+00 +2.5937e+00 +3.9468e+00 -9.1768e-01 +9.5461e-01 -7.3531e-01 -4.0057e+00 -2.2193e+00 +2.5805e+00
1022 +2.345570767e+02 +2.345570767e+02 +1.923370767e+02 +1.923370767e+02 +6.2736e-01 -6.5259e-01 +5.0324e+00 +3.8444e+00 -3.1917e+00 +1.3542e+00 +2.6970e+00 -1.4091e+00 -2.3112e+00 +3.2049e+00
1114 +2.260651630e+02 +2.260651630e+02 +1.838451630e+02 +1.838451630e+02 +6.6592e-01 +2.4320e+00 +2.0857e+00 +3.6744e+00 -3.0369e+00 +1.3342e+00 +3.3239e-01 -4.6670e+00 -2.0870e+00 +3.3037e+00
1122 +2.032475744e+02 +2.032475744e+02 +1.610275744e+02 +1.610275744e+02 +1.4551e+00 +1.6147e+00 +3.3924e+00 +2.1281e+00 -2.5093e+00 +1.5069e+00 +5.8769e-01 -2.0671e+00 -2.3243e+00 +3.8779e+00
1192 +1.650662510e+02 +1.650662510e+02 +1.228462510e+02 +1.228462510e+02 +1.0958e+00 +1.4735e+00 +3.2695e+00 +3.1049e+00 -2.6902e+00 +1.3082e+00 +1.6036e+00 -2.5276e+00 +5.7270e-02 +3.6739e+00
1229 +1.553758327e+02 +1.553758327e+02 +1.131558327e+02 +1.131558327e+02 +1.5153e+00 +4.2537e-02 +2.8984e+00 +3.0642e+00 -2.0540e+00 +1.6071e+00 +1.1409e+00 -3.4823e+00 -1.4949e+00 +3.1766e+00
1329 +1.485379587e+02 +1.485379587e+02 +1.063179587e+02 +1.063179587e+02 +4.4443e-01 -2.1290e+00 +2.7028e+00 +2.5321e+00 -7.0849e+00 +7.5358e-01 +2.8732e-01 -3.5165e+00 -9.2147e-01 +2.9928e+00
1382 +1.427165975e+02 +1.427165975e+02 +1.004965975e+02 +1.004965975e+02 +4.1755e-01 -1.6909e+00 +4.0059e+00 +2.4429e+00 -2.9603e+00 +1.2771e+00 +1.1098e+00 -3.0583e+00 -1.1324e-01 +2.4009e+00
1399 +1.136318903e+02 +1.136318903e+02 +7.141189033e+01 +7.141189033e+01 -4.9681e-01 -6.7034e+00 +3.4985e+00 +2.6612e+00 -1.4020e+00 +1.3867e+00 +1.0721e+00 -3.1098e+00 -1.8237e-01 +3.0753e+00
1430 +9.441902609e+01 +9.441902609e+01 +5.219902609e+01 +5.219902609e+01 +1.8117e+00 -5.1360e+00 +2.7737e+00 +2.0426e+00 -1.3471e+00 +1.1286e+00 +1.1009e+00 -2.8247e+00 -3.9127e-01 +3.0360e+00
1493 +7.520878875e+01 +7.520878875e+01 +3.298878875e+01 +3.298878875e+01 -3.5648e-01 -2.4995e+00 +2.8933e+00 +2.4162e+00 -2.3333e+00 +1.2824e+00 +1.0595e+00 -3.0891e+00 -3.9560e-01 +3.2660e+00
1981 +6.279639817e+01 +6.279639817e+01 +2.057639817e+01 +2.057639817e+01 +1.5194e+00 -3.9391e+00 +1.9699e+00 +1.6401e+00 -1.8202e+00 +2.0487e-01 +1.4664e+00 -3.2954e+00 +3.9218e-01 +3.9586e+00
2225 +4.025538164e+01 +4.025538164e+01 -1.964618364e+00 -1.964618364e+00 +3.5433e+00 -3.9622e+00 +1.9293e+00 +1.3915e+00 -2.1379e+00 -8.8620e-01 +1.1378e+00 -2.4903e+00 +3.1299e-01 +3.9907e+00
2641 +3.899057617e+01 +3.899057617e+01 -3.229423829e+00 -3.229423829e+00 +2.2498e+00 -3.9129e+00 +2.0282e+00 +1.3877e+00 -2.1412e+00 -8.1474e-01 +2.0071e+00 -3.0533e+00 +1.9280e-02 +4.2883e+00
10245 +3.808319865e+01 +3.808319865e+01 -4.136801350e+00 -4.136801350e+00 +1.8293e+00 -4.2369e+00 +2.7915e+00 +7.3664e-01 -2.8763e+00 -3.4779e-01 +1.1098e+00 -3.5379e+00 +3.8450e-01 +4.0093e+00
23790 +3.658327456e+01 +3.658327456e+01 -5.636725437e+00 -5.636725437e+00 +1.5000e+00 -3.8481e+00 +2.7401e+00 -1.2305e+00 -2.0865e+00 -2.2354e-01 +1.5220e+00 -3.2293e+00 +4.1511e-01 +4.0127e+00
24259 +3.592172611e+01 +3.592172611e+01 -6.298273887e+00 -6.298273887e+00 +6.5323e-01 -4.7518e+00 +2.7031e+00 +9.6072e-03 -2.7106e+00 -8.5384e-01 +1.0454e+00 -3.1981e+00 -7.8924e-02 +4.2848e+00
32229 +3.081366920e+01 +3.081366920e+01 -1.140633080e+01 -1.140633080e+01 +2.5529e+00 -3.8972e+00 +2.7038e+00 +8.2930e-01 -2.2186e+00 -3.2879e-01 +1.2263e+00 -4.0180e+00 -1.0790e-01 +4.3102e+00
84391 +2.499081568e+01 +2.499081568e+01 -1.722918432e+01 -1.722918432e+01 +2.6435e+00 -4.1531e+00 +2.0318e+00 -6.7100e-01 -2.7452e+00 -8.5213e-01 +1.6088e+00 -3.5213e+00 +3.7237e-01 +3.9524e+00
192455 +2.424024049e+01 +2.424024049e+01 -1.797975951e+01 -1.797975951e+01 +1.7229e+00 -3.9925e+00 +2.0296e+00 +1.0411e+00 -1.6478e+00 -2.7425e-01 +1.0771e+00 -3.1739e+00 -2.8541e-02 +4.3913e+00
% function evaluation | noise-free fitness - Fopt (-9.179000000000e+01) | best noise-free fitness - Fopt | measured fitness | best measured fitness | x1 | x2...
1 +4.339033208e+02 +4.339033208e+02 +3.421133208e+02 +3.421133208e+02 +0.0000e+00 +0.0000e+00 +0.0000e+00 +0.0000e+00 +0.0000e+00 +0.0000e+00 +0.0000e+00 +0.0000e+00 +0.0000e+00 +0.0000e+00
388 +3.965355359e+02 +3.965355359e+02 +3.047455359e+02 +3.047455359e+02 +2.8181e+00 -1.3515e+00 +8.0054e-02 -1.3004e+00 +2.2599e+00 -2.2579e+00 -1.9540e+00 +1.5412e+00 -1.0202e+00 +1.5418e+00
514 +3.609528545e+02 +3.609528545e+02 +2.691628545e+02 +2.691628545e+02 +3.0751e+00 -2.1440e+00 -1.0093e-01 -1.3326e+00 +2.5808e+00 -2.2624e+00 -2.0256e+00 +1.1844e+00 -7.5701e-02 +7.1980e-01
531 +3.271100737e+02 +3.271100737e+02 +2.353200737e+02 +2.353200737e+02 +3.2078e+00 -1.4758e+00 -1.5466e-02 -1.3187e+00 +2.2746e+00 -2.2651e+00 -2.0052e+00 +1.0993e+00 +1.2287e+00 +1.2237e+00
546 +2.758521652e+02 +2.758521652e+02 +1.840621652e+02 +1.840621652e+02 +3.0609e+00 -2.9633e+00 +1.5538e-01 -1.2617e+00 +2.3771e+00 -2.2334e+00 -1.9745e+00 +1.3031e+00 +3.3805e+00 -1.5062e-02
627 +2.662231228e+02 +2.662231228e+02 +1.744331228e+02 +1.744331228e+02 +2.1452e+00 -3.7368e-02 +3.7964e-02 -1.2947e+00 +2.3667e+00 -2.2643e+00 -1.8826e+00 +2.2992e+00 +2.0306e+00 +9.9226e-01
654 +2.530115825e+02 +2.530115825e+02 +1.612215825e+02 +1.612215825e+02 +3.1364e+00 -5.3564e-01 -1.8094e-02 -1.3094e+00 +2.3588e+00 -2.2453e+00 -2.0023e+00 +1.5575e+00 +2.6446e+00 -3.7874e-01
655 +2.461051805e+02 +2.461051805e+02 +1.543151805e+02 +1.543151805e+02 +2.7501e+00 +3.9556e-01 +7.6841e-02 -1.3659e+00 +2.4102e+00 -2.2251e+00 -2.0475e+00 +1.9487e+00 +2.6296e+00 +9.1599e-01
698 +2.396995261e+02 +2.396995261e+02 +1.479095261e+02 +1.479095261e+02 +2.6656e+00 -2.9924e+00 -5.0929e-01 -1.3062e+00 +2.3643e+00 -2.2408e+00 -2.0889e+00 +1.5066e+00 +3.1249e+00 -1.6696e-01
714 +2.158087023e+02 +2.158087023e+02 +1.240187023e+02 +1.240187023e+02 +3.0423e+00 -2.0758e+00 -3.8948e-01 -1.2962e+00 +2.1819e+00 -2.2435e+00 -2.0151e+00 +2.1872e+00 +3.4626e+00 -3.1815e-01
917 +2.010736839e+02 +2.010736839e+02 +1.092836839e+02 +1.092836839e+02 +2.0888e+00 +2.9883e-01 -1.2562e+00 -1.1760e+00 +2.8914e+00 -2.2915e+00 -2.1779e+00 +1.8898e+00 +3.1717e+00 +8.0003e-01
959 +1.860417398e+02 +1.860417398e+02 +9.425173979e+01 +9.425173979e+01 +9.7093e-01 +4.4632e-01 -8.0404e-01 -1.3340e+00 +2.1972e+00 -2.1663e+00 -2.0913e+00 +2.5922e+00 +2.9970e+00 -3.0940e-01
1053 +1.818728588e+02 +1.818728588e+02 +9.008285875e+01 +9.008285875e+01 +8.5258e-02 +4.5557e-01 -1.8392e+00 -1.3387e+00 +3.0151e+00 -2.1855e+00 -2.1661e+00 +3.8277e+00 +2.3753e+00 +6.0927e-01
1170 +1.641268177e+02 +1.641268177e+02 +7.233681765e+01 +7.233681765e+01 -9.8903e-03 +1.4659e+00 -1.8964e+00 -1.3423e+00 +3.1650e+00 -2.2218e+00 -2.2088e+00 +3.1539e+00 +3.1701e+00 -3.5412e-01
1736 +1.580870539e+02 +1.580870539e+02 +6.629705386e+01 +6.629705386e+01 -1.8391e+00 +4.8657e+00 -2.7791e+00 -1.3980e+00 +4.1265e+00 -1.5476e+00 -2.1457e+00 +1.9324e+00 +3.1041e+00 +4.0011e-01
2045 +1.524937665e+02 +1.524937665e+02 +6.070376652e+01 +6.070376652e+01 -2.0928e+00 +3.2101e+00 -3.8522e+00 -1.3734e+00 +3.3223e+00 -1.1553e-01 -3.2513e+00 +2.9191e+00 +3.5516e+00 +1.3834e-01
2090 +1.491288932e+02 +1.491288932e+02 +5.733889315e+01 +5.733889315e+01 -2.5841e+00 +2.9417e-01 -2.8308e+00 -1.3154e+00 +3.3792e+00 -2.9011e-01 -2.8186e+00 +3.5714e+00 +3.0691e+00 +8.7299e-02
2110 +1.434664364e+02 +1.434664364e+02 +5.167643643e+01 +5.167643643e+01 -1.6160e+00 +3.1220e-01 -6.4255e+00 -1.4260e+00 +2.7655e+00 +1.5842e+00 -2.8300e+00 +1.9016e+00 +4.4679e+00 +4.7087e-02
2122 +8.209312473e+01 +8.209312473e+01 -9.696875266e+00 -9.696875266e+00 -1.2297e+00 +1.7789e+00 -4.8808e+00 -1.3832e+00 +2.2395e+00 +4.4627e+00 -2.7036e+00 +2.8546e+00 +3.6070e+00 -1.6437e-02
2383 +7.065078785e+01 +7.065078785e+01 -2.113921215e+01 -2.113921215e+01 -1.0267e+00 +1.3912e+00 -4.9687e+00 -1.4677e+00 +2.7789e+00 +4.9293e+00 -2.5277e+00 +1.9769e+00 +3.0818e+00 +2.2436e-01
2620 +6.541164085e+01 +6.541164085e+01 -2.637835915e+01 -2.637835915e+01 -1.2601e-01 +1.4936e+00 -2.8205e+00 -1.5103e+00 +3.4480e+00 +3.8899e+00 -2.5207e+00 +2.1913e+00 +2.8821e+00 +7.6927e-01
2892 +1.864195458e+01 +1.864195458e+01 -7.314804542e+01 -7.314804542e+01 -1.1841e-01 +1.3083e+00 -4.2172e+00 -1.3879e+00 +3.2720e+00 +3.3776e+00 -3.0548e+00 +4.1660e+00 +2.7638e+00 +1.4892e-02
% function evaluation | noise-free fitness - Fopt (-1.277000000000e+01) | best noise-free fitness - Fopt | measured fitness | best measured fitness | x1 | x2...
1 +3.027344696e+02 +3.027344696e+02 +2.899644696e+02 +2.899644696e+02 +0.0000e+00 +0.0000e+00 +0.0000e+00 +0.0000e+00 +0.0000e+00 +0.0000e+00 +0.0000e+00 +0.0000e+00 +0.0000e+00 +0.0000e+00
971 +2.909918330e+02 +2.909918330e+02 +2.782218330e+02 +2.782218330e+02 +4.2810e+00 -5.5200e-01 -1.9558e+00 +1.2833e-01 -4.0561e+00 +2.7145e+00 +1.1330e+00 -1.2707e+00 -1.2190e+00 -9.9840e-01
980 +2.617491785e+02 +2.617491785e+02 +2.489791785e+02 +2.489791785e+02 +3.5700e+00 +2.4834e+00 -1.8448e+00 +3.0873e-01 -3.8070e+00 +3.2767e+00 -2.7855e-01 -1.4513e+00 -5.4592e-01 -1.1265e+00
1061 +2.444769531e+02 +2.444769531e+02 +2.317069531e+02 +2.317069531e+02 +3.4869e+00 +2.0336e+00 -3.9062e-01 +1.8355e+00 -3.7334e+00 +2.2318e+00 +2.3974e+00 -1.0040e+00 +3.0660e-01 +8.6429e-01
1071 +2.350933354e+02 +2.350933354e+02 +2.223233354e+02 +2.223233354e+02 +1.3351e+00 -3.4479e+00 -8.1545e-01 -2.8197e-01 -4.2120e+00 +3.3798e+00 +1.4647e+00 -1.5345e+00 +8.1192e-02 -2.6887e-01
1079 +2.240562001e+02 +2.240562001e+02 +2.112862001e+02 +2.112862001e+02 +5.6705e+00 -9.8770e-01 -2.8472e-01 +6.7780e-01 -4.3241e+00 +1.9269e+00 +1.0251e+00 -1.8923e+00 -2.5769e-01 -8.1801e-01
1105 +2.074047995e+02 +2.074047995e+02 +1.946347995e+02 +1.946347995e+02 +5.0713e+00 +1.1783e+00 -1.4238e+00 +5.9243e-01 -4.0422e+00 +2.6732e+00 +3.0099e+00 -1.0871e+00 -2.4674e-02 -2.6998e+00
1113 +1.687306269e+02 +1.687306269e+02 +1.559606269e+02 +1.559606269e+02 +3.9307e+00 +1.3624e+00 -1.2981e+00 +5.6972e-01 -3.7901e+00 +2.4361e+00 +1.6789e+00 -1.5526e+00 +2.3039e-02 -1.7654e+00
1208 +1.620123419e+02 +1.620123419e+02 +1.492423419e+02 +1.492423419e+02 +3.7524e+00 -1.3302e+00 -3.2579e+00 +1.3662e+00 -3.9757e+00 +2.1608e+00 +3.0369e+00 -1.1394e+00 +6.8553e-02 -9.7334e-01
1237 +1.524014282e+02 +1.524014282e+02 +1.396314282e+02 +1.396314282e+02 +4.4365e+00 +2.6160e+00 -1.6231e+00 +8.8683e-01 -4.1084e+00 +1.9758e+00 +2.8453e+00 -6.5310e-01 +3.3985e-01 -1.3464e+00
1393 +1.488535387e+02 +1.488535387e+02 +1.360835387e+02 +1.360835387e+02 +3.8825e+00 +2.3180e+00 -1.2633e+00 +5.4113e-01 -3.3760e+00 +1.4331e+00 +2.1477e+00 -2.6434e+00 +1.4955e-02 -5.6028e-01
1440 +1.391589870e+02 +1.391589870e+02 +1.263889870e+02 +1.263889870e+02 +4.4931e+00 +3.2566e+00 -3.6014e+00 +2.5828e-01 -2.8297e+00 +2.7649e+00 +3.2892e+00 -1.2064e+00 +4.3438e-01 -1.7122e+00
1459 +1.366422098e+02 +1.366422098e+02 +1.238722098e+02 +1.238722098e+02 +3.5265e+00 +5.5331e+00 -2.9412e+00 -3.4055e-01 -3.3648e+00 +2.4634e+00 +3.5483e+00 -1.4710e+00 +3.3427e-01 -9.3057e-01
1498 +1.119769668e+02 +1.119769668e+02 +9.920696677e+01 +9.920696677e+01 +2.5955e+00 +1.3649e+00 -1.5894e+00 +3.4390e-01 -2.6952e+00 +2.4707e+00 +4.3963e+00 -1.1990e+00 +1.2623e-01 -1.5134e+00
1643 +1.040735579e+02 +1.040735579e+02 +9.130355793e+01 +9.130355793e+01 +2.7009e+00 +1.4795e+00 -3.0274e+00 -8.8621e-01 -3.1627e+00 +2.2682e+00 +2.2397e+00 -1.3537e+00 +3.4277e+00 -1.5249e+00
1763 +9.414382498e+01 +9.414382498e+01 +8.137382498e+01 +8.137382498e+01 +4.8711e+00 +1.5650e+00 -2.9081e+00 -3.9360e-01 -2.2077e+00 +1.7452e+00 +3.4994e+00 -2.0762e+00 +1.3217e+00 -1.4902e+00
1991 +8.094709123e+01 +8.094709123e+01 +6.817709123e+01 +6.817709123e+01 +3.2439e+00 +1.1796e+00 -3.8535e+00 +9.3176e-02 -1.6775e+00 +1.9740e+00 +2.5182e+00 -8.0134e-01 +2.1918e+00 -5.2668e-01
2155 +7.729961397e+01 +7.729961397e+01 +6.452961397e+01 +6.452961397e+01 +5.1101e+00 +3.8405e+00 -3.5849e+00 +4.1811e-01 -1.0589e+00 +3.1938e+00 +3.0107e+00 -1.0795e+00 +2.6171e+00 -8.0361e-01
2375 +7.049071847e+01 +7.049071847e+01 +5.772071847e+01 +5.772071847e+01 +3.7540e+00 +1.5119e+00 -3.6946e+00 +1.0599e+00 -1.2400e+00 +2.5071e+00 +2.9396e+00 -6.2701e-01 +2.7349e+00 -9.4381e-01
2523 +6.306302766e+01 +6.306302766e+01 +5.029302766e+01 +5.029302766e+01 +4.6180e+00 -8.0463e-02 -5.2730e-01 +1.5935e-01 -2.4827e+00 +2.4606e+00 +2.4322e+00 -6.9117e-01 +3.9437e+00 -8.5324e-01
2829 +6.157262691e+01 +6.157262691e+01 +4.880262691e+01 +4.880262691e+01 +5.1177e+00 +3.8507e+00 -7.5461e-01 +1.4015e+00 -2.1382e+00 +2.0129e+00 +2.8717e+00 -1.5737e+00 +2.6382e+00 -5.5218e-01
3339 +4.907892474e+01 +4.907892474e+01 +3.630892474e+01 +3.630892474e+01 +4.2681e+00 +3.9403e+00 -2.2030e+00 +9.7277e-01 -2.2859e+00 +2.5763e+00 +3.4363e+00 -1.5352e+00 +3.4799e+00 -1.0657e-01
8155 +4.754247630e+01 +4.754247630e+01 +3.477247630e+01 +3.477247630e+01 +3.7275e+00 +1.6240e+00 -1.6394e+00 +9.2872e-01 -1.6841e+00 +2.1150e+00 +2.9812e+00 -1.6894e+00 +3.0365e+00 -8.1239e-01
26654 +4.056872987e+01 +4.056872987e+01 +2.779872987e+01 +2.779872987e+01 +2.8606e+00 +7.5517e-01 -1.4578e+00 +2.7762e-01 -1.7169e+00 +2.9916e+00 +2.9828e+00 -1.5897e+00 +2.9943e+00 -8.0658e-01
28498 +3.811515798e+01 +3.811515798e+01 +2.534515798e+01 +2.534515798e+01 +3.6192e+00 +2.3217e+00 -2.7245e+00 +2.3819e-01 -2.2071e+00 +2.6536e+00 +3.3674e+00 -1.1461e+00 +3.0245e+00 -1.1657e+00
40542 +3.771577986e+01 +3.771577986e+01 +2.494577986e+01 +2.494577986e+01 +4.6142e+00 +2.3617e+00 -1.2926e+00 +8.2852e-01 -2.3267e+00 +3.2709e+00 +2.9624e+00 -1.5355e+00 +3.6538e+00 -1.1415e+00
48349 +3.381047347e+01 +3.381047347e+01 +2.104047347e+01 +2.104047347e+01 +5.4948e+00 +6.0014e-01 -1.5504e+00 -4.8841e-01 -2.3228e+00 +2.0652e+00 +3.4208e+00 -7.1796e-01 +3.4108e+00 -1.1502e+00
74845 +3.278109475e+01 +3.278109475e+01 +2.001109475e+01 +2.001109475e+01 +1.5952e+00 +1.2555e+00 -2.1540e+00 +1.1084e-01 -1.0722e+00 +1.8179e+00 +3.4430e+00 -1.1831e+00 +2.9756e+00 -7.9295e-01
135264 +2.479899356e+01 +2.479899356e+01 +1.202899356e+01 +1.202899356e+01 +2.5881e+00 +1.4588e+00 -2.1847e+00 -4.5333e-01 -2.3548e+00 +2.0002e+00 +3.4741e+00 -1.1544e+00 +2.2789e+00 -8.8403e-01
% function evaluation | noise-free fitness - Fopt (-1.000000000000e+03) | best noise-free fitness - Fopt | measured fitness | best measured fitness | x1 | x2...
1 +3.097186966e+02 +3.097186966e+02 -6.902813034e+02 -6.902813034e+02 +0.0000e+00 +0.0000e+00 +0.0000e+00 +0.0000e+00 +0.0000e+00 +0.0000e+00 +0.0000e+00 +0.0000e+00 +0.0000e+00 +0.0000e+00
802 +3.055145634e+02 +3.055145634e+02 -6.944854366e+02 -6.944854366e+02 -3.9592e+00 -3.6493e+00 +2.7055e+00 +9.4039e-01 +4.2745e-01 +1.6051e+00 +4.6362e+00 -7.8187e-01 +3.2350e+00 +2.5074e-01
964 +3.005231486e+02 +3.005231486e+02 -6.994768514e+02 -6.994768514e+02 -4.2418e+00 -4.4926e+00 +2.7062e+00 +9.2922e-01 +3.5259e-01 +1.6052e+00 +3.3998e+00 -1.6487e+00 +3.1848e+00 -8.6941e-01
1168 +2.779824580e+02 +2.779824580e+02 -7.220175420e+02 -7.220175420e+02 -2.4667e+00 -2.8736e-01 +2.6795e+00 -2.9012e-01 +3.1881e-01 +1.6051e+00 +4.3879e+00 -7.4542e-02 +3.2453e+00 -1.0261e+00
1254 +2.621207392e+02 +2.621207392e+02 -7.378792608e+02 -7.378792608e+02 -2.5904e+00 -1.8556e+00 +2.6872e+00 -3.2222e-01 -1.7414e-01 +1.6074e+00 +3.8697e+00 -3.7792e-01 +3.2639e+00 -9.2798e-01
1270 +2.557532418e+02 +2.557532418e+02 -7.442467582e+02 -7.442467582e+02 -2.4267e+00 -2.3970e+00 +2.6924e+00 -5.2687e-01 +6.7242e-01 +1.6019e+00 +3.5207e+00 +1.4875e-01 +3.2131e+00 -8.8899e-01
1291 +2.443316572e+02 +2.443316572e+02 -7.556683428e+02 -7.556683428e+02 -3.3709e+00 -3.1049e+00 +2.6895e+00 +1.7004e+00 -1.8045e+00 +1.6089e+00 +4.5771e+00 +1.7223e+00 +3.2418e+00 -1.1524e+00
1356 +2.274408734e+02 +2.274408734e+02 -7.725591266e+02 -7.725591266e+02 -3.0834e+00 -2.7907e-01 +2.6670e+00 -2.1647e-01 +3.6502e-01 +1.6099e+00 +3.2841e+00 +1.1071e+00 +3.2530e+00 -9.0617e-01
1370 +2.124248198e+02 +2.124248198e+02 -7.875751802e+02 -7.875751802e+02 -2.8081e+00 -4.8202e+00 +2.6636e+00 +1.3975e-01 -1.5343e+00 +1.6030e+00 +4.9858e+00 +1.2944e+00 +3.2204e+00 -1.3193e+00
1409 +2.056344836e+02 +2.056344836e+02 -7.943655164e+02 -7.943655164e+02 -2.9377e+00 -3.7479e-01 +2.6581e+00 +3.2838e-01 -1.1423e+00 +1.6049e+00 +2.8583e+00 +2.1316e+00 +3.0083e+00 -9.9176e-01
1414 +1.926367389e+02 +1.926367389e+02 -8.073632611e+02 -8.073632611e+02 -2.6970e+00 -2.9433e+00 +2.6570e+00 -4.4101e-01 -3.8139e-01 +1.6047e+00 +4.2519e+00 +3.4481e+00 +3.1857e+00 -1.0935e+00
1529 +1.891076154e+02 +1.891076154e+02 -8.108923846e+02 -8.108923846e+02 -2.9177e+00 -1.6560e+00 +2.6581e+00 +1.1336e-01 -1.1023e+00 +1.5869e+00 +4.3318e+00 +1.9043e+00 +3.1938e+00 -5.6061e-01
1549 +1.796462170e+02 +1.796462170e+02 -8.203537830e+02 -8.203537830e+02 -2.9281e+00 -3.7048e+00 +2.6508e+00 -6.5279e-01 -9.2762e-01 +1.6023e+00 +3.6126e+00 +2.9505e+00 +3.3023e+00 -5.8126e-01
1584 +1.758392173e+02 +1.758392173e+02 -8.241607827e+02 -8.241607827e+02 -2.7841e+00 -4.9198e+00 +2.6634e+00 -1.0671e+00 -8.6346e-01 +1.6006e+00 +3.8451e+00 +3.9111e+00 +3.2208e+00 -9.0997e-01
1610 +1.661751755e+02 +1.661751755e+02 -8.338248245e+02 -8.338248245e+02 -3.2238e+00 -3.6897e+00 +2.6986e+00 -6.9482e-01 -1.4928e+00 +1.5993e+00 +3.9789e+00 +3.7267e+00 +3.2043e+00 -7.8578e-01
1712 +1.659517223e+02 +1.659517223e+02 -8.340482777e+02 -8.340482777e+02 -1.9440e+00 -8.6804e-01 +2.6865e+00 +3.9524e-01 -8.9867e-01 +1.6012e+00 +3.8124e+00 +3.3071e+00 +3.1419e+00 -9.6889e-01
1715 +1.602421385e+02 +1.602421385e+02 -8.397578615e+02 -8.397578615e+02 -8.7846e-01 -2.0975e+00 +2.6406e+00 +1.3319e+00 -1.2641e+00 +1.6050e+00 +3.8257e+00 +3.7858e+00 +3.1213e+00 -5.2604e-01
1725 +1.415489177e+02 +1.415489177e+02 -8.584510823e+02 -8.584510823e+02 -1.9612e+00 -2.9043e+00 +2.7104e+00 +1.7934e-01 -1.2635e+00 +1.6025e+00 +3.9374e+00 +3.2743e+00 +3.1560e+00 -9.0187e-01
2188 +1.355014361e+02 +1.355014361e+02 -8.644985639e+02 -8.644985639e+02 -1.8384e+00 -2.5621e-01 +1.4619e+00 +1.8516e-01 -2.5302e+00 +1.5938e+00 +2.8751e+00 +2.5665e+00 +2.4537e+00 -9.3130e-01
2256 +1.081904174e+02 +1.081904174e+02 -8.918095826e+02 -8.918095826e+02 -3.9690e+00 -2.1735e+00 +1.0706e+00 -6.6396e-01 -1.9633e+00 +1.4820e+00 +5.7137e+00 +2.7835e+00 +2.3391e+00 -2.9734e-01
2517 +9.948556269e+01 +9.948556269e+01 -9.005144373e+02 -9.005144373e+02 +6.7218e-01 -2.9004e+00 -1.8652e+00 -1.3219e+00 -1.9663e+00 +1.6103e+00 +4.8309e+00 +2.9111e+00 +1.3813e+00 -3.1863e-01
2548 +9.720510338e+01 +9.720510338e+01 -9.027948966e+02 -9.027948966e+02 -4.9681e+00 -2.7206e+00 -9.7368e-01 -7.6474e-01 -2.2532e+00 +1.6056e+00 +4.8125e+00 +2.4533e+00 +1.9265e+00 -5.8696e-01
2659 +9.262353395e+01 +9.262353395e+01 -9.073764661e+02 -9.073764661e+02 -1.8081e+00 -2.8805e+00 -1.8201e+00 -1.0703e+00 -1.4029e+00 +1.8225e+00 +3.6492e+00 +1.3569e+00 +2.4965e+00 -9.8410e-01
2778 +9.051871531e+01 +9.051871531e+01 -9.094812847e+02 -9.094812847e+02 -2.2773e+00 -2.7318e+00 -1.3645e+00 -6.0530e-01 -2.2930e+00 +1.9135e+00 +4.0009e+00 +3.6655e+00 +1.8969e+00 -9.5878e-01
2804 +7.195754013e+01 +7.195754013e+01 -9.280424599e+02 -9.280424599e+02 -2.7676e+00 -9.6940e-01 -1.7451e+00 +9.0191e-02 -2.3304e+00 +1.8231e+00 +3.3282e+00 +2.9671e+00 +1.9146e+00 -1.6888e+00
3417 +6.951669518e+01 +6.951669518e+01 -9.304833048e+02 -9.304833048e+02 -2.5535e+00 -1.9542e+00 -2.1723e+00 -3.7357e-01 -1.4671e+00 +1.4408e+00 +3.9343e+00 +2.9372e+00 +1.3961e+00 -6.2499e-01
3425 +6.807957313e+01 +6.807957313e+01 -9.319204269e+02 -9.319204269e+02 -9.5571e-01 -3.8760e+00 -8.1254e-01 +8.6846e-01 -2.0434e+00 +1.4301e+00 +3.8439e+00 +3.5345e+00 +2.2098e+00 -6.5725e-01
3514 +5.770730529e+01 +5.770730529e+01 -9.422926947e+02 -9.422926947e+02 -1.3303e+00 -2.9480e+00 -3.4196e+00 +9.1097e-01 -1.4589e+00 +1.1913e+00 +3.9745e+00 +3.3764e+00 +2.2683e+00 -2.0762e-01
4408 +5.431245768e+01 +5.431245768e+01 -9.456875423e+02 -9.456875423e+02 -1.9369e+00 -2.6584e+00 -2.5194e+00 +1.1486e-01 -1.1964e+00 -3.1080e-01 +4.3810e+00 +3.3710e+00 +1.7841e+00 -8.5067e-01
4947 +5.117163447e+01 +5.117163447e+01 -9.488283655e+02 -9.488283655e+02 -1.8705e+00 -2.0039e+00 -1.9530e+00 -1.2357e+00 -1.3354e+00 +9.7948e-01 +3.4774e+00 +3.3526e+00 +1.5042e+00 -1.3148e+00
4979 +3.026763856e+01 +3.026763856e+01 -9.697323614e+02 -9.697323614e+02 -2.0049e+00 -1.0135e+00 -1.9037e+00 -1.0800e+00 -1.4668e+00 +1.0642e+00 +3.4531e+00 +3.3139e+00 +1.4315e+00 -9.1139e-01
5477 +2.601759395e+01 +2.601759395e+01 -9.739824060e+02 -9.739824060e+02 -9.5935e-01 -2.9439e+00 -1.9668e+00 -5.7796e-01 -2.0157e+00 +5.6016e-01 +3.8469e+00 +3.8179e+00 +1.4617e+00 -5.6358e-01
89738 +1.833840882e+01 +1.833840882e+01 -9.816615912e+02 -9.816615912e+02 -1.0605e+00 -2.8496e+00 -2.5680e+00 +1.5938e-01 -2.0516e+00 -1.5994e-02 +4.4029e+00 +3.3582e+00 +1.7756e+00 -1.2365e+00
% function evaluation | noise-free fitness - Fopt (-1.000000000000e+03) | best noise-free fitness - Fopt | measured fitness | best measured fitness | x1 | x2...
1 +2.605999273e+02 +2.605999273e+02 -7.394000727e+02 -7.394000727e+02 +0.0000e+00 +0.0000e+00 +0.0000e+00 +0.0000e+00 +0.0000e+00 +0.0000e+00 +0.0000e+00 +0.0000e+00 +0.0000e+00 +0.0000e+00
842 +2.456672204e+02 +2.456672204e+02 -7.543327796e+02 -7.543327796e+02 +3.7356e+00 +2.5460e+00 -9.6548e-01 -1.6510e+00 -8.1817e-01 -1.2994e+00 +1.8406e+00 +4.9490e-01 +2.9747e+00 +2.0615e+00
867 +2.211335650e+02 +2.211335650e+02 -7.788664350e+02 -7.788664350e+02 +4.4236e+00 +1.5889e+00 -1.6375e+00 -1.4967e+00 -4.1066e-01 -1.2626e+00 +1.4120e+00 +6.7303e-01 +2.6555e+00 +1.8526e+00
912 +2.106768665e+02 +2.106768665e+02 -7.893231335e+02 -7.893231335e+02 +4.4600e+00 +1.4486e+00 -1.8039e+00 -4.6553e-01 +5.0090e-03 -2.3957e+00 +1.4335e+00 +7.7681e-01 +1.7120e+00 +1.4575e+00
981 +2.057153522e+02 +2.057153522e+02 -7.942846478e+02 -7.942846478e+02 +4.7647e+00 +1.6510e+00 +7.5010e-01 -1.0981e+00 +3.7183e-01 -1.9037e+00 +8.7468e-01 +8.0990e-01 +2.8245e+00 +1.1329e+00
1123 +1.765809094e+02 +1.765809094e+02 -8.234190906e+02 -8.234190906e+02 +4.5311e+00 +2.1737e+00 +6.2879e-01 +5.9717e-01 -3.3421e-02 -1.6627e+00 +3.9241e-01 +7.9114e-01 +2.2198e+00 +2.0071e+00
1193 +1.735901409e+02 +1.735901409e+02 -8.264098591e+02 -8.264098591e+02 +3.8884e+00 +1.2089e+00 +5.6415e-01 +3.6032e-01 -1.3451e+00 -1.4783e+00 +8.9891e-01 +6.7632e-01 +2.3050e+00 +2.4724e+00
1262 +1.401013065e+02 +1.401013065e+02 -8.598986935e+02 -8.598986935e+02 +3.6272e+00 +5.7259e-01 +1.5577e+00 -1.5730e-01 -1.6162e-01 -1.9495e+00 -6.4577e-01 +1.4983e+00 +1.6003e+00 +2.0635e+00
1370 +1.347675422e+02 +1.347675422e+02 -8.652324578e+02 -8.652324578e+02 +3.7483e+00 +4.1024e-01 -7.1670e-01 +2.4370e-01 -1.4237e+00 -1.8727e+00 -7.8934e-01 +3.1319e+00 +1.3434e+00 +2.1806e+00
1445 +1.130447500e+02 +1.130447500e+02 -8.869552500e+02 -8.869552500e+02 +2.8974e+00 +5.6919e-01 +8.1909e-01 +7.8715e-01 -1.3870e+00 -2.2113e+00 +2.4521e-01 +2.0966e+00 +1.9385e+00 +2.4655e+00
1585 +1.052595939e+02 +1.052595939e+02 -8.947404061e+02 -8.947404061e+02 +3.0440e+00 +5.5161e-01 +8.9894e-01 +1.3553e+00 -1.6021e+00 -1.6551e+00 +9.2682e-02 +3.1789e+00 +9.1224e-01 +2.1171e+00
1685 +9.046508221e+01 +9.046508221e+01 -9.095349178e+02 -9.095349178e+02 +2.7982e-01 +8.1014e-01 +2.2297e+00 +4.1034e+00 -1.0604e+00 -2.3786e+00 -4.4719e-01 +1.6635e+00 +1.9913e+00 +2.7271e+00
1929 +8.762990346e+01 +8.762990346e+01 -9.123700965e+02 -9.123700965e+02 -2.3836e-01 +1.6973e+00 +1.3454e+00 +3.6245e+00 -1.0171e+00 -3.8398e+00 -7.4939e-01 +2.8397e+00 +1.5872e+00 +2.1269e+00
1976 +7.819942737e+01 +7.819942737e+01 -9.218005726e+02 -9.218005726e+02 +1.1538e+00 +7.2022e-01 +8.6139e-01 +3.3554e+00 -4.0118e-01 -1.8911e+00 -7.8153e-01 +2.6702e+00 +1.1759e+00 +2.4854e+00
2012 +7.445911692e+01 +7.445911692e+01 -9.255408831e+02 -9.255408831e+02 +8.8887e-01 -3.4114e-01 +1.3094e+00 +4.4093e+00 -1.7113e-01 -5.3127e-01 -8.0768e-01 +2.7156e+00 +1.5080e+00 +2.1115e+00
2068 +6.123598277e+01 +6.123598277e+01 -9.387640172e+02 -9.387640172e+02 +6.5486e-01 -1.0369e+00 -2.2327e-02 +4.0935e+00 -2.3839e-01 -1.2027e+00 -1.4655e+00 +3.2594e+00 +1.9794e+00 +2.0943e+00
2744 +5.327781549e+01 +5.327781549e+01 -9.467221845e+02 -9.467221845e+02 -2.1747e+00 +7.5399e-01 +1.4339e+00 +3.4316e+00 -9.3869e-01 -9.5683e-01 -8.5846e-01 +2.3804e+00 +2.3794e+00 +1.9868e+00
2988 +4.309779772e+01 +4.309779772e+01 -9.569022023e+02 -9.569022023e+02 -2.1206e+00 +4.5516e-01 +2.2380e+00 +2.2723e+00 -7.9881e-01 -3.0242e-01 -3.3854e-01 +1.6065e+00 +1.6620e+00 +2.4892e+00
4114 +4.259220138e+01 +4.259220138e+01 -9.574077986e+02 -9.574077986e+02 -2.1777e+00 +1.4252e+00 +8.9968e-01 +3.4238e+00 -1.5000e+00 -7.3474e-01 +1.7374e-01 +2.7414e+00 +1.9591e+00 +3.0407e+00
25004 +4.134064674e+01 +4.134064674e+01 -9.586593533e+02 -9.586593533e+02 -3.6746e+00 +1.3629e+00 +1.6070e+00 +3.4791e+00 -9.3258e-01 -1.3310e+00 -2.9632e-01 +2.3807e+00 +2.0220e+00 +2.4425e+00
29375 +3.011966041e+01 +3.011966041e+01 -9.698803396e+02 -9.698803396e+02 -3.2398e+00 -1.4649e-01 +2.1789e+00 +3.5941e+00 -1.4661e+00 -1.8506e+00 -6.6251e-01 +3.2336e+00 +1.6134e+00 +1.7878e+00
93687 +2.604260453e+01 +2.604260453e+01 -9.739573955e+02 -9.739573955e+02 -3.0381e+00 +7.5480e-01 +1.3655e+00 +2.8535e+00 -1.4201e+00 -1.2887e+00 -3.7337e-01 +2.8094e+00 +2.0234e+00 +2.4540e+00
192409 +1.699929335e+01 +1.699929335e+01 -9.830007067e+02 -9.830007067e+02 -1.2121e+00 -2.9374e-01 +1.5436e+00 +2.7442e+00 -8.0446e-01 -1.1569e+00 +1.6798e-01 +2.7847e+00 +1.2631e+00 +2.0745e+00
