% function evaluation | noise-free fitness - Fopt (1.491500000000e+002) | best noise-free fitness - Fopt | measured fitness | best measured fitness | x1 | x2...
1 +8.745656099e+001 +8.745656099e+001 +2.366065610e+002 +2.366065610e+002 +0.0000e+000 +0.0000e+000 +0.0000e+000
54 +8.183789436e+001 +8.183789436e+001 +2.309878944e+002 +2.309878944e+002 +6.9723e-001 +9.5587e-001 +4.9236e+000
69 +3.740554167e+001 +3.740554167e+001 +1.865555417e+002 +1.865555417e+002 +5.5143e-001 +9.4387e-001 +4.9080e+000
73 +1.193482048e+001 +1.193482048e+001 +1.610848205e+002 +1.610848205e+002 +5.8885e-001 +1.0943e+000 +4.9031e+000
95 +5.776161475e+000 +5.776161475e+000 +1.549261615e+002 +1.549261615e+002 +5.6056e-001 +1.0566e+000 +4.9093e+000
98 +4.551069501e+000 +4.551069501e+000 +1.537010695e+002 +1.537010695e+002 +4.7402e-001 +1.0257e+000 +4.9034e+000
106 +3.648876296e+000 +3.648876296e+000 +1.527988763e+002 +1.527988763e+002 +5.3638e-001 +1.0509e+000 +4.9032e+000
112 +2.493680017e+000 +2.493680017e+000 +1.516436800e+002 +1.516436800e+002 +4.9610e-001 +1.0469e+000 +4.9052e+000
225 +2.388435685e+000 +2.388435685e+000 +1.515384357e+002 +1.515384357e+002 +5.0648e-001 +1.0686e+000 +4.9731e+000
% function evaluation | noise-free fitness - Fopt (-1.000000000000e+003) | best noise-free fitness - Fopt | measured fitness | best measured fitness | x1 | x2...
1 +2.249607145e+004 +2.249607145e+004 +2.149607145e+004 +2.149607145e+004 +0.0000e+000 +0.0000e+000 +0.0000e+000
81 +2.108746482e+004 +2.108746482e+004 +2.008746482e+004 +2.008746482e+004 -3.6272e+000 -3.1971e+000 -2.1998e+000
92 +1.931118466e+004 +1.931118466e+004 +1.831118466e+004 +1.831118466e+004 -3.5441e+000 -3.0871e+000 -2.3024e+000
113 +1.680412365e+004 +1.680412365e+004 +1.580412365e+004 +1.580412365e+004 -3.8907e+000 -2.9503e+000 -2.2709e+000
114 +1.490210513e+004 +1.490210513e+004 +1.390210513e+004 +1.390210513e+004 -4.0074e+000 -2.8370e+000 -2.2100e+000
122 +9.779775450e+003 +9.779775450e+003 +8.779775450e+003 +8.779775450e+003 -3.8800e+000 -2.4327e+000 -2.1988e+000
126 +4.854198813e+003 +4.854198813e+003 +3.854198813e+003 +3.854198813e+003 -4.0554e+000 -1.7860e+000 -2.2887e+000
140 +3.307859219e+003 +3.307859219e+003 +2.307859219e+003 +2.307859219e+003 -4.3266e+000 -1.4727e+000 -2.1834e+000
142 +2.723361858e+003 +2.723361858e+003 +1.723361858e+003 +1.723361858e+003 -5.7313e+000 +1.4988e+000 -2.4400e+000
152 +1.115696402e+003 +1.115696402e+003 +1.156964020e+002 +1.156964020e+002 -4.6159e+000 -3.7950e-001 -2.2956e+000
157 +8.019183960e+002 +8.019183960e+002 -1.980816040e+002 -1.980816040e+002 -3.9794e+000 +2.9132e-001 -2.2893e+000
163 +7.392991844e+002 +7.392991844e+002 -2.607008156e+002 -2.607008156e+002 -4.7201e+000 +4.9774e-001 -2.0488e+000
177 +3.266815314e+002 +3.266815314e+002 -6.733184686e+002 -6.733184686e+002 -3.2372e+000 +6.0824e-001 -1.0949e+000
185 +2.698608945e+002 +2.698608945e+002 -7.301391055e+002 -7.301391055e+002 -3.8147e+000 +2.9993e-001 -1.0938e+000
189 +4.198738051e+001 +4.198738051e+001 -9.580126195e+002 -9.580126195e+002 -4.4046e+000 -7.4164e-002 +3.2991e-001
200 +2.232144644e+000 +2.232144644e+000 -9.977678554e+002 -9.977678554e+002 -3.7311e+000 +2.5855e-001 +4.9275e-001
208 +1.665236579e+000 +1.665236579e+000 -9.983347634e+002 -9.983347634e+002 -3.5961e+000 +2.0480e-001 +5.4391e-001
215 +1.632730161e+000 +1.632730161e+000 -9.983672698e+002 -9.983672698e+002 -3.6681e+000 +2.0045e-001 +5.2292e-001
379 +1.621041872e+000 +1.621041872e+000 -9.983789581e+002 -9.983789581e+002 -3.6475e+000 +2.0011e-001 +5.2678e-001
394 +1.553260857e+000 +1.553260857e+000 -9.984467391e+002 -9.984467391e+002 -3.6438e+000 +2.1732e-001 +5.2595e-001
410 +1.523856860e+000 +1.523856860e+000 -9.984761431e+002 -9.984761431e+002 -3.6361e+000 +2.3109e-001 +5.2692e-001
437 +1.470486189e+000 +1.470486189e+000 -9.985295138e+002 -9.985295138e+002 -3.5922e+000 +2.2862e-001 +5.2625e-001
438 +1.444875586e+000 +1.444875586e+000 -9.985551244e+002 -9.985551244e+002 -3.5941e+000 +2.3567e-001 +5.2627e-001
521 +1.402692630e+000 +1.402692630e+000 -9.985973074e+002 -9.985973074e+002 -3.5736e+000 +2.4398e-001 +5.2697e-001
538 +1.362701326e+000 +1.362701326e+000 -9.986372987e+002 -9.986372987e+002 -3.5661e+000 +2.5844e-001 +5.2449e-001
582 +1.346372634e+000 +1.346372634e+000 -9.986536274e+002 -9.986536274e+002 -3.5610e+000 +2.6828e-001 +5.2552e-001
610 +1.289883084e+000 +1.289883084e+000 -9.987101169e+002 -9.987101169e+002 -3.5269e+000 +2.7277e-001 +5.2466e-001
637 +1.269516324e+000 +1.269516324e+000 -9.987304837e+002 -9.987304837e+002 -3.5253e+000 +2.9451e-001 +5.2590e-001
657 +1.244191791e+000 +1.244191791e+000 -9.987558082e+002 -9.987558082e+002 -3.5161e+000 +2.8972e-001 +5.2645e-001
663 +1.215003142e+000 +1.215003142e+000 -9.987849969e+002 -9.987849969e+002 -3.4961e+000 +2.9342e-001 +5.2760e-001
702 +1.200267170e+000 +1.200267170e+000 -9.987997328e+002 -9.987997328e+002 -3.4942e+000 +3.0225e-001 +5.2622e-001
731 +1.167698308e+000 +1.167698308e+000 -9.988323017e+002 -9.988323017e+002 -3.4771e+000 +3.1235e-001 +5.2665e-001
755 +1.141002562e+000 +1.141002562e+000 -9.988589974e+002 -9.988589974e+002 -3.4652e+000 +3.2633e-001 +5.2733e-001
760 +1.115816671e+000 +1.115816671e+000 -9.988841833e+002 -9.988841833e+002 -3.4515e+000 +3.3566e-001 +5.2822e-001
823 +1.094640640e+000 +1.094640640e+000 -9.989053594e+002 -9.989053594e+002 -3.4407e+000 +3.4427e-001 +5.2965e-001
834 +1.068531229e+000 +1.068531229e+000 -9.989314688e+002 -9.989314688e+002 -3.4145e+000 +3.6277e-001 +5.2949e-001
901 +1.044468983e+000 +1.044468983e+000 -9.989555310e+002 -9.989555310e+002 -3.4118e+000 +3.6278e-001 +5.3362e-001
936 +1.014367488e+000 +1.014367488e+000 -9.989856325e+002 -9.989856325e+002 -3.4076e+000 +3.5689e-001 +5.4634e-001
941 +9.776951148e-001 +9.776951148e-001 -9.990223049e+002 -9.990223049e+002 -3.4018e+000 +3.7375e-001 +5.4668e-001
948 +9.699542248e-001 +9.699542248e-001 -9.990300458e+002 -9.990300458e+002 -3.4010e+000 +3.7254e-001 +5.4966e-001
963 +9.454927968e-001 +9.454927968e-001 -9.990545072e+002 -9.990545072e+002 -3.4007e+000 +3.8167e-001 +5.5825e-001
987 +9.273385329e-001 +9.273385329e-001 -9.990726615e+002 -9.990726615e+002 -3.3891e+000 +3.8182e-001 +5.6607e-001
1082 +9.031236664e-001 +9.031236664e-001 -9.990968763e+002 -9.990968763e+002 -3.3808e+000 +3.9102e-001 +5.6737e-001
1165 +8.905547652e-001 +8.905547652e-001 -9.991094452e+002 -9.991094452e+002 -3.3816e+000 +4.0059e-001 +5.7377e-001
1212 +8.667057908e-001 +8.667057908e-001 -9.991332942e+002 -9.991332942e+002 -3.3661e+000 +4.0464e-001 +5.7348e-001
1276 +8.358436065e-001 +8.358436065e-001 -9.991641564e+002 -9.991641564e+002 -3.3530e+000 +4.1937e-001 +5.7454e-001
1297 +8.313987210e-001 +8.313987210e-001 -9.991686013e+002 -9.991686013e+002 -3.3571e+000 +4.2369e-001 +5.8053e-001
1342 +8.128140176e-001 +8.128140176e-001 -9.991871860e+002 -9.991871860e+002 -3.3388e+000 +4.2990e-001 +5.7779e-001
1402 +7.908282804e-001 +7.908282804e-001 -9.992091717e+002 -9.992091717e+002 -3.3400e+000 +4.3747e-001 +5.8763e-001
1458 +7.750543097e-001 +7.750543097e-001 -9.992249457e+002 -9.992249457e+002 -3.3284e+000 +4.4335e-001 +5.8766e-001
% function evaluation | noise-free fitness - Fopt (9.862000000000e+001) | best noise-free fitness - Fopt | measured fitness | best measured fitness | x1 | x2...
1 +3.794649923e+003 +3.794649923e+003 +3.893269923e+003 +3.893269923e+003 +0.0000e+000 +0.0000e+000 +0.0000e+000
201 +3.533004751e+002 +3.533004751e+002 +4.519204751e+002 +4.519204751e+002 +1.8534e-001 +3.8012e-001 +6.6337e+000
231 +1.964324427e+002 +1.964324427e+002 +2.950524427e+002 +2.950524427e+002 -4.3086e-001 +1.1720e-001 +5.2310e+000
243 +1.595941533e+001 +1.595941533e+001 +1.145794153e+002 +1.145794153e+002 -2.4852e-001 +1.1171e-001 +6.2124e+000
391 +2.333247696e+000 +2.333247696e+000 +1.009532477e+002 +1.009532477e+002 -3.5708e-001 -1.2034e-001 +5.4780e+000
% function evaluation | noise-free fitness - Fopt (-4.715000000000e+001) | best noise-free fitness - Fopt | measured fitness | best measured fitness | x1 | x2...
1 +1.125267799e+002 +1.125267799e+002 +6.537677993e+001 +6.537677993e+001 +0.0000e+000 +0.0000e+000 +0.0000e+000
102 +1.080385069e+002 +1.080385069e+002 +6.088850692e+001 +6.088850692e+001 -1.5288e+000 -1.7443e+000 -3.2116e+000
134 +4.819773065e+001 +4.819773065e+001 +1.047730650e+000 +1.047730650e+000 -1.1310e+000 -1.8197e+000 -2.8660e+000
167 +4.214436211e+001 +4.214436211e+001 -5.005637892e+000 -5.005637892e+000 -9.7362e-001 -1.9270e+000 -2.7544e+000
172 +1.769392080e+001 +1.769392080e+001 -2.945607920e+001 -2.945607920e+001 -9.7236e-001 -1.7074e+000 -2.5823e+000
184 +1.493141983e+001 +1.493141983e+001 -3.221858017e+001 -3.221858017e+001 -1.1547e+000 -1.8003e+000 -2.5496e+000
190 +1.143461150e+001 +1.143461150e+001 -3.571538850e+001 -3.571538850e+001 -8.4881e-001 -1.7959e+000 -2.4109e+000
197 +1.118492938e+001 +1.118492938e+001 -3.596507062e+001 -3.596507062e+001 -1.1743e+000 -1.8173e+000 -2.4911e+000
200 +7.237273420e+000 +7.237273420e+000 -3.991272658e+001 -3.991272658e+001 -9.2879e-001 -1.8272e+000 -2.0343e+000
203 +2.092252421e+000 +2.092252421e+000 -4.505774758e+001 -4.505774758e+001 -1.0949e+000 -1.8110e+000 -2.2109e+000
243 +1.211069973e+000 +1.211069973e+000 -4.593893003e+001 -4.593893003e+001 -9.8271e-001 -1.6761e+000 -2.1576e+000
245 +1.130351768e+000 +1.130351768e+000 -4.601964823e+001 -4.601964823e+001 -9.1954e-001 -1.5927e+000 -2.1392e+000
260 +1.067761482e+000 +1.067761482e+000 -4.608223852e+001 -4.608223852e+001 -9.3249e-001 -1.6296e+000 -2.1622e+000
287 +1.036525218e+000 +1.036525218e+000 -4.611347478e+001 -4.611347478e+001 -8.9785e-001 -1.6302e+000 -2.1578e+000
312 +9.955035411e-001 +9.955035411e-001 -4.615449646e+001 -4.615449646e+001 -9.0102e-001 -1.6073e+000 -2.1600e+000
428 +9.748061440e-001 +9.748061440e-001 -4.617519386e+001 -4.617519386e+001 -8.9710e-001 -1.6034e+000 -2.1503e+000
465 +9.449440202e-001 +9.449440202e-001 -4.620505598e+001 -4.620505598e+001 -8.8529e-001 -1.5950e+000 -2.1414e+000
496 +9.292181463e-001 +9.292181463e-001 -4.622078185e+001 -4.622078185e+001 -8.7584e-001 -1.5957e+000 -2.1458e+000
508 +8.932455538e-001 +8.932455538e-001 -4.625675445e+001 -4.625675445e+001 -8.5716e-001 -1.5814e+000 -2.1455e+000
558 +8.835796297e-001 +8.835796297e-001 -4.626642037e+001 -4.626642037e+001 -8.5472e-001 -1.5705e+000 -2.1460e+000
610 +8.697180977e-001 +8.697180977e-001 -4.628028190e+001 -4.628028190e+001 -8.3824e-001 -1.5659e+000 -2.1462e+000
688 +8.508162524e-001 +8.508162524e-001 -4.629918375e+001 -4.629918375e+001 -8.3671e-001 -1.5599e+000 -2.1421e+000
713 +8.231117940e-001 +8.231117940e-001 -4.632688821e+001 -4.632688821e+001 -8.2782e-001 -1.5549e+000 -2.1316e+000
742 +8.018130394e-001 +8.018130394e-001 -4.634818696e+001 -4.634818696e+001 -8.2573e-001 -1.5446e+000 -2.1269e+000
780 +7.929395087e-001 +7.929395087e-001 -4.635706049e+001 -4.635706049e+001 -8.0180e-001 -1.5263e+000 -2.1319e+000
800 +7.739568593e-001 +7.739568593e-001 -4.637604314e+001 -4.637604314e+001 -8.1484e-001 -1.5345e+000 -2.1196e+000
938 +7.585536848e-001 +7.585536848e-001 -4.639144632e+001 -4.639144632e+001 -8.0818e-001 -1.5292e+000 -2.1139e+000
994 +7.395266908e-001 +7.395266908e-001 -4.641047331e+001 -4.641047331e+001 -7.9748e-001 -1.5207e+000 -2.1037e+000
1039 +7.172599844e-001 +7.172599844e-001 -4.643274002e+001 -4.643274002e+001 -7.9018e-001 -1.5116e+000 -2.1049e+000
1069 +7.005815195e-001 +7.005815195e-001 -4.644941848e+001 -4.644941848e+001 -7.8402e-001 -1.5025e+000 -2.1031e+000
1153 +6.917199671e-001 +6.917199671e-001 -4.645828003e+001 -4.645828003e+001 -7.8168e-001 -1.4970e+000 -2.1000e+000
1227 +6.755362464e-001 +6.755362464e-001 -4.647446375e+001 -4.647446375e+001 -7.7383e-001 -1.4901e+000 -2.0966e+000
1281 +6.577292892e-001 +6.577292892e-001 -4.649227071e+001 -4.649227071e+001 -7.6468e-001 -1.4846e+000 -2.0890e+000
1375 +6.418199146e-001 +6.418199146e-001 -4.650818009e+001 -4.650818009e+001 -7.6178e-001 -1.4754e+000 -2.0834e+000
1470 +6.292826430e-001 +6.292826430e-001 -4.652071736e+001 -4.652071736e+001 -7.5567e-001 -1.4693e+000 -2.0811e+000
% function evaluation | noise-free fitness - Fopt (3.752000000000e+001) | best noise-free fitness - Fopt | measured fitness | best measured fitness | x1 | x2...
1 +1.154291979e+004 +1.154291979e+004 +1.158043979e+004 +1.158043979e+004 +0.0000e+000 +0.0000e+000 +0.0000e+000
78 +5.182260180e+003 +5.182260180e+003 +5.219780180e+003 +5.219780180e+003 +5.8496e-001 -3.5374e+000 -4.8399e+000
92 +4.677720749e+003 +4.677720749e+003 +4.715240749e+003 +4.715240749e+003 +6.0251e-001 -2.7454e+000 -4.8662e+000
118 +4.627979915e+003 +4.627979915e+003 +4.665499915e+003 +4.665499915e+003 +6.1303e-001 -2.9293e+000 -4.8621e+000
185 +4.513026136e+003 +4.513026136e+003 +4.550546136e+003 +4.550546136e+003 +6.0872e-001 -2.9623e+000 -4.7734e+000
188 +4.286878024e+003 +4.286878024e+003 +4.324398024e+003 +4.324398024e+003 +6.2543e-001 -3.0523e+000 -4.5872e+000
200 +3.987328308e+003 +3.987328308e+003 +4.024848308e+003 +4.024848308e+003 +5.9374e-001 -2.9403e+000 -4.3656e+000
216 +3.906560398e+003 +3.906560398e+003 +3.944080398e+003 +3.944080398e+003 +6.1161e-001 -3.0751e+000 -4.2765e+000
230 +3.401444520e+003 +3.401444520e+003 +3.438964520e+003 +3.438964520e+003 +6.0487e-001 -3.2716e+000 -3.7374e+000
233 +3.170708273e+003 +3.170708273e+003 +3.208228273e+003 +3.208228273e+003 +5.9798e-001 -3.0316e+000 -3.6602e+000
234 +1.362961412e+003 +1.362961412e+003 +1.400481412e+003 +1.400481412e+003 +5.7265e-001 -3.0965e+000 -1.6425e+000
251 +9.546701266e+001 +9.546701266e+001 +1.329870127e+002 +1.329870127e+002 +5.9913e-001 -3.1248e+000 +1.9884e+000
270 +8.267780624e+001 +8.267780624e+001 +1.201978062e+002 +1.201978062e+002 +6.1064e-001 -2.9768e+000 +2.3110e+000
275 +6.640235363e+001 +6.640235363e+001 +1.039223536e+002 +1.039223536e+002 +5.9179e-001 -2.8993e+000 +1.6255e+000
282 +6.916830690e+000 +6.916830690e+000 +4.443683069e+001 +4.443683069e+001 +6.1044e-001 -2.1984e+000 +2.3084e+000
483 +4.592408939e+000 +4.592408939e+000 +4.211240894e+001 +4.211240894e+001 +7.9986e-001 -2.6080e+000 +2.0326e+000
485 +3.449434820e+000 +3.449434820e+000 +4.096943482e+001 +4.096943482e+001 +7.7195e-001 -2.4135e+000 +2.1683e+000
486 +3.137676594e+000 +3.137676594e+000 +4.065767659e+001 +4.065767659e+001 +8.1903e-001 -2.5318e+000 +2.0769e+000
516 +3.027102885e+000 +3.027102885e+000 +4.054710289e+001 +4.054710289e+001 +9.6394e-001 -2.6455e+000 +2.0159e+000
537 +2.998423425e+000 +2.998423425e+000 +4.051842343e+001 +4.051842343e+001 +8.7881e-001 -2.5887e+000 +2.0534e+000
864 +2.946006025e+000 +2.946006025e+000 +4.046600602e+001 +4.046600602e+001 +9.0317e-001 -2.6161e+000 +2.0258e+000
% function evaluation | noise-free fitness - Fopt (-6.417000000000e+001) | best noise-free fitness - Fopt | measured fitness | best measured fitness | x1 | x2...
1 +1.361761333e+004 +1.361761333e+004 +1.355344333e+004 +1.355344333e+004 +0.0000e+000 +0.0000e+000 +0.0000e+000
2 +9.253606690e+003 +9.253606690e+003 +9.189436690e+003 +9.189436690e+003 -1.8907e+000 -4.2910e+000 +6.8877e-001
27 +9.008507339e+003 +9.008507339e+003 +8.944337339e+003 +8.944337339e+003 -1.8863e+000 -4.2534e+000 +6.2807e-001
33 +8.146038721e+003 +8.146038721e+003 +8.081868721e+003 +8.081868721e+003 -1.8890e+000 -4.1715e+000 +7.0752e-001
39 +6.800550299e+003 +6.800550299e+003 +6.736380299e+003 +6.736380299e+003 -1.8910e+000 -3.9887e+000 +6.3696e-001
48 +6.388429172e+003 +6.388429172e+003 +6.324259172e+003 +6.324259172e+003 -1.8968e+000 -3.9423e+000 +6.9114e-001
49 +2.658727728e+003 +2.658727728e+003 +2.594557728e+003 +2.594557728e+003 -1.8889e+000 -3.0685e+000 +5.8221e-001
56 +1.102688388e+003 +1.102688388e+003 +1.038518388e+003 +1.038518388e+003 -1.8879e+000 -2.0516e+000 +7.1298e-001
63 +1.079690683e+003 +1.079690683e+003 +1.015520683e+003 +1.015520683e+003 -1.8752e+000 -1.9724e+000 +6.4522e-001
80 +7.142851367e+002 +7.142851367e+002 +6.501151367e+002 +6.501151367e+002 -1.8701e+000 -1.3142e+000 +5.9781e-001
85 +6.349980471e+002 +6.349980471e+002 +5.708280471e+002 +5.708280471e+002 -1.9131e+000 -1.2685e+000 +5.6326e-001
97 +5.855234295e+002 +5.855234295e+002 +5.213534295e+002 +5.213534295e+002 -1.8953e+000 -1.0053e+000 +6.1255e-001
136 +5.379775774e+002 +5.379775774e+002 +4.738075774e+002 +4.738075774e+002 -1.9036e+000 -8.7769e-001 +7.1515e-001
147 +4.906291097e+002 +4.906291097e+002 +4.264591097e+002 +4.264591097e+002 -1.8802e+000 -4.8261e-001 +1.1964e+000
159 +4.870739696e+002 +4.870739696e+002 +4.229039696e+002 +4.229039696e+002 -1.8881e+000 -8.1845e-001 +1.0179e+000
167 +4.606265215e+002 +4.606265215e+002 +3.964565215e+002 +3.964565215e+002 -1.8702e+000 -8.0272e-001 +1.2888e+000
173 +4.457841512e+002 +4.457841512e+002 +3.816141512e+002 +3.816141512e+002 -1.8815e+000 -5.1250e-001 +1.3233e+000
182 +4.083075259e+002 +4.083075259e+002 +3.441375259e+002 +3.441375259e+002 -1.8907e+000 -8.2565e-001 +1.5246e+000
188 +4.011709643e+002 +4.011709643e+002 +3.370009643e+002 +3.370009643e+002 -1.8757e+000 -5.8299e-001 +1.5130e+000
200 +3.802412155e+002 +3.802412155e+002 +3.160712155e+002 +3.160712155e+002 -1.8686e+000 -6.5754e-001 +1.7400e+000
211 +2.176342607e+002 +2.176342607e+002 +1.534642607e+002 +1.534642607e+002 -1.8686e+000 +9.6562e-002 +3.3414e+000
213 +3.045663415e+001 +3.045663415e+001 -3.371336585e+001 -3.371336585e+001 -1.9530e+000 +7.3160e-001 +6.3802e+000
284 +4.479403426e+000 +4.479403426e+000 -5.969059657e+001 -5.969059657e+001 -2.2005e+000 +5.1693e-003 +3.9773e+000
346 +3.419916813e+000 +3.419916813e+000 -6.075008319e+001 -6.075008319e+001 -2.3813e+000 -7.9353e-002 +3.6996e+000
353 +1.153279451e+000 +1.153279451e+000 -6.301672055e+001 -6.301672055e+001 -2.2929e+000 -1.2803e-001 +3.5766e+000
380 +3.617104055e-001 +3.617104055e-001 -6.380828959e+001 -6.380828959e+001 -2.3273e+000 -1.0129e-001 +3.6879e+000
395 +3.530800682e-001 +3.530800682e-001 -6.381691993e+001 -6.381691993e+001 -2.3121e+000 -9.8159e-002 +3.6998e+000
424 +3.325618007e-001 +3.325618007e-001 -6.383743820e+001 -6.383743820e+001 -2.3255e+000 -1.0064e-001 +3.6779e+000
427 +3.310136828e-001 +3.310136828e-001 -6.383898632e+001 -6.383898632e+001 -2.3166e+000 -1.0775e-001 +3.6686e+000
455 +3.211581158e-001 +3.211581158e-001 -6.384884188e+001 -6.384884188e+001 -2.3196e+000 -9.3951e-002 +3.6978e+000
481 +3.148428500e-001 +3.148428500e-001 -6.385515715e+001 -6.385515715e+001 -2.3153e+000 -9.7413e-002 +3.6907e+000
889 +3.085109108e-001 +3.085109108e-001 -6.386148909e+001 -6.386148909e+001 -2.3178e+000 -9.8653e-002 +3.6831e+000
1301 +3.016147766e-001 +3.016147766e-001 -6.386838522e+001 -6.386838522e+001 -2.3196e+000 -1.0728e-001 +3.6536e+000
% function evaluation | noise-free fitness - Fopt (-9.852000000000e+002) | best noise-free fitness - Fopt | measured fitness | best measured fitness | x1 | x2...
1 +3.717502321e+003 +3.717502321e+003 +2.732302321e+003 +2.732302321e+003 +0.0000e+000 +0.0000e+000 +0.0000e+000
274 +7.860000789e+002 +7.860000789e+002 -1.991999211e+002 -1.991999211e+002 -1.9454e+000 -1.1767e-002 +1.3431e+000
290 +6.820409078e+002 +6.820409078e+002 -3.031590922e+002 -3.031590922e+002 -1.6932e+000 +1.1887e-002 +1.4911e+000
293 +4.063896303e+002 +4.063896303e+002 -5.788103697e+002 -5.788103697e+002 -2.7394e+000 +2.3662e+000 +1.4988e+000
309 +2.724397228e+002 +2.724397228e+002 -7.127602772e+002 -7.127602772e+002 -2.1964e+000 +5.0190e-001 +1.5308e+000
312 +2.385606611e+002 +2.385606611e+002 -7.466393389e+002 -7.466393389e+002 -1.9522e+000 +4.7204e-001 +1.5003e+000
345 +1.301045235e+002 +1.301045235e+002 -8.550954765e+002 -8.550954765e+002 -1.8760e+000 +3.0650e+000 +9.0680e-001
431 +2.874083788e+001 +2.874083788e+001 -9.564591621e+002 -9.564591621e+002 -1.2506e+000 +2.2646e+000 -1.0447e+000
449 +2.408764263e+001 +2.408764263e+001 -9.611123574e+002 -9.611123574e+002 -1.1398e+000 +2.8502e+000 +4.4400e-002
465 +2.171803553e+001 +2.171803553e+001 -9.634819645e+002 -9.634819645e+002 -1.4564e+000 +2.0037e+000 -1.5962e-001
482 +1.857361461e+001 +1.857361461e+001 -9.666263854e+002 -9.666263854e+002 -6.4573e-001 +2.8502e+000 +6.8751e-002
485 +1.116594957e+001 +1.116594957e+001 -9.740340504e+002 -9.740340504e+002 -7.9021e-001 +2.6640e+000 -2.7279e-001
488 +4.346812880e+000 +4.346812880e+000 -9.808531871e+002 -9.808531871e+002 -1.1688e+000 +2.5091e+000 -1.9421e-001
509 +1.858991421e+000 +1.858991421e+000 -9.833410086e+002 -9.833410086e+002 -9.2667e-001 +2.5727e+000 -2.2912e-001
541 +5.663825446e-001 +5.663825446e-001 -9.846336175e+002 -9.846336175e+002 -1.0912e+000 +2.4827e+000 -3.0184e-001
606 +3.596617581e-001 +3.596617581e-001 -9.848403382e+002 -9.848403382e+002 -9.6244e-001 +2.6363e+000 -1.9855e-001
608 +2.481106315e-001 +2.481106315e-001 -9.849518894e+002 -9.849518894e+002 -9.9152e-001 +2.5737e+000 -2.4263e-001
610 +2.319524040e-001 +2.319524040e-001 -9.849680476e+002 -9.849680476e+002 -9.5385e-001 +2.6394e+000 -1.7416e-001
631 +1.794100696e-001 +1.794100696e-001 -9.850205899e+002 -9.850205899e+002 -9.7411e-001 +2.6152e+000 -1.6598e-001
660 +1.706544629e-001 +1.706544629e-001 -9.850293455e+002 -9.850293455e+002 -9.8597e-001 +2.6027e+000 -1.9038e-001
698 +1.692249991e-001 +1.692249991e-001 -9.850307750e+002 -9.850307750e+002 -9.8612e-001 +2.6047e+000 -1.9860e-001
737 +1.655427421e-001 +1.655427421e-001 -9.850344573e+002 -9.850344573e+002 -9.8501e-001 +2.6054e+000 -1.9376e-001
880 +1.620718400e-001 +1.620718400e-001 -9.850379282e+002 -9.850379282e+002 -9.8216e-001 +2.6101e+000 -1.8968e-001
1022 +1.575544213e-001 +1.575544213e-001 -9.850424456e+002 -9.850424456e+002 -9.8032e-001 +2.6182e+000 -1.7743e-001
1042 +1.547105262e-001 +1.547105262e-001 -9.850452895e+002 -9.850452895e+002 -9.7465e-001 +2.6200e+000 -1.7883e-001
1090 +1.513413564e-001 +1.513413564e-001 -9.850486586e+002 -9.850486586e+002 -9.7589e-001 +2.6205e+000 -1.7262e-001
1303 +1.471108175e-001 +1.471108175e-001 -9.850528892e+002 -9.850528892e+002 -9.7284e-001 +2.6251e+000 -1.6714e-001
1378 +1.438432272e-001 +1.438432272e-001 -9.850561568e+002 -9.850561568e+002 -9.6969e-001 +2.6286e+000 -1.6223e-001
1482 +1.411531641e-001 +1.411531641e-001 -9.850588468e+002 -9.850588468e+002 -9.6914e-001 +2.6329e+000 -1.5797e-001
% function evaluation | noise-free fitness - Fopt (1.231000000000e+001) | best noise-free fitness - Fopt | measured fitness | best measured fitness | x1 | x2...
1 +1.247109913e+004 +1.247109913e+004 +1.248340913e+004 +1.248340913e+004 +0.0000e+000 +0.0000e+000 +0.0000e+000
2 +8.085332166e+002 +8.085332166e+002 +8.208432166e+002 +8.208432166e+002 -3.1985e+000 -2.0139e+000 +3.7759e+000
6 +7.870464084e+002 +7.870464084e+002 +7.993564084e+002 +7.993564084e+002 -3.1978e+000 -2.0048e+000 +3.8096e+000
21 +7.743273723e+002 +7.743273723e+002 +7.866373723e+002 +7.866373723e+002 -3.1892e+000 -1.9936e+000 +3.7887e+000
36 +5.685361940e+002 +5.685361940e+002 +5.808461940e+002 +5.808461940e+002 -3.2061e+000 -1.7005e+000 +3.8519e+000
105 +5.563385462e+002 +5.563385462e+002 +5.686485462e+002 +5.686485462e+002 -3.2167e+000 -1.6203e+000 +3.6824e+000
111 +5.386139631e+002 +5.386139631e+002 +5.509239631e+002 +5.509239631e+002 -3.2286e+000 -1.6855e+000 +3.5045e+000
122 +5.295593785e+002 +5.295593785e+002 +5.418693785e+002 +5.418693785e+002 -3.2204e+000 -1.6512e+000 +3.4533e+000
124 +5.237996897e+002 +5.237996897e+002 +5.361096897e+002 +5.361096897e+002 -3.2341e+000 -1.6594e+000 +3.3268e+000
152 +5.122848025e+002 +5.122848025e+002 +5.245948025e+002 +5.245948025e+002 -3.1668e+000 -1.5885e+000 +3.2831e+000
156 +4.968440864e+002 +4.968440864e+002 +5.091540864e+002 +5.091540864e+002 -3.2178e+000 -1.5847e+000 +3.1179e+000
173 +4.893247921e+002 +4.893247921e+002 +5.016347921e+002 +5.016347921e+002 -3.2465e+000 -1.5874e+000 +2.6527e+000
196 +4.547673251e+002 +4.547673251e+002 +4.670773251e+002 +4.670773251e+002 -3.2831e+000 -1.5100e+000 +2.4193e+000
206 +3.919484568e+002 +3.919484568e+002 +4.042584568e+002 +4.042584568e+002 -3.3099e+000 -1.0510e+000 +1.8011e+000
213 +3.540395658e+002 +3.540395658e+002 +3.663495658e+002 +3.663495658e+002 -3.4359e+000 -1.2111e+000 +1.1033e+000
221 +2.784104153e+002 +2.784104153e+002 +2.907204153e+002 +2.907204153e+002 -3.2362e+000 -1.0425e+000 +8.7909e-001
248 +2.636634111e+002 +2.636634111e+002 +2.759734111e+002 +2.759734111e+002 -3.2125e+000 -1.0044e+000 +6.4671e-001
257 +2.426468208e+002 +2.426468208e+002 +2.549568208e+002 +2.549568208e+002 -3.3260e+000 -8.8453e-001 +6.0198e-001
258 +1.866799903e+002 +1.866799903e+002 +1.989899903e+002 +1.989899903e+002 -3.2954e+000 -3.3216e-001 -2.0781e+000
290 +7.642456491e+001 +7.642456491e+001 +8.873456491e+001 +8.873456491e+001 -3.4532e+000 +1.7858e-001 -1.0703e+000
304 +5.772786043e+001 +5.772786043e+001 +7.003786043e+001 +7.003786043e+001 -3.5255e+000 -4.8471e-002 -1.6061e+000
305 +5.191080624e+001 +5.191080624e+001 +6.422080624e+001 +6.422080624e+001 -3.4913e+000 -2.4637e-002 -1.4919e+000
339 +4.703793422e+001 +4.703793422e+001 +5.934793422e+001 +5.934793422e+001 -3.4097e+000 +6.9576e-001 -1.2837e+000
341 +3.906139825e+001 +3.906139825e+001 +5.137139825e+001 +5.137139825e+001 -3.3344e+000 +6.0171e-002 -1.4325e+000
344 +4.181915320e+000 +4.181915320e+000 +1.649191532e+001 +1.649191532e+001 -3.5329e+000 +6.7955e-001 -1.8241e+000
358 +2.531520066e+000 +2.531520066e+000 +1.484152007e+001 +1.484152007e+001 -3.5255e+000 +6.9720e-001 -1.9333e+000
407 +2.172783965e+000 +2.172783965e+000 +1.448278397e+001 +1.448278397e+001 -3.2390e+000 +6.4410e-001 -1.9476e+000
477 +1.675226606e+000 +1.675226606e+000 +1.398522661e+001 +1.398522661e+001 -3.0621e+000 +6.1092e-001 -1.9672e+000
534 +1.640167392e+000 +1.640167392e+000 +1.395016739e+001 +1.395016739e+001 -3.0498e+000 +6.1564e-001 -1.9625e+000
558 +1.613494708e+000 +1.613494708e+000 +1.392349471e+001 +1.392349471e+001 -3.0304e+000 +6.2124e-001 -1.9700e+000
582 +1.579200730e+000 +1.579200730e+000 +1.388920073e+001 +1.388920073e+001 -3.0282e+000 +6.2688e-001 -1.9537e+000
595 +1.523237882e+000 +1.523237882e+000 +1.383323788e+001 +1.383323788e+001 -3.0062e+000 +6.4363e-001 -1.9428e+000
618 +1.499376986e+000 +1.499376986e+000 +1.380937699e+001 +1.380937699e+001 -2.9790e+000 +6.4109e-001 -1.9520e+000
638 +1.467143718e+000 +1.467143718e+000 +1.377714372e+001 +1.377714372e+001 -2.9837e+000 +6.4782e-001 -1.9543e+000
661 +1.445067741e+000 +1.445067741e+000 +1.375506774e+001 +1.375506774e+001 -2.9875e+000 +6.6828e-001 -1.9541e+000
677 +1.407354817e+000 +1.407354817e+000 +1.371735482e+001 +1.371735482e+001 -2.9673e+000 +6.6292e-001 -1.9526e+000
693 +1.367475905e+000 +1.367475905e+000 +1.367747590e+001 +1.367747590e+001 -2.9503e+000 +6.7107e-001 -1.9530e+000
751 +1.346032704e+000 +1.346032704e+000 +1.365603270e+001 +1.365603270e+001 -2.9433e+000 +6.7717e-001 -1.9557e+000
805 +1.312787895e+000 +1.312787895e+000 +1.362278790e+001 +1.362278790e+001 -2.9317e+000 +6.8718e-001 -1.9472e+000
828 +1.280765230e+000 +1.280765230e+000 +1.359076523e+001 +1.359076523e+001 -2.9000e+000 +6.9337e-001 -1.9399e+000
831 +1.257542294e+000 +1.257542294e+000 +1.356754229e+001 +1.356754229e+001 -2.9094e+000 +7.0394e-001 -1.9407e+000
902 +1.229785491e+000 +1.229785491e+000 +1.353978549e+001 +1.353978549e+001 -2.8871e+000 +7.0439e-001 -1.9443e+000
914 +1.200983704e+000 +1.200983704e+000 +1.351098370e+001 +1.351098370e+001 -2.8877e+000 +7.1638e-001 -1.9486e+000
931 +1.157498972e+000 +1.157498972e+000 +1.346749897e+001 +1.346749897e+001 -2.8601e+000 +7.2473e-001 -1.9398e+000
956 +1.085719713e+000 +1.085719713e+000 +1.339571971e+001 +1.339571971e+001 -2.8408e+000 +7.5322e-001 -1.9429e+000
973 +1.066755748e+000 +1.066755748e+000 +1.337675575e+001 +1.337675575e+001 -2.8191e+000 +7.8291e-001 -1.9432e+000
980 +1.042805553e+000 +1.042805553e+000 +1.335280555e+001 +1.335280555e+001 -2.8088e+000 +7.6569e-001 -1.9439e+000
988 +1.018060528e+000 +1.018060528e+000 +1.332806053e+001 +1.332806053e+001 -2.7999e+000 +7.7753e-001 -1.9431e+000
1041 +9.988957034e-001 +9.988957034e-001 +1.330889570e+001 +1.330889570e+001 -2.7904e+000 +7.9234e-001 -1.9420e+000
1146 +9.746613124e-001 +9.746613124e-001 +1.328466131e+001 +1.328466131e+001 -2.7639e+000 +8.0978e-001 -1.9410e+000
1246 +9.452371234e-001 +9.452371234e-001 +1.325523712e+001 +1.325523712e+001 -2.7622e+000 +8.1565e-001 -1.9353e+000
1263 +9.320849628e-001 +9.320849628e-001 +1.324208496e+001 +1.324208496e+001 -2.7653e+000 +8.2076e-001 -1.9298e+000
1284 +8.979714142e-001 +8.979714142e-001 +1.320797141e+001 +1.320797141e+001 -2.7608e+000 +8.1597e-001 -1.9226e+000
1292 +8.911610344e-001 +8.911610344e-001 +1.320116103e+001 +1.320116103e+001 -2.7599e+000 +8.1589e-001 -1.9195e+000
1309 +8.556112613e-001 +8.556112613e-001 +1.316561126e+001 +1.316561126e+001 -2.7501e+000 +8.2904e-001 -1.9101e+000
1341 +8.403338401e-001 +8.403338401e-001 +1.315033384e+001 +1.315033384e+001 -2.7335e+000 +8.4110e-001 -1.9139e+000
1380 +8.282178988e-001 +8.282178988e-001 +1.313821790e+001 +1.313821790e+001 -2.7347e+000 +8.4054e-001 -1.9084e+000
1440 +8.046738368e-001 +8.046738368e-001 +1.311467384e+001 +1.311467384e+001 -2.7239e+000 +8.5059e-001 -1.9043e+000
1483 +7.866019338e-001 +7.866019338e-001 +1.309660193e+001 +1.309660193e+001 -2.7180e+000 +8.5851e-001 -1.9002e+000
% function evaluation | noise-free fitness - Fopt (-1.000000000000e+003) | best noise-free fitness - Fopt | measured fitness | best measured fitness | x1 | x2...
1 +1.702414309e+004 +1.702414309e+004 +1.602414309e+004 +1.602414309e+004 +0.0000e+000 +0.0000e+000 +0.0000e+000
2 +4.724893608e+003 +4.724893608e+003 +3.724893608e+003 +3.724893608e+003 +2.0096e+000 -1.7254e-001 +4.5395e+000
3 +4.476680101e+003 +4.476680101e+003 +3.476680101e+003 +3.476680101e+003 +2.0201e+000 -2.0043e-001 +4.5349e+000
6 +3.798572247e+003 +3.798572247e+003 +2.798572247e+003 +2.798572247e+003 +2.0215e+000 -2.8045e-001 +4.5376e+000
49 +2.745771415e+003 +2.745771415e+003 +1.745771415e+003 +1.745771415e+003 +2.0103e+000 -4.2106e-001 +4.5719e+000
67 +1.404338110e+003 +1.404338110e+003 +4.043381105e+002 +4.043381105e+002 +2.0014e+000 -6.7624e-001 +4.5596e+000
80 +9.362099591e+002 +9.362099591e+002 -6.379004090e+001 -6.379004090e+001 +1.9877e+000 -7.6625e-001 +4.7504e+000
85 +3.812428544e+002 +3.812428544e+002 -6.187571456e+002 -6.187571456e+002 +2.1169e+000 -4.2823e-001 +7.8562e+000
88 +1.490880244e+002 +1.490880244e+002 -8.509119756e+002 -8.509119756e+002 +2.0120e+000 -1.1542e+000 +4.8334e+000
92 +1.197112997e+002 +1.197112997e+002 -8.802887003e+002 -8.802887003e+002 +1.5924e+000 -7.1319e-001 +7.7636e+000
96 +1.127582419e+002 +1.127582419e+002 -8.872417581e+002 -8.872417581e+002 +1.7475e+000 -1.4099e+000 +5.7310e+000
101 +4.286874491e+001 +4.286874491e+001 -9.571312551e+002 -9.571312551e+002 +1.8607e+000 -1.1334e+000 +6.5299e+000
124 +9.069123408e+000 +9.069123408e+000 -9.909308766e+002 -9.909308766e+002 +1.8915e+000 -1.0795e+000 +6.3065e+000
366 +3.963783789e+000 +3.963783789e+000 -9.960362162e+002 -9.960362162e+002 +1.7631e+000 -1.4174e+000 +4.6393e+000
385 +3.414985255e+000 +3.414985255e+000 -9.965850147e+002 -9.965850147e+002 +1.7534e+000 -1.4246e+000 +4.6562e+000
429 +2.468450319e+000 +2.468450319e+000 -9.975315497e+002 -9.975315497e+002 +1.6790e+000 -1.4286e+000 +4.6781e+000
437 +1.468224903e+000 +1.468224903e+000 -9.985317751e+002 -9.985317751e+002 +1.6953e+000 -1.4252e+000 +4.6248e+000
439 +1.374447728e+000 +1.374447728e+000 -9.986255523e+002 -9.986255523e+002 +1.7090e+000 -1.4267e+000 +4.6082e+000
840 +1.348072129e+000 +1.348072129e+000 -9.986519279e+002 -9.986519279e+002 +1.7035e+000 -1.4332e+000 +4.5863e+000
% function evaluation | noise-free fitness - Fopt (4.076000000000e+001) | best noise-free fitness - Fopt | measured fitness | best measured fitness | x1 | x2...
1 +1.610678817e+002 +1.610678817e+002 +2.018278817e+002 +2.018278817e+002 +0.0000e+000 +0.0000e+000 +0.0000e+000
200 +1.202298313e+002 +1.202298313e+002 +1.609898313e+002 +1.609898313e+002 +1.3673e+000 -1.5068e+000 -7.8324e-002
220 +1.112089765e+002 +1.112089765e+002 +1.519689765e+002 +1.519689765e+002 +1.1800e+000 -1.5016e+000 +5.7392e-003
242 +1.092722443e+002 +1.092722443e+002 +1.500322443e+002 +1.500322443e+002 +1.2911e+000 -1.3643e+000 +1.8901e-001
248 +9.944974610e+001 +9.944974610e+001 +1.402097461e+002 +1.402097461e+002 +1.1896e+000 -1.4334e+000 -1.3635e-002
257 +9.564190748e+001 +9.564190748e+001 +1.364019075e+002 +1.364019075e+002 +1.2253e+000 -1.4147e+000 -6.9863e-002
273 +9.394676146e+001 +9.394676146e+001 +1.347067615e+002 +1.347067615e+002 +1.0797e+000 -1.3556e+000 +5.6221e-003
283 +8.504708484e+001 +8.504708484e+001 +1.258070848e+002 +1.258070848e+002 +1.3314e+000 -1.2341e+000 -6.4770e-002
294 +7.952771955e+001 +7.952771955e+001 +1.202877195e+002 +1.202877195e+002 +1.1743e+000 -1.2670e+000 -1.0464e-001
331 +6.792690130e+001 +6.792690130e+001 +1.086869013e+002 +1.086869013e+002 +1.1886e+000 -1.2646e+000 -3.6265e-001
366 +6.655656580e+001 +6.655656580e+001 +1.073165658e+002 +1.073165658e+002 +1.1457e+000 -1.2192e+000 -2.7131e-001
379 +6.383653972e+001 +6.383653972e+001 +1.045965397e+002 +1.045965397e+002 +1.0910e+000 -1.2284e+000 -3.9699e-001
392 +6.303558623e+001 +6.303558623e+001 +1.037955862e+002 +1.037955862e+002 +1.0946e+000 -1.2125e+000 -3.6048e-001
394 +6.159050907e+001 +6.159050907e+001 +1.023505091e+002 +1.023505091e+002 +1.1610e+000 -1.2299e+000 -5.0030e-001
409 +5.507225791e+001 +5.507225791e+001 +9.583225791e+001 +9.583225791e+001 +1.1775e+000 -1.1857e+000 -5.2950e-001
412 +4.530699081e+001 +4.530699081e+001 +8.606699081e+001 +8.606699081e+001 +1.2048e+000 -9.4054e-001 -4.1601e-001
424 +4.104611811e+001 +4.104611811e+001 +8.180611811e+001 +8.180611811e+001 +1.3186e+000 -9.7019e-001 -5.0325e-001
430 +3.416780985e+001 +3.416780985e+001 +7.492780985e+001 +7.492780985e+001 +1.0394e+000 -9.7235e-001 -6.3998e-001
441 +2.509058648e+001 +2.509058648e+001 +6.585058648e+001 +6.585058648e+001 +1.2381e+000 -7.5901e-001 -6.2700e-001
452 +2.216001822e+001 +2.216001822e+001 +6.292001822e+001 +6.292001822e+001 +1.0493e+000 -4.4719e-002 -7.1227e-001
458 +2.109961666e+001 +2.109961666e+001 +6.185961666e+001 +6.185961666e+001 +1.2376e+000 -3.2213e-001 -6.4527e-001
467 +2.036985870e+001 +2.036985870e+001 +6.112985870e+001 +6.112985870e+001 +1.1635e+000 -3.5466e-001 -6.5614e-001
470 +1.974725079e+001 +1.974725079e+001 +6.050725079e+001 +6.050725079e+001 +1.3382e+000 -3.1162e-001 -6.5179e-001
471 +1.810729039e+001 +1.810729039e+001 +5.886729039e+001 +5.886729039e+001 +9.5011e-001 -3.5349e-001 -6.7861e-001
472 +1.709957419e+001 +1.709957419e+001 +5.785957419e+001 +5.785957419e+001 +1.1836e+000 -2.3229e-001 -7.1407e-001
473 +1.319000910e+001 +1.319000910e+001 +5.395000910e+001 +5.395000910e+001 +1.2458e+000 -1.6098e-001 -8.2952e-001
482 +1.237813811e+001 +1.237813811e+001 +5.313813811e+001 +5.313813811e+001 +1.1989e+000 -2.4134e-001 -7.9588e-001
488 +1.189484785e+001 +1.189484785e+001 +5.265484785e+001 +5.265484785e+001 +1.1916e+000 -3.1029e-001 -7.8232e-001
500 +7.626498242e+000 +7.626498242e+000 +4.838649824e+001 +4.838649824e+001 +1.2612e+000 -2.1893e-001 -9.7378e-001
509 +6.347085136e+000 +6.347085136e+000 +4.710708514e+001 +4.710708514e+001 +1.3001e+000 -2.5650e-001 -9.3852e-001
513 +1.433212891e+000 +1.433212891e+000 +4.219321289e+001 +4.219321289e+001 +1.5626e+000 -2.5534e-001 -1.0530e+000
535 +1.359354488e+000 +1.359354488e+000 +4.211935449e+001 +4.211935449e+001 +1.5832e+000 -2.7477e-001 -1.0988e+000
542 +1.123367308e+000 +1.123367308e+000 +4.188336731e+001 +4.188336731e+001 +1.6332e+000 -2.4381e-001 -9.8688e-001
547 +1.091080019e+000 +1.091080019e+000 +4.185108002e+001 +4.185108002e+001 +1.6193e+000 -2.5159e-001 -9.9984e-001
557 +1.015647567e+000 +1.015647567e+000 +4.177564757e+001 +4.177564757e+001 +1.6909e+000 -2.4616e-001 -1.0260e+000
589 +9.589872554e-001 +9.589872554e-001 +4.171898726e+001 +4.171898726e+001 +1.6435e+000 -2.2135e-001 -1.0044e+000
592 +8.552157110e-001 +8.552157110e-001 +4.161521571e+001 +4.161521571e+001 +1.6678e+000 -2.2528e-001 -1.0416e+000
603 +8.217467819e-001 +8.217467819e-001 +4.158174678e+001 +4.158174678e+001 +1.6809e+000 -2.1145e-001 -9.9886e-001
608 +7.833286038e-001 +7.833286038e-001 +4.154332860e+001 +4.154332860e+001 +1.6911e+000 -2.0953e-001 -1.0097e+000
692 +7.628923218e-001 +7.628923218e-001 +4.152289232e+001 +4.152289232e+001 +1.6924e+000 -2.0101e-001 -1.0115e+000
696 +7.528788603e-001 +7.528788603e-001 +4.151287886e+001 +4.151287886e+001 +1.7089e+000 -1.9316e-001 -1.0171e+000
735 +7.400383722e-001 +7.400383722e-001 +4.150003837e+001 +4.150003837e+001 +1.7119e+000 -1.8845e-001 -1.0140e+000
799 +7.232414003e-001 +7.232414003e-001 +4.148324140e+001 +4.148324140e+001 +1.7132e+000 -1.7652e-001 -1.0090e+000
880 +7.078087168e-001 +7.078087168e-001 +4.146780872e+001 +4.146780872e+001 +1.7261e+000 -1.7123e-001 -1.0070e+000
1002 +6.894192062e-001 +6.894192062e-001 +4.144941921e+001 +4.144941921e+001 +1.7312e+000 -1.6529e-001 -1.0011e+000
1052 +6.741351960e-001 +6.741351960e-001 +4.143413520e+001 +4.143413520e+001 +1.7390e+000 -1.6122e-001 -9.8373e-001
1074 +6.549269362e-001 +6.549269362e-001 +4.141492694e+001 +4.141492694e+001 +1.7399e+000 -1.3980e-001 -9.8370e-001
1077 +6.255859136e-001 +6.255859136e-001 +4.138558591e+001 +4.138558591e+001 +1.7637e+000 -1.2619e-001 -9.4795e-001
1112 +6.074187788e-001 +6.074187788e-001 +4.136741878e+001 +4.136741878e+001 +1.7562e+000 -1.2994e-001 -9.6617e-001
1118 +5.919525156e-001 +5.919525156e-001 +4.135195252e+001 +4.135195252e+001 +1.7648e+000 -1.2106e-001 -9.6757e-001
1147 +5.883148550e-001 +5.883148550e-001 +4.134831485e+001 +4.134831485e+001 +1.7701e+000 -1.1764e-001 -9.6831e-001
1174 +5.661038615e-001 +5.661038615e-001 +4.132610386e+001 +4.132610386e+001 +1.7885e+000 -1.0254e-001 -9.5911e-001
1294 +5.588372171e-001 +5.588372171e-001 +4.131883722e+001 +4.131883722e+001 +1.7802e+000 -9.7321e-002 -9.5397e-001
1339 +5.473654700e-001 +5.473654700e-001 +4.130736547e+001 +4.130736547e+001 +1.7822e+000 -1.0001e-001 -9.4665e-001
1352 +5.368594693e-001 +5.368594693e-001 +4.129685947e+001 +4.129685947e+001 +1.7865e+000 -9.3587e-002 -9.3924e-001
% function evaluation | noise-free fitness - Fopt (-2.714100000000e+002) | best noise-free fitness - Fopt | measured fitness | best measured fitness | x1 | x2...
1 +4.645801141e+003 +4.645801141e+003 +4.374391141e+003 +4.374391141e+003 +0.0000e+000 +0.0000e+000 +0.0000e+000
91 +4.150363594e+003 +4.150363594e+003 +3.878953594e+003 +3.878953594e+003 -2.9654e-001 +1.3634e+000 +1.2979e+000
100 +3.939962318e+003 +3.939962318e+003 +3.668552318e+003 +3.668552318e+003 -6.4889e-002 -1.5905e-001 +1.4878e+000
115 +1.804296276e+003 +1.804296276e+003 +1.532886276e+003 +1.532886276e+003 -4.1937e-001 +4.1040e-001 +1.5511e+000
125 +1.538913292e+003 +1.538913292e+003 +1.267503292e+003 +1.267503292e+003 -5.0084e-001 +3.0323e-001 +1.4930e+000
137 +1.142384986e+003 +1.142384986e+003 +8.709749861e+002 +8.709749861e+002 -6.8014e-001 +4.2698e-001 +1.2822e+000
138 +8.276725308e+002 +8.276725308e+002 +5.562625308e+002 +5.562625308e+002 -1.2608e+000 +1.0562e+000 +2.4605e+000
142 +1.537954963e+002 +1.537954963e+002 -1.176145037e+002 -1.176145037e+002 -1.8051e+000 +8.8116e-001 +5.3906e+000
144 +1.334851354e+002 +1.334851354e+002 -1.379248646e+002 -1.379248646e+002 -1.4296e+000 +8.7166e-001 +3.4831e+000
160 +1.002000256e+002 +1.002000256e+002 -1.712099744e+002 -1.712099744e+002 -1.7565e+000 +8.8015e-001 +4.2365e+000
161 +1.212632179e+001 +1.212632179e+001 -2.592836782e+002 -2.592836782e+002 -1.4272e+000 +1.0250e+000 +5.3384e+000
220 +8.447638613e+000 +8.447638613e+000 -2.629623614e+002 -2.629623614e+002 -1.4069e+000 +7.2396e-001 +3.8292e+000
221 +4.850979057e+000 +4.850979057e+000 -2.665590209e+002 -2.665590209e+002 -1.3542e+000 +7.6188e-001 +4.0963e+000
244 +2.605457282e+000 +2.605457282e+000 -2.688045427e+002 -2.688045427e+002 -1.4449e+000 +7.1606e-001 +3.9418e+000
248 +6.771426137e-001 +6.771426137e-001 -2.707328574e+002 -2.707328574e+002 -1.4512e+000 +6.9393e-001 +4.0274e+000
353 +6.472570951e-001 +6.472570951e-001 -2.707627429e+002 -2.707627429e+002 -1.4224e+000 +7.5082e-001 +4.1829e+000
370 +5.967512366e-001 +5.967512366e-001 -2.708132488e+002 -2.708132488e+002 -1.4223e+000 +7.0661e-001 +4.0557e+000
462 +5.740856659e-001 +5.740856659e-001 -2.708359143e+002 -2.708359143e+002 -1.4209e+000 +7.1819e-001 +4.0879e+000
467 +5.571260450e-001 +5.571260450e-001 -2.708528740e+002 -2.708528740e+002 -1.4315e+000 +7.1972e-001 +4.0878e+000
527 +5.484690145e-001 +5.484690145e-001 -2.708615310e+002 -2.708615310e+002 -1.4324e+000 +7.1634e-001 +4.0821e+000
582 +5.314989206e-001 +5.314989206e-001 -2.708785011e+002 -2.708785011e+002 -1.4309e+000 +7.1183e-001 +4.0642e+000
772 +5.247007607e-001 +5.247007607e-001 -2.708852992e+002 -2.708852992e+002 -1.4310e+000 +7.0707e-001 +4.0490e+000
1103 +5.123731885e-001 +5.123731885e-001 -2.708976268e+002 -2.708976268e+002 -1.4347e+000 +6.9809e-001 +4.0240e+000
1376 +5.006084521e-001 +5.006084521e-001 -2.709093915e+002 -2.709093915e+002 -1.4374e+000 +6.9180e-001 +3.9985e+000
% function evaluation | noise-free fitness - Fopt (1.031600000000e+002) | best noise-free fitness - Fopt | measured fitness | best measured fitness | x1 | x2...
1 +6.321845552e+002 +6.321845552e+002 +7.353445552e+002 +7.353445552e+002 +0.0000e+000 +0.0000e+000 +0.0000e+000
112 +4.195557068e+002 +4.195557068e+002 +5.227157068e+002 +5.227157068e+002 -1.1833e+000 -7.9793e-001 +2.0491e+000
114 +3.547858234e+002 +3.547858234e+002 +4.579458234e+002 +4.579458234e+002 -1.9915e+000 +2.2878e+000 +1.9804e+000
127 +3.362416970e+002 +3.362416970e+002 +4.394016970e+002 +4.394016970e+002 -4.0682e-001 +1.4101e+000 +2.0865e+000
140 +2.439591361e+002 +2.439591361e+002 +3.471191361e+002 +3.471191361e+002 -1.7917e+000 +1.8468e+000 +2.1022e+000
159 +1.292330162e+002 +1.292330162e+002 +2.323930162e+002 +2.323930162e+002 -3.5585e-001 +1.6352e+000 +1.9131e+000
160 +1.737420496e+001 +1.737420496e+001 +1.205342050e+002 +1.205342050e+002 -3.7807e-002 +2.1538e+000 +2.0103e+000
171 +1.065440264e+001 +1.065440264e+001 +1.138144026e+002 +1.138144026e+002 -1.5660e-002 +2.0268e+000 +1.9415e+000
196 +2.821750453e+000 +2.821750453e+000 +1.059817505e+002 +1.059817505e+002 -9.6623e-002 +1.9989e+000 +1.9485e+000
341 +1.361378901e+000 +1.361378901e+000 +1.045213789e+002 +1.045213789e+002 -2.2132e-001 +1.8862e+000 +1.5556e+000
464 +1.156200242e+000 +1.156200242e+000 +1.043162002e+002 +1.043162002e+002 -2.4480e-001 +1.8283e+000 +1.2752e+000
466 +7.856029546e-001 +7.856029546e-001 +1.039456030e+002 +1.039456030e+002 -2.2749e-001 +1.7901e+000 +1.2838e+000
468 +3.560048790e-001 +3.560048790e-001 +1.035160049e+002 +1.035160049e+002 -2.2628e-001 +1.7968e+000 +1.2619e+000
478 +3.310950958e-001 +3.310950958e-001 +1.034910951e+002 +1.034910951e+002 -2.1478e-001 +1.8366e+000 +1.3387e+000
490 +2.756020671e-001 +2.756020671e-001 +1.034356021e+002 +1.034356021e+002 -2.1756e-001 +1.8160e+000 +1.2911e+000
587 +2.749227607e-001 +2.749227607e-001 +1.034349228e+002 +1.034349228e+002 -2.1483e-001 +1.8173e+000 +1.2875e+000
795 +2.684030256e-001 +2.684030256e-001 +1.034284030e+002 +1.034284030e+002 -2.1711e-001 +1.8099e+000 +1.2712e+000
1190 +2.621411790e-001 +2.621411790e-001 +1.034221412e+002 +1.034221412e+002 -2.2007e-001 +1.8069e+000 +1.2600e+000
1335 +2.569520022e-001 +2.569520022e-001 +1.034169520e+002 +1.034169520e+002 -2.2182e-001 +1.8021e+000 +1.2462e+000
% function evaluation | noise-free fitness - Fopt (3.235000000000e+001) | best noise-free fitness - Fopt | measured fitness | best measured fitness | x1 | x2...
1 +8.279899651e+002 +8.279899651e+002 +8.603399651e+002 +8.603399651e+002 +0.0000e+000 +0.0000e+000 +0.0000e+000
380 +6.560894352e+002 +6.560894352e+002 +6.884394352e+002 +6.884394352e+002 -2.1181e-001 +2.5306e+000 +1.5990e+001
389 +3.766158760e+002 +3.766158760e+002 +4.089658760e+002 +4.089658760e+002 -5.0017e-001 +2.6091e+000 +1.7316e+001
392 +2.912780790e+002 +2.912780790e+002 +3.236280790e+002 +3.236280790e+002 -5.4610e-001 +2.4046e+000 +1.5980e+001
401 +2.454538163e+002 +2.454538163e+002 +2.778038163e+002 +2.778038163e+002 +3.6558e+000 +2.3207e+000 +1.5177e+001
436 +7.709586464e+001 +7.709586464e+001 +1.094458646e+002 +1.094458646e+002 -1.2819e-001 +2.2849e+000 +1.6673e+001
474 +2.360740529e+001 +2.360740529e+001 +5.595740529e+001 +5.595740529e+001 -3.5122e-001 +2.6144e+000 +1.9192e+001
521 +2.181599714e+001 +2.181599714e+001 +5.416599714e+001 +5.416599714e+001 -3.8964e-001 +2.6128e+000 +1.9169e+001
559 +2.111426320e+001 +2.111426320e+001 +5.346426320e+001 +5.346426320e+001 -3.5831e-001 +2.5286e+000 +1.8397e+001
% function evaluation | noise-free fitness - Fopt (-5.052600000000e+002) | best noise-free fitness - Fopt | measured fitness | best measured fitness | x1 | x2...
1 +9.549964304e+002 +9.549964304e+002 +4.497364304e+002 +4.497364304e+002 +0.0000e+000 +0.0000e+000 +0.0000e+000
74 +3.114939960e+002 +3.114939960e+002 -1.937660040e+002 -1.937660040e+002 +4.5467e-001 +2.3695e+000 -2.7797e+000
82 +9.898004478e+001 +9.898004478e+001 -4.062799552e+002 -4.062799552e+002 -8.1908e-002 +2.4017e+000 -2.7816e+000
105 +9.686545393e+001 +9.686545393e+001 -4.083945461e+002 -4.083945461e+002 -2.5919e-001 +2.4163e+000 -2.7791e+000
187 +8.698337960e+001 +8.698337960e+001 -4.182766204e+002 -4.182766204e+002 -3.3468e-001 +2.3678e+000 -2.7741e+000
214 +8.092378165e+001 +8.092378165e+001 -4.243362183e+002 -4.243362183e+002 -2.8181e-001 +2.3351e+000 -2.7810e+000
221 +7.747847739e+001 +7.747847739e+001 -4.277815226e+002 -4.277815226e+002 -1.7109e-001 +2.3302e+000 -2.7535e+000
230 +7.485799961e+001 +7.485799961e+001 -4.304020004e+002 -4.304020004e+002 -3.7614e-001 +2.2808e+000 -2.7916e+000
247 +6.879451584e+001 +6.879451584e+001 -4.364654842e+002 -4.364654842e+002 -1.7253e-001 +2.1544e+000 -2.7850e+000
259 +5.995583082e+001 +5.995583082e+001 -4.453041692e+002 -4.453041692e+002 -2.4473e-001 +1.9578e+000 -2.7541e+000
262 +5.767331434e+001 +5.767331434e+001 -4.475866857e+002 -4.475866857e+002 -3.4180e-001 +2.1948e+000 -2.7538e+000
263 +2.136431821e+001 +2.136431821e+001 -4.838956818e+002 -4.838956818e+002 -3.3067e-001 +2.2580e+000 -2.4091e+000
273 +2.827136221e+000 +2.827136221e+000 -5.024328638e+002 -5.024328638e+002 -7.6215e-001 +2.0133e+000 -2.1114e+000
283 +5.875987310e-001 +5.875987310e-001 -5.046724013e+002 -5.046724013e+002 -1.6610e-001 +2.5151e+000 -1.7382e+000
1147 +5.714935640e-001 +5.714935640e-001 -5.046885064e+002 -5.046885064e+002 -3.6468e-001 +2.2105e+000 -1.9902e+000
1262 +5.605711634e-001 +5.605711634e-001 -5.046994288e+002 -5.046994288e+002 -3.6060e-001 +2.2172e+000 -1.9875e+000
1363 +5.485833519e-001 +5.485833519e-001 -5.047114166e+002 -5.047114166e+002 -3.5546e-001 +2.2254e+000 -1.9836e+000
1487 +5.361703748e-001 +5.361703748e-001 -5.047238296e+002 -5.047238296e+002 -3.5225e-001 +2.2343e+000 -1.9730e+000
% function evaluation | noise-free fitness - Fopt (-5.231400000000e+002) | best noise-free fitness - Fopt | measured fitness | best measured fitness | x1 | x2...
1 +1.682687201e+004 +1.682687201e+004 +1.630373201e+004 +1.630373201e+004 +0.0000e+000 +0.0000e+000 +0.0000e+000
92 +2.291388350e+003 +2.291388350e+003 +1.768248350e+003 +1.768248350e+003 -4.3004e+000 -6.2931e-001 +2.8563e+000
95 +1.298756530e+003 +1.298756530e+003 +7.756165301e+002 +7.756165301e+002 -9.9478e-001 -8.0063e-001 +2.8198e+000
121 +9.411220729e+002 +9.411220729e+002 +4.179820729e+002 +4.179820729e+002 -2.8035e+000 -1.1369e+000 +2.8417e+000
181 +8.961349618e+002 +8.961349618e+002 +3.729949618e+002 +3.729949618e+002 -5.1514e+000 -9.4778e-001 +2.8413e+000
182 +6.690596187e+002 +6.690596187e+002 +1.459196187e+002 +1.459196187e+002 -5.2541e+000 -1.1728e+000 +2.8430e+000
193 +5.412566898e+002 +5.412566898e+002 +1.811668980e+001 +1.811668980e+001 -4.9189e+000 -1.0039e+000 +2.8468e+000
205 +1.776429214e+002 +1.776429214e+002 -3.454970786e+002 -3.454970786e+002 -4.9764e+000 -1.3466e+000 +2.8554e+000
212 +8.916854744e+000 +8.916854744e+000 -5.142231453e+002 -5.142231453e+002 -4.5910e+000 -1.4107e+000 +2.8855e+000
388 +8.390855855e+000 +8.390855855e+000 -5.147491441e+002 -5.147491441e+002 -4.5680e+000 -1.5009e+000 +2.4251e+000
458 +8.316410472e+000 +8.316410472e+000 -5.148235895e+002 -5.148235895e+002 -4.5691e+000 -1.5191e+000 +2.3306e+000
