% function evaluation | noise-free fitness - Fopt (1.491500000000e+002) | best noise-free fitness - Fopt | measured fitness | best measured fitness | x1 | x2...
1 +1.327057257e+003 +1.327057257e+003 +1.476207257e+003 +1.476207257e+003 +0.0000e+000 +0.0000e+000 +0.0000e+000 +0.0000e+000 +0.0000e+000
1185 +9.669951189e+002 +9.669951189e+002 +1.116145119e+003 +1.116145119e+003 -8.6254e-001 +3.4237e-001 +1.8805e+000 +6.5294e+000 +2.7968e+001
1211 +9.122235415e+002 +9.122235415e+002 +1.061373541e+003 +1.061373541e+003 -3.0019e+000 +5.4268e-001 +1.7600e+000 +6.5920e+000 +3.0358e+001
1219 +5.504125937e+002 +5.504125937e+002 +6.995625937e+002 +6.995625937e+002 -2.5366e+000 +7.9727e-001 +1.5715e+000 +6.9028e+000 +3.2330e+001
1351 +3.025588695e+002 +3.025588695e+002 +4.517088695e+002 +4.517088695e+002 -1.4097e-002 +5.8908e-001 +1.4962e+000 +6.6815e+000 +3.0065e+001
1408 +1.549872752e+002 +1.549872752e+002 +3.041372752e+002 +3.041372752e+002 -2.4580e+000 +4.2700e-001 +1.3780e+000 +6.7818e+000 +3.0900e+001
1432 +1.276004548e+002 +1.276004548e+002 +2.767504548e+002 +2.767504548e+002 -2.3533e+000 +4.0809e-001 +1.4246e+000 +6.5481e+000 +2.9347e+001
1478 +9.952630991e+001 +9.952630991e+001 +2.486763099e+002 +2.486763099e+002 -2.1035e+000 +3.4954e-001 +1.4685e+000 +6.6966e+000 +3.0293e+001
1487 +8.895489141e+001 +8.895489141e+001 +2.381048914e+002 +2.381048914e+002 -2.1858e+000 +3.6240e-001 +1.4794e+000 +6.6407e+000 +2.9921e+001
1500 +8.284234584e+001 +8.284234584e+001 +2.319923458e+002 +2.319923458e+002 -2.4675e+000 +3.7738e-001 +1.4396e+000 +6.7039e+000 +3.0318e+001
1501 +5.282062417e+001 +5.282062417e+001 +2.019706242e+002 +2.019706242e+002 -2.3901e+000 +3.2328e-001 +1.4380e+000 +6.6422e+000 +2.9876e+001
1553 +5.177893963e+001 +5.177893963e+001 +2.009289396e+002 +2.009289396e+002 -2.3425e+000 +8.9243e-002 +1.4561e+000 +6.7126e+000 +3.0367e+001
1577 +4.229183895e+001 +4.229183895e+001 +1.914418390e+002 +1.914418390e+002 -2.2664e+000 +2.7300e-001 +1.4422e+000 +6.7421e+000 +3.0948e+001
1584 +3.710239603e+001 +3.710239603e+001 +1.862523960e+002 +1.862523960e+002 -2.3086e+000 +1.8145e-001 +1.4294e+000 +6.7150e+000 +3.0419e+001
1602 +3.520532338e+001 +3.520532338e+001 +1.843553234e+002 +1.843553234e+002 -2.3189e+000 +2.3644e-001 +1.4388e+000 +6.7127e+000 +3.0514e+001
1671 +3.418816602e+001 +3.418816602e+001 +1.833381660e+002 +1.833381660e+002 -2.3080e+000 +2.3832e-001 +1.4503e+000 +6.6734e+000 +3.0161e+001
1694 +3.151568021e+001 +3.151568021e+001 +1.806656802e+002 +1.806656802e+002 -2.3210e+000 +1.7533e-001 +1.4258e+000 +6.6868e+000 +3.0369e+001
2102 +3.083282494e+001 +3.083282494e+001 +1.799828249e+002 +1.799828249e+002 -2.2995e+000 +1.8239e-001 +1.4396e+000 +6.6856e+000 +3.0296e+001
% function evaluation | noise-free fitness - Fopt (-1.000000000000e+003) | best noise-free fitness - Fopt | measured fitness | best measured fitness | x1 | x2...
1 +2.422133760e+004 +2.422133760e+004 +2.322133760e+004 +2.322133760e+004 +0.0000e+000 +0.0000e+000 +0.0000e+000 +0.0000e+000 +0.0000e+000
356 +2.155773779e+004 +2.155773779e+004 +2.055773779e+004 +2.055773779e+004 -3.2931e+000 +9.5959e-001 +1.3415e+000 +1.8552e+000 +2.1910e+000
376 +1.296796261e+004 +1.296796261e+004 +1.196796261e+004 +1.196796261e+004 -6.3318e+000 -5.3032e-001 +3.1689e+000 +1.0967e+000 +2.1200e+000
401 +2.401957467e+003 +2.401957467e+003 +1.401957467e+003 +1.401957467e+003 -3.8694e+000 +1.3570e+000 +2.4918e+000 +4.6181e-001 +1.4004e+000
442 +1.591340907e+002 +1.591340907e+002 -8.408659093e+002 -8.408659093e+002 -2.4349e+000 +1.5168e+000 +2.4441e+000 +1.4885e+000 +1.4235e+001
629 +1.396101461e+002 +1.396101461e+002 -8.603898539e+002 -8.603898539e+002 -4.3566e+000 +1.1331e+000 +2.0685e+000 +4.5405e-001 +6.2390e+000
631 +1.341046711e+002 +1.341046711e+002 -8.658953289e+002 -8.658953289e+002 -4.5939e+000 +1.2389e+000 +1.9791e+000 +4.5993e-001 +6.3502e+000
657 +1.078816010e+002 +1.078816010e+002 -8.921183990e+002 -8.921183990e+002 -4.3805e+000 +1.2110e+000 +2.2173e+000 +4.6652e-001 +6.2509e+000
667 +9.359367515e+001 +9.359367515e+001 -9.064063248e+002 -9.064063248e+002 -4.6654e+000 +1.1839e+000 +2.0452e+000 +4.5980e-001 +5.9843e+000
673 +8.777672892e+001 +8.777672892e+001 -9.122232711e+002 -9.122232711e+002 -4.5523e+000 +1.1732e+000 +2.1644e+000 +4.4235e-001 +6.1280e+000
682 +7.767408710e+001 +7.767408710e+001 -9.223259129e+002 -9.223259129e+002 -4.4917e+000 +1.3589e+000 +2.2510e+000 +4.7446e-001 +6.0607e+000
683 +7.310823057e+001 +7.310823057e+001 -9.268917694e+002 -9.268917694e+002 -4.8471e+000 +1.1825e+000 +2.1768e+000 +4.3559e-001 +6.2934e+000
709 +6.424518072e+001 +6.424518072e+001 -9.357548193e+002 -9.357548193e+002 -4.6407e+000 +1.2998e+000 +2.1762e+000 +5.1841e-001 +6.6041e+000
711 +5.561584078e+001 +5.561584078e+001 -9.443841592e+002 -9.443841592e+002 -4.7090e+000 +1.2269e+000 +2.1755e+000 +4.1811e-001 +5.6226e+000
743 +4.729465492e+001 +4.729465492e+001 -9.527053451e+002 -9.527053451e+002 -4.7631e+000 +1.2418e+000 +2.2158e+000 +4.4544e-001 +6.0431e+000
758 +4.157334190e+001 +4.157334190e+001 -9.584266581e+002 -9.584266581e+002 -4.6953e+000 +1.3443e+000 +2.2212e+000 +4.3736e-001 +5.9962e+000
786 +3.216133716e+001 +3.216133716e+001 -9.678386628e+002 -9.678386628e+002 -4.7918e+000 +1.3689e+000 +2.1906e+000 +4.5157e-001 +6.1671e+000
805 +3.027038117e+001 +3.027038117e+001 -9.697296188e+002 -9.697296188e+002 -4.7742e+000 +1.3471e+000 +2.2129e+000 +4.4491e-001 +5.9530e+000
814 +2.707051692e+001 +2.707051692e+001 -9.729294831e+002 -9.729294831e+002 -4.8634e+000 +1.3770e+000 +2.2038e+000 +4.8800e-001 +5.9716e+000
832 +2.237591143e+001 +2.237591143e+001 -9.776240886e+002 -9.776240886e+002 -4.9229e+000 +1.3436e+000 +2.2058e+000 +4.5649e-001 +5.9785e+000
853 +1.994139221e+001 +1.994139221e+001 -9.800586078e+002 -9.800586078e+002 -4.9574e+000 +1.3690e+000 +2.2350e+000 +4.7290e-001 +5.9853e+000
856 +1.698467853e+001 +1.698467853e+001 -9.830153215e+002 -9.830153215e+002 -4.9216e+000 +1.3803e+000 +2.2504e+000 +4.5418e-001 +6.0171e+000
858 +1.677718735e+001 +1.677718735e+001 -9.832228126e+002 -9.832228126e+002 -4.8930e+000 +1.4009e+000 +2.2318e+000 +4.4794e-001 +6.0647e+000
862 +1.599357981e+001 +1.599357981e+001 -9.840064202e+002 -9.840064202e+002 -4.9825e+000 +1.5281e+000 +2.2020e+000 +4.6511e-001 +6.0238e+000
878 +1.421290703e+001 +1.421290703e+001 -9.857870930e+002 -9.857870930e+002 -4.8981e+000 +1.4877e+000 +2.2292e+000 +4.5546e-001 +5.9841e+000
884 +1.300174958e+001 +1.300174958e+001 -9.869982504e+002 -9.869982504e+002 -4.9228e+000 +1.5002e+000 +2.2287e+000 +4.4857e-001 +5.9943e+000
888 +1.004724385e+001 +1.004724385e+001 -9.899527562e+002 -9.899527562e+002 -5.0099e+000 +1.4746e+000 +2.2536e+000 +4.5262e-001 +6.0322e+000
965 +9.992150636e+000 +9.992150636e+000 -9.900078494e+002 -9.900078494e+002 -4.9615e+000 +1.4713e+000 +2.2397e+000 +4.5749e-001 +6.0065e+000
980 +9.659929775e+000 +9.659929775e+000 -9.903400702e+002 -9.903400702e+002 -4.9634e+000 +1.4758e+000 +2.2528e+000 +4.5529e-001 +6.0148e+000
1052 +9.504925745e+000 +9.504925745e+000 -9.904950743e+002 -9.904950743e+002 -4.9975e+000 +1.4860e+000 +2.2465e+000 +4.5288e-001 +5.9533e+000
1127 +9.285612790e+000 +9.285612790e+000 -9.907143872e+002 -9.907143872e+002 -4.9918e+000 +1.4884e+000 +2.2546e+000 +4.5177e-001 +5.9934e+000
% function evaluation | noise-free fitness - Fopt (9.862000000000e+001) | best noise-free fitness - Fopt | measured fitness | best measured fitness | x1 | x2...
1 +1.448591041e+004 +1.448591041e+004 +1.458453041e+004 +1.458453041e+004 +0.0000e+000 +0.0000e+000 +0.0000e+000 +0.0000e+000 +0.0000e+000
151 +4.746986297e+003 +4.746986297e+003 +4.845606297e+003 +4.845606297e+003 -2.2430e+000 -2.6623e+000 -1.4460e+000 -9.1607e-001 +4.7975e+000
154 +6.745680370e+002 +6.745680370e+002 +7.731880370e+002 +7.731880370e+002 -2.2059e+000 -2.6878e+000 -3.9646e-001 -9.2624e-001 +4.5656e+000
166 +5.990851161e+002 +5.990851161e+002 +6.977051161e+002 +6.977051161e+002 -2.2368e+000 -2.2377e+000 -4.2931e-001 -8.0229e-001 +4.7325e+000
187 +2.745628968e+002 +2.745628968e+002 +3.731828968e+002 +3.731828968e+002 -2.2120e+000 -2.4487e+000 +2.8496e+000 -1.2458e+000 +4.6730e+000
215 +2.051388068e+002 +2.051388068e+002 +3.037588068e+002 +3.037588068e+002 -2.2107e+000 -1.3528e+000 +2.6682e+000 -7.7582e-001 +5.2729e+000
324 +1.782283864e+002 +1.782283864e+002 +2.768483864e+002 +2.768483864e+002 -2.0321e+000 -1.3497e+000 +2.6442e+000 -8.9223e-001 +5.6236e+000
342 +1.221783973e+002 +1.221783973e+002 +2.207983973e+002 +2.207983973e+002 -2.4852e+000 -1.4608e+000 +2.9528e+000 -8.3241e-001 +5.7919e+000
385 +1.088045102e+002 +1.088045102e+002 +2.074245102e+002 +2.074245102e+002 -2.3512e+000 -1.3168e+000 +2.8566e+000 -8.0524e-001 +5.4884e+000
527 +1.028506772e+002 +1.028506772e+002 +2.014706772e+002 +2.014706772e+002 -2.3130e+000 -1.2837e+000 +2.9670e+000 -9.6663e-001 +5.0995e+000
546 +5.440222688e+001 +5.440222688e+001 +1.530222269e+002 +1.530222269e+002 -2.9291e+000 -8.4432e-001 +2.7752e+000 -8.8420e-001 +5.2058e+000
615 +5.117942851e+001 +5.117942851e+001 +1.497994285e+002 +1.497994285e+002 -2.5555e+000 -1.0933e+000 +2.8153e+000 -9.4782e-001 +5.1152e+000
627 +3.300376178e+001 +3.300376178e+001 +1.316237618e+002 +1.316237618e+002 -2.6664e+000 -8.9338e-001 +2.9779e+000 -8.9871e-001 +5.2015e+000
658 +1.202357471e+001 +1.202357471e+001 +1.106435747e+002 +1.106435747e+002 -2.9200e+000 -9.8843e-001 +2.9041e+000 -8.9942e-001 +5.2823e+000
700 +1.102539797e+001 +1.102539797e+001 +1.096453980e+002 +1.096453980e+002 -2.8853e+000 -9.9020e-001 +2.9002e+000 -9.1646e-001 +5.2447e+000
787 +1.071971118e+001 +1.071971118e+001 +1.093397112e+002 +1.093397112e+002 -2.8649e+000 -9.6238e-001 +2.9132e+000 -9.3176e-001 +5.2885e+000
805 +1.044401295e+001 +1.044401295e+001 +1.090640129e+002 +1.090640129e+002 -2.8784e+000 -9.7240e-001 +2.9083e+000 -9.3129e-001 +5.2656e+000
812 +8.946522726e+000 +8.946522726e+000 +1.075665227e+002 +1.075665227e+002 -2.8802e+000 -9.7663e-001 +2.9233e+000 -9.0966e-001 +5.2601e+000
830 +8.417050800e+000 +8.417050800e+000 +1.070370508e+002 +1.070370508e+002 -2.8816e+000 -9.5568e-001 +2.9220e+000 -9.2358e-001 +5.2513e+000
845 +7.392894646e+000 +7.392894646e+000 +1.060128946e+002 +1.060128946e+002 -2.8859e+000 -9.5997e-001 +2.9489e+000 -9.1516e-001 +5.2261e+000
878 +7.233383909e+000 +7.233383909e+000 +1.058533839e+002 +1.058533839e+002 -2.8745e+000 -9.4187e-001 +2.9532e+000 -8.9870e-001 +5.2771e+000
913 +7.077053667e+000 +7.077053667e+000 +1.056970537e+002 +1.056970537e+002 -2.9016e+000 -9.1636e-001 +2.9580e+000 -8.9438e-001 +5.2510e+000
920 +6.733350809e+000 +6.733350809e+000 +1.053533508e+002 +1.053533508e+002 -2.8888e+000 -9.2074e-001 +2.9588e+000 -9.0326e-001 +5.2628e+000
973 +6.593141552e+000 +6.593141552e+000 +1.052131416e+002 +1.052131416e+002 -2.8980e+000 -9.2833e-001 +2.9613e+000 -9.0491e-001 +5.2594e+000
1652 +6.455529380e+000 +6.455529380e+000 +1.050755294e+002 +1.050755294e+002 -2.9086e+000 -9.1836e-001 +2.9597e+000 -9.1731e-001 +5.2044e+000
% function evaluation | noise-free fitness - Fopt (-4.715000000000e+001) | best noise-free fitness - Fopt | measured fitness | best measured fitness | x1 | x2...
1 +1.146979636e+004 +1.146979636e+004 +1.142264636e+004 +1.142264636e+004 +0.0000e+000 +0.0000e+000 +0.0000e+000 +0.0000e+000 +0.0000e+000
437 +4.551713300e+003 +4.551713300e+003 +4.504563300e+003 +4.504563300e+003 -1.6493e+000 -2.5145e+000 -8.3242e-001 -1.4877e+000 -3.7113e+000
480 +2.868892802e+003 +2.868892802e+003 +2.821742802e+003 +2.821742802e+003 +6.5370e-001 -1.1157e+000 -8.8610e-001 -3.7840e+000 -3.7093e+000
512 +2.662415461e+003 +2.662415461e+003 +2.615265461e+003 +2.615265461e+003 +2.4290e-001 -1.4005e+000 -9.6554e-001 -2.1898e+000 -3.7190e+000
527 +1.960417966e+003 +1.960417966e+003 +1.913267966e+003 +1.913267966e+003 -2.4759e-001 -1.1106e+000 -5.8640e-001 -3.3723e+000 -3.7175e+000
556 +1.433562693e+003 +1.433562693e+003 +1.386412693e+003 +1.386412693e+003 -1.1863e+000 -1.2126e+000 -1.2144e+000 -3.6358e+000 -3.7277e+000
581 +1.312052636e+003 +1.312052636e+003 +1.264902636e+003 +1.264902636e+003 -7.1427e-001 -1.6860e+000 -1.3541e+000 -3.5313e+000 -3.7190e+000
585 +1.194949145e+003 +1.194949145e+003 +1.147799145e+003 +1.147799145e+003 -5.7922e-001 -1.0574e+000 -1.2937e+000 -3.1189e+000 -3.7217e+000
646 +1.165026758e+003 +1.165026758e+003 +1.117876758e+003 +1.117876758e+003 -7.6102e-001 -1.5309e+000 -1.7043e+000 -3.0798e+000 -3.7119e+000
716 +1.124146604e+003 +1.124146604e+003 +1.076996604e+003 +1.076996604e+003 -9.7397e-001 -1.7862e+000 -1.6207e+000 -3.1588e+000 -3.6504e+000
763 +1.104128595e+003 +1.104128595e+003 +1.056978595e+003 +1.056978595e+003 -1.5203e+000 -1.9309e+000 -1.9786e+000 -3.2495e+000 -3.6808e+000
765 +1.082440598e+003 +1.082440598e+003 +1.035290598e+003 +1.035290598e+003 -1.0051e+000 -1.5652e+000 -1.7780e+000 -3.1628e+000 -3.6219e+000
806 +1.050265552e+003 +1.050265552e+003 +1.003115552e+003 +1.003115552e+003 -1.5361e+000 -1.6678e+000 -1.7910e+000 -3.2410e+000 -3.5837e+000
867 +9.523420875e+002 +9.523420875e+002 +9.051920875e+002 +9.051920875e+002 -1.4696e+000 -2.1252e+000 -1.7988e+000 -3.1926e+000 -3.4110e+000
891 +6.703419704e+002 +6.703419704e+002 +6.231919704e+002 +6.231919704e+002 -1.9981e+000 -1.0947e+000 -1.9098e+000 -3.3504e+000 -2.9299e+000
1047 +5.682405196e+002 +5.682405196e+002 +5.210905196e+002 +5.210905196e+002 -1.4947e+000 -1.7222e+000 -2.0441e+000 -3.3599e+000 -2.7439e+000
1053 +5.130661140e+002 +5.130661140e+002 +4.659161140e+002 +4.659161140e+002 -1.4787e+000 -1.9306e+000 -1.8857e+000 -3.0637e+000 -2.5473e+000
1060 +4.326183809e+002 +4.326183809e+002 +3.854683809e+002 +3.854683809e+002 -1.5554e+000 -1.9871e+000 -1.9412e+000 -3.2712e+000 -2.4207e+000
1092 +3.262014756e+002 +3.262014756e+002 +2.790514756e+002 +2.790514756e+002 -1.5949e+000 -1.8130e+000 -1.4737e+000 -3.5746e+000 -1.7539e+000
1095 +2.246114585e+002 +2.246114585e+002 +1.774614585e+002 +1.774614585e+002 -1.8603e+000 -1.8431e+000 -1.9923e+000 -3.2615e+000 -1.8087e+000
1100 +6.119789580e+001 +6.119789580e+001 +1.404789580e+001 +1.404789580e+001 -1.5161e+000 -1.8292e+000 -2.0009e+000 -3.1923e+000 -1.0913e+000
1128 +2.994995320e+001 +2.994995320e+001 -1.720004680e+001 -1.720004680e+001 -1.4368e+000 -2.0411e+000 -1.7824e+000 -3.3449e+000 -5.5758e-001
1188 +2.435742015e+001 +2.435742015e+001 -2.279257985e+001 -2.279257985e+001 -1.3994e+000 -1.4499e+000 -1.8088e+000 -3.1056e+000 -5.0893e-001
1211 +1.938890835e+001 +1.938890835e+001 -2.776109165e+001 -2.776109165e+001 -1.4592e+000 -1.5066e+000 -1.8593e+000 -3.0543e+000 -4.1412e-001
1240 +1.026387750e+001 +1.026387750e+001 -3.688612250e+001 -3.688612250e+001 -1.0091e+000 -1.7115e+000 -1.9461e+000 -3.3204e+000 -2.5825e-001
1333 +6.570662471e+000 +6.570662471e+000 -4.057933753e+001 -4.057933753e+001 -1.0223e+000 -1.7978e+000 -2.0523e+000 -3.2343e+000 -4.4614e-001
1435 +5.365396650e+000 +5.365396650e+000 -4.178460335e+001 -4.178460335e+001 -1.0671e+000 -1.8065e+000 -2.1014e+000 -3.2096e+000 -3.4005e-001
1459 +4.908641892e+000 +4.908641892e+000 -4.224135811e+001 -4.224135811e+001 -1.1133e+000 -1.6356e+000 -2.1627e+000 -3.2530e+000 -3.4640e-001
1572 +3.720000648e+000 +3.720000648e+000 -4.342999935e+001 -4.342999935e+001 -1.0765e+000 -1.7256e+000 -2.1995e+000 -3.2559e+000 -4.0435e-001
1746 +3.703176543e+000 +3.703176543e+000 -4.344682346e+001 -4.344682346e+001 -1.1799e+000 -1.7722e+000 -2.1595e+000 -3.2785e+000 -3.7223e-001
1781 +3.625194025e+000 +3.625194025e+000 -4.352480597e+001 -4.352480597e+001 -1.1374e+000 -1.7493e+000 -2.1514e+000 -3.3104e+000 -3.7056e-001
1926 +3.546648312e+000 +3.546648312e+000 -4.360335169e+001 -4.360335169e+001 -1.0831e+000 -1.7575e+000 -2.1673e+000 -3.2940e+000 -3.9985e-001
1948 +3.234449061e+000 +3.234449061e+000 -4.391555094e+001 -4.391555094e+001 -1.0132e+000 -1.6820e+000 -2.1619e+000 -3.2948e+000 -3.8582e-001
2129 +3.158773788e+000 +3.158773788e+000 -4.399122621e+001 -4.399122621e+001 -9.6865e-001 -1.6826e+000 -2.1595e+000 -3.2940e+000 -3.8471e-001
2181 +3.089033964e+000 +3.089033964e+000 -4.406096604e+001 -4.406096604e+001 -9.4455e-001 -1.6610e+000 -2.1642e+000 -3.2817e+000 -3.7650e-001
2212 +3.007386951e+000 +3.007386951e+000 -4.414261305e+001 -4.414261305e+001 -9.0434e-001 -1.6112e+000 -2.1697e+000 -3.2803e+000 -3.7780e-001
2468 +2.947345806e+000 +2.947345806e+000 -4.420265419e+001 -4.420265419e+001 -9.0403e-001 -1.6279e+000 -2.1507e+000 -3.2896e+000 -3.7050e-001
% function evaluation | noise-free fitness - Fopt (3.752000000000e+001) | best noise-free fitness - Fopt | measured fitness | best measured fitness | x1 | x2...
1 +1.825696660e+004 +1.825696660e+004 +1.829448660e+004 +1.829448660e+004 +0.0000e+000 +0.0000e+000 +0.0000e+000 +0.0000e+000 +0.0000e+000
135 +1.222406078e+004 +1.222406078e+004 +1.226158078e+004 +1.226158078e+004 +1.9387e+000 -3.1035e+000 +4.0223e+000 -3.1655e-001 -3.9414e+000
143 +9.969197346e+003 +9.969197346e+003 +1.000671735e+004 +1.000671735e+004 +1.9076e-001 -3.2474e+000 +4.0696e+000 -6.8258e-001 -3.8965e+000
155 +9.687249586e+003 +9.687249586e+003 +9.724769586e+003 +9.724769586e+003 +4.0467e-001 -3.1465e+000 +4.0497e+000 -6.9248e-001 -3.9073e+000
177 +9.548950820e+003 +9.548950820e+003 +9.586470820e+003 +9.586470820e+003 +3.4211e-001 -3.1344e+000 +3.9789e+000 -6.7577e-001 -3.8606e+000
199 +8.708503419e+003 +8.708503419e+003 +8.746023419e+003 +8.746023419e+003 +1.9384e+000 -3.2632e+000 +4.0244e+000 -7.8649e-001 -3.7959e+000
207 +7.535781738e+003 +7.535781738e+003 +7.573301738e+003 +7.573301738e+003 +1.5831e+000 -3.1911e+000 +3.9730e+000 -9.7599e-001 -3.7161e+000
228 +6.303264716e+003 +6.303264716e+003 +6.340784716e+003 +6.340784716e+003 +7.0363e-001 -3.2902e+000 +3.6411e+000 -1.1508e+000 -3.7690e+000
309 +5.875854006e+003 +5.875854006e+003 +5.913374006e+003 +5.913374006e+003 +1.9463e+000 -3.0150e+000 +3.4138e+000 -1.1280e+000 -3.6431e+000
351 +5.732341565e+003 +5.732341565e+003 +5.769861565e+003 +5.769861565e+003 +8.0206e-001 -2.8843e+000 +3.5922e+000 -1.2129e+000 -3.6050e+000
356 +5.604126972e+003 +5.604126972e+003 +5.641646972e+003 +5.641646972e+003 +2.4326e+000 -3.2828e+000 +3.7578e+000 -1.3753e+000 -3.5719e+000
361 +4.646985958e+003 +4.646985958e+003 +4.684505958e+003 +4.684505958e+003 +2.7459e+000 -1.6551e+000 +3.8669e+000 -1.7244e+000 -3.4860e+000
399 +3.069427837e+003 +3.069427837e+003 +3.106947837e+003 +3.106947837e+003 +2.3477e+000 -3.1877e+000 +3.4118e+000 -2.2139e+000 -2.7797e+000
480 +2.478417432e+003 +2.478417432e+003 +2.515937432e+003 +2.515937432e+003 +1.9499e+000 -2.8115e+000 +2.8737e+000 -2.2650e+000 -2.7871e+000
517 +2.363914908e+003 +2.363914908e+003 +2.401434908e+003 +2.401434908e+003 +2.1512e+000 -2.7390e+000 +3.4727e+000 -2.0435e+000 -1.9473e+000
522 +2.103047356e+003 +2.103047356e+003 +2.140567356e+003 +2.140567356e+003 +2.1163e+000 -1.6743e+000 +3.4116e+000 -2.1340e+000 -1.9324e+000
526 +1.833700741e+003 +1.833700741e+003 +1.871220741e+003 +1.871220741e+003 +1.7760e+000 -4.5149e+000 +3.2569e+000 -2.1638e+000 -1.3974e+000
527 +1.422292722e+003 +1.422292722e+003 +1.459812722e+003 +1.459812722e+003 +2.2679e+000 -2.1225e+000 +2.9215e+000 -2.0178e+000 -1.4992e+000
552 +1.132023135e+003 +1.132023135e+003 +1.169543135e+003 +1.169543135e+003 +2.1855e+000 -1.7087e+000 +3.5399e+000 -2.1677e+000 -1.3862e-001
586 +1.104865476e+003 +1.104865476e+003 +1.142385476e+003 +1.142385476e+003 +1.9701e+000 -1.7173e+000 +2.9815e+000 -2.3037e+000 -9.3200e-001
587 +7.621143778e+002 +7.621143778e+002 +7.996343778e+002 +7.996343778e+002 +2.2816e+000 -1.3540e+000 +3.1350e+000 -2.1367e+000 +2.8716e-001
597 +5.155642562e+002 +5.155642562e+002 +5.530842562e+002 +5.530842562e+002 +2.3716e+000 -3.0502e+000 +1.9625e+000 -2.2365e+000 -2.9556e-002
639 +2.796727234e+002 +2.796727234e+002 +3.171927234e+002 +3.171927234e+002 +2.1211e+000 -2.5303e+000 +2.4243e+000 -2.0448e+000 +5.5174e-001
702 +2.539022990e+002 +2.539022990e+002 +2.914222990e+002 +2.914222990e+002 +1.4769e+000 -2.5961e+000 +2.6050e+000 -2.0763e+000 +7.2340e-001
711 +2.099491656e+002 +2.099491656e+002 +2.474691656e+002 +2.474691656e+002 +1.7223e+000 -2.5985e+000 +2.5463e+000 -2.1106e+000 +8.1710e-001
727 +1.683557441e+002 +1.683557441e+002 +2.058757441e+002 +2.058757441e+002 +1.4413e+000 -2.7569e+000 +2.4892e+000 -2.2382e+000 +9.1097e-001
732 +1.627531257e+002 +1.627531257e+002 +2.002731257e+002 +2.002731257e+002 +2.1799e+000 -2.5178e+000 +2.1978e+000 -2.4746e+000 +7.3607e-001
744 +3.932666541e+001 +3.932666541e+001 +7.684666541e+001 +7.684666541e+001 +1.4240e+000 -2.4190e+000 +2.3572e+000 -2.0472e+000 +2.1043e+000
790 +3.865948422e+001 +3.865948422e+001 +7.617948422e+001 +7.617948422e+001 +1.5939e+000 -2.9354e+000 +1.4992e+000 -2.2262e+000 +1.6372e+000
797 +1.189622273e+001 +1.189622273e+001 +4.941622273e+001 +4.941622273e+001 +1.6346e+000 -2.8509e+000 +1.6823e+000 -2.3096e+000 +1.9413e+000
881 +1.053557029e+001 +1.053557029e+001 +4.805557029e+001 +4.805557029e+001 +1.3675e+000 -2.9172e+000 +2.1351e+000 -2.4438e+000 +1.8937e+000
894 +7.036295109e+000 +7.036295109e+000 +4.455629511e+001 +4.455629511e+001 +1.7283e+000 -2.8219e+000 +1.7848e+000 -2.5045e+000 +1.9191e+000
910 +4.620312758e+000 +4.620312758e+000 +4.214031276e+001 +4.214031276e+001 +1.6904e+000 -2.9397e+000 +1.8503e+000 -2.4218e+000 +2.0752e+000
926 +3.767384417e+000 +3.767384417e+000 +4.128738442e+001 +4.128738442e+001 +1.6608e+000 -2.9577e+000 +1.8902e+000 -2.4375e+000 +2.0011e+000
1068 +3.624288959e+000 +3.624288959e+000 +4.114428896e+001 +4.114428896e+001 +1.8792e+000 -2.8399e+000 +1.9870e+000 -2.4596e+000 +1.9656e+000
1087 +3.381240376e+000 +3.381240376e+000 +4.090124038e+001 +4.090124038e+001 +1.8142e+000 -2.8891e+000 +1.8987e+000 -2.4751e+000 +2.0078e+000
1239 +3.309104546e+000 +3.309104546e+000 +4.082910455e+001 +4.082910455e+001 +1.7794e+000 -2.8810e+000 +1.9199e+000 -2.4601e+000 +2.0032e+000
1347 +3.230823917e+000 +3.230823917e+000 +4.075082392e+001 +4.075082392e+001 +1.8177e+000 -2.8499e+000 +1.9294e+000 -2.4594e+000 +2.0148e+000
1507 +3.100266005e+000 +3.100266005e+000 +4.062026600e+001 +4.062026600e+001 +1.8574e+000 -2.8325e+000 +1.9147e+000 -2.4602e+000 +1.9964e+000
1525 +3.089599916e+000 +3.089599916e+000 +4.060959992e+001 +4.060959992e+001 +1.8839e+000 -2.8278e+000 +1.9211e+000 -2.4596e+000 +2.0122e+000
1649 +2.912284827e+000 +2.912284827e+000 +4.043228483e+001 +4.043228483e+001 +1.9216e+000 -2.7870e+000 +1.9338e+000 -2.4568e+000 +1.9998e+000
1768 +2.848966254e+000 +2.848966254e+000 +4.036896625e+001 +4.036896625e+001 +1.9323e+000 -2.7608e+000 +1.9444e+000 -2.4624e+000 +1.9975e+000
1906 +2.816430292e+000 +2.816430292e+000 +4.033643029e+001 +4.033643029e+001 +1.9437e+000 -2.7576e+000 +1.9485e+000 -2.4568e+000 +2.0030e+000
1968 +2.742673659e+000 +2.742673659e+000 +4.026267366e+001 +4.026267366e+001 +1.9708e+000 -2.7331e+000 +1.9494e+000 -2.4570e+000 +2.0028e+000
2153 +2.663828729e+000 +2.663828729e+000 +4.018382873e+001 +4.018382873e+001 +1.9944e+000 -2.7120e+000 +1.9592e+000 -2.4570e+000 +2.0024e+000
2228 +2.622242008e+000 +2.622242008e+000 +4.014224201e+001 +4.014224201e+001 +2.0049e+000 -2.7002e+000 +1.9656e+000 -2.4535e+000 +1.9983e+000
2387 +2.569143208e+000 +2.569143208e+000 +4.008914321e+001 +4.008914321e+001 +2.0148e+000 -2.6844e+000 +1.9774e+000 -2.4577e+000 +1.9967e+000
% function evaluation | noise-free fitness - Fopt (-6.417000000000e+001) | best noise-free fitness - Fopt | measured fitness | best measured fitness | x1 | x2...
1 +1.447076839e+004 +1.447076839e+004 +1.440659839e+004 +1.440659839e+004 +0.0000e+000 +0.0000e+000 +0.0000e+000 +0.0000e+000 +0.0000e+000
132 +6.047902837e+003 +6.047902837e+003 +5.983732837e+003 +5.983732837e+003 -8.4590e-001 -1.1337e-001 -1.1464e-001 +5.3573e-001 -4.8675e+000
171 +5.350156881e+003 +5.350156881e+003 +5.285986881e+003 +5.285986881e+003 -7.5727e-001 -2.1107e-001 +1.9357e-001 +5.2555e-001 -3.0804e+000
182 +4.275397467e+003 +4.275397467e+003 +4.211227467e+003 +4.211227467e+003 -1.0642e+000 -1.3606e-001 +2.3937e-001 +5.6930e-001 -4.3928e+000
188 +2.086022948e+003 +2.086022948e+003 +2.021852948e+003 +2.021852948e+003 -1.4790e+000 -2.6827e-001 +1.4490e+000 +4.1551e-001 -4.4393e+000
197 +8.702614272e+002 +8.702614272e+002 +8.060914272e+002 +8.060914272e+002 -2.0613e+000 -3.6803e-001 +8.4492e-001 +5.6050e-001 -2.6928e+000
203 +4.724104964e+002 +4.724104964e+002 +4.082404964e+002 +4.082404964e+002 -2.0148e+000 -3.1533e-001 +1.7479e+000 +2.9976e-001 -2.7620e+000
257 +4.581013026e+002 +4.581013026e+002 +3.939313026e+002 +3.939313026e+002 -2.9222e+000 -2.1513e-001 +1.9321e+000 +2.1951e-001 -3.1035e+000
267 +3.994279037e+002 +3.994279037e+002 +3.352579037e+002 +3.352579037e+002 -2.2849e+000 -2.3787e-001 +2.3942e+000 +3.4977e-001 -3.6629e+000
281 +1.706440492e+002 +1.706440492e+002 +1.064740492e+002 +1.064740492e+002 -2.6274e+000 -2.5562e-001 +2.4195e+000 -7.5148e-002 -1.9874e+000
294 +1.395141832e+002 +1.395141832e+002 +7.534418320e+001 +7.534418320e+001 -2.2466e+000 -3.3854e-001 +1.9957e+000 -2.9010e-001 -3.4376e+000
302 +1.207669180e+002 +1.207669180e+002 +5.659691799e+001 +5.659691799e+001 -2.4582e+000 -3.0429e-001 +2.8894e+000 +1.7424e-001 -2.6181e+000
307 +1.157869661e+002 +1.157869661e+002 +5.161696615e+001 +5.161696615e+001 -2.6468e+000 -2.6442e-001 +2.4284e+000 +2.1431e-002 -3.1900e+000
322 +8.611654437e+001 +8.611654437e+001 +2.194654437e+001 +2.194654437e+001 -2.5842e+000 -3.4162e-001 +2.3466e+000 -4.1382e-001 -2.9053e+000
331 +7.671371980e+001 +7.671371980e+001 +1.254371980e+001 +1.254371980e+001 -2.3514e+000 -2.8332e-001 +2.3708e+000 -1.6022e-001 -2.6640e+000
341 +4.751427055e+001 +4.751427055e+001 -1.665572945e+001 -1.665572945e+001 -2.6651e+000 -3.8751e-001 +2.4497e+000 -2.6212e-002 -3.0225e+000
434 +1.868442328e+001 +1.868442328e+001 -4.548557672e+001 -4.548557672e+001 -2.6289e+000 -7.6322e-001 +2.2479e+000 -2.1113e-001 -2.6818e+000
462 +1.697777614e+001 +1.697777614e+001 -4.719222386e+001 -4.719222386e+001 -2.8361e+000 -7.1370e-001 +2.2876e+000 -1.0358e-001 -2.8873e+000
475 +1.435527305e+001 +1.435527305e+001 -4.981472695e+001 -4.981472695e+001 -2.8221e+000 -8.4098e-001 +2.2438e+000 -1.3702e-001 -2.9242e+000
587 +7.880420650e+000 +7.880420650e+000 -5.628957935e+001 -5.628957935e+001 -2.7051e+000 -8.1924e-001 +2.2752e+000 -1.6189e-001 -3.0968e+000
627 +5.334161575e+000 +5.334161575e+000 -5.883583842e+001 -5.883583842e+001 -2.6780e+000 -7.8688e-001 +2.2577e+000 -2.5842e-001 -3.2879e+000
663 +5.060473572e+000 +5.060473572e+000 -5.910952643e+001 -5.910952643e+001 -2.6897e+000 -7.9907e-001 +2.2538e+000 -2.3220e-001 -3.1992e+000
669 +3.525890497e+000 +3.525890497e+000 -6.064410950e+001 -6.064410950e+001 -2.6886e+000 -7.6171e-001 +2.2208e+000 -2.0590e-001 -3.0964e+000
680 +3.124985021e+000 +3.124985021e+000 -6.104501498e+001 -6.104501498e+001 -2.6365e+000 -7.9224e-001 +2.2402e+000 -2.4917e-001 -3.1702e+000
705 +1.774959997e+000 +1.774959997e+000 -6.239504000e+001 -6.239504000e+001 -2.5866e+000 -7.4728e-001 +2.2562e+000 -2.2260e-001 -3.1198e+000
730 +6.407788797e-001 +6.407788797e-001 -6.352922112e+001 -6.352922112e+001 -2.6120e+000 -7.2097e-001 +2.2617e+000 -2.4195e-001 -3.1115e+000
772 +4.743029244e-001 +4.743029244e-001 -6.369569708e+001 -6.369569708e+001 -2.6180e+000 -6.9088e-001 +2.2618e+000 -2.3889e-001 -3.1508e+000
795 +4.350945556e-001 +4.350945556e-001 -6.373490544e+001 -6.373490544e+001 -2.6178e+000 -6.9611e-001 +2.2504e+000 -2.4371e-001 -3.1294e+000
797 +2.409670716e-001 +2.409670716e-001 -6.392903293e+001 -6.392903293e+001 -2.5948e+000 -6.8128e-001 +2.2549e+000 -2.4031e-001 -3.1137e+000
807 +2.200564519e-001 +2.200564519e-001 -6.394994355e+001 -6.394994355e+001 -2.6030e+000 -6.9135e-001 +2.2563e+000 -2.3944e-001 -3.1276e+000
869 +1.864795869e-001 +1.864795869e-001 -6.398352041e+001 -6.398352041e+001 -2.5930e+000 -6.8387e-001 +2.2549e+000 -2.4385e-001 -3.1226e+000
874 +1.242010258e-001 +1.242010258e-001 -6.404579897e+001 -6.404579897e+001 -2.5842e+000 -6.8161e-001 +2.2609e+000 -2.4605e-001 -3.1296e+000
962 +1.036838958e-001 +1.036838958e-001 -6.406631610e+001 -6.406631610e+001 -2.5833e+000 -6.8138e-001 +2.2659e+000 -2.4271e-001 -3.1345e+000
1459 +1.022822178e-001 +1.022822178e-001 -6.406771778e+001 -6.406771778e+001 -2.5832e+000 -6.8160e-001 +2.2661e+000 -2.3986e-001 -3.1309e+000
1794 +9.984387587e-002 +9.984387587e-002 -6.407015612e+001 -6.407015612e+001 -2.5837e+000 -6.8050e-001 +2.2690e+000 -2.3788e-001 -3.1300e+000
2255 +9.752498455e-002 +9.752498455e-002 -6.407247502e+001 -6.407247502e+001 -2.5831e+000 -6.7988e-001 +2.2704e+000 -2.3483e-001 -3.1247e+000
% function evaluation | noise-free fitness - Fopt (-9.852000000000e+002) | best noise-free fitness - Fopt | measured fitness | best measured fitness | x1 | x2...
1 +4.241797232e+003 +4.241797232e+003 +3.256597232e+003 +3.256597232e+003 +0.0000e+000 +0.0000e+000 +0.0000e+000 +0.0000e+000 +0.0000e+000
286 +3.053137541e+003 +3.053137541e+003 +2.067937541e+003 +2.067937541e+003 -1.2961e+000 -3.3730e-002 +1.3930e+000 -1.7005e+000 -8.3463e-002
304 +1.221136160e+003 +1.221136160e+003 +2.359361600e+002 +2.359361600e+002 -1.0075e+000 +1.3555e+000 -3.1673e-001 -1.9300e+000 +1.1506e-002
335 +3.709234734e+002 +3.709234734e+002 -6.142765266e+002 -6.142765266e+002 -1.2784e+000 +5.2379e-001 +6.2695e-001 -3.8193e-001 -8.7885e-002
374 +3.023576271e+002 +3.023576271e+002 -6.828423729e+002 -6.828423729e+002 -1.2849e+000 +2.3089e+000 -1.2204e+000 -6.7185e-001 +2.2047e-002
418 +2.921236262e+002 +2.921236262e+002 -6.930763738e+002 -6.930763738e+002 -2.1364e+000 +2.2272e+000 -6.8610e-002 -9.7405e-001 -5.2445e-001
429 +2.837661130e+002 +2.837661130e+002 -7.014338870e+002 -7.014338870e+002 -1.2740e+000 +1.4392e+000 +6.9324e-001 -8.5714e-001 -5.8733e-001
433 +2.540039301e+002 +2.540039301e+002 -7.311960699e+002 -7.311960699e+002 -1.5423e+000 +1.7260e+000 -1.5522e+000 -7.3537e-001 -2.0177e-001
454 +1.362452088e+002 +1.362452088e+002 -8.489547912e+002 -8.489547912e+002 -1.5255e+000 +1.8680e+000 -5.6175e-002 -8.6911e-001 -1.4637e+000
584 +1.320991524e+002 +1.320991524e+002 -8.531008476e+002 -8.531008476e+002 -1.7117e+000 +2.0286e+000 +2.6274e-001 -8.0665e-001 -1.8713e+000
595 +1.215612751e+002 +1.215612751e+002 -8.636387249e+002 -8.636387249e+002 -1.4861e+000 +1.5938e+000 +1.4365e-001 -1.5893e+000 -2.1993e+000
598 +1.069955843e+002 +1.069955843e+002 -8.782044157e+002 -8.782044157e+002 -1.6174e+000 +1.7474e+000 -2.2107e-001 -1.1418e+000 -2.5565e+000
617 +8.813243757e+001 +8.813243757e+001 -8.970675624e+002 -8.970675624e+002 -1.6550e+000 +1.7750e+000 +1.7936e-001 -1.0580e+000 -2.1523e+000
679 +8.467586871e+001 +8.467586871e+001 -9.005241313e+002 -9.005241313e+002 -1.7239e+000 +1.9596e+000 +1.3220e-001 -1.0962e+000 -2.1678e+000
698 +6.982161444e+001 +6.982161444e+001 -9.153783856e+002 -9.153783856e+002 -1.7280e+000 +1.4378e+000 +9.0424e-002 -1.3118e+000 -2.3119e+000
716 +5.787806469e+001 +5.787806469e+001 -9.273219353e+002 -9.273219353e+002 -1.6423e+000 +2.1044e+000 +8.1341e-002 -1.3807e+000 -2.7097e+000
785 +5.578369558e+001 +5.578369558e+001 -9.294163044e+002 -9.294163044e+002 -1.6934e+000 +2.1722e+000 -5.1044e-002 -1.3748e+000 -2.6699e+000
807 +5.352589380e+001 +5.352589380e+001 -9.316741062e+002 -9.316741062e+002 -1.7035e+000 +2.2450e+000 +3.4861e-002 -1.4060e+000 -2.6759e+000
845 +4.619999265e+001 +4.619999265e+001 -9.390000073e+002 -9.390000073e+002 -2.0396e+000 +2.2975e+000 -1.6563e-003 -1.5875e+000 -2.6996e+000
893 +3.412451271e+001 +3.412451271e+001 -9.510754873e+002 -9.510754873e+002 -2.5381e+000 +2.5079e+000 +6.1236e-002 -1.6793e+000 -2.6632e+000
1039 +2.673995593e+001 +2.673995593e+001 -9.584600441e+002 -9.584600441e+002 -1.0080e+000 +2.3732e+000 -1.4012e-001 -1.6244e+000 -2.8613e+000
1070 +2.039931673e+001 +2.039931673e+001 -9.648006833e+002 -9.648006833e+002 -2.1160e+000 +2.2865e+000 -1.7924e-001 -2.0373e+000 -3.1637e+000
1084 +1.695050822e+001 +1.695050822e+001 -9.682494918e+002 -9.682494918e+002 -2.2808e+000 +2.3626e+000 -2.5610e-001 -1.7994e+000 -3.0651e+000
1146 +1.368669529e+001 +1.368669529e+001 -9.715133047e+002 -9.715133047e+002 -1.2062e+000 +2.2531e+000 -2.5735e-001 -1.8997e+000 -3.0787e+000
1170 +1.337558972e+001 +1.337558972e+001 -9.718244103e+002 -9.718244103e+002 -2.3516e+000 +2.2976e+000 -2.3918e-001 -1.8614e+000 -3.2183e+000
1218 +1.203754240e+001 +1.203754240e+001 -9.731624576e+002 -9.731624576e+002 -1.9260e+000 +2.1559e+000 -4.4248e-001 -1.9625e+000 -3.1841e+000
1231 +1.133015830e+001 +1.133015830e+001 -9.738698417e+002 -9.738698417e+002 -2.1048e+000 +2.2453e+000 -4.7974e-001 -2.0366e+000 -3.1355e+000
1234 +1.014562087e+001 +1.014562087e+001 -9.750543791e+002 -9.750543791e+002 -1.4432e+000 +2.1640e+000 -3.0115e-001 -2.0579e+000 -3.2835e+000
1236 +7.447646965e+000 +7.447646965e+000 -9.777523530e+002 -9.777523530e+002 -2.3351e+000 +2.2518e+000 -5.4736e-001 -2.0734e+000 -3.1667e+000
1349 +6.641183369e+000 +6.641183369e+000 -9.785588166e+002 -9.785588166e+002 -2.1510e+000 +2.2483e+000 -5.1663e-001 -2.1338e+000 -3.3015e+000
1361 +5.992662650e+000 +5.992662650e+000 -9.792073373e+002 -9.792073373e+002 -2.2076e+000 +2.2357e+000 -5.5023e-001 -2.0855e+000 -3.3227e+000
1362 +5.187861830e+000 +5.187861830e+000 -9.800121382e+002 -9.800121382e+002 -2.2551e+000 +2.2476e+000 -5.2343e-001 -2.1933e+000 -3.3450e+000
1424 +5.045426211e+000 +5.045426211e+000 -9.801545738e+002 -9.801545738e+002 -2.2452e+000 +2.2421e+000 -5.1457e-001 -2.1273e+000 -3.3080e+000
1428 +4.901827309e+000 +4.901827309e+000 -9.802981727e+002 -9.802981727e+002 -2.2631e+000 +2.2497e+000 -5.2602e-001 -2.1539e+000 -3.3194e+000
1446 +4.853271119e+000 +4.853271119e+000 -9.803467289e+002 -9.803467289e+002 -2.2780e+000 +2.2209e+000 -5.0875e-001 -2.1581e+000 -3.3537e+000
1503 +4.706440592e+000 +4.706440592e+000 -9.804935594e+002 -9.804935594e+002 -2.2956e+000 +2.2426e+000 -4.9803e-001 -2.1427e+000 -3.3184e+000
1532 +4.663449764e+000 +4.663449764e+000 -9.805365502e+002 -9.805365502e+002 -2.3001e+000 +2.2356e+000 -5.1027e-001 -2.1520e+000 -3.3164e+000
% function evaluation | noise-free fitness - Fopt (1.231000000000e+001) | best noise-free fitness - Fopt | measured fitness | best measured fitness | x1 | x2...
1 +1.398592676e+004 +1.398592676e+004 +1.399823676e+004 +1.399823676e+004 +0.0000e+000 +0.0000e+000 +0.0000e+000 +0.0000e+000 +0.0000e+000
295 +9.716427093e+003 +9.716427093e+003 +9.728737093e+003 +9.728737093e+003 -2.3713e+000 +3.6883e+000 +8.7961e-002 -2.5703e-001 -2.7232e+000
310 +7.964690325e+003 +7.964690325e+003 +7.977000325e+003 +7.977000325e+003 -2.3731e+000 +3.3392e+000 -4.4619e-001 -9.7961e-001 -3.5292e+000
343 +6.717952740e+003 +6.717952740e+003 +6.730262740e+003 +6.730262740e+003 -2.5898e+000 +3.3870e+000 -7.2907e-001 -2.2061e-001 -2.5773e+000
344 +5.776472755e+003 +5.776472755e+003 +5.788782755e+003 +5.788782755e+003 -2.6844e+000 +2.4920e+000 -3.3593e+000 -8.9394e-001 -2.9844e+000
347 +4.197578339e+003 +4.197578339e+003 +4.209888339e+003 +4.209888339e+003 -2.3703e+000 +2.5617e+000 -7.5880e-001 -1.3632e+000 -2.5046e+000
352 +4.124317323e+003 +4.124317323e+003 +4.136627323e+003 +4.136627323e+003 -2.2610e+000 +2.6574e+000 -1.4164e+000 +7.3585e-001 -2.6551e+000
353 +2.476474559e+003 +2.476474559e+003 +2.488784559e+003 +2.488784559e+003 -2.5034e+000 +1.6684e+000 -1.4640e+000 -5.4101e-001 -3.3510e+000
382 +2.012181120e+003 +2.012181120e+003 +2.024491120e+003 +2.024491120e+003 -2.4459e+000 +2.2194e+000 -1.2174e+000 -2.1687e-001 -2.4630e+000
407 +1.316781847e+003 +1.316781847e+003 +1.329091847e+003 +1.329091847e+003 -2.4565e+000 +1.9520e+000 -1.6825e+000 -1.8947e-001 -1.7410e+000
408 +9.905334903e+002 +9.905334903e+002 +1.002843490e+003 +1.002843490e+003 -2.2091e+000 +1.6960e+000 -1.2936e+000 -6.8972e-002 -1.6150e+000
430 +6.943380434e+002 +6.943380434e+002 +7.066480434e+002 +7.066480434e+002 -2.5016e+000 +2.1479e+000 -1.3821e+000 -2.9298e-001 -1.0278e-001
432 +4.873040978e+002 +4.873040978e+002 +4.996140978e+002 +4.996140978e+002 -2.4539e+000 +1.7444e+000 -2.1315e+000 -2.0986e-001 -8.3819e-002
445 +3.407686840e+001 +3.407686840e+001 +4.638686840e+001 +4.638686840e+001 -2.3069e+000 +1.4255e+000 -1.6002e+000 +1.5251e-001 +1.9846e+000
529 +2.231722978e+001 +2.231722978e+001 +3.462722978e+001 +3.462722978e+001 -2.3282e+000 +1.1633e+000 -1.5626e+000 +9.3651e-002 +1.2265e+000
552 +2.141037120e+001 +2.141037120e+001 +3.372037120e+001 +3.372037120e+001 -2.7711e+000 +1.0866e+000 -1.4527e+000 +1.6685e-001 +1.7830e+000
589 +6.241015747e+000 +6.241015747e+000 +1.855101575e+001 +1.855101575e+001 -2.6284e+000 +1.1065e+000 -1.6871e+000 -1.9295e-001 +1.2912e+000
720 +4.347427326e+000 +4.347427326e+000 +1.665742733e+001 +1.665742733e+001 -2.8670e+000 +7.3445e-001 -1.9265e+000 -2.9579e-001 +1.5381e+000
726 +4.067382856e+000 +4.067382856e+000 +1.637738286e+001 +1.637738286e+001 -2.8259e+000 +7.4362e-001 -1.8898e+000 -1.5452e-001 +1.4046e+000
743 +3.849734981e+000 +3.849734981e+000 +1.615973498e+001 +1.615973498e+001 -2.8999e+000 +6.7055e-001 -1.9919e+000 -2.7720e-001 +1.4717e+000
789 +3.274815249e+000 +3.274815249e+000 +1.558481525e+001 +1.558481525e+001 -2.7960e+000 +8.2525e-001 -1.9460e+000 -2.6143e-001 +1.4615e+000
806 +3.156780740e+000 +3.156780740e+000 +1.546678074e+001 +1.546678074e+001 -2.7953e+000 +8.0946e-001 -1.9522e+000 -2.5644e-001 +1.4549e+000
855 +3.034928103e+000 +3.034928103e+000 +1.534492810e+001 +1.534492810e+001 -2.8323e+000 +7.7486e-001 -1.9337e+000 -2.4837e-001 +1.4522e+000
873 +3.019643074e+000 +3.019643074e+000 +1.532964307e+001 +1.532964307e+001 -2.8027e+000 +7.6841e-001 -1.8988e+000 -2.2219e-001 +1.4497e+000
902 +2.949832215e+000 +2.949832215e+000 +1.525983221e+001 +1.525983221e+001 -2.8118e+000 +7.6717e-001 -1.9170e+000 -2.3586e-001 +1.4462e+000
991 +2.859189209e+000 +2.859189209e+000 +1.516918921e+001 +1.516918921e+001 -2.7709e+000 +7.9892e-001 -1.9235e+000 -2.3162e-001 +1.4404e+000
1069 +2.816081920e+000 +2.816081920e+000 +1.512608192e+001 +1.512608192e+001 -2.7759e+000 +8.0181e-001 -1.9041e+000 -2.4154e-001 +1.4339e+000
1180 +2.736051708e+000 +2.736051708e+000 +1.504605171e+001 +1.504605171e+001 -2.7515e+000 +8.2416e-001 -1.8995e+000 -2.4010e-001 +1.4431e+000
1370 +2.688499047e+000 +2.688499047e+000 +1.499849905e+001 +1.499849905e+001 -2.7368e+000 +8.4836e-001 -1.8930e+000 -2.5282e-001 +1.4383e+000
1511 +2.616961329e+000 +2.616961329e+000 +1.492696133e+001 +1.492696133e+001 -2.7116e+000 +8.5972e-001 -1.8789e+000 -2.4689e-001 +1.4348e+000
1660 +2.546892146e+000 +2.546892146e+000 +1.485689215e+001 +1.485689215e+001 -2.6989e+000 +8.8981e-001 -1.8776e+000 -2.4075e-001 +1.4403e+000
1736 +2.502986629e+000 +2.502986629e+000 +1.481298663e+001 +1.481298663e+001 -2.6921e+000 +8.9448e-001 -1.8613e+000 -2.4129e-001 +1.4401e+000
1797 +2.443711841e+000 +2.443711841e+000 +1.475371184e+001 +1.475371184e+001 -2.6548e+000 +9.1918e-001 -1.8635e+000 -2.4080e-001 +1.4370e+000
1988 +2.388436715e+000 +2.388436715e+000 +1.469843672e+001 +1.469843672e+001 -2.6612e+000 +9.2894e-001 -1.8459e+000 -2.3859e-001 +1.4397e+000
2218 +2.340819060e+000 +2.340819060e+000 +1.465081906e+001 +1.465081906e+001 -2.6444e+000 +9.3539e-001 -1.8324e+000 -2.3240e-001 +1.4383e+000
% function evaluation | noise-free fitness - Fopt (-1.000000000000e+003) | best noise-free fitness - Fopt | measured fitness | best measured fitness | x1 | x2...
1 +4.449465290e+004 +4.449465290e+004 +4.349465290e+004 +4.349465290e+004 +0.0000e+000 +0.0000e+000 +0.0000e+000 +0.0000e+000 +0.0000e+000
2 +3.163922926e+004 +3.163922926e+004 +3.063922926e+004 +3.063922926e+004 -2.0911e+000 +8.9248e-001 +2.4149e+000 -3.6135e+000 +1.0535e+000
13 +3.161682694e+004 +3.161682694e+004 +3.061682694e+004 +3.061682694e+004 -2.0870e+000 +8.9196e-001 +2.4195e+000 -3.6090e+000 +1.0786e+000
84 +2.720563523e+004 +2.720563523e+004 +2.620563523e+004 +2.620563523e+004 -2.1175e+000 +7.3754e-001 +2.4174e+000 -3.5317e+000 +1.0156e+000
131 +2.477873201e+004 +2.477873201e+004 +2.377873201e+004 +2.377873201e+004 -2.0963e+000 +6.3924e-001 +2.4997e+000 -3.5990e+000 +9.5349e-001
134 +2.123849406e+004 +2.123849406e+004 +2.023849406e+004 +2.023849406e+004 -2.0928e+000 +4.8755e-001 +2.4899e+000 -3.5740e+000 +1.1087e+000
177 +1.685576776e+004 +1.685576776e+004 +1.585576776e+004 +1.585576776e+004 -2.1956e+000 +1.9850e-001 +2.8902e+000 -3.3571e+000 +1.0518e+000
182 +1.567866118e+004 +1.567866118e+004 +1.467866118e+004 +1.467866118e+004 -2.0888e+000 +2.1028e-001 +2.5921e+000 -3.1273e+000 +1.2434e+000
203 +1.347372247e+004 +1.347372247e+004 +1.247372247e+004 +1.247372247e+004 -2.2076e+000 +6.4958e-002 +2.3029e+000 -3.3962e+000 +1.1453e+000
231 +1.190742970e+004 +1.190742970e+004 +1.090742970e+004 +1.090742970e+004 -2.1014e+000 -5.4885e-002 +2.5146e+000 -3.4460e+000 +1.1819e+000
234 +7.065108273e+003 +7.065108273e+003 +6.065108273e+003 +6.065108273e+003 -1.9149e+000 -7.5903e-001 +2.8807e+000 -3.6190e+000 +1.3295e+000
248 +6.637116969e+003 +6.637116969e+003 +5.637116969e+003 +5.637116969e+003 -2.0085e+000 -1.2175e+000 +2.0199e+000 -5.5530e+000 -1.3600e+000
254 +6.416367943e+003 +6.416367943e+003 +5.416367943e+003 +5.416367943e+003 -2.1128e+000 -6.2279e-001 +2.3795e+000 -3.7091e+000 +8.6488e-001
258 +3.299008420e+003 +3.299008420e+003 +2.299008420e+003 +2.299008420e+003 -1.8430e+000 -1.0581e+000 +2.2008e+000 -3.7039e+000 +4.5891e-001
278 +2.804006000e+003 +2.804006000e+003 +1.804006000e+003 +1.804006000e+003 -2.0354e+000 -1.1411e+000 +1.9645e+000 -2.8944e+000 +9.9597e-001
280 +2.555543874e+003 +2.555543874e+003 +1.555543874e+003 +1.555543874e+003 -2.0168e+000 -1.4624e+000 +2.1261e+000 -3.6040e+000 +2.7407e-001
287 +9.520989240e+002 +9.520989240e+002 -4.790107595e+001 -4.790107595e+001 -1.5613e+000 -1.7269e+000 +1.7871e+000 -3.6979e+000 +6.8664e-001
332 +5.940887934e+002 +5.940887934e+002 -4.059112066e+002 -4.059112066e+002 -1.2762e+000 -2.2292e+000 +1.9254e+000 -3.3622e+000 +9.3766e-001
353 +4.759396199e+002 +4.759396199e+002 -5.240603801e+002 -5.240603801e+002 -1.0802e+000 -2.5665e+000 +9.1001e-001 -2.4334e+000 +1.3638e+000
379 +5.449501186e+001 +5.449501186e+001 -9.455049881e+002 -9.455049881e+002 -7.9081e-001 -2.8464e+000 +1.2122e+000 -3.1994e+000 +1.1623e+000
451 +4.134895107e+001 +4.134895107e+001 -9.586510489e+002 -9.586510489e+002 -8.5904e-001 -2.5316e+000 +1.1049e+000 -3.7404e+000 +9.3572e-001
464 +2.581889036e+001 +2.581889036e+001 -9.741811096e+002 -9.741811096e+002 -5.7699e-001 -2.4881e+000 +1.2395e+000 -3.3063e+000 +1.0523e+000
505 +1.664890560e+001 +1.664890560e+001 -9.833510944e+002 -9.833510944e+002 -3.9908e-001 -2.9328e+000 +9.2118e-001 -3.3710e+000 +1.0704e+000
551 +1.636387120e+001 +1.636387120e+001 -9.836361288e+002 -9.836361288e+002 -6.2324e-001 -2.6629e+000 +1.0201e+000 -3.1982e+000 +1.0296e+000
578 +9.392764371e+000 +9.392764371e+000 -9.906072356e+002 -9.906072356e+002 -5.2398e-001 -2.7852e+000 +1.0076e+000 -3.3706e+000 +1.0436e+000
613 +7.699631622e+000 +7.699631622e+000 -9.923003684e+002 -9.923003684e+002 -4.9603e-001 -2.7949e+000 +9.3433e-001 -3.4989e+000 +1.0293e+000
631 +6.188942735e+000 +6.188942735e+000 -9.938110573e+002 -9.938110573e+002 -5.6933e-001 -2.7718e+000 +9.6565e-001 -3.4770e+000 +1.0204e+000
651 +5.441386770e+000 +5.441386770e+000 -9.945586132e+002 -9.945586132e+002 -6.4701e-001 -2.6908e+000 +9.8055e-001 -3.5297e+000 +9.8202e-001
665 +5.041081332e+000 +5.041081332e+000 -9.949589187e+002 -9.949589187e+002 -6.0889e-001 -2.7058e+000 +9.1381e-001 -3.5952e+000 +9.3705e-001
680 +4.703887612e+000 +4.703887612e+000 -9.952961124e+002 -9.952961124e+002 -5.9779e-001 -2.7072e+000 +9.3325e-001 -3.5395e+000 +9.8822e-001
694 +4.527498110e+000 +4.527498110e+000 -9.954725019e+002 -9.954725019e+002 -5.9971e-001 -2.7185e+000 +9.3887e-001 -3.5226e+000 +9.9149e-001
733 +4.199268343e+000 +4.199268343e+000 -9.958007317e+002 -9.958007317e+002 -6.1419e-001 -2.7042e+000 +9.1511e-001 -3.5167e+000 +9.9311e-001
760 +4.146755326e+000 +4.146755326e+000 -9.958532447e+002 -9.958532447e+002 -6.3764e-001 -2.7008e+000 +9.2341e-001 -3.5038e+000 +9.9794e-001
2436 +4.073797230e+000 +4.073797230e+000 -9.959262028e+002 -9.959262028e+002 -6.2848e-001 -2.7015e+000 +9.3657e-001 -3.4792e+000 +1.0158e+000
% function evaluation | noise-free fitness - Fopt (4.076000000000e+001) | best noise-free fitness - Fopt | measured fitness | best measured fitness | x1 | x2...
1 +4.480684593e+002 +4.480684593e+002 +4.888284593e+002 +4.888284593e+002 +0.0000e+000 +0.0000e+000 +0.0000e+000 +0.0000e+000 +0.0000e+000
1030 +4.172624288e+002 +4.172624288e+002 +4.580224288e+002 +4.580224288e+002 -4.1053e-001 +7.5591e-001 +8.6893e-001 +1.6883e+000 +6.8437e+000
1054 +3.176154544e+002 +3.176154544e+002 +3.583754544e+002 +3.583754544e+002 +8.8477e-001 +9.9580e-001 +1.2870e-001 +8.5742e-001 +4.0423e+000
1072 +2.665714205e+002 +2.665714205e+002 +3.073314205e+002 +3.073314205e+002 +2.9074e-001 +1.1414e+000 +5.3516e-001 +1.3068e+000 +4.2963e+000
1104 +2.418467942e+002 +2.418467942e+002 +2.826067942e+002 +2.826067942e+002 +1.7606e-001 +3.9645e-001 -1.4728e-001 +1.6479e+000 +7.0085e+000
1135 +1.777357646e+002 +1.777357646e+002 +2.184957646e+002 +2.184957646e+002 +5.8512e-001 +4.3070e-001 +1.5732e-001 +1.4040e+000 +4.3964e+000
1152 +1.383317886e+002 +1.383317886e+002 +1.790917886e+002 +1.790917886e+002 +1.0622e+000 +6.3415e-001 +4.1305e-001 +1.5831e+000 +5.8726e+000
1169 +6.671771005e+001 +6.671771005e+001 +1.074777101e+002 +1.074777101e+002 -1.2908e-001 +9.4641e-001 +2.8696e-001 +1.3580e+000 +5.5199e+000
1186 +4.236707855e+001 +4.236707855e+001 +8.312707855e+001 +8.312707855e+001 +2.7415e-001 +6.0938e-001 +2.2087e-001 +1.5825e+000 +6.2202e+000
1192 +1.893304885e+001 +1.893304885e+001 +5.969304885e+001 +5.969304885e+001 +2.7059e-001 +6.1890e-001 +3.2924e-001 +1.4649e+000 +5.6294e+000
1536 +1.793295594e+001 +1.793295594e+001 +5.869295594e+001 +5.869295594e+001 +3.2906e-002 +6.5705e-001 +2.6229e-001 +1.4588e+000 +5.5835e+000
1546 +1.059605626e+001 +1.059605626e+001 +5.135605626e+001 +5.135605626e+001 +1.2269e-001 +7.3258e-001 +2.7218e-001 +1.3680e+000 +5.3012e+000
1566 +1.042828199e+001 +1.042828199e+001 +5.118828199e+001 +5.118828199e+001 +1.6326e-001 +6.9993e-001 +3.5727e-001 +1.3957e+000 +5.2111e+000
1581 +8.091925173e+000 +8.091925173e+000 +4.885192517e+001 +4.885192517e+001 +1.4739e-001 +7.0051e-001 +3.3867e-001 +1.4276e+000 +5.4043e+000
1653 +7.277604559e+000 +7.277604559e+000 +4.803760456e+001 +4.803760456e+001 +6.4586e-002 +7.4139e-001 +3.2040e-001 +1.4278e+000 +5.4810e+000
1675 +7.090941218e+000 +7.090941218e+000 +4.785094122e+001 +4.785094122e+001 +1.2448e-001 +6.9796e-001 +3.2061e-001 +1.3933e+000 +5.4248e+000
1676 +6.711204781e+000 +6.711204781e+000 +4.747120478e+001 +4.747120478e+001 +1.2896e-001 +7.1598e-001 +3.5738e-001 +1.4242e+000 +5.4432e+000
1731 +5.929358135e+000 +5.929358135e+000 +4.668935813e+001 +4.668935813e+001 +9.7651e-002 +7.3115e-001 +3.4288e-001 +1.4014e+000 +5.3615e+000
1888 +5.874900727e+000 +5.874900727e+000 +4.663490073e+001 +4.663490073e+001 +9.3355e-002 +7.1716e-001 +3.4477e-001 +1.3704e+000 +5.2936e+000
1958 +5.721263764e+000 +5.721263764e+000 +4.648126376e+001 +4.648126376e+001 +8.9218e-002 +7.2147e-001 +3.4020e-001 +1.3713e+000 +5.2864e+000
2106 +5.618576150e+000 +5.618576150e+000 +4.637857615e+001 +4.637857615e+001 +8.6928e-002 +7.2029e-001 +3.3320e-001 +1.3688e+000 +5.2401e+000
% function evaluation | noise-free fitness - Fopt (-2.714100000000e+002) | best noise-free fitness - Fopt | measured fitness | best measured fitness | x1 | x2...
1 +5.194189712e+003 +5.194189712e+003 +4.922779712e+003 +4.922779712e+003 +0.0000e+000 +0.0000e+000 +0.0000e+000 +0.0000e+000 +0.0000e+000
378 +3.003244889e+003 +3.003244889e+003 +2.731834889e+003 +2.731834889e+003 -2.3568e+000 -2.6121e+000 -2.7344e-001 -8.8237e-001 +2.0183e+000
413 +2.681231613e+003 +2.681231613e+003 +2.409821613e+003 +2.409821613e+003 -2.5583e+000 -2.2522e+000 -1.5480e-001 +2.8548e-001 -3.4159e-001
416 +1.603084422e+003 +1.603084422e+003 +1.331674422e+003 +1.331674422e+003 -2.8434e+000 -1.5673e+000 -9.0431e-001 +3.3348e-001 +5.5638e+000
431 +9.540244163e+002 +9.540244163e+002 +6.826144163e+002 +6.826144163e+002 -2.7091e+000 -1.5735e+000 -4.8608e-001 -7.8653e-001 +6.5766e-001
470 +7.894664375e+002 +7.894664375e+002 +5.180564375e+002 +5.180564375e+002 -2.4000e+000 -1.5833e+000 -2.2259e-001 -3.3648e-002 +4.0495e+000
487 +6.271771794e+002 +6.271771794e+002 +3.557671794e+002 +3.557671794e+002 -3.0436e+000 -1.8656e+000 -1.4756e-001 +9.9244e-002 +2.6110e+000
499 +4.220722469e+002 +4.220722469e+002 +1.506622469e+002 +1.506622469e+002 -2.7361e+000 -8.3644e-001 -2.2673e-001 -4.0781e-001 +1.9634e+000
502 +2.129603031e+002 +2.129603031e+002 -5.844969688e+001 -5.844969688e+001 -2.7756e+000 -9.9350e-001 -1.0245e-001 +1.8274e-001 +2.9934e+000
646 +2.050814130e+002 +2.050814130e+002 -6.632858697e+001 -6.632858697e+001 -2.8481e+000 -1.1784e+000 +1.3291e-001 -3.4532e-001 +1.5583e+000
673 +1.607790613e+002 +1.607790613e+002 -1.106309387e+002 -1.106309387e+002 -2.6980e+000 -1.0386e+000 +2.3219e-001 -4.0340e-001 +1.1272e+000
732 +1.327509135e+002 +1.327509135e+002 -1.386590865e+002 -1.386590865e+002 -2.4673e+000 -8.0001e-001 +1.0282e+000 -9.5316e-001 -3.6299e-001
791 +3.534058550e+001 +3.534058550e+001 -2.360694145e+002 -2.360694145e+002 -2.7383e+000 -1.3114e+000 +1.3157e+000 -1.6368e+000 -1.7711e+000
908 +3.202750644e+001 +3.202750644e+001 -2.393824936e+002 -2.393824936e+002 -2.1499e+000 -9.0792e-001 +1.3483e+000 -1.7211e+000 -1.5094e+000
968 +2.951093112e+001 +2.951093112e+001 -2.418990689e+002 -2.418990689e+002 -2.1503e+000 -4.3709e-001 +1.6525e+000 -1.4808e+000 -1.4036e+000
978 +1.559271691e+001 +1.559271691e+001 -2.558172831e+002 -2.558172831e+002 -1.9710e+000 -4.8302e-001 +1.7376e+000 -1.6664e+000 -2.0159e+000
1014 +6.578610017e+000 +6.578610017e+000 -2.648313900e+002 -2.648313900e+002 -1.9621e+000 -2.4235e-001 +1.9118e+000 -1.5168e+000 -1.5717e+000
1154 +5.852169841e+000 +5.852169841e+000 -2.655578302e+002 -2.655578302e+002 -1.9043e+000 -2.8763e-001 +1.8627e+000 -1.5838e+000 -1.5948e+000
1192 +5.580245129e+000 +5.580245129e+000 -2.658297549e+002 -2.658297549e+002 -1.9203e+000 -2.6458e-001 +1.9162e+000 -1.6025e+000 -1.5940e+000
1250 +5.200868092e+000 +5.200868092e+000 -2.662091319e+002 -2.662091319e+002 -1.8955e+000 -2.1739e-001 +1.9753e+000 -1.4760e+000 -1.4922e+000
1290 +4.254292170e+000 +4.254292170e+000 -2.671557078e+002 -2.671557078e+002 -1.9028e+000 -2.0387e-001 +1.9698e+000 -1.4665e+000 -1.5390e+000
1340 +4.044901552e+000 +4.044901552e+000 -2.673650984e+002 -2.673650984e+002 -1.9107e+000 -2.1332e-001 +1.9426e+000 -1.5035e+000 -1.5830e+000
1361 +3.832259747e+000 +3.832259747e+000 -2.675777403e+002 -2.675777403e+002 -1.9155e+000 -1.9690e-001 +1.9634e+000 -1.4961e+000 -1.5880e+000
1363 +3.055342036e+000 +3.055342036e+000 -2.683546580e+002 -2.683546580e+002 -1.9090e+000 -1.7083e-001 +1.9551e+000 -1.5479e+000 -1.6215e+000
1393 +2.777149568e+000 +2.777149568e+000 -2.686328504e+002 -2.686328504e+002 -1.8931e+000 -1.7141e-001 +1.9912e+000 -1.5057e+000 -1.5829e+000
1409 +2.681795287e+000 +2.681795287e+000 -2.687282047e+002 -2.687282047e+002 -1.8787e+000 -1.8846e-001 +1.9984e+000 -1.5018e+000 -1.5903e+000
1443 +2.330068067e+000 +2.330068067e+000 -2.690799319e+002 -2.690799319e+002 -1.8879e+000 -1.6331e-001 +1.9786e+000 -1.5088e+000 -1.6087e+000
1450 +2.158839523e+000 +2.158839523e+000 -2.692511605e+002 -2.692511605e+002 -1.8575e+000 -1.8392e-001 +1.9833e+000 -1.4930e+000 -1.5941e+000
1459 +2.069196658e+000 +2.069196658e+000 -2.693408033e+002 -2.693408033e+002 -1.8488e+000 -1.7488e-001 +1.9553e+000 -1.5077e+000 -1.5876e+000
1474 +1.849744867e+000 +1.849744867e+000 -2.695602551e+002 -2.695602551e+002 -1.8552e+000 -1.7562e-001 +1.9774e+000 -1.5023e+000 -1.6002e+000
1479 +1.617412055e+000 +1.617412055e+000 -2.697925879e+002 -2.697925879e+002 -1.8365e+000 -1.2895e-001 +1.9739e+000 -1.4814e+000 -1.5803e+000
1503 +1.385733479e+000 +1.385733479e+000 -2.700242665e+002 -2.700242665e+002 -1.8463e+000 -1.5614e-001 +1.9787e+000 -1.5071e+000 -1.6021e+000
1532 +1.187099547e+000 +1.187099547e+000 -2.702229005e+002 -2.702229005e+002 -1.8367e+000 -1.4186e-001 +1.9777e+000 -1.5063e+000 -1.6004e+000
1534 +1.152765594e+000 +1.152765594e+000 -2.702572344e+002 -2.702572344e+002 -1.8302e+000 -1.4916e-001 +1.9908e+000 -1.5006e+000 -1.5939e+000
1542 +1.024107883e+000 +1.024107883e+000 -2.703858921e+002 -2.703858921e+002 -1.8293e+000 -1.2724e-001 +1.9868e+000 -1.5056e+000 -1.5922e+000
1558 +1.006047455e+000 +1.006047455e+000 -2.704039525e+002 -2.704039525e+002 -1.8355e+000 -1.2341e-001 +1.9874e+000 -1.5010e+000 -1.6094e+000
1564 +8.435028335e-001 +8.435028335e-001 -2.705664972e+002 -2.705664972e+002 -1.8230e+000 -1.0201e-001 +1.9920e+000 -1.5043e+000 -1.6350e+000
1585 +7.433079285e-001 +7.433079285e-001 -2.706666921e+002 -2.706666921e+002 -1.8271e+000 -1.2511e-001 +1.9956e+000 -1.5037e+000 -1.6141e+000
1588 +6.312653771e-001 +6.312653771e-001 -2.707787346e+002 -2.707787346e+002 -1.8172e+000 -1.2856e-001 +2.0136e+000 -1.5034e+000 -1.6134e+000
1614 +5.816279055e-001 +5.816279055e-001 -2.708283721e+002 -2.708283721e+002 -1.7980e+000 -1.2524e-001 +2.0137e+000 -1.4988e+000 -1.6250e+000
1635 +5.407563651e-001 +5.407563651e-001 -2.708692436e+002 -2.708692436e+002 -1.8008e+000 -1.1642e-001 +2.0051e+000 -1.5021e+000 -1.6081e+000
1659 +5.269321253e-001 +5.269321253e-001 -2.708830679e+002 -2.708830679e+002 -1.8182e+000 -1.1396e-001 +2.0203e+000 -1.4892e+000 -1.6061e+000
1679 +5.219788111e-001 +5.219788111e-001 -2.708880212e+002 -2.708880212e+002 -1.8155e+000 -1.1656e-001 +2.0187e+000 -1.4856e+000 -1.6105e+000
1710 +4.950278036e-001 +4.950278036e-001 -2.709149722e+002 -2.709149722e+002 -1.8150e+000 -1.1812e-001 +2.0189e+000 -1.5001e+000 -1.6173e+000
1719 +4.629239303e-001 +4.629239303e-001 -2.709470761e+002 -2.709470761e+002 -1.8115e+000 -1.1465e-001 +2.0256e+000 -1.4863e+000 -1.6211e+000
1750 +4.136304006e-001 +4.136304006e-001 -2.709963696e+002 -2.709963696e+002 -1.8075e+000 -1.1347e-001 +2.0141e+000 -1.4997e+000 -1.6253e+000
1787 +4.046797168e-001 +4.046797168e-001 -2.710053203e+002 -2.710053203e+002 -1.8056e+000 -1.1093e-001 +2.0303e+000 -1.4886e+000 -1.6210e+000
1796 +3.921066665e-001 +3.921066665e-001 -2.710178933e+002 -2.710178933e+002 -1.8037e+000 -8.7426e-002 +2.0457e+000 -1.4968e+000 -1.6353e+000
1808 +3.139806284e-001 +3.139806284e-001 -2.710960194e+002 -2.710960194e+002 -1.7974e+000 -9.8711e-002 +2.0356e+000 -1.4958e+000 -1.6238e+000
1824 +3.031611807e-001 +3.031611807e-001 -2.711068388e+002 -2.711068388e+002 -1.7972e+000 -9.8287e-002 +2.0333e+000 -1.4937e+000 -1.6211e+000
1835 +2.982554533e-001 +2.982554533e-001 -2.711117445e+002 -2.711117445e+002 -1.7941e+000 -9.1390e-002 +2.0289e+000 -1.4990e+000 -1.6216e+000
1865 +2.943269293e-001 +2.943269293e-001 -2.711156731e+002 -2.711156731e+002 -1.7920e+000 -9.6850e-002 +2.0326e+000 -1.4938e+000 -1.6221e+000
1903 +2.855524688e-001 +2.855524688e-001 -2.711244475e+002 -2.711244475e+002 -1.7951e+000 -9.1408e-002 +2.0364e+000 -1.4949e+000 -1.6243e+000
1959 +2.806742539e-001 +2.806742539e-001 -2.711293257e+002 -2.711293257e+002 -1.7919e+000 -9.1817e-002 +2.0320e+000 -1.4924e+000 -1.6196e+000
2076 +2.739199859e-001 +2.739199859e-001 -2.711360800e+002 -2.711360800e+002 -1.7933e+000 -9.0468e-002 +2.0366e+000 -1.4895e+000 -1.6198e+000
2211 +2.677680644e-001 +2.677680644e-001 -2.711422319e+002 -2.711422319e+002 -1.7903e+000 -8.8869e-002 +2.0370e+000 -1.4861e+000 -1.6194e+000
% function evaluation | noise-free fitness - Fopt (1.031600000000e+002) | best noise-free fitness - Fopt | measured fitness | best measured fitness | x1 | x2...
1 +2.719722097e+003 +2.719722097e+003 +2.822882097e+003 +2.822882097e+003 +0.0000e+000 +0.0000e+000 +0.0000e+000 +0.0000e+000 +0.0000e+000
154 +1.465928238e+003 +1.465928238e+003 +1.569088238e+003 +1.569088238e+003 -2.1560e+000 -6.3423e-001 -2.4926e+000 -2.3569e+000 -1.9644e+000
199 +1.182557872e+003 +1.182557872e+003 +1.285717872e+003 +1.285717872e+003 -1.4182e+000 -3.9484e-001 -2.5674e+000 -2.2168e+000 -1.9447e+000
202 +9.171095655e+002 +9.171095655e+002 +1.020269566e+003 +1.020269566e+003 -9.1953e-001 -1.1925e+000 +5.3993e-001 -2.7132e+000 -1.9473e+000
207 +7.291056164e+002 +7.291056164e+002 +8.322656164e+002 +8.322656164e+002 -1.0943e+000 -2.0815e-001 -2.4990e+000 -1.5148e+000 -1.9407e+000
248 +6.804792441e+002 +6.804792441e+002 +7.836392441e+002 +7.836392441e+002 -1.4364e+000 -7.1050e-001 -1.6604e+000 -1.3174e+000 -2.0125e+000
252 +6.662285962e+002 +6.662285962e+002 +7.693885962e+002 +7.693885962e+002 -2.0028e+000 -3.6484e-001 -1.3048e+000 -1.1693e+000 -2.1308e+000
253 +5.726617165e+002 +5.726617165e+002 +6.758217165e+002 +6.758217165e+002 -1.9318e+000 -3.0911e-001 -2.2165e+000 -1.4577e+000 -2.1549e+000
262 +1.091358059e+002 +1.091358059e+002 +2.122958059e+002 +2.122958059e+002 -1.8487e+000 -4.0857e-001 -7.1055e-001 -2.3226e+000 -2.1429e+000
284 +6.716010130e+001 +6.716010130e+001 +1.703201013e+002 +1.703201013e+002 -9.4755e-001 -1.4698e-001 -5.4369e-001 -2.2376e+000 -1.8023e+000
401 +5.288396637e+001 +5.288396637e+001 +1.560439664e+002 +1.560439664e+002 -1.3098e+000 -2.4440e-001 -5.5199e-001 -2.0932e+000 -2.1402e+000
432 +1.782852158e+001 +1.782852158e+001 +1.209885216e+002 +1.209885216e+002 -1.6147e+000 +6.6792e-001 -8.2215e-001 -2.2836e+000 -2.0837e+000
472 +9.590755097e+000 +9.590755097e+000 +1.127507551e+002 +1.127507551e+002 -1.2388e+000 +3.9199e-001 -8.8420e-001 -2.2819e+000 -2.1688e+000
502 +7.040998862e+000 +7.040998862e+000 +1.102009989e+002 +1.102009989e+002 -1.5415e+000 +2.2461e-001 -8.7080e-001 -2.4209e+000 -2.1349e+000
588 +6.296148675e+000 +6.296148675e+000 +1.094561487e+002 +1.094561487e+002 -1.5152e+000 +2.9997e-001 -7.7170e-001 -2.4942e+000 -2.0809e+000
605 +5.908483314e+000 +5.908483314e+000 +1.090684833e+002 +1.090684833e+002 -1.4234e+000 +3.2871e-001 -8.3172e-001 -2.3929e+000 -2.1880e+000
607 +5.402672667e+000 +5.402672667e+000 +1.085626727e+002 +1.085626727e+002 -1.4151e+000 +3.0496e-001 -8.5207e-001 -2.4086e+000 -2.1395e+000
620 +5.196187810e+000 +5.196187810e+000 +1.083561878e+002 +1.083561878e+002 -1.3820e+000 +3.0570e-001 -8.4134e-001 -2.5109e+000 -2.0660e+000
631 +4.332028208e+000 +4.332028208e+000 +1.074920282e+002 +1.074920282e+002 -1.3550e+000 +3.1450e-001 -8.7318e-001 -2.5618e+000 -2.2004e+000
681 +4.210573723e+000 +4.210573723e+000 +1.073705737e+002 +1.073705737e+002 -1.2883e+000 +3.1318e-001 -8.6710e-001 -2.5068e+000 -2.2068e+000
692 +3.971990233e+000 +3.971990233e+000 +1.071319902e+002 +1.071319902e+002 -1.2622e+000 +3.8898e-001 -8.4915e-001 -2.5505e+000 -2.2024e+000
704 +3.837466824e+000 +3.837466824e+000 +1.069974668e+002 +1.069974668e+002 -1.3003e+000 +3.3236e-001 -8.6982e-001 -2.5075e+000 -2.1643e+000
755 +3.784953687e+000 +3.784953687e+000 +1.069449537e+002 +1.069449537e+002 -1.2698e+000 +3.5183e-001 -8.5940e-001 -2.5398e+000 -2.1591e+000
781 +3.673640478e+000 +3.673640478e+000 +1.068336405e+002 +1.068336405e+002 -1.1929e+000 +4.1902e-001 -8.6173e-001 -2.5385e+000 -2.1235e+000
848 +3.627629394e+000 +3.627629394e+000 +1.067876294e+002 +1.067876294e+002 -1.2170e+000 +3.7903e-001 -8.7585e-001 -2.5389e+000 -2.1874e+000
854 +3.222828858e+000 +3.222828858e+000 +1.063828289e+002 +1.063828289e+002 -1.0481e+000 +4.6761e-001 -8.8639e-001 -2.5158e+000 -2.1862e+000
1109 +3.149731807e+000 +3.149731807e+000 +1.063097318e+002 +1.063097318e+002 -1.0689e+000 +4.6414e-001 -8.7242e-001 -2.5109e+000 -2.1527e+000
1248 +3.076353083e+000 +3.076353083e+000 +1.062363531e+002 +1.062363531e+002 -1.0596e+000 +4.9126e-001 -8.6700e-001 -2.5196e+000 -2.1605e+000
1342 +3.005023012e+000 +3.005023012e+000 +1.061650230e+002 +1.061650230e+002 -1.0369e+000 +5.0244e-001 -8.6142e-001 -2.5167e+000 -2.1653e+000
1429 +2.919563177e+000 +2.919563177e+000 +1.060795632e+002 +1.060795632e+002 -1.0080e+000 +5.2391e-001 -8.5469e-001 -2.5188e+000 -2.1616e+000
1440 +2.842995734e+000 +2.842995734e+000 +1.060029957e+002 +1.060029957e+002 -9.7893e-001 +5.4804e-001 -8.5269e-001 -2.5173e+000 -2.1624e+000
1629 +2.818019715e+000 +2.818019715e+000 +1.059780197e+002 +1.059780197e+002 -9.7063e-001 +5.4791e-001 -8.3846e-001 -2.5081e+000 -2.1608e+000
1821 +2.739327858e+000 +2.739327858e+000 +1.058993279e+002 +1.058993279e+002 -9.4008e-001 +5.8000e-001 -8.4200e-001 -2.5228e+000 -2.1665e+000
1961 +2.686148380e+000 +2.686148380e+000 +1.058461484e+002 +1.058461484e+002 -9.3313e-001 +5.9563e-001 -8.2620e-001 -2.5264e+000 -2.1608e+000
2210 +2.627782024e+000 +2.627782024e+000 +1.057877820e+002 +1.057877820e+002 -9.2500e-001 +6.0844e-001 -8.1238e-001 -2.5155e+000 -2.1650e+000
2421 +2.553900425e+000 +2.553900425e+000 +1.057139004e+002 +1.057139004e+002 -9.0309e-001 +6.2781e-001 -8.0579e-001 -2.5150e+000 -2.1621e+000
% function evaluation | noise-free fitness - Fopt (3.235000000000e+001) | best noise-free fitness - Fopt | measured fitness | best measured fitness | x1 | x2...
1 +1.545183576e+003 +1.545183576e+003 +1.577533576e+003 +1.577533576e+003 +0.0000e+000 +0.0000e+000 +0.0000e+000 +0.0000e+000 +0.0000e+000
342 +8.419918830e+002 +8.419918830e+002 +8.743418830e+002 +8.743418830e+002 +1.3065e+000 -2.2187e+000 -2.6653e+000 +1.0426e+000 -7.5059e-001
369 +5.525358521e+002 +5.525358521e+002 +5.848858521e+002 +5.848858521e+002 +1.6432e+000 -1.1561e+000 -2.4208e+000 +1.9394e+000 +1.7147e+000
378 +5.008233149e+002 +5.008233149e+002 +5.331733149e+002 +5.331733149e+002 +1.6655e+000 -2.3066e+000 -2.4549e+000 +1.7112e+000 +4.6238e-001
432 +3.804767927e+002 +3.804767927e+002 +4.128267927e+002 +4.128267927e+002 +1.7824e+000 -1.8593e+000 -1.6481e+000 +1.7183e+000 +2.5413e+000
454 +2.795015209e+002 +2.795015209e+002 +3.118515209e+002 +3.118515209e+002 +1.6595e+000 -2.3475e+000 -2.0848e+000 +1.6639e+000 +1.4069e+000
475 +2.107402869e+002 +2.107402869e+002 +2.430902869e+002 +2.430902869e+002 +1.3830e+000 -1.8006e+000 -1.9757e+000 +1.7565e+000 +1.9298e+000
609 +2.079489972e+002 +2.079489972e+002 +2.402989972e+002 +2.402989972e+002 +1.4560e+000 -2.0550e+000 -1.9146e+000 +1.6554e+000 +1.1440e+000
650 +1.930969176e+002 +1.930969176e+002 +2.254469176e+002 +2.254469176e+002 +1.5236e+000 -1.7430e+000 -1.9362e+000 +1.5539e+000 +4.0981e-001
660 +1.902392021e+002 +1.902392021e+002 +2.225892021e+002 +2.225892021e+002 +1.6570e+000 -1.8368e+000 -2.0669e+000 +1.7267e+000 +1.4297e+000
758 +1.808955665e+002 +1.808955665e+002 +2.132455665e+002 +2.132455665e+002 +1.4068e+000 -1.8333e+000 -1.9475e+000 +1.6014e+000 +9.3892e-001
781 +1.773576076e+002 +1.773576076e+002 +2.097076076e+002 +2.097076076e+002 +1.4901e+000 -1.8808e+000 -2.0163e+000 +1.5548e+000 +1.0111e+000
840 +1.581674074e+002 +1.581674074e+002 +1.905174074e+002 +1.905174074e+002 +1.5520e+000 -1.8791e+000 -1.9315e+000 +1.4139e+000 +2.5970e-001
1389 +1.547907413e+002 +1.547907413e+002 +1.871407413e+002 +1.871407413e+002 +1.7659e+000 -1.8486e+000 -1.9488e+000 +1.3871e+000 +2.3680e-001
1664 +1.512227956e+002 +1.512227956e+002 +1.835727956e+002 +1.835727956e+002 +1.8075e+000 -1.8466e+000 -1.9122e+000 +1.3451e+000 +1.7318e-001
1833 +1.479074540e+002 +1.479074540e+002 +1.802574540e+002 +1.802574540e+002 +1.8679e+000 -1.8485e+000 -1.8991e+000 +1.3133e+000 +6.9750e-002
1907 +1.440008281e+002 +1.440008281e+002 +1.763508281e+002 +1.763508281e+002 +1.8628e+000 -1.8491e+000 -1.8711e+000 +1.2750e+000 -5.1385e-002
1910 +1.380748870e+002 +1.380748870e+002 +1.704248870e+002 +1.704248870e+002 +1.8733e+000 -1.8618e+000 -1.8711e+000 +1.2062e+000 -2.4425e-001
2021 +1.377322397e+002 +1.377322397e+002 +1.700822397e+002 +1.700822397e+002 +1.9019e+000 -1.8484e+000 -1.8431e+000 +1.2257e+000 -2.7739e-001
2087 +1.334466102e+002 +1.334466102e+002 +1.657966102e+002 +1.657966102e+002 +1.8164e+000 -1.8794e+000 -1.8597e+000 +1.1379e+000 -4.0952e-001
2128 +1.314035951e+002 +1.314035951e+002 +1.637535951e+002 +1.637535951e+002 +1.6184e+000 -1.8610e+000 -1.8476e+000 +1.1562e+000 -5.2079e-001
2179 +1.254471593e+002 +1.254471593e+002 +1.577971593e+002 +1.577971593e+002 +1.5819e+000 -1.8561e+000 -1.8494e+000 +1.0691e+000 -6.9969e-001
2202 +1.192871880e+002 +1.192871880e+002 +1.516371880e+002 +1.516371880e+002 +1.6544e+000 -1.8554e+000 -1.8505e+000 +9.8457e-001 -1.0240e+000
2240 +1.169719357e+002 +1.169719357e+002 +1.493219357e+002 +1.493219357e+002 +1.9579e+000 -1.8594e+000 -1.8496e+000 +9.3006e-001 -1.0826e+000
2339 +1.135316777e+002 +1.135316777e+002 +1.458816777e+002 +1.458816777e+002 +1.6919e+000 -1.8430e+000 -1.8176e+000 +9.3837e-001 -1.1510e+000
2340 +1.095337045e+002 +1.095337045e+002 +1.418837045e+002 +1.418837045e+002 +1.8457e+000 -1.8730e+000 -1.7910e+000 +9.0318e-001 -1.1573e+000
2361 +1.061403315e+002 +1.061403315e+002 +1.384903315e+002 +1.384903315e+002 +1.7814e+000 -1.8477e+000 -1.6822e+000 +9.1555e-001 -1.1377e+000
2399 +1.044565019e+002 +1.044565019e+002 +1.368065019e+002 +1.368065019e+002 +1.9109e+000 -1.7974e+000 -1.7354e+000 +8.8258e-001 -1.3087e+000
2434 +1.023021100e+002 +1.023021100e+002 +1.346521100e+002 +1.346521100e+002 +1.9242e+000 -1.8482e+000 -1.7054e+000 +8.7751e-001 -1.3017e+000
2466 +9.787364847e+001 +9.787364847e+001 +1.302236485e+002 +1.302236485e+002 +1.7465e+000 -1.8442e+000 -1.6504e+000 +8.3458e-001 -1.3444e+000
2495 +9.757782522e+001 +9.757782522e+001 +1.299278252e+002 +1.299278252e+002 +1.8534e+000 -1.8151e+000 -1.6553e+000 +8.0566e-001 -1.3041e+000
2496 +9.328943479e+001 +9.328943479e+001 +1.256394348e+002 +1.256394348e+002 +1.9205e+000 -1.8527e+000 -1.6145e+000 +7.0323e-001 -1.3962e+000
% function evaluation | noise-free fitness - Fopt (-5.052600000000e+002) | best noise-free fitness - Fopt | measured fitness | best measured fitness | x1 | x2...
1 +2.400199770e+004 +2.400199770e+004 +2.349673770e+004 +2.349673770e+004 +0.0000e+000 +0.0000e+000 +0.0000e+000 +0.0000e+000 +0.0000e+000
326 +2.329061147e+004 +2.329061147e+004 +2.278535147e+004 +2.278535147e+004 +2.1736e+000 +2.0945e+000 +1.3060e+000 -3.2476e+000 +1.1573e+000
327 +2.161843973e+004 +2.161843973e+004 +2.111317973e+004 +2.111317973e+004 +2.5895e+000 +2.7978e+000 +8.1044e-001 -3.7103e+000 +1.1547e+000
355 +2.099249947e+004 +2.099249947e+004 +2.048723947e+004 +2.048723947e+004 +2.4542e+000 +1.6367e+000 +8.1695e-001 -2.3911e+000 +1.1280e+000
358 +1.932980545e+004 +1.932980545e+004 +1.882454545e+004 +1.882454545e+004 +2.2625e+000 +1.4356e+000 +8.7416e-001 -2.8226e+000 +1.2612e+000
379 +1.593053941e+004 +1.593053941e+004 +1.542527941e+004 +1.542527941e+004 +2.4473e+000 +2.4527e+000 +3.2714e-001 -3.2987e+000 +9.5351e-001
383 +8.698504599e+003 +8.698504599e+003 +8.193244599e+003 +8.193244599e+003 +1.1860e+000 +3.8143e+000 +8.0572e-001 -3.9172e+000 +9.3360e-001
428 +3.057020957e+003 +3.057020957e+003 +2.551760957e+003 +2.551760957e+003 +1.2201e+000 +3.6892e+000 +1.8569e-001 -2.6822e+000 +1.4675e+000
434 +1.651327157e+003 +1.651327157e+003 +1.146067157e+003 +1.146067157e+003 +1.1079e+000 +3.3064e+000 -5.4635e-001 -2.4895e+000 +7.0961e-001
475 +1.498796312e+003 +1.498796312e+003 +9.935363116e+002 +9.935363116e+002 +6.7536e-001 +2.7918e+000 -3.5905e+000 -3.3339e+000 +3.2976e-001
483 +1.283825375e+003 +1.283825375e+003 +7.785653752e+002 +7.785653752e+002 +7.1705e-001 +1.6836e+000 -1.0130e+000 -3.5413e+000 +7.3767e-001
503 +9.008469161e+002 +9.008469161e+002 +3.955869161e+002 +3.955869161e+002 +7.3864e-001 +1.8151e+000 -2.1328e+000 -3.4936e+000 +1.3772e+000
504 +6.962474714e+002 +6.962474714e+002 +1.909874714e+002 +1.909874714e+002 +7.0124e-001 +3.0357e+000 -1.5377e+000 -2.5117e+000 +1.4194e+000
508 +4.203619450e+002 +4.203619450e+002 -8.489805499e+001 -8.489805499e+001 -1.2462e+000 +2.8783e+000 -1.8579e+000 -4.4379e+000 +1.1853e+000
524 +4.797343813e+001 +4.797343813e+001 -4.572865619e+002 -4.572865619e+002 -2.6107e-001 +1.9939e+000 -1.6598e+000 -3.4979e+000 +1.5596e+000
625 +4.146996740e+001 +4.146996740e+001 -4.637900326e+002 -4.637900326e+002 -4.0055e-001 +2.2612e+000 -1.4968e+000 -3.5587e+000 +1.6151e+000
646 +3.547359832e+001 +3.547359832e+001 -4.697864017e+002 -4.697864017e+002 -7.2752e-002 +2.5199e+000 -1.9038e+000 -3.2591e+000 +1.6571e+000
680 +2.895903431e+001 +2.895903431e+001 -4.763009657e+002 -4.763009657e+002 -4.8228e-001 +2.2294e+000 -1.8898e+000 -3.8477e+000 +1.5498e+000
708 +1.966549099e+001 +1.966549099e+001 -4.855945090e+002 -4.855945090e+002 -2.4124e-001 +2.3942e+000 -1.8259e+000 -3.8489e+000 +1.6638e+000
741 +1.561678487e+001 +1.561678487e+001 -4.896432151e+002 -4.896432151e+002 -1.0950e+000 +1.9668e+000 -2.0225e+000 -3.6709e+000 +1.6010e+000
766 +1.343927087e+001 +1.343927087e+001 -4.918207291e+002 -4.918207291e+002 -1.4336e+000 +2.1057e+000 -1.9360e+000 -3.6029e+000 +1.6390e+000
927 +1.148542600e+001 +1.148542600e+001 -4.937745740e+002 -4.937745740e+002 -7.1498e-001 +1.9700e+000 -2.0316e+000 -3.6991e+000 +1.6550e+000
949 +1.121435482e+001 +1.121435482e+001 -4.940456452e+002 -4.940456452e+002 -7.6721e-001 +1.8649e+000 -2.1568e+000 -3.5959e+000 +1.6477e+000
979 +1.051922221e+001 +1.051922221e+001 -4.947407778e+002 -4.947407778e+002 -6.5709e-001 +1.9437e+000 -2.0450e+000 -3.6230e+000 +1.6505e+000
1016 +7.055155466e+000 +7.055155466e+000 -4.982048445e+002 -4.982048445e+002 -7.1291e-001 +1.8991e+000 -1.9920e+000 -3.5700e+000 +1.7728e+000
1036 +6.804777760e+000 +6.804777760e+000 -4.984552222e+002 -4.984552222e+002 -4.7727e-001 +2.0059e+000 -2.0164e+000 -3.6527e+000 +1.7521e+000
1048 +6.216709078e+000 +6.216709078e+000 -4.990432909e+002 -4.990432909e+002 -1.0975e+000 +1.9478e+000 -1.9806e+000 -3.6449e+000 +1.8901e+000
1051 +5.775234796e+000 +5.775234796e+000 -4.994847652e+002 -4.994847652e+002 -8.8295e-001 +1.9181e+000 -1.9975e+000 -3.5717e+000 +1.8513e+000
1052 +5.171274663e+000 +5.171274663e+000 -5.000887253e+002 -5.000887253e+002 -8.0846e-001 +1.9507e+000 -2.0185e+000 -3.5618e+000 +1.8768e+000
1077 +5.022370190e+000 +5.022370190e+000 -5.002376298e+002 -5.002376298e+002 -6.1250e-001 +1.9532e+000 -2.1030e+000 -3.6388e+000 +1.7812e+000
1107 +4.635231313e+000 +4.635231313e+000 -5.006247687e+002 -5.006247687e+002 -7.7461e-001 +1.9457e+000 -2.0366e+000 -3.6054e+000 +1.8475e+000
1159 +4.303175438e+000 +4.303175438e+000 -5.009568246e+002 -5.009568246e+002 -7.1265e-001 +1.9561e+000 -2.0447e+000 -3.6453e+000 +1.8428e+000
1174 +4.112266773e+000 +4.112266773e+000 -5.011477332e+002 -5.011477332e+002 -8.1263e-001 +1.9301e+000 -2.0873e+000 -3.6366e+000 +1.8644e+000
1179 +3.837921600e+000 +3.837921600e+000 -5.014220784e+002 -5.014220784e+002 -7.2159e-001 +1.9160e+000 -2.1205e+000 -3.6457e+000 +1.8545e+000
1203 +3.786798597e+000 +3.786798597e+000 -5.014732014e+002 -5.014732014e+002 -6.5783e-001 +1.9324e+000 -2.1030e+000 -3.6445e+000 +1.8471e+000
1221 +3.592836280e+000 +3.592836280e+000 -5.016671637e+002 -5.016671637e+002 -6.1884e-001 +1.9696e+000 -2.0972e+000 -3.6258e+000 +1.8486e+000
1229 +3.471246919e+000 +3.471246919e+000 -5.017887531e+002 -5.017887531e+002 -6.9382e-001 +1.9325e+000 -2.0803e+000 -3.6317e+000 +1.8857e+000
1274 +3.429538052e+000 +3.429538052e+000 -5.018304619e+002 -5.018304619e+002 -6.5274e-001 +1.9420e+000 -2.1042e+000 -3.6342e+000 +1.8750e+000
1276 +3.257018129e+000 +3.257018129e+000 -5.020029819e+002 -5.020029819e+002 -5.5514e-001 +2.0136e+000 -2.0965e+000 -3.6312e+000 +1.8642e+000
1339 +3.219812482e+000 +3.219812482e+000 -5.020401875e+002 -5.020401875e+002 -6.1791e-001 +1.9554e+000 -2.0982e+000 -3.6248e+000 +1.9184e+000
1381 +3.125953436e+000 +3.125953436e+000 -5.021340466e+002 -5.021340466e+002 -6.0995e-001 +1.9961e+000 -2.0876e+000 -3.6249e+000 +1.9064e+000
1413 +3.079811454e+000 +3.079811454e+000 -5.021801885e+002 -5.021801885e+002 -5.8329e-001 +2.0017e+000 -2.0899e+000 -3.6407e+000 +1.8999e+000
1436 +3.001169835e+000 +3.001169835e+000 -5.022588302e+002 -5.022588302e+002 -5.6683e-001 +2.0325e+000 -2.0700e+000 -3.6328e+000 +1.9108e+000
1538 +2.947075517e+000 +2.947075517e+000 -5.023129245e+002 -5.023129245e+002 -5.4588e-001 +2.0443e+000 -2.0811e+000 -3.6204e+000 +1.9055e+000
1649 +2.863249475e+000 +2.863249475e+000 -5.023967505e+002 -5.023967505e+002 -5.2165e-001 +2.0476e+000 -2.0613e+000 -3.6233e+000 +1.9134e+000
1758 +2.784827166e+000 +2.784827166e+000 -5.024751728e+002 -5.024751728e+002 -5.0154e-001 +2.0702e+000 -2.0647e+000 -3.6251e+000 +1.9127e+000
2017 +2.750149163e+000 +2.750149163e+000 -5.025098508e+002 -5.025098508e+002 -4.8582e-001 +2.0790e+000 -2.0632e+000 -3.6299e+000 +1.9137e+000
2281 +2.691149549e+000 +2.691149549e+000 -5.025688505e+002 -5.025688505e+002 -4.7464e-001 +2.1017e+000 -2.0540e+000 -3.6263e+000 +1.9163e+000
2431 +2.625167232e+000 +2.625167232e+000 -5.026348328e+002 -5.026348328e+002 -4.5154e-001 +2.1160e+000 -2.0479e+000 -3.6244e+000 +1.9160e+000
% function evaluation | noise-free fitness - Fopt (-5.231400000000e+002) | best noise-free fitness - Fopt | measured fitness | best measured fitness | x1 | x2...
1 +2.673320539e+004 +2.673320539e+004 +2.621006539e+004 +2.621006539e+004 +0.0000e+000 +0.0000e+000 +0.0000e+000 +0.0000e+000 +0.0000e+000
162 +4.646639677e+003 +4.646639677e+003 +4.123499677e+003 +4.123499677e+003 -2.2767e+000 -3.2834e+000 -4.1572e+000 -4.2121e+000 -1.1159e+000
194 +4.473121996e+003 +4.473121996e+003 +3.949981996e+003 +3.949981996e+003 -2.6052e+000 -3.2600e+000 -4.0778e+000 -4.1796e+000 -1.1782e+000
195 +4.431311985e+003 +4.431311985e+003 +3.908171985e+003 +3.908171985e+003 -3.5995e+000 -3.1230e+000 -1.9291e+000 -4.0772e+000 -1.0969e+000
197 +4.262754184e+003 +4.262754184e+003 +3.739614184e+003 +3.739614184e+003 -2.3344e+000 -3.1958e+000 -3.6992e+000 -4.1912e+000 -1.2171e+000
203 +3.856516612e+003 +3.856516612e+003 +3.333376612e+003 +3.333376612e+003 -2.2316e+000 -3.2601e+000 -2.8399e+000 -4.1821e+000 -1.0045e+000
254 +3.741603582e+003 +3.741603582e+003 +3.218463582e+003 +3.218463582e+003 -2.1749e+000 -3.0719e+000 -3.2603e+000 -4.1595e+000 -1.0254e+000
257 +3.691098802e+003 +3.691098802e+003 +3.167958802e+003 +3.167958802e+003 -2.4899e+000 -3.1524e+000 -3.0734e+000 -4.1588e+000 -9.8503e-001
264 +3.527928128e+003 +3.527928128e+003 +3.004788128e+003 +3.004788128e+003 -2.1442e+000 -3.1654e+000 -2.8828e+000 -4.1575e+000 -8.3327e-001
274 +3.403033756e+003 +3.403033756e+003 +2.879893756e+003 +2.879893756e+003 -2.2851e+000 -3.2081e+000 -2.9270e+000 -4.1156e+000 -9.1297e-001
305 +3.076859213e+003 +3.076859213e+003 +2.553719213e+003 +2.553719213e+003 -2.0501e+000 -3.0066e+000 -3.3680e+000 -4.1450e+000 -4.3744e-001
306 +2.741340134e+003 +2.741340134e+003 +2.218200134e+003 +2.218200134e+003 -2.2888e+000 -3.4379e+000 -3.2636e+000 -4.1484e+000 -1.6384e-001
339 +2.128186537e+003 +2.128186537e+003 +1.605046537e+003 +1.605046537e+003 -1.9647e+000 -3.1596e+000 -2.4517e+000 -4.1205e+000 +7.8559e-001
355 +2.057662928e+003 +2.057662928e+003 +1.534522928e+003 +1.534522928e+003 -1.9650e+000 -3.2422e+000 -3.3740e+000 -4.0990e+000 +4.5372e-001
357 +1.102878031e+003 +1.102878031e+003 +5.797380305e+002 +5.797380305e+002 -2.1907e+000 -3.4228e+000 -2.9819e+000 -4.1442e+000 +2.0713e+000
383 +9.772848133e+002 +9.772848133e+002 +4.541448133e+002 +4.541448133e+002 -1.7921e+000 -3.2547e+000 -3.2558e+000 -4.0990e+000 +2.2505e+000
387 +5.615955245e+002 +5.615955245e+002 +3.845552451e+001 +3.845552451e+001 -3.0047e+000 -3.2693e+000 -2.9663e+000 -4.0677e+000 +3.2704e+000
400 +4.527412572e+002 +4.527412572e+002 -7.039874279e+001 -7.039874279e+001 -2.1659e+000 -3.8699e+000 -3.2347e+000 -3.7497e+000 +2.0659e+000
448 +3.955984918e+002 +3.955984918e+002 -1.275415082e+002 -1.275415082e+002 -2.2110e+000 -3.5802e+000 -3.2175e+000 -3.9975e+000 +4.6475e+000
455 +3.685178445e+002 +3.685178445e+002 -1.546221555e+002 -1.546221555e+002 -2.5497e+000 -3.4520e+000 -3.0384e+000 -3.9506e+000 +3.5035e+000
543 +3.373586207e+002 +3.373586207e+002 -1.857813793e+002 -1.857813793e+002 -2.5864e+000 -3.5633e+000 -3.3734e+000 -3.8741e+000 +4.0920e+000
649 +3.282701865e+002 +3.282701865e+002 -1.948698135e+002 -1.948698135e+002 -2.6812e+000 -3.6617e+000 -3.2520e+000 -3.8874e+000 +3.2735e+000
674 +3.203097049e+002 +3.203097049e+002 -2.028302951e+002 -2.028302951e+002 -2.7670e+000 -3.9537e+000 -3.1974e+000 -3.9064e+000 +3.7843e+000
679 +3.099045547e+002 +3.099045547e+002 -2.132354453e+002 -2.132354453e+002 -2.7915e+000 -3.7214e+000 -3.1713e+000 -3.8760e+000 +3.5769e+000
711 +2.832382465e+002 +2.832382465e+002 -2.399017535e+002 -2.399017535e+002 -2.8959e+000 -3.8976e+000 -3.1591e+000 -3.7975e+000 +3.4095e+000
777 +2.818377384e+002 +2.818377384e+002 -2.413022616e+002 -2.413022616e+002 -3.2062e+000 -4.0330e+000 -3.3504e+000 -3.7461e+000 +3.5318e+000
833 +2.389987090e+002 +2.389987090e+002 -2.841412910e+002 -2.841412910e+002 -3.1211e+000 -3.8136e+000 -3.2720e+000 -3.6115e+000 +3.2195e+000
892 +2.268930447e+002 +2.268930447e+002 -2.962469553e+002 -2.962469553e+002 -3.6269e+000 -3.9410e+000 -3.2323e+000 -3.5208e+000 +2.9103e+000
911 +2.130026878e+002 +2.130026878e+002 -3.101373122e+002 -3.101373122e+002 -3.5045e+000 -4.1992e+000 -3.3062e+000 -3.1510e+000 +2.5292e+000
928 +2.021225973e+002 +2.021225973e+002 -3.210174027e+002 -3.210174027e+002 -3.1612e+000 -3.9917e+000 -3.2479e+000 -3.5116e+000 +2.7967e+000
979 +1.744061594e+002 +1.744061594e+002 -3.487338406e+002 -3.487338406e+002 -2.6853e+000 -3.9332e+000 -3.1503e+000 -3.4102e+000 +2.4350e+000
1002 +1.736738965e+002 +1.736738965e+002 -3.494661035e+002 -3.494661035e+002 -3.1058e+000 -3.9457e+000 -3.2321e+000 -3.4240e+000 +2.4846e+000
1053 +1.506401681e+002 +1.506401681e+002 -3.724998319e+002 -3.724998319e+002 -2.8692e+000 -3.9416e+000 -3.2357e+000 -3.3381e+000 +2.2342e+000
1135 +1.433264729e+002 +1.433264729e+002 -3.798135271e+002 -3.798135271e+002 -2.9988e+000 -3.8750e+000 -3.2690e+000 -3.2011e+000 +2.2951e+000
1149 +1.404616892e+002 +1.404616892e+002 -3.826783108e+002 -3.826783108e+002 -3.3976e+000 -3.9475e+000 -3.2431e+000 -3.2836e+000 +2.0292e+000
1153 +1.372162008e+002 +1.372162008e+002 -3.859237992e+002 -3.859237992e+002 -3.7218e+000 -3.9651e+000 -3.2985e+000 -3.0837e+000 +1.8651e+000
1166 +1.334499866e+002 +1.334499866e+002 -3.896900134e+002 -3.896900134e+002 -3.2567e+000 -3.9719e+000 -3.2498e+000 -3.2483e+000 +2.0756e+000
1172 +1.263475125e+002 +1.263475125e+002 -3.967924875e+002 -3.967924875e+002 -2.9114e+000 -3.9400e+000 -3.2588e+000 -3.2153e+000 +2.0574e+000
1177 +1.206426526e+002 +1.206426526e+002 -4.024973474e+002 -4.024973474e+002 -3.4208e+000 -3.9062e+000 -3.2628e+000 -3.1957e+000 +1.8662e+000
1188 +1.168200558e+002 +1.168200558e+002 -4.063199442e+002 -4.063199442e+002 -3.2389e+000 -4.0388e+000 -3.2317e+000 -3.1603e+000 +1.8929e+000
1199 +1.008620737e+002 +1.008620737e+002 -4.222779263e+002 -4.222779263e+002 -3.0895e+000 -3.9663e+000 -3.2638e+000 -3.0532e+000 +1.8437e+000
1264 +9.793529668e+001 +9.793529668e+001 -4.252047033e+002 -4.252047033e+002 -2.9544e+000 -3.9738e+000 -3.2478e+000 -3.0927e+000 +1.7127e+000
1293 +9.419142394e+001 +9.419142394e+001 -4.289485761e+002 -4.289485761e+002 -2.8995e+000 -3.9775e+000 -3.2569e+000 -2.9960e+000 +1.7897e+000
1304 +8.947880993e+001 +8.947880993e+001 -4.336611901e+002 -4.336611901e+002 -3.5502e+000 -3.9705e+000 -3.2605e+000 -2.9759e+000 +1.2410e+000
1307 +8.282858361e+001 +8.282858361e+001 -4.403114164e+002 -4.403114164e+002 -2.6619e+000 -3.8672e+000 -3.2463e+000 -2.7018e+000 +1.6676e+000
1327 +7.176130818e+001 +7.176130818e+001 -4.513786918e+002 -4.513786918e+002 -3.0256e+000 -3.9498e+000 -3.2409e+000 -2.3977e+000 +1.5234e+000
1334 +6.866270326e+001 +6.866270326e+001 -4.544772967e+002 -4.544772967e+002 -3.0627e+000 -3.9792e+000 -3.2610e+000 -2.6678e+000 +1.5462e+000
1353 +5.443374065e+001 +5.443374065e+001 -4.687062593e+002 -4.687062593e+002 -2.7094e+000 -3.9308e+000 -3.2576e+000 -2.8332e+000 +1.2277e+000
1370 +4.268700228e+001 +4.268700228e+001 -4.804529977e+002 -4.804529977e+002 -3.4705e+000 -4.0186e+000 -3.2622e+000 -2.6107e+000 +6.8163e-001
1383 +1.425313722e+001 +1.425313722e+001 -5.088868628e+002 -5.088868628e+002 -3.2499e+000 -3.9690e+000 -3.2810e+000 -2.2401e+000 +9.5038e-001
1422 +9.626027048e+000 +9.626027048e+000 -5.135139730e+002 -5.135139730e+002 -3.4936e+000 -3.8310e+000 -3.2549e+000 -2.2818e+000 +7.2775e-001
1435 +5.435136943e+000 +5.435136943e+000 -5.177048631e+002 -5.177048631e+002 -2.9965e+000 -3.9284e+000 -3.2590e+000 -2.0777e+000 +7.7601e-001
1460 +4.943120073e+000 +4.943120073e+000 -5.181968799e+002 -5.181968799e+002 -3.0198e+000 -3.8485e+000 -3.3192e+000 -2.1558e+000 +7.3538e-001
1504 +4.561470643e+000 +4.561470643e+000 -5.185785294e+002 -5.185785294e+002 -2.9363e+000 -3.8174e+000 -3.2593e+000 -2.0889e+000 +7.3397e-001
1527 +4.390498788e+000 +4.390498788e+000 -5.187495012e+002 -5.187495012e+002 -2.9263e+000 -3.8948e+000 -3.2585e+000 -2.0964e+000 +7.3988e-001
1545 +4.134345815e+000 +4.134345815e+000 -5.190056542e+002 -5.190056542e+002 -2.9718e+000 -3.9078e+000 -3.2539e+000 -2.1135e+000 +7.0228e-001
1588 +3.931077285e+000 +3.931077285e+000 -5.192089227e+002 -5.192089227e+002 -2.9241e+000 -3.8554e+000 -3.2476e+000 -2.1072e+000 +7.0547e-001
1608 +3.822228501e+000 +3.822228501e+000 -5.193177715e+002 -5.193177715e+002 -2.9226e+000 -3.8495e+000 -3.2476e+000 -2.1206e+000 +6.8499e-001
1640 +3.786753681e+000 +3.786753681e+000 -5.193532463e+002 -5.193532463e+002 -2.8287e+000 -3.8624e+000 -3.2550e+000 -2.1067e+000 +6.9378e-001
1645 +3.615772199e+000 +3.615772199e+000 -5.195242278e+002 -5.195242278e+002 -2.7138e+000 -3.8092e+000 -3.2550e+000 -2.1030e+000 +7.0656e-001
1687 +3.421843202e+000 +3.421843202e+000 -5.197181568e+002 -5.197181568e+002 -2.7079e+000 -3.8041e+000 -3.2598e+000 -2.1523e+000 +6.9444e-001
1707 +3.372206815e+000 +3.372206815e+000 -5.197677932e+002 -5.197677932e+002 -2.7137e+000 -3.7973e+000 -3.2562e+000 -2.1299e+000 +6.9271e-001
1758 +3.240702567e+000 +3.240702567e+000 -5.198992974e+002 -5.198992974e+002 -2.5692e+000 -3.6979e+000 -3.2518e+000 -2.1315e+000 +7.1058e-001
1914 +3.232756187e+000 +3.232756187e+000 -5.199072438e+002 -5.199072438e+002 -2.7035e+000 -3.7787e+000 -3.2426e+000 -2.1423e+000 +6.8385e-001
2003 +3.149159257e+000 +3.149159257e+000 -5.199908407e+002 -5.199908407e+002 -2.6781e+000 -3.7547e+000 -3.2354e+000 -2.1433e+000 +6.9331e-001
2202 +3.046950407e+000 +3.046950407e+000 -5.200930496e+002 -5.200930496e+002 -2.6492e+000 -3.7201e+000 -3.2180e+000 -2.1367e+000 +6.8698e-001
2303 +2.986666485e+000 +2.986666485e+000 -5.201533335e+002 -5.201533335e+002 -2.6213e+000 -3.7191e+000 -3.2184e+000 -2.1335e+000 +6.8641e-001
2408 +2.950142894e+000 +2.950142894e+000 -5.201898571e+002 -5.201898571e+002 -2.6187e+000 -3.7076e+000 -3.2110e+000 -2.1429e+000 +6.9189e-001
