% function evaluation | noise-free fitness - Fopt (-9.210000000000e+000) | best noise-free fitness - Fopt | measured fitness | best measured fitness | x1 | x2...
1 +7.081138830e+001 +7.081138830e+001 +6.160138830e+001 +6.160138830e+001 +0.0000e+000 +0.0000e+000 +0.0000e+000
99 +7.029282129e+001 +7.029282129e+001 +6.108282129e+001 +6.108282129e+001 -3.6198e+000 +4.4678e+000 -9.9901e-001
108 +2.084486700e+001 +2.084486700e+001 +1.163486700e+001 +1.163486700e+001 -4.0128e+000 +7.5072e+001 +3.8168e+000
128 +8.880777126e+000 +8.880777126e+000 -3.292228737e-001 -3.292228737e-001 -3.8808e+000 +2.5885e+001 +1.7225e+001
137 +8.449319197e+000 +8.449319197e+000 -7.606808025e-001 -7.606808025e-001 -3.4493e+000 +3.0500e+001 +1.0253e+001
138 +8.306425338e+000 +8.306425338e+000 -9.035746615e-001 -9.035746615e-001 -3.3064e+000 +3.6324e+001 +1.3533e+001
154 +7.481537674e+000 +7.481537674e+000 -1.728462326e+000 -1.728462326e+000 -2.4815e+000 +3.3633e+001 +4.5365e+001
166 +6.856589766e+000 +6.856589766e+000 -2.353410234e+000 -2.353410234e+000 -1.8566e+000 +6.1761e+001 +7.3473e+000
168 +5.324836541e+000 +5.324836541e+000 -3.885163459e+000 -3.885163459e+000 -3.2484e-001 +5.0101e+001 +1.5631e+001
178 +3.380773306e-001 +3.380773306e-001 -8.871922669e+000 -8.871922669e+000 +4.6619e+000 +5.5631e+001 +2.3596e+001
190 +0.000000000e+000 +0.000000000e+000 -9.210000000e+000 -9.210000000e+000 +7.0674e+000 +4.4953e+001 +2.8644e+001
% function evaluation | noise-free fitness - Fopt (6.559900000000e+002) | best noise-free fitness - Fopt | measured fitness | best measured fitness | x1 | x2...
1 +7.081138830e+001 +7.081138830e+001 +7.268013883e+002 +7.268013883e+002 +0.0000e+000 +0.0000e+000 +0.0000e+000
118 +1.862753891e+001 +1.862753891e+001 +6.746175389e+002 +6.746175389e+002 +3.9782e-001 -5.6479e-001 -8.4238e+000
125 +1.851411936e+001 +1.851411936e+001 +6.745041194e+002 +6.745041194e+002 +3.9114e-001 -6.0277e-001 -1.0732e+001
139 +1.760645355e+001 +1.760645355e+001 +6.735964536e+002 +6.735964536e+002 +3.8661e-001 -8.9123e-001 -1.2886e+002
141 +1.727037625e+001 +1.727037625e+001 +6.732603762e+002 +6.732603762e+002 +3.8098e-001 -9.9929e-001 -6.3094e+000
148 +1.565652950e+001 +1.565652950e+001 +6.716465295e+002 +6.716465295e+002 +4.0109e-001 -1.5033e+000 -1.1912e+001
159 +1.513495832e+001 +1.513495832e+001 +6.711249583e+002 +6.711249583e+002 +1.7979e-001 -1.7382e+000 -1.3332e+001
168 +1.352040627e+001 +1.352040627e+001 +6.695104063e+002 +6.695104063e+002 +2.9165e-001 -2.2134e+000 -1.8449e+001
180 +4.656785147e+000 +4.656785147e+000 +6.606467851e+002 +6.606467851e+002 +3.4321e-001 -7.4157e+000 -6.6023e+001
218 +4.485404392e+000 +4.485404392e+000 +6.604754044e+002 +6.604754044e+002 +5.1460e-001 -9.1858e+000 -1.3552e+002
229 +4.460855111e+000 +4.460855111e+000 +6.604508551e+002 +6.604508551e+002 +5.3914e-001 -6.3398e+000 -5.8437e+001
261 +4.333047642e+000 +4.333047642e+000 +6.603230476e+002 +6.603230476e+002 +6.6695e-001 -3.8375e+001 -6.1524e+001
273 +3.976087245e+000 +3.976087245e+000 +6.599660872e+002 +6.599660872e+002 +1.0239e+000 -2.0315e+001 -6.2954e+001
295 +3.596941849e+000 +3.596941849e+000 +6.595869418e+002 +6.595869418e+002 +1.4031e+000 -4.2755e+001 -6.7224e+001
303 +2.522532005e+000 +2.522532005e+000 +6.585125320e+002 +6.585125320e+002 +2.4775e+000 -5.2289e+001 -6.5660e+001
310 +0.000000000e+000 +0.000000000e+000 +6.559900000e+002 +6.559900000e+002 +8.5977e+000 -4.5303e+001 -6.8761e+001
% function evaluation | noise-free fitness - Fopt (6.671000000000e+001) | best noise-free fitness - Fopt | measured fitness | best measured fitness | x1 | x2...
1 +7.081138830e+001 +7.081138830e+001 +1.375213883e+002 +1.375213883e+002 +0.0000e+000 +0.0000e+000 +0.0000e+000
64 +4.111402684e+001 +4.111402684e+001 +1.078240268e+002 +1.078240268e+002 +2.9768e+000 -4.9179e-001 -3.1119e+000
87 +2.268116683e+001 +2.268116683e+001 +8.939116683e+001 +8.939116683e+001 +2.6855e+000 -2.5797e-001 -5.5316e+000
95 +2.130442845e+001 +2.130442845e+001 +8.801442845e+001 +8.801442845e+001 +2.6643e+000 -6.8661e-001 -6.5406e+000
96 +1.919835816e+001 +1.919835816e+001 +8.590835816e+001 +8.590835816e+001 +2.8726e+000 -1.4185e+000 -1.0189e+001
112 +7.416875226e+000 +7.416875226e+000 +7.412687523e+001 +7.412687523e+001 -3.1853e+000 -3.2285e+000 -6.6460e+000
122 +5.721435597e+000 +5.721435597e+000 +7.243143560e+001 +7.243143560e+001 +7.2144e-001 -1.0984e+001 -1.7444e+001
126 +5.554511618e+000 +5.554511618e+000 +7.226451162e+001 +7.226451162e+001 -9.1552e-001 -4.5351e+000 -1.0875e+001
139 +5.286884453e+000 +5.286884453e+000 +7.199688445e+001 +7.199688445e+001 +2.8688e-001 -5.5628e+000 -1.4279e+001
140 +4.998506960e+000 +4.998506960e+000 +7.170850696e+001 +7.170850696e+001 -1.4930e-003 -1.0781e+001 -1.6534e+001
146 +4.889893830e+000 +4.889893830e+000 +7.159989383e+001 +7.159989383e+001 -1.1011e-001 -7.9210e+000 -1.2966e+001
151 +4.277422634e+000 +4.277422634e+000 +7.098742263e+001 +7.098742263e+001 -1.2279e+000 -4.8402e+000 -1.5112e+001
155 +4.007856909e+000 +4.007856909e+000 +7.071785691e+001 +7.071785691e+001 -9.9214e-001 -7.6590e+000 -3.7482e+001
166 +3.347551019e+000 +3.347551019e+000 +7.005755102e+001 +7.005755102e+001 -1.6524e+000 -6.7382e+000 -1.3989e+001
170 +1.993530630e+000 +1.993530630e+000 +6.870353063e+001 +6.870353063e+001 -3.0065e+000 -7.0932e+000 -2.0262e+001
183 +0.000000000e+000 +0.000000000e+000 +6.671000000e+001 +6.671000000e+001 -1.4059e+001 -9.0174e+000 -1.8529e+001
% function evaluation | noise-free fitness - Fopt (9.416700000000e+002) | best noise-free fitness - Fopt | measured fitness | best measured fitness | x1 | x2...
1 +7.081138830e+001 +7.081138830e+001 +1.012481388e+003 +1.012481388e+003 +0.0000e+000 +0.0000e+000 +0.0000e+000
2 +6.039955144e+001 +6.039955144e+001 +1.002069551e+003 +1.002069551e+003 -3.0284e+000 +3.2931e+000 +1.7797e+000
3 +6.022010933e+001 +6.022010933e+001 +1.001890109e+003 +1.001890109e+003 -3.0325e+000 +3.2439e+000 +1.7817e+000
33 +5.810639960e+001 +5.810639960e+001 +9.997763996e+002 +9.997763996e+002 -9.9534e+000 +3.2344e+000 +1.7933e+000
49 +5.746267648e+001 +5.746267648e+001 +9.991326765e+002 +9.991326765e+002 -7.0035e+000 +2.9362e+000 +1.7634e+000
80 +5.558604124e+001 +5.558604124e+001 +9.972560412e+002 +9.972560412e+002 -6.1901e+000 +2.4677e+000 +1.8029e+000
100 +5.471001449e+001 +5.471001449e+001 +9.963800145e+002 +9.963800145e+002 -6.1227e+000 +2.1618e+000 +1.7937e+000
107 +4.598660309e+001 +4.598660309e+001 +9.876566031e+002 +9.876566031e+002 -8.4629e+000 -5.4092e-001 +1.8114e+000
123 +4.484613762e+001 +4.484613762e+001 +9.865161376e+002 +9.865161376e+002 -1.1537e+001 -8.9783e-001 +1.8126e+000
130 +3.173510193e+001 +3.173510193e+001 +9.734051019e+002 +9.734051019e+002 -1.2397e+001 -6.2873e+000 +1.8265e+000
172 +3.156954133e+001 +3.156954133e+001 +9.732395413e+002 +9.732395413e+002 -9.8976e+000 -1.5528e+001 +1.8430e+000
273 +3.076019361e+001 +3.076019361e+001 +9.724301936e+002 +9.724301936e+002 -2.2621e+001 -2.3938e+001 +1.9240e+000
295 +2.969575912e+001 +2.969575912e+001 +9.713657591e+002 +9.713657591e+002 -2.0689e+001 -2.2470e+001 +2.0304e+000
302 +2.936742542e+001 +2.936742542e+001 +9.710374254e+002 +9.710374254e+002 -2.8203e+002 -7.2482e+000 +2.0633e+000
308 +2.764588587e+001 +2.764588587e+001 +9.693158859e+002 +9.693158859e+002 -4.9707e+001 -2.7073e+001 +2.2354e+000
322 +2.315573901e+001 +2.315573901e+001 +9.648257390e+002 +9.648257390e+002 -8.8836e+001 -3.1859e+001 +2.6844e+000
347 +2.124194082e+001 +2.124194082e+001 +9.629119408e+002 +9.629119408e+002 -1.4970e+003 -6.7861e+001 +2.8758e+000
366 +1.836583969e+001 +1.836583969e+001 +9.600358397e+002 +9.600358397e+002 -7.2723e+002 -4.4145e+001 +3.1634e+000
387 +1.691680678e+001 +1.691680678e+001 +9.585868068e+002 +9.585868068e+002 -4.3679e+003 -3.4019e+001 +3.3083e+000
388 +1.537430560e+001 +1.537430560e+001 +9.570443056e+002 +9.570443056e+002 -3.6366e+002 -2.7033e+001 +3.4626e+000
399 +1.423193265e+001 +1.423193265e+001 +9.559019326e+002 +9.559019326e+002 -5.0098e+003 -1.9040e+001 +3.5768e+000
404 +1.013738120e+001 +1.013738120e+001 +9.518073812e+002 +9.518073812e+002 -5.0670e+003 -5.1004e+001 +3.9863e+000
417 +9.792987955e+000 +9.792987955e+000 +9.514629880e+002 +9.514629880e+002 -7.9136e+003 -9.8445e+001 +4.0207e+000
429 +8.999821523e+000 +8.999821523e+000 +9.506698215e+002 +9.506698215e+002 -4.4406e+003 -7.7532e+001 +4.1000e+000
432 +0.000000000e+000 +0.000000000e+000 +9.416700000e+002 +9.416700000e+002 -5.8837e+003 -8.5991e+001 +5.3979e+000
% function evaluation | noise-free fitness - Fopt (-3.745000000000e+001) | best noise-free fitness - Fopt | measured fitness | best measured fitness | x1 | x2...
1 +7.081138830e+001 +7.081138830e+001 +3.336138830e+001 +3.336138830e+001 +0.0000e+000 +0.0000e+000 +0.0000e+000
55 +6.220322453e+001 +6.220322453e+001 +2.475322453e+001 +2.475322453e+001 -2.0950e+000 -2.7732e+000 +1.9473e+000
86 +3.218510278e+001 +3.218510278e+001 -5.264897223e+000 -5.264897223e+000 -2.7179e+000 -2.7372e+000 +5.2811e+000
93 +3.082686449e+001 +3.082686449e+001 -6.623135508e+000 -6.623135508e+000 -2.6270e+000 -2.3364e+000 +5.8351e+000
99 +2.967295227e+001 +2.967295227e+001 -7.777047729e+000 -7.777047729e+000 -2.5326e+000 -2.0014e+000 +1.7444e+001
118 +2.714282297e+001 +2.714282297e+001 -1.030717703e+001 -1.030717703e+001 -2.6640e+000 -1.1597e+000 +9.5176e+000
137 +2.499952292e+001 +2.499952292e+001 -1.245047708e+001 -1.245047708e+001 -2.3724e+000 -5.7418e-001 +9.3489e+000
147 +2.249821637e+001 +2.249821637e+001 -1.495178363e+001 -1.495178363e+001 -2.1903e+000 +1.5922e-001 +7.9200e+000
154 +8.254808421e+000 +8.254808421e+000 -2.919519158e+001 -2.919519158e+001 -3.2548e+000 +8.6579e+000 +6.9109e+000
156 +7.940441006e+000 +7.940441006e+000 -2.950955899e+001 -2.950955899e+001 -2.5896e+000 +4.8891e+000 +1.7656e+001
167 +4.687166500e+000 +4.687166500e+000 -3.276283350e+001 -3.276283350e+001 +9.1247e-001 +4.8104e+000 +5.9185e+000
174 +4.175851478e+000 +4.175851478e+000 -3.327414852e+001 -3.327414852e+001 +8.2415e-001 +5.4418e+000 +8.9069e+000
178 +2.586175411e+000 +2.586175411e+000 -3.486382459e+001 -3.486382459e+001 +2.8740e+000 +4.8545e+000 +1.1045e+001
182 +4.334729501e-001 +4.334729501e-001 -3.701652705e+001 -3.701652705e+001 +5.0724e+000 +4.8629e+000 +6.2029e+000
183 +0.000000000e+000 +0.000000000e+000 -3.745000000e+001 -3.745000000e+001 +7.8376e+000 +7.5009e+000 +9.5130e+000
% function evaluation | noise-free fitness - Fopt (3.680300000000e+002) | best noise-free fitness - Fopt | measured fitness | best measured fitness | x1 | x2...
1 +7.081138830e+001 +7.081138830e+001 +4.388413883e+002 +4.388413883e+002 +0.0000e+000 +0.0000e+000 +0.0000e+000
128 +5.933467540e+001 +5.933467540e+001 +4.273646754e+002 +4.273646754e+002 +6.4835e-001 +4.4222e-001 +1.3523e+000
137 +4.766235071e+001 +4.766235071e+001 +4.156923507e+002 +4.156923507e+002 +9.6442e-001 +3.1109e-001 +2.5097e+000
151 +4.235694223e+001 +4.235694223e+001 +4.103869422e+002 +4.103869422e+002 +3.5437e-001 +1.5995e+000 +3.3867e+000
153 +8.937451810e+000 +8.937451810e+000 +3.769674518e+002 +3.769674518e+002 -3.1032e+000 -2.7735e+000 +4.5334e+001
169 +0.000000000e+000 +0.000000000e+000 +3.680300000e+002 +3.680300000e+002 -1.7543e+001 -7.4669e+000 +1.8288e+001
% function evaluation | noise-free fitness - Fopt (1.426000000000e+001) | best noise-free fitness - Fopt | measured fitness | best measured fitness | x1 | x2...
1 +7.081138830e+001 +7.081138830e+001 +8.507138830e+001 +8.507138830e+001 +0.0000e+000 +0.0000e+000 +0.0000e+000
123 +4.132575950e+001 +4.132575950e+001 +5.558575950e+001 +5.558575950e+001 +2.9728e+000 -1.1606e+000 +3.0183e+000
141 +2.915979682e+001 +2.915979682e+001 +4.341979682e+001 +4.341979682e+001 +2.8481e+000 +1.3988e+000 +3.4380e+000
143 +1.136807552e+001 +1.136807552e+001 +2.562807552e+001 +2.562807552e+001 +3.3141e+000 +1.9382e+000 +5.7600e+000
154 +1.086749327e+001 +1.086749327e+001 +2.512749327e+001 +2.512749327e+001 +3.4292e+000 +5.0871e+000 +4.0703e+000
155 +1.852813697e+000 +1.852813697e+000 +1.611281370e+001 +1.611281370e+001 +3.1472e+000 +5.6968e+000 +7.2593e+000
178 +1.408934880e+000 +1.408934880e+000 +1.566893488e+001 +1.566893488e+001 +3.5911e+000 +3.1933e+001 +4.6128e+001
183 +1.098146398e+000 +1.098146398e+000 +1.535814640e+001 +1.535814640e+001 +3.9019e+000 +1.4405e+001 +1.2480e+001
185 +9.311046224e-001 +9.311046224e-001 +1.519110462e+001 +1.519110462e+001 +4.0689e+000 +6.8116e+000 +1.5231e+001
189 +2.674393875e-001 +2.674393875e-001 +1.452743939e+001 +1.452743939e+001 +4.7326e+000 +4.3881e+001 +2.2506e+001
190 +0.000000000e+000 +0.000000000e+000 +1.426000000e+001 +1.426000000e+001 +6.5953e+000 +1.0880e+001 +7.5453e+000
% function evaluation | noise-free fitness - Fopt (6.240000000000e+001) | best noise-free fitness - Fopt | measured fitness | best measured fitness | x1 | x2...
1 +7.081138830e+001 +7.081138830e+001 +1.332113883e+002 +1.332113883e+002 +0.0000e+000 +0.0000e+000 +0.0000e+000
2 +4.647766370e+001 +4.647766370e+001 +1.088776637e+002 +1.088776637e+002 -1.7349e+000 +3.5181e+000 -1.4943e+000
67 +4.512532860e+001 +4.512532860e+001 +1.075253286e+002 +1.075253286e+002 -1.7894e+000 +3.5620e+000 -1.6212e+000
81 +4.464371060e+001 +4.464371060e+001 +1.070437106e+002 +1.070437106e+002 -1.7561e+000 +3.5295e+000 -1.6762e+000
91 +4.300797287e+001 +4.300797287e+001 +1.054079729e+002 +1.054079729e+002 -1.7970e+000 +3.0531e+000 -1.9946e+000
96 +4.159217381e+001 +4.159217381e+001 +1.039921738e+002 +1.039921738e+002 -1.8047e+000 +3.4518e+000 -2.0108e+000
98 +3.716060994e+001 +3.716060994e+001 +9.956060994e+001 +9.956060994e+001 -1.8387e+000 +3.4195e+000 -2.4676e+000
101 +3.458068469e+001 +3.458068469e+001 +9.698068469e+001 +9.698068469e+001 -1.8926e+000 +3.3815e+000 -2.7430e+000
104 +3.157375240e+001 +3.157375240e+001 +9.397375240e+001 +9.397375240e+001 -1.7678e+000 +3.4277e+000 -3.0166e+000
109 +2.308709710e+001 +2.308709710e+001 +8.548709710e+001 +8.548709710e+001 -1.7244e+000 +3.0641e+000 -3.9759e+000
112 +1.082331583e+001 +1.082331583e+001 +7.322331583e+001 +7.322331583e+001 -1.7655e+000 +3.7168e+000 -7.3904e+000
139 +9.099923407e+000 +9.099923407e+000 +7.149992341e+001 +7.149992341e+001 -2.0855e+000 +4.3630e+000 -2.7775e+001
156 +8.062001427e+000 +8.062001427e+000 +7.046200143e+001 +7.046200143e+001 -1.4472e+000 +4.4894e+000 -1.4744e+001
159 +7.475362567e+000 +7.475362567e+000 +6.987536257e+001 +6.987536257e+001 -9.1725e-001 +4.5073e+000 -1.5299e+001
168 +6.270555139e+000 +6.270555139e+000 +6.867055514e+001 +6.867055514e+001 -1.2706e+000 +7.0979e+000 -1.3044e+001
169 +5.856640238e+000 +5.856640238e+000 +6.825664024e+001 +6.825664024e+001 -8.5664e-001 +6.1139e+000 -1.1702e+001
186 +5.359581644e+000 +5.359581644e+000 +6.775958164e+001 +6.775958164e+001 -3.5958e-001 +5.9149e+000 -9.2739e+000
189 +4.159128495e+000 +4.159128495e+000 +6.655912849e+001 +6.655912849e+001 +1.7322e+000 +4.7181e+000 -1.6109e+001
190 +3.549270445e+000 +3.549270445e+000 +6.594927045e+001 +6.594927045e+001 +1.4507e+000 +6.2251e+000 -2.0307e+001
198 +3.247611631e+000 +3.247611631e+000 +6.564761163e+001 +6.564761163e+001 +1.7524e+000 +6.3585e+000 -1.1600e+001
207 +2.832932540e+000 +2.832932540e+000 +6.523293254e+001 +6.523293254e+001 +2.1671e+000 +5.3975e+000 -1.4696e+001
212 +0.000000000e+000 +0.000000000e+000 +6.240000000e+001 +6.240000000e+001 +5.3143e+000 +6.2946e+000 -1.1767e+001
% function evaluation | noise-free fitness - Fopt (1.145900000000e+002) | best noise-free fitness - Fopt | measured fitness | best measured fitness | x1 | x2...
1 +7.081138830e+001 +7.081138830e+001 +1.854013883e+002 +1.854013883e+002 +0.0000e+000 +0.0000e+000 +0.0000e+000
2 +4.768518353e+001 +4.768518353e+001 +1.622751835e+002 +1.622751835e+002 +1.4897e+000 -3.6901e+000 -1.2947e+000
18 +4.651266611e+001 +4.651266611e+001 +1.611026661e+002 +1.611026661e+002 +1.4993e+000 -3.9765e+000 -1.3223e+000
33 +4.541478465e+001 +4.541478465e+001 +1.600047847e+002 +1.600047847e+002 +1.4064e+000 -4.2824e+000 -1.3261e+000
42 +4.348967799e+001 +4.348967799e+001 +1.580796780e+002 +1.580796780e+002 +1.5632e+000 -8.9246e+000 -1.3073e+000
62 +4.261401129e+001 +4.261401129e+001 +1.572040113e+002 +1.572040113e+002 +1.3939e+000 -7.3178e+000 -1.3780e+000
82 +4.106889664e+001 +4.106889664e+001 +1.556588966e+002 +1.556588966e+002 +1.4880e+000 -1.0257e+001 -1.5419e+000
86 +3.995252188e+001 +3.995252188e+001 +1.545425219e+002 +1.545425219e+002 +1.2632e+000 -3.3286e+001 -1.6311e+000
93 +2.870965055e+001 +2.870965055e+001 +1.432996506e+002 +1.432996506e+002 +1.4099e+000 -3.6608e+001 -2.7700e+000
102 +1.164887874e+001 +1.164887874e+001 +1.262388787e+002 +1.262388787e+002 +1.3163e+000 -8.0452e+001 -4.4667e+000
109 +8.903206542e+000 +8.903206542e+000 +1.234932065e+002 +1.234932065e+002 +1.4310e+000 -6.5293e+000 -4.7528e+000
126 +6.395319518e+000 +6.395319518e+000 +1.209853195e+002 +1.209853195e+002 +1.3953e+000 -4.8282e+001 -1.3137e+001
127 +6.303972007e+000 +6.303972007e+000 +1.208939720e+002 +1.208939720e+002 +1.3040e+000 -1.3992e+001 -8.8171e+000
156 +5.988288796e+000 +5.988288796e+000 +1.205782888e+002 +1.205782888e+002 +9.8829e-001 -3.8741e+001 -9.8756e+000
172 +5.708323066e+000 +5.708323066e+000 +1.202983231e+002 +1.202983231e+002 +7.0832e-001 -1.5588e+001 -1.5782e+001
186 +5.377427055e+000 +5.377427055e+000 +1.199674271e+002 +1.199674271e+002 +3.7743e-001 -7.1228e+001 -3.0861e+001
187 +5.318146967e+000 +5.318146967e+000 +1.199081470e+002 +1.199081470e+002 +3.1815e-001 -3.5020e+001 -1.4688e+001
190 +4.388654342e+000 +4.388654342e+000 +1.189786543e+002 +1.189786543e+002 -6.1135e-001 -1.3982e+001 -5.3401e+001
201 +4.343381689e+000 +4.343381689e+000 +1.189333817e+002 +1.189333817e+002 -6.5662e-001 -1.0991e+001 -1.0058e+002
212 +3.922077015e+000 +3.922077015e+000 +1.185120770e+002 +1.185120770e+002 -1.0779e+000 -1.5872e+002 -1.0472e+002
214 +2.196956525e+000 +2.196956525e+000 +1.167869565e+002 +1.167869565e+002 -2.8030e+000 -2.8888e+002 -1.0808e+002
222 +1.716755979e+000 +1.716755979e+000 +1.163067560e+002 +1.163067560e+002 -3.2832e+000 -1.5563e+002 -6.0004e+001
228 +1.586297390e+000 +1.586297390e+000 +1.161762974e+002 +1.161762974e+002 -3.4137e+000 -1.2906e+002 -8.1389e+001
233 +0.000000000e+000 +0.000000000e+000 +1.145900000e+002 +1.145900000e+002 -1.0832e+001 -2.8318e+002 -5.4751e+001
% function evaluation | noise-free fitness - Fopt (-3.698300000000e+002) | best noise-free fitness - Fopt | measured fitness | best measured fitness | x1 | x2...
1 +7.081138830e+001 +7.081138830e+001 -2.990186117e+002 -2.990186117e+002 +0.0000e+000 +0.0000e+000 +0.0000e+000
2 +7.074615008e+001 +7.074615008e+001 -2.990838499e+002 -2.990838499e+002 -1.5166e+000 +4.3522e+000 +1.5214e+000
65 +6.844028567e+001 +6.844028567e+001 -3.013897143e+002 -3.013897143e+002 -1.5385e+000 +4.3546e+000 +1.2938e+000
81 +6.020537625e+001 +6.020537625e+001 -3.096246237e+002 -3.096246237e+002 -1.5249e+000 +4.3440e+000 +4.6558e-001
96 +5.180395297e+001 +5.180395297e+001 -3.180260470e+002 -3.180260470e+002 -1.5157e+000 +4.3188e+000 -3.8345e-001
101 +4.943996753e+001 +4.943996753e+001 -3.203900325e+002 -3.203900325e+002 -1.5153e+000 +4.3519e+000 -6.0942e-001
104 +3.573099398e+001 +3.573099398e+001 -3.340990060e+002 -3.340990060e+002 -1.5028e+000 +4.3444e+000 -1.9839e+000
113 +2.618553082e+001 +2.618553082e+001 -3.436444692e+002 -3.436444692e+002 -1.1900e+000 +4.3530e+000 -2.9670e+000
114 +2.337464888e+001 +2.337464888e+001 -3.464553511e+002 -3.464553511e+002 -1.4431e+000 +4.3776e+000 -3.2150e+000
115 +2.034102414e+001 +2.034102414e+001 -3.494889759e+002 -3.494889759e+002 -1.4721e+000 +4.3520e+000 -3.5236e+000
118 +5.516050493e+000 +5.516050493e+000 -3.643139495e+002 -3.643139495e+002 -1.5251e+000 +4.3545e+000 -9.7411e+000
124 +5.470538807e+000 +5.470538807e+000 -3.643594612e+002 -3.643594612e+002 -1.5483e+000 +4.3616e+000 -5.3077e+000
127 +5.294239460e+000 +5.294239460e+000 -3.645357605e+002 -3.645357605e+002 -1.7222e+000 +4.3623e+000 -5.0343e+000
139 +4.960293173e+000 +4.960293173e+000 -3.648697068e+002 -3.648697068e+002 -1.7116e+000 +4.4713e+000 -1.3507e+001
150 +4.005435812e+000 +4.005435812e+000 -3.658245642e+002 -3.658245642e+002 -2.5546e+000 +4.5067e+000 -9.4451e+000
153 +1.632989797e+000 +1.632989797e+000 -3.681970102e+002 -3.681970102e+002 -3.5722e+000 +4.9351e+000 -1.5788e+001
163 +1.151491883e+000 +1.151491883e+000 -3.686785081e+002 -3.686785081e+002 -6.9226e+000 +4.6359e+000 -1.5946e+001
174 +5.168445651e-001 +5.168445651e-001 -3.693131554e+002 -3.693131554e+002 -4.4832e+000 +1.5962e+001 -1.5408e+002
178 +5.114065579e-001 +5.114065579e-001 -3.693185934e+002 -3.693185934e+002 -4.8732e+000 +4.8784e+000 -1.2300e+001
186 +0.000000000e+000 +0.000000000e+000 -3.698300000e+002 -3.698300000e+002 -7.0121e+000 +9.3738e+000 -2.1665e+002
% function evaluation | noise-free fitness - Fopt (1.531800000000e+002) | best noise-free fitness - Fopt | measured fitness | best measured fitness | x1 | x2...
1 +7.081138830e+001 +7.081138830e+001 +2.239913883e+002 +2.239913883e+002 +0.0000e+000 +0.0000e+000 +0.0000e+000
55 +6.974300875e+001 +6.974300875e+001 +2.229230088e+002 +2.229230088e+002 -9.6868e-001 -2.0530e+000 +4.4552e-001
76 +6.733480747e+001 +6.733480747e+001 +2.205148075e+002 +2.205148075e+002 -9.6726e-001 -2.0249e+000 +1.9593e-001
85 +6.369191997e+001 +6.369191997e+001 +2.168719200e+002 +2.168719200e+002 -8.3882e-001 -1.8460e+000 -2.1209e-001
95 +6.175490583e+001 +6.175490583e+001 +2.149349058e+002 +2.149349058e+002 -9.0899e-001 -1.9080e+000 -3.9317e-001
97 +5.758728400e+001 +5.758728400e+001 +2.107672840e+002 +2.107672840e+002 -9.3676e-001 -1.8999e+000 -8.1527e-001
108 +5.625710491e+001 +5.625710491e+001 +2.094371049e+002 +2.094371049e+002 -9.9499e-001 -1.9026e+000 -9.5328e-001
111 +5.537653565e+001 +5.537653565e+001 +2.085565356e+002 +2.085565356e+002 -8.9317e-001 -1.9617e+000 -1.0124e+000
114 +5.443769291e+001 +5.443769291e+001 +2.076176929e+002 +2.076176929e+002 -1.1270e+000 -1.5310e+000 -1.2659e+000
118 +5.040983155e+001 +5.040983155e+001 +2.035898315e+002 +2.035898315e+002 -9.4679e-001 -1.8903e+000 -1.5371e+000
119 +2.382024529e+001 +2.382024529e+001 +1.770002453e+002 +1.770002453e+002 -9.9129e-001 -1.8456e+000 -4.2146e+000
125 +1.456318319e+001 +1.456318319e+001 +1.677431832e+002 +1.677431832e+002 -9.8452e-001 -2.2872e+000 -6.3791e+000
137 +1.403810659e+001 +1.403810659e+001 +1.672181066e+002 +1.672181066e+002 -6.0264e-001 -2.3325e+000 -8.5950e+000
139 +1.084403657e+001 +1.084403657e+001 +1.640240366e+002 +1.640240366e+002 +5.8867e+000 -1.5708e+000 -1.6340e+001
155 +9.923566355e+000 +9.923566355e+000 +1.631035664e+002 +1.631035664e+002 +7.0378e+000 -1.8619e+000 -2.2158e+001
158 +5.895737614e+000 +5.895737614e+000 +1.590757376e+002 +1.590757376e+002 +1.2262e+001 -3.1356e+000 -8.7483e+000
171 +0.000000000e+000 +0.000000000e+000 +1.531800000e+002 +1.531800000e+002 +2.3547e+001 -5.2074e+000 -1.9892e+001
% function evaluation | noise-free fitness - Fopt (-7.088000000000e+002) | best noise-free fitness - Fopt | measured fitness | best measured fitness | x1 | x2...
1 +7.081138830e+001 +7.081138830e+001 -6.379886117e+002 -6.379886117e+002 +0.0000e+000 +0.0000e+000 +0.0000e+000
2 +1.637291098e+001 +1.637291098e+001 -6.924270890e+002 -6.924270890e+002 -1.8052e-001 -1.6542e+000 +4.9027e+000
21 +1.515420875e+001 +1.515420875e+001 -6.936457912e+002 -6.936457912e+002 -1.4295e-001 -1.8882e+000 +4.9543e+000
33 +1.496927324e+001 +1.496927324e+001 -6.938307268e+002 -6.938307268e+002 -1.5816e-001 -1.8793e+000 +4.9741e+000
47 +1.433783484e+001 +1.433783484e+001 -6.944621652e+002 -6.944621652e+002 -1.6311e-001 -1.9955e+000 +5.0155e+000
56 +1.351208281e+001 +1.351208281e+001 -6.952879172e+002 -6.952879172e+002 -1.6726e-001 -2.5874e+000 +4.8950e+000
65 +1.314109218e+001 +1.314109218e+001 -6.956589078e+002 -6.956589078e+002 -1.7475e-001 -2.6135e+000 +4.9231e+000
67 +9.067564045e+000 +9.067564045e+000 -6.997324360e+002 -6.997324360e+002 -1.6094e-001 -3.7716e+000 +4.9656e+000
79 +7.559572916e+000 +7.559572916e+000 -7.012404271e+002 -7.012404271e+002 -1.4562e-001 -4.1445e+000 +5.2960e+000
88 +4.870642377e+000 +4.870642377e+000 -7.039293576e+002 -7.039293576e+002 -1.2936e-001 -1.0312e+001 +5.5839e+000
126 +4.666952310e+000 +4.666952310e+000 -7.041330477e+002 -7.041330477e+002 -3.3305e-001 -6.1814e+000 +5.4614e+000
140 +4.429985748e+000 +4.429985748e+000 -7.043700143e+002 -7.043700143e+002 -5.7001e-001 -9.3698e+000 +5.5637e+000
142 +4.308988541e+000 +4.308988541e+000 -7.044910115e+002 -7.044910115e+002 -6.9101e-001 -6.1471e+000 +5.6051e+000
143 +3.707479304e+000 +3.707479304e+000 -7.050925207e+002 -7.050925207e+002 -1.2925e+000 -6.6669e+000 +6.1447e+000
163 +1.388664974e+000 +1.388664974e+000 -7.074113350e+002 -7.074113350e+002 -3.6113e+000 -5.2360e+000 +6.0018e+000
170 +7.291516947e-001 +7.291516947e-001 -7.080708483e+002 -7.080708483e+002 -4.2708e+000 -5.3562e+000 +6.5261e+000
194 +0.000000000e+000 +0.000000000e+000 -7.088000000e+002 -7.088000000e+002 -7.6745e+000 -2.1236e+001 +6.2332e+000
% function evaluation | noise-free fitness - Fopt (8.793000000000e+001) | best noise-free fitness - Fopt | measured fitness | best measured fitness | x1 | x2...
1 +7.081138830e+001 +7.081138830e+001 +1.587413883e+002 +1.587413883e+002 +0.0000e+000 +0.0000e+000 +0.0000e+000
112 +6.077183732e+001 +6.077183732e+001 +1.487018373e+002 +1.487018373e+002 +1.8077e+000 +3.4391e-001 -7.1443e-001
122 +2.493201546e+001 +2.493201546e+001 +1.128620155e+002 +1.128620155e+002 +1.6210e+000 +8.2391e-001 -4.1653e+000
137 +1.625970507e+001 +1.625970507e+001 +1.041897051e+002 +1.041897051e+002 +1.3481e+000 +1.0131e+000 -5.1993e+000
143 +1.494952969e+001 +1.494952969e+001 +1.028795297e+002 +1.028795297e+002 +1.4082e+000 +1.4084e+000 -1.5218e+001
154 +1.355412354e+001 +1.355412354e+001 +1.014841235e+002 +1.014841235e+002 +2.7117e+000 +1.4374e+000 -8.1595e+000
158 +9.844795583e+000 +9.844795583e+000 +9.777479558e+001 +9.777479558e+001 +5.0815e+000 +2.1248e+000 -4.9247e+000
160 +8.656194601e-001 +8.656194601e-001 +8.879561946e+001 +8.879561946e+001 +4.1344e+000 +5.2629e+000 -8.2666e+000
167 +0.000000000e+000 +0.000000000e+000 +8.793000000e+001 +8.793000000e+001 +1.1059e+001 +6.1722e+000 -1.7845e+001
% function evaluation | noise-free fitness - Fopt (3.370000000000e+001) | best noise-free fitness - Fopt | measured fitness | best measured fitness | x1 | x2...
1 +7.081138830e+001 +7.081138830e+001 +1.045113883e+002 +1.045113883e+002 +0.0000e+000 +0.0000e+000 +0.0000e+000
2 +7.056952343e+001 +7.056952343e+001 +1.042695234e+002 +1.042695234e+002 -1.3922e+000 -3.3719e+000 -9.5125e-001
11 +6.774211238e+001 +6.774211238e+001 +1.014421124e+002 +1.014421124e+002 -1.3735e+000 -3.2925e+000 -1.2108e+000
41 +6.719854806e+001 +6.719854806e+001 +1.008985481e+002 +1.008985481e+002 -1.2121e+000 -3.0581e+000 -1.2071e+000
48 +5.724553493e+001 +5.724553493e+001 +9.094553493e+001 +9.094553493e+001 -6.0690e+000 -3.1127e+000 -1.8409e+000
67 +3.884901810e+001 +3.884901810e+001 +7.254901810e+001 +7.254901810e+001 +3.6898e+000 -4.5372e+000 -7.1874e+000
72 +3.596506028e+001 +3.596506028e+001 +6.966506028e+001 +6.966506028e+001 -2.8880e+000 -1.4449e+000 -3.6527e+000
77 +2.606278057e+001 +2.606278057e+001 +5.976278057e+001 +5.976278057e+001 -2.8588e+000 -2.3956e+000 -4.9465e+000
82 +4.042744441e+000 +4.042744441e+000 +3.774274444e+001 +3.774274444e+001 -9.5726e-001 +5.6679e+000 -5.2443e+000
86 +1.961785549e+000 +1.961785549e+000 +3.566178555e+001 +3.566178555e+001 -3.0382e+000 +6.5837e+000 -5.2713e+000
92 +1.346499476e+000 +1.346499476e+000 +3.504649948e+001 +3.504649948e+001 -3.6535e+000 +1.3575e+001 -6.4304e+000
95 +0.000000000e+000 +0.000000000e+000 +3.370000000e+001 +3.370000000e+001 -1.1129e+001 +3.9840e+001 -6.6343e+000
% function evaluation | noise-free fitness - Fopt (-1.618300000000e+002) | best noise-free fitness - Fopt | measured fitness | best measured fitness | x1 | x2...
1 +7.081138830e+001 +7.081138830e+001 -9.101861170e+001 -9.101861170e+001 +0.0000e+000 +0.0000e+000 +0.0000e+000
2 +5.713467838e+001 +5.713467838e+001 -1.046953216e+002 -1.046953216e+002 +3.7070e+000 +1.1388e+000 -1.3783e+000
78 +5.608932103e+001 +5.608932103e+001 -1.057406790e+002 -1.057406790e+002 +3.6905e+000 +1.2429e+000 -1.4482e+000
108 +5.222561784e+001 +5.222561784e+001 -1.096043822e+002 -1.096043822e+002 +3.6602e+000 +1.2303e+000 -1.8355e+000
114 +4.967424650e+001 +4.967424650e+001 -1.121557535e+002 -1.121557535e+002 +3.7005e+000 +1.2477e+000 -2.0892e+000
131 +4.527737155e+001 +4.527737155e+001 -1.165526284e+002 -1.165526284e+002 +3.6742e+000 +1.2611e+000 -2.5220e+000
142 +4.173950919e+001 +4.173950919e+001 -1.200904908e+002 -1.200904908e+002 +3.6461e+000 +1.2369e+000 -2.8807e+000
150 +3.913572553e+001 +3.913572553e+001 -1.226942745e+002 -1.226942745e+002 +3.6314e+000 +1.2720e+000 -3.1285e+000
155 +2.654473055e+001 +2.654473055e+001 -1.352852695e+002 -1.352852695e+002 +3.6457e+000 +1.2639e+000 -4.3916e+000
158 +2.073601044e+001 +2.073601044e+001 -1.410939896e+002 -1.410939896e+002 +3.6778e+000 +1.1869e+000 -1.0426e+001
181 +1.995001920e+001 +1.995001920e+001 -1.418799808e+002 -1.418799808e+002 +3.0235e+000 +1.2285e+000 -6.9926e+000
199 +1.136071539e+001 +1.136071539e+001 -1.504692846e+002 -1.504692846e+002 -5.8513e+000 +1.4074e+000 -5.9566e+000
243 +9.536760609e+000 +9.536760609e+000 -1.522932394e+002 -1.522932394e+002 -3.9371e+000 +2.3203e+000 -7.3172e+000
249 +9.050927279e+000 +9.050927279e+000 -1.527790727e+002 -1.527790727e+002 -1.1070e+001 +2.1378e+000 -1.0426e+001
257 +8.444221643e+000 +8.444221643e+000 -1.533857784e+002 -1.533857784e+002 -1.2826e+001 +2.3297e+000 -8.1185e+000
260 +7.443681541e+000 +7.443681541e+000 -1.543863185e+002 -1.543863185e+002 -7.5739e+000 +2.6461e+000 -9.5730e+000
263 +2.728461077e+000 +2.728461077e+000 -1.591015389e+002 -1.591015389e+002 -7.6394e+000 +4.1372e+000 -8.7181e+000
275 +0.000000000e+000 +0.000000000e+000 -1.618300000e+002 -1.618300000e+002 -2.1275e+001 +5.8549e+000 -7.7324e+000
