% function evaluation | noise-free fitness - Fopt (-1.694000000000e+001) | best noise-free fitness - Fopt | measured fitness | best measured fitness | x1 | x2...
1 +2.668714155e+001 +2.668714155e+001 +9.747141552e+000 +9.747141552e+000 +0.0000e+000 +0.0000e+000 +0.0000e+000 +0.0000e+000 +0.0000e+000
20 +2.607671890e+001 +2.607671890e+001 +9.136718896e+000 +9.136718896e+000 -1.4788e+000 -1.3545e+000 +2.7049e+000 -4.4184e+000 -4.3486e+000
37 +2.565601960e+001 +2.565601960e+001 +8.716019602e+000 +8.716019602e+000 -1.4481e+000 -1.3572e+000 +2.7034e+000 -4.4025e+000 -4.3801e+000
72 +2.397817886e+001 +2.397817886e+001 +7.038178856e+000 +7.038178856e+000 -1.4716e+000 -1.3586e+000 +2.7017e+000 -4.5057e+000 -4.3999e+000
81 +2.175397220e+001 +2.175397220e+001 +4.813972199e+000 +4.813972199e+000 -1.4868e+000 -1.3557e+000 +2.6792e+000 -4.7471e+000 -4.3442e+000
118 +1.940096301e+001 +1.940096301e+001 +2.460963009e+000 +2.460963009e+000 -1.4713e+000 -1.3568e+000 +2.6977e+000 -4.7516e+000 -4.4784e+000
144 +1.841836648e+001 +1.841836648e+001 +1.478366476e+000 +1.478366476e+000 -1.5043e+000 -1.3558e+000 +2.6985e+000 -4.9230e+000 -4.3939e+000
155 +1.708371129e+001 +1.708371129e+001 +1.437112924e-001 +1.437112924e-001 -1.4567e+000 -1.3563e+000 +2.6947e+000 -3.4517e+000 -4.3882e+000
190 +1.696840582e+001 +1.696840582e+001 +2.840581579e-002 +2.840581579e-002 -1.5094e+000 -1.3558e+000 +2.7032e+000 -4.9934e+000 -4.4497e+000
242 +1.649707261e+001 +1.649707261e+001 -4.429273862e-001 -4.429273862e-001 -1.4578e+000 -1.3591e+000 +2.6874e+000 -3.3553e+000 -4.4552e+000
485 +1.607880840e+001 +1.607880840e+001 -8.611915999e-001 -8.611915999e-001 -1.5187e+000 -1.4120e+000 +2.7142e+000 -5.0658e+000 -4.4604e+000
533 +1.460237719e+001 +1.460237719e+001 -2.337622806e+000 -2.337622806e+000 -1.4323e+000 -1.3462e+000 +2.6270e+000 -3.3946e+000 -4.4499e+000
583 +1.402243158e+001 +1.402243158e+001 -2.917568422e+000 -2.917568422e+000 -1.4201e+000 -1.2972e+000 +2.6099e+000 -3.2913e+000 -4.4064e+000
584 +1.298227885e+001 +1.298227885e+001 -3.957721148e+000 -3.957721148e+000 -1.4227e+000 -1.2919e+000 +2.4965e+000 -3.3684e+000 -4.4542e+000
781 +1.286495137e+001 +1.286495137e+001 -4.075048627e+000 -4.075048627e+000 -1.4304e+000 -1.3324e+000 +2.4633e+000 -3.3068e+000 -4.4840e+000
% function evaluation | noise-free fitness - Fopt (1.881000000000e+001) | best noise-free fitness - Fopt | measured fitness | best measured fitness | x1 | x2...
1 +7.554084938e+000 +7.554084938e+000 +2.636408494e+001 +2.636408494e+001 +0.0000e+000 +0.0000e+000 +0.0000e+000 +0.0000e+000 +0.0000e+000
680 +7.411385218e+000 +7.411385218e+000 +2.622138522e+001 +2.622138522e+001 -2.4322e+000 -7.5243e-002 -1.2939e+000 +3.5148e+000 +1.7878e+000
689 +7.013924538e+000 +7.013924538e+000 +2.582392454e+001 +2.582392454e+001 -2.2368e+000 -1.7077e-001 -1.3219e+000 +3.4938e+000 +1.8426e+000
754 +6.552610946e+000 +6.552610946e+000 +2.536261095e+001 +2.536261095e+001 -3.1255e+000 -1.0964e-001 -1.2408e+000 +3.6866e+000 +1.1252e+000
767 +5.678246346e+000 +5.678246346e+000 +2.448824635e+001 +2.448824635e+001 -2.1454e+000 -2.7945e-001 -1.3184e+000 +3.5711e+000 +1.8664e+000
859 +5.106773467e+000 +5.106773467e+000 +2.391677347e+001 +2.391677347e+001 -9.9868e-001 +4.9587e-001 -1.3316e+000 +2.3789e+000 +8.9130e-001
877 +4.621903397e+000 +4.621903397e+000 +2.343190340e+001 +2.343190340e+001 -8.0473e-001 -5.4363e-001 -1.3375e+000 +2.7244e-001 +1.9638e-001
915 +4.327593362e+000 +4.327593362e+000 +2.313759336e+001 +2.313759336e+001 -1.7663e+000 +1.0299e+000 -1.2550e+000 +1.6899e+000 +6.1672e-001
917 +4.115873646e+000 +4.115873646e+000 +2.292587365e+001 +2.292587365e+001 -2.3451e+000 +3.6749e-001 -1.4095e+000 +7.2719e-001 +2.0684e+000
926 +2.938467703e+000 +2.938467703e+000 +2.174846770e+001 +2.174846770e+001 -4.6386e-001 +3.7974e-001 -1.2927e+000 +3.5660e-001 +5.8286e-001
960 +2.786000319e+000 +2.786000319e+000 +2.159600032e+001 +2.159600032e+001 -1.5883e+000 -1.0411e-001 -1.3457e+000 -3.5747e-001 +1.0535e+000
998 +2.731187334e+000 +2.731187334e+000 +2.154118733e+001 +2.154118733e+001 -1.1294e+000 -7.5683e-001 -1.2951e+000 +8.8284e-001 +8.7921e-001
1084 +1.769209422e+000 +1.769209422e+000 +2.057920942e+001 +2.057920942e+001 -5.1064e-001 +1.5614e+000 -1.2975e+000 +9.9206e-001 +1.0653e+000
1110 +1.455158000e+000 +1.455158000e+000 +2.026515800e+001 +2.026515800e+001 -8.7314e-001 +2.3137e+000 -1.5181e+000 -1.0238e+000 +1.6817e+000
1183 +1.433261972e+000 +1.433261972e+000 +2.024326197e+001 +2.024326197e+001 -8.2978e-002 +2.0353e+000 -1.1832e+000 +6.7521e-001 +1.1156e+000
1201 +1.365764242e+000 +1.365764242e+000 +2.017576424e+001 +2.017576424e+001 -5.8445e-001 +1.3701e+000 -1.1340e+000 -1.5570e-001 +1.0454e+000
1211 +1.203942926e+000 +1.203942926e+000 +2.001394293e+001 +2.001394293e+001 -3.5465e-001 +1.8191e+000 -1.1825e+000 -2.4742e-001 +1.1322e+000
1238 +8.583870109e-001 +8.583870109e-001 +1.966838701e+001 +1.966838701e+001 -5.2573e-001 +2.3244e+000 -1.1525e+000 +1.8159e-001 +1.2011e+000
1247 +5.962023008e-001 +5.962023008e-001 +1.940620230e+001 +1.940620230e+001 -4.5749e-001 +1.9747e+000 -1.0610e+000 +4.7216e-001 +1.2519e+000
1324 +5.666639578e-001 +5.666639578e-001 +1.937666396e+001 +1.937666396e+001 -9.1019e-002 +1.8879e+000 -1.1434e+000 -1.3934e-001 +1.4245e+000
1419 +4.953517415e-001 +4.953517415e-001 +1.930535174e+001 +1.930535174e+001 -2.4013e-001 +1.9040e+000 -1.2467e+000 -1.8037e-001 +1.4642e+000
1496 +4.125004803e-001 +4.125004803e-001 +1.922250048e+001 +1.922250048e+001 +1.6790e-002 +1.7809e+000 -8.0276e-001 +2.4614e-002 +1.5509e+000
1554 +3.387300155e-001 +3.387300155e-001 +1.914873002e+001 +1.914873002e+001 -2.0499e-001 +1.8723e+000 -1.0681e+000 -5.8553e-002 +1.5171e+000
1571 +3.013718027e-001 +3.013718027e-001 +1.911137180e+001 +1.911137180e+001 -1.8015e-001 +1.9917e+000 -1.0153e+000 +4.5120e-002 +1.5125e+000
1589 +2.785478378e-001 +2.785478378e-001 +1.908854784e+001 +1.908854784e+001 -1.8812e-001 +1.6262e+000 -8.2392e-001 -6.9456e-002 +1.4565e+000
1718 +2.100313047e-001 +2.100313047e-001 +1.902003130e+001 +1.902003130e+001 -2.1712e-001 +1.8456e+000 -8.9278e-001 +5.1469e-002 +1.4411e+000
1734 +2.047091689e-001 +2.047091689e-001 +1.901470917e+001 +1.901470917e+001 -2.8858e-001 +1.9832e+000 -8.9823e-001 +1.6461e-001 +1.5191e+000
1763 +1.604575733e-001 +1.604575733e-001 +1.897045757e+001 +1.897045757e+001 -2.2686e-001 +1.9376e+000 -8.9240e-001 +9.5465e-002 +1.5209e+000
1785 +1.048161022e-001 +1.048161022e-001 +1.891481610e+001 +1.891481610e+001 -2.4344e-001 +1.8470e+000 -8.4632e-001 +9.2132e-002 +1.4984e+000
2099 +1.027378329e-001 +1.027378329e-001 +1.891273783e+001 +1.891273783e+001 -2.1397e-001 +1.8536e+000 -8.2264e-001 +7.1491e-003 +1.5943e+000
2171 +9.245613981e-002 +9.245613981e-002 +1.890245614e+001 +1.890245614e+001 -2.0853e-001 +1.7688e+000 -8.4025e-001 -4.8649e-003 +1.5847e+000
2206 +5.968041933e-002 +5.968041933e-002 +1.886968042e+001 +1.886968042e+001 -1.9188e-001 +1.7852e+000 -8.2411e-001 -4.2060e-002 +1.6592e+000
2211 +4.677498090e-002 +4.677498090e-002 +1.885677498e+001 +1.885677498e+001 -2.0439e-001 +1.7938e+000 -8.4719e-001 -2.3434e-002 +1.6541e+000
2232 +4.674636357e-002 +4.674636357e-002 +1.885674636e+001 +1.885674636e+001 -2.0925e-001 +1.7877e+000 -8.3233e-001 -3.7703e-002 +1.6509e+000
2257 +2.761201464e-002 +2.761201464e-002 +1.883761201e+001 +1.883761201e+001 -1.8876e-001 +1.7965e+000 -8.2577e-001 -1.6645e-002 +1.6540e+000
2301 +1.958032011e-002 +1.958032011e-002 +1.882958032e+001 +1.882958032e+001 -1.8879e-001 +1.7960e+000 -8.2133e-001 -2.8629e-002 +1.6609e+000
2337 +1.794105365e-002 +1.794105365e-002 +1.882794105e+001 +1.882794105e+001 -1.9108e-001 +1.7943e+000 -8.2276e-001 -3.1211e-002 +1.6561e+000
2343 +1.273055031e-002 +1.273055031e-002 +1.882273055e+001 +1.882273055e+001 -1.9115e-001 +1.7931e+000 -8.2307e-001 -2.9272e-002 +1.6666e+000
2422 +9.759462866e-003 +9.759462866e-003 +1.881975946e+001 +1.881975946e+001 -1.9519e-001 +1.7818e+000 -8.2116e-001 -3.1837e-002 +1.6690e+000
2426 +6.053769284e-003 +6.053769284e-003 +1.881605377e+001 +1.881605377e+001 -1.8895e-001 +1.7819e+000 -8.2161e-001 -3.1044e-002 +1.6692e+000
2496 +5.965572987e-003 +5.965572987e-003 +1.881596557e+001 +1.881596557e+001 -1.9360e-001 +1.7785e+000 -8.2345e-001 -3.3225e-002 +1.6759e+000
2498 +5.802490631e-003 +5.802490631e-003 +1.881580249e+001 +1.881580249e+001 -1.9273e-001 +1.7800e+000 -8.2295e-001 -3.3470e-002 +1.6710e+000
2571 +3.783431398e-003 +3.783431398e-003 +1.881378343e+001 +1.881378343e+001 -1.9101e-001 +1.7812e+000 -8.2516e-001 -3.3853e-002 +1.6711e+000
2828 +3.687216525e-003 +3.687216525e-003 +1.881368722e+001 +1.881368722e+001 -1.9148e-001 +1.7814e+000 -8.2424e-001 -3.5046e-002 +1.6708e+000
2834 +3.239315597e-003 +3.239315597e-003 +1.881323932e+001 +1.881323932e+001 -1.9218e-001 +1.7801e+000 -8.2221e-001 -3.5195e-002 +1.6734e+000
2858 +3.163055379e-003 +3.163055379e-003 +1.881316306e+001 +1.881316306e+001 -1.9131e-001 +1.7806e+000 -8.2335e-001 -3.2869e-002 +1.6713e+000
2892 +2.991167210e-003 +2.991167210e-003 +1.881299117e+001 +1.881299117e+001 -1.9259e-001 +1.7811e+000 -8.2284e-001 -3.1478e-002 +1.6705e+000
2911 +2.117442864e-003 +2.117442864e-003 +1.881211744e+001 +1.881211744e+001 -1.9098e-001 +1.7804e+000 -8.2247e-001 -3.2990e-002 +1.6711e+000
2926 +1.961965567e-003 +1.961965567e-003 +1.881196197e+001 +1.881196197e+001 -1.9203e-001 +1.7807e+000 -8.2305e-001 -3.2440e-002 +1.6724e+000
2932 +1.948403382e-003 +1.948403382e-003 +1.881194840e+001 +1.881194840e+001 -1.9151e-001 +1.7807e+000 -8.2310e-001 -3.2703e-002 +1.6718e+000
2956 +1.850196132e-003 +1.850196132e-003 +1.881185020e+001 +1.881185020e+001 -1.9117e-001 +1.7808e+000 -8.2270e-001 -3.2630e-002 +1.6713e+000
2961 +1.441343278e-003 +1.441343278e-003 +1.881144134e+001 +1.881144134e+001 -1.9158e-001 +1.7808e+000 -8.2278e-001 -3.3144e-002 +1.6716e+000
2991 +1.021956388e-003 +1.021956388e-003 +1.881102196e+001 +1.881102196e+001 -1.9164e-001 +1.7806e+000 -8.2279e-001 -3.2979e-002 +1.6713e+000
3076 +6.781264033e-004 +6.781264033e-004 +1.881067813e+001 +1.881067813e+001 -1.9111e-001 +1.7807e+000 -8.2224e-001 -3.3411e-002 +1.6718e+000
3100 +6.215949867e-004 +6.215949867e-004 +1.881062159e+001 +1.881062159e+001 -1.9134e-001 +1.7809e+000 -8.2232e-001 -3.3373e-002 +1.6718e+000
3151 +4.597240782e-004 +4.597240782e-004 +1.881045972e+001 +1.881045972e+001 -1.9127e-001 +1.7809e+000 -8.2235e-001 -3.3329e-002 +1.6718e+000
3209 +2.501845985e-004 +2.501845985e-004 +1.881025018e+001 +1.881025018e+001 -1.9105e-001 +1.7809e+000 -8.2241e-001 -3.3677e-002 +1.6721e+000
3290 +2.290125847e-004 +2.290125847e-004 +1.881022901e+001 +1.881022901e+001 -1.9129e-001 +1.7809e+000 -8.2241e-001 -3.3579e-002 +1.6719e+000
3345 +1.887004146e-004 +1.887004146e-004 +1.881018870e+001 +1.881018870e+001 -1.9130e-001 +1.7809e+000 -8.2236e-001 -3.3500e-002 +1.6719e+000
3347 +1.644658171e-004 +1.644658171e-004 +1.881016447e+001 +1.881016447e+001 -1.9128e-001 +1.7809e+000 -8.2248e-001 -3.3462e-002 +1.6719e+000
3453 +4.775379679e-005 +4.775379679e-005 +1.881004775e+001 +1.881004775e+001 -1.9125e-001 +1.7809e+000 -8.2243e-001 -3.3466e-002 +1.6719e+000
3876 +4.564131972e-005 +4.564131972e-005 +1.881004564e+001 +1.881004564e+001 -1.9121e-001 +1.7808e+000 -8.2239e-001 -3.3599e-002 +1.6720e+000
3910 +4.136712735e-005 +4.136712735e-005 +1.881004137e+001 +1.881004137e+001 -1.9119e-001 +1.7808e+000 -8.2241e-001 -3.3609e-002 +1.6720e+000
3953 +3.565967018e-005 +3.565967018e-005 +1.881003566e+001 +1.881003566e+001 -1.9120e-001 +1.7808e+000 -8.2241e-001 -3.3598e-002 +1.6720e+000
3971 +3.183876698e-005 +3.183876698e-005 +1.881003184e+001 +1.881003184e+001 -1.9120e-001 +1.7808e+000 -8.2240e-001 -3.3608e-002 +1.6720e+000
3995 +3.053431724e-005 +3.053431724e-005 +1.881003053e+001 +1.881003053e+001 -1.9120e-001 +1.7808e+000 -8.2240e-001 -3.3623e-002 +1.6720e+000
4007 +2.677374242e-005 +2.677374242e-005 +1.881002677e+001 +1.881002677e+001 -1.9120e-001 +1.7808e+000 -8.2239e-001 -3.3596e-002 +1.6720e+000
4029 +1.776754030e-005 +1.776754030e-005 +1.881001777e+001 +1.881001777e+001 -1.9120e-001 +1.7808e+000 -8.2239e-001 -3.3598e-002 +1.6720e+000
4065 +8.494884366e-006 +8.494884366e-006 +1.881000849e+001 +1.881000849e+001 -1.9120e-001 +1.7808e+000 -8.2240e-001 -3.3600e-002 +1.6720e+000
4409 +3.648805098e-006 +3.648805098e-006 +1.881000365e+001 +1.881000365e+001 -1.9120e-001 +1.7808e+000 -8.2240e-001 -3.3599e-002 +1.6720e+000
4480 +3.545565928e-006 +3.545565928e-006 +1.881000355e+001 +1.881000355e+001 -1.9120e-001 +1.7808e+000 -8.2240e-001 -3.3597e-002 +1.6720e+000
4527 +3.425421173e-006 +3.425421173e-006 +1.881000343e+001 +1.881000343e+001 -1.9120e-001 +1.7808e+000 -8.2240e-001 -3.3597e-002 +1.6720e+000
4529 +2.864412032e-006 +2.864412032e-006 +1.881000286e+001 +1.881000286e+001 -1.9120e-001 +1.7808e+000 -8.2240e-001 -3.3598e-002 +1.6720e+000
4598 +2.160490496e-006 +2.160490496e-006 +1.881000216e+001 +1.881000216e+001 -1.9120e-001 +1.7808e+000 -8.2240e-001 -3.3597e-002 +1.6720e+000
4624 +2.071589950e-006 +2.071589950e-006 +1.881000207e+001 +1.881000207e+001 -1.9120e-001 +1.7808e+000 -8.2240e-001 -3.3598e-002 +1.6720e+000
4666 +1.604958012e-006 +1.604958012e-006 +1.881000160e+001 +1.881000160e+001 -1.9120e-001 +1.7808e+000 -8.2240e-001 -3.3598e-002 +1.6720e+000
4785 +1.547062347e-006 +1.547062347e-006 +1.881000155e+001 +1.881000155e+001 -1.9120e-001 +1.7808e+000 -8.2240e-001 -3.3598e-002 +1.6720e+000
4795 +1.474962371e-006 +1.474962371e-006 +1.881000147e+001 +1.881000147e+001 -1.9120e-001 +1.7808e+000 -8.2240e-001 -3.3598e-002 +1.6720e+000
4807 +1.380938958e-006 +1.380938958e-006 +1.881000138e+001 +1.881000138e+001 -1.9120e-001 +1.7808e+000 -8.2240e-001 -3.3598e-002 +1.6720e+000
4832 +1.291479112e-006 +1.291479112e-006 +1.881000129e+001 +1.881000129e+001 -1.9120e-001 +1.7808e+000 -8.2240e-001 -3.3599e-002 +1.6720e+000
4834 +1.255267279e-006 +1.255267279e-006 +1.881000126e+001 +1.881000126e+001 -1.9120e-001 +1.7808e+000 -8.2240e-001 -3.3598e-002 +1.6720e+000
4860 +1.192103177e-006 +1.192103177e-006 +1.881000119e+001 +1.881000119e+001 -1.9120e-001 +1.7808e+000 -8.2240e-001 -3.3598e-002 +1.6720e+000
4890 +1.073839069e-006 +1.073839069e-006 +1.881000107e+001 +1.881000107e+001 -1.9120e-001 +1.7808e+000 -8.2240e-001 -3.3598e-002 +1.6720e+000
4930 +1.069883336e-006 +1.069883336e-006 +1.881000107e+001 +1.881000107e+001 -1.9120e-001 +1.7808e+000 -8.2240e-001 -3.3599e-002 +1.6720e+000
4937 +1.045823790e-006 +1.045823790e-006 +1.881000105e+001 +1.881000105e+001 -1.9120e-001 +1.7808e+000 -8.2240e-001 -3.3598e-002 +1.6720e+000
4939 +9.658367013e-007 +9.658367013e-007 +1.881000097e+001 +1.881000097e+001 -1.9120e-001 +1.7808e+000 -8.2240e-001 -3.3599e-002 +1.6720e+000
4954 +9.166381219e-007 +9.166381219e-007 +1.881000092e+001 +1.881000092e+001 -1.9120e-001 +1.7808e+000 -8.2240e-001 -3.3598e-002 +1.6720e+000
4978 +8.990177278e-007 +8.990177278e-007 +1.881000090e+001 +1.881000090e+001 -1.9120e-001 +1.7808e+000 -8.2240e-001 -3.3599e-002 +1.6720e+000
4994 +7.599957392e-007 +7.599957392e-007 +1.881000076e+001 +1.881000076e+001 -1.9120e-001 +1.7808e+000 -8.2240e-001 -3.3599e-002 +1.6720e+000
5041 +6.608750880e-007 +6.608750880e-007 +1.881000066e+001 +1.881000066e+001 -1.9120e-001 +1.7808e+000 -8.2240e-001 -3.3599e-002 +1.6720e+000
5360 +6.430841459e-007 +6.430841459e-007 +1.881000064e+001 +1.881000064e+001 -1.9120e-001 +1.7808e+000 -8.2240e-001 -3.3599e-002 +1.6720e+000
5438 +6.241799326e-007 +6.241799326e-007 +1.881000062e+001 +1.881000062e+001 -1.9120e-001 +1.7808e+000 -8.2240e-001 -3.3599e-002 +1.6720e+000
5504 +6.113170485e-007 +6.113170485e-007 +1.881000061e+001 +1.881000061e+001 -1.9120e-001 +1.7808e+000 -8.2240e-001 -3.3599e-002 +1.6720e+000
5545 +5.961095155e-007 +5.961095155e-007 +1.881000060e+001 +1.881000060e+001 -1.9120e-001 +1.7808e+000 -8.2240e-001 -3.3598e-002 +1.6720e+000
5612 +5.849898095e-007 +5.849898095e-007 +1.881000058e+001 +1.881000058e+001 -1.9120e-001 +1.7808e+000 -8.2240e-001 -3.3599e-002 +1.6720e+000
5710 +5.705070691e-007 +5.705070691e-007 +1.881000057e+001 +1.881000057e+001 -1.9120e-001 +1.7808e+000 -8.2240e-001 -3.3598e-002 +1.6720e+000
5808 +5.597366197e-007 +5.597366197e-007 +1.881000056e+001 +1.881000056e+001 -1.9120e-001 +1.7808e+000 -8.2240e-001 -3.3598e-002 +1.6720e+000
7057 +5.495007649e-007 +5.495007649e-007 +1.881000055e+001 +1.881000055e+001 -1.9120e-001 +1.7808e+000 -8.2240e-001 -3.3599e-002 +1.6720e+000
% function evaluation | noise-free fitness - Fopt (2.731500000000e+002) | best noise-free fitness - Fopt | measured fitness | best measured fitness | x1 | x2...
1 +1.688902988e+001 +1.688902988e+001 +2.900390299e+002 +2.900390299e+002 +0.0000e+000 +0.0000e+000 +0.0000e+000 +0.0000e+000 +0.0000e+000
2 +9.676476893e+000 +9.676476893e+000 +2.828264769e+002 +2.828264769e+002 +7.8687e-001 +3.4813e+000 -9.7156e-001 +4.1037e+000 +3.8702e+000
5 +8.475112760e+000 +8.475112760e+000 +2.816251128e+002 +2.816251128e+002 +7.8352e-001 +3.4815e+000 -9.6764e-001 +4.1035e+000 +3.8121e+000
41 +8.276279829e+000 +8.276279829e+000 +2.814262798e+002 +2.814262798e+002 +7.8459e-001 +3.4812e+000 -9.6904e-001 +4.1058e+000 +3.7997e+000
56 +7.118680383e+000 +7.118680383e+000 +2.802686804e+002 +2.802686804e+002 +8.3516e-001 +3.4797e+000 -9.6989e-001 +4.1792e+000 +3.7002e+000
82 +6.811331354e+000 +6.811331354e+000 +2.799613314e+002 +2.799613314e+002 +8.5435e-001 +3.4803e+000 -9.5708e-001 +4.1198e+000 +3.6784e+000
152 +6.748278093e+000 +6.748278093e+000 +2.798982781e+002 +2.798982781e+002 +8.6660e-001 +3.4808e+000 -9.7042e-001 +4.1112e+000 +3.6467e+000
163 +6.199093087e+000 +6.199093087e+000 +2.793490931e+002 +2.793490931e+002 +9.6130e-001 +3.4793e+000 -9.6435e-001 +4.1025e+000 +3.7098e+000
181 +5.863537658e+000 +5.863537658e+000 +2.790135377e+002 +2.790135377e+002 +9.7178e-001 +3.4804e+000 -9.9649e-001 +4.1111e+000 +3.6618e+000
205 +5.611237048e+000 +5.611237048e+000 +2.787612370e+002 +2.787612370e+002 +1.1275e+000 +3.4797e+000 -9.5157e-001 +4.1112e+000 +3.6803e+000
207 +5.315978622e+000 +5.315978622e+000 +2.784659786e+002 +2.784659786e+002 +1.0935e+000 +3.4783e+000 -9.8355e-001 +4.0652e+000 +3.6485e+000
262 +5.238999228e+000 +5.238999228e+000 +2.783889992e+002 +2.783889992e+002 +1.0708e+000 +3.4780e+000 -9.5847e-001 +4.1154e+000 +3.6009e+000
% function evaluation | noise-free fitness - Fopt (3.718000000000e+001) | best noise-free fitness - Fopt | measured fitness | best measured fitness | x1 | x2...
1 +3.440707979e+001 +3.440707979e+001 +7.158707979e+001 +7.158707979e+001 +0.0000e+000 +0.0000e+000 +0.0000e+000 +0.0000e+000 +0.0000e+000
189 +3.353033996e+001 +3.353033996e+001 +7.071033996e+001 +7.071033996e+001 +4.6059e+000 +1.0511e+000 -2.4624e+000 -8.6199e-001 -2.3566e+000
207 +3.230965775e+001 +3.230965775e+001 +6.948965775e+001 +6.948965775e+001 +4.7032e+000 +1.0648e+000 -2.4627e+000 -9.3414e-001 -2.3862e+000
253 +3.128647458e+001 +3.128647458e+001 +6.846647458e+001 +6.846647458e+001 +4.5681e+000 +1.1372e+000 -2.5278e+000 -7.8939e-001 -2.4049e+000
263 +3.082591536e+001 +3.082591536e+001 +6.800591536e+001 +6.800591536e+001 +4.7194e+000 +1.1092e+000 -2.4355e+000 -8.1635e-001 -2.3155e+000
269 +2.851903355e+001 +2.851903355e+001 +6.569903355e+001 +6.569903355e+001 +4.7770e+000 +1.1297e+000 -2.4424e+000 -5.2701e-001 -2.3971e+000
285 +2.566500875e+001 +2.566500875e+001 +6.284500875e+001 +6.284500875e+001 +4.6533e+000 +1.9497e+000 -2.4057e+000 -5.5364e-001 -2.6947e+000
337 +2.487148417e+001 +2.487148417e+001 +6.205148417e+001 +6.205148417e+001 +4.7866e+000 +1.3424e+000 -2.4574e+000 -4.1870e-001 -2.4215e+000
394 +2.444727840e+001 +2.444727840e+001 +6.162727840e+001 +6.162727840e+001 +4.7462e+000 +1.3896e+000 -2.4582e+000 -2.9776e-001 -2.4176e+000
% function evaluation | noise-free fitness - Fopt (-1.479000000000e+002) | best noise-free fitness - Fopt | measured fitness | best measured fitness | x1 | x2...
1 +1.645177782e+001 +1.645177782e+001 -1.314482222e+002 -1.314482222e+002 +0.0000e+000 +0.0000e+000 +0.0000e+000 +0.0000e+000 +0.0000e+000
85 +1.604281617e+001 +1.604281617e+001 -1.318571838e+002 -1.318571838e+002 +1.7277e+000 -4.0108e+000 -4.5130e+000 -3.2789e+000 -2.5738e+000
108 +1.462338090e+001 +1.462338090e+001 -1.332766191e+002 -1.332766191e+002 +1.7231e+000 -4.0249e+000 -4.4343e+000 -3.3511e+000 -2.5508e+000
139 +1.320132538e+001 +1.320132538e+001 -1.346986746e+002 -1.346986746e+002 +1.7362e+000 -4.0336e+000 -4.2871e+000 -3.3539e+000 -3.0099e+000
154 +1.121393441e+001 +1.121393441e+001 -1.366860656e+002 -1.366860656e+002 +1.7065e+000 -4.0377e+000 -4.2211e+000 -3.4179e+000 -2.7663e+000
182 +1.064172474e+001 +1.064172474e+001 -1.372582753e+002 -1.372582753e+002 +1.7255e+000 -4.0371e+000 -4.1537e+000 -3.3776e+000 -2.8325e+000
183 +9.880220503e+000 +9.880220503e+000 -1.380197795e+002 -1.380197795e+002 +1.7632e+000 -4.0321e+000 -4.1410e+000 -3.3487e+000 -2.7089e+000
189 +9.581599841e+000 +9.581599841e+000 -1.383184002e+002 -1.383184002e+002 +1.7748e+000 -4.0461e+000 -4.0418e+000 -3.3780e+000 -2.6278e+000
227 +9.362685729e+000 +9.362685729e+000 -1.385373143e+002 -1.385373143e+002 +1.7010e+000 -4.0432e+000 -4.0557e+000 -3.3664e+000 -2.7052e+000
241 +9.164659802e+000 +9.164659802e+000 -1.387353402e+002 -1.387353402e+002 +1.7371e+000 -4.0485e+000 -4.0367e+000 -3.3297e+000 -2.7143e+000
377 +9.118761130e+000 +9.118761130e+000 -1.387812389e+002 -1.387812389e+002 +1.7222e+000 -4.0241e+000 -3.9993e+000 -3.3155e+000 -2.6988e+000
% function evaluation | noise-free fitness - Fopt (-6.080000000000e+000) | best noise-free fitness - Fopt | measured fitness | best measured fitness | x1 | x2...
1 +1.713456521e+001 +1.713456521e+001 +1.105456521e+001 +1.105456521e+001 +0.0000e+000 +0.0000e+000 +0.0000e+000 +0.0000e+000 +0.0000e+000
% function evaluation | noise-free fitness - Fopt (2.431100000000e+002) | best noise-free fitness - Fopt | measured fitness | best measured fitness | x1 | x2...
1 +3.418878053e+001 +3.418878053e+001 +2.772987805e+002 +2.772987805e+002 +0.0000e+000 +0.0000e+000 +0.0000e+000 +0.0000e+000 +0.0000e+000
34554 +1.019509920e+001 +1.019509920e+001 +2.533050992e+002 +2.533050992e+002 +3.8225e-002 -5.0574e+000 +2.9323e+000 +1.3319e+000 -2.2508e-001
34682 +7.175660733e+000 +7.175660733e+000 +2.502856607e+002 +2.502856607e+002 -5.2360e-001 -1.9475e+000 +2.3288e+000 +1.2811e-001 +3.0957e+000
34753 +4.101602804e+000 +4.101602804e+000 +2.472116028e+002 +2.472116028e+002 -9.9159e-001 -2.4457e+000 +2.1117e+000 -4.9577e-001 -1.4597e+000
34785 +2.808475472e+000 +2.808475472e+000 +2.459184755e+002 +2.459184755e+002 -9.3306e-001 -2.5249e+000 +1.5457e+000 -8.0278e-001 -4.0360e-002
34856 +2.133892253e+000 +2.133892253e+000 +2.452438923e+002 +2.452438923e+002 -1.7129e+000 -1.5222e+000 +1.9746e-001 -9.1109e-001 -4.3196e-001
34930 +1.814832268e+000 +1.814832268e+000 +2.449248323e+002 +2.449248323e+002 -2.3837e+000 -1.5669e+000 +7.6873e-002 -1.2997e+000 -6.3130e-001
35012 +1.763621878e+000 +1.763621878e+000 +2.448736219e+002 +2.448736219e+002 -2.6519e+000 -1.2044e+000 -2.7926e-001 -1.0386e+000 -2.7437e-001
35046 +1.683029813e+000 +1.683029813e+000 +2.447930298e+002 +2.447930298e+002 -2.6658e+000 -1.4601e+000 +2.3581e-001 -9.9272e-001 -6.7789e-001
35066 +1.183343748e+000 +1.183343748e+000 +2.442933437e+002 +2.442933437e+002 -2.4146e+000 -1.4241e+000 +2.3164e-001 -9.1477e-001 -7.1259e-001
35080 +6.311931185e-001 +6.311931185e-001 +2.437411931e+002 +2.437411931e+002 -2.6998e+000 -1.2862e+000 -8.6163e-002 -1.2259e+000 -8.7302e-001
35290 +6.264311945e-001 +6.264311945e-001 +2.437364312e+002 +2.437364312e+002 -2.4685e+000 -1.2649e+000 +2.3846e-001 -1.0650e+000 -7.6004e-001
35301 +5.595071842e-001 +5.595071842e-001 +2.436695072e+002 +2.436695072e+002 -2.4541e+000 -1.2737e+000 +1.8513e-001 -1.0600e+000 -6.8701e-001
35403 +5.395013352e-001 +5.395013352e-001 +2.436495013e+002 +2.436495013e+002 -2.4723e+000 -1.3032e+000 +1.9380e-001 -1.0029e+000 -7.4021e-001
35491 +5.090557559e-001 +5.090557559e-001 +2.436190558e+002 +2.436190558e+002 -2.4282e+000 -1.2819e+000 +2.4181e-001 -1.0381e+000 -7.3856e-001
35547 +4.542073912e-001 +4.542073912e-001 +2.435642074e+002 +2.435642074e+002 -2.4590e+000 -1.2922e+000 +2.2054e-001 -1.0421e+000 -7.3918e-001
35727 +4.321735841e-001 +4.321735841e-001 +2.435421736e+002 +2.435421736e+002 -2.4473e+000 -1.2839e+000 +2.3077e-001 -1.0437e+000 -7.2133e-001
35840 +4.263789265e-001 +4.263789265e-001 +2.435363789e+002 +2.435363789e+002 -2.4586e+000 -1.2888e+000 +2.0969e-001 -1.0340e+000 -7.1417e-001
35851 +4.081128529e-001 +4.081128529e-001 +2.435181129e+002 +2.435181129e+002 -2.4500e+000 -1.2972e+000 +2.1503e-001 -1.0340e+000 -7.1031e-001
35866 +3.934868488e-001 +3.934868488e-001 +2.435034868e+002 +2.435034868e+002 -2.4468e+000 -1.2964e+000 +2.1774e-001 -1.0206e+000 -7.1072e-001
35954 +3.729017079e-001 +3.729017079e-001 +2.434829017e+002 +2.434829017e+002 -2.4593e+000 -1.2930e+000 +2.1625e-001 -1.0291e+000 -7.1586e-001
36012 +3.714638667e-001 +3.714638667e-001 +2.434814639e+002 +2.434814639e+002 -2.4581e+000 -1.3017e+000 +2.1153e-001 -1.0235e+000 -7.1178e-001
36129 +3.438637097e-001 +3.438637097e-001 +2.434538637e+002 +2.434538637e+002 -2.4616e+000 -1.2998e+000 +2.1023e-001 -1.0252e+000 -7.1647e-001
36161 +3.312844176e-001 +3.312844176e-001 +2.434412844e+002 +2.434412844e+002 -2.4616e+000 -1.2992e+000 +2.1105e-001 -1.0250e+000 -7.1535e-001
36334 +3.297302138e-001 +3.297302138e-001 +2.434397302e+002 +2.434397302e+002 -2.4601e+000 -1.3005e+000 +2.1169e-001 -1.0245e+000 -7.1618e-001
36400 +3.217890199e-001 +3.217890199e-001 +2.434317890e+002 +2.434317890e+002 -2.4618e+000 -1.3002e+000 +2.1107e-001 -1.0247e+000 -7.1661e-001
37186 +3.130516953e-001 +3.130516953e-001 +2.434230517e+002 +2.434230517e+002 -2.4613e+000 -1.3002e+000 +2.1143e-001 -1.0245e+000 -7.1627e-001
% function evaluation | noise-free fitness - Fopt (-1.436200000000e+002) | best noise-free fitness - Fopt | measured fitness | best measured fitness | x1 | x2...
1 +2.363016559e+001 +2.363016559e+001 -1.199898344e+002 -1.199898344e+002 +0.0000e+000 +0.0000e+000 +0.0000e+000 +0.0000e+000 +0.0000e+000
2 +1.006437692e+001 +1.006437692e+001 -1.335556231e+002 -1.335556231e+002 +1.6677e+000 +4.8123e+000 -3.9576e+000 +1.5043e+000 +4.8024e+000
11 +9.883940575e+000 +9.883940575e+000 -1.337360594e+002 -1.337360594e+002 +1.6816e+000 +4.7971e+000 -3.9582e+000 +1.5035e+000 +4.8156e+000
38 +9.589035041e+000 +9.589035041e+000 -1.340309650e+002 -1.340309650e+002 +1.6810e+000 +4.7777e+000 -3.9574e+000 +1.5048e+000 +4.8048e+000
52 +9.483748579e+000 +9.483748579e+000 -1.341362514e+002 -1.341362514e+002 +1.6443e+000 +4.7795e+000 -3.9577e+000 +1.5027e+000 +4.8125e+000
56 +8.214768322e+000 +8.214768322e+000 -1.354052317e+002 -1.354052317e+002 +1.6550e+000 +4.6429e+000 -3.9575e+000 +1.5079e+000 +4.8066e+000
88 +8.108556507e+000 +8.108556507e+000 -1.355114435e+002 -1.355114435e+002 +1.6784e+000 +4.6071e+000 -3.9585e+000 +1.4996e+000 +4.7952e+000
140 +7.934863458e+000 +7.934863458e+000 -1.356851365e+002 -1.356851365e+002 +1.7341e+000 +4.5496e+000 -3.9577e+000 +1.5039e+000 +4.7735e+000
266 +7.716668514e+000 +7.716668514e+000 -1.359033315e+002 -1.359033315e+002 +1.7459e+000 +4.5560e+000 -3.9675e+000 +1.5104e+000 +4.8187e+000
332 +7.523592610e+000 +7.523592610e+000 -1.360964074e+002 -1.360964074e+002 +1.7260e+000 +4.5505e+000 -3.9729e+000 +1.5435e+000 +4.8153e+000
451 +7.407160033e+000 +7.407160033e+000 -1.362128400e+002 -1.362128400e+002 +1.7387e+000 +4.5370e+000 -3.9706e+000 +1.5822e+000 +4.8460e+000
% function evaluation | noise-free fitness - Fopt (4.290000000000e+001) | best noise-free fitness - Fopt | measured fitness | best measured fitness | x1 | x2...
1 +6.740739267e+000 +6.740739267e+000 +4.964073927e+001 +4.964073927e+001 +0.0000e+000 +0.0000e+000 +0.0000e+000 +0.0000e+000 +0.0000e+000
383 +5.707560096e+000 +5.707560096e+000 +4.860756010e+001 +4.860756010e+001 -3.8556e+000 -1.4298e+000 +1.7352e+000 +1.4017e+000 +2.2090e-001
596 +3.395613537e+000 +3.395613537e+000 +4.629561354e+001 +4.629561354e+001 -3.8507e+000 +1.6192e-001 +3.1710e+000 -7.2325e-001 +1.7822e+000
813 +3.234639596e+000 +3.234639596e+000 +4.613463960e+001 +4.613463960e+001 -3.7940e+000 -2.0278e+000 +2.8181e+000 -6.7497e-001 +1.4384e+000
1100 +2.823336061e+000 +2.823336061e+000 +4.572333606e+001 +4.572333606e+001 -8.4833e-001 -1.0266e+000 +2.8387e+000 -4.2752e-001 +1.0684e-001
1107 +2.739625903e+000 +2.739625903e+000 +4.563962590e+001 +4.563962590e+001 -2.7755e+000 -2.5127e-001 +3.3213e+000 -2.5680e-001 +4.8286e-001
1172 +2.209655803e+000 +2.209655803e+000 +4.510965580e+001 +4.510965580e+001 -2.3194e+000 -6.1870e-002 +2.9517e+000 -1.9449e-001 +1.0450e+000
1183 +1.531441433e+000 +1.531441433e+000 +4.443144143e+001 +4.443144143e+001 -4.0121e-002 -4.1458e-001 +2.9210e+000 -1.4441e-001 +6.1688e-002
1284 +1.206747849e+000 +1.206747849e+000 +4.410674785e+001 +4.410674785e+001 -9.6474e-002 -3.2488e-001 +3.0352e+000 -3.7583e-001 +7.1641e-001
1325 +8.687722790e-001 +8.687722790e-001 +4.376877228e+001 +4.376877228e+001 +4.6817e-001 -1.9949e-001 +3.1652e+000 -3.9188e-001 +6.0287e-001
1362 +7.839286800e-001 +7.839286800e-001 +4.368392868e+001 +4.368392868e+001 +1.7494e-001 -2.0689e-001 +2.9649e+000 -4.3752e-001 +6.9306e-001
1363 +5.392341553e-001 +5.392341553e-001 +4.343923416e+001 +4.343923416e+001 +3.7231e-001 -2.0092e-001 +2.9347e+000 -4.0673e-001 +4.6535e-001
1512 +5.126888893e-001 +5.126888893e-001 +4.341268889e+001 +4.341268889e+001 +2.9934e-001 +5.2643e-003 +2.9793e+000 -4.3818e-001 +8.2281e-001
1561 +4.069412143e-001 +4.069412143e-001 +4.330694121e+001 +4.330694121e+001 +2.6081e-001 -1.9329e-001 +2.9610e+000 -4.3596e-001 +5.5636e-001
1566 +3.098105968e-001 +3.098105968e-001 +4.320981060e+001 +4.320981060e+001 +2.7228e-001 -1.7357e-003 +2.9661e+000 -4.4811e-001 +7.6996e-001
1659 +2.932598497e-001 +2.932598497e-001 +4.319325985e+001 +4.319325985e+001 +3.6628e-001 -1.6670e-001 +2.8289e+000 -4.5074e-001 +6.4246e-001
1810 +2.762437916e-001 +2.762437916e-001 +4.317624379e+001 +4.317624379e+001 +3.5595e-001 -1.4221e-001 +2.9447e+000 -4.5040e-001 +6.0580e-001
1894 +2.653510639e-001 +2.653510639e-001 +4.316535106e+001 +4.316535106e+001 +3.3618e-001 -1.0353e-001 +2.9564e+000 -4.5205e-001 +6.2750e-001
2290 +2.127414001e-001 +2.127414001e-001 +4.311274140e+001 +4.311274140e+001 +3.0036e-001 -5.3231e-002 +2.7675e+000 -6.2394e-001 +5.6184e-001
2334 +1.751484025e-001 +1.751484025e-001 +4.307514840e+001 +4.307514840e+001 +2.9880e-001 -4.1892e-002 +2.7771e+000 -6.1927e-001 +5.7801e-001
2470 +1.412980867e-001 +1.412980867e-001 +4.304129809e+001 +4.304129809e+001 +2.8337e-001 +7.4771e-002 +2.8467e+000 -6.4596e-001 +6.4415e-001
2495 +1.343062798e-001 +1.343062798e-001 +4.303430628e+001 +4.303430628e+001 +2.8060e-001 +2.5852e-002 +2.8604e+000 -6.2953e-001 +6.6645e-001
2505 +9.046743487e-002 +9.046743487e-002 +4.299046743e+001 +4.299046743e+001 +2.6997e-001 +3.5110e-002 +2.8562e+000 -6.3692e-001 +6.5980e-001
2516 +8.243225892e-002 +8.243225892e-002 +4.298243226e+001 +4.298243226e+001 +2.7000e-001 +4.6209e-002 +2.8414e+000 -6.4849e-001 +6.5340e-001
2706 +7.355575326e-002 +7.355575326e-002 +4.297355575e+001 +4.297355575e+001 +2.6364e-001 +3.9581e-002 +2.8666e+000 -6.3726e-001 +6.6677e-001
2727 +7.066197605e-002 +7.066197605e-002 +4.297066198e+001 +4.297066198e+001 +2.5916e-001 +3.5398e-002 +2.8534e+000 -6.3231e-001 +6.6472e-001
2744 +6.582964252e-002 +6.582964252e-002 +4.296582964e+001 +4.296582964e+001 +2.6556e-001 +3.7430e-002 +2.8585e+000 -6.3703e-001 +6.6462e-001
2777 +5.820530998e-002 +5.820530998e-002 +4.295820531e+001 +4.295820531e+001 +2.6453e-001 +3.7117e-002 +2.8523e+000 -6.3202e-001 +6.7476e-001
2860 +5.718076400e-002 +5.718076400e-002 +4.295718076e+001 +4.295718076e+001 +2.6560e-001 +3.8032e-002 +2.8542e+000 -6.3217e-001 +6.6925e-001
2905 +4.688018778e-002 +4.688018778e-002 +4.294688019e+001 +4.294688019e+001 +2.6225e-001 +4.0131e-002 +2.8575e+000 -6.3226e-001 +6.7043e-001
3003 +4.348227330e-002 +4.348227330e-002 +4.294348227e+001 +4.294348227e+001 +2.6195e-001 +3.9650e-002 +2.8588e+000 -6.3123e-001 +6.7271e-001
3042 +4.135675534e-002 +4.135675534e-002 +4.294135676e+001 +4.294135676e+001 +2.6227e-001 +3.9632e-002 +2.8607e+000 -6.3146e-001 +6.7096e-001
3193 +3.869394127e-002 +3.869394127e-002 +4.293869394e+001 +4.293869394e+001 +2.6207e-001 +3.9287e-002 +2.8590e+000 -6.3202e-001 +6.7042e-001
3362 +3.703909327e-002 +3.703909327e-002 +4.293703909e+001 +4.293703909e+001 +2.6271e-001 +3.8241e-002 +2.8592e+000 -6.3169e-001 +6.6887e-001
3512 +3.608815802e-002 +3.608815802e-002 +4.293608816e+001 +4.293608816e+001 +2.6272e-001 +3.8394e-002 +2.8594e+000 -6.3149e-001 +6.6919e-001
3747 +3.468333657e-002 +3.468333657e-002 +4.293468334e+001 +4.293468334e+001 +2.6272e-001 +3.8400e-002 +2.8594e+000 -6.3150e-001 +6.6914e-001
4560 +3.464620061e-002 +3.464620061e-002 +4.293464620e+001 +4.293464620e+001 +2.6274e-001 +3.8381e-002 +2.8593e+000 -6.3166e-001 +6.6898e-001
6452 +3.383179754e-002 +3.383179754e-002 +4.293383180e+001 +4.293383180e+001 +2.6275e-001 +3.8353e-002 +2.8593e+000 -6.3162e-001 +6.6898e-001
% function evaluation | noise-free fitness - Fopt (6.286500000000e+002) | best noise-free fitness - Fopt | measured fitness | best measured fitness | x1 | x2...
1 +1.068951254e+001 +1.068951254e+001 +6.393395125e+002 +6.393395125e+002 +0.0000e+000 +0.0000e+000 +0.0000e+000 +0.0000e+000 +0.0000e+000
156 +1.032924589e+001 +1.032924589e+001 +6.389792459e+002 +6.389792459e+002 +1.0456e+000 -7.9587e-001 -2.9027e+000 -1.7260e+000 -4.4494e+000
209 +5.271462549e+000 +5.271462549e+000 +6.339214625e+002 +6.339214625e+002 +1.0428e+000 -7.9023e-001 -2.9011e+000 -2.7466e+000 -6.3863e-001
348 +4.954989327e+000 +4.954989327e+000 +6.336049893e+002 +6.336049893e+002 +1.3002e+000 -8.1142e-001 -2.9013e+000 -4.5229e-001 +8.8843e-001
427 +3.444953118e+000 +3.444953118e+000 +6.320949531e+002 +6.320949531e+002 -2.0990e+000 -7.5580e-001 -2.8972e+000 -1.7080e+000 +1.6805e+000
502 +2.836082722e+000 +2.836082722e+000 +6.314860827e+002 +6.314860827e+002 -1.7264e+000 -7.6757e-001 -2.8956e+000 -7.2042e-001 +2.3537e+000
530 +1.613972121e+000 +1.613972121e+000 +6.302639721e+002 +6.302639721e+002 -2.6051e+000 -7.6188e-001 -2.8881e+000 -1.4942e+000 +1.6422e+000
598 +1.460656470e+000 +1.460656470e+000 +6.301106565e+002 +6.301106565e+002 -3.1157e+000 -7.7009e-001 -2.8950e+000 -1.0942e+000 +7.1249e-001
670 +1.390461239e+000 +1.390461239e+000 +6.300404612e+002 +6.300404612e+002 -3.5334e+000 -7.5217e-001 -2.8941e+000 -5.8004e-001 +1.5994e+000
679 +9.488008444e-001 +9.488008444e-001 +6.295988008e+002 +6.295988008e+002 -3.0103e+000 -6.4575e-001 -2.8928e+000 -7.4383e-001 +1.2323e+000
754 +8.519507804e-001 +8.519507804e-001 +6.295019508e+002 +6.295019508e+002 -2.9355e+000 -5.5513e-001 -2.9076e+000 -7.2865e-001 +1.0172e+000
758 +8.059349313e-001 +8.059349313e-001 +6.294559349e+002 +6.294559349e+002 -2.9182e+000 -6.3255e-001 -2.9634e+000 -6.9639e-001 +1.1330e+000
934 +7.942391285e-001 +7.942391285e-001 +6.294442391e+002 +6.294442391e+002 -2.7258e+000 +4.5207e-001 -2.8548e+000 -7.7125e-001 +1.6041e+000
959 +5.751355146e-001 +5.751355146e-001 +6.292251355e+002 +6.292251355e+002 -2.8044e+000 +1.1241e-001 -2.8622e+000 -8.2910e-001 +1.8438e+000
962 +4.795810897e-001 +4.795810897e-001 +6.291295811e+002 +6.291295811e+002 -2.8351e+000 +4.0477e-001 -2.8885e+000 -1.1585e+000 +2.0428e+000
1016 +4.222700014e-001 +4.222700014e-001 +6.290722700e+002 +6.290722700e+002 -2.9161e+000 +1.4084e-001 -2.8359e+000 -1.0122e+000 +1.7264e+000
1133 +3.175619673e-001 +3.175619673e-001 +6.289675620e+002 +6.289675620e+002 -2.6700e+000 +3.2773e-001 -2.8836e+000 -1.1591e+000 +1.8694e+000
1252 +2.139778405e-001 +2.139778405e-001 +6.288639778e+002 +6.288639778e+002 -2.6401e+000 +3.4641e-001 -2.6106e+000 -1.0013e+000 +1.7641e+000
1271 +1.362752237e-001 +1.362752237e-001 +6.287862752e+002 +6.287862752e+002 -2.6245e+000 +4.1787e-001 -2.6863e+000 -1.1765e+000 +1.7678e+000
1308 +1.320209362e-001 +1.320209362e-001 +6.287820209e+002 +6.287820209e+002 -2.6313e+000 +3.8427e-001 -2.6725e+000 -1.0886e+000 +1.7855e+000
1319 +7.396623095e-002 +7.396623095e-002 +6.287239662e+002 +6.287239662e+002 -2.5903e+000 +4.0251e-001 -2.7042e+000 -1.1121e+000 +1.7673e+000
1368 +5.786887510e-002 +5.786887510e-002 +6.287078689e+002 +6.287078689e+002 -2.6341e+000 +3.8531e-001 -2.6601e+000 -1.1030e+000 +1.7371e+000
1396 +5.518175451e-002 +5.518175451e-002 +6.287051818e+002 +6.287051818e+002 -2.6186e+000 +3.8255e-001 -2.6789e+000 -1.1024e+000 +1.7440e+000
1423 +4.841364976e-002 +4.841364976e-002 +6.286984136e+002 +6.286984136e+002 -2.6073e+000 +3.9559e-001 -2.6875e+000 -1.1109e+000 +1.7511e+000
1452 +4.370296736e-002 +4.370296736e-002 +6.286937030e+002 +6.286937030e+002 -2.6429e+000 +3.9362e-001 -2.6878e+000 -1.1199e+000 +1.7898e+000
1527 +4.332654303e-002 +4.332654303e-002 +6.286933265e+002 +6.286933265e+002 -2.6285e+000 +3.9734e-001 -2.6830e+000 -1.1089e+000 +1.7550e+000
1534 +2.671322802e-002 +2.671322802e-002 +6.286767132e+002 +6.286767132e+002 -2.6113e+000 +3.9221e-001 -2.6681e+000 -1.1022e+000 +1.7556e+000
1607 +2.217197284e-002 +2.217197284e-002 +6.286721720e+002 +6.286721720e+002 -2.6195e+000 +4.0375e-001 -2.6761e+000 -1.1159e+000 +1.7613e+000
1674 +1.465238285e-002 +1.465238285e-002 +6.286646524e+002 +6.286646524e+002 -2.6066e+000 +3.9831e-001 -2.6728e+000 -1.1218e+000 +1.7518e+000
1747 +1.442669251e-002 +1.442669251e-002 +6.286644267e+002 +6.286644267e+002 -2.6131e+000 +3.9779e-001 -2.6779e+000 -1.1113e+000 +1.7506e+000
1757 +1.083859292e-002 +1.083859292e-002 +6.286608386e+002 +6.286608386e+002 -2.6086e+000 +3.9707e-001 -2.6705e+000 -1.1129e+000 +1.7498e+000
1758 +8.784899114e-003 +8.784899114e-003 +6.286587849e+002 +6.286587849e+002 -2.6092e+000 +3.9063e-001 -2.6717e+000 -1.1081e+000 +1.7385e+000
1793 +5.928212714e-003 +5.928212714e-003 +6.286559282e+002 +6.286559282e+002 -2.6070e+000 +3.9420e-001 -2.6719e+000 -1.1108e+000 +1.7429e+000
1932 +5.315985854e-003 +5.315985854e-003 +6.286553160e+002 +6.286553160e+002 -2.6074e+000 +3.9555e-001 -2.6718e+000 -1.1103e+000 +1.7449e+000
1961 +4.181337268e-003 +4.181337268e-003 +6.286541813e+002 +6.286541813e+002 -2.6061e+000 +3.9445e-001 -2.6724e+000 -1.1108e+000 +1.7427e+000
2016 +3.591130151e-003 +3.591130151e-003 +6.286535911e+002 +6.286535911e+002 -2.6053e+000 +3.9462e-001 -2.6718e+000 -1.1109e+000 +1.7428e+000
2059 +3.422465008e-003 +3.422465008e-003 +6.286534225e+002 +6.286534225e+002 -2.6057e+000 +3.9435e-001 -2.6710e+000 -1.1108e+000 +1.7427e+000
2192 +3.345036654e-003 +3.345036654e-003 +6.286533450e+002 +6.286533450e+002 -2.6051e+000 +3.9418e-001 -2.6714e+000 -1.1104e+000 +1.7425e+000
2238 +3.196540165e-003 +3.196540165e-003 +6.286531965e+002 +6.286531965e+002 -2.6051e+000 +3.9495e-001 -2.6713e+000 -1.1108e+000 +1.7426e+000
2249 +2.680685323e-003 +2.680685323e-003 +6.286526807e+002 +6.286526807e+002 -2.6056e+000 +3.9458e-001 -2.6714e+000 -1.1099e+000 +1.7427e+000
2485 +2.502099675e-003 +2.502099675e-003 +6.286525021e+002 +6.286525021e+002 -2.6055e+000 +3.9465e-001 -2.6712e+000 -1.1102e+000 +1.7423e+000
2554 +2.360846069e-003 +2.360846069e-003 +6.286523608e+002 +6.286523608e+002 -2.6055e+000 +3.9437e-001 -2.6714e+000 -1.1104e+000 +1.7422e+000
2565 +2.315150944e-003 +2.315150944e-003 +6.286523152e+002 +6.286523152e+002 -2.6055e+000 +3.9448e-001 -2.6713e+000 -1.1105e+000 +1.7422e+000
2585 +1.975984644e-003 +1.975984644e-003 +6.286519760e+002 +6.286519760e+002 -2.6056e+000 +3.9460e-001 -2.6714e+000 -1.1105e+000 +1.7424e+000
2765 +1.764277353e-003 +1.764277353e-003 +6.286517643e+002 +6.286517643e+002 -2.6057e+000 +3.9456e-001 -2.6714e+000 -1.1106e+000 +1.7424e+000
3132 +1.649142079e-003 +1.649142079e-003 +6.286516491e+002 +6.286516491e+002 -2.6057e+000 +3.9466e-001 -2.6714e+000 -1.1106e+000 +1.7425e+000
3216 +1.564403731e-003 +1.564403731e-003 +6.286515644e+002 +6.286515644e+002 -2.6057e+000 +3.9464e-001 -2.6714e+000 -1.1106e+000 +1.7424e+000
3217 +1.546355253e-003 +1.546355253e-003 +6.286515464e+002 +6.286515464e+002 -2.6057e+000 +3.9462e-001 -2.6714e+000 -1.1106e+000 +1.7424e+000
3417 +1.511517358e-003 +1.511517358e-003 +6.286515115e+002 +6.286515115e+002 -2.6057e+000 +3.9456e-001 -2.6714e+000 -1.1105e+000 +1.7424e+000
3439 +1.450950069e-003 +1.450950069e-003 +6.286514510e+002 +6.286514510e+002 -2.6057e+000 +3.9456e-001 -2.6714e+000 -1.1105e+000 +1.7424e+000
3934 +1.433649204e-003 +1.433649204e-003 +6.286514336e+002 +6.286514336e+002 -2.6057e+000 +3.9454e-001 -2.6714e+000 -1.1105e+000 +1.7424e+000
4658 +1.353271293e-003 +1.353271293e-003 +6.286513533e+002 +6.286513533e+002 -2.6057e+000 +3.9455e-001 -2.6714e+000 -1.1105e+000 +1.7424e+000
7005 +1.336546109e-003 +1.336546109e-003 +6.286513365e+002 +6.286513365e+002 -2.6057e+000 +3.9450e-001 -2.6714e+000 -1.1105e+000 +1.7423e+000
9988 +1.304281305e-003 +1.304281305e-003 +6.286513043e+002 +6.286513043e+002 -2.6058e+000 +3.9449e-001 -2.6714e+000 -1.1105e+000 +1.7423e+000
10648 +1.286387539e-003 +1.286387539e-003 +6.286512864e+002 +6.286512864e+002 -2.6058e+000 +3.9449e-001 -2.6714e+000 -1.1105e+000 +1.7423e+000
% function evaluation | noise-free fitness - Fopt (-7.163000000000e+001) | best noise-free fitness - Fopt | measured fitness | best measured fitness | x1 | x2...
1 +5.804206668e+001 +5.804206668e+001 -1.358793332e+001 -1.358793332e+001 +0.0000e+000 +0.0000e+000 +0.0000e+000 +0.0000e+000 +0.0000e+000
215 +5.564416547e+001 +5.564416547e+001 -1.598583453e+001 -1.598583453e+001 +4.3721e+000 +4.1671e+000 -2.7098e-001 +2.6454e+000 +3.9937e+000
250 +5.191333915e+001 +5.191333915e+001 -1.971666085e+001 -1.971666085e+001 +4.1202e+000 +4.1697e+000 -3.2453e-001 +2.7919e+000 +4.0153e+000
279 +5.059403568e+001 +5.059403568e+001 -2.103596432e+001 -2.103596432e+001 +4.0845e+000 +4.1809e+000 -1.2211e-001 +2.1718e+000 +3.9466e+000
460 +4.958530345e+001 +4.958530345e+001 -2.204469655e+001 -2.204469655e+001 +4.0097e+000 +4.1551e+000 -2.6369e-001 +2.1994e+000 +4.0643e+000
516 +4.862276334e+001 +4.862276334e+001 -2.300723666e+001 -2.300723666e+001 +3.9531e+000 +4.1394e+000 -2.1572e-001 +2.2045e+000 +4.0502e+000
905 +4.782661915e+001 +4.782661915e+001 -2.380338085e+001 -2.380338085e+001 +4.0032e+000 +4.1335e+000 -3.0825e-001 +2.2115e+000 +4.0918e+000
2763 +4.676303570e+001 +4.676303570e+001 -2.486696430e+001 -2.486696430e+001 +4.0621e+000 +4.1326e+000 -2.1082e-001 +2.1122e+000 +4.0754e+000
% function evaluation | noise-free fitness - Fopt (1.976000000000e+001) | best noise-free fitness - Fopt | measured fitness | best measured fitness | x1 | x2...
1 +1.684672759e+001 +1.684672759e+001 +3.660672759e+001 +3.660672759e+001 +0.0000e+000 +0.0000e+000 +0.0000e+000 +0.0000e+000 +0.0000e+000
64 +1.554889939e+001 +1.554889939e+001 +3.530889939e+001 +3.530889939e+001 +2.2709e+000 -4.4550e+000 -4.5265e+000 +6.2819e-002 -4.1429e+000
80 +1.282481459e+001 +1.282481459e+001 +3.258481459e+001 +3.258481459e+001 +2.1098e+000 -4.4561e+000 -3.5736e+000 +8.7937e-002 -4.1477e+000
126 +1.216886385e+001 +1.216886385e+001 +3.192886385e+001 +3.192886385e+001 +2.2452e+000 -4.4529e+000 -3.5555e+000 +8.5220e-002 -4.1411e+000
130 +1.199999282e+001 +1.199999282e+001 +3.175999282e+001 +3.175999282e+001 +2.8186e+000 -4.4420e+000 -3.6644e+000 +5.5791e-002 -4.2133e+000
135 +1.140866336e+001 +1.140866336e+001 +3.116866336e+001 +3.116866336e+001 +2.2320e+000 -4.4246e+000 -3.6445e+000 +7.3269e-002 -4.1859e+000
141 +1.033238927e+001 +1.033238927e+001 +3.009238927e+001 +3.009238927e+001 +2.4231e+000 -4.4367e+000 -3.7700e+000 +4.5986e-002 -4.3172e+000
153 +1.005437836e+001 +1.005437836e+001 +2.981437836e+001 +2.981437836e+001 +2.2862e+000 -4.4534e+000 -3.6283e+000 +7.1479e-002 -4.3872e+000
180 +9.973125811e+000 +9.973125811e+000 +2.973312581e+001 +2.973312581e+001 +2.4918e+000 -4.4904e+000 -3.6138e+000 +5.8773e-002 -4.2912e+000
254 +9.615900038e+000 +9.615900038e+000 +2.937590004e+001 +2.937590004e+001 +2.3869e+000 -4.5031e+000 -3.7106e+000 +3.7706e-002 -4.3744e+000
289 +8.991468023e+000 +8.991468023e+000 +2.875146802e+001 +2.875146802e+001 +2.1730e+000 -4.4675e+000 -3.7626e+000 +7.6500e-002 -4.4853e+000
615 +8.904473416e+000 +8.904473416e+000 +2.866447342e+001 +2.866447342e+001 +2.2718e+000 -4.4281e+000 -3.7522e+000 +3.5543e-002 -4.5744e+000
960 +8.694991939e+000 +8.694991939e+000 +2.845499194e+001 +2.845499194e+001 +2.2154e+000 -4.4028e+000 -3.8129e+000 +4.2432e-002 -4.5701e+000
1436 +8.509063159e+000 +8.509063159e+000 +2.826906316e+001 +2.826906316e+001 +2.1888e+000 -4.3496e+000 -3.8626e+000 +3.8239e-002 -4.6358e+000
2244 +8.315173474e+000 +8.315173474e+000 +2.807517347e+001 +2.807517347e+001 +2.1128e+000 -4.2771e+000 -3.9375e+000 +2.1507e-002 -4.7600e+000
% function evaluation | noise-free fitness - Fopt (6.100000000000e-001) | best noise-free fitness - Fopt | measured fitness | best measured fitness | x1 | x2...
1 +2.050209124e+001 +2.050209124e+001 +2.111209124e+001 +2.111209124e+001 +0.0000e+000 +0.0000e+000 +0.0000e+000 +0.0000e+000 +0.0000e+000
285 +2.031478873e+001 +2.031478873e+001 +2.092478873e+001 +2.092478873e+001 -3.2864e+000 -5.0159e+000 -2.5972e+000 -2.5973e+000 +2.2834e+000
293 +1.731573312e+001 +1.731573312e+001 +1.792573312e+001 +1.792573312e+001 -2.6602e+000 -4.9726e+000 -3.7437e+000 -1.9996e+000 +2.8801e+000
304 +1.654011759e+001 +1.654011759e+001 +1.715011759e+001 +1.715011759e+001 -1.5914e+000 -4.8580e+000 -2.2520e+000 -3.0450e+000 +2.7346e+000
357 +1.486131342e+001 +1.486131342e+001 +1.547131342e+001 +1.547131342e+001 -1.7039e+000 -4.4629e+000 -4.5735e+000 -3.2695e+000 +2.8582e+000
369 +1.382727525e+001 +1.382727525e+001 +1.443727525e+001 +1.443727525e+001 -3.4703e+000 -5.2433e+000 -5.4108e+000 -2.2270e+000 +2.8320e+000
383 +1.305592758e+001 +1.305592758e+001 +1.366592758e+001 +1.366592758e+001 -1.1825e+000 -4.0765e+000 -4.5679e+000 -1.9088e+000 +2.4129e+000
402 +7.999719101e+000 +7.999719101e+000 +8.609719101e+000 +8.609719101e+000 -2.1856e+000 -4.7452e+000 -4.3029e+000 -3.0965e+000 +4.6560e-001
512 +5.074815890e+000 +5.074815890e+000 +5.684815890e+000 +5.684815890e+000 -1.5178e+000 -2.3594e+000 -3.6063e+000 -3.8971e+000 -1.9327e-001
801 +4.178917227e+000 +4.178917227e+000 +4.788917227e+000 +4.788917227e+000 -9.6569e-001 -1.6769e+000 -4.2138e+000 -3.9939e+000 -1.1456e+000
818 +4.009062971e+000 +4.009062971e+000 +4.619062971e+000 +4.619062971e+000 +4.3560e-001 -2.5525e-002 -3.3800e+000 -3.5181e+000 -2.0466e+000
829 +3.675667564e+000 +3.675667564e+000 +4.285667564e+000 +4.285667564e+000 -8.4597e-001 -4.7822e-001 -4.3316e+000 -2.0356e+000 -2.3464e+000
877 +3.600847998e+000 +3.600847998e+000 +4.210847998e+000 +4.210847998e+000 +2.7509e+000 +7.5379e-001 -2.8530e+000 -4.1442e+000 -2.7580e+000
895 +3.342306385e+000 +3.342306385e+000 +3.952306385e+000 +3.952306385e+000 -4.3677e-001 -5.3095e-001 -3.8073e+000 -3.4680e+000 -3.2649e+000
899 +2.320574437e+000 +2.320574437e+000 +2.930574437e+000 +2.930574437e+000 -3.0655e-001 +2.1780e-001 -4.0001e+000 -3.4145e+000 -1.9191e+000
914 +6.134302159e-001 +6.134302159e-001 +1.223430216e+000 +1.223430216e+000 +4.3765e-001 +9.5181e-001 -3.5790e+000 -2.6868e+000 -2.4192e+000
1138 +4.471650510e-001 +4.471650510e-001 +1.057165051e+000 +1.057165051e+000 +4.2261e-001 +1.6214e+000 -3.2365e+000 -2.7815e+000 -2.4275e+000
1239 +2.525236726e-001 +2.525236726e-001 +8.625236726e-001 +8.625236726e-001 +9.6685e-001 +1.8299e+000 -3.0935e+000 -2.8539e+000 -2.5415e+000
1274 +1.801787339e-001 +1.801787339e-001 +7.901787339e-001 +7.901787339e-001 +9.1706e-001 +1.8174e+000 -3.1721e+000 -2.9421e+000 -2.4397e+000
1418 +1.762816783e-001 +1.762816783e-001 +7.862816783e-001 +7.862816783e-001 +9.9807e-001 +1.9324e+000 -3.1099e+000 -2.9477e+000 -2.5103e+000
1482 +1.618901705e-001 +1.618901705e-001 +7.718901705e-001 +7.718901705e-001 +1.1303e+000 +2.0949e+000 -3.1006e+000 -2.9778e+000 -2.5215e+000
1489 +1.554825368e-001 +1.554825368e-001 +7.654825368e-001 +7.654825368e-001 +1.0460e+000 +2.0861e+000 -3.0261e+000 -3.0103e+000 -2.4247e+000
1495 +1.018730485e-001 +1.018730485e-001 +7.118730485e-001 +7.118730485e-001 +1.0530e+000 +2.0333e+000 -3.0863e+000 -2.9713e+000 -2.5041e+000
1550 +8.736278522e-002 +8.736278522e-002 +6.973627852e-001 +6.973627852e-001 +1.0499e+000 +1.9844e+000 -3.0947e+000 -2.9991e+000 -2.4962e+000
1579 +7.522823160e-002 +7.522823160e-002 +6.852282316e-001 +6.852282316e-001 +1.0731e+000 +2.0467e+000 -3.0772e+000 -3.0309e+000 -2.5047e+000
1580 +7.105049987e-002 +7.105049987e-002 +6.810504999e-001 +6.810504999e-001 +1.0671e+000 +2.0254e+000 -3.0405e+000 -3.0227e+000 -2.5068e+000
1602 +6.276318774e-002 +6.276318774e-002 +6.727631877e-001 +6.727631877e-001 +1.1020e+000 +2.0799e+000 -3.0345e+000 -3.0072e+000 -2.4827e+000
1656 +5.040071250e-002 +5.040071250e-002 +6.604007125e-001 +6.604007125e-001 +1.0817e+000 +2.0236e+000 -3.0427e+000 -3.0110e+000 -2.4892e+000
1711 +4.688288852e-002 +4.688288852e-002 +6.568828885e-001 +6.568828885e-001 +1.0810e+000 +2.0292e+000 -3.0484e+000 -3.0044e+000 -2.4971e+000
1715 +4.635602154e-002 +4.635602154e-002 +6.563560215e-001 +6.563560215e-001 +1.0816e+000 +2.0441e+000 -3.0595e+000 -3.0098e+000 -2.5004e+000
1719 +2.941438661e-002 +2.941438661e-002 +6.394143866e-001 +6.394143866e-001 +1.0878e+000 +2.0517e+000 -3.0612e+000 -3.0019e+000 -2.4685e+000
1736 +2.601874735e-002 +2.601874735e-002 +6.360187473e-001 +6.360187473e-001 +1.0867e+000 +2.0433e+000 -3.0652e+000 -2.9854e+000 -2.4858e+000
1957 +1.932499342e-002 +1.932499342e-002 +6.293249934e-001 +6.293249934e-001 +1.0998e+000 +2.0533e+000 -3.0573e+000 -3.0170e+000 -2.4661e+000
1992 +1.632144871e-002 +1.632144871e-002 +6.263214487e-001 +6.263214487e-001 +1.0970e+000 +2.0545e+000 -3.0562e+000 -3.0132e+000 -2.4715e+000
1996 +1.188776090e-002 +1.188776090e-002 +6.218877609e-001 +6.218877609e-001 +1.0884e+000 +2.0497e+000 -3.0569e+000 -3.0157e+000 -2.4696e+000
2131 +1.141085234e-002 +1.141085234e-002 +6.214108523e-001 +6.214108523e-001 +1.0917e+000 +2.0541e+000 -3.0560e+000 -3.0129e+000 -2.4693e+000
2132 +1.091045016e-002 +1.091045016e-002 +6.209104502e-001 +6.209104502e-001 +1.0905e+000 +2.0539e+000 -3.0536e+000 -3.0132e+000 -2.4685e+000
2147 +1.004534076e-002 +1.004534076e-002 +6.200453408e-001 +6.200453408e-001 +1.0872e+000 +2.0590e+000 -3.0551e+000 -3.0156e+000 -2.4690e+000
2152 +7.653724141e-003 +7.653724141e-003 +6.176537241e-001 +6.176537241e-001 +1.0893e+000 +2.0535e+000 -3.0550e+000 -3.0140e+000 -2.4688e+000
2207 +6.671407399e-003 +6.671407399e-003 +6.166714074e-001 +6.166714074e-001 +1.0908e+000 +2.0546e+000 -3.0555e+000 -3.0150e+000 -2.4694e+000
2273 +6.548251002e-003 +6.548251002e-003 +6.165482510e-001 +6.165482510e-001 +1.0900e+000 +2.0539e+000 -3.0560e+000 -3.0145e+000 -2.4690e+000
2296 +6.335629651e-003 +6.335629651e-003 +6.163356297e-001 +6.163356297e-001 +1.0901e+000 +2.0541e+000 -3.0558e+000 -3.0145e+000 -2.4697e+000
2335 +5.760592981e-003 +5.760592981e-003 +6.157605930e-001 +6.157605930e-001 +1.0894e+000 +2.0539e+000 -3.0566e+000 -3.0145e+000 -2.4687e+000
2337 +5.525029320e-003 +5.525029320e-003 +6.155250293e-001 +6.155250293e-001 +1.0893e+000 +2.0538e+000 -3.0566e+000 -3.0147e+000 -2.4687e+000
2360 +4.567927365e-003 +4.567927365e-003 +6.145679274e-001 +6.145679274e-001 +1.0893e+000 +2.0538e+000 -3.0562e+000 -3.0150e+000 -2.4689e+000
2424 +3.535517486e-003 +3.535517486e-003 +6.135355175e-001 +6.135355175e-001 +1.0892e+000 +2.0540e+000 -3.0563e+000 -3.0152e+000 -2.4686e+000
2461 +3.328245947e-003 +3.328245947e-003 +6.133282459e-001 +6.133282459e-001 +1.0895e+000 +2.0546e+000 -3.0561e+000 -3.0154e+000 -2.4684e+000
2500 +2.922251088e-003 +2.922251088e-003 +6.129222511e-001 +6.129222511e-001 +1.0895e+000 +2.0542e+000 -3.0562e+000 -3.0152e+000 -2.4685e+000
2700 +2.742404706e-003 +2.742404706e-003 +6.127424047e-001 +6.127424047e-001 +1.0895e+000 +2.0542e+000 -3.0562e+000 -3.0152e+000 -2.4684e+000
2797 +2.556189551e-003 +2.556189551e-003 +6.125561896e-001 +6.125561896e-001 +1.0895e+000 +2.0543e+000 -3.0562e+000 -3.0152e+000 -2.4684e+000
2891 +2.477112668e-003 +2.477112668e-003 +6.124771127e-001 +6.124771127e-001 +1.0895e+000 +2.0543e+000 -3.0562e+000 -3.0152e+000 -2.4684e+000
2909 +2.436717779e-003 +2.436717779e-003 +6.124367178e-001 +6.124367178e-001 +1.0895e+000 +2.0543e+000 -3.0562e+000 -3.0153e+000 -2.4684e+000
2933 +2.381384850e-003 +2.381384850e-003 +6.123813849e-001 +6.123813849e-001 +1.0895e+000 +2.0543e+000 -3.0562e+000 -3.0153e+000 -2.4684e+000
3327 +2.292942898e-003 +2.292942898e-003 +6.122929429e-001 +6.122929429e-001 +1.0895e+000 +2.0543e+000 -3.0562e+000 -3.0153e+000 -2.4684e+000
3459 +2.233503988e-003 +2.233503988e-003 +6.122335040e-001 +6.122335040e-001 +1.0895e+000 +2.0543e+000 -3.0562e+000 -3.0153e+000 -2.4684e+000
4057 +2.184910400e-003 +2.184910400e-003 +6.121849104e-001 +6.121849104e-001 +1.0895e+000 +2.0543e+000 -3.0562e+000 -3.0153e+000 -2.4684e+000
% function evaluation | noise-free fitness - Fopt (-8.634400000000e+002) | best noise-free fitness - Fopt | measured fitness | best measured fitness | x1 | x2...
1 +2.240834054e+001 +2.240834054e+001 -8.410316595e+002 -8.410316595e+002 +0.0000e+000 +0.0000e+000 +0.0000e+000 +0.0000e+000 +0.0000e+000
151 +1.671320444e+001 +1.671320444e+001 -8.467267956e+002 -8.467267956e+002 -3.9633e+000 -6.3238e-001 -1.5945e+000 +2.2013e+000 +2.3963e+000
223 +1.586731322e+001 +1.586731322e+001 -8.475726868e+002 -8.475726868e+002 -4.0235e+000 -7.3462e-001 -1.5283e+000 +1.4185e+000 -1.5811e-003
231 +1.088014239e+001 +1.088014239e+001 -8.525598576e+002 -8.525598576e+002 -4.2009e+000 -5.9078e-001 -1.5537e+000 +1.0550e+000 +1.1939e+000
380 +9.572751253e+000 +9.572751253e+000 -8.538672487e+002 -8.538672487e+002 -3.4399e+000 -1.8693e+000 -1.1932e+000 +1.0314e+000 +6.4166e-001
452 +6.976256783e+000 +6.976256783e+000 -8.564637432e+002 -8.564637432e+002 -3.1894e+000 -3.4253e+000 -8.2856e-001 -3.6744e+000 -7.3350e-001
494 +2.830711936e+000 +2.830711936e+000 -8.606092881e+002 -8.606092881e+002 -3.8626e+000 -1.9482e+000 +1.2887e+000 -2.7150e+000 +5.5277e-001
511 +2.743695723e+000 +2.743695723e+000 -8.606963043e+002 -8.606963043e+002 -3.7737e+000 -3.3296e+000 +1.9759e+000 -1.6222e+000 -9.2439e-002
537 +2.109005814e+000 +2.109005814e+000 -8.613309942e+002 -8.613309942e+002 -4.1464e+000 -2.3066e+000 +1.7372e+000 -3.4986e+000 +1.2494e-001
614 +2.014287134e+000 +2.014287134e+000 -8.614257129e+002 -8.614257129e+002 -4.4788e+000 -3.4274e+000 +1.4240e+000 -3.4433e+000 -3.0023e-001
678 +1.691102582e+000 +1.691102582e+000 -8.617488974e+002 -8.617488974e+002 -4.3726e+000 -3.5319e+000 +2.0008e+000 -3.3167e+000 +4.7926e-001
687 +1.509973763e+000 +1.509973763e+000 -8.619300262e+002 -8.619300262e+002 -4.0705e+000 -3.0097e+000 +1.5116e+000 -2.7674e+000 +9.5202e-002
719 +8.417543435e-001 +8.417543435e-001 -8.625982457e+002 -8.625982457e+002 -4.2337e+000 -3.3928e+000 +2.0682e+000 -3.0371e+000 +4.5009e-002
759 +8.081135501e-001 +8.081135501e-001 -8.626318864e+002 -8.626318864e+002 -3.3247e+000 -3.2031e+000 +1.8409e+000 -3.3775e+000 -6.9023e-002
788 +6.277246886e-001 +6.277246886e-001 -8.628122753e+002 -8.628122753e+002 -3.7015e+000 -3.2264e+000 +2.0671e+000 -3.3861e+000 -1.9568e-001
823 +4.900920355e-001 +4.900920355e-001 -8.629499080e+002 -8.629499080e+002 -3.6008e+000 -3.1831e+000 +2.0491e+000 -2.9291e+000 +1.2663e-001
847 +4.641860975e-001 +4.641860975e-001 -8.629758139e+002 -8.629758139e+002 -3.8640e+000 -3.1016e+000 +2.0762e+000 -3.2390e+000 -2.6236e-001
879 +2.835849971e-001 +2.835849971e-001 -8.631564150e+002 -8.631564150e+002 -3.9972e+000 -3.0847e+000 +2.0802e+000 -3.2447e+000 -4.0997e-003
906 +2.739177529e-001 +2.739177529e-001 -8.631660822e+002 -8.631660822e+002 -3.9831e+000 -3.0203e+000 +2.1566e+000 -3.3843e+000 +3.2280e-002
959 +2.045592420e-001 +2.045592420e-001 -8.632354408e+002 -8.632354408e+002 -3.9858e+000 -2.9377e+000 +2.1034e+000 -3.3482e+000 +6.6351e-002
981 +1.987323690e-001 +1.987323690e-001 -8.632412676e+002 -8.632412676e+002 -4.0048e+000 -2.9837e+000 +2.0987e+000 -3.3629e+000 +9.0333e-002
1014 +1.921701761e-001 +1.921701761e-001 -8.632478298e+002 -8.632478298e+002 -4.0078e+000 -3.0056e+000 +2.1010e+000 -3.3546e+000 +2.7980e-002
1026 +1.563109534e-001 +1.563109534e-001 -8.632836890e+002 -8.632836890e+002 -3.9994e+000 -2.9731e+000 +2.1053e+000 -3.3584e+000 +2.9740e-002
1029 +9.450084090e-002 +9.450084090e-002 -8.633454992e+002 -8.633454992e+002 -4.0154e+000 -2.9214e+000 +2.1387e+000 -3.3790e+000 +2.3572e-002
1119 +7.600835029e-002 +7.600835029e-002 -8.633639916e+002 -8.633639916e+002 -4.0164e+000 -2.9558e+000 +2.1320e+000 -3.3585e+000 +8.9263e-003
1125 +5.546671488e-002 +5.546671488e-002 -8.633845333e+002 -8.633845333e+002 -4.0194e+000 -2.9470e+000 +2.1440e+000 -3.3609e+000 +1.3888e-002
1205 +4.884536066e-002 +4.884536066e-002 -8.633911546e+002 -8.633911546e+002 -4.0167e+000 -2.9453e+000 +2.1433e+000 -3.3546e+000 +2.1361e-002
1286 +4.741970057e-002 +4.741970057e-002 -8.633925803e+002 -8.633925803e+002 -4.0141e+000 -2.9427e+000 +2.1423e+000 -3.3533e+000 +2.2480e-002
1290 +4.625393270e-002 +4.625393270e-002 -8.633937461e+002 -8.633937461e+002 -4.0155e+000 -2.9427e+000 +2.1428e+000 -3.3529e+000 +1.9779e-002
1292 +4.005174659e-002 +4.005174659e-002 -8.633999483e+002 -8.633999483e+002 -4.0152e+000 -2.9418e+000 +2.1438e+000 -3.3546e+000 +1.8557e-002
1354 +3.949617723e-002 +3.949617723e-002 -8.634005038e+002 -8.634005038e+002 -4.0154e+000 -2.9417e+000 +2.1443e+000 -3.3549e+000 +1.9351e-002
1378 +3.763869564e-002 +3.763869564e-002 -8.634023613e+002 -8.634023613e+002 -4.0143e+000 -2.9404e+000 +2.1441e+000 -3.3548e+000 +1.9315e-002
1395 +3.673025773e-002 +3.673025773e-002 -8.634032697e+002 -8.634032697e+002 -4.0141e+000 -2.9409e+000 +2.1437e+000 -3.3551e+000 +2.0303e-002
1413 +3.427919336e-002 +3.427919336e-002 -8.634057208e+002 -8.634057208e+002 -4.0143e+000 -2.9403e+000 +2.1435e+000 -3.3550e+000 +2.0126e-002
1504 +3.318718939e-002 +3.318718939e-002 -8.634068128e+002 -8.634068128e+002 -4.0152e+000 -2.9416e+000 +2.1429e+000 -3.3552e+000 +2.0729e-002
1506 +3.221325728e-002 +3.221325728e-002 -8.634077867e+002 -8.634077867e+002 -4.0153e+000 -2.9410e+000 +2.1433e+000 -3.3555e+000 +2.0283e-002
1672 +3.080616381e-002 +3.080616381e-002 -8.634091938e+002 -8.634091938e+002 -4.0151e+000 -2.9412e+000 +2.1435e+000 -3.3554e+000 +2.0269e-002
1763 +2.992206002e-002 +2.992206002e-002 -8.634100779e+002 -8.634100779e+002 -4.0148e+000 -2.9415e+000 +2.1435e+000 -3.3550e+000 +2.0428e-002
1803 +2.938338509e-002 +2.938338509e-002 -8.634106166e+002 -8.634106166e+002 -4.0147e+000 -2.9412e+000 +2.1434e+000 -3.3553e+000 +2.0422e-002
1894 +2.880648199e-002 +2.880648199e-002 -8.634111935e+002 -8.634111935e+002 -4.0149e+000 -2.9413e+000 +2.1434e+000 -3.3551e+000 +2.0465e-002
1900 +2.814778755e-002 +2.814778755e-002 -8.634118522e+002 -8.634118522e+002 -4.0148e+000 -2.9412e+000 +2.1434e+000 -3.3552e+000 +2.0361e-002
1915 +2.753094953e-002 +2.753094953e-002 -8.634124691e+002 -8.634124691e+002 -4.0149e+000 -2.9413e+000 +2.1434e+000 -3.3552e+000 +2.0440e-002
2331 +2.681685100e-002 +2.681685100e-002 -8.634131831e+002 -8.634131831e+002 -4.0150e+000 -2.9414e+000 +2.1434e+000 -3.3553e+000 +2.0475e-002
% function evaluation | noise-free fitness - Fopt (1.318500000000e+002) | best noise-free fitness - Fopt | measured fitness | best measured fitness | x1 | x2...
1 +9.759411933e+000 +9.759411933e+000 +1.416094119e+002 +1.416094119e+002 +0.0000e+000 +0.0000e+000 +0.0000e+000 +0.0000e+000 +0.0000e+000
