% function evaluation | noise-free fitness - Fopt (4.078000000000e+001) | best noise-free fitness - Fopt | measured fitness | best measured fitness | x1 | x2...
1 +2.342962888e+001 +2.342962888e+001 +6.420962888e+001 +6.420962888e+001 +0.0000e+000 +0.0000e+000 +0.0000e+000
2 +3.636416936e+000 +3.636416936e+000 +4.441641694e+001 +4.441641694e+001 -2.3324e+000 +4.1784e+000 -8.5845e-001
3 +3.587667259e+000 +3.587667259e+000 +4.436766726e+001 +4.436766726e+001 -2.3313e+000 +4.1769e+000 -8.5355e-001
8 +3.471297603e+000 +3.471297603e+000 +4.425129760e+001 +4.425129760e+001 -2.3404e+000 +4.1850e+000 -8.4695e-001
13 +3.431099826e+000 +3.431099826e+000 +4.421109983e+001 +4.421109983e+001 -2.3304e+000 +4.1773e+000 -8.3982e-001
20 +3.041820575e+000 +3.041820575e+000 +4.382182057e+001 +4.382182057e+001 -2.3483e+000 +4.1815e+000 -8.0229e-001
32 +2.049808324e+000 +2.049808324e+000 +4.282980832e+001 +4.282980832e+001 -2.3055e+000 +4.1833e+000 -5.4690e-001
50 +1.962816626e+000 +1.962816626e+000 +4.274281663e+001 +4.274281663e+001 -2.3497e+000 +4.1784e+000 -3.7284e-001
54 +1.924865485e+000 +1.924865485e+000 +4.270486548e+001 +4.270486548e+001 -2.3728e+000 +4.1906e+000 -3.2414e-001
81 +1.904916437e+000 +1.904916437e+000 +4.268491644e+001 +4.268491644e+001 -2.3414e+000 +4.1688e+000 -1.7068e-001
169 +1.841613736e+000 +1.841613736e+000 +4.262161374e+001 +4.262161374e+001 -2.4597e+000 +4.2343e+000 -2.3409e-001
174 +1.792235363e+000 +1.792235363e+000 +4.257223536e+001 +4.257223536e+001 -2.4215e+000 +4.2402e+000 -1.9788e-001
177 +1.733377666e+000 +1.733377666e+000 +4.251337767e+001 +4.251337767e+001 -2.4023e+000 +4.2665e+000 -1.0145e-001
213 +1.689415252e+000 +1.689415252e+000 +4.246941525e+001 +4.246941525e+001 -2.4327e+000 +4.2930e+000 -2.1456e-001
229 +1.648663085e+000 +1.648663085e+000 +4.242866308e+001 +4.242866308e+001 -2.3323e+000 +4.3020e+000 -7.8119e-002
269 +1.621029582e+000 +1.621029582e+000 +4.240102958e+001 +4.240102958e+001 -2.3627e+000 +4.2996e+000 -1.5831e-001
334 +1.568788341e+000 +1.568788341e+000 +4.234878834e+001 +4.234878834e+001 -2.3610e+000 +4.3210e+000 -1.7105e-001
347 +1.540547920e+000 +1.540547920e+000 +4.232054792e+001 +4.232054792e+001 -2.3577e+000 +4.3325e+000 -1.5360e-001
374 +1.461790089e+000 +1.461790089e+000 +4.224179009e+001 +4.224179009e+001 -2.3845e+000 +4.3737e+000 -1.8090e-001
379 +1.367160334e+000 +1.367160334e+000 +4.214716033e+001 +4.214716033e+001 -2.3550e+000 +4.4197e+000 -1.8362e-001
422 +1.346960623e+000 +1.346960623e+000 +4.212696062e+001 +4.212696062e+001 -2.3572e+000 +4.4303e+000 -1.6295e-001
423 +1.248846324e+000 +1.248846324e+000 +4.202884632e+001 +4.202884632e+001 -2.3426e+000 +4.5373e+000 -1.5648e-001
% function evaluation | noise-free fitness - Fopt (-1.600000000000e+000) | best noise-free fitness - Fopt | measured fitness | best measured fitness | x1 | x2...
1 +1.240367020e+001 +1.240367020e+001 +1.080367020e+001 +1.080367020e+001 +0.0000e+000 +0.0000e+000 +0.0000e+000
66 +1.219669866e+001 +1.219669866e+001 +1.059669866e+001 +1.059669866e+001 -2.8051e+000 -2.8443e+000 -4.5068e+000
71 +9.727479930e+000 +9.727479930e+000 +8.127479930e+000 +8.127479930e+000 -2.8125e+000 -2.5581e+000 -3.9715e+000
79 +8.913097126e+000 +8.913097126e+000 +7.313097126e+000 +7.313097126e+000 -2.8084e+000 -2.6191e+000 -4.0097e+000
86 +7.920733698e+000 +7.920733698e+000 +6.320733698e+000 +6.320733698e+000 -2.8024e+000 -2.7466e+000 -3.9713e+000
96 +7.265388700e+000 +7.265388700e+000 +5.665388700e+000 +5.665388700e+000 -2.8037e+000 -2.9075e+000 -3.9058e+000
112 +7.154545705e+000 +7.154545705e+000 +5.554545705e+000 +5.554545705e+000 -2.8061e+000 -2.9004e+000 -3.3632e+000
128 +6.933835289e+000 +6.933835289e+000 +5.333835289e+000 +5.333835289e+000 -2.8087e+000 -2.8806e+000 -3.5493e+000
129 +6.866118112e+000 +6.866118112e+000 +5.266118112e+000 +5.266118112e+000 -2.8109e+000 -2.8865e+000 -3.5941e+000
132 +6.104962330e+000 +6.104962330e+000 +4.504962330e+000 +4.504962330e+000 -2.8045e+000 -3.0208e+000 -3.3769e+000
177 +5.834553675e+000 +5.834553675e+000 +4.234553675e+000 +4.234553675e+000 -2.8096e+000 -3.0601e+000 -3.3998e+000
182 +5.631058366e+000 +5.631058366e+000 +4.031058366e+000 +4.031058366e+000 -2.8069e+000 -3.1151e+000 -3.4445e+000
189 +5.487638978e+000 +5.487638978e+000 +3.887638978e+000 +3.887638978e+000 -2.8127e+000 -3.1819e+000 -3.2664e+000
277 +5.314258512e+000 +5.314258512e+000 +3.714258512e+000 +3.714258512e+000 -2.8359e+000 -3.2155e+000 -3.3438e+000
332 +5.234661939e+000 +5.234661939e+000 +3.634661939e+000 +3.634661939e+000 -2.8556e+000 -3.2241e+000 -3.3627e+000
377 +5.128390328e+000 +5.128390328e+000 +3.528390328e+000 +3.528390328e+000 -2.8744e+000 -3.2451e+000 -3.3079e+000
462 +4.965997789e+000 +4.965997789e+000 +3.365997789e+000 +3.365997789e+000 -2.9355e+000 -3.2797e+000 -3.3414e+000
486 +4.848952678e+000 +4.848952678e+000 +3.248952678e+000 +3.248952678e+000 -2.9076e+000 -3.3614e+000 -3.2459e+000
528 +4.760061535e+000 +4.760061535e+000 +3.160061535e+000 +3.160061535e+000 -2.9460e+000 -3.3447e+000 -3.2482e+000
568 +4.630320073e+000 +4.630320073e+000 +3.030320073e+000 +3.030320073e+000 -2.9791e+000 -3.5794e+000 -3.0693e+000
574 +4.522325297e+000 +4.522325297e+000 +2.922325297e+000 +2.922325297e+000 -2.9679e+000 -3.4412e+000 -3.1846e+000
576 +4.465863232e+000 +4.465863232e+000 +2.865863232e+000 +2.865863232e+000 -2.9944e+000 -3.4381e+000 -3.1889e+000
627 +4.349679706e+000 +4.349679706e+000 +2.749679706e+000 +2.749679706e+000 -2.9984e+000 -3.4849e+000 -3.1973e+000
638 +4.231214881e+000 +4.231214881e+000 +2.631214881e+000 +2.631214881e+000 -3.0502e+000 -3.4941e+000 -3.2183e+000
703 +4.137330305e+000 +4.137330305e+000 +2.537330305e+000 +2.537330305e+000 -3.0508e+000 -3.5286e+000 -3.1998e+000
736 +4.066597604e+000 +4.066597604e+000 +2.466597604e+000 +2.466597604e+000 -3.0904e+000 -3.5473e+000 -3.2485e+000
773 +3.917547704e+000 +3.917547704e+000 +2.317547704e+000 +2.317547704e+000 -3.1102e+000 -3.6517e+000 -3.2344e+000
798 +3.879765369e+000 +3.879765369e+000 +2.279765369e+000 +2.279765369e+000 -3.1219e+000 -3.6625e+000 -3.2371e+000
814 +3.801596300e+000 +3.801596300e+000 +2.201596300e+000 +2.201596300e+000 -3.1387e+000 -3.6448e+000 -3.2050e+000
858 +3.610044326e+000 +3.610044326e+000 +2.010044326e+000 +2.010044326e+000 -3.1891e+000 -3.7246e+000 -3.1736e+000
911 +3.536900757e+000 +3.536900757e+000 +1.936900757e+000 +1.936900757e+000 -3.2021e+000 -3.7556e+000 -3.1329e+000
929 +3.389886688e+000 +3.389886688e+000 +1.789886688e+000 +1.789886688e+000 -3.2830e+000 -3.8471e+000 -3.1575e+000
951 +3.388180922e+000 +3.388180922e+000 +1.788180922e+000 +1.788180922e+000 -3.2760e+000 -3.8407e+000 -3.0917e+000
1030 +3.285017894e+000 +3.285017894e+000 +1.685017894e+000 +1.685017894e+000 -3.2872e+000 -3.9064e+000 -3.0083e+000
1063 +3.227091495e+000 +3.227091495e+000 +1.627091495e+000 +1.627091495e+000 -3.3099e+000 -4.0033e+000 -3.0523e+000
1097 +3.158734446e+000 +3.158734446e+000 +1.558734446e+000 +1.558734446e+000 -3.3347e+000 -3.9711e+000 -3.0414e+000
1266 +3.074605756e+000 +3.074605756e+000 +1.474605756e+000 +1.474605756e+000 -3.3667e+000 -4.0430e+000 -3.0231e+000
1322 +3.017029000e+000 +3.017029000e+000 +1.417029000e+000 +1.417029000e+000 -3.4148e+000 -4.0906e+000 -2.9909e+000
1379 +2.945108449e+000 +2.945108449e+000 +1.345108449e+000 +1.345108449e+000 -3.4761e+000 -4.2553e+000 -2.9668e+000
% function evaluation | noise-free fitness - Fopt (-3.708400000000e+002) | best noise-free fitness - Fopt | measured fitness | best measured fitness | x1 | x2...
1 +3.578233172e+001 +3.578233172e+001 -3.350576683e+002 -3.350576683e+002 +0.0000e+000 +0.0000e+000 +0.0000e+000
2 +2.988510427e+001 +2.988510427e+001 -3.409548957e+002 -3.409548957e+002 +4.8161e+000 +1.6784e+000 +2.1481e+000
29 +2.129953565e+001 +2.129953565e+001 -3.495404643e+002 -3.495404643e+002 +4.8242e+000 +1.2747e+000 +2.1663e+000
33 +1.611256290e+001 +1.611256290e+001 -3.547274371e+002 -3.547274371e+002 +4.7864e+000 +9.9315e-001 +2.1906e+000
49 +1.276369774e+001 +1.276369774e+001 -3.580763023e+002 -3.580763023e+002 +4.8067e+000 +6.9714e-001 +2.1757e+000
53 +1.211736035e+001 +1.211736035e+001 -3.587226396e+002 -3.587226396e+002 +4.7840e+000 +6.4227e-001 +2.1408e+000
58 +1.095934381e+001 +1.095934381e+001 -3.598806562e+002 -3.598806562e+002 +4.8225e+000 -1.4983e-001 +2.1967e+000
64 +1.021423240e+001 +1.021423240e+001 -3.606257676e+002 -3.606257676e+002 +4.8034e+000 +1.4764e-001 +2.1728e+000
83 +9.919322922e+000 +9.919322922e+000 -3.609206771e+002 -3.609206771e+002 +4.7769e+000 +1.0393e-001 +2.1678e+000
124 +5.907706780e+000 +5.907706780e+000 -3.649322932e+002 -3.649322932e+002 +3.9380e+000 +3.3554e-002 +2.1693e+000
157 +5.801975520e+000 +5.801975520e+000 -3.650380245e+002 -3.650380245e+002 +4.0031e+000 +8.5592e-002 +2.1939e+000
190 +5.720071624e+000 +5.720071624e+000 -3.651199284e+002 -3.651199284e+002 +3.9630e+000 -1.9796e-002 +2.2328e+000
204 +5.594202258e+000 +5.594202258e+000 -3.652457977e+002 -3.652457977e+002 +3.9162e+000 +9.6257e-002 +2.2119e+000
221 +4.905169327e+000 +4.905169327e+000 -3.659348307e+002 -3.659348307e+002 +3.9861e+000 +8.7083e-002 +2.4347e+000
251 +4.770414824e+000 +4.770414824e+000 -3.660695852e+002 -3.660695852e+002 +3.8173e+000 +9.3460e-002 +2.5245e+000
% function evaluation | noise-free fitness - Fopt (-3.256000000000e+001) | best noise-free fitness - Fopt | measured fitness | best measured fitness | x1 | x2...
1 +5.303999905e+001 +5.303999905e+001 +2.047999905e+001 +2.047999905e+001 +0.0000e+000 +0.0000e+000 +0.0000e+000
2 +9.786721985e+000 +9.786721985e+000 -2.277327802e+001 -2.277327802e+001 -1.6543e+000 -2.8727e-001 +1.9497e+000
6 +9.599097868e+000 +9.599097868e+000 -2.296090213e+001 -2.296090213e+001 -1.6656e+000 -3.0337e-001 +1.9504e+000
13 +9.549108488e+000 +9.549108488e+000 -2.301089151e+001 -2.301089151e+001 -1.6566e+000 -3.0831e-001 +1.9115e+000
19 +8.813542584e+000 +8.813542584e+000 -2.374645742e+001 -2.374645742e+001 -1.7056e+000 -4.8312e-001 +1.8876e+000
37 +8.691321443e+000 +8.691321443e+000 -2.386867856e+001 -2.386867856e+001 -1.7031e+000 -4.8065e-001 +1.7643e+000
62 +8.280822667e+000 +8.280822667e+000 -2.427917733e+001 -2.427917733e+001 -1.8109e+000 -3.7243e-001 +1.8920e+000
67 +8.073262836e+000 +8.073262836e+000 -2.448673716e+001 -2.448673716e+001 -2.0068e+000 -4.3747e-001 +1.5759e+000
73 +7.748344070e+000 +7.748344070e+000 -2.481165593e+001 -2.481165593e+001 -2.0690e+000 -3.8798e-001 +1.8566e+000
83 +7.423962899e+000 +7.423962899e+000 -2.513603710e+001 -2.513603710e+001 -2.3966e+000 -3.8530e-002 +1.9008e+000
97 +7.389146259e+000 +7.389146259e+000 -2.517085374e+001 -2.517085374e+001 -2.2628e+000 -1.5331e-001 +1.8657e+000
101 +7.064157052e+000 +7.064157052e+000 -2.549584295e+001 -2.549584295e+001 -2.2937e+000 +2.2958e-001 +1.7428e+000
% function evaluation | noise-free fitness - Fopt (5.154000000000e+002) | best noise-free fitness - Fopt | measured fitness | best measured fitness | x1 | x2...
1 +2.054857278e+001 +2.054857278e+001 +5.359485728e+002 +5.359485728e+002 +0.0000e+000 +0.0000e+000 +0.0000e+000
81 +1.346627103e+001 +1.346627103e+001 +5.288662710e+002 +5.288662710e+002 -2.5876e+000 +4.6838e+000 +9.4356e-002
102 +1.275178664e+001 +1.275178664e+001 +5.281517866e+002 +5.281517866e+002 -2.6162e+000 +4.6767e+000 +7.9159e-002
114 +1.116913854e+001 +1.116913854e+001 +5.265691385e+002 +5.265691385e+002 -2.6269e+000 +4.6992e+000 -9.7255e-002
158 +1.092385551e+001 +1.092385551e+001 +5.263238555e+002 +5.263238555e+002 -2.6545e+000 +4.6481e+000 -1.1605e-001
167 +9.941711305e+000 +9.941711305e+000 +5.253417113e+002 +5.253417113e+002 -2.9578e+000 +4.6312e+000 -2.0874e-001
196 +8.877373668e+000 +8.877373668e+000 +5.242773737e+002 +5.242773737e+002 -3.1012e+000 +4.6570e+000 -1.4158e-001
197 +8.699303932e+000 +8.699303932e+000 +5.240993039e+002 +5.240993039e+002 -3.8757e+000 +4.6322e+000 -1.1571e-001
205 +8.358827981e+000 +8.358827981e+000 +5.237588280e+002 +5.237588280e+002 -3.2436e+000 +4.6467e+000 -8.4844e-002
209 +8.143192527e+000 +8.143192527e+000 +5.235431925e+002 +5.235431925e+002 -3.3112e+000 +4.6571e+000 -2.9985e-002
213 +7.876389833e+000 +7.876389833e+000 +5.232763898e+002 +5.232763898e+002 -3.9483e+000 +4.6412e+000 +1.1412e-001
231 +7.737779326e+000 +7.737779326e+000 +5.231377793e+002 +5.231377793e+002 -3.8264e+000 +4.6267e+000 +6.3248e-002
267 +7.571621914e+000 +7.571621914e+000 +5.229716219e+002 +5.229716219e+002 -3.7342e+000 +4.5919e+000 +1.2291e-001
284 +7.298848464e+000 +7.298848464e+000 +5.226988485e+002 +5.226988485e+002 -3.7303e+000 +4.4808e+000 +9.5161e-002
298 +7.231556246e+000 +7.231556246e+000 +5.226315562e+002 +5.226315562e+002 -3.6888e+000 +4.4874e+000 +1.2943e-001
350 +7.073538667e+000 +7.073538667e+000 +5.224735387e+002 +5.224735387e+002 -3.8094e+000 +4.4567e+000 +1.5440e-001
368 +6.834850245e+000 +6.834850245e+000 +5.222348502e+002 +5.222348502e+002 -3.6944e+000 +4.3683e+000 +2.1624e-001
410 +6.743880708e+000 +6.743880708e+000 +5.221438807e+002 +5.221438807e+002 -3.9012e+000 +4.3687e+000 +2.0569e-001
451 +6.592377718e+000 +6.592377718e+000 +5.219923777e+002 +5.219923777e+002 -3.8309e+000 +4.3219e+000 +2.3249e-001
484 +6.447725582e+000 +6.447725582e+000 +5.218477256e+002 +5.218477256e+002 -3.8721e+000 +4.3301e+000 +2.9129e-001
529 +6.286583506e+000 +6.286583506e+000 +5.216865835e+002 +5.216865835e+002 -3.8765e+000 +4.2912e+000 +3.3832e-001
627 +6.138264136e+000 +6.138264136e+000 +5.215382641e+002 +5.215382641e+002 -3.9269e+000 +4.2630e+000 +3.2280e-001
640 +5.916138491e+000 +5.916138491e+000 +5.213161385e+002 +5.213161385e+002 -3.9020e+000 +4.1963e+000 +3.6464e-001
649 +5.838868616e+000 +5.838868616e+000 +5.212388686e+002 +5.212388686e+002 -3.8658e+000 +4.1506e+000 +4.3981e-001
662 +5.647453868e+000 +5.647453868e+000 +5.210474539e+002 +5.210474539e+002 -3.9835e+000 +4.1526e+000 +3.9551e-001
683 +5.601785862e+000 +5.601785862e+000 +5.210017859e+002 +5.210017859e+002 -3.9635e+000 +4.0912e+000 +5.3903e-001
693 +5.393221943e+000 +5.393221943e+000 +5.207932219e+002 +5.207932219e+002 -3.9808e+000 +4.0925e+000 +4.6327e-001
697 +5.177192690e+000 +5.177192690e+000 +5.205771927e+002 +5.205771927e+002 -4.2126e+000 +4.0829e+000 +4.6247e-001
699 +5.060895700e+000 +5.060895700e+000 +5.204608957e+002 +5.204608957e+002 -4.0835e+000 +4.0423e+000 +4.9504e-001
730 +4.117291708e+000 +4.117291708e+000 +5.195172917e+002 +5.195172917e+002 -4.2827e+000 +3.7924e+000 +6.8807e-001
745 +4.047620104e+000 +4.047620104e+000 +5.194476201e+002 +5.194476201e+002 -4.3296e+000 +3.8265e+000 +7.1162e-001
780 +3.916839810e+000 +3.916839810e+000 +5.193168398e+002 +5.193168398e+002 -4.4243e+000 +3.8115e+000 +7.3696e-001
784 +3.821862076e+000 +3.821862076e+000 +5.192218621e+002 +5.192218621e+002 -4.4651e+000 +3.7658e+000 +7.3044e-001
801 +3.770137934e+000 +3.770137934e+000 +5.191701379e+002 +5.191701379e+002 -4.6603e+000 +3.7413e+000 +7.7416e-001
813 +3.707710057e+000 +3.707710057e+000 +5.191077101e+002 +5.191077101e+002 -4.5455e+000 +3.7039e+000 +7.6584e-001
912 +3.630460414e+000 +3.630460414e+000 +5.190304604e+002 +5.190304604e+002 -4.5537e+000 +3.7130e+000 +7.9249e-001
941 +3.541786004e+000 +3.541786004e+000 +5.189417860e+002 +5.189417860e+002 -4.5894e+000 +3.6651e+000 +8.2098e-001
1065 +3.455908561e+000 +3.455908561e+000 +5.188559086e+002 +5.188559086e+002 -4.6382e+000 +3.6423e+000 +8.7063e-001
1162 +3.378926902e+000 +3.378926902e+000 +5.187789269e+002 +5.187789269e+002 -4.6657e+000 +3.5615e+000 +8.9849e-001
1205 +3.295966767e+000 +3.295966767e+000 +5.186959668e+002 +5.186959668e+002 -4.7935e+000 +3.5147e+000 +9.5159e-001
1261 +3.232828614e+000 +3.232828614e+000 +5.186328286e+002 +5.186328286e+002 -4.7607e+000 +3.4462e+000 +1.0165e+000
% function evaluation | noise-free fitness - Fopt (-1.000000000000e+003) | best noise-free fitness - Fopt | measured fitness | best measured fitness | x1 | x2...
1 +2.932008469e+001 +2.932008469e+001 -9.706799153e+002 -9.706799153e+002 +0.0000e+000 +0.0000e+000 +0.0000e+000
79 +2.802529487e+001 +2.802529487e+001 -9.719747051e+002 -9.719747051e+002 +5.8533e-001 +3.5242e+000 -4.5031e+000
80 +2.329358410e+001 +2.329358410e+001 -9.767064159e+002 -9.767064159e+002 -2.0063e-001 +3.5799e+000 -4.8396e+000
94 +8.754113247e+000 +8.754113247e+000 -9.912458868e+002 -9.912458868e+002 +1.4148e-001 +3.3903e+000 -4.5975e+000
104 +7.151237544e+000 +7.151237544e+000 -9.928487625e+002 -9.928487625e+002 -1.9415e-001 +3.4926e+000 -4.6680e+000
117 +2.391092507e+000 +2.391092507e+000 -9.976089075e+002 -9.976089075e+002 -1.8619e-001 +3.1503e+000 -4.8262e+000
137 +2.332337731e+000 +2.332337731e+000 -9.976676623e+002 -9.976676623e+002 -8.6627e-002 +3.1805e+000 -4.7767e+000
182 +2.252085356e+000 +2.252085356e+000 -9.977479146e+002 -9.977479146e+002 +3.5297e-002 +3.1512e+000 -4.7106e+000
203 +2.224625381e+000 +2.224625381e+000 -9.977753746e+002 -9.977753746e+002 -1.2630e-002 +3.0981e+000 -4.7406e+000
218 +2.186955061e+000 +2.186955061e+000 -9.978130449e+002 -9.978130449e+002 -1.4827e-002 +3.1566e+000 -4.6993e+000
% function evaluation | noise-free fitness - Fopt (9.190000000000e+001) | best noise-free fitness - Fopt | measured fitness | best measured fitness | x1 | x2...
1 +9.343703334e+000 +9.343703334e+000 +1.012437033e+002 +1.012437033e+002 +0.0000e+000 +0.0000e+000 +0.0000e+000
83 +7.682795815e+000 +7.682795815e+000 +9.958279582e+001 +9.958279582e+001 -4.9118e+000 -1.4969e+000 +3.7422e+000
116 +6.365775380e+000 +6.365775380e+000 +9.826577538e+001 +9.826577538e+001 -4.3914e+000 -1.8065e+000 +3.7404e+000
122 +6.296000331e+000 +6.296000331e+000 +9.819600033e+001 +9.819600033e+001 -4.7190e+000 -1.7828e+000 +3.7492e+000
157 +5.822631430e+000 +5.822631430e+000 +9.772263143e+001 +9.772263143e+001 -4.5925e+000 -1.9349e+000 +3.7141e+000
169 +5.665595128e+000 +5.665595128e+000 +9.756559513e+001 +9.756559513e+001 -4.4930e+000 -1.7859e+000 +3.7028e+000
178 +5.484622466e+000 +5.484622466e+000 +9.738462247e+001 +9.738462247e+001 -4.4332e+000 -1.8042e+000 +3.6646e+000
283 +5.292485042e+000 +5.292485042e+000 +9.719248504e+001 +9.719248504e+001 -4.4954e+000 -1.8512e+000 +3.6475e+000
315 +5.223897125e+000 +5.223897125e+000 +9.712389713e+001 +9.712389713e+001 -4.4857e+000 -1.8348e+000 +3.6299e+000
327 +5.054895358e+000 +5.054895358e+000 +9.695489536e+001 +9.695489536e+001 -4.4868e+000 -1.7675e+000 +3.5587e+000
358 +5.004150088e+000 +5.004150088e+000 +9.690415009e+001 +9.690415009e+001 -4.4703e+000 -1.7919e+000 +3.5428e+000
391 +4.644888322e+000 +4.644888322e+000 +9.654488832e+001 +9.654488832e+001 -4.1630e+000 -1.8404e+000 +3.2410e+000
396 +3.982753726e+000 +3.982753726e+000 +9.588275373e+001 +9.588275373e+001 -4.2018e+000 -1.5796e+000 +3.2093e+000
477 +3.947967683e+000 +3.947967683e+000 +9.584796768e+001 +9.584796768e+001 -4.0946e+000 -1.6110e+000 +3.1422e+000
591 +3.842295180e+000 +3.842295180e+000 +9.574229518e+001 +9.574229518e+001 -4.0795e+000 -1.5898e+000 +3.0793e+000
610 +3.743902882e+000 +3.743902882e+000 +9.564390288e+001 +9.564390288e+001 -4.0486e+000 -1.5299e+000 +3.0034e+000
824 +3.682698582e+000 +3.682698582e+000 +9.558269858e+001 +9.558269858e+001 -4.0606e+000 -1.4656e+000 +2.9592e+000
% function evaluation | noise-free fitness - Fopt (-7.597000000000e+001) | best noise-free fitness - Fopt | measured fitness | best measured fitness | x1 | x2...
1 +1.601181186e+001 +1.601181186e+001 -5.995818814e+001 -5.995818814e+001 +0.0000e+000 +0.0000e+000 +0.0000e+000
75 +8.746818769e+000 +8.746818769e+000 -6.722318123e+001 -6.722318123e+001 +2.6749e+000 -3.0211e+000 -2.5294e+000
96 +7.985154856e+000 +7.985154856e+000 -6.798484514e+001 -6.798484514e+001 +2.5742e+000 -3.0076e+000 -2.4086e+000
110 +6.756838845e+000 +6.756838845e+000 -6.921316115e+001 -6.921316115e+001 +2.5490e+000 -3.0387e+000 -2.2560e+000
111 +2.204622019e+000 +2.204622019e+000 -7.376537798e+001 -7.376537798e+001 +2.5436e+000 -3.0220e+000 -4.1000e-001
122 +5.097588683e-001 +5.097588683e-001 -7.546024113e+001 -7.546024113e+001 +2.7381e+000 -3.1744e+000 -1.4198e+000
123 +4.771545247e-001 +4.771545247e-001 -7.549284548e+001 -7.549284548e+001 +2.7196e+000 -3.0530e+000 -9.5654e-001
124 +1.377667941e-001 +1.377667941e-001 -7.583223321e+001 -7.583223321e+001 +2.4887e+000 -3.7420e+000 -1.4200e+000
143 +1.146138355e-002 +1.146138355e-002 -7.595853862e+001 -7.595853862e+001 +2.6171e+000 -3.4854e+000 -8.7006e-001
156 +7.554845844e-003 +7.554845844e-003 -7.596244515e+001 -7.596244515e+001 +2.6614e+000 -3.4352e+000 -8.6338e-001
162 +9.268337264e-005 +9.268337264e-005 -7.596990732e+001 -7.596990732e+001 +2.8000e+000 -3.3724e+000 -6.1460e-001
299 +3.872453576e-006 +3.872453576e-006 -7.596999613e+001 -7.596999613e+001 +2.8161e+000 -3.3656e+000 -5.1032e-001
454 +3.798530869e-006 +3.798530869e-006 -7.596999620e+001 -7.596999620e+001 +2.8182e+000 -3.3656e+000 -4.9538e-001
462 +2.046480063e-006 +2.046480063e-006 -7.596999795e+001 -7.596999795e+001 +2.8211e+000 -3.3663e+000 -5.0580e-001
489 +1.854290375e-006 +1.854290375e-006 -7.596999815e+001 -7.596999815e+001 +2.8275e+000 -3.3660e+000 -4.8820e-001
513 +1.442205701e-006 +1.442205701e-006 -7.596999856e+001 -7.596999856e+001 +2.8276e+000 -3.3620e+000 -4.9798e-001
531 +1.390786210e-006 +1.390786210e-006 -7.596999861e+001 -7.596999861e+001 +2.8273e+000 -3.3520e+000 -5.1270e-001
539 +2.201679337e-007 +2.201679337e-007 -7.596999978e+001 -7.596999978e+001 +2.8346e+000 -3.3450e+000 -4.8602e-001
608 +2.169939961e-007 +2.169939961e-007 -7.596999978e+001 -7.596999978e+001 +2.8355e+000 -3.3503e+000 -4.8691e-001
610 +2.073098813e-007 +2.073098813e-007 -7.596999979e+001 -7.596999979e+001 +2.8354e+000 -3.3494e+000 -4.8930e-001
612 +1.519312889e-007 +1.519312889e-007 -7.596999985e+001 -7.596999985e+001 +2.8394e+000 -3.3479e+000 -4.7416e-001
634 +1.018829607e-007 +1.018829607e-007 -7.596999990e+001 -7.596999990e+001 +2.8385e+000 -3.3460e+000 -4.8568e-001
657 +9.527177269e-008 +9.527177269e-008 -7.596999990e+001 -7.596999990e+001 +2.8384e+000 -3.3460e+000 -4.8435e-001
664 +8.992748235e-008 +8.992748235e-008 -7.596999991e+001 -7.596999991e+001 +2.8387e+000 -3.3458e+000 -4.8457e-001
666 +6.893434090e-008 +6.893434090e-008 -7.596999993e+001 -7.596999993e+001 +2.8398e+000 -3.3451e+000 -4.8439e-001
668 +5.406253933e-008 +5.406253933e-008 -7.596999995e+001 -7.596999995e+001 +2.8409e+000 -3.3436e+000 -4.8477e-001
672 +4.883928284e-008 +4.883928284e-008 -7.596999995e+001 -7.596999995e+001 +2.8412e+000 -3.3422e+000 -4.8459e-001
712 +4.658456021e-008 +4.658456021e-008 -7.596999995e+001 -7.596999995e+001 +2.8433e+000 -3.3392e+000 -4.8517e-001
718 +4.498727435e-008 +4.498727435e-008 -7.596999996e+001 -7.596999996e+001 +2.8410e+000 -3.3416e+000 -4.8169e-001
720 +4.304621370e-008 +4.304621370e-008 -7.596999996e+001 -7.596999996e+001 +2.8412e+000 -3.3398e+000 -4.8126e-001
724 +3.671696902e-008 +3.671696902e-008 -7.596999996e+001 -7.596999996e+001 +2.8420e+000 -3.3396e+000 -4.8202e-001
732 +1.545922146e-008 +1.545922146e-008 -7.596999998e+001 -7.596999998e+001 +2.8433e+000 -3.3406e+000 -4.7228e-001
739 +1.261595628e-008 +1.261595628e-008 -7.596999999e+001 -7.596999999e+001 +2.8435e+000 -3.3385e+000 -4.7803e-001
749 +1.225318158e-008 +1.225318158e-008 -7.596999999e+001 -7.596999999e+001 +2.8437e+000 -3.3399e+000 -4.7637e-001
761 +1.198453958e-008 +1.198453958e-008 -7.596999999e+001 -7.596999999e+001 +2.8436e+000 -3.3394e+000 -4.7478e-001
768 +1.146626971e-008 +1.146626971e-008 -7.596999999e+001 -7.596999999e+001 +2.8449e+000 -3.3397e+000 -4.7139e-001
780 +3.641858370e-009 +3.641858370e-009 -7.597000000e+001 -7.597000000e+001 +2.8460e+000 -3.3374e+000 -4.6948e-001
1340 +0.000000000e+000 +0.000000000e+000 -7.597000000e+001 -7.597000000e+001 +2.8523e+000 -3.3303e+000 -4.6276e-001
% function evaluation | noise-free fitness - Fopt (-1.699000000000e+001) | best noise-free fitness - Fopt | measured fitness | best measured fitness | x1 | x2...
1 +3.863615797e+001 +3.863615797e+001 +2.164615797e+001 +2.164615797e+001 +0.0000e+000 +0.0000e+000 +0.0000e+000
2 +1.457533631e+001 +1.457533631e+001 -2.414663692e+000 -2.414663692e+000 -2.3424e-001 -2.3130e+000 -2.4420e+000
4 +1.436182897e+001 +1.436182897e+001 -2.628171033e+000 -2.628171033e+000 -2.4059e-001 -2.3349e+000 -2.4448e+000
15 +1.387474262e+001 +1.387474262e+001 -3.115257383e+000 -3.115257383e+000 -2.3383e-001 -2.3127e+000 -2.4247e+000
20 +1.342350280e+001 +1.342350280e+001 -3.566497200e+000 -3.566497200e+000 -2.3492e-001 -2.3204e+000 -2.4161e+000
32 +1.308699361e+001 +1.308699361e+001 -3.903006391e+000 -3.903006391e+000 -2.3631e-001 -2.3323e+000 -2.4116e+000
35 +1.173115819e+001 +1.173115819e+001 -5.258841809e+000 -5.258841809e+000 -2.3854e-001 -2.3882e+000 -2.3915e+000
36 +1.070351951e+001 +1.070351951e+001 -6.286480488e+000 -6.286480488e+000 -2.4460e-001 -2.3511e+000 -2.3492e+000
45 +8.956739346e+000 +8.956739346e+000 -8.033260654e+000 -8.033260654e+000 -2.3370e-001 -2.5342e+000 -2.3092e+000
74 +8.417264851e+000 +8.417264851e+000 -8.572735149e+000 -8.572735149e+000 -2.4786e-001 -2.3269e+000 -2.2385e+000
83 +7.314564277e+000 +7.314564277e+000 -9.675435723e+000 -9.675435723e+000 -1.6368e-001 -2.4407e+000 -2.1656e+000
88 +3.579795091e+000 +3.579795091e+000 -1.341020491e+001 -1.341020491e+001 -2.4724e-001 -2.4024e+000 -1.9646e+000
95 +2.039908407e+000 +2.039908407e+000 -1.495009159e+001 -1.495009159e+001 -3.9113e-001 -1.7867e+000 -1.5110e+000
109 +1.993594824e+000 +1.993594824e+000 -1.499640518e+001 -1.499640518e+001 -2.7446e-001 -2.3817e+000 -1.5162e+000
112 +1.851011430e+000 +1.851011430e+000 -1.513898857e+001 -1.513898857e+001 -2.6010e-001 -2.2783e+000 -1.4663e+000
122 +1.788375498e+000 +1.788375498e+000 -1.520162450e+001 -1.520162450e+001 -2.3195e-001 -2.2184e+000 -1.5526e+000
149 +1.713074737e+000 +1.713074737e+000 -1.527692526e+001 -1.527692526e+001 -2.1762e-001 -2.1882e+000 -1.5169e+000
151 +1.678763751e+000 +1.678763751e+000 -1.531123625e+001 -1.531123625e+001 -2.3697e-001 -2.0645e+000 -1.5256e+000
153 +1.581377747e+000 +1.581377747e+000 -1.540862225e+001 -1.540862225e+001 -2.9753e-001 -2.1413e+000 -1.5196e+000
154 +1.526721105e+000 +1.526721105e+000 -1.546327889e+001 -1.546327889e+001 -3.6725e-001 -2.1307e+000 -1.5253e+000
168 +1.419864036e+000 +1.419864036e+000 -1.557013596e+001 -1.557013596e+001 -3.5531e-001 -2.1162e+000 -1.4727e+000
177 +1.279452471e+000 +1.279452471e+000 -1.571054753e+001 -1.571054753e+001 -6.9543e-001 -2.0736e+000 -1.4034e+000
212 +1.250524505e+000 +1.250524505e+000 -1.573947550e+001 -1.573947550e+001 -5.8516e-001 -2.0776e+000 -1.4115e+000
% function evaluation | noise-free fitness - Fopt (2.740000000000e+000) | best noise-free fitness - Fopt | measured fitness | best measured fitness | x1 | x2...
1 +1.695646853e+001 +1.695646853e+001 +1.969646853e+001 +1.969646853e+001 +0.0000e+000 +0.0000e+000 +0.0000e+000
40 +1.629428838e+001 +1.629428838e+001 +1.903428838e+001 +1.903428838e+001 +3.3483e+000 +4.1525e+000 -1.2158e+000
54 +8.509401157e+000 +8.509401157e+000 +1.124940116e+001 +1.124940116e+001 +3.3702e+000 +3.6899e+000 +3.2332e-001
60 +3.045557692e+000 +3.045557692e+000 +5.785557692e+000 +5.785557692e+000 +3.3342e+000 +3.9788e+000 +2.2292e+000
62 +2.710636097e+000 +2.710636097e+000 +5.450636097e+000 +5.450636097e+000 +3.3108e+000 +3.9992e+000 +5.4648e+000
80 +1.994141557e+000 +1.994141557e+000 +4.734141557e+000 +4.734141557e+000 +3.3599e+000 +4.0890e+000 +5.3228e+000
81 +1.591839366e+000 +1.591839366e+000 +4.331839366e+000 +4.331839366e+000 +3.3118e+000 +3.9870e+000 +3.6584e+000
92 +1.501120928e+000 +1.501120928e+000 +4.241120928e+000 +4.241120928e+000 +3.3984e+000 +4.0090e+000 +3.9088e+000
99 +1.407094689e+000 +1.407094689e+000 +4.147094689e+000 +4.147094689e+000 +3.6936e+000 +3.9279e+000 +4.7279e+000
112 +1.350687076e+000 +1.350687076e+000 +4.090687076e+000 +4.090687076e+000 +3.4163e+000 +4.0313e+000 +4.5607e+000
122 +1.261116835e+000 +1.261116835e+000 +4.001116835e+000 +4.001116835e+000 +3.4919e+000 +3.9817e+000 +4.3786e+000
444 +1.257360346e+000 +1.257360346e+000 +3.997360346e+000 +3.997360346e+000 +3.4939e+000 +3.9896e+000 +4.4789e+000
% function evaluation | noise-free fitness - Fopt (-3.564000000000e+001) | best noise-free fitness - Fopt | measured fitness | best measured fitness | x1 | x2...
1 +5.323604944e+001 +5.323604944e+001 +1.759604944e+001 +1.759604944e+001 +0.0000e+000 +0.0000e+000 +0.0000e+000
2 +2.561259944e+001 +2.561259944e+001 -1.002740056e+001 -1.002740056e+001 +3.5842e+000 +4.9665e+000 -1.7458e+000
17 +2.396060544e+001 +2.396060544e+001 -1.167939456e+001 -1.167939456e+001 +3.7212e+000 +4.9961e+000 -1.7790e+000
39 +2.142563767e+001 +2.142563767e+001 -1.421436233e+001 -1.421436233e+001 +3.8384e+000 +4.9581e+000 -1.9145e+000
57 +2.031865527e+001 +2.031865527e+001 -1.532134473e+001 -1.532134473e+001 +4.0029e+000 +4.8444e+000 -1.8646e+000
62 +1.973613960e+001 +1.973613960e+001 -1.590386040e+001 -1.590386040e+001 +3.9302e+000 +4.6448e+000 -1.9551e+000
70 +1.886374483e+001 +1.886374483e+001 -1.677625517e+001 -1.677625517e+001 +4.0832e+000 +4.9689e+000 -2.0507e+000
80 +1.802683361e+001 +1.802683361e+001 -1.761316639e+001 -1.761316639e+001 +4.0928e+000 +4.7715e+000 -2.0634e+000
82 +1.624702374e+001 +1.624702374e+001 -1.939297626e+001 -1.939297626e+001 +4.9682e+000 +4.7734e+000 -5.9155e-001
94 +1.558204696e+001 +1.558204696e+001 -2.005795304e+001 -2.005795304e+001 +5.2587e+000 +4.7599e+000 -1.1495e+000
150 +1.121507061e+001 +1.121507061e+001 -2.442492939e+001 -2.442492939e+001 +2.9043e+000 +4.9119e+000 +1.4209e-001
155 +1.080542092e+001 +1.080542092e+001 -2.483457908e+001 -2.483457908e+001 +2.1540e+000 +5.0294e+000 -4.0340e-002
162 +1.045333114e+001 +1.045333114e+001 -2.518666886e+001 -2.518666886e+001 +2.6447e+000 +4.9096e+000 -1.5725e-001
187 +4.387703801e+000 +4.387703801e+000 -3.125229620e+001 -3.125229620e+001 -8.9400e-001 +4.6097e+000 +2.2279e+000
% function evaluation | noise-free fitness - Fopt (-4.590900000000e+002) | best noise-free fitness - Fopt | measured fitness | best measured fitness | x1 | x2...
1 +4.725826888e+001 +4.725826888e+001 -4.118317311e+002 -4.118317311e+002 +0.0000e+000 +0.0000e+000 +0.0000e+000
2 +3.244185600e+001 +3.244185600e+001 -4.266481440e+002 -4.266481440e+002 +8.5586e-001 -1.0932e+000 +7.0011e-001
9 +3.205145674e+001 +3.205145674e+001 -4.270385433e+002 -4.270385433e+002 +8.5444e-001 -1.0678e+000 +6.9648e-001
23 +3.025012715e+001 +3.025012715e+001 -4.288398729e+002 -4.288398729e+002 +8.7121e-001 -9.5369e-001 +5.5065e-001
40 +3.005938203e+001 +3.005938203e+001 -4.290306180e+002 -4.290306180e+002 +8.9712e-001 -9.6814e-001 +5.9390e-001
53 +1.997946582e+001 +1.997946582e+001 -4.391105342e+002 -4.391105342e+002 +8.8921e-001 -7.1262e-001 +1.3470e+000
62 +1.609713429e+001 +1.609713429e+001 -4.429928657e+002 -4.429928657e+002 +1.3358e+000 -8.6956e-001 +1.7302e+000
93 +1.526284376e+001 +1.526284376e+001 -4.438271562e+002 -4.438271562e+002 -9.5103e-001 -8.0886e-001 +1.1779e+000
107 +1.272563867e+001 +1.272563867e+001 -4.463643613e+002 -4.463643613e+002 -9.1262e-001 -1.1598e+000 +1.1749e+000
122 +8.972795331e+000 +8.972795331e+000 -4.501172047e+002 -4.501172047e+002 +8.2299e-003 -4.1363e+000 +1.0326e+000
126 +7.391741597e+000 +7.391741597e+000 -4.516982584e+002 -4.516982584e+002 -8.0427e-001 -3.8827e+000 +1.2946e+000
133 +7.069573390e+000 +7.069573390e+000 -4.520204266e+002 -4.520204266e+002 -3.3729e-002 -1.0353e+000 +2.4759e+000
153 +5.330077399e+000 +5.330077399e+000 -4.537599226e+002 -4.537599226e+002 +7.2483e-001 -3.6782e+000 +2.5930e+000
206 +4.917621603e+000 +4.917621603e+000 -4.541723784e+002 -4.541723784e+002 -5.8209e-001 -3.9882e+000 +1.9008e+000
212 +4.613582385e+000 +4.613582385e+000 -4.544764176e+002 -4.544764176e+002 -4.1530e-001 -2.0582e+000 +3.5324e+000
231 +2.918838595e+000 +2.918838595e+000 -4.561711614e+002 -4.561711614e+002 -6.9408e-001 -1.8505e+000 +4.0000e+000
242 +2.059275578e+000 +2.059275578e+000 -4.570307244e+002 -4.570307244e+002 -5.1526e-001 -1.6741e+000 +2.9761e+000
256 +2.004380842e+000 +2.004380842e+000 -4.570856192e+002 -4.570856192e+002 -7.5219e-001 -2.1077e+000 +3.1219e+000
257 +1.714910238e+000 +1.714910238e+000 -4.573750898e+002 -4.573750898e+002 +1.7925e-001 -2.5256e+000 +3.3889e+000
368 +1.652257523e+000 +1.652257523e+000 -4.574377425e+002 -4.574377425e+002 +2.0981e-001 -2.4862e+000 +3.3879e+000
466 +1.604280456e+000 +1.604280456e+000 -4.574857195e+002 -4.574857195e+002 +2.1989e-001 -2.3428e+000 +3.3939e+000
626 +1.583906460e+000 +1.583906460e+000 -4.575060935e+002 -4.575060935e+002 +2.7843e-001 -2.3897e+000 +3.3782e+000
% function evaluation | noise-free fitness - Fopt (6.085000000000e+001) | best noise-free fitness - Fopt | measured fitness | best measured fitness | x1 | x2...
1 +1.470620621e+001 +1.470620621e+001 +7.555620621e+001 +7.555620621e+001 +0.0000e+000 +0.0000e+000 +0.0000e+000
2 +2.352639911e+000 +2.352639911e+000 +6.320263991e+001 +6.320263991e+001 -6.2654e-001 -4.1018e+000 +4.5011e+000
5 +2.237260262e+000 +2.237260262e+000 +6.308726026e+001 +6.308726026e+001 -6.2702e-001 -4.0619e+000 +4.5026e+000
33 +1.984721395e+000 +1.984721395e+000 +6.283472140e+001 +6.283472140e+001 -6.2986e-001 -3.8129e+000 +4.5087e+000
89 +1.910094214e+000 +1.910094214e+000 +6.276009421e+001 +6.276009421e+001 -6.3034e-001 -3.7181e+000 +4.4875e+000
100 +1.669569074e+000 +1.669569074e+000 +6.251956907e+001 +6.251956907e+001 -6.3085e-001 -3.5120e+000 +4.4792e+000
108 +1.513382717e+000 +1.513382717e+000 +6.236338272e+001 +6.236338272e+001 -6.3170e-001 -3.3523e+000 +4.4934e+000
153 +1.474245916e+000 +1.474245916e+000 +6.232424592e+001 +6.232424592e+001 -6.4197e-001 -3.2387e+000 +4.5066e+000
166 +1.384313356e+000 +1.384313356e+000 +6.223431336e+001 +6.223431336e+001 -6.3281e-001 -3.1932e+000 +4.5437e+000
186 +1.334733386e+000 +1.334733386e+000 +6.218473339e+001 +6.218473339e+001 -6.3150e-001 -3.2398e+000 +4.5757e+000
213 +1.304393581e+000 +1.304393581e+000 +6.215439358e+001 +6.215439358e+001 -5.9310e-001 -2.9591e+000 +4.7428e+000
224 +1.275009019e+000 +1.275009019e+000 +6.212500902e+001 +6.212500902e+001 -6.2376e-001 -3.1606e+000 +4.6168e+000
227 +1.254362151e+000 +1.254362151e+000 +6.210436215e+001 +6.210436215e+001 -6.4256e-001 -3.0403e+000 +4.7185e+000
% function evaluation | noise-free fitness - Fopt (-1.435000000000e+002) | best noise-free fitness - Fopt | measured fitness | best measured fitness | x1 | x2...
1 +3.054000602e+001 +3.054000602e+001 -1.129599940e+002 -1.129599940e+002 +0.0000e+000 +0.0000e+000 +0.0000e+000
2 +7.425470520e+000 +7.425470520e+000 -1.360745295e+002 -1.360745295e+002 +2.0750e+000 +4.3278e+000 +4.6264e+000
9 +7.411481551e+000 +7.411481551e+000 -1.360885184e+002 -1.360885184e+002 +2.0749e+000 +4.3276e+000 +4.6235e+000
18 +7.222190146e+000 +7.222190146e+000 -1.362778099e+002 -1.362778099e+002 +2.0754e+000 +4.3300e+000 +4.5789e+000
35 +7.038380931e+000 +7.038380931e+000 -1.364616191e+002 -1.364616191e+002 +2.0752e+000 +4.3269e+000 +4.5268e+000
57 +6.821222185e+000 +6.821222185e+000 -1.366787778e+002 -1.366787778e+002 +2.0760e+000 +4.3135e+000 +4.4164e+000
60 +6.489704485e+000 +6.489704485e+000 -1.370102955e+002 -1.370102955e+002 +2.0747e+000 +4.1091e+000 +4.3738e+000
140 +6.452474596e+000 +6.452474596e+000 -1.370475254e+002 -1.370475254e+002 +2.0630e+000 +4.2028e+000 +4.3370e+000
153 +6.296226085e+000 +6.296226085e+000 -1.372037739e+002 -1.372037739e+002 +2.0683e+000 +4.1105e+000 +4.3265e+000
174 +6.070491476e+000 +6.070491476e+000 -1.374295085e+002 -1.374295085e+002 +1.8697e+000 +4.1349e+000 +4.3239e+000
183 +5.889292612e+000 +5.889292612e+000 -1.376107074e+002 -1.376107074e+002 +2.0214e+000 +4.0870e+000 +4.3010e+000
185 +5.760578019e+000 +5.760578019e+000 -1.377394220e+002 -1.377394220e+002 +1.9902e+000 +4.0950e+000 +4.3321e+000
192 +5.603219540e+000 +5.603219540e+000 -1.378967805e+002 -1.378967805e+002 +1.9697e+000 +4.0733e+000 +4.3094e+000
195 +5.469628661e+000 +5.469628661e+000 -1.380303713e+002 -1.380303713e+002 +1.9872e+000 +3.9879e+000 +4.3239e+000
199 +5.241558048e+000 +5.241558048e+000 -1.382584420e+002 -1.382584420e+002 +1.9524e+000 +3.9522e+000 +4.3541e+000
204 +5.101313754e+000 +5.101313754e+000 -1.383986862e+002 -1.383986862e+002 +1.9373e+000 +3.9750e+000 +4.3222e+000
220 +5.008792278e+000 +5.008792278e+000 -1.384912077e+002 -1.384912077e+002 +1.8917e+000 +3.9826e+000 +4.3033e+000
227 +4.520323906e+000 +4.520323906e+000 -1.389796761e+002 -1.389796761e+002 +1.8115e+000 +3.4738e+000 +4.3296e+000
244 +4.122668966e+000 +4.122668966e+000 -1.393773310e+002 -1.393773310e+002 +1.8554e+000 +3.7190e+000 +4.3054e+000
245 +3.848137858e+000 +3.848137858e+000 -1.396518621e+002 -1.396518621e+002 +1.8531e+000 +3.7157e+000 +4.1836e+000
262 +3.617673227e+000 +3.617673227e+000 -1.398823268e+002 -1.398823268e+002 +1.7855e+000 +3.6823e+000 +4.2052e+000
272 +3.446874585e+000 +3.446874585e+000 -1.400531254e+002 -1.400531254e+002 +1.8347e+000 +3.5884e+000 +4.1567e+000
276 +3.338124358e+000 +3.338124358e+000 -1.401618756e+002 -1.401618756e+002 +1.7784e+000 +3.5991e+000 +4.1605e+000
291 +3.208444169e+000 +3.208444169e+000 -1.402915558e+002 -1.402915558e+002 +1.8060e+000 +3.4861e+000 +4.1559e+000
306 +2.916966007e+000 +2.916966007e+000 -1.405830340e+002 -1.405830340e+002 +1.7303e+000 +3.3911e+000 +4.1814e+000
327 +2.839070151e+000 +2.839070151e+000 -1.406609298e+002 -1.406609298e+002 +1.7337e+000 +3.3951e+000 +4.1419e+000
348 +2.751262413e+000 +2.751262413e+000 -1.407487376e+002 -1.407487376e+002 +1.6709e+000 +3.3625e+000 +4.1804e+000
363 +2.661796235e+000 +2.661796235e+000 -1.408382038e+002 -1.408382038e+002 +1.6922e+000 +3.3339e+000 +4.1022e+000
375 +2.616809530e+000 +2.616809530e+000 -1.408831905e+002 -1.408831905e+002 +1.6195e+000 +3.2957e+000 +4.1126e+000
412 +2.562748738e+000 +2.562748738e+000 -1.409372513e+002 -1.409372513e+002 +1.6613e+000 +3.2633e+000 +4.1086e+000
422 +2.496083388e+000 +2.496083388e+000 -1.410039166e+002 -1.410039166e+002 +1.6518e+000 +3.2228e+000 +4.0783e+000
444 +2.311926599e+000 +2.311926599e+000 -1.411880734e+002 -1.411880734e+002 +1.6469e+000 +3.0198e+000 +3.9383e+000
506 +2.264961190e+000 +2.264961190e+000 -1.412350388e+002 -1.412350388e+002 +1.6029e+000 +2.9324e+000 +3.9549e+000
563 +2.197454391e+000 +2.197454391e+000 -1.413025456e+002 -1.413025456e+002 +1.5506e+000 +2.8346e+000 +3.8403e+000
569 +2.187455499e+000 +2.187455499e+000 -1.413125445e+002 -1.413125445e+002 +1.5495e+000 +2.7785e+000 +3.7881e+000
593 +1.870512810e+000 +1.870512810e+000 -1.416294872e+002 -1.416294872e+002 +1.5265e+000 +1.7643e+000 +3.6872e+000
762 +1.798217541e+000 +1.798217541e+000 -1.417017825e+002 -1.417017825e+002 +1.5832e+000 +1.4948e+000 +3.5532e+000
868 +1.744372327e+000 +1.744372327e+000 -1.417556277e+002 -1.417556277e+002 +1.5132e+000 +1.7725e+000 +3.6367e+000
870 +1.714574995e+000 +1.714574995e+000 -1.417854250e+002 -1.417854250e+002 +1.5064e+000 +1.7354e+000 +3.6229e+000
872 +1.692330900e+000 +1.692330900e+000 -1.418076691e+002 -1.418076691e+002 +1.4957e+000 +1.5913e+000 +3.5457e+000
916 +1.652320040e+000 +1.652320040e+000 -1.418476800e+002 -1.418476800e+002 +1.5091e+000 +1.6433e+000 +3.5808e+000
1041 +1.620803585e+000 +1.620803585e+000 -1.418791964e+002 -1.418791964e+002 +1.5378e+000 +1.6095e+000 +3.6027e+000
1130 +1.582272583e+000 +1.582272583e+000 -1.419177274e+002 -1.419177274e+002 +1.5730e+000 +1.5875e+000 +3.6184e+000
1208 +1.518482431e+000 +1.518482431e+000 -1.419815176e+002 -1.419815176e+002 +1.6247e+000 +1.5751e+000 +3.6629e+000
1346 +1.511972739e+000 +1.511972739e+000 -1.419880273e+002 -1.419880273e+002 +1.6360e+000 +1.5574e+000 +3.6596e+000
1479 +1.477630068e+000 +1.477630068e+000 -1.420223699e+002 -1.420223699e+002 +1.6663e+000 +1.5236e+000 +3.6780e+000
1500 +1.436597123e+000 +1.436597123e+000 -1.420634029e+002 -1.420634029e+002 +1.6966e+000 +1.5220e+000 +3.7043e+000
% function evaluation | noise-free fitness - Fopt (9.465100000000e+002) | best noise-free fitness - Fopt | measured fitness | best measured fitness | x1 | x2...
1 +3.694690528e+001 +3.694690528e+001 +9.834569053e+002 +9.834569053e+002 +0.0000e+000 +0.0000e+000 +0.0000e+000
79 +3.392411117e+000 +3.392411117e+000 +9.499024111e+002 +9.499024111e+002 +9.8541e-001 -1.1191e+000 -5.9598e-001
94 +2.550662195e+000 +2.550662195e+000 +9.490606622e+002 +9.490606622e+002 +4.5809e-001 -1.0564e+000 +3.9011e-001
129 +2.089135394e+000 +2.089135394e+000 +9.485991354e+002 +9.485991354e+002 +2.9455e-001 -1.3518e+000 -2.9133e-001
145 +5.255167077e-001 +5.255167077e-001 +9.470355167e+002 +9.470355167e+002 +4.7161e-001 -9.4294e-001 -1.3707e+000
