% function evaluation | noise-free fitness - Fopt (4.078000000000e+001) | best noise-free fitness - Fopt | measured fitness | best measured fitness | x1 | x2...
1 +3.454477296e+001 +3.454477296e+001 +7.532477296e+001 +7.532477296e+001 +0.0000e+000 +0.0000e+000 +0.0000e+000 +0.0000e+000 +0.0000e+000
243 +2.905808400e+001 +2.905808400e+001 +6.983808400e+001 +6.983808400e+001 +1.7297e-001 +1.6842e+000 -2.1528e+000 -7.4292e-001 +1.3420e+000
289 +2.555771483e+001 +2.555771483e+001 +6.633771483e+001 +6.633771483e+001 +3.5087e+000 +1.6479e+000 -1.6322e+000 +1.4470e+000 +8.6015e-002
381 +2.462728883e+001 +2.462728883e+001 +6.540728883e+001 +6.540728883e+001 +3.5533e+000 +1.5670e+000 -1.3534e+000 +2.2504e+000 +6.1397e-001
386 +2.424330498e+001 +2.424330498e+001 +6.502330498e+001 +6.502330498e+001 +3.5955e+000 +1.5088e+000 -1.1421e+000 +1.9055e+000 +4.8821e-001
419 +2.384647938e+001 +2.384647938e+001 +6.462647938e+001 +6.462647938e+001 +3.5506e+000 +1.4400e+000 -1.6129e+000 +1.7893e+000 +5.5321e-001
450 +2.336736129e+001 +2.336736129e+001 +6.414736129e+001 +6.414736129e+001 +3.6659e+000 +1.2824e+000 -1.0756e+000 +2.1708e+000 +7.4251e-001
478 +2.271236336e+001 +2.271236336e+001 +6.349236336e+001 +6.349236336e+001 +3.8600e+000 +1.2837e+000 -1.5859e+000 +2.0684e+000 +6.1027e-001
505 +2.216118009e+001 +2.216118009e+001 +6.294118009e+001 +6.294118009e+001 +3.7361e+000 +1.2373e+000 -1.3180e+000 +1.9430e+000 +5.4759e-001
517 +2.177628018e+001 +2.177628018e+001 +6.255628018e+001 +6.255628018e+001 +3.8491e+000 +1.1024e+000 -1.4509e+000 +2.2283e+000 +2.8204e-001
640 +2.128899787e+001 +2.128899787e+001 +6.206899787e+001 +6.206899787e+001 +4.0148e+000 +8.0730e-001 -1.1112e+000 +2.2011e+000 +9.6246e-001
779 +2.067778338e+001 +2.067778338e+001 +6.145778338e+001 +6.145778338e+001 +3.9775e+000 +9.5020e-001 -1.3644e+000 +2.0746e+000 +5.6302e-001
836 +2.000565212e+001 +2.000565212e+001 +6.078565212e+001 +6.078565212e+001 +3.8418e+000 +3.1340e-001 -1.6104e+000 +2.1762e+000 +8.0088e-001
872 +1.970842049e+001 +1.970842049e+001 +6.048842049e+001 +6.048842049e+001 +3.9731e+000 +7.2136e-001 -1.5758e+000 +2.2045e+000 +6.6724e-001
965 +1.942464646e+001 +1.942464646e+001 +6.020464646e+001 +6.020464646e+001 +4.2578e+000 +6.3894e-001 -1.5539e+000 +2.1040e+000 +5.0492e-001
1040 +1.870229831e+001 +1.870229831e+001 +5.948229831e+001 +5.948229831e+001 +4.1763e+000 +2.8172e-001 -1.5412e+000 +2.0242e+000 +7.2352e-001
1120 +1.837808621e+001 +1.837808621e+001 +5.915808621e+001 +5.915808621e+001 +4.2603e+000 +2.3923e-001 -1.5859e+000 +2.2371e+000 +7.5140e-001
1226 +1.808673133e+001 +1.808673133e+001 +5.886673133e+001 +5.886673133e+001 +4.3573e+000 -4.4217e-002 -1.7067e+000 +2.1921e+000 +7.5283e-001
% function evaluation | noise-free fitness - Fopt (-1.600000000000e+000) | best noise-free fitness - Fopt | measured fitness | best measured fitness | x1 | x2...
1 +4.431357451e+001 +4.431357451e+001 +4.271357451e+001 +4.271357451e+001 +0.0000e+000 +0.0000e+000 +0.0000e+000 +0.0000e+000 +0.0000e+000
188 +4.191797328e+001 +4.191797328e+001 +4.031797328e+001 +4.031797328e+001 +3.8366e+000 +8.2238e-001 -1.4564e+000 -3.6825e+000 -1.1320e+000
203 +3.477817527e+001 +3.477817527e+001 +3.317817527e+001 +3.317817527e+001 +2.9347e+000 +1.2785e+000 -1.3228e+000 -3.7605e+000 -1.3520e+000
229 +3.160886532e+001 +3.160886532e+001 +3.000886532e+001 +3.000886532e+001 +2.9547e+000 -2.8804e-001 -9.4585e-001 -3.7210e+000 -1.0220e+000
241 +2.670333348e+001 +2.670333348e+001 +2.510333348e+001 +2.510333348e+001 +3.2501e+000 +6.9387e-001 -8.9078e-001 -3.7532e+000 -9.9918e-001
254 +2.423940242e+001 +2.423940242e+001 +2.263940242e+001 +2.263940242e+001 +3.1113e+000 -3.5971e+000 -1.2514e+000 -3.7847e+000 -2.4045e+000
261 +2.260302504e+001 +2.260302504e+001 +2.100302504e+001 +2.100302504e+001 +2.8641e+000 +3.3659e-001 -1.2245e+000 -3.7622e+000 -1.9936e+000
290 +1.779222205e+001 +1.779222205e+001 +1.619222205e+001 +1.619222205e+001 +2.6603e+000 +2.7335e-001 -9.8735e-001 -3.7510e+000 -2.1521e+000
298 +1.583512911e+001 +1.583512911e+001 +1.423512911e+001 +1.423512911e+001 +2.2830e+000 +3.9448e-001 -6.5062e-001 -3.7631e+000 -1.7613e+000
359 +1.344781086e+001 +1.344781086e+001 +1.184781086e+001 +1.184781086e+001 +2.6892e+000 +6.8135e-002 -7.7619e-001 -3.7547e+000 -2.3539e+000
379 +1.292944642e+001 +1.292944642e+001 +1.132944642e+001 +1.132944642e+001 +3.1162e+000 -9.7212e-002 -5.1653e-001 -3.7726e+000 -2.6917e+000
382 +8.735649196e+000 +8.735649196e+000 +7.135649196e+000 +7.135649196e+000 +1.8056e+000 +8.1035e-001 +6.8883e-002 -3.8133e+000 -2.4602e+000
385 +7.987703979e+000 +7.987703979e+000 +6.387703979e+000 +6.387703979e+000 +3.1025e+000 +7.2146e-001 +4.9721e-001 -3.7684e+000 -2.1880e+000
404 +6.455314435e+000 +6.455314435e+000 +4.855314435e+000 +4.855314435e+000 +2.7201e+000 -2.0545e-003 +2.7400e-002 -3.7969e+000 -2.3611e+000
451 +5.731449130e+000 +5.731449130e+000 +4.131449130e+000 +4.131449130e+000 +2.4074e+000 +4.3541e-001 +9.6780e-002 -3.7441e+000 -2.4382e+000
472 +5.615729124e+000 +5.615729124e+000 +4.015729124e+000 +4.015729124e+000 +2.6810e+000 +2.6807e-001 +1.3626e-001 -3.7784e+000 -2.3762e+000
478 +5.103432081e+000 +5.103432081e+000 +3.503432081e+000 +3.503432081e+000 +2.6566e+000 -4.8931e-002 +1.6157e-001 -3.7115e+000 -2.5190e+000
497 +4.899193580e+000 +4.899193580e+000 +3.299193580e+000 +3.299193580e+000 +2.7028e+000 +2.3060e-001 +3.2070e-001 -3.8162e+000 -1.9972e+000
504 +3.393310830e+000 +3.393310830e+000 +1.793310830e+000 +1.793310830e+000 +2.6046e+000 +1.4420e-001 +3.7592e-001 -3.7664e+000 -2.1847e+000
513 +2.358342989e+000 +2.358342989e+000 +7.583429893e-001 +7.583429893e-001 +2.2716e+000 +1.4998e-001 +4.9839e-001 -3.5222e+000 -2.2995e+000
535 +2.057210457e+000 +2.057210457e+000 +4.572104570e-001 +4.572104570e-001 +2.2410e+000 +3.0764e-001 +7.1331e-001 -3.6550e+000 -2.2768e+000
552 +2.028233279e+000 +2.028233279e+000 +4.282332790e-001 +4.282332790e-001 +1.9599e+000 +2.5108e-001 +8.4155e-001 -3.7587e+000 -2.2057e+000
586 +1.959764509e+000 +1.959764509e+000 +3.597645089e-001 +3.597645089e-001 +2.2964e+000 +3.2112e-001 +9.5603e-001 -3.7306e+000 -2.3321e+000
614 +1.892109088e+000 +1.892109088e+000 +2.921090884e-001 +2.921090884e-001 +2.2963e+000 -2.8406e-001 +1.5244e+000 -3.8300e+000 -2.6051e+000
645 +1.775013689e+000 +1.775013689e+000 +1.750136891e-001 +1.750136891e-001 +2.3817e+000 +7.7453e-002 +1.1932e+000 -3.7984e+000 -2.4242e+000
669 +1.341977503e+000 +1.341977503e+000 -2.580224969e-001 -2.580224969e-001 +2.1453e+000 +8.9693e-002 +1.6567e+000 -3.9526e+000 -2.3569e+000
710 +1.169621499e+000 +1.169621499e+000 -4.303785008e-001 -4.303785008e-001 +1.9074e+000 +1.7874e-001 +1.3833e+000 -3.9720e+000 -2.4605e+000
750 +1.050447476e+000 +1.050447476e+000 -5.495525240e-001 -5.495525240e-001 +1.9498e+000 +1.7879e-002 +1.3067e+000 -3.9437e+000 -2.5179e+000
803 +1.037557912e+000 +1.037557912e+000 -5.624420877e-001 -5.624420877e-001 +1.9774e+000 +8.9132e-002 +1.4182e+000 -4.0911e+000 -2.6438e+000
808 +1.020509899e+000 +1.020509899e+000 -5.794901008e-001 -5.794901008e-001 +2.0131e+000 +4.0286e-002 +1.3273e+000 -4.0575e+000 -2.5937e+000
828 +9.835795176e-001 +9.835795176e-001 -6.164204824e-001 -6.164204824e-001 +1.9847e+000 +3.7109e-002 +1.4282e+000 -3.9841e+000 -2.6048e+000
856 +9.530500743e-001 +9.530500743e-001 -6.469499257e-001 -6.469499257e-001 +2.0048e+000 -5.9115e-002 +1.4772e+000 -4.0493e+000 -2.5843e+000
1063 +9.319801294e-001 +9.319801294e-001 -6.680198706e-001 -6.680198706e-001 +1.9230e+000 -3.5712e-002 +1.5093e+000 -4.0633e+000 -2.5867e+000
% function evaluation | noise-free fitness - Fopt (-3.708400000000e+002) | best noise-free fitness - Fopt | measured fitness | best measured fitness | x1 | x2...
1 +6.618478373e+001 +6.618478373e+001 -3.046552163e+002 -3.046552163e+002 +0.0000e+000 +0.0000e+000 +0.0000e+000 +0.0000e+000 +0.0000e+000
2 +5.886021323e+001 +5.886021323e+001 -3.119797868e+002 -3.119797868e+002 -1.9340e+000 -1.6707e+000 -4.8187e+000 -4.1285e+000 +4.3223e+000
3 +5.721849920e+001 +5.721849920e+001 -3.136215008e+002 -3.136215008e+002 -1.9628e+000 -1.6988e+000 -4.8555e+000 -4.1280e+000 +4.3208e+000
6 +5.447113555e+001 +5.447113555e+001 -3.163688644e+002 -3.163688644e+002 -1.9427e+000 -1.8257e+000 -4.8498e+000 -4.1294e+000 +4.3193e+000
59 +5.264970710e+001 +5.264970710e+001 -3.181902929e+002 -3.181902929e+002 -1.9098e+000 -1.8306e+000 -4.9462e+000 -4.1258e+000 +4.3266e+000
64 +5.095638241e+001 +5.095638241e+001 -3.198836176e+002 -3.198836176e+002 -1.9605e+000 -1.7361e+000 -5.1075e+000 -4.1221e+000 +4.3195e+000
70 +4.178019176e+001 +4.178019176e+001 -3.290598082e+002 -3.290598082e+002 -1.9809e+000 -1.9860e+000 -5.1754e+000 -4.1265e+000 +4.3244e+000
80 +3.693942399e+001 +3.693942399e+001 -3.339005760e+002 -3.339005760e+002 -1.9451e+000 -1.9701e+000 -5.4473e+000 -4.1229e+000 +4.3139e+000
107 +3.311244129e+001 +3.311244129e+001 -3.377275587e+002 -3.377275587e+002 -1.9394e+000 -1.9463e+000 -5.9314e+000 -4.1698e+000 +4.3104e+000
128 +2.705135956e+001 +2.705135956e+001 -3.437886404e+002 -3.437886404e+002 -1.9667e+000 -2.5124e+000 -5.7242e+000 -4.2687e+000 +4.2202e+000
146 +2.468667784e+001 +2.468667784e+001 -3.461533222e+002 -3.461533222e+002 -1.9324e+000 -2.6770e+000 -5.4779e+000 -4.0867e+000 +4.3577e+000
151 +2.273976617e+001 +2.273976617e+001 -3.481002338e+002 -3.481002338e+002 -1.9844e+000 -2.7997e+000 -5.6513e+000 -4.1141e+000 +4.3247e+000
195 +2.150590743e+001 +2.150590743e+001 -3.493340926e+002 -3.493340926e+002 -1.9473e+000 -2.6181e+000 -5.8488e+000 -4.0534e+000 +4.3341e+000
204 +2.078684169e+001 +2.078684169e+001 -3.500531583e+002 -3.500531583e+002 -1.9796e+000 -2.9410e+000 -5.7442e+000 -4.0687e+000 +4.3124e+000
207 +1.936021827e+001 +1.936021827e+001 -3.514797817e+002 -3.514797817e+002 -2.0074e+000 -3.3562e+000 -5.9927e+000 -3.9379e+000 +4.3027e+000
232 +1.898433753e+001 +1.898433753e+001 -3.518556625e+002 -3.518556625e+002 -1.9799e+000 -3.1267e+000 -5.9675e+000 -3.9831e+000 +4.3256e+000
236 +1.631274444e+001 +1.631274444e+001 -3.545272556e+002 -3.545272556e+002 -1.9859e+000 -2.9192e+000 -6.0658e+000 -3.8498e+000 +4.3263e+000
282 +1.609698411e+001 +1.609698411e+001 -3.547430159e+002 -3.547430159e+002 -1.9767e+000 -2.8450e+000 -6.0764e+000 -3.8810e+000 +4.2178e+000
305 +1.583447133e+001 +1.583447133e+001 -3.550055287e+002 -3.550055287e+002 -1.9671e+000 -2.8612e+000 -6.0840e+000 -3.8278e+000 +4.2772e+000
311 +1.495451142e+001 +1.495451142e+001 -3.558854886e+002 -3.558854886e+002 -1.9663e+000 -2.8288e+000 -6.0374e+000 -3.7578e+000 +4.2728e+000
326 +1.471349333e+001 +1.471349333e+001 -3.561265067e+002 -3.561265067e+002 -1.9730e+000 -2.8215e+000 -6.1040e+000 -3.6534e+000 +4.2879e+000
327 +1.383783003e+001 +1.383783003e+001 -3.570021700e+002 -3.570021700e+002 -1.9748e+000 -2.7781e+000 -5.8909e+000 -3.6954e+000 +4.1952e+000
363 +1.297616424e+001 +1.297616424e+001 -3.578638358e+002 -3.578638358e+002 -1.9688e+000 -3.0716e+000 -5.8483e+000 -3.5975e+000 +4.3018e+000
402 +1.282798680e+001 +1.282798680e+001 -3.580120132e+002 -3.580120132e+002 -1.9867e+000 -2.8607e+000 -5.7548e+000 -3.6255e+000 +4.2235e+000
433 +1.257181971e+001 +1.257181971e+001 -3.582681803e+002 -3.582681803e+002 -1.9749e+000 -3.0224e+000 -5.8538e+000 -3.5521e+000 +4.2271e+000
464 +1.216053761e+001 +1.216053761e+001 -3.586794624e+002 -3.586794624e+002 -1.9572e+000 -2.9578e+000 -5.5545e+000 -3.5199e+000 +4.2717e+000
477 +1.185876526e+001 +1.185876526e+001 -3.589812347e+002 -3.589812347e+002 -1.9803e+000 -2.9360e+000 -5.6085e+000 -3.4945e+000 +4.1599e+000
508 +1.169451257e+001 +1.169451257e+001 -3.591454874e+002 -3.591454874e+002 -1.9832e+000 -3.0320e+000 -5.6197e+000 -3.4452e+000 +4.1886e+000
535 +1.140928455e+001 +1.140928455e+001 -3.594307155e+002 -3.594307155e+002 -1.9800e+000 -3.0846e+000 -5.4105e+000 -3.4742e+000 +4.1007e+000
709 +1.110904248e+001 +1.110904248e+001 -3.597309575e+002 -3.597309575e+002 -2.0852e+000 -3.1176e+000 -5.5488e+000 -3.5619e+000 +3.9077e+000
753 +1.034009068e+001 +1.034009068e+001 -3.604999093e+002 -3.604999093e+002 -2.4115e+000 -3.1211e+000 -5.1575e+000 -3.5626e+000 +3.9167e+000
859 +1.012713654e+001 +1.012713654e+001 -3.607128635e+002 -3.607128635e+002 -2.5740e+000 -3.1389e+000 -5.3731e+000 -3.5927e+000 +3.8570e+000
903 +9.965202306e+000 +9.965202306e+000 -3.608747977e+002 -3.608747977e+002 -2.6053e+000 -3.1444e+000 -5.2670e+000 -3.5654e+000 +3.8567e+000
927 +9.692340002e+000 +9.692340002e+000 -3.611476600e+002 -3.611476600e+002 -2.8739e+000 -3.1306e+000 -5.1044e+000 -3.5715e+000 +3.8760e+000
1127 +9.542013042e+000 +9.542013042e+000 -3.612979870e+002 -3.612979870e+002 -3.0749e+000 -3.1170e+000 -5.0704e+000 -3.6632e+000 +3.7220e+000
% function evaluation | noise-free fitness - Fopt (-3.256000000000e+001) | best noise-free fitness - Fopt | measured fitness | best measured fitness | x1 | x2...
1 +5.577473827e+001 +5.577473827e+001 +2.321473827e+001 +2.321473827e+001 +0.0000e+000 +0.0000e+000 +0.0000e+000 +0.0000e+000 +0.0000e+000
90 +5.077638614e+001 +5.077638614e+001 +1.821638614e+001 +1.821638614e+001 +3.1884e+000 -4.0153e+000 +4.3408e+000 +1.2373e+000 +4.7229e-001
110 +4.926559528e+001 +4.926559528e+001 +1.670559528e+001 +1.670559528e+001 +3.0399e+000 -4.0298e+000 +4.2482e+000 +1.2340e+000 +4.7405e-001
129 +4.892123918e+001 +4.892123918e+001 +1.636123918e+001 +1.636123918e+001 +3.5925e+000 -3.9792e+000 +3.5773e+000 +1.3443e+000 +4.7822e-001
135 +3.051142366e+001 +3.051142366e+001 -2.048576341e+000 -2.048576341e+000 +3.4392e+000 -3.7932e+000 +3.0132e+000 +7.9027e-001 +4.5026e-001
214 +2.681605376e+001 +2.681605376e+001 -5.743946239e+000 -5.743946239e+000 +3.3935e+000 -2.6132e+000 +2.3791e+000 +2.7592e-001 +4.9093e-001
220 +2.156255102e+001 +2.156255102e+001 -1.099744898e+001 -1.099744898e+001 +3.2438e+000 -4.1028e+000 +1.7905e+000 +7.3033e-001 +4.6804e-001
237 +1.912063756e+001 +1.912063756e+001 -1.343936244e+001 -1.343936244e+001 +3.2703e+000 -3.0241e+000 +1.7010e+000 +8.5696e-001 +4.7581e-001
246 +1.893245677e+001 +1.893245677e+001 -1.362754323e+001 -1.362754323e+001 +2.9741e+000 -3.8690e+000 +5.7849e-001 -8.5303e-001 +4.7597e-001
254 +1.851582190e+001 +1.851582190e+001 -1.404417810e+001 -1.404417810e+001 +3.1543e+000 -3.3448e+000 +9.5439e-001 +1.2385e+000 +5.1598e-001
258 +1.254095498e+001 +1.254095498e+001 -2.001904502e+001 -2.001904502e+001 +3.1995e+000 -3.7389e+000 +1.0528e+000 +1.4385e-001 +4.7010e-001
379 +1.130372967e+001 +1.130372967e+001 -2.125627033e+001 -2.125627033e+001 +3.4333e+000 -3.4093e+000 +1.0483e+000 +3.6676e-001 +5.0694e-001
405 +1.087653318e+001 +1.087653318e+001 -2.168346682e+001 -2.168346682e+001 +3.4820e+000 -3.1578e+000 +5.4999e-001 +3.1957e-001 +5.2379e-001
520 +1.040722786e+001 +1.040722786e+001 -2.215277214e+001 -2.215277214e+001 +3.8049e+000 -3.2134e+000 +8.7887e-001 +1.8244e-001 +5.3368e-001
523 +9.988556467e+000 +9.988556467e+000 -2.257144353e+001 -2.257144353e+001 +3.5742e+000 -3.6756e+000 +6.1337e-001 +1.6004e-001 +4.3583e-001
600 +9.383284749e+000 +9.383284749e+000 -2.317671525e+001 -2.317671525e+001 +4.0875e+000 -3.3435e+000 +6.5033e-001 +9.8119e-002 +3.5046e-001
637 +8.703102007e+000 +8.703102007e+000 -2.385689799e+001 -2.385689799e+001 +3.6636e+000 -3.2993e+000 +4.1948e-001 +4.8418e-002 +2.0809e-001
641 +8.485947246e+000 +8.485947246e+000 -2.407405275e+001 -2.407405275e+001 +3.5164e+000 -3.0846e+000 +9.2085e-001 +1.6383e-001 +6.0275e-003
705 +8.153985584e+000 +8.153985584e+000 -2.440601442e+001 -2.440601442e+001 +3.9741e+000 -3.2559e+000 +5.4000e-001 +1.3428e-001 +1.3768e-002
706 +7.961023163e+000 +7.961023163e+000 -2.459897684e+001 -2.459897684e+001 +3.6300e+000 -3.3028e+000 +4.7027e-001 +1.9015e-001 -1.0360e-001
729 +7.890259692e+000 +7.890259692e+000 -2.466974031e+001 -2.466974031e+001 +3.7470e+000 -3.2312e+000 +4.7382e-001 +1.7968e-001 -1.4132e-001
756 +7.708561101e+000 +7.708561101e+000 -2.485143890e+001 -2.485143890e+001 +3.8121e+000 -3.1906e+000 +5.5600e-001 +2.0977e-001 -3.2021e-001
% function evaluation | noise-free fitness - Fopt (5.154000000000e+002) | best noise-free fitness - Fopt | measured fitness | best measured fitness | x1 | x2...
1 +2.019037433e+001 +2.019037433e+001 +5.355903743e+002 +5.355903743e+002 +0.0000e+000 +0.0000e+000 +0.0000e+000 +0.0000e+000 +0.0000e+000
105 +1.256448030e+001 +1.256448030e+001 +5.279644803e+002 +5.279644803e+002 +3.4152e+000 -3.9163e+000 -1.8850e+000 -3.0210e-001 +3.2733e+000
133 +1.195660001e+001 +1.195660001e+001 +5.273566000e+002 +5.273566000e+002 +3.7402e+000 -3.8781e+000 -1.8946e+000 -2.9580e-001 +3.0284e+000
152 +1.026131105e+001 +1.026131105e+001 +5.256613110e+002 +5.256613110e+002 +2.8304e+000 -4.0037e+000 -1.8917e+000 -2.8714e-001 +3.2422e+000
155 +6.209318407e+000 +6.209318407e+000 +5.216093184e+002 +5.216093184e+002 +2.8649e+000 -3.1138e+000 -1.8557e+000 -2.9872e-001 +3.2823e+000
193 +5.902043986e+000 +5.902043986e+000 +5.213020440e+002 +5.213020440e+002 +2.7827e+000 -3.3721e+000 -1.8193e+000 -2.6746e-001 +3.1565e+000
227 +5.555451841e+000 +5.555451841e+000 +5.209554518e+002 +5.209554518e+002 +2.7429e+000 -3.4254e+000 -1.9283e+000 -2.7837e-001 +3.2018e+000
231 +5.416534334e+000 +5.416534334e+000 +5.208165343e+002 +5.208165343e+002 +3.6644e+000 -3.1228e+000 -1.9501e+000 -2.7242e-001 +3.1888e+000
255 +5.208061450e+000 +5.208061450e+000 +5.206080614e+002 +5.206080614e+002 +2.9160e+000 -3.2486e+000 -1.9382e+000 -2.8605e-001 +3.1722e+000
262 +5.048741690e+000 +5.048741690e+000 +5.204487417e+002 +5.204487417e+002 +3.2555e+000 -3.2906e+000 -1.8934e+000 -1.9400e-001 +3.1376e+000
287 +4.923052328e+000 +4.923052328e+000 +5.203230523e+002 +5.203230523e+002 +3.3474e+000 -3.2720e+000 -1.9509e+000 -2.4200e-001 +3.1709e+000
322 +4.829681453e+000 +4.829681453e+000 +5.202296815e+002 +5.202296815e+002 +3.1649e+000 -3.4418e+000 -2.0644e+000 -2.7343e-001 +3.2003e+000
330 +4.742796494e+000 +4.742796494e+000 +5.201427965e+002 +5.201427965e+002 +3.1791e+000 -3.2760e+000 -1.9710e+000 -2.7602e-001 +3.1636e+000
352 +4.514553223e+000 +4.514553223e+000 +5.199145532e+002 +5.199145532e+002 +3.3092e+000 -3.3372e+000 -1.9854e+000 -2.9645e-001 +3.0054e+000
379 +4.398813531e+000 +4.398813531e+000 +5.197988135e+002 +5.197988135e+002 +3.1685e+000 -3.3006e+000 -2.0259e+000 -1.7407e-001 +3.1423e+000
387 +4.169649906e+000 +4.169649906e+000 +5.195696499e+002 +5.195696499e+002 +3.2285e+000 -3.4441e+000 -1.9872e+000 -2.2232e-001 +2.8238e+000
404 +4.092371951e+000 +4.092371951e+000 +5.194923720e+002 +5.194923720e+002 +3.3301e+000 -3.4429e+000 -2.0597e+000 -2.3640e-001 +2.7973e+000
431 +4.007269681e+000 +4.007269681e+000 +5.194072697e+002 +5.194072697e+002 +3.2566e+000 -3.3568e+000 -2.0514e+000 -1.8265e-001 +3.0333e+000
454 +3.762658590e+000 +3.762658590e+000 +5.191626586e+002 +5.191626586e+002 +3.1650e+000 -3.3599e+000 -2.0833e+000 -1.2143e-001 +2.9982e+000
503 +3.494513134e+000 +3.494513134e+000 +5.188945131e+002 +5.188945131e+002 +3.3731e+000 -3.3907e+000 -2.1196e+000 +2.7687e-002 +2.9366e+000
589 +3.435760117e+000 +3.435760117e+000 +5.188357601e+002 +5.188357601e+002 +3.2744e+000 -3.3957e+000 -2.1088e+000 -3.7517e-002 +2.9239e+000
647 +3.344672500e+000 +3.344672500e+000 +5.187446725e+002 +5.187446725e+002 +3.3096e+000 -3.3590e+000 -2.0978e+000 -4.7171e-002 +2.8763e+000
656 +3.203348476e+000 +3.203348476e+000 +5.186033485e+002 +5.186033485e+002 +3.2152e+000 -3.4102e+000 -2.1116e+000 -2.6716e-002 +2.7974e+000
660 +3.160993256e+000 +3.160993256e+000 +5.185609933e+002 +5.185609933e+002 +3.3159e+000 -3.3948e+000 -2.1085e+000 -1.8716e-002 +2.7958e+000
687 +2.999231549e+000 +2.999231549e+000 +5.183992315e+002 +5.183992315e+002 +3.4204e+000 -3.3953e+000 -2.1243e+000 +1.1412e-002 +2.7032e+000
716 +2.768064532e+000 +2.768064532e+000 +5.181680645e+002 +5.181680645e+002 +3.3149e+000 -3.3953e+000 -2.1247e+000 +1.5097e-001 +2.4864e+000
830 +2.749381061e+000 +2.749381061e+000 +5.181493811e+002 +5.181493811e+002 +3.3815e+000 -3.3865e+000 -2.2303e+000 +2.5372e-001 +2.6537e+000
837 +2.603095785e+000 +2.603095785e+000 +5.180030958e+002 +5.180030958e+002 +3.3679e+000 -3.4834e+000 -2.1973e+000 +1.9042e-001 +2.3943e+000
852 +2.559985672e+000 +2.559985672e+000 +5.179599857e+002 +5.179599857e+002 +3.5994e+000 -3.4091e+000 -2.2358e+000 +2.0928e-001 +2.4315e+000
883 +2.490029879e+000 +2.490029879e+000 +5.178900299e+002 +5.178900299e+002 +3.4777e+000 -3.4476e+000 -2.2212e+000 +3.2645e-001 +2.4793e+000
940 +2.453682577e+000 +2.453682577e+000 +5.178536826e+002 +5.178536826e+002 +3.5205e+000 -3.4632e+000 -2.2290e+000 +3.1445e-001 +2.4481e+000
1076 +2.386653477e+000 +2.386653477e+000 +5.177866535e+002 +5.177866535e+002 +3.5022e+000 -3.4378e+000 -2.2032e+000 +4.7949e-001 +2.1711e+000
1157 +2.344087267e+000 +2.344087267e+000 +5.177440873e+002 +5.177440873e+002 +3.6565e+000 -3.4444e+000 -2.2875e+000 +4.6681e-001 +2.2910e+000
1307 +2.289056732e+000 +2.289056732e+000 +5.176890567e+002 +5.176890567e+002 +3.6831e+000 -3.4883e+000 -2.2901e+000 +5.0342e-001 +2.1303e+000
% function evaluation | noise-free fitness - Fopt (-1.000000000000e+003) | best noise-free fitness - Fopt | measured fitness | best measured fitness | x1 | x2...
1 +6.307126318e+001 +6.307126318e+001 -9.369287368e+002 -9.369287368e+002 +0.0000e+000 +0.0000e+000 +0.0000e+000 +0.0000e+000 +0.0000e+000
102 +5.913641240e+001 +5.913641240e+001 -9.408635876e+002 -9.408635876e+002 +5.4299e-001 +8.6725e-001 -3.6504e+000 +3.4790e+000 -4.6153e+000
130 +5.409245600e+001 +5.409245600e+001 -9.459075440e+002 -9.459075440e+002 +1.1441e+000 +8.8964e-001 -3.6258e+000 +2.8457e+000 -4.6190e+000
132 +3.934610503e+001 +3.934610503e+001 -9.606538950e+002 -9.606538950e+002 -8.1268e-001 +9.0409e-001 -3.6304e+000 +2.5196e+000 -4.6252e+000
152 +3.654367115e+001 +3.654367115e+001 -9.634563288e+002 -9.634563288e+002 +5.6605e-001 +8.7658e-001 -3.5832e+000 +1.9100e+000 -4.6213e+000
179 +3.450127374e+001 +3.450127374e+001 -9.654987263e+002 -9.654987263e+002 -4.4098e-001 +8.8009e-001 -3.5898e+000 +2.3455e+000 -4.6217e+000
180 +3.165484998e+001 +3.165484998e+001 -9.683451500e+002 -9.683451500e+002 -6.2141e-001 +8.8533e-001 -3.5829e+000 +2.0698e+000 -4.6326e+000
189 +3.108120600e+001 +3.108120600e+001 -9.689187940e+002 -9.689187940e+002 -5.7019e-001 +8.9134e-001 -3.8319e+000 +2.1629e+000 -4.6184e+000
194 +3.004030602e+001 +3.004030602e+001 -9.699596940e+002 -9.699596940e+002 -1.4815e-001 +8.9159e-001 -3.6402e+000 +1.9217e+000 -4.6175e+000
211 +2.927261369e+001 +2.927261369e+001 -9.707273863e+002 -9.707273863e+002 -1.0660e+000 +9.1424e-001 -3.8735e+000 +1.7401e+000 -4.6355e+000
229 +2.813565472e+001 +2.813565472e+001 -9.718643453e+002 -9.718643453e+002 -4.9736e-001 +9.1281e-001 -3.7074e+000 +1.7055e+000 -4.6249e+000
255 +2.752302656e+001 +2.752302656e+001 -9.724769734e+002 -9.724769734e+002 -5.3529e-001 +9.1781e-001 -3.8600e+000 +1.6949e+000 -4.6185e+000
380 +2.690767370e+001 +2.690767370e+001 -9.730923263e+002 -9.730923263e+002 -8.7723e-001 +8.4054e-001 -4.0954e+000 +1.5525e+000 -4.5938e+000
450 +2.513570245e+001 +2.513570245e+001 -9.748642975e+002 -9.748642975e+002 -7.7267e-001 +9.3987e-001 -4.1527e+000 +1.3656e+000 -4.4319e+000
482 +2.509229229e+001 +2.509229229e+001 -9.749077077e+002 -9.749077077e+002 -6.9482e-001 +8.9163e-001 -4.0585e+000 +1.4449e+000 -4.3941e+000
510 +2.422286142e+001 +2.422286142e+001 -9.757771386e+002 -9.757771386e+002 -8.2978e-001 +9.2816e-001 -4.0852e+000 +1.3442e+000 -4.2500e+000
542 +2.368807256e+001 +2.368807256e+001 -9.763119274e+002 -9.763119274e+002 -9.7998e-001 +9.6375e-001 -4.1062e+000 +1.4151e+000 -3.9613e+000
632 +2.295285721e+001 +2.295285721e+001 -9.770471428e+002 -9.770471428e+002 -8.5015e-001 +9.6419e-001 -1.0357e+000 +1.3962e+000 -1.1284e+000
775 +2.285437198e+001 +2.285437198e+001 -9.771456280e+002 -9.771456280e+002 -6.9511e-001 +1.2196e+000 -3.6931e+000 +1.3919e+000 -3.9464e+000
839 +2.226750857e+001 +2.226750857e+001 -9.777324914e+002 -9.777324914e+002 -7.9222e-001 +1.4521e+000 -3.7086e+000 +1.4890e+000 -3.8960e+000
908 +2.179338673e+001 +2.179338673e+001 -9.782066133e+002 -9.782066133e+002 -8.2204e-001 +1.6604e+000 -3.8095e+000 +1.4784e+000 -3.7185e+000
1016 +2.133518744e+001 +2.133518744e+001 -9.786648126e+002 -9.786648126e+002 -9.1017e-001 +1.8409e+000 -4.2101e+000 +1.4824e+000 -3.7982e+000
% function evaluation | noise-free fitness - Fopt (9.190000000000e+001) | best noise-free fitness - Fopt | measured fitness | best measured fitness | x1 | x2...
1 +4.082584245e+001 +4.082584245e+001 +1.327258424e+002 +1.327258424e+002 +0.0000e+000 +0.0000e+000 +0.0000e+000 +0.0000e+000 +0.0000e+000
144 +3.929832782e+001 +3.929832782e+001 +1.311983278e+002 +1.311983278e+002 +4.6416e+000 +2.6917e-001 +3.0073e+000 -8.5827e-001 +2.1249e+000
168 +3.739096845e+001 +3.739096845e+001 +1.292909684e+002 +1.292909684e+002 +4.6325e+000 +2.7544e-001 +2.9656e+000 -8.2326e-001 +1.7124e+000
181 +2.843093969e+001 +2.843093969e+001 +1.203309397e+002 +1.203309397e+002 +4.6342e+000 +2.7065e-001 +2.9254e+000 -9.6371e-001 -2.3683e+000
246 +2.591788589e+001 +2.591788589e+001 +1.178178859e+002 +1.178178859e+002 +4.6176e+000 +2.6901e-001 +3.0056e+000 -5.1920e-001 -1.5801e+000
254 +2.384785964e+001 +2.384785964e+001 +1.157478596e+002 +1.157478596e+002 +4.6426e+000 +2.5748e-001 +2.6504e+000 -6.6240e-001 -2.6323e+000
270 +1.870812412e+001 +1.870812412e+001 +1.106081241e+002 +1.106081241e+002 +4.6342e+000 +2.7338e-001 +3.1288e+000 -7.2676e-001 -2.9199e+000
278 +1.722610810e+001 +1.722610810e+001 +1.091261081e+002 +1.091261081e+002 +4.6563e+000 +2.7182e-001 +3.1427e+000 -7.0551e-001 -3.8158e+000
303 +1.089468768e+001 +1.089468768e+001 +1.027946877e+002 +1.027946877e+002 +4.6523e+000 +2.5238e-001 +3.8555e+000 -8.5993e-001 -2.8217e+000
380 +6.115724503e+000 +6.115724503e+000 +9.801572450e+001 +9.801572450e+001 +4.5230e+000 +2.3630e-001 +4.1536e+000 -5.5424e-001 -3.6155e+000
445 +5.998701393e+000 +5.998701393e+000 +9.789870139e+001 +9.789870139e+001 +4.5823e+000 +2.5536e-001 +4.2068e+000 -1.8903e-001 -3.6023e+000
452 +5.293022923e+000 +5.293022923e+000 +9.719302292e+001 +9.719302292e+001 +4.6311e+000 +2.7939e-001 +4.2036e+000 -4.4463e-001 -3.3890e+000
464 +4.634354082e+000 +4.634354082e+000 +9.653435408e+001 +9.653435408e+001 +4.5626e+000 +2.6449e-001 +4.4801e+000 -2.5896e-001 -3.5349e+000
477 +3.923506697e+000 +3.923506697e+000 +9.582350670e+001 +9.582350670e+001 +4.6033e+000 +3.4550e-001 +4.3424e+000 -6.2950e-001 -3.2998e+000
490 +3.542781168e+000 +3.542781168e+000 +9.544278117e+001 +9.544278117e+001 +4.4882e+000 +2.7634e-001 +4.6751e+000 -7.9816e-001 -3.4124e+000
528 +3.459904979e+000 +3.459904979e+000 +9.535990498e+001 +9.535990498e+001 +4.6491e+000 +3.1689e-001 +4.6385e+000 -3.7617e-001 -3.4854e+000
543 +3.387968208e+000 +3.387968208e+000 +9.528796821e+001 +9.528796821e+001 +4.4970e+000 +2.8731e-001 +4.5990e+000 -6.1731e-001 -3.3579e+000
549 +2.787504574e+000 +2.787504574e+000 +9.468750457e+001 +9.468750457e+001 +4.2578e+000 +3.3995e-001 +4.7763e+000 -7.0131e-001 -3.1520e+000
585 +2.662285641e+000 +2.662285641e+000 +9.456228564e+001 +9.456228564e+001 +4.4234e+000 +3.7215e-001 +4.8684e+000 -7.6480e-001 -3.1924e+000
605 +2.298781396e+000 +2.298781396e+000 +9.419878140e+001 +9.419878140e+001 +4.3982e+000 +4.2766e-001 +4.7445e+000 -7.7886e-001 -3.2773e+000
627 +2.212051139e+000 +2.212051139e+000 +9.411205114e+001 +9.411205114e+001 +4.4317e+000 +5.0849e-001 +4.8483e+000 -7.9292e-001 -3.4705e+000
632 +2.098634784e+000 +2.098634784e+000 +9.399863478e+001 +9.399863478e+001 +4.2289e+000 +5.3202e-001 +4.6002e+000 -8.0468e-001 -3.2866e+000
649 +2.027008644e+000 +2.027008644e+000 +9.392700864e+001 +9.392700864e+001 +4.3495e+000 +6.0939e-001 +4.8388e+000 -8.6462e-001 -3.1934e+000
666 +1.965761349e+000 +1.965761349e+000 +9.386576135e+001 +9.386576135e+001 +4.3979e+000 +8.4929e-001 +4.8301e+000 -7.9577e-001 -3.3410e+000
676 +1.501562408e+000 +1.501562408e+000 +9.340156241e+001 +9.340156241e+001 +4.4871e+000 +1.0780e+000 +4.7070e+000 -8.1283e-001 -2.8839e+000
677 +1.193296726e+000 +1.193296726e+000 +9.309329673e+001 +9.309329673e+001 +4.4155e+000 +1.1758e+000 +4.5422e+000 -7.1491e-001 -2.8563e+000
808 +1.078397003e+000 +1.078397003e+000 +9.297839700e+001 +9.297839700e+001 +4.4541e+000 +1.1960e+000 +4.5159e+000 -4.8309e-001 -2.8496e+000
868 +1.070493966e+000 +1.070493966e+000 +9.297049397e+001 +9.297049397e+001 +4.4512e+000 +1.1875e+000 +4.5329e+000 -5.5784e-001 -2.8535e+000
932 +1.000363096e+000 +1.000363096e+000 +9.290036310e+001 +9.290036310e+001 +4.5679e+000 +1.2101e+000 +4.4665e+000 -5.4341e-001 -2.8929e+000
1017 +9.997044405e-001 +9.997044405e-001 +9.289970444e+001 +9.289970444e+001 +4.5372e+000 +1.2880e+000 +4.4387e+000 -5.0986e-001 -2.7898e+000
1068 +9.697840554e-001 +9.697840554e-001 +9.286978406e+001 +9.286978406e+001 +4.5581e+000 +1.2653e+000 +4.4473e+000 -4.8617e-001 -2.8436e+000
1112 +9.458216486e-001 +9.458216486e-001 +9.284582165e+001 +9.284582165e+001 +4.6236e+000 +1.2560e+000 +4.4551e+000 -4.3318e-001 -2.9049e+000
1607 +9.321642543e-001 +9.321642543e-001 +9.283216425e+001 +9.283216425e+001 +4.6711e+000 +1.2984e+000 +4.4461e+000 -4.1777e-001 -2.8943e+000
% function evaluation | noise-free fitness - Fopt (-7.597000000000e+001) | best noise-free fitness - Fopt | measured fitness | best measured fitness | x1 | x2...
1 +6.713218106e+001 +6.713218106e+001 -8.837818940e+000 -8.837818940e+000 +0.0000e+000 +0.0000e+000 +0.0000e+000 +0.0000e+000 +0.0000e+000
31 +6.292426411e+001 +6.292426411e+001 -1.304573589e+001 -1.304573589e+001 +5.7162e-001 -6.7730e-001 +2.3390e+000 -3.4405e+000 +3.7626e+000
61 +5.995430459e+001 +5.995430459e+001 -1.601569541e+001 -1.601569541e+001 +8.5248e-001 -6.7657e-001 +2.5231e+000 -3.4986e+000 +3.7353e+000
77 +5.843555777e+001 +5.843555777e+001 -1.753444223e+001 -1.753444223e+001 +9.5567e-001 -6.7618e-001 +2.4786e+000 -3.4067e+000 +3.7434e+000
123 +5.365870479e+001 +5.365870479e+001 -2.231129521e+001 -2.231129521e+001 +1.3305e+000 -6.7622e-001 -3.2615e+000 -3.4139e+000 +3.7115e+000
161 +4.491562825e+001 +4.491562825e+001 -3.105437175e+001 -3.105437175e+001 +2.2720e+000 -6.8564e-001 +1.0040e+000 -3.2960e+000 +3.7436e+000
164 +3.685848007e+001 +3.685848007e+001 -3.911151993e+001 -3.911151993e+001 +5.3308e-001 -6.5754e-001 -1.8214e+000 -3.3966e+000 +3.7422e+000
189 +3.491361953e+001 +3.491361953e+001 -4.105638047e+001 -4.105638047e+001 +1.6417e+000 -6.8547e-001 -9.7853e-001 -3.4311e+000 +3.9400e+000
197 +2.949675643e+001 +2.949675643e+001 -4.647324357e+001 -4.647324357e+001 -8.7835e-001 -6.8796e-001 -1.4735e+000 -3.4087e+000 +3.8039e+000
219 +1.433477716e+001 +1.433477716e+001 -6.163522284e+001 -6.163522284e+001 +2.5532e+000 -6.8872e-001 -6.8829e-001 -3.6832e+000 +3.8123e+000
220 +8.517327134e+000 +8.517327134e+000 -6.745267287e+001 -6.745267287e+001 +3.1925e+000 -6.8832e-001 -8.4799e-001 -3.4393e+000 +3.8880e+000
304 +8.079960296e+000 +8.079960296e+000 -6.789003970e+001 -6.789003970e+001 +3.4304e+000 -6.8320e-001 -6.5172e-001 -3.4743e+000 +3.6303e+000
400 +7.850303961e+000 +7.850303961e+000 -6.811969604e+001 -6.811969604e+001 +3.5960e+000 -6.7944e-001 -7.6176e-001 -3.6044e+000 +3.4974e+000
456 +7.717987753e+000 +7.717987753e+000 -6.825201225e+001 -6.825201225e+001 +3.4350e+000 -7.1860e-001 -7.8990e-001 -3.8787e+000 +3.5803e+000
% function evaluation | noise-free fitness - Fopt (-1.699000000000e+001) | best noise-free fitness - Fopt | measured fitness | best measured fitness | x1 | x2...
1 +5.292290980e+001 +5.292290980e+001 +3.593290980e+001 +3.593290980e+001 +0.0000e+000 +0.0000e+000 +0.0000e+000 +0.0000e+000 +0.0000e+000
127 +4.985220651e+001 +4.985220651e+001 +3.286220651e+001 +3.286220651e+001 -2.1943e+000 -3.7781e+000 -5.3581e+000 -6.1208e-001 -4.1956e+000
134 +3.481088149e+001 +3.481088149e+001 +1.782088149e+001 +1.782088149e+001 -2.1838e+000 -4.4424e+000 -4.9585e+000 -5.7705e-001 -4.2343e+000
164 +3.289872176e+001 +3.289872176e+001 +1.590872176e+001 +1.590872176e+001 -2.1993e+000 -3.7450e+000 -4.6757e+000 -7.8179e-001 -4.7028e+000
168 +1.923751815e+001 +1.923751815e+001 +2.247518148e+000 +2.247518148e+000 -2.1926e+000 -4.3391e+000 -3.7250e+000 -5.3035e-001 -4.5293e+000
241 +1.780024233e+001 +1.780024233e+001 +8.102423284e-001 +8.102423284e-001 -2.1910e+000 -4.2862e+000 -3.1452e+000 -7.6879e-001 -4.8285e+000
256 +1.732156414e+001 +1.732156414e+001 +3.315641393e-001 +3.315641393e-001 -2.2388e+000 -4.8466e+000 -3.8085e+000 -7.1961e-001 -4.5085e+000
285 +1.549338554e+001 +1.549338554e+001 -1.496614461e+000 -1.496614461e+000 -2.2011e+000 -4.9460e+000 -2.9621e+000 -7.6259e-001 -4.5799e+000
293 +1.538660974e+001 +1.538660974e+001 -1.603390262e+000 -1.603390262e+000 -2.2084e+000 -4.7732e+000 -3.1598e+000 -7.7450e-001 -4.5078e+000
327 +1.395716507e+001 +1.395716507e+001 -3.032834929e+000 -3.032834929e+000 -2.4032e+000 -4.8226e+000 -3.6454e+000 -7.7218e-001 -4.5842e+000
343 +1.218353521e+001 +1.218353521e+001 -4.806464792e+000 -4.806464792e+000 -2.5023e+000 -4.8495e+000 -3.3959e+000 -7.0611e-001 -5.0147e+000
377 +1.030168473e+001 +1.030168473e+001 -6.688315265e+000 -6.688315265e+000 -2.5947e+000 -4.7669e+000 -3.0671e+000 -6.0488e-001 -4.7167e+000
433 +9.601558298e+000 +9.601558298e+000 -7.388441702e+000 -7.388441702e+000 -2.9755e+000 -5.0674e+000 -3.1373e+000 -6.5116e-001 -4.0554e+000
450 +8.720691327e+000 +8.720691327e+000 -8.269308673e+000 -8.269308673e+000 -2.8914e+000 -4.8841e+000 -3.1967e+000 -6.8548e-001 -4.4532e+000
457 +8.445138085e+000 +8.445138085e+000 -8.544861915e+000 -8.544861915e+000 -3.0152e+000 -4.7748e+000 -2.6313e+000 -6.9051e-001 -4.9113e+000
460 +8.091155736e+000 +8.091155736e+000 -8.898844264e+000 -8.898844264e+000 -3.2519e+000 -4.5713e+000 -3.3364e+000 -6.8445e-001 -4.5201e+000
461 +7.741812396e+000 +7.741812396e+000 -9.248187604e+000 -9.248187604e+000 -3.2145e+000 -4.7973e+000 -3.0339e+000 -8.6850e-001 -4.4874e+000
491 +7.574130131e+000 +7.574130131e+000 -9.415869869e+000 -9.415869869e+000 -3.2515e+000 -4.7724e+000 -2.9984e+000 -6.8115e-001 -4.7492e+000
546 +7.412780997e+000 +7.412780997e+000 -9.577219003e+000 -9.577219003e+000 -3.4215e+000 -4.5887e+000 -3.0208e+000 -8.1072e-001 -4.7590e+000
% function evaluation | noise-free fitness - Fopt (2.740000000000e+000) | best noise-free fitness - Fopt | measured fitness | best measured fitness | x1 | x2...
1 +6.291308264e+001 +6.291308264e+001 +6.565308264e+001 +6.565308264e+001 +0.0000e+000 +0.0000e+000 +0.0000e+000 +0.0000e+000 +0.0000e+000
218 +5.826291890e+001 +5.826291890e+001 +6.100291890e+001 +6.100291890e+001 +4.2837e+000 -1.9721e+000 +3.2590e+000 +1.2547e+000 -1.6287e+000
228 +3.588915616e+001 +3.588915616e+001 +3.862915616e+001 +3.862915616e+001 +4.2818e+000 -1.9574e+000 +2.8064e+000 +2.2991e-001 -1.2963e+000
246 +2.535712604e+001 +2.535712604e+001 +2.809712604e+001 +2.809712604e+001 +4.3400e+000 -1.9626e+000 +4.0424e+000 -9.1471e-001 -9.5377e-001
253 +9.861388723e+000 +9.861388723e+000 +1.260138872e+001 +1.260138872e+001 +4.3110e+000 -1.9611e+000 +4.2545e+000 -1.8294e+000 -1.1688e+000
265 +7.788888768e+000 +7.788888768e+000 +1.052888877e+001 +1.052888877e+001 +4.3014e+000 -1.9691e+000 +3.2255e+000 -1.5197e+000 -1.2100e+000
277 +6.108066878e+000 +6.108066878e+000 +8.848066878e+000 +8.848066878e+000 +4.1824e+000 -1.9686e+000 +2.8438e+000 -1.3886e+000 -8.0759e-001
386 +5.938323243e+000 +5.938323243e+000 +8.678323243e+000 +8.678323243e+000 +4.2246e+000 -2.0421e+000 +3.2283e+000 -1.3465e+000 -8.9487e-001
412 +4.834942047e+000 +4.834942047e+000 +7.574942047e+000 +7.574942047e+000 +4.2412e+000 -2.3376e+000 +3.3348e+000 -1.5055e+000 -8.8835e-001
440 +4.225616689e+000 +4.225616689e+000 +6.965616689e+000 +6.965616689e+000 +4.1301e+000 -2.2007e+000 +3.2616e+000 -1.4952e+000 -9.2168e-001
453 +3.662465393e+000 +3.662465393e+000 +6.402465393e+000 +6.402465393e+000 +4.0967e+000 -2.1577e+000 +3.4867e+000 -1.6571e+000 -7.3870e-001
474 +2.778104034e+000 +2.778104034e+000 +5.518104034e+000 +5.518104034e+000 +4.0477e+000 -2.2465e+000 +3.4138e+000 -1.5823e+000 -6.1751e-001
490 +2.552067760e+000 +2.552067760e+000 +5.292067760e+000 +5.292067760e+000 +3.9619e+000 -2.2716e+000 +3.4785e+000 -1.5369e+000 -6.2814e-001
492 +2.416617206e+000 +2.416617206e+000 +5.156617206e+000 +5.156617206e+000 +4.0002e+000 -2.4041e+000 +3.5435e+000 -1.6652e+000 -4.5884e-001
505 +2.203243645e+000 +2.203243645e+000 +4.943243645e+000 +4.943243645e+000 +3.9207e+000 -2.2784e+000 +3.3683e+000 -1.6254e+000 -6.9431e-001
509 +1.927721645e+000 +1.927721645e+000 +4.667721645e+000 +4.667721645e+000 +3.6700e+000 -2.3290e+000 +3.0371e+000 -1.5743e+000 -6.6851e-001
523 +1.838946190e+000 +1.838946190e+000 +4.578946190e+000 +4.578946190e+000 +3.2109e+000 -2.4850e+000 +3.5971e+000 -1.6024e+000 -5.7423e-001
527 +7.946585796e-001 +7.946585796e-001 +3.534658580e+000 +3.534658580e+000 +3.3758e+000 -2.5338e+000 +3.3242e+000 -1.7331e+000 -4.8774e-001
536 +2.776788802e-001 +2.776788802e-001 +3.017678880e+000 +3.017678880e+000 +2.5619e+000 -2.1614e+000 +2.7473e+000 -1.5505e+000 -6.1206e-001
668 +2.565432250e-001 +2.565432250e-001 +2.996543225e+000 +2.996543225e+000 +2.9115e+000 -2.2992e+000 +2.8945e+000 -1.6062e+000 -4.3546e-001
706 +2.353133425e-001 +2.353133425e-001 +2.975313342e+000 +2.975313342e+000 +2.7922e+000 -2.3581e+000 +2.8723e+000 -1.4822e+000 -2.8517e-001
728 +2.055862611e-001 +2.055862611e-001 +2.945586261e+000 +2.945586261e+000 +2.7733e+000 -2.3775e+000 +2.9624e+000 -1.5480e+000 -2.3692e-001
768 +2.017952166e-001 +2.017952166e-001 +2.941795217e+000 +2.941795217e+000 +2.8579e+000 -2.3644e+000 +3.0387e+000 -1.6326e+000 -3.8695e-001
778 +1.671254959e-001 +1.671254959e-001 +2.907125496e+000 +2.907125496e+000 +2.7827e+000 -2.2984e+000 +2.9416e+000 -1.5773e+000 -2.7240e-001
785 +1.427945513e-001 +1.427945513e-001 +2.882794551e+000 +2.882794551e+000 +2.1415e+000 -2.3515e+000 +2.9069e+000 -1.6247e+000 -1.4887e-001
794 +8.142403983e-002 +8.142403983e-002 +2.821424040e+000 +2.821424040e+000 +2.4781e+000 -2.3732e+000 +2.9550e+000 -1.7234e+000 -2.1764e-001
830 +7.801658130e-002 +7.801658130e-002 +2.818016581e+000 +2.818016581e+000 +2.3074e+000 -2.3948e+000 +2.9372e+000 -1.7554e+000 -2.4292e-001
843 +7.540261870e-002 +7.540261870e-002 +2.815402619e+000 +2.815402619e+000 +2.5093e+000 -2.3465e+000 +2.9561e+000 -1.7514e+000 -2.6113e-001
852 +7.303629123e-002 +7.303629123e-002 +2.813036291e+000 +2.813036291e+000 +2.3805e+000 -2.2975e+000 +2.8993e+000 -1.7137e+000 -3.3363e-001
855 +7.044061951e-002 +7.044061951e-002 +2.810440620e+000 +2.810440620e+000 +2.3837e+000 -2.3071e+000 +2.9340e+000 -1.7028e+000 -2.7838e-001
859 +6.221021602e-002 +6.221021602e-002 +2.802210216e+000 +2.802210216e+000 +2.4098e+000 -2.2888e+000 +2.9312e+000 -1.7110e+000 -2.2616e-001
861 +5.010721409e-002 +5.010721409e-002 +2.790107214e+000 +2.790107214e+000 +2.3527e+000 -2.2843e+000 +2.8755e+000 -1.8466e+000 -2.1680e-001
896 +4.397116522e-002 +4.397116522e-002 +2.783971165e+000 +2.783971165e+000 +2.3498e+000 -2.2545e+000 +2.8741e+000 -1.7742e+000 -2.2633e-001
942 +4.247517361e-002 +4.247517361e-002 +2.782475174e+000 +2.782475174e+000 +2.3805e+000 -2.3211e+000 +3.0082e+000 -1.8416e+000 -1.9726e-001
961 +3.926566130e-002 +3.926566130e-002 +2.779265661e+000 +2.779265661e+000 +2.3812e+000 -2.1940e+000 +2.9288e+000 -1.7981e+000 -2.0078e-001
987 +3.818739964e-002 +3.818739964e-002 +2.778187400e+000 +2.778187400e+000 +2.3478e+000 -2.2591e+000 +2.9274e+000 -1.8086e+000 -1.8243e-001
988 +3.748381758e-002 +3.748381758e-002 +2.777483818e+000 +2.777483818e+000 +2.2059e+000 -2.2716e+000 +2.9247e+000 -1.7927e+000 -1.9358e-001
993 +3.206907319e-002 +3.206907319e-002 +2.772069073e+000 +2.772069073e+000 +2.3080e+000 -2.2456e+000 +2.9523e+000 -1.8186e+000 -2.0646e-001
1004 +2.615995662e-002 +2.615995662e-002 +2.766159957e+000 +2.766159957e+000 +2.2072e+000 -2.1504e+000 +2.9565e+000 -1.8279e+000 -2.9683e-001
1036 +1.998053580e-002 +1.998053580e-002 +2.759980536e+000 +2.759980536e+000 +2.1258e+000 -2.1441e+000 +2.8917e+000 -1.8417e+000 -2.1188e-001
1044 +1.814594841e-002 +1.814594841e-002 +2.758145948e+000 +2.758145948e+000 +2.2182e+000 -2.1013e+000 +2.9214e+000 -1.9374e+000 -2.1067e-001
1164 +1.584398452e-002 +1.584398452e-002 +2.755843985e+000 +2.755843985e+000 +2.1084e+000 -2.1411e+000 +2.9041e+000 -1.8955e+000 -2.1473e-001
1217 +1.536788009e-002 +1.536788009e-002 +2.755367880e+000 +2.755367880e+000 +2.0957e+000 -2.0931e+000 +2.9277e+000 -1.8885e+000 -2.0800e-001
1228 +1.433625439e-002 +1.433625439e-002 +2.754336254e+000 +2.754336254e+000 +2.1126e+000 -2.1489e+000 +2.9550e+000 -1.9105e+000 -1.9492e-001
1262 +1.384221832e-002 +1.384221832e-002 +2.753842218e+000 +2.753842218e+000 +2.1081e+000 -2.1334e+000 +2.9499e+000 -1.9264e+000 -2.1060e-001
1271 +1.216090353e-002 +1.216090353e-002 +2.752160904e+000 +2.752160904e+000 +2.0885e+000 -2.1316e+000 +2.9688e+000 -1.9588e+000 -2.0573e-001
1282 +1.129276388e-002 +1.129276388e-002 +2.751292764e+000 +2.751292764e+000 +2.0886e+000 -2.1342e+000 +3.0034e+000 -1.9525e+000 -2.0794e-001
1293 +8.712846050e-003 +8.712846050e-003 +2.748712846e+000 +2.748712846e+000 +2.0763e+000 -2.1339e+000 +3.1258e+000 -1.9950e+000 -2.1663e-001
1329 +8.689177024e-003 +8.689177024e-003 +2.748689177e+000 +2.748689177e+000 +2.0931e+000 -2.0673e+000 +2.9997e+000 -2.0245e+000 -1.7926e-001
1355 +7.534616760e-003 +7.534616760e-003 +2.747534617e+000 +2.747534617e+000 +2.1087e+000 -2.1025e+000 +3.0200e+000 -2.0089e+000 -1.9982e-001
1363 +6.950437377e-003 +6.950437377e-003 +2.746950437e+000 +2.746950437e+000 +2.0924e+000 -2.0858e+000 +3.0297e+000 -1.9946e+000 -1.9470e-001
1380 +5.562154186e-003 +5.562154186e-003 +2.745562154e+000 +2.745562154e+000 +2.0793e+000 -2.0905e+000 +3.0874e+000 -2.0044e+000 -1.9909e-001
1381 +5.110089932e-003 +5.110089932e-003 +2.745110090e+000 +2.745110090e+000 +2.0852e+000 -2.0544e+000 +3.0883e+000 -2.0192e+000 -1.9999e-001
1425 +4.236048843e-003 +4.236048843e-003 +2.744236049e+000 +2.744236049e+000 +2.0567e+000 -2.0860e+000 +3.0701e+000 -2.0234e+000 -1.9391e-001
1439 +3.986000044e-003 +3.986000044e-003 +2.743986000e+000 +2.743986000e+000 +2.0911e+000 -2.1010e+000 +3.0827e+000 -2.0494e+000 -2.0023e-001
1494 +3.726796938e-003 +3.726796938e-003 +2.743726797e+000 +2.743726797e+000 +2.0573e+000 -2.0800e+000 +3.0752e+000 -2.0637e+000 -1.7794e-001
1529 +3.629985178e-003 +3.629985178e-003 +2.743629985e+000 +2.743629985e+000 +2.0418e+000 -2.0878e+000 +3.0948e+000 -2.1094e+000 -2.0201e-001
1553 +3.522486606e-003 +3.522486606e-003 +2.743522487e+000 +2.743522487e+000 +2.0238e+000 -2.0977e+000 +3.1252e+000 -2.1227e+000 -2.2492e-001
1600 +2.993288787e-003 +2.993288787e-003 +2.742993289e+000 +2.742993289e+000 +2.0013e+000 -2.0749e+000 +3.1121e+000 -2.1306e+000 -1.9468e-001
1610 +2.594860017e-003 +2.594860017e-003 +2.742594860e+000 +2.742594860e+000 +1.9808e+000 -2.0855e+000 +3.1591e+000 -2.1928e+000 -2.0169e-001
1616 +1.597671256e-003 +1.597671256e-003 +2.741597671e+000 +2.741597671e+000 +1.9520e+000 -2.0716e+000 +3.1401e+000 -2.1266e+000 -1.8866e-001
1667 +1.560683569e-003 +1.560683569e-003 +2.741560684e+000 +2.741560684e+000 +1.9846e+000 -2.0870e+000 +3.1631e+000 -2.1362e+000 -1.9860e-001
1673 +1.328664777e-003 +1.328664777e-003 +2.741328665e+000 +2.741328665e+000 +1.9690e+000 -2.0984e+000 +3.1958e+000 -2.2068e+000 -1.8872e-001
1687 +1.252566124e-003 +1.252566124e-003 +2.741252566e+000 +2.741252566e+000 +1.9663e+000 -2.0834e+000 +3.1820e+000 -2.2003e+000 -1.9424e-001
1695 +9.476072786e-004 +9.476072786e-004 +2.740947607e+000 +2.740947607e+000 +1.9692e+000 -2.0841e+000 +3.1987e+000 -2.2028e+000 -1.7409e-001
1730 +9.176932339e-004 +9.176932339e-004 +2.740917693e+000 +2.740917693e+000 +1.9532e+000 -2.0585e+000 +3.1842e+000 -2.1627e+000 -1.8158e-001
1737 +9.020236335e-004 +9.020236335e-004 +2.740902024e+000 +2.740902024e+000 +1.9533e+000 -2.0677e+000 +3.2157e+000 -2.1693e+000 -1.7320e-001
1804 +8.660239249e-004 +8.660239249e-004 +2.740866024e+000 +2.740866024e+000 +1.9487e+000 -2.0518e+000 +3.1910e+000 -2.1812e+000 -1.7650e-001
1829 +8.422696082e-004 +8.422696082e-004 +2.740842270e+000 +2.740842270e+000 +1.9213e+000 -2.0577e+000 +3.1876e+000 -2.2044e+000 -1.7023e-001
1833 +7.338517831e-004 +7.338517831e-004 +2.740733852e+000 +2.740733852e+000 +1.9375e+000 -2.0330e+000 +3.2024e+000 -2.1923e+000 -1.8402e-001
1906 +6.877966707e-004 +6.877966707e-004 +2.740687797e+000 +2.740687797e+000 +1.9275e+000 -2.0494e+000 +3.2171e+000 -2.1940e+000 -1.7560e-001
1910 +6.454057077e-004 +6.454057077e-004 +2.740645406e+000 +2.740645406e+000 +1.9117e+000 -2.0410e+000 +3.2337e+000 -2.1993e+000 -1.6270e-001
1920 +6.071955070e-004 +6.071955070e-004 +2.740607196e+000 +2.740607196e+000 +1.9166e+000 -2.0517e+000 +3.2338e+000 -2.2056e+000 -1.9826e-001
1930 +4.785509631e-004 +4.785509631e-004 +2.740478551e+000 +2.740478551e+000 +1.9128e+000 -2.0402e+000 +3.2157e+000 -2.2137e+000 -1.7572e-001
1946 +3.461853162e-004 +3.461853162e-004 +2.740346185e+000 +2.740346185e+000 +1.8687e+000 -2.0504e+000 +3.2386e+000 -2.2365e+000 -1.4271e-001
1986 +2.640449170e-004 +2.640449170e-004 +2.740264045e+000 +2.740264045e+000 +1.8360e+000 -2.0401e+000 +3.2961e+000 -2.2598e+000 -1.6866e-001
2021 +2.355537096e-004 +2.355537096e-004 +2.740235554e+000 +2.740235554e+000 +1.8959e+000 -2.0437e+000 +3.2708e+000 -2.2481e+000 -1.6192e-001
2022 +1.945203606e-004 +1.945203606e-004 +2.740194520e+000 +2.740194520e+000 +1.9215e+000 -2.0474e+000 +3.3447e+000 -2.2829e+000 -1.8264e-001
2106 +1.873645428e-004 +1.873645428e-004 +2.740187365e+000 +2.740187365e+000 +1.8702e+000 -2.0459e+000 +3.3773e+000 -2.3082e+000 -1.6238e-001
2127 +1.490731734e-004 +1.490731734e-004 +2.740149073e+000 +2.740149073e+000 +1.8736e+000 -2.0465e+000 +3.3234e+000 -2.3346e+000 -1.5991e-001
2136 +7.125531557e-005 +7.125531557e-005 +2.740071255e+000 +2.740071255e+000 +1.8597e+000 -2.0217e+000 +3.3685e+000 -2.3191e+000 -1.7264e-001
2256 +5.886572318e-005 +5.886572318e-005 +2.740058866e+000 +2.740058866e+000 +1.8738e+000 -2.0358e+000 +3.3574e+000 -2.3374e+000 -1.6991e-001
2257 +5.098466094e-005 +5.098466094e-005 +2.740050985e+000 +2.740050985e+000 +1.8746e+000 -2.0325e+000 +3.3658e+000 -2.3335e+000 -1.5621e-001
2346 +4.664696082e-005 +4.664696082e-005 +2.740046647e+000 +2.740046647e+000 +1.8732e+000 -2.0336e+000 +3.3654e+000 -2.3382e+000 -1.6284e-001
2350 +4.187388350e-005 +4.187388350e-005 +2.740041874e+000 +2.740041874e+000 +1.8679e+000 -2.0202e+000 +3.3648e+000 -2.3353e+000 -1.9195e-001
2352 +4.120018471e-005 +4.120018471e-005 +2.740041200e+000 +2.740041200e+000 +1.8305e+000 -2.0314e+000 +3.3683e+000 -2.3442e+000 -1.4653e-001
2363 +3.579365623e-005 +3.579365623e-005 +2.740035794e+000 +2.740035794e+000 +1.8581e+000 -2.0291e+000 +3.3677e+000 -2.3379e+000 -1.6384e-001
2404 +3.540884859e-005 +3.540884859e-005 +2.740035409e+000 +2.740035409e+000 +1.8421e+000 -2.0290e+000 +3.3570e+000 -2.3363e+000 -1.5663e-001
2416 +2.678164808e-005 +2.678164808e-005 +2.740026782e+000 +2.740026782e+000 +1.8613e+000 -2.0198e+000 +3.3627e+000 -2.3433e+000 -1.6586e-001
2442 +2.142648966e-005 +2.142648966e-005 +2.740021426e+000 +2.740021426e+000 +1.8347e+000 -1.9973e+000 +3.3658e+000 -2.3807e+000 -1.7580e-001
% function evaluation | noise-free fitness - Fopt (-3.564000000000e+001) | best noise-free fitness - Fopt | measured fitness | best measured fitness | x1 | x2...
1 +6.419139959e+001 +6.419139959e+001 +2.855139959e+001 +2.855139959e+001 +0.0000e+000 +0.0000e+000 +0.0000e+000 +0.0000e+000 +0.0000e+000
2 +5.550445321e+001 +5.550445321e+001 +1.986445321e+001 +1.986445321e+001 -4.3086e+000 +4.6139e+000 +1.8350e+000 -4.1002e+000 -1.4768e+000
12 +5.459977315e+001 +5.459977315e+001 +1.895977315e+001 +1.895977315e+001 -4.3077e+000 +4.6132e+000 +1.8415e+000 -4.0665e+000 -1.4826e+000
38 +5.209843871e+001 +5.209843871e+001 +1.645843871e+001 +1.645843871e+001 -4.2906e+000 +4.6146e+000 +1.8402e+000 -4.1001e+000 -1.6672e+000
45 +5.077846034e+001 +5.077846034e+001 +1.513846034e+001 +1.513846034e+001 -4.1186e+000 +4.6245e+000 +1.8290e+000 -4.0704e+000 -1.5181e+000
56 +4.488751766e+001 +4.488751766e+001 +9.247517660e+000 +9.247517660e+000 -4.0183e+000 +4.6171e+000 +1.8372e+000 -4.0962e+000 -1.7574e+000
89 +4.405795273e+001 +4.405795273e+001 +8.417952726e+000 +8.417952726e+000 -4.2408e+000 +4.6285e+000 +1.8431e+000 -3.6610e+000 -1.6035e+000
105 +3.874558827e+001 +3.874558827e+001 +3.105588268e+000 +3.105588268e+000 -4.1991e+000 +4.6337e+000 +1.8450e+000 -3.6368e+000 -1.7874e+000
129 +2.335678165e+001 +2.335678165e+001 -1.228321835e+001 -1.228321835e+001 -2.1245e+000 +4.6069e+000 +1.7998e+000 -3.9065e+000 -1.8240e+000
155 +1.805880037e+001 +1.805880037e+001 -1.758119963e+001 -1.758119963e+001 -1.7472e+000 +4.6134e+000 +1.8283e+000 -3.8744e+000 -2.1423e+000
158 +1.432287221e+001 +1.432287221e+001 -2.131712779e+001 -2.131712779e+001 -2.4622e+000 +4.5904e+000 +1.8469e+000 -3.8107e+000 -2.4029e+000
272 +1.102904264e+001 +1.102904264e+001 -2.461095736e+001 -2.461095736e+001 -2.2154e+000 +4.6330e+000 +1.7693e+000 -3.8150e+000 -2.7513e+000
313 +1.044318074e+001 +1.044318074e+001 -2.519681926e+001 -2.519681926e+001 -2.1070e+000 +4.6121e+000 +1.7355e+000 -3.7984e+000 -2.7189e+000
352 +9.710377606e+000 +9.710377606e+000 -2.592962239e+001 -2.592962239e+001 -1.8438e+000 +4.5608e+000 +1.7203e+000 -3.7215e+000 -2.8005e+000
382 +9.486394624e+000 +9.486394624e+000 -2.615360538e+001 -2.615360538e+001 -1.8313e+000 +4.5447e+000 +1.6697e+000 -3.7163e+000 -2.7483e+000
408 +9.272543640e+000 +9.272543640e+000 -2.636745636e+001 -2.636745636e+001 -1.9614e+000 +4.5682e+000 +1.5929e+000 -3.7053e+000 -2.7541e+000
434 +8.936046534e+000 +8.936046534e+000 -2.670395347e+001 -2.670395347e+001 -1.8294e+000 +4.5533e+000 +1.5323e+000 -3.7157e+000 -2.6728e+000
461 +8.508656417e+000 +8.508656417e+000 -2.713134358e+001 -2.713134358e+001 -1.3487e+000 +4.5666e+000 +1.4891e+000 -3.8568e+000 -2.8799e+000
516 +7.454102803e+000 +7.454102803e+000 -2.818589720e+001 -2.818589720e+001 -1.4340e+000 +4.5695e+000 +1.1817e+000 -3.7186e+000 -2.8285e+000
608 +7.295263869e+000 +7.295263869e+000 -2.834473613e+001 -2.834473613e+001 -1.5318e+000 +4.2827e+000 +9.9255e-001 -3.6405e+000 -2.8368e+000
639 +7.196467976e+000 +7.196467976e+000 -2.844353202e+001 -2.844353202e+001 -1.5489e+000 +4.4860e+000 +7.1207e-001 -3.6923e+000 -2.8356e+000
640 +6.812338397e+000 +6.812338397e+000 -2.882766160e+001 -2.882766160e+001 -1.4778e+000 +4.5579e+000 +8.8749e-001 -3.7021e+000 -2.7765e+000
655 +6.753591651e+000 +6.753591651e+000 -2.888640835e+001 -2.888640835e+001 -1.2988e+000 +4.5627e+000 +9.9598e-001 -3.6530e+000 -2.8311e+000
663 +6.010026950e+000 +6.010026950e+000 -2.962997305e+001 -2.962997305e+001 -1.3581e+000 +4.5377e+000 +6.8865e-001 -3.6315e+000 -2.8166e+000
679 +5.691193822e+000 +5.691193822e+000 -2.994880618e+001 -2.994880618e+001 -1.2465e+000 +4.5812e+000 +3.0087e-001 -3.6532e+000 -2.8045e+000
682 +5.245347597e+000 +5.245347597e+000 -3.039465240e+001 -3.039465240e+001 -8.3308e-001 +4.6103e+000 +6.0122e-001 -3.4797e+000 -2.8139e+000
705 +4.433825732e+000 +4.433825732e+000 -3.120617427e+001 -3.120617427e+001 -1.0779e+000 +4.5557e+000 +4.9779e-001 -3.5907e+000 -2.7919e+000
706 +3.893183129e+000 +3.893183129e+000 -3.174681687e+001 -3.174681687e+001 -1.1390e+000 +4.6115e+000 +1.1462e-001 -3.5091e+000 -2.7955e+000
731 +2.641113940e+000 +2.641113940e+000 -3.299888606e+001 -3.299888606e+001 -7.2711e-001 +4.4974e+000 +1.6155e-002 -3.5568e+000 -2.7340e+000
786 +2.620270354e+000 +2.620270354e+000 -3.301972965e+001 -3.301972965e+001 -3.4308e-001 +4.5414e+000 +6.6536e-003 -3.4866e+000 -2.7835e+000
824 +2.509612278e+000 +2.509612278e+000 -3.313038772e+001 -3.313038772e+001 -7.5807e-001 +4.5584e+000 +1.8712e-002 -3.4869e+000 -2.7404e+000
849 +2.258554940e+000 +2.258554940e+000 -3.338144506e+001 -3.338144506e+001 -8.4644e-001 +4.5534e+000 -1.3113e-001 -3.4846e+000 -2.6040e+000
878 +2.157542571e+000 +2.157542571e+000 -3.348245743e+001 -3.348245743e+001 -7.2259e-001 +4.6012e+000 -1.9840e-001 -3.4214e+000 -2.6769e+000
922 +1.995427054e+000 +1.995427054e+000 -3.364457295e+001 -3.364457295e+001 -7.2492e-001 +4.5999e+000 -6.6192e-001 -3.2650e+000 -2.5186e+000
1047 +1.989839053e+000 +1.989839053e+000 -3.365016095e+001 -3.365016095e+001 -7.2993e-001 +4.7129e+000 -6.5519e-001 -3.3778e+000 -2.4230e+000
1124 +1.886581937e+000 +1.886581937e+000 -3.375341806e+001 -3.375341806e+001 -4.3627e-001 +4.5520e+000 -7.8993e-001 -3.3520e+000 -2.2961e+000
1159 +1.454333448e+000 +1.454333448e+000 -3.418566655e+001 -3.418566655e+001 -1.9074e-001 +4.8304e+000 -1.1101e+000 -3.2150e+000 -2.4054e+000
1178 +1.242171459e+000 +1.242171459e+000 -3.439782854e+001 -3.439782854e+001 -1.1989e-001 +4.7944e+000 -1.4114e+000 -3.1081e+000 -2.4124e+000
1371 +1.202710949e+000 +1.202710949e+000 -3.443728905e+001 -3.443728905e+001 -1.4759e-001 +4.8018e+000 -1.3299e+000 -3.2221e+000 -2.3552e+000
1442 +1.140147647e+000 +1.140147647e+000 -3.449985235e+001 -3.449985235e+001 -1.5095e-001 +4.8617e+000 -1.4115e+000 -3.1604e+000 -2.3338e+000
1452 +1.024850601e+000 +1.024850601e+000 -3.461514940e+001 -3.461514940e+001 +3.6444e-003 +4.7860e+000 -1.5520e+000 -3.1681e+000 -2.3171e+000
1827 +1.013665050e+000 +1.013665050e+000 -3.462633495e+001 -3.462633495e+001 +1.0185e-002 +4.7836e+000 -1.5716e+000 -3.1540e+000 -2.2983e+000
1915 +9.948279811e-001 +9.948279811e-001 -3.464517202e+001 -3.464517202e+001 +5.1121e-002 +4.7687e+000 -1.6259e+000 -3.1498e+000 -2.3150e+000
1986 +9.760484853e-001 +9.760484853e-001 -3.466395151e+001 -3.466395151e+001 +5.9262e-002 +4.8050e+000 -1.6755e+000 -3.1430e+000 -2.3063e+000
2127 +9.516556119e-001 +9.516556119e-001 -3.468834439e+001 -3.468834439e+001 +1.1365e-001 +4.8090e+000 -1.7612e+000 -3.1145e+000 -2.2967e+000
2445 +9.332385370e-001 +9.332385370e-001 -3.470676146e+001 -3.470676146e+001 +1.4004e-001 +4.8413e+000 -1.8594e+000 -3.1013e+000 -2.2508e+000
% function evaluation | noise-free fitness - Fopt (-4.590900000000e+002) | best noise-free fitness - Fopt | measured fitness | best measured fitness | x1 | x2...
1 +5.870251641e+001 +5.870251641e+001 -4.003874836e+002 -4.003874836e+002 +0.0000e+000 +0.0000e+000 +0.0000e+000 +0.0000e+000 +0.0000e+000
2 +5.752565671e+001 +5.752565671e+001 -4.015643433e+002 -4.015643433e+002 +3.4245e+000 -2.3498e+000 -1.7089e+000 +3.8572e+000 +2.9562e+000
34 +5.516335597e+001 +5.516335597e+001 -4.039266440e+002 -4.039266440e+002 +3.3460e+000 -2.3493e+000 -1.6715e+000 +3.8605e+000 +3.0063e+000
44 +5.465844081e+001 +5.465844081e+001 -4.044315592e+002 -4.044315592e+002 +3.3182e+000 -2.3516e+000 -1.7085e+000 +3.8638e+000 +2.9940e+000
88 +5.363269787e+001 +5.363269787e+001 -4.054573021e+002 -4.054573021e+002 +3.3057e+000 -2.3492e+000 -1.6665e+000 +3.8668e+000 +2.9602e+000
94 +5.079587352e+001 +5.079587352e+001 -4.082941265e+002 -4.082941265e+002 +3.2736e+000 -2.3423e+000 -1.5059e+000 +3.8615e+000 +2.8449e+000
102 +4.851861156e+001 +4.851861156e+001 -4.105713884e+002 -4.105713884e+002 +2.9303e+000 -2.3465e+000 -1.5899e+000 +3.8743e+000 +3.0813e+000
131 +4.774624285e+001 +4.774624285e+001 -4.113437572e+002 -4.113437572e+002 +3.1124e+000 -2.3501e+000 -1.5312e+000 +3.8539e+000 +2.8614e+000
137 +4.387044042e+001 +4.387044042e+001 -4.152195596e+002 -4.152195596e+002 +2.9927e+000 -2.3496e+000 -1.5367e+000 +3.8418e+000 +2.7165e+000
153 +3.793144965e+001 +3.793144965e+001 -4.211585503e+002 -4.211585503e+002 +2.8847e+000 -2.3574e+000 -1.4606e+000 +3.8698e+000 +2.4341e+000
182 +3.274625749e+001 +3.274625749e+001 -4.263437425e+002 -4.263437425e+002 +2.7603e+000 -2.3030e+000 -1.4625e+000 +3.8555e+000 +2.1062e+000
209 +3.056063680e+001 +3.056063680e+001 -4.285293632e+002 -4.285293632e+002 +1.6430e+000 -2.3490e+000 -1.6831e+000 +3.9620e+000 +1.5898e+000
217 +2.667592937e+001 +2.667592937e+001 -4.324140706e+002 -4.324140706e+002 +2.5722e+000 -2.3402e+000 -1.5780e+000 +3.9021e+000 +1.8497e+000
232 +2.614332318e+001 +2.614332318e+001 -4.329466768e+002 -4.329466768e+002 +2.3192e+000 -2.4062e+000 -1.5064e+000 +3.9343e+000 +1.7478e+000
237 +1.753807829e+001 +1.753807829e+001 -4.415519217e+002 -4.415519217e+002 +1.6976e+000 -2.3395e+000 -1.9772e+000 +3.9322e+000 +1.1752e+000
241 +1.564961230e+001 +1.564961230e+001 -4.434403877e+002 -4.434403877e+002 +1.8035e+000 -2.3091e+000 -8.9651e-001 +3.9781e+000 -6.8599e-001
254 +1.195157957e+001 +1.195157957e+001 -4.471384204e+002 -4.471384204e+002 +2.0517e+000 -2.3582e+000 -1.2680e+000 +3.8270e+000 -1.8504e-001
281 +1.143479781e+001 +1.143479781e+001 -4.476552022e+002 -4.476552022e+002 +1.9539e+000 -2.3407e+000 -1.3843e+000 +3.8474e+000 -2.1276e-001
302 +1.111019637e+001 +1.111019637e+001 -4.479798036e+002 -4.479798036e+002 +1.8075e+000 -2.3601e+000 -1.5696e+000 +3.8399e+000 -2.2236e-001
312 +1.066544288e+001 +1.066544288e+001 -4.484245571e+002 -4.484245571e+002 +1.6994e+000 -2.3521e+000 -1.5277e+000 +3.9147e+000 -4.8959e-001
339 +1.017538857e+001 +1.017538857e+001 -4.489146114e+002 -4.489146114e+002 +1.6507e+000 -2.3639e+000 -1.4870e+000 +3.6945e+000 -6.4704e-001
404 +9.944583664e+000 +9.944583664e+000 -4.491454163e+002 -4.491454163e+002 +1.5781e+000 -2.3600e+000 -1.4632e+000 +3.8155e+000 -9.9897e-001
504 +9.507359617e+000 +9.507359617e+000 -4.495826404e+002 -4.495826404e+002 +1.6872e+000 -2.3366e+000 -1.1562e+000 +3.7255e+000 -1.5574e+000
750 +9.263295355e+000 +9.263295355e+000 -4.498267046e+002 -4.498267046e+002 +1.7406e+000 -2.2802e+000 -1.0605e+000 +3.7019e+000 -1.4076e+000
815 +9.041132808e+000 +9.041132808e+000 -4.500488672e+002 -4.500488672e+002 +1.7972e+000 -2.1949e+000 -9.3900e-001 +3.7716e+000 -1.4601e+000
859 +8.852800443e+000 +8.852800443e+000 -4.502371996e+002 -4.502371996e+002 +1.7970e+000 -2.1405e+000 -8.7103e-001 +3.7584e+000 -1.6285e+000
952 +8.684947968e+000 +8.684947968e+000 -4.504050520e+002 -4.504050520e+002 +1.6506e+000 -2.0944e+000 -9.4893e-001 +3.7361e+000 -1.6583e+000
1087 +8.511347043e+000 +8.511347043e+000 -4.505786530e+002 -4.505786530e+002 +1.5335e+000 -2.0051e+000 -9.6435e-001 +3.7404e+000 -1.8598e+000
1133 +8.299993624e+000 +8.299993624e+000 -4.507900064e+002 -4.507900064e+002 +1.4105e+000 -1.8776e+000 -9.3603e-001 +3.7343e+000 -1.8071e+000
1524 +8.127949307e+000 +8.127949307e+000 -4.509620507e+002 -4.509620507e+002 +1.3987e+000 -1.7560e+000 -7.8434e-001 +3.7832e+000 -1.9873e+000
2318 +7.940624120e+000 +7.940624120e+000 -4.511493759e+002 -4.511493759e+002 +1.2168e+000 -1.5483e+000 -6.7702e-001 +3.7971e+000 -2.3639e+000
% function evaluation | noise-free fitness - Fopt (6.085000000000e+001) | best noise-free fitness - Fopt | measured fitness | best measured fitness | x1 | x2...
1 +6.278523772e+001 +6.278523772e+001 +1.236352377e+002 +1.236352377e+002 +0.0000e+000 +0.0000e+000 +0.0000e+000 +0.0000e+000 +0.0000e+000
2 +3.589041285e+001 +3.589041285e+001 +9.674041285e+001 +9.674041285e+001 -2.5130e+000 +3.9149e+000 -2.1616e+000 +2.9413e-001 -3.9269e+000
9 +3.528525960e+001 +3.528525960e+001 +9.613525960e+001 +9.613525960e+001 -2.5078e+000 +3.9325e+000 -2.1516e+000 +2.8378e-001 -3.9153e+000
45 +3.436230994e+001 +3.436230994e+001 +9.521230994e+001 +9.521230994e+001 -2.5241e+000 +3.9483e+000 -2.1013e+000 +2.9012e-001 -3.9100e+000
57 +2.785585808e+001 +2.785585808e+001 +8.870585808e+001 +8.870585808e+001 -2.4888e+000 +4.2834e+000 -1.6755e+000 +3.0837e-001 -3.0195e+000
97 +2.749157656e+001 +2.749157656e+001 +8.834157656e+001 +8.834157656e+001 -2.5044e+000 +3.9925e+000 -1.3502e+000 +3.0554e-001 -3.7889e+000
108 +2.573437034e+001 +2.573437034e+001 +8.658437034e+001 +8.658437034e+001 -2.5120e+000 +4.0237e+000 -1.1235e+000 +2.7089e-001 -3.7220e+000
114 +2.422542724e+001 +2.422542724e+001 +8.507542724e+001 +8.507542724e+001 -2.5172e+000 +5.2896e+000 -7.7005e-001 +2.8152e-001 -3.7411e+000
125 +2.374846183e+001 +2.374846183e+001 +8.459846183e+001 +8.459846183e+001 -2.5186e+000 +4.0956e+000 -1.6377e+000 -2.5048e-001 -3.3272e+000
137 +2.137030274e+001 +2.137030274e+001 +8.222030274e+001 +8.222030274e+001 -2.5790e+000 +4.5491e+000 -8.5706e-001 +1.8793e-001 -3.6715e+000
141 +1.862729694e+001 +1.862729694e+001 +7.947729694e+001 +7.947729694e+001 -2.5156e+000 +4.1488e+000 +4.2602e-001 +1.8404e-001 -3.3312e+000
157 +1.628191414e+001 +1.628191414e+001 +7.713191414e+001 +7.713191414e+001 -2.5218e+000 +2.3555e+000 +4.1190e+000 +1.0399e-001 -3.6329e+000
% function evaluation | noise-free fitness - Fopt (-1.435000000000e+002) | best noise-free fitness - Fopt | measured fitness | best measured fitness | x1 | x2...
1 +6.636973448e+001 +6.636973448e+001 -7.713026552e+001 -7.713026552e+001 +0.0000e+000 +0.0000e+000 +0.0000e+000 +0.0000e+000 +0.0000e+000
2 +1.004729732e+001 +1.004729732e+001 -1.334527027e+002 -1.334527027e+002 +4.7976e-001 -1.2020e+000 -1.9931e+000 +1.3158e+000 -2.0970e+000
32 +9.908018912e+000 +9.908018912e+000 -1.335919811e+002 -1.335919811e+002 +4.7846e-001 -1.2241e+000 -2.0031e+000 +1.3252e+000 -2.1019e+000
55 +9.764239730e+000 +9.764239730e+000 -1.337357603e+002 -1.337357603e+002 +4.6944e-001 -1.2069e+000 -2.0221e+000 +1.3185e+000 -2.1029e+000
56 +9.247505233e+000 +9.247505233e+000 -1.342524948e+002 -1.342524948e+002 +4.2433e-001 -1.2191e+000 -2.0738e+000 +1.3271e+000 -2.0850e+000
73 +9.062469450e+000 +9.062469450e+000 -1.344375305e+002 -1.344375305e+002 +4.8138e-001 -1.2009e+000 -2.2100e+000 +1.3199e+000 -2.1089e+000
96 +8.412882720e+000 +8.412882720e+000 -1.350871173e+002 -1.350871173e+002 +4.6987e-001 -1.2447e+000 -2.3988e+000 +1.3586e+000 -2.1089e+000
105 +8.141307191e+000 +8.141307191e+000 -1.353586928e+002 -1.353586928e+002 +4.4411e-001 -1.2133e+000 -2.2384e+000 +1.4404e+000 -2.1055e+000
157 +8.068570873e+000 +8.068570873e+000 -1.354314291e+002 -1.354314291e+002 +2.8647e-001 -1.4190e+000 -2.4363e+000 +1.3348e+000 -2.1220e+000
219 +7.810771093e+000 +7.810771093e+000 -1.356892289e+002 -1.356892289e+002 +2.6592e-001 -1.2073e+000 -2.2769e+000 +1.7580e+000 -2.0953e+000
228 +5.795631102e+000 +5.795631102e+000 -1.377043689e+002 -1.377043689e+002 +3.2934e-001 -1.3683e+000 -2.7205e+000 +1.6259e+000 -2.0848e+000
280 +5.692810181e+000 +5.692810181e+000 -1.378071898e+002 -1.378071898e+002 -1.1519e-001 -1.5929e+000 -2.4696e+000 +1.5613e+000 -2.0896e+000
282 +3.672872326e+000 +3.672872326e+000 -1.398271277e+002 -1.398271277e+002 +2.8560e-001 -1.5153e+000 -3.1590e+000 +1.9255e+000 -2.1221e+000
462 +3.609826994e+000 +3.609826994e+000 -1.398901730e+002 -1.398901730e+002 -1.5546e-002 -1.7029e+000 -2.9765e+000 +1.8283e+000 -2.2034e+000
570 +3.534883683e+000 +3.534883683e+000 -1.399651163e+002 -1.399651163e+002 +2.9914e-002 -1.7094e+000 -3.0199e+000 +1.8535e+000 -2.2338e+000
663 +3.428972222e+000 +3.428972222e+000 -1.400710278e+002 -1.400710278e+002 +6.5031e-003 -1.8066e+000 -3.0626e+000 +1.8385e+000 -2.2872e+000
717 +3.379186040e+000 +3.379186040e+000 -1.401208140e+002 -1.401208140e+002 +6.9600e-002 -1.7969e+000 -3.1359e+000 +1.8452e+000 -2.2965e+000
873 +3.303186524e+000 +3.303186524e+000 -1.401968135e+002 -1.401968135e+002 +7.8350e-002 -1.8782e+000 -3.1854e+000 +1.8501e+000 -2.3579e+000
1211 +3.234789357e+000 +3.234789357e+000 -1.402652106e+002 -1.402652106e+002 +1.3065e-001 -1.9865e+000 -3.2427e+000 +1.8385e+000 -2.4462e+000
% function evaluation | noise-free fitness - Fopt (9.465100000000e+002) | best noise-free fitness - Fopt | measured fitness | best measured fitness | x1 | x2...
1 +3.926232692e+001 +3.926232692e+001 +9.857723269e+002 +9.857723269e+002 +0.0000e+000 +0.0000e+000 +0.0000e+000 +0.0000e+000 +0.0000e+000
305 +2.795440382e+001 +2.795440382e+001 +9.744644038e+002 +9.744644038e+002 -4.5522e+000 +1.2434e+000 +2.7063e+000 -2.4769e+000 -4.3388e+000
605 +2.161527267e+001 +2.161527267e+001 +9.681252727e+002 +9.681252727e+002 -4.0308e+000 -7.7025e-001 +3.1333e+000 -2.5866e+000 +3.3790e+000
655 +1.470059061e+001 +1.470059061e+001 +9.612105906e+002 +9.612105906e+002 -4.0141e+000 -9.8569e-001 +3.2584e+000 -3.1098e+000 +3.8110e+000
684 +1.435003716e+001 +1.435003716e+001 +9.608600372e+002 +9.608600372e+002 -3.6921e+000 -7.2717e-001 +3.2879e+000 -2.6905e+000 +4.6170e+000
693 +1.327117671e+001 +1.327117671e+001 +9.597811767e+002 +9.597811767e+002 -3.8976e+000 -8.4820e-001 +3.1097e+000 -2.9100e+000 +4.1169e+000
699 +1.138222801e+001 +1.138222801e+001 +9.578922280e+002 +9.578922280e+002 -4.1328e+000 -1.6327e+000 +3.3864e+000 -2.6674e+000 +4.0870e+000
703 +1.067889547e+001 +1.067889547e+001 +9.571888955e+002 +9.571888955e+002 -3.8435e+000 -1.7410e+000 +3.2486e+000 -2.6192e+000 +4.3079e+000
782 +1.046439710e+001 +1.046439710e+001 +9.569743971e+002 +9.569743971e+002 -3.7601e+000 -1.8464e+000 +2.9134e+000 -2.7043e+000 +4.5422e+000
805 +1.015466538e+001 +1.015466538e+001 +9.566646654e+002 +9.566646654e+002 -4.0452e+000 -1.5520e+000 +3.2302e+000 -2.7279e+000 +4.3842e+000
935 +9.971665547e+000 +9.971665547e+000 +9.564816655e+002 +9.564816655e+002 -3.9832e+000 -1.6709e+000 +3.1916e+000 -2.6692e+000 +4.6133e+000
