% function evaluation | noise-free fitness - Fopt (2.997000000000e+001) | best noise-free fitness - Fopt | measured fitness | best measured fitness | x1 | x2...
1 +7.202573670e+002 +7.202573670e+002 +7.502273670e+002 +7.502273670e+002 +0.0000e+000 +0.0000e+000 +0.0000e+000
211 +6.880743347e+002 +6.880743347e+002 +7.180443347e+002 +7.180443347e+002 -4.1588e+000 +4.2922e+000 -5.6168e+000
219 +6.633639247e+002 +6.633639247e+002 +6.933339247e+002 +6.933339247e+002 -4.2246e+000 +2.5939e+000 -5.8131e+000
224 +6.401103109e+002 +6.401103109e+002 +6.700803109e+002 +6.700803109e+002 -4.2177e+000 +2.9491e+000 -6.2904e+000
233 +6.231295176e+002 +6.231295176e+002 +6.530995176e+002 +6.530995176e+002 -3.8847e+000 +4.2238e+000 -5.9262e+000
235 +4.858630173e+002 +4.858630173e+002 +5.158330173e+002 +5.158330173e+002 -2.9389e+000 +2.7893e+000 -5.2107e+000
246 +4.698052301e+002 +4.698052301e+002 +4.997752301e+002 +4.997752301e+002 -3.6911e+000 +4.4087e+000 -8.2668e+000
255 +3.381069523e+002 +3.381069523e+002 +3.680769523e+002 +3.680769523e+002 -1.9864e+000 +1.4242e+000 -4.8436e+000
275 +2.545454846e+002 +2.545454846e+002 +2.845154846e+002 +2.845154846e+002 -2.4210e+000 +2.9917e+000 -8.0012e+000
334 +2.497545284e+002 +2.497545284e+002 +2.797245284e+002 +2.797245284e+002 -2.1051e+000 +1.9900e+000 -6.3727e+000
351 +2.339235378e+002 +2.339235378e+002 +2.638935378e+002 +2.638935378e+002 -1.9358e+000 +2.3252e+000 -6.3699e+000
356 +2.131205121e+002 +2.131205121e+002 +2.430905121e+002 +2.430905121e+002 -1.9148e+000 +2.1767e+000 -7.4402e+000
363 +1.998382523e+002 +1.998382523e+002 +2.298082523e+002 +2.298082523e+002 -1.8514e+000 +1.6889e+000 -6.8958e+000
366 +1.942641839e+002 +1.942641839e+002 +2.242341839e+002 +2.242341839e+002 -1.9355e+000 +2.4090e+000 -6.9342e+000
377 +1.722120672e+002 +1.722120672e+002 +2.021820672e+002 +2.021820672e+002 -1.6688e+000 +1.8094e+000 -7.0360e+000
400 +1.576878995e+002 +1.576878995e+002 +1.876578995e+002 +1.876578995e+002 -1.7154e+000 +2.0071e+000 -6.7814e+000
425 +1.546117177e+002 +1.546117177e+002 +1.845817177e+002 +1.845817177e+002 -1.7368e+000 +2.0188e+000 -6.8986e+000
429 +1.428029210e+002 +1.428029210e+002 +1.727729210e+002 +1.727729210e+002 -1.4222e+000 +1.7401e+000 -6.3340e+000
437 +1.389394796e+002 +1.389394796e+002 +1.689094796e+002 +1.689094796e+002 -1.5663e+000 +2.0323e+000 -6.8669e+000
468 +1.337100369e+002 +1.337100369e+002 +1.636800369e+002 +1.636800369e+002 -1.5431e+000 +1.9576e+000 -6.8874e+000
470 +1.262201591e+002 +1.262201591e+002 +1.561901591e+002 +1.561901591e+002 -1.4715e+000 +1.7138e+000 -6.7594e+000
509 +1.244342782e+002 +1.244342782e+002 +1.544042782e+002 +1.544042782e+002 -1.5363e+000 +1.8518e+000 -6.7971e+000
552 +1.230057538e+002 +1.230057538e+002 +1.529757538e+002 +1.529757538e+002 -1.5314e+000 +1.8630e+000 -6.8108e+000
% function evaluation | noise-free fitness - Fopt (-5.171000000000e+001) | best noise-free fitness - Fopt | measured fitness | best measured fitness | x1 | x2...
1 +9.345492948e+002 +9.345492948e+002 +8.828392948e+002 +8.828392948e+002 +0.0000e+000 +0.0000e+000 +0.0000e+000
2 +6.245151504e+002 +6.245151504e+002 +5.728051504e+002 +5.728051504e+002 -3.2226e+000 +3.6134e+000 -1.0574e+000
37 +6.154620039e+002 +6.154620039e+002 +5.637520039e+002 +5.637520039e+002 -3.2103e+000 +3.6350e+000 -1.1058e+000
86 +5.997122288e+002 +5.997122288e+002 +5.480022288e+002 +5.480022288e+002 -3.0634e+000 +3.6701e+000 -1.1242e+000
100 +5.864342690e+002 +5.864342690e+002 +5.347242690e+002 +5.347242690e+002 -3.1489e+000 +4.0371e+000 -1.1122e+000
108 +5.574167935e+002 +5.574167935e+002 +5.057067935e+002 +5.057067935e+002 -3.1044e+000 +4.3014e+000 -1.2335e+000
115 +5.166121615e+002 +5.166121615e+002 +4.649021615e+002 +4.649021615e+002 -7.9080e-001 +3.0286e+000 -1.0064e+000
135 +4.986955962e+002 +4.986955962e+002 +4.469855962e+002 +4.469855962e+002 -1.1435e+000 +3.8452e+000 -1.1556e+000
139 +4.645745468e+002 +4.645745468e+002 +4.128645468e+002 +4.128645468e+002 -1.0629e+000 +3.8505e+000 -1.3230e+000
146 +3.675077512e+002 +3.675077512e+002 +3.157977512e+002 +3.157977512e+002 -7.3270e-001 +3.2655e+000 -3.8423e+000
152 +2.025871767e+002 +2.025871767e+002 +1.508771767e+002 +1.508771767e+002 -5.0715e-002 +3.4251e+000 -3.0848e+000
162 +6.601888443e+001 +6.601888443e+001 +1.430888443e+001 +1.430888443e+001 +1.7114e+000 +3.3971e+000 -3.0946e+000
187 +4.091813471e+001 +4.091813471e+001 -1.079186529e+001 -1.079186529e+001 +1.1807e+000 +3.6174e+000 -3.4969e+000
222 +3.024038018e+001 +3.024038018e+001 -2.146961982e+001 -2.146961982e+001 +1.3418e+000 +3.8286e+000 -3.6306e+000
226 +2.269097286e+001 +2.269097286e+001 -2.901902714e+001 -2.901902714e+001 +1.2190e+000 +3.6709e+000 -3.4404e+000
250 +1.261815321e+001 +1.261815321e+001 -3.909184679e+001 -3.909184679e+001 +1.2716e+000 +3.7095e+000 -3.5309e+000
299 +8.968228345e+000 +8.968228345e+000 -4.274177165e+001 -4.274177165e+001 +1.3883e+000 +3.7079e+000 -3.5350e+000
320 +8.413237952e+000 +8.413237952e+000 -4.329676205e+001 -4.329676205e+001 +1.1903e+000 +3.7970e+000 -3.5267e+000
349 +4.486421591e+000 +4.486421591e+000 -4.722357841e+001 -4.722357841e+001 +1.2951e+000 +3.7257e+000 -3.5006e+000
368 +4.224975389e+000 +4.224975389e+000 -4.748502461e+001 -4.748502461e+001 +1.3213e+000 +3.7084e+000 -3.5035e+000
386 +2.820380242e+000 +2.820380242e+000 -4.888961976e+001 -4.888961976e+001 +1.3389e+000 +3.7079e+000 -3.5052e+000
507 +2.752378792e+000 +2.752378792e+000 -4.895762121e+001 -4.895762121e+001 +1.3381e+000 +3.7081e+000 -3.5047e+000
611 +2.681732858e+000 +2.681732858e+000 -4.902826714e+001 -4.902826714e+001 +1.3366e+000 +3.7084e+000 -3.5045e+000
% function evaluation | noise-free fitness - Fopt (-2.799500000000e+002) | best noise-free fitness - Fopt | measured fitness | best measured fitness | x1 | x2...
1 +1.696773180e+003 +1.696773180e+003 +1.416823180e+003 +1.416823180e+003 +0.0000e+000 +0.0000e+000 +0.0000e+000
97 +1.599086952e+003 +1.599086952e+003 +1.319136952e+003 +1.319136952e+003 +6.5164e-001 -1.2800e+000 -1.0964e+000
104 +1.442438849e+003 +1.442438849e+003 +1.162488849e+003 +1.162488849e+003 +5.4173e-001 -2.8174e+000 -2.2449e+000
112 +1.089413274e+003 +1.089413274e+003 +8.094632737e+002 +8.094632737e+002 +9.3942e-001 -1.0973e+001 -1.3838e+000
115 +8.526219679e+002 +8.526219679e+002 +5.726719679e+002 +5.726719679e+002 +5.5943e-001 -4.8669e+000 -1.6006e+000
119 +8.332591418e+002 +8.332591418e+002 +5.533091418e+002 +5.533091418e+002 +3.6640e-001 -5.5444e+000 -2.3002e+000
122 +6.813218751e+002 +6.813218751e+002 +4.013718751e+002 +4.013718751e+002 +5.8388e-001 -5.6385e+000 -1.5975e+000
124 +2.685863333e+002 +2.685863333e+002 -1.136366671e+001 -1.136366671e+001 +1.6050e+000 -7.4677e+000 -7.6619e-001
132 +2.613445713e+002 +2.613445713e+002 -1.860542871e+001 -1.860542871e+001 +7.9192e-001 -7.4532e+000 -1.4158e+000
154 +2.467838384e+002 +2.467838384e+002 -3.316616157e+001 -3.316616157e+001 +6.4218e-002 -7.7513e+000 -7.8196e-001
174 +2.276112460e+002 +2.276112460e+002 -5.233875405e+001 -5.233875405e+001 +1.0631e+000 -7.1226e+000 -3.1392e-001
190 +1.724625093e+002 +1.724625093e+002 -1.074874907e+002 -1.074874907e+002 +4.0338e-001 -6.9332e+000 -3.8751e-001
204 +1.440942479e+002 +1.440942479e+002 -1.358557521e+002 -1.358557521e+002 -1.3093e-001 -6.3946e+000 +5.3488e-001
217 +9.741277258e+001 +9.741277258e+001 -1.825372274e+002 -1.825372274e+002 -5.6301e-001 -6.3921e+000 +4.0290e-001
235 +9.016670471e+001 +9.016670471e+001 -1.897832953e+002 -1.897832953e+002 -6.2128e-001 -6.4156e+000 +3.5940e-001
280 +8.079604332e+001 +8.079604332e+001 -1.991539567e+002 -1.991539567e+002 -6.7357e-001 -6.4946e+000 +2.3454e-001
484 +7.899733690e+001 +7.899733690e+001 -2.009526631e+002 -2.009526631e+002 -6.4360e-001 -6.6076e+000 +1.0576e-001
% function evaluation | noise-free fitness - Fopt (9.319900000000e+002) | best noise-free fitness - Fopt | measured fitness | best measured fitness | x1 | x2...
1 +3.905578211e+002 +3.905578211e+002 +1.322547821e+003 +1.322547821e+003 +0.0000e+000 +0.0000e+000 +0.0000e+000
208 +2.989621565e+002 +2.989621565e+002 +1.230952157e+003 +1.230952157e+003 +1.3051e-001 -1.7691e+000 +8.8744e-001
238 +2.452863805e+002 +2.452863805e+002 +1.177276381e+003 +1.177276381e+003 +8.8390e-002 +4.8967e-001 +2.4958e+000
255 +2.386348358e+002 +2.386348358e+002 +1.170624836e+003 +1.170624836e+003 +5.7386e-001 -3.7476e-001 +9.6277e-001
259 +7.680588607e+001 +7.680588607e+001 +1.008795886e+003 +1.008795886e+003 +8.4455e-001 -1.3668e-001 +2.5054e+000
288 +7.404808180e+001 +7.404808180e+001 +1.006038082e+003 +1.006038082e+003 +1.3319e+000 +4.4438e-001 +2.3699e+000
301 +5.945324765e+001 +5.945324765e+001 +9.914432476e+002 +9.914432476e+002 +9.0027e-001 +3.4712e-001 +2.7521e+000
324 +5.543931918e+001 +5.543931918e+001 +9.874293192e+002 +9.874293192e+002 +1.2847e+000 +1.3344e+000 +2.7700e+000
329 +2.841785542e+001 +2.841785542e+001 +9.604078554e+002 +9.604078554e+002 +1.3277e+000 +1.1538e+000 +2.8210e+000
342 +1.563503549e+001 +1.563503549e+001 +9.476250355e+002 +9.476250355e+002 +1.3390e+000 +1.0268e+000 +2.8181e+000
348 +1.486121141e+001 +1.486121141e+001 +9.468512114e+002 +9.468512114e+002 +1.4257e+000 +9.2682e-001 +2.9178e+000
363 +8.750395027e+000 +8.750395027e+000 +9.407403950e+002 +9.407403950e+002 +1.3821e+000 +9.0992e-001 +2.8594e+000
366 +2.602113659e+000 +2.602113659e+000 +9.345921137e+002 +9.345921137e+002 +1.3714e+000 +9.8410e-001 +2.8899e+000
393 +1.641288723e+000 +1.641288723e+000 +9.336312887e+002 +9.336312887e+002 +1.3885e+000 +9.8985e-001 +2.9104e+000
395 +1.416126226e+000 +1.416126226e+000 +9.334061262e+002 +9.334061262e+002 +1.4275e+000 +1.1024e+000 +2.8720e+000
404 +8.097255338e-001 +8.097255338e-001 +9.327997255e+002 +9.327997255e+002 +1.3779e+000 +9.8158e-001 +2.8968e+000
444 +7.911981722e-001 +7.911981722e-001 +9.327811982e+002 +9.327811982e+002 +1.3678e+000 +9.4378e-001 +2.9102e+000
470 +2.269612299e-001 +2.269612299e-001 +9.322169612e+002 +9.322169612e+002 +1.3772e+000 +9.7492e-001 +2.9047e+000
507 +2.075334716e-001 +2.075334716e-001 +9.321975335e+002 +9.321975335e+002 +1.3830e+000 +9.8665e-001 +2.9007e+000
528 +1.460202219e-001 +1.460202219e-001 +9.321360202e+002 +9.321360202e+002 +1.3836e+000 +9.8919e-001 +2.8997e+000
536 +1.215296165e-001 +1.215296165e-001 +9.321115296e+002 +9.321115296e+002 +1.3831e+000 +9.8820e-001 +2.8993e+000
539 +1.158109903e-001 +1.158109903e-001 +9.321058110e+002 +9.321058110e+002 +1.3835e+000 +9.8902e-001 +2.8990e+000
552 +1.003635401e-001 +1.003635401e-001 +9.320903635e+002 +9.320903635e+002 +1.3834e+000 +9.8827e-001 +2.8994e+000
561 +9.086875096e-002 +9.086875096e-002 +9.320808688e+002 +9.320808688e+002 +1.3835e+000 +9.8874e-001 +2.8993e+000
635 +8.779015946e-002 +8.779015946e-002 +9.320777902e+002 +9.320777902e+002 +1.3836e+000 +9.8898e-001 +2.8991e+000
648 +8.705683441e-002 +8.705683441e-002 +9.320770568e+002 +9.320770568e+002 +1.3836e+000 +9.8898e-001 +2.8991e+000
670 +8.150032863e-002 +8.150032863e-002 +9.320715003e+002 +9.320715003e+002 +1.3836e+000 +9.8898e-001 +2.8992e+000
% function evaluation | noise-free fitness - Fopt (1.133100000000e+002) | best noise-free fitness - Fopt | measured fitness | best measured fitness | x1 | x2...
1 +7.209444707e+002 +7.209444707e+002 +8.342544707e+002 +8.342544707e+002 +0.0000e+000 +0.0000e+000 +0.0000e+000
91 +7.055653221e+002 +7.055653221e+002 +8.188753221e+002 +8.188753221e+002 +4.6958e+000 -2.6847e+000 +2.7937e+000
92 +5.450724587e+002 +5.450724587e+002 +6.583824587e+002 +6.583824587e+002 +3.0073e+000 -2.6810e+000 +3.0823e+000
114 +5.030696152e+002 +5.030696152e+002 +6.163796152e+002 +6.163796152e+002 +2.4006e+000 -2.6327e+000 +4.0890e+000
127 +4.924313255e+002 +4.924313255e+002 +6.057413255e+002 +6.057413255e+002 +2.6269e+000 -2.5599e+000 +4.0760e+000
128 +4.608711495e+002 +4.608711495e+002 +5.741811495e+002 +5.741811495e+002 +2.1116e+000 -2.5464e+000 +5.0914e+000
141 +4.552528865e+002 +4.552528865e+002 +5.685628865e+002 +5.685628865e+002 +2.0435e+000 -2.4288e+000 +4.7805e+000
171 +4.242025970e+002 +4.242025970e+002 +5.375125970e+002 +5.375125970e+002 +1.9970e+000 -2.3565e+000 +5.3656e+000
196 +3.933010523e+002 +3.933010523e+002 +5.066110523e+002 +5.066110523e+002 +1.8698e+000 -2.2928e+000 +6.1620e+000
197 +3.410173026e+002 +3.410173026e+002 +4.543273026e+002 +4.543273026e+002 +2.6941e+000 -1.3464e+000 +4.0552e+000
232 +3.289825265e+002 +3.289825265e+002 +4.422925265e+002 +4.422925265e+002 +2.2095e+000 -1.6175e+000 +4.7396e+000
246 +2.986372358e+002 +2.986372358e+002 +4.119472358e+002 +4.119472358e+002 +2.0850e+000 -1.2718e+000 +5.2677e+000
253 +2.572901103e+002 +2.572901103e+002 +3.706001103e+002 +3.706001103e+002 +1.7229e+000 -7.7386e-001 +5.1943e+000
269 +2.442312119e+002 +2.442312119e+002 +3.575412119e+002 +3.575412119e+002 +1.5153e+000 -8.7971e-002 +4.9111e+000
279 +2.235084403e+002 +2.235084403e+002 +3.368184403e+002 +3.368184403e+002 +1.8627e+000 -7.2818e-001 +4.3319e+000
302 +1.711359588e+002 +1.711359588e+002 +2.844459588e+002 +2.844459588e+002 +1.8401e+000 -2.2634e-001 +4.3471e+000
327 +1.180182805e+002 +1.180182805e+002 +2.313282805e+002 +2.313282805e+002 +1.9227e+000 +4.8974e-001 +3.1707e+000
439 +1.162566392e+002 +1.162566392e+002 +2.295666392e+002 +2.295666392e+002 +1.9476e+000 +2.2555e-001 +3.7110e+000
453 +1.131780028e+002 +1.131780028e+002 +2.264880028e+002 +2.264880028e+002 +1.9540e+000 +2.5773e-001 +3.6681e+000
469 +1.117893019e+002 +1.117893019e+002 +2.250993019e+002 +2.250993019e+002 +1.9511e+000 +2.8398e-001 +3.6467e+000
500 +1.092145183e+002 +1.092145183e+002 +2.225245183e+002 +2.225245183e+002 +1.9576e+000 +3.4164e-001 +3.6197e+000
516 +1.070280135e+002 +1.070280135e+002 +2.203380135e+002 +2.203380135e+002 +1.9698e+000 +3.1453e-001 +3.6035e+000
540 +9.914275062e+001 +9.914275062e+001 +2.124527506e+002 +2.124527506e+002 +2.0021e+000 +4.3869e-001 +3.4432e+000
637 +9.749149265e+001 +9.749149265e+001 +2.108014926e+002 +2.108014926e+002 +1.9798e+000 +4.3887e-001 +3.4728e+000
% function evaluation | noise-free fitness - Fopt (-2.095500000000e+002) | best noise-free fitness - Fopt | measured fitness | best measured fitness | x1 | x2...
1 +9.434242678e+002 +9.434242678e+002 +7.338742678e+002 +7.338742678e+002 +0.0000e+000 +0.0000e+000 +0.0000e+000
2 +6.768927449e+002 +6.768927449e+002 +4.673427449e+002 +4.673427449e+002 -2.6126e+000 +5.7861e-002 -1.5017e-002
14 +6.731618996e+002 +6.731618996e+002 +4.636118996e+002 +4.636118996e+002 -2.5958e+000 +8.4320e-002 -2.6487e-002
49 +6.569448806e+002 +6.569448806e+002 +4.473948806e+002 +4.473948806e+002 -2.6965e+000 +6.3618e-002 -3.7281e-001
54 +6.304907025e+002 +6.304907025e+002 +4.209407025e+002 +4.209407025e+002 -3.0082e+000 +9.0366e-002 -3.0399e-001
66 +6.107386122e+002 +6.107386122e+002 +4.011886122e+002 +4.011886122e+002 -2.7532e+000 +3.0915e-001 -3.1240e-001
67 +4.862868167e+002 +4.862868167e+002 +2.767368167e+002 +2.767368167e+002 -4.0919e+000 +4.5835e-001 -6.7949e-001
78 +4.682969155e+002 +4.682969155e+002 +2.587469155e+002 +2.587469155e+002 -3.7897e+000 +6.5943e-001 -5.9391e-001
101 +3.784225045e+002 +3.784225045e+002 +1.688725045e+002 +1.688725045e+002 -4.9426e+000 +7.1913e-001 -3.5948e+000
110 +2.967773788e+002 +2.967773788e+002 +8.722737882e+001 +8.722737882e+001 -3.9631e+000 +1.3131e+000 -2.7266e+000
116 +1.877445469e+002 +1.877445469e+002 -2.180545314e+001 -2.180545314e+001 -2.9337e+000 +2.3713e+000 -5.7058e+000
129 +7.762055739e+001 +7.762055739e+001 -1.319294426e+002 -1.319294426e+002 -2.9585e+000 +3.0765e+000 -5.6636e+000
168 +5.972150204e+001 +5.972150204e+001 -1.498284980e+002 -1.498284980e+002 -3.2523e+000 +2.9355e+000 -4.5505e+000
189 +5.001301711e+001 +5.001301711e+001 -1.595369829e+002 -1.595369829e+002 -2.9658e+000 +3.2485e+000 -4.8299e+000
190 +4.871537906e+001 +4.871537906e+001 -1.608346209e+002 -1.608346209e+002 -2.8584e+000 +2.9932e+000 -4.6063e+000
201 +2.899995168e+001 +2.899995168e+001 -1.805500483e+002 -1.805500483e+002 -3.0135e+000 +3.0335e+000 -4.1944e+000
206 +1.909867771e+001 +1.909867771e+001 -1.904513223e+002 -1.904513223e+002 -2.9786e+000 +3.0785e+000 -3.6407e+000
214 +1.466372613e+001 +1.466372613e+001 -1.948862739e+002 -1.948862739e+002 -3.0232e+000 +3.1052e+000 -3.2009e+000
247 +4.008628868e+000 +4.008628868e+000 -2.055413711e+002 -2.055413711e+002 -3.0986e+000 +3.1282e+000 -3.1166e+000
255 +3.672344232e+000 +3.672344232e+000 -2.058776558e+002 -2.058776558e+002 -3.0865e+000 +3.1651e+000 -3.2512e+000
277 +2.334620326e+000 +2.334620326e+000 -2.072153797e+002 -2.072153797e+002 -3.1399e+000 +3.1367e+000 -2.9849e+000
289 +2.234885102e+000 +2.234885102e+000 -2.073151149e+002 -2.073151149e+002 -3.0686e+000 +3.1457e+000 -3.2207e+000
303 +1.991060485e+000 +1.991060485e+000 -2.075589395e+002 -2.075589395e+002 -3.0789e+000 +3.1595e+000 -3.2581e+000
317 +2.723608611e-001 +2.723608611e-001 -2.092776391e+002 -2.092776391e+002 -3.0597e+000 +3.1541e+000 -3.3168e+000
348 +2.302248600e-001 +2.302248600e-001 -2.093197751e+002 -2.093197751e+002 -3.0623e+000 +3.1534e+000 -3.3069e+000
431 +2.057334431e-001 +2.057334431e-001 -2.093442666e+002 -2.093442666e+002 -3.0602e+000 +3.1540e+000 -3.3180e+000
443 +1.737666971e-001 +1.737666971e-001 -2.093762333e+002 -2.093762333e+002 -3.0607e+000 +3.1543e+000 -3.3177e+000
465 +1.605604813e-001 +1.605604813e-001 -2.093894395e+002 -2.093894395e+002 -3.0602e+000 +3.1543e+000 -3.3204e+000
498 +1.578992714e-001 +1.578992714e-001 -2.093921007e+002 -2.093921007e+002 -3.0602e+000 +3.1542e+000 -3.3205e+000
499 +1.525730969e-001 +1.525730969e-001 -2.093974269e+002 -2.093974269e+002 -3.0596e+000 +3.1542e+000 -3.3235e+000
653 +1.508040981e-001 +1.508040981e-001 -2.093991959e+002 -2.093991959e+002 -3.0604e+000 +3.1542e+000 -3.3182e+000
655 +1.428385881e-001 +1.428385881e-001 -2.094071614e+002 -2.094071614e+002 -3.0606e+000 +3.1542e+000 -3.3177e+000
687 +1.410443796e-001 +1.410443796e-001 -2.094089556e+002 -2.094089556e+002 -3.0607e+000 +3.1541e+000 -3.3173e+000
713 +1.373007216e-001 +1.373007216e-001 -2.094126993e+002 -2.094126993e+002 -3.0607e+000 +3.1541e+000 -3.3171e+000
834 +1.339003155e-001 +1.339003155e-001 -2.094160997e+002 -2.094160997e+002 -3.0607e+000 +3.1541e+000 -3.3173e+000
% function evaluation | noise-free fitness - Fopt (2.850000000000e+000) | best noise-free fitness - Fopt | measured fitness | best measured fitness | x1 | x2...
1 +3.939670502e+002 +3.939670502e+002 +3.968170502e+002 +3.968170502e+002 +0.0000e+000 +0.0000e+000 +0.0000e+000
322 +3.778871404e+002 +3.778871404e+002 +3.807371404e+002 +3.807371404e+002 +3.1988e+000 +4.4697e+000 -1.8527e+000
334 +3.567903931e+002 +3.567903931e+002 +3.596403931e+002 +3.596403931e+002 +4.2274e+000 +4.4348e+000 -1.3664e+000
345 +3.314533542e+002 +3.314533542e+002 +3.343033542e+002 +3.343033542e+002 +4.8035e+000 +4.4684e+000 -8.2170e-001
352 +2.401657801e+002 +2.401657801e+002 +2.430157801e+002 +2.430157801e+002 +4.3919e+000 +4.4582e+000 -3.8313e-001
377 +1.854348650e+002 +1.854348650e+002 +1.882848650e+002 +1.882848650e+002 +4.7771e+000 +4.4599e+000 +2.0092e-001
395 +1.571579865e+002 +1.571579865e+002 +1.600079865e+002 +1.600079865e+002 +5.3132e+000 +4.4490e+000 +6.6685e-001
414 +1.506641585e+002 +1.506641585e+002 +1.535141585e+002 +1.535141585e+002 +4.6785e+000 +4.4496e+000 +6.7283e-001
418 +1.166497790e+002 +1.166497790e+002 +1.194997790e+002 +1.194997790e+002 +5.0571e+000 +4.4569e+000 +1.0145e+000
459 +1.072925351e+002 +1.072925351e+002 +1.101425351e+002 +1.101425351e+002 +5.1768e+000 +4.4651e+000 +1.1954e+000
468 +7.662657836e+001 +7.662657836e+001 +7.947657836e+001 +7.947657836e+001 +5.7114e+000 +4.4722e+000 +1.5345e+000
485 +7.572136374e+001 +7.572136374e+001 +7.857136374e+001 +7.857136374e+001 +5.5402e+000 +4.4586e+000 +1.3782e+000
505 +7.390468895e+001 +7.390468895e+001 +7.675468895e+001 +7.675468895e+001 +5.6659e+000 +4.4614e+000 +1.4811e+000
564 +6.999003613e+001 +6.999003613e+001 +7.284003613e+001 +7.284003613e+001 +5.6097e+000 +4.4640e+000 +1.4889e+000
567 +6.777952085e+001 +6.777952085e+001 +7.062952085e+001 +7.062952085e+001 +5.6414e+000 +4.4636e+000 +1.4982e+000
579 +6.741258198e+001 +6.741258198e+001 +7.026258198e+001 +7.026258198e+001 +5.6410e+000 +4.4636e+000 +1.4932e+000
% function evaluation | noise-free fitness - Fopt (1.975200000000e+002) | best noise-free fitness - Fopt | measured fitness | best measured fitness | x1 | x2...
1 +5.309843495e+002 +5.309843495e+002 +7.285043495e+002 +7.285043495e+002 +0.0000e+000 +0.0000e+000 +0.0000e+000
88 +5.162760521e+002 +5.162760521e+002 +7.137960521e+002 +7.137960521e+002 -1.3650e+000 +2.1902e+000 -3.8559e+000
108 +4.982715066e+002 +4.982715066e+002 +6.957915066e+002 +6.957915066e+002 -3.1814e-001 +2.2153e+000 -4.6108e+000
110 +4.416716649e+002 +4.416716649e+002 +6.391916649e+002 +6.391916649e+002 -3.6744e-001 +2.1755e+000 -3.7850e+000
117 +3.376784765e+002 +3.376784765e+002 +5.351984765e+002 +5.351984765e+002 +2.9240e-001 +1.4680e+000 -3.7784e+000
138 +3.257354355e+002 +3.257354355e+002 +5.232554355e+002 +5.232554355e+002 -1.1160e+000 +1.3024e+000 -3.3165e+000
142 +2.518464680e+002 +2.518464680e+002 +4.493664680e+002 +4.493664680e+002 -3.5181e-001 +1.0719e+000 -3.5036e+000
152 +1.876681469e+002 +1.876681469e+002 +3.851881469e+002 +3.851881469e+002 -1.0519e+000 +6.5334e-001 -2.7978e+000
158 +8.469912449e+001 +8.469912449e+001 +2.822191245e+002 +2.822191245e+002 -2.4171e-001 -1.6968e-001 -3.4079e+000
197 +5.300661990e+001 +5.300661990e+001 +2.505266199e+002 +2.505266199e+002 -3.2169e-001 -5.2605e-001 -2.9486e+000
208 +4.468613914e+001 +4.468613914e+001 +2.422061391e+002 +2.422061391e+002 +1.1899e-001 -2.4571e-001 -3.1769e+000
213 +2.153480451e+001 +2.153480451e+001 +2.190548045e+002 +2.190548045e+002 -1.1503e-001 -2.8206e-001 -3.1724e+000
234 +1.058844246e+001 +1.058844246e+001 +2.081084425e+002 +2.081084425e+002 -1.1803e-001 -2.9322e-001 -3.0849e+000
244 +4.596772476e+000 +4.596772476e+000 +2.021167725e+002 +2.021167725e+002 -1.0264e-001 -3.2697e-001 -3.0643e+000
276 +3.629654309e+000 +3.629654309e+000 +2.011496543e+002 +2.011496543e+002 -4.0574e-002 -3.5356e-001 -3.1425e+000
328 +2.081805109e+000 +2.081805109e+000 +1.996018051e+002 +1.996018051e+002 -1.0600e-001 -3.4993e-001 -3.0763e+000
560 +9.438509504e-001 +9.438509504e-001 +1.984638510e+002 +1.984638510e+002 -9.6164e-002 -3.4948e-001 -3.0767e+000
604 +7.612246492e-001 +7.612246492e-001 +1.982812246e+002 +1.982812246e+002 -9.8538e-002 -3.5145e-001 -3.0698e+000
628 +6.409323006e-001 +6.409323006e-001 +1.981609323e+002 +1.981609323e+002 -1.0149e-001 -3.5088e-001 -3.0666e+000
642 +4.723763726e-001 +4.723763726e-001 +1.979923764e+002 +1.979923764e+002 -1.0035e-001 -3.5166e-001 -3.0730e+000
647 +4.168398402e-001 +4.168398402e-001 +1.979368398e+002 +1.979368398e+002 -1.0353e-001 -3.5048e-001 -3.0683e+000
662 +1.911348632e-001 +1.911348632e-001 +1.977111349e+002 +1.977111349e+002 -9.9643e-002 -3.5278e-001 -3.0713e+000
686 +5.503369241e-002 +5.503369241e-002 +1.975750337e+002 +1.975750337e+002 -1.0010e-001 -3.5337e-001 -3.0710e+000
748 +5.029314888e-002 +5.029314888e-002 +1.975702931e+002 +1.975702931e+002 -1.0002e-001 -3.5347e-001 -3.0711e+000
786 +3.951636397e-002 +3.951636397e-002 +1.975595164e+002 +1.975595164e+002 -1.0036e-001 -3.5331e-001 -3.0708e+000
806 +3.496136294e-002 +3.496136294e-002 +1.975549614e+002 +1.975549614e+002 -1.0038e-001 -3.5336e-001 -3.0708e+000
882 +3.367563543e-002 +3.367563543e-002 +1.975536756e+002 +1.975536756e+002 -1.0062e-001 -3.5326e-001 -3.0704e+000
896 +3.250078012e-002 +3.250078012e-002 +1.975525008e+002 +1.975525008e+002 -1.0058e-001 -3.5328e-001 -3.0705e+000
1022 +3.201719551e-002 +3.201719551e-002 +1.975520172e+002 +1.975520172e+002 -1.0062e-001 -3.5327e-001 -3.0704e+000
% function evaluation | noise-free fitness - Fopt (-1.052700000000e+002) | best noise-free fitness - Fopt | measured fitness | best measured fitness | x1 | x2...
1 +3.290862118e+002 +3.290862118e+002 +2.238162118e+002 +2.238162118e+002 +0.0000e+000 +0.0000e+000 +0.0000e+000
269 +5.829396517e+001 +5.829396517e+001 -4.697603483e+001 -4.697603483e+001 -1.8502e-001 -2.2108e+000 -2.1920e+000
347 +3.380935683e+001 +3.380935683e+001 -7.146064317e+001 -7.146064317e+001 +1.0488e+000 -9.6973e-001 -2.0127e+000
358 +1.726011650e+001 +1.726011650e+001 -8.800988350e+001 -8.800988350e+001 +2.2011e+000 +4.4927e-001 -2.0440e+000
372 +1.645502561e+001 +1.645502561e+001 -8.881497439e+001 -8.881497439e+001 +1.1619e+000 -8.8269e-001 -2.0986e+000
396 +1.619846052e+001 +1.619846052e+001 -8.907153948e+001 -8.907153948e+001 +8.7670e-001 -1.1363e+000 -2.2051e+000
451 +9.395982248e+000 +9.395982248e+000 -9.587401775e+001 -9.587401775e+001 +8.5900e-001 -1.2726e+000 -2.2454e+000
473 +8.582447500e+000 +8.582447500e+000 -9.668755250e+001 -9.668755250e+001 +9.1167e-001 -1.2251e+000 -2.1941e+000
475 +8.242514524e+000 +8.242514524e+000 -9.702748548e+001 -9.702748548e+001 +8.9954e-001 -1.2354e+000 -2.1947e+000
487 +7.777696220e+000 +7.777696220e+000 -9.749230378e+001 -9.749230378e+001 +8.7191e-001 -1.2386e+000 -2.1855e+000
490 +7.105184160e+000 +7.105184160e+000 -9.816481584e+001 -9.816481584e+001 +8.9861e-001 -1.2174e+000 -2.1892e+000
506 +5.679890165e+000 +5.679890165e+000 -9.959010983e+001 -9.959010983e+001 +8.6516e-001 -1.2324e+000 -2.2071e+000
512 +4.948890593e+000 +4.948890593e+000 -1.003211094e+002 -1.003211094e+002 +9.1244e-001 -1.2250e+000 -2.2157e+000
514 +4.646853650e+000 +4.646853650e+000 -1.006231464e+002 -1.006231464e+002 +8.6819e-001 -1.2367e+000 -2.2022e+000
528 +4.354345625e+000 +4.354345625e+000 -1.009156544e+002 -1.009156544e+002 +8.7406e-001 -1.2545e+000 -2.2097e+000
529 +3.625781369e+000 +3.625781369e+000 -1.016442186e+002 -1.016442186e+002 +8.8070e-001 -1.2307e+000 -2.2071e+000
547 +3.161086727e+000 +3.161086727e+000 -1.021089133e+002 -1.021089133e+002 +8.8137e-001 -1.2416e+000 -2.2117e+000
633 +3.015440254e+000 +3.015440254e+000 -1.022545597e+002 -1.022545597e+002 +8.8600e-001 -1.2330e+000 -2.2118e+000
752 +2.928832165e+000 +2.928832165e+000 -1.023411678e+002 -1.023411678e+002 +8.7988e-001 -1.2414e+000 -2.2119e+000
784 +2.867949861e+000 +2.867949861e+000 -1.024020501e+002 -1.024020501e+002 +8.8068e-001 -1.2407e+000 -2.2122e+000
% function evaluation | noise-free fitness - Fopt (2.833400000000e+002) | best noise-free fitness - Fopt | measured fitness | best measured fitness | x1 | x2...
1 +6.949197721e+002 +6.949197721e+002 +9.782597721e+002 +9.782597721e+002 +0.0000e+000 +0.0000e+000 +0.0000e+000
74 +3.224496291e+002 +3.224496291e+002 +6.057896291e+002 +6.057896291e+002 -1.9681e+000 +6.2495e-001 +7.6076e-001
86 +2.714664748e+002 +2.714664748e+002 +5.548064748e+002 +5.548064748e+002 -2.7155e+000 -1.4098e-001 +4.9641e-001
94 +2.073973516e+002 +2.073973516e+002 +4.907373516e+002 +4.907373516e+002 -2.8824e+000 +3.9980e-001 +5.5147e-001
98 +1.763401925e+002 +1.763401925e+002 +4.596801925e+002 +4.596801925e+002 -3.1645e+000 +5.7144e-001 +5.3006e-001
136 +1.650448600e+002 +1.650448600e+002 +4.483848600e+002 +4.483848600e+002 -3.4306e+000 +4.6849e-001 +6.4789e-001
162 +1.375414480e+002 +1.375414480e+002 +4.208814480e+002 +4.208814480e+002 -3.6770e+000 +5.4106e-002 +1.0977e+000
163 +1.213889273e+002 +1.213889273e+002 +4.047289273e+002 +4.047289273e+002 -3.5796e+000 -1.8989e-001 +1.5078e+000
177 +1.137655280e+002 +1.137655280e+002 +3.971055280e+002 +3.971055280e+002 -3.8058e+000 -7.5140e-002 +1.3631e+000
181 +9.533361815e+001 +9.533361815e+001 +3.786736181e+002 +3.786736181e+002 -3.7304e+000 -4.2242e-002 +1.5235e+000
193 +7.962527510e+001 +7.962527510e+001 +3.629652751e+002 +3.629652751e+002 -3.8128e+000 -1.1846e-001 +1.7233e+000
195 +4.410725294e+001 +4.410725294e+001 +3.274472529e+002 +3.274472529e+002 -3.9447e+000 +2.3095e-001 +1.7194e+000
204 +3.228351383e+001 +3.228351383e+001 +3.156235138e+002 +3.156235138e+002 -4.0726e+000 -6.1737e-002 +2.0266e+000
249 +2.802643015e+001 +2.802643015e+001 +3.113664302e+002 +3.113664302e+002 -4.5404e+000 -6.2436e-001 +2.7509e+000
258 +1.151924170e+001 +1.151924170e+001 +2.948592417e+002 +2.948592417e+002 -3.9577e+000 +6.3758e-001 +1.7707e+000
289 +1.070626194e+001 +1.070626194e+001 +2.940462619e+002 +2.940462619e+002 -4.2057e+000 +6.3177e-002 +2.2369e+000
312 +1.006800123e+001 +1.006800123e+001 +2.934080012e+002 +2.934080012e+002 -4.1452e+000 +2.3611e-001 +2.0938e+000
313 +6.731240654e+000 +6.731240654e+000 +2.900712407e+002 +2.900712407e+002 -4.1236e+000 +1.5595e-001 +2.1428e+000
327 +4.736334649e+000 +4.736334649e+000 +2.880763346e+002 +2.880763346e+002 -4.1402e+000 +1.6790e-001 +2.1199e+000
328 +4.272301527e+000 +4.272301527e+000 +2.876123015e+002 +2.876123015e+002 -4.1284e+000 +1.7804e-001 +2.1217e+000
332 +3.293436831e+000 +3.293436831e+000 +2.866334368e+002 +2.866334368e+002 -4.1275e+000 +1.4242e-001 +2.1236e+000
368 +2.773645868e+000 +2.773645868e+000 +2.861136459e+002 +2.861136459e+002 -4.1362e+000 +1.4260e-001 +2.1245e+000
380 +2.730738077e+000 +2.730738077e+000 +2.860707381e+002 +2.860707381e+002 -4.1331e+000 +1.4280e-001 +2.1221e+000
381 +2.257580634e+000 +2.257580634e+000 +2.855975806e+002 +2.855975806e+002 -4.1335e+000 +1.4359e-001 +2.1254e+000
422 +2.223753228e+000 +2.223753228e+000 +2.855637532e+002 +2.855637532e+002 -4.1331e+000 +1.4508e-001 +2.1256e+000
441 +2.148202514e+000 +2.148202514e+000 +2.854882025e+002 +2.854882025e+002 -4.1336e+000 +1.4477e-001 +2.1257e+000
477 +2.136283241e+000 +2.136283241e+000 +2.854762832e+002 +2.854762832e+002 -4.1336e+000 +1.4485e-001 +2.1256e+000
% function evaluation | noise-free fitness - Fopt (-8.171000000000e+001) | best noise-free fitness - Fopt | measured fitness | best measured fitness | x1 | x2...
1 +8.880090601e+002 +8.880090601e+002 +8.062990601e+002 +8.062990601e+002 +0.0000e+000 +0.0000e+000 +0.0000e+000
257 +7.892268236e+002 +7.892268236e+002 +7.075168236e+002 +7.075168236e+002 +5.3833e-002 -9.5252e-001 +1.4164e+000
266 +5.991147844e+002 +5.991147844e+002 +5.174047844e+002 +5.174047844e+002 -5.5917e-003 +1.3256e+000 +1.1936e+000
281 +5.841097383e+002 +5.841097383e+002 +5.023997383e+002 +5.023997383e+002 -1.1396e+000 -1.4642e-001 +1.6916e+000
282 +4.317837561e+002 +4.317837561e+002 +3.500737561e+002 +3.500737561e+002 -1.4921e+000 +1.1810e+000 +1.4273e+000
288 +2.292905470e+002 +2.292905470e+002 +1.475805470e+002 +1.475805470e+002 -6.2000e+000 +2.6045e+000 +1.0772e+000
302 +2.070327196e+002 +2.070327196e+002 +1.253227196e+002 +1.253227196e+002 -7.9398e+000 +1.9801e+000 +1.6421e+000
303 +1.390322024e+002 +1.390322024e+002 +5.732220237e+001 +5.732220237e+001 -5.2922e+000 +2.6764e+000 +1.7173e+000
312 +1.006651405e+002 +1.006651405e+002 +1.895514046e+001 +1.895514046e+001 -3.7943e+000 +1.9642e+000 +2.0081e+000
318 +8.575172673e+001 +8.575172673e+001 +4.041726735e+000 +4.041726735e+000 -6.7521e+000 +2.1954e+000 +1.5524e+000
322 +6.058640285e+001 +6.058640285e+001 -2.112359715e+001 -2.112359715e+001 -6.0827e+000 +2.1270e+000 +1.7636e+000
325 +4.488768140e+001 +4.488768140e+001 -3.682231860e+001 -3.682231860e+001 -4.5876e+000 +2.0554e+000 +2.0300e+000
336 +4.057527946e+001 +4.057527946e+001 -4.113472054e+001 -4.113472054e+001 -5.2367e+000 +2.3181e+000 +1.8701e+000
349 +1.900158087e+001 +1.900158087e+001 -6.270841913e+001 -6.270841913e+001 -4.5788e+000 +2.2024e+000 +2.0357e+000
377 +1.851395195e+001 +1.851395195e+001 -6.319604805e+001 -6.319604805e+001 -4.8166e+000 +2.2534e+000 +2.0700e+000
380 +1.633112036e+001 +1.633112036e+001 -6.537887964e+001 -6.537887964e+001 -4.7138e+000 +2.2877e+000 +2.1012e+000
387 +8.872482122e+000 +8.872482122e+000 -7.283751788e+001 -7.283751788e+001 -4.6198e+000 +2.2902e+000 +2.0737e+000
411 +7.619395946e+000 +7.619395946e+000 -7.409060405e+001 -7.409060405e+001 -4.6439e+000 +2.2456e+000 +2.0741e+000
423 +3.710099554e+000 +3.710099554e+000 -7.799990045e+001 -7.799990045e+001 -4.6456e+000 +2.2645e+000 +2.0723e+000
459 +3.608262891e+000 +3.608262891e+000 -7.810173711e+001 -7.810173711e+001 -4.6488e+000 +2.2620e+000 +2.0703e+000
531 +3.494683370e+000 +3.494683370e+000 -7.821531663e+001 -7.821531663e+001 -4.6509e+000 +2.2623e+000 +2.0682e+000
572 +3.327523019e+000 +3.327523019e+000 -7.838247698e+001 -7.838247698e+001 -4.6417e+000 +2.2637e+000 +2.0719e+000
701 +3.309644464e+000 +3.309644464e+000 -7.840035554e+001 -7.840035554e+001 -4.6413e+000 +2.2640e+000 +2.0722e+000
% function evaluation | noise-free fitness - Fopt (2.941500000000e+002) | best noise-free fitness - Fopt | measured fitness | best measured fitness | x1 | x2...
1 +6.369328823e+002 +6.369328823e+002 +9.310828823e+002 +9.310828823e+002 +0.0000e+000 +0.0000e+000 +0.0000e+000
113 +3.964727411e+002 +3.964727411e+002 +6.906227411e+002 +6.906227411e+002 +2.1748e+000 +9.8520e-001 -3.5229e+000
124 +3.885113921e+002 +3.885113921e+002 +6.826613921e+002 +6.826613921e+002 +3.6232e+000 +9.7682e-001 -3.5271e+000
125 +3.543160108e+002 +3.543160108e+002 +6.484660108e+002 +6.484660108e+002 +3.2863e+000 +1.0109e+000 -3.5238e+000
143 +3.413721856e+002 +3.413721856e+002 +6.355221856e+002 +6.355221856e+002 +2.8069e+000 +1.1219e+000 -3.5234e+000
156 +3.354723267e+002 +3.354723267e+002 +6.296223267e+002 +6.296223267e+002 +2.7855e+000 +1.3285e+000 -3.5223e+000
160 +3.266395512e+002 +3.266395512e+002 +6.207895512e+002 +6.207895512e+002 +2.8584e+000 +1.5085e+000 -3.5239e+000
167 +2.859840110e+002 +2.859840110e+002 +5.801340110e+002 +5.801340110e+002 +3.2353e+000 +2.2498e+000 -3.5231e+000
169 +2.728262282e+002 +2.728262282e+002 +5.669762282e+002 +5.669762282e+002 +3.4750e+000 +2.1702e+000 -3.5218e+000
204 +2.175962035e+002 +2.175962035e+002 +5.117462035e+002 +5.117462035e+002 +4.0621e+000 +3.0753e+000 -3.5284e+000
218 +1.856651994e+002 +1.856651994e+002 +4.798151994e+002 +4.798151994e+002 +4.2873e+000 +3.7330e+000 -3.5260e+000
219 +1.753122206e+002 +1.753122206e+002 +4.694622206e+002 +4.694622206e+002 +4.4300e+000 +3.8105e+000 -3.5238e+000
238 +9.820795851e+001 +9.820795851e+001 +3.923579585e+002 +3.923579585e+002 +5.7045e+000 +6.1417e+000 -3.5340e+000
257 +9.241661612e+001 +9.241661612e+001 +3.865666161e+002 +3.865666161e+002 +5.4348e+000 +5.6402e+000 -3.5326e+000
268 +6.542261436e+001 +6.542261436e+001 +3.595726144e+002 +3.595726144e+002 +5.6471e+000 +5.7583e+000 -3.5226e+000
467 +6.337729225e+001 +6.337729225e+001 +3.575272922e+002 +3.575272922e+002 +5.4941e+000 +5.5382e+000 -3.4319e+000
518 +6.222445776e+001 +6.222445776e+001 +3.563744578e+002 +3.563744578e+002 +5.5394e+000 +5.6023e+000 -3.4495e+000
524 +6.134014674e+001 +6.134014674e+001 +3.554901467e+002 +3.554901467e+002 +5.4577e+000 +5.5000e+000 -3.3872e+000
527 +4.987452313e+001 +4.987452313e+001 +3.440245231e+002 +3.440245231e+002 +5.5470e+000 +5.5791e+000 -3.3669e+000
% function evaluation | noise-free fitness - Fopt (-2.703600000000e+002) | best noise-free fitness - Fopt | measured fitness | best measured fitness | x1 | x2...
1 +2.254888047e+002 +2.254888047e+002 -4.487119533e+001 -4.487119533e+001 +0.0000e+000 +0.0000e+000 +0.0000e+000
274 +2.221161460e+002 +2.221161460e+002 -4.824385398e+001 -4.824385398e+001 +1.0897e+000 -4.8505e-001 +1.7573e+000
289 +2.148023253e+002 +2.148023253e+002 -5.555767469e+001 -5.555767469e+001 +1.0715e+000 -5.6644e-001 +1.8198e+000
292 +2.124584055e+002 +2.124584055e+002 -5.790159445e+001 -5.790159445e+001 +1.0471e+000 -5.1652e-001 +1.7307e+000
297 +2.004584560e+002 +2.004584560e+002 -6.990154403e+001 -6.990154403e+001 +1.0902e+000 -6.3504e-001 +1.6706e+000
324 +1.959013849e+002 +1.959013849e+002 -7.445861509e+001 -7.445861509e+001 +1.0594e+000 -6.8531e-001 +1.5753e+000
337 +1.939814207e+002 +1.939814207e+002 -7.637857925e+001 -7.637857925e+001 +1.0613e+000 -6.6036e-001 +1.6448e+000
% function evaluation | noise-free fitness - Fopt (-6.645000000000e+001) | best noise-free fitness - Fopt | measured fitness | best measured fitness | x1 | x2...
1 +5.612135093e+002 +5.612135093e+002 +4.947635093e+002 +4.947635093e+002 +0.0000e+000 +0.0000e+000 +0.0000e+000
109 +5.417293577e+002 +5.417293577e+002 +4.752793577e+002 +4.752793577e+002 +2.9501e+000 +1.5248e+000 +3.5514e+000
115 +5.122750080e+002 +5.122750080e+002 +4.458250080e+002 +4.458250080e+002 +1.7467e+000 +1.8392e+000 +3.7185e+000
116 +3.001153142e+002 +3.001153142e+002 +2.336653142e+002 +2.336653142e+002 +2.6127e+000 +1.5252e+000 -1.8071e+000
146 +2.742389304e+002 +2.742389304e+002 +2.077889304e+002 +2.077889304e+002 +1.1017e+000 +1.6478e+000 -2.5623e-001
147 +1.299182720e+002 +1.299182720e+002 +6.346827200e+001 +6.346827200e+001 +1.7265e+000 +1.6170e+000 +1.9023e-001
174 +8.052690459e+001 +8.052690459e+001 +1.407690459e+001 +1.407690459e+001 +1.9867e+000 +1.6641e+000 +8.2403e-002
194 +6.190149587e+001 +6.190149587e+001 -4.548504135e+000 -4.548504135e+000 +1.8100e+000 +1.6496e+000 -7.5363e-001
205 +3.704408212e+001 +3.704408212e+001 -2.940591788e+001 -2.940591788e+001 +1.9557e+000 +1.6636e+000 -7.1426e-001
208 +3.376609571e+001 +3.376609571e+001 -3.268390429e+001 -3.268390429e+001 +1.8988e+000 +1.5835e+000 -4.8091e-001
228 +1.374439677e+001 +1.374439677e+001 -5.270560323e+001 -5.270560323e+001 +1.9651e+000 +1.6703e+000 -5.2420e-001
377 +1.340222287e+001 +1.340222287e+001 -5.304777713e+001 -5.304777713e+001 +1.9698e+000 +1.6899e+000 -5.0563e-001
428 +1.309086208e+001 +1.309086208e+001 -5.335913792e+001 -5.335913792e+001 +1.9690e+000 +1.6866e+000 -5.0536e-001
% function evaluation | noise-free fitness - Fopt (2.509000000000e+001) | best noise-free fitness - Fopt | measured fitness | best measured fitness | x1 | x2...
1 +8.563842623e+002 +8.563842623e+002 +8.814742623e+002 +8.814742623e+002 +0.0000e+000 +0.0000e+000 +0.0000e+000
116 +6.524418793e+002 +6.524418793e+002 +6.775318793e+002 +6.775318793e+002 -5.0372e-001 -3.7487e+000 +2.3303e+000
122 +6.341086490e+002 +6.341086490e+002 +6.591986490e+002 +6.591986490e+002 -7.9645e-001 -5.1531e+000 +3.8749e+000
125 +2.969711326e+002 +2.969711326e+002 +3.220611326e+002 +3.220611326e+002 +6.5015e-001 -6.1794e+000 +3.3673e+000
137 +2.760533479e+002 +2.760533479e+002 +3.011433479e+002 +3.011433479e+002 +1.4774e+000 -4.4695e+000 +3.1595e+000
169 +2.612188472e+002 +2.612188472e+002 +2.863088472e+002 +2.863088472e+002 +6.4911e-001 -6.9199e+000 +2.8417e+000
241 +2.538654008e+002 +2.538654008e+002 +2.789554008e+002 +2.789554008e+002 +7.3712e-001 -5.9111e+000 +2.7691e+000
246 +2.364690987e+002 +2.364690987e+002 +2.615590987e+002 +2.615590987e+002 +8.2242e-001 -5.8996e+000 +2.8552e+000
250 +2.230992526e+002 +2.230992526e+002 +2.481892526e+002 +2.481892526e+002 +1.0143e+000 -4.4843e+000 +2.7042e+000
258 +2.146905475e+002 +2.146905475e+002 +2.397805475e+002 +2.397805475e+002 +1.1804e+000 -4.8875e+000 +2.8826e+000
278 +2.056124642e+002 +2.056124642e+002 +2.307024642e+002 +2.307024642e+002 +9.9833e-001 -5.6948e+000 +2.7212e+000
310 +1.976434623e+002 +1.976434623e+002 +2.227334623e+002 +2.227334623e+002 +1.1132e+000 -5.1225e+000 +2.7192e+000
382 +1.946635411e+002 +1.946635411e+002 +2.197535411e+002 +2.197535411e+002 +1.1762e+000 -4.9061e+000 +2.7206e+000
392 +1.594984620e+002 +1.594984620e+002 +1.845884620e+002 +1.845884620e+002 +1.3011e+000 -5.0730e+000 +2.3871e+000
426 +1.553551569e+002 +1.553551569e+002 +1.804451569e+002 +1.804451569e+002 +1.2964e+000 -4.9981e+000 +2.3848e+000
428 +1.447834708e+002 +1.447834708e+002 +1.698734708e+002 +1.698734708e+002 +1.2960e+000 -4.9939e+000 +2.2059e+000
480 +1.431865216e+002 +1.431865216e+002 +1.682765216e+002 +1.682765216e+002 +1.3302e+000 -4.9028e+000 +2.2981e+000
485 +1.345583335e+002 +1.345583335e+002 +1.596483335e+002 +1.596483335e+002 +1.3566e+000 -4.9306e+000 +2.2109e+000
597 +1.316702854e+002 +1.316702854e+002 +1.567602854e+002 +1.567602854e+002 +1.3573e+000 -4.9165e+000 +2.1853e+000
619 +1.287310067e+002 +1.287310067e+002 +1.538210067e+002 +1.538210067e+002 +1.3736e+000 -4.8525e+000 +2.1826e+000
725 +1.243267606e+002 +1.243267606e+002 +1.494167606e+002 +1.494167606e+002 +1.4082e+000 -4.7273e+000 +2.1543e+000
886 +1.228982753e+002 +1.228982753e+002 +1.479882753e+002 +1.479882753e+002 +1.4115e+000 -4.7334e+000 +2.1422e+000
1608 +1.197814057e+002 +1.197814057e+002 +1.448714057e+002 +1.448714057e+002 +1.4371e+000 -4.6538e+000 +2.1208e+000
1871 +1.174543149e+002 +1.174543149e+002 +1.425443149e+002 +1.425443149e+002 +1.4504e+000 -4.6085e+000 +2.1043e+000
2223 +1.147643716e+002 +1.147643716e+002 +1.398543716e+002 +1.398543716e+002 +1.4673e+000 -4.5596e+000 +2.0828e+000
